11 13 0
12 410 0
15 137 0
45 1253 0
46 444 0
74 289 0
75 163 0
85 459 0
95 1098 0
132 1337 0
144 928 0
152 520 0
162 736 0
168 947 0
179 1406 0
203 577 0
211 903 0
219 1387 0
222 326 0
225 642 0
227 1416 0
234 870 0
235 944 0
247 1259 0
278 657 0
314 746 0
314 429 0
321 1021 0
339 812 0
356 1418 0
356 724 0
401 720 0
407 770 0
408 419 0
427 1355 0
444 934 0
444 642 0
449 1016 0
452 1383 0
456 1153 0
467 1127 0
472 1055 0
483 1447 0
507 1171 0
550 555 0
565 829 0
586 932 0
595 829 0
607 967 0
691 1135 0
692 734 0
695 817 0
701 1350 0
730 1112 0
742 974 0
749 1295 0
784 791 0
801 1428 0
809 977 0
818 1297 0
831 1118 0
842 1269 0
844 1016 0
870 1203 0
871 1462 0
918 1001 0
946 1095 0
1000 1160 0
1014 1166 0
1020 1266 0
1024 1151 0
1034 1270 0
1042 1221 0
1063 1373 0
1064 1338 0
1068 1226 0
1099 1444 0
1103 1108 0
1120 1414 0
1181 1252 0
1198 1285 0
1280 1474 0
1298 1466 0
10 1114 1
10 1157 1
19 603 1
20 873 1
30 1047 1
33 1227 1
41 473 1
42 269 1
45 625 1
55 580 1
71 603 1
105 865 1
109 334 1
124 1193 1
128 456 1
140 1267 1
142 440 1
147 237 1
156 1127 1
162 533 1
178 322 1
182 990 1
195 1215 1
206 1275 1
229 622 1
243 1251 1
258 338 1
270 520 1
286 777 1
290 735 1
290 1397 1
333 382 1
364 615 1
391 469 1
406 799 1
409 946 1
425 806 1
431 1320 1
464 474 1
464 1200 1
470 1251 1
476 1043 1
504 983 1
530 1437 1
544 1295 1
546 605 1
583 1059 1
627 699 1
643 724 1
658 752 1
740 1425 1
746 1358 1
767 1025 1
769 1010 1
778 1204 1
793 1072 1
844 1017 1
846 1195 1
904 1030 1
906 1365 1
919 1392 1
930 1212 1
944 1216 1
949 975 1
964 1337 1
982 1138 1
1133 1253 1
1189 1464 1
1262 1290 1
1262 1301 1
1311 1447 1
0 1109 2
5 414 2
7 475 2
8 186 2
13 687 2
13 833 2
19 1019 2
26 1174 2
48 383 2
58 1015 2
69 1137 2
69 688 2
76 199 2
77 111 2
78 420 2
82 1123 2
98 1175 2
108 790 2
112 1097 2
118 894 2
123 1319 2
161 1329 2
166 1434 2
167 652 2
169 344 2
187 855 2
198 896 2
230 858 2
233 593 2
255 1255 2
256 1345 2
258 307 2
259 945 2
266 269 2
268 1223 2
269 305 2
270 403 2
278 1184 2
287 499 2
294 1334 2
300 1412 2
308 837 2
311 1307 2
315 1021 2
337 353 2
340 1257 2
348 1097 2
352 417 2
352 1210 2
352 686 2
354 598 2
388 539 2
390 773 2
395 422 2
396 451 2
399 1166 2
401 832 2
424 581 2
426 1364 2
430 628 2
435 850 2
450 866 2
452 1085 2
457 642 2
465 1461 2
466 985 2
467 927 2
471 725 2
476 1476 2
479 816 2
524 864 2
529 877 2
542 891 2
542 758 2
543 573 2
549 824 2
550 1139 2
551 849 2
566 1148 2
592 1361 2
607 1144 2
609 801 2
671 1203 2
684 1408 2
699 1189 2
703 1279 2
715 1265 2
726 1238 2
727 1312 2
731 1317 2
745 925 2
758 1399 2
782 1269 2
807 1064 2
813 1259 2
820 1340 2
822 851 2
842 1342 2
851 1047 2
872 1413 2
881 1176 2
887 1239 2
906 1255 2
935 1415 2
945 1284 2
996 1036 2
997 1156 2
1010 1234 2
1027 1434 2
1032 1305 2
1061 1359 2
1071 1270 2
1098 1268 2
1127 1445 2
1134 1236 2
1139 1423 2
1140 1164 2
1177 1273 2
1207 1310 2
1208 1252 2
1222 1335 2
1239 1253 2
1271 1313 2
1450 1474 2
0 205 3
6 1188 3
7 1112 3
9 399 3
11 1089 3
17 1396 3
26 169 3
40 767 3
47 827 3
73 1157 3
83 1361 3
85 306 3
93 410 3
97 716 3
98 610 3
99 1181 3
123 229 3
126 1258 3
130 368 3
162 725 3
163 1013 3
172 720 3
185 813 3
187 566 3
193 223 3
202 960 3
215 843 3
225 1471 3
268 440 3
304 696 3
305 598 3
335 767 3
350 589 3
357 769 3
371 740 3
382 1154 3
399 1042 3
429 1169 3
431 1166 3
457 985 3
469 1381 3
480 1447 3
499 747 3
502 915 3
505 812 3
506 1358 3
512 568 3
520 1342 3
525 1249 3
531 904 3
533 536 3
557 931 3
567 1237 3
567 590 3
570 576 3
572 756 3
581 1410 3
586 1288 3
589 682 3
590 871 3
602 963 3
633 949 3
635 1365 3
658 1108 3
670 1298 3
671 1460 3
674 1423 3
681 697 3
712 1340 3
714 821 3
722 1317 3
727 1147 3
734 1035 3
742 968 3
751 1408 3
766 840 3
777 1239 3
816 908 3
868 1422 3
871 1321 3
900 1337 3
914 1083 3
928 1134 3
964 1477 3
976 1426 3
1007 1354 3
1020 1410 3
1038 1308 3
1059 1082 3
1098 1259 3
1125 1188 3
1135 1332 3
1217 1282 3
7 758 4
10 856 4
23 361 4
29 1308 4
31 1405 4
33 389 4
34 1410 4
38 679 4
39 490 4
39 341 4
44 625 4
52 194 4
57 1450 4
70 517 4
81 223 4
82 1065 4
84 716 4
115 1304 4
126 491 4
145 1175 4
151 714 4
170 580 4
177 1418 4
184 689 4
192 826 4
193 346 4
197 382 4
197 1296 4
210 628 4
218 1343 4
249 993 4
255 398 4
270 1076 4
273 978 4
277 979 4
297 1170 4
300 1416 4
310 1421 4
311 1197 4
317 652 4
322 927 4
345 608 4
346 931 4
349 1219 4
362 1014 4
363 972 4
390 750 4
392 1058 4
395 752 4
411 1091 4
437 684 4
470 1295 4
479 636 4
496 1384 4
540 1474 4
595 1436 4
599 992 4
607 1044 4
607 1208 4
642 954 4
664 1453 4
677 1263 4
705 1072 4
706 984 4
710 1183 4
712 1479 4
714 1431 4
738 928 4
754 1148 4
768 1110 4
786 1384 4
812 1038 4
878 1008 4
887 1405 4
913 1035 4
936 960 4
941 1206 4
948 1174 4
959 1106 4
976 1189 4
994 1439 4
1023 1298 4
1050 1206 4
1057 1232 4
1059 1438 4
1075 1401 4
1118 1389 4
1152 1405 4
1180 1243 4
1194 1471 4
1242 1440 4
1291 1352 4
16 667 5
20 336 5
24 204 5
50 1192 5
57 209 5
67 660 5
84 1164 5
84 919 5
85 277 5
94 415 5
118 769 5
160 162 5
168 178 5
168 858 5
182 406 5
192 314 5
226 229 5
232 327 5
239 812 5
240 1187 5
245 322 5
255 792 5
255 1161 5
262 774 5
263 824 5
268 1170 5
269 872 5
273 650 5
305 1401 5
311 701 5
318 700 5
324 913 5
347 1353 5
357 1044 5
361 1221 5
404 638 5
409 683 5
415 866 5
417 1245 5
426 638 5
436 1442 5
454 1364 5
496 829 5
551 589 5
553 655 5
575 712 5
594 793 5
606 699 5
610 949 5
613 1338 5
625 1296 5
627 1079 5
636 887 5
639 1243 5
704 1037 5
738 1185 5
746 1197 5
768 1312 5
800 851 5
812 1305 5
827 907 5
840 1048 5
913 1279 5
922 1028 5
974 1316 5
1010 1422 5
1050 1417 5
1052 1206 5
1092 1333 5
1100 1279 5
1285 1322 5
76 1253 6
97 821 6
163 482 6
164 840 6
170 845 6
187 1005 6
188 1075 6
189 843 6
210 1036 6
228 702 6
251 666 6
260 352 6
262 278 6
263 278 6
265 299 6
308 553 6
311 1086 6
325 1250 6
355 679 6
374 1194 6
419 708 6
447 754 6
479 1270 6
509 1187 6
603 640 6
672 1406 6
693 882 6
698 1279 6
745 755 6
753 1354 6
789 1372 6
846 935 6
882 1194 6
972 1357 6
1025 1180 6
1106 1374 6
1120 1425 6
4 1179 7
6 1193 7
28 848 7
40 792 7
42 1020 7
43 1075 7
80 708 7
98 1339 7
111 1176 7
180 622 7
188 511 7
191 1174 7
217 865 7
261 719 7
320 1102 7
323 1227 7
346 1282 7
350 1113 7
374 724 7
402 1268 7
436 767 7
490 1262 7
602 1206 7
602 1389 7
688 1038 7
776 1380 7
778 1032 7
791 1186 7
886 1162 7
975 1456 7
1106 1273 7
1166 1289 7
1227 1281 7
1451 1462 7
4 204 8
10 509 8
11 304 8
12 784 8
17 119 8
53 1120 8
72 1215 8
73 1019 8
75 807 8
81 767 8
84 1306 8
91 769 8
91 555 8
97 1124 8
97 1435 8
122 375 8
164 186 8
181 973 8
187 888 8
190 1001 8
213 922 8
225 466 8
227 1263 8
240 306 8
247 1133 8
252 1127 8
268 563 8
271 1136 8
288 1398 8
294 295 8
311 1391 8
312 427 8
326 1368 8
327 459 8
359 366 8
406 1405 8
417 1178 8
431 1148 8
448 1178 8
451 797 8
453 1344 8
489 1094 8
498 607 8
559 1090 8
565 570 8
590 694 8
607 1440 8
610 1343 8
626 760 8
627 698 8
685 810 8
694 1159 8
789 1417 8
802 1280 8
806 1062 8
851 1458 8
893 897 8
908 1019 8
928 1086 8
934 1436 8
974 1337 8
975 1176 8
1312 1469 8
2 654 9
8 834 9
8 1406 9
8 515 9
18 275 9
21 1240 9
24 615 9
24 640 9
25 220 9
28 69 9
30 505 9
32 898 9
37 717 9
37 742 9
40 1245 9
46 1322 9
54 571 9
56 569 9
57 942 9
58 232 9
61 114 9
67 705 9
73 280 9
73 234 9
75 713 9
75 385 9
91 258 9
92 684 9
106 398 9
107 770 9
115 160 9
124 1220 9
129 997 9
132 733 9
147 1406 9
152 1004 9
155 1384 9
161 1304 9
167 1434 9
172 1337 9
179 1152 9
179 1378 9
195 1429 9
213 421 9
217 916 9
219 329 9
221 558 9
231 542 9
253 1176 9
255 1123 9
257 420 9
258 477 9
261 768 9
262 874 9
268 698 9
275 1461 9
277 520 9
282 977 9
285 551 9
294 1189 9
305 1231 9
308 1314 9
309 738 9
311 1215 9
325 443 9
326 1040 9
331 1027 9
337 600 9
360 703 9
382 1166 9
387 1315 9
400 1343 9
405 606 9
416 658 9
417 1054 9
419 478 9
439 453 9
439 1376 9
443 1285 9
451 1365 9
451 1257 9
458 949 9
461 959 9
465 849 9
471 880 9
475 640 9
490 1071 9
495 1001 9
497 575 9
500 885 9
511 1455 9
512 861 9
519 779 9
520 1130 9
520 723 9
523 1033 9
525 1359 9
534 1163 9
539 748 9
543 769 9
546 817 9
554 730 9
561 1321 9
569 1010 9
584 694 9
585 1418 9
594 1314 9
601 1119 9
606 1382 9
618 962 9
619 714 9
624 1232 9
625 1136 9
626 1217 9
626 1276 9
626 1251 9
626 1273 9
631 842 9
639 1105 9
641 1008 9
653 1372 9
671 1397 9
671 1337 9
672 1155 9
673 771 9
682 1374 9
685 1383 9
695 1429 9
703 785 9
708 716 9
711 788 9
717 999 9
721 749 9
734 1146 9
736 1021 9
739 773 9
749 1015 9
749 1264 9
750 1012 9
752 1151 9
755 1432 9
756 1302 9
759 1414 9
773 1060 9
775 1333 9
805 1182 9
812 1455 9
819 996 9
839 1397 9
843 1032 9
843 1102 9
844 1424 9
846 1082 9
848 1121 9
863 1183 9
884 925 9
893 1042 9
923 935 9
925 1190 9
940 1126 9
945 1274 9
959 1138 9
998 1067 9
1003 1144 9
1010 1465 9
1022 1270 9
1030 1453 9
1030 1110 9
1052 1105 9
1084 1172 9
1090 1305 9
1101 1476 9
1132 1334 9
1139 1312 9
1183 1364 9
1377 1454 9
16 1231 10
22 1416 10
60 118 10
69 1412 10
75 464 10
78 764 10
81 777 10
86 1380 10
87 1185 10
111 1170 10
123 431 10
145 692 10
165 519 10
175 629 10
191 836 10
195 327 10
211 789 10
212 221 10
220 941 10
225 503 10
227 649 10
246 360 10
261 1416 10
296 617 10
304 1215 10
312 535 10
334 979 10
338 894 10
352 997 10
377 544 10
377 766 10
389 495 10
397 1241 10
437 842 10
443 1354 10
468 609 10
500 834 10
515 1452 10
517 848 10
521 1279 10
528 872 10
528 1308 10
563 738 10
599 984 10
601 1451 10
610 801 10
635 1287 10
652 1346 10
659 1469 10
687 1083 10
701 872 10
737 1182 10
816 1136 10
844 1227 10
863 1082 10
889 1246 10
930 1192 10
932 1377 10
962 1114 10
965 1297 10
986 1423 10
998 1317 10
1005 1075 10
1250 1478 10
1314 1479 10
5 906 11
11 311 11
24 538 11
24 304 11
28 936 11
32 1031 11
33 1277 11
35 435 11
35 1141 11
35 448 11
37 814 11
46 666 11
46 935 11
53 1018 11
55 530 11
63 641 11
64 547 11
64 878 11
76 1463 11
79 104 11
89 1039 11
94 882 11
96 678 11
99 1229 11
100 420 11
102 757 11
107 517 11
109 1157 11
129 1407 11
130 1018 11
142 1330 11
148 540 11
156 711 11
190 362 11
194 979 11
195 1445 11
197 1285 11
211 1340 11
218 1391 11
223 1068 11
225 493 11
233 735 11
236 1428 11
245 873 11
251 383 11
252 481 11
254 899 11
263 293 11
264 759 11
265 1008 11
267 674 11
270 1250 11
274 468 11
277 1215 11
281 1099 11
284 1302 11
285 453 11
289 913 11
304 1032 11
312 807 11
313 355 11
319 737 11
323 1285 11
326 1074 11
327 491 11
334 912 11
349 1192 11
356 545 11
359 529 11
363 1433 11
373 1193 11
373 1192 11
374 395 11
379 938 11
382 824 11
384 1344 11
385 740 11
388 1143 11
389 1387 11
389 1078 11
396 1127 11
402 1426 11
415 740 11
419 1401 11
421 522 11
425 947 11
427 453 11
431 954 11
431 1218 11
438 1357 11
438 714 11
438 1093 11
440 1339 11
440 910 11
453 510 11
457 748 11
465 1246 11
467 753 11
474 1332 11
488 966 11
490 1415 11
496 598 11
500 1353 11
505 1387 11
506 1046 11
509 1421 11
514 1111 11
515 1250 11
515 1202 11
520 913 11
532 599 11
535 1230 11
544 1298 11
547 561 11
548 1127 11
550 657 11
564 666 11
565 1366 11
570 1019 11
573 1109 11
574 1098 11
576 1134 11
582 1114 11
583 1234 11
584 811 11
615 773 11
616 1387 11
619 698 11
620 1098 11
622 1375 11
630 1366 11
638 1364 11
642 1280 11
643 810 11
653 1321 11
659 1328 11
668 1371 11
684 1304 11
684 993 11
689 1301 11
693 722 11
699 908 11
712 1321 11
747 1181 11
749 910 11
749 799 11
752 1181 11
758 1061 11
761 886 11
762 1085 11
763 1383 11
764 1364 11
768 1030 11
781 1042 11
783 1092 11
788 835 11
798 1147 11
823 1167 11
824 953 11
825 867 11
838 1374 11
856 1095 11
858 1272 11
863 1266 11
866 1065 11
877 1036 11
878 1133 11
903 1318 11
908 1215 11
909 1318 11
916 1290 11
929 1106 11
935 987 11
938 1475 11
944 1187 11
945 1162 11
956 1296 11
959 1166 11
985 1356 11
1020 1121 11
1022 1238 11
1022 1433 11
1039 1450 11
1046 1145 11
1051 1236 11
1069 1188 11
1069 1344 11
1073 1395 11
1085 1317 11
1095 1202 11
1112 1413 11
1119 1476 11
1122 1200 11
1124 1225 11
1182 1467 11
1183 1443 11
1193 1326 11
1249 1273 11
1305 1352 11
1323 1396 11
1384 1388 11
25 595 12
30 522 12
32 105 12
32 1409 12
61 774 12
70 1201 12
76 449 12
76 1162 12
76 141 12
81 1357 12
82 502 12
96 645 12
105 1136 12
111 195 12
112 1200 12
121 1137 12
130 1144 12
134 1084 12
135 1370 12
135 185 12
138 510 12
142 768 12
161 705 12
166 582 12
167 1141 12
175 583 12
191 599 12
195 1381 12
203 266 12
211 903 12
217 1016 12
240 614 12
256 780 12
259 1362 12
274 332 12
277 709 12
286 931 12
291 397 12
295 712 12
320 756 12
323 599 12
325 345 12
353 1439 12
361 1161 12
367 1123 12
379 950 12
410 916 12
416 529 12
418 677 12
419 703 12
425 813 12
427 1122 12
435 564 12
442 855 12
453 708 12
454 1407 12
464 1332 12
467 537 12
468 636 12
469 1248 12
474 1442 12
477 742 12
483 854 12
490 1463 12
490 1405 12
492 792 12
518 1006 12
536 864 12
539 1124 12
549 1006 12
551 1441 12
556 961 12
557 973 12
577 740 12
577 940 12
581 1014 12
582 660 12
593 794 12
604 930 12
627 948 12
628 1201 12
629 737 12
646 1087 12
661 1046 12
686 1067 12
691 1144 12
697 1150 12
700 975 12
703 763 12
748 1089 12
779 813 12
793 1281 12
798 1082 12
822 951 12
845 1138 12
869 1130 12
874 959 12
874 1454 12
893 1097 12
926 1177 12
966 1463 12
970 1075 12
978 1040 12
990 1049 12
1100 1275 12
1106 1205 12
1125 1412 12
1138 1403 12
1143 1158 12
1160 1207 12
1184 1467 12
1196 1255 12
1218 1270 12
1218 1332 12
1219 1228 12
1309 1466 12
1364 1421 12
17 1444 13
25 314 13
79 492 13
94 267 13
100 850 13
141 349 13
190 1347 13
207 522 13
232 1350 13
304 1043 13
399 690 13
416 432 13
444 1259 13
477 1310 13
479 1349 13
484 544 13
527 1040 13
569 653 13
592 1390 13
620 1037 13
648 706 13
664 711 13
683 1020 13
726 1121 13
753 1307 13
825 1019 13
877 1065 13
917 1384 13
963 1160 13
1055 1378 13
1217 1444 13
1223 1364 13
1259 1384 13
2 555 14
3 534 14
7 973 14
13 912 14
16 511 14
27 46 14
31 471 14
31 1371 14
42 958 14
47 312 14
62 595 14
63 319 14
64 1098 14
69 1150 14
78 486 14
79 1264 14
82 1022 14
83 1085 14
83 1112 14
85 665 14
86 977 14
89 1147 14
104 1045 14
114 1104 14
118 1107 14
127 468 14
128 693 14
129 244 14
142 222 14
143 1016 14
156 525 14
164 621 14
164 771 14
169 1420 14
175 285 14
189 1000 14
205 796 14
207 864 14
208 1042 14
211 973 14
212 964 14
214 296 14
219 597 14
222 506 14
222 987 14
232 361 14
233 843 14
235 1328 14
236 461 14
255 808 14
259 507 14
272 895 14
291 1477 14
293 1009 14
293 436 14
310 1135 14
312 766 14
315 1381 14
316 1104 14
317 640 14
352 1190 14
353 1217 14
353 636 14
354 848 14
379 1228 14
390 425 14
391 900 14
394 1003 14
407 1253 14
412 899 14
412 1340 14
422 1057 14
424 1121 14
425 1278 14
432 629 14
442 911 14
446 857 14
454 775 14
460 1381 14
462 777 14
469 1310 14
474 1440 14
484 1252 14
486 829 14
490 775 14
499 1116 14
510 576 14
513 861 14
518 1295 14
525 1357 14
527 1153 14
527 684 14
528 1048 14
530 1242 14
535 814 14
537 629 14
539 1437 14
542 1210 14
543 1374 14
546 1436 14
550 873 14
569 654 14
570 983 14
571 973 14
573 729 14
585 942 14
585 797 14
586 1033 14
589 1157 14
596 755 14
597 605 14
597 797 14
602 644 14
603 885 14
608 1366 14
612 1074 14
624 1173 14
630 705 14
635 904 14
638 753 14
638 874 14
662 978 14
666 1246 14
675 1296 14
685 1024 14
686 1095 14
691 819 14
697 964 14
711 1211 14
726 1012 14
730 1212 14
748 1159 14
761 1135 14
786 917 14
807 943 14
827 1386 14
833 1070 14
837 1460 14
854 1191 14
859 1051 14
867 1055 14
874 1279 14
878 1045 14
884 941 14
891 1295 14
919 1036 14
922 1268 14
929 1183 14
931 1293 14
944 1051 14
971 1204 14
979 1220 14
1015 1477 14
1020 1381 14
1047 1292 14
1071 1207 14
1083 1460 14
1094 1477 14
1110 1300 14
1117 1203 14
1174 1465 14
1186 1341 14
1186 1376 14
1187 1422 14
1199 1416 14
1228 1414 14
1235 1356 14
1242 1441 14
1262 1449 14
1327 1447 14
2 555 15
15 402 15
29 671 15
38 831 15
42 110 15
45 1469 15
55 368 15
62 753 15
66 625 15
77 1358 15
82 166 15
86 327 15
89 204 15
96 988 15
104 388 15
114 956 15
118 596 15
123 1125 15
126 149 15
141 976 15
145 568 15
148 975 15
149 1229 15
156 1411 15
161 459 15
177 277 15
201 678 15
211 368 15
213 241 15
215 969 15
219 1197 15
223 789 15
232 1451 15
238 1361 15
240 282 15
244 1412 15
246 1433 15
247 1178 15
249 427 15
253 302 15
255 317 15
263 943 15
268 295 15
271 848 15
272 608 15
278 1395 15
285 315 15
287 1044 15
296 321 15
299 552 15
315 369 15
316 1028 15
323 492 15
336 650 15
337 1076 15
340 1393 15
343 1061 15
349 812 15
364 844 15
370 391 15
370 765 15
393 1187 15
410 697 15
428 694 15
433 1275 15
443 598 15
443 1149 15
459 587 15
483 635 15
486 1333 15
507 1232 15
508 1409 15
510 985 15
514 662 15
521 1115 15
529 1280 15
563 1262 15
567 1020 15
567 604 15
579 762 15
582 1391 15
607 990 15
609 720 15
620 938 15
627 1038 15
630 1288 15
671 1108 15
679 1061 15
690 1119 15
705 828 15
727 1050 15
762 1154 15
763 1150 15
773 1058 15
779 858 15
792 1361 15
796 797 15
801 1215 15
809 1009 15
840 1220 15
844 1361 15
850 1223 15
874 1029 15
916 1409 15
917 1039 15
953 1069 15
955 1414 15
970 1250 15
973 1132 15
978 1026 15
1031 1380 15
1080 1315 15
1275 1441 15
13 906 16
15 607 16
18 1207 16
31 948 16
35 509 16
42 1374 16
48 878 16
66 185 16
83 267 16
87 561 16
100 406 16
130 407 16
131 631 16
135 561 16
193 1179 16
193 525 16
194 777 16
204 1057 16
242 535 16
267 939 16
270 1251 16
282 374 16
300 1155 16
308 590 16
308 699 16
311 1233 16
327 1284 16
329 1380 16
424 891 16
443 1065 16
445 630 16
456 730 16
461 1147 16
461 709 16
465 1123 16
471 1072 16
471 1474 16
488 708 16
526 1469 16
557 819 16
561 1056 16
566 1027 16
585 867 16
594 744 16
596 1057 16
612 648 16
642 1143 16
679 1456 16
685 1338 16
716 1301 16
740 1195 16
797 1135 16
822 1375 16
825 1326 16
858 1034 16
867 900 16
906 1026 16
926 1022 16
938 1096 16
966 1364 16
976 1159 16
986 1030 16
1058 1310 16
1098 1318 16
1103 1201 16
1135 1406 16
1161 1416 16
1257 1375 16
18 688 17
31 233 17
36 383 17
38 348 17
41 906 17
47 686 17
50 1364 17
59 1452 17
94 784 17
139 1151 17
160 1448 17
167 972 17
180 1338 17
184 955 17
185 1030 17
197 862 17
204 1343 17
208 947 17
236 503 17
255 1178 17
256 654 17
273 962 17
276 958 17
293 508 17
312 1090 17
329 649 17
347 1443 17
367 853 17
388 562 17
390 741 17
418 691 17
429 1240 17
454 853 17
553 1458 17
555 897 17
639 1363 17
722 780 17
797 912 17
809 1068 17
844 1285 17
846 1144 17
864 1149 17
943 1403 17
983 1027 17
990 1367 17
1017 1047 17
1080 1088 17
1088 1382 17
1091 1334 17
1155 1210 17
6 1247 18
15 343 18
16 1003 18
39 368 18
55 236 18
82 954 18
89 849 18
96 1362 18
137 1403 18
141 969 18
142 516 18
151 226 18
157 656 18
157 1323 18
169 1232 18
208 411 18
226 772 18
237 1198 18
245 1115 18
275 627 18
279 1047 18
294 1357 18
310 1245 18
315 858 18
324 637 18
334 366 18
339 602 18
424 426 18
433 472 18
461 505 18
469 975 18
486 700 18
501 1348 18
514 767 18
542 1144 18
646 1087 18
674 962 18
694 1094 18
700 1223 18
716 859 18
737 1025 18
830 1374 18
842 1428 18
860 872 18
863 1162 18
881 937 18
914 1231 18
955 1446 18
1006 1196 18
1057 1257 18
1065 1093 18
1070 1189 18
1151 1427 18
1273 1368 18
11 1431 19
29 1113 19
30 344 19
50 1414 19
56 1460 19
59 1424 19
60 1255 19
77 1087 19
93 986 19
93 110 19
97 418 19
107 718 19
113 166 19
120 1373 19
130 1050 19
134 541 19
138 1045 19
141 1219 19
145 1415 19
146 717 19
147 355 19
156 457 19
156 447 19
163 322 19
166 704 19
169 843 19
171 328 19
173 611 19
189 639 19
195 209 19
196 198 19
202 1019 19
238 613 19
239 870 19
245 1185 19
254 961 19
259 370 19
261 575 19
271 927 19
286 1203 19
290 1051 19
312 1403 19
313 967 19
318 874 19
318 1022 19
320 846 19
324 1386 19
326 468 19
328 941 19
334 775 19
342 1168 19
348 1297 19
351 1330 19
370 921 19
384 1155 19
387 1111 19
419 642 19
422 615 19
423 1305 19
428 1377 19
430 1348 19
438 890 19
461 1114 19
462 1166 19
464 809 19
468 565 19
496 614 19
506 636 19
512 1303 19
525 1141 19
534 921 19
549 708 19
566 1283 19
568 683 19
582 1073 19
590 853 19
595 1107 19
608 1303 19
608 1458 19
624 1274 19
646 1090 19
655 1348 19
656 1232 19
670 1440 19
682 725 19
691 894 19
703 788 19
713 864 19
749 1371 19
756 757 19
758 1054 19
768 1192 19
779 1195 19
780 1387 19
789 1068 19
840 1470 19
841 1276 19
848 957 19
883 1428 19
888 1203 19
893 1209 19
901 1279 19
934 1074 19
961 983 19
964 1387 19
984 1018 19
1015 1028 19
1036 1224 19
1043 1113 19
1082 1133 19
1108 1135 19
1127 1418 19
1154 1275 19
1157 1292 19
1160 1293 19
1174 1439 19
1204 1309 19
1226 1392 19
1289 1454 19
1311 1394 19
1339 1450 19
0 1139 20
8 564 20
9 516 20
10 80 20
14 1259 20
18 132 20
30 66 20
32 1429 20
44 1228 20
45 1179 20
47 663 20
47 1361 20
48 1203 20
54 634 20
76 323 20
81 1246 20
93 506 20
107 755 20
109 240 20
121 229 20
135 518 20
139 843 20
143 1335 20
152 1452 20
157 1175 20
158 847 20
172 1438 20
175 831 20
176 445 20
184 875 20
188 404 20
199 502 20
201 1242 20
207 224 20
212 1178 20
213 974 20
216 670 20
217 230 20
221 763 20
225 1334 20
228 364 20
229 851 20
232 1198 20
252 784 20
267 960 20
276 1330 20
278 622 20
285 1428 20
292 451 20
297 1107 20
297 1310 20
312 510 20
312 395 20
316 467 20
318 854 20
320 1106 20
335 1463 20
344 621 20
344 1029 20
354 982 20
358 450 20
362 1240 20
364 864 20
365 1135 20
368 418 20
375 817 20
386 774 20
391 1283 20
394 1100 20
424 1234 20
425 1241 20
427 983 20
430 1164 20
433 541 20
434 650 20
449 997 20
453 894 20
468 1081 20
468 763 20
477 1424 20
478 1445 20
478 935 20
502 1006 20
519 1237 20
524 1341 20
532 1348 20
550 1061 20
553 662 20
563 750 20
565 1124 20
567 1144 20
573 953 20
576 906 20
579 1152 20
593 881 20
632 1097 20
652 977 20
676 742 20
677 1167 20
733 1215 20
734 1398 20
736 944 20
740 1330 20
778 1070 20
798 851 20
836 878 20
844 911 20
861 975 20
877 1316 20
891 1236 20
925 1305 20
931 1421 20
935 1083 20
996 1195 20
1013 1371 20
1044 1127 20
1056 1327 20
1079 1221 20
1135 1244 20
1139 1245 20
1168 1313 20
1180 1449 20
1220 1387 20
1323 1459 20
4 1263 21
9 175 21
10 140 21
18 317 21
27 513 21
28 750 21
29 1124 21
36 37 21
43 1022 21
44 253 21
50 858 21
51 608 21
54 266 21
58 1396 21
59 623 21
78 677 21
81 1338 21
87 791 21
117 1040 21
117 1436 21
122 1321 21
125 539 21
127 932 21
136 1084 21
137 578 21
142 1350 21
145 311 21
148 668 21
148 862 21
151 889 21
159 735 21
159 755 21
168 837 21
170 680 21
177 1158 21
180 1247 21
181 714 21
181 990 21
192 275 21
198 1393 21
203 1046 21
210 278 21
211 846 21
223 734 21
223 1479 21
231 302 21
234 919 21
265 791 21
266 1157 21
267 708 21
268 1125 21
272 1232 21
296 989 21
301 462 21
306 648 21
317 1004 21
324 1382 21
325 363 21
346 1194 21
348 806 21
348 1390 21
350 1457 21
372 947 21
374 1137 21
378 1362 21
383 897 21
386 1011 21
396 1099 21
403 429 21
404 1250 21
408 427 21
411 812 21
415 1249 21
424 693 21
436 621 21
443 571 21
445 1164 21
452 1065 21
454 501 21
461 1083 21
464 935 21
476 1308 21
477 991 21
478 1401 21
486 581 21
496 1200 21
500 759 21
511 1188 21
520 1220 21
533 1105 21
543 1179 21
554 642 21
554 681 21
558 1417 21
561 747 21
566 589 21
577 1227 21
581 1366 21
590 631 21
592 775 21
598 967 21
601 1416 21
619 1455 21
620 1204 21
629 854 21
660 1271 21
672 786 21
673 1222 21
677 1067 21
695 1390 21
709 1372 21
709 1028 21
711 1024 21
719 988 21
720 1363 21
732 1127 21
734 907 21
747 1361 21
767 1129 21
775 1147 21
790 983 21
798 1184 21
803 1058 21
805 1205 21
884 1070 21
887 1252 21
894 1037 21
895 1152 21
910 1061 21
922 931 21
931 1059 21
940 1335 21
941 1053 21
943 1474 21
948 1358 21
950 1196 21
994 1385 21
1038 1100 21
1041 1227 21
1061 1144 21
1076 1431 21
1086 1402 21
1100 1108 21
1121 1391 21
1141 1366 21
1144 1315 21
1160 1240 21
1161 1445 21
1210 1462 21
1224 1241 21
1280 1287 21
1341 1473 21
1351 1383 21
1393 1475 21
9 666 22
18 1287 22
31 977 22
34 568 22
37 912 22
38 163 22
45 1319 22
46 632 22
48 1026 22
51 497 22
52 658 22
53 134 22
58 303 22
58 1346 22
61 942 22
65 525 22
76 1165 22
77 1163 22
79 98 22
88 1178 22
90 758 22
91 1270 22
94 896 22
100 1126 22
117 1136 22
120 1297 22
123 820 22
133 190 22
134 550 22
134 563 22
155 273 22
156 925 22
157 493 22
166 1456 22
166 353 22
170 535 22
170 803 22
176 968 22
189 789 22
189 620 22
190 1253 22
195 893 22
197 908 22
207 293 22
208 383 22
209 824 22
231 545 22
232 597 22
237 1094 22
248 1125 22
258 264 22
267 350 22
268 1414 22
277 1049 22
277 1210 22
302 1165 22
313 1432 22
316 561 22
333 811 22
334 855 22
338 717 22
339 886 22
341 770 22
344 813 22
358 562 22
361 671 22
367 654 22
367 1358 22
369 400 22
372 643 22
386 718 22
394 1344 22
403 1148 22
404 724 22
408 697 22
415 1054 22
415 980 22
424 1136 22
427 824 22
428 1185 22
430 1072 22
435 928 22
443 1093 22
445 621 22
447 700 22
460 471 22
460 1115 22
463 1098 22
470 928 22
479 942 22
491 614 22
499 701 22
511 1453 22
513 744 22
515 1198 22
520 542 22
521 1293 22
559 934 22
567 1112 22
572 1065 22
575 1079 22
577 1113 22
581 1424 22
616 665 22
622 1412 22
638 707 22
644 1431 22
651 830 22
661 710 22
665 1449 22
674 1175 22
695 1159 22
729 1056 22
738 845 22
756 783 22
761 1395 22
804 1340 22
807 1458 22
820 999 22
820 1359 22
827 1355 22
834 1293 22
857 1419 22
857 973 22
867 1304 22
869 1250 22
899 1105 22
901 1302 22
914 1122 22
935 1293 22
988 1361 22
995 1278 22
1004 1329 22
1014 1289 22
1018 1151 22
1058 1300 22
1072 1389 22
1084 1269 22
1106 1222 22
1130 1477 22
1140 1465 22
1141 1344 22
1141 1341 22
1155 1176 22
1218 1248 22
1221 1273 22
1258 1316 22
1272 1370 22
1281 1352 22
1315 1386 22
0 146 23
3 995 23
7 1116 23
7 390 23
14 1382 23
22 1401 23
28 599 23
29 1031 23
59 511 23
61 199 23
66 142 23
69 1430 23
77 442 23
80 1248 23
92 820 23
97 213 23
108 1161 23
119 510 23
121 838 23
136 830 23
143 1405 23
144 656 23
149 367 23
149 257 23
152 1143 23
157 176 23
162 1439 23
167 889 23
185 1132 23
186 484 23
191 1337 23
195 1336 23
211 1237 23
219 1202 23
220 661 23
221 559 23
226 980 23
228 637 23
264 1357 23
266 295 23
270 904 23
278 953 23
280 787 23
292 803 23
295 456 23
297 1197 23
313 970 23
315 821 23
318 1103 23
318 424 23
326 925 23
339 514 23
384 1297 23
407 1126 23
408 1332 23
412 1001 23
415 469 23
447 1149 23
448 1011 23
452 1326 23
461 689 23
469 967 23
472 1375 23
476 890 23
481 656 23
501 891 23
517 1010 23
521 1135 23
524 533 23
526 737 23
535 1053 23
539 969 23
542 1384 23
542 1210 23
544 1171 23
557 657 23
571 1463 23
589 1440 23
606 925 23
632 764 23
635 1144 23
645 788 23
649 1298 23
661 1303 23
694 1370 23
696 947 23
727 813 23
750 1231 23
755 1266 23
765 1315 23
767 1411 23
768 921 23
785 1296 23
813 1238 23
821 1212 23
824 1319 23
830 1475 23
865 927 23
877 1257 23
888 948 23
892 1453 23
904 1377 23
938 1150 23
959 971 23
992 1152 23
994 1357 23
995 1084 23
999 1430 23
1047 1145 23
1056 1305 23
1095 1435 23
1106 1255 23
1110 1280 23
1113 1417 23
1113 1401 23
1139 1399 23
1201 1357 23
1272 1460 23
1303 1446 23
1392 1477 23
1422 1425 23
1 8 24
7 395 24
7 1379 24
9 24 24
12 460 24
15 881 24
34 958 24
83 525 24
84 151 24
97 1008 24
98 318 24
125 1314 24
130 1283 24
135 1088 24
146 935 24
154 619 24
176 452 24
207 1176 24
211 1258 24
223 690 24
226 540 24
234 1259 24
235 1422 24
244 317 24
248 339 24
275 314 24
287 733 24
314 999 24
323 805 24
357 906 24
378 909 24
425 503 24
439 800 24
445 752 24
520 751 24
550 939 24
585 1437 24
586 1395 24
586 656 24
594 1461 24
609 1410 24
638 1199 24
702 955 24
714 1433 24
748 1014 24
764 871 24
814 1054 24
839 1049 24
915 1103 24
977 994 24
990 1458 24
1000 1071 24
1043 1291 24
1047 1357 24
1090 1472 24
1100 1135 24
1120 1281 24
1149 1433 24
1169 1205 24
1204 1207 24
1222 1407 24
14 924 25
22 401 25
23 845 25
44 50 25
51 1167 25
57 297 25
57 211 25
59 1147 25
73 229 25
78 644 25
85 1029 25
91 1266 25
120 836 25
138 976 25
151 1413 25
164 340 25
172 241 25
188 1064 25
194 1299 25
203 1132 25
216 296 25
223 1214 25
248 676 25
258 817 25
268 981 25
285 788 25
290 1284 25
323 1365 25
324 1051 25
339 1202 25
345 1039 25
353 894 25
354 1421 25
363 438 25
374 623 25
383 433 25
392 448 25
393 798 25
396 1447 25
399 811 25
449 560 25
456 1341 25
464 636 25
465 1132 25
473 963 25
487 548 25
488 1024 25
490 820 25
496 593 25
497 1034 25
501 870 25
512 669 25
525 591 25
531 1113 25
535 804 25
559 1243 25
581 654 25
593 862 25
615 794 25
624 896 25
633 1452 25
643 1194 25
675 995 25
678 1389 25
687 736 25
702 1360 25
703 1010 25
754 762 25
755 1029 25
758 993 25
802 1058 25
822 1216 25
827 844 25
848 1103 25
854 1408 25
857 1377 25
864 877 25
887 1176 25
902 1099 25
947 1247 25
959 1005 25
1003 1202 25
1013 1157 25
1038 1316 25
1215 1216 25
1254 1318 25
1254 1446 25
1349 1467 25
1449 1464 25
4 616 26
6 1355 26
7 504 26
10 98 26
17 917 26
30 133 26
38 681 26
58 302 26
75 1272 26
82 1397 26
87 234 26
87 850 26
93 468 26
93 354 26
103 749 26
104 721 26
108 192 26
121 941 26
122 546 26
131 808 26
133 725 26
136 886 26
142 379 26
143 1120 26
150 439 26
157 1027 26
163 1356 26
175 877 26
188 611 26
190 813 26
192 1085 26
193 802 26
195 1047 26
204 717 26
216 665 26
267 1478 26
267 1396 26
284 898 26
297 440 26
298 644 26
336 1286 26
340 673 26
378 1458 26
379 417 26
383 659 26
388 1273 26
391 1026 26
399 636 26
405 907 26
405 754 26
439 1012 26
456 922 26
464 1353 26
466 603 26
490 1043 26
504 745 26
529 1468 26
533 1206 26
544 1262 26
567 1017 26
643 921 26
673 1183 26
724 847 26
747 1223 26
753 1357 26
815 1358 26
825 1269 26
847 1218 26
881 985 26
882 1468 26
891 1021 26
999 1118 26
1005 1219 26
1125 1346 26
1155 1413 26
1367 1459 26
25 681 27
27 947 27
39 211 27
42 412 27
45 921 27
61 148 27
70 174 27
86 1089 27
88 1177 27
139 365 27
143 1159 27
144 1103 27
151 1312 27
154 1012 27
154 379 27
171 1048 27
173 1008 27
181 785 27
188 528 27
207 1443 27
218 731 27
227 1370 27
251 1280 27
255 455 27
262 1427 27
264 1280 27
265 1283 27
271 977 27
280 559 27
282 294 27
299 1094 27
306 1216 27
324 485 27
330 1474 27
347 365 27
350 782 27
369 1469 27
387 794 27
392 828 27
398 771 27
400 1067 27
431 647 27
434 676 27
456 1351 27
459 1146 27
461 1210 27
470 1086 27
495 1239 27
503 1367 27
508 675 27
509 1050 27
532 1355 27
535 604 27
562 575 27
592 1232 27
653 693 27
709 815 27
723 1012 27
734 1415 27
753 840 27
811 1214 27
837 842 27
842 1403 27
868 1136 27
893 920 27
901 1412 27
902 1139 27
908 1244 27
976 1265 27
994 1392 27
1016 1017 27
1104 1455 27
1117 1229 27
1124 1190 27
1388 1435 27
18 797 28
22 1477 28
34 1119 28
44 1276 28
52 368 28
66 609 28
91 568 28
114 1341 28
116 1191 28
120 270 28
125 437 28
148 1232 28
185 318 28
230 839 28
232 715 28
253 611 28
268 939 28
282 1436 28
311 1325 28
337 957 28
351 975 28
354 528 28
358 611 28
393 1207 28
394 910 28
394 1413 28
451 961 28
497 1193 28
508 891 28
532 1059 28
581 628 28
649 931 28
669 841 28
678 1057 28
700 702 28
709 1221 28
725 1375 28
732 1448 28
755 842 28
777 876 28
841 1273 28
855 1158 28
859 1051 28
860 980 28
910 1396 28
940 1464 28
955 1281 28
989 1091 28
1115 1288 28
1126 1138 28
1193 1392 28
1283 1443 28
6 722 29
15 41 29
85 868 29
100 1195 29
149 407 29
182 490 29
187 545 29
207 507 29
212 1219 29
243 282 29
257 862 29
277 534 29
306 1439 29
330 985 29
341 851 29
413 858 29
426 1131 29
469 667 29
487 600 29
505 1049 29
599 625 29
660 695 29
669 1432 29
744 1259 29
767 1006 29
806 1015 29
852 1149 29
976 1136 29
987 1220 29
1057 1352 29
1191 1367 29
1293 1390 29
209 556 30
259 1243 30
276 1091 30
538 855 30
543 1193 30
545 1014 30
626 847 30
733 1253 30
1106 1442 30
1304 1334 30
427 455 31
482 992 31
508 911 31
764 903 31
797 1378 31
54 1452 32
661 834 32
424 1266 33
528 1443 33
654 1461 33
67 1062 34
203 1308 34
333 595 34
106 1408 35
333 642 35
381 912 35
41 821 36
1455 1460 36
144 562 37
521 871 37
681 1400 37
197 1196 39
903 1396 39
23 158 40
29 338 40
48 373 40
67 1042 40
168 298 40
191 1423 40
253 355 40
266 741 40
335 481 40
363 1210 40
448 1299 40
471 585 40
501 855 40
519 591 40
677 1089 40
814 1013 40
845 1363 40
986 1082 40
1065 1313 40
1117 1248 40
1132 1209 40
1135 1325 40
1340 1431 40
9 1102 41
11 504 41
19 389 41
20 287 41
28 1198 41
28 951 41
29 690 41
38 1465 41
40 1155 41
41 294 41
53 527 41
55 606 41
57 1037 41
60 1138 41
72 1323 41
86 440 41
96 1301 41
96 598 41
97 1103 41
102 832 41
105 383 41
114 711 41
117 1209 41
133 1184 41
144 404 41
150 1246 41
151 1112 41
157 1137 41
160 643 41
161 545 41
161 457 41
181 594 41
185 916 41
191 574 41
193 1095 41
222 1449 41
228 905 41
230 1386 41
234 654 41
254 766 41
259 875 41
283 385 41
310 1128 41
312 1060 41
320 1293 41
326 1160 41
358 1061 41
364 1064 41
375 1183 41
388 905 41
391 897 41
391 1315 41
410 1409 41
418 477 41
425 869 41
430 700 41
430 657 41
431 1210 41
435 1031 41
445 716 41
465 1469 41
480 557 41
494 959 41
508 727 41
528 892 41
553 765 41
576 1068 41
613 1250 41
661 1188 41
738 1011 41
739 884 41
780 1075 41
790 1254 41
792 1179 41
796 1025 41
801 870 41
801 1090 41
825 1005 41
844 1067 41
863 1476 41
870 1171 41
876 984 41
928 1266 41
966 1291 41
1034 1121 41
1039 1089 41
1058 1412 41
1081 1147 41
1096 1100 41
1163 1456 41
1177 1316 41
1182 1332 41
1210 1432 41
1223 1291 41
1233 1238 41
1390 1469 41
9 243 42
10 327 42
28 1451 42
35 1374 42
40 1094 42
40 1082 42
47 407 42
48 353 42
63 1436 42
79 177 42
80 403 42
80 146 42
81 1048 42
81 1014 42
105 1203 42
112 608 42
117 660 42
126 879 42
127 1454 42
152 921 42
164 1132 42
168 972 42
178 522 42
186 1408 42
186 1019 42
189 1357 42
189 1059 42
232 856 42
246 393 42
259 1098 42
274 1428 42
286 524 42
290 1163 42
297 1459 42
300 1199 42
303 331 42
306 614 42
313 829 42
317 1418 42
334 375 42
335 858 42
335 1065 42
338 843 42
341 582 42
351 364 42
355 1415 42
357 815 42
371 583 42
376 484 42
381 917 42
387 996 42
392 608 42
398 676 42
415 594 42
415 843 42
416 1413 42
419 1419 42
423 1123 42
468 1136 42
555 747 42
568 968 42
570 792 42
599 655 42
610 1212 42
616 794 42
621 678 42
629 1130 42
631 1299 42
635 751 42
637 1187 42
644 997 42
646 709 42
648 1329 42
660 749 42
676 1432 42
679 1241 42
692 1261 42
699 706 42
714 824 42
730 878 42
740 1226 42
744 1432 42
746 905 42
755 764 42
757 1311 42
775 1118 42
781 1302 42
782 1193 42
788 1265 42
795 910 42
817 895 42
876 987 42
885 946 42
895 1154 42
896 1211 42
917 996 42
918 1440 42
936 1265 42
944 1071 42
975 1439 42
976 1059 42
1009 1356 42
1023 1035 42
1030 1094 42
1044 1285 42
1097 1302 42
1105 1300 42
1116 1291 42
1120 1214 42
1160 1161 42
1177 1348 42
1262 1270 42
1275 1463 42
1 1207 43
3 1089 43
4 280 43
7 1019 43
11 386 43
13 498 43
14 1441 43
16 1414 43
18 1306 43
24 1382 43
31 1336 43
32 289 43
33 1251 43
34 658 43
38 998 43
48 553 43
76 1005 43
84 1140 43
88 582 43
93 989 43
95 1306 43
99 962 43
102 1420 43
109 1293 43
118 857 43
119 1362 43
120 1089 43
122 811 43
130 378 43
139 1449 43
142 707 43
148 1202 43
155 553 43
156 557 43
157 808 43
158 786 43
162 1414 43
163 244 43
166 358 43
167 654 43
185 824 43
201 262 43
204 1086 43
208 634 43
209 1019 43
213 366 43
214 783 43
219 1149 43
220 1477 43
224 768 43
232 1380 43
238 1138 43
247 1107 43
250 1017 43
254 1226 43
254 900 43
255 1003 43
269 791 43
270 402 43
270 325 43
281 1416 43
283 795 43
298 674 43
302 1052 43
304 795 43
306 416 43
309 1442 43
321 466 43
322 555 43
324 654 43
328 885 43
330 874 43
335 1055 43
337 1149 43
342 1003 43
345 1245 43
347 830 43
347 747 43
352 1186 43
353 1093 43
355 507 43
358 583 43
374 1295 43
375 931 43
386 1019 43
387 1233 43
394 839 43
397 1272 43
416 584 43
426 1315 43
439 1166 43
450 814 43
453 1425 43
464 1194 43
473 1125 43
483 1345 43
486 596 43
490 1383 43
492 1346 43
495 697 43
502 662 43
519 926 43
527 1390 43
528 1179 43
529 852 43
542 852 43
552 636 43
556 1124 43
557 589 43
566 1054 43
567 1223 43
582 1213 43
606 958 43
606 1465 43
607 681 43
612 1343 43
616 861 43
617 1353 43
635 1176 43
653 860 43
656 1200 43
660 869 43
662 1309 43
664 1198 43
665 1328 43
684 845 43
685 708 43
717 770 43
722 980 43
731 1255 43
737 1218 43
741 747 43
755 1369 43
765 859 43
779 1464 43
781 1163 43
810 862 43
821 1367 43
827 1149 43
844 1128 43
848 1339 43
850 1159 43
857 874 43
897 924 43
933 1296 43
946 1320 43
951 1005 43
955 1102 43
959 1041 43
964 1081 43
967 1014 43
977 1256 43
998 1383 43
998 1122 43
1010 1299 43
1060 1062 43
1076 1479 43
1078 1221 43
1083 1145 43
1100 1351 43
1100 1108 43
1132 1170 43
1166 1326 43
1167 1276 43
1175 1353 43
1193 1374 43
1239 1461 43
1271 1436 43
1303 1401 43
1310 1327 43
1387 1431 43
1391 1427 43
1429 1474 43
8 500 44
41 1111 44
66 993 44
101 1039 44
104 694 44
117 706 44
142 204 44
149 866 44
161 483 44
166 486 44
173 685 44
177 851 44
179 583 44
191 481 44
197 1362 44
198 1108 44
200 1301 44
272 831 44
297 1371 44
329 938 44
395 1295 44
450 1476 44
503 574 44
528 1233 44
537 832 44
617 1370 44
619 1265 44
629 1020 44
634 1434 44
669 719 44
700 985 44
702 1151 44
707 1427 44
749 1229 44
757 1365 44
910 943 44
921 929 44
1060 1286 44
1121 1140 44
1152 1424 44
1165 1397 44
1291 1332 44
2 90 45
3 304 45
5 666 45
5 704 45
8 160 45
11 238 45
13 1339 45
24 882 45
26 1437 45
33 858 45
33 318 45
42 573 45
43 980 45
54 305 45
61 312 45
62 1242 45
67 255 45
68 672 45
71 293 45
73 929 45
90 585 45
93 331 45
96 1285 45
99 485 45
107 805 45
110 1392 45
111 1362 45
127 675 45
129 806 45
132 560 45
133 1364 45
140 1107 45
153 759 45
157 376 45
163 406 45
164 1063 45
171 471 45
178 341 45
182 903 45
182 1051 45
187 481 45
204 747 45
207 1349 45
209 331 45
213 670 45
224 1311 45
227 1060 45
229 1382 45
243 683 45
250 394 45
272 1074 45
275 1293 45
294 305 45
300 1045 45
300 451 45
303 1342 45
319 900 45
321 982 45
339 1354 45
342 1352 45
344 1214 45
346 1245 45
349 796 45
350 584 45
353 372 45
369 982 45
370 1051 45
376 1249 45
383 1009 45
384 541 45
388 662 45
394 1273 45
400 1240 45
406 477 45
434 808 45
437 521 45
441 839 45
443 1353 45
443 861 45
446 681 45
462 928 45
479 872 45
483 1403 45
486 848 45
510 663 45
517 1062 45
518 809 45
519 556 45
545 1442 45
548 1435 45
560 1347 45
576 795 45
579 909 45
591 648 45
592 971 45
596 1337 45
603 716 45
606 809 45
609 798 45
611 1369 45
615 666 45
630 1031 45
635 1109 45
637 1150 45
651 865 45
656 1257 45
666 1419 45
673 1044 45
710 1459 45
717 1010 45
719 796 45
720 889 45
723 816 45
723 1195 45
726 1034 45
734 1315 45
781 1336 45
791 928 45
792 1241 45
803 921 45
857 1140 45
858 1048 45
892 1086 45
915 1367 45
941 1235 45
942 1078 45
948 1033 45
1044 1352 45
1046 1151 45
1109 1277 45
1113 1240 45
1119 1156 45
1120 1418 45
1188 1402 45
1190 1384 45
1195 1417 45
1220 1421 45
1252 1374 45
1263 1266 45
1293 1454 45
1338 1469 45
1350 1354 45
1358 1447 45
0 606 46
1 763 46
11 1138 46
16 117 46
20 250 46
20 837 46
31 658 46
43 1436 46
44 98 46
54 328 46
65 1170 46
68 1092 46
76 673 46
77 854 46
114 1357 46
116 1280 46
124 572 46
125 986 46
135 1423 46
141 661 46
155 884 46
155 474 46
159 1119 46
173 1214 46
174 489 46
177 1201 46
180 274 46
186 1371 46
196 647 46
200 801 46
203 657 46
203 996 46
207 540 46
210 293 46
212 1292 46
223 269 46
231 329 46
231 944 46
237 815 46
238 1219 46
244 1350 46
257 358 46
258 279 46
258 470 46
270 699 46
289 731 46
303 1212 46
308 1365 46
312 1364 46
333 344 46
334 1062 46
338 1088 46
352 789 46
352 735 46
359 1010 46
366 558 46
386 1445 46
386 1182 46
388 857 46
393 1090 46
400 411 46
408 1265 46
409 649 46
413 493 46
418 930 46
432 680 46
440 843 46
441 1467 46
455 1395 46
463 772 46
473 850 46
484 506 46
489 1180 46
494 950 46
494 1246 46
498 1011 46
499 907 46
501 866 46
503 1149 46
517 1127 46
522 635 46
526 548 46
530 613 46
534 633 46
538 575 46
543 1121 46
553 1032 46
566 1121 46
590 1114 46
590 1019 46
599 1127 46
600 703 46
606 1356 46
639 1254 46
646 1097 46
665 1287 46
671 847 46
679 1332 46
716 1424 46
718 876 46
735 1165 46
735 1139 46
745 1072 46
745 1453 46
751 1056 46
753 1440 46
767 1415 46
769 994 46
790 1356 46
790 1371 46
802 1003 46
808 887 46
828 838 46
837 1074 46
883 1316 46
889 1099 46
895 1122 46
914 1046 46
923 1064 46
925 1031 46
929 1175 46
961 1429 46
969 1348 46
992 1370 46
999 1291 46
1024 1100 46
1026 1345 46
1037 1390 46
1062 1188 46
1062 1279 46
1096 1273 46
1101 1418 46
1163 1381 46
1171 1199 46
1257 1429 46
1268 1287 46
1281 1452 46
1289 1351 46
2 1279 47
3 1438 47
10 375 47
12 73 47
18 761 47
33 1478 47
50 638 47
52 105 47
66 707 47
70 301 47
74 201 47
77 1156 47
93 541 47
108 819 47
112 862 47
113 1151 47
118 266 47
127 1268 47
131 1406 47
132 197 47
147 413 47
151 329 47
156 451 47
156 174 47
157 626 47
163 1084 47
169 732 47
172 881 47
194 1034 47
203 635 47
203 1220 47
212 1040 47
213 373 47
213 564 47
218 774 47
221 1471 47
228 1058 47
241 1409 47
251 1477 47
254 1252 47
261 684 47
274 1075 47
303 857 47
307 727 47
312 1452 47
314 960 47
317 363 47
335 1315 47
340 859 47
363 908 47
364 1040 47
377 545 47
406 942 47
409 1137 47
415 1025 47
428 816 47
458 513 47
470 806 47
471 1237 47
475 935 47
480 1478 47
485 1158 47
493 561 47
523 781 47
530 648 47
539 1225 47
568 741 47
575 1107 47
603 1049 47
611 1110 47
621 1003 47
642 1442 47
642 1046 47
650 742 47
667 800 47
678 807 47
687 1412 47
716 1138 47
725 822 47
738 1405 47
747 927 47
752 1335 47
781 957 47
782 1184 47
797 1228 47
826 1431 47
845 971 47
858 1158 47
864 898 47
914 1131 47
921 1327 47
927 1316 47
956 1256 47
960 1363 47
961 1335 47
990 1120 47
1062 1356 47
1076 1191 47
1083 1370 47
1092 1363 47
1129 1205 47
1146 1449 47
1148 1176 47
1154 1478 47
1155 1405 47
1158 1286 47
1160 1172 47
1161 1476 47
1185 1206 47
1260 1436 47
1281 1435 47
1323 1384 47
13 232 48
23 1344 48
26 1142 48
31 72 48
49 1310 48
57 1428 48
59 1372 48
61 273 48
62 542 48
69 674 48
71 638 48
73 1407 48
75 1407 48
77 227 48
82 764 48
85 1144 48
99 707 48
101 1121 48
124 1208 48
132 336 48
135 382 48
137 1379 48
137 1192 48
161 515 48
161 1148 48
181 757 48
183 1031 48
186 579 48
191 741 48
198 1088 48
200 854 48
202 842 48
210 1080 48
210 889 48
213 1036 48
218 706 48
219 557 48
234 798 48
235 579 48
238 1122 48
253 1037 48
260 926 48
272 1314 48
276 995 48
276 963 48
283 1173 48
283 1065 48
296 544 48
301 380 48
310 982 48
342 508 48
347 1236 48
372 1468 48
375 798 48
379 420 48
387 1202 48
392 1385 48
459 1163 48
500 874 48
525 633 48
529 1447 48
537 837 48
563 783 48
569 963 48
573 988 48
587 821 48
595 1004 48
601 606 48
605 776 48
645 772 48
645 888 48
658 1046 48
665 1088 48
674 880 48
684 958 48
697 1145 48
706 1228 48
707 1326 48
716 784 48
751 929 48
757 810 48
767 829 48
788 1253 48
808 863 48
818 890 48
820 1156 48
856 1299 48
864 883 48
871 1353 48
921 927 48
939 1138 48
945 1291 48
1005 1266 48
1053 1302 48
1079 1425 48
1093 1352 48
1100 1476 48
1118 1430 48
1175 1462 48
1178 1322 48
1205 1338 48
1225 1291 48
1275 1430 48
1407 1421 48
19 910 49
38 443 49
39 1126 49
40 646 49
94 501 49
137 725 49
146 847 49
189 330 49
260 838 49
284 1074 49
292 523 49
370 1154 49
391 456 49
394 831 49
410 426 49
412 1101 49
471 515 49
517 1013 49
529 1165 49
757 1472 49
832 1198 49
1163 1410 49
16 133 50
19 1464 50
22 103 50
28 1322 50
29 1060 50
32 1093 50
45 1061 50
45 289 50
54 626 50
78 528 50
83 498 50
95 693 50
113 125 50
131 1382 50
163 240 50
165 806 50
170 181 50
191 1418 50
192 1463 50
221 1301 50
228 1385 50
228 542 50
228 1161 50
233 308 50
237 673 50
242 1006 50
247 774 50
273 911 50
282 571 50
286 300 50
316 403 50
342 784 50
405 556 50
439 878 50
461 744 50
461 1232 50
462 1125 50
490 1352 50
509 1427 50
513 1091 50
514 945 50
565 813 50
586 845 50
623 908 50
673 1202 50
681 773 50
754 762 50
769 801 50
783 1268 50
785 958 50
792 863 50
816 1383 50
827 1014 50
845 1128 50
846 1065 50
868 940 50
914 1171 50
959 1456 50
962 1306 50
1029 1146 50
1106 1170 50
1157 1278 50
1280 1405 50
1 219 51
9 105 51
11 533 51
12 1164 51
20 586 51
31 406 51
35 193 51
57 678 51
68 354 51
70 375 51
78 1102 51
117 612 51
122 502 51
123 1333 51
142 538 51
145 641 51
150 924 51
151 954 51
152 956 51
160 1251 51
162 1420 51
168 1374 51
179 192 51
191 954 51
192 1034 51
204 1141 51
215 399 51
231 964 51
262 421 51
276 1466 51
314 543 51
341 365 51
342 551 51
357 857 51
362 428 51
384 634 51
396 1099 51
413 1320 51
445 518 51
470 490 51
517 917 51
548 687 51
551 1225 51
564 897 51
566 1172 51
582 1009 51
604 1425 51
614 1413 51
654 1175 51
657 817 51
661 1302 51
697 1321 51
749 903 51
784 1279 51
786 985 51
790 866 51
801 1230 51
844 1153 51
884 1222 51
891 929 51
900 1194 51
908 1411 51
939 1271 51
957 1338 51
964 1119 51
971 1351 51
1024 1081 51
1031 1435 51
1043 1204 51
1051 1264 51
1052 1099 51
1093 1389 51
1147 1356 51
1230 1387 51
1284 1386 51
82 1170 52
134 645 52
149 716 52
206 685 52
237 474 52
366 1330 52
429 1470 52
438 496 52
457 638 52
591 1034 52
667 1025 52
816 828 52
822 1159 52
851 1119 52
1255 1419 52
46 1095 53
55 324 53
80 1044 53
110 538 53
160 687 53
164 1392 53
276 1022 53
312 672 53
313 767 53
333 1461 53
347 879 53
387 984 53
399 1413 53
445 950 53
483 916 53
536 1050 53
541 676 53
567 673 53
575 975 53
593 648 53
621 858 53
630 1008 53
645 1162 53
693 786 53
706 727 53
717 1361 53
753 1288 53
915 1236 53
952 1076 53
1015 1023 53
1044 1428 53
1104 1404 53
1108 1357 53
1119 1212 53
1154 1165 53
1256 1463 53
1367 1426 53
8 1394 54
17 99 54
35 795 54
39 99 54
71 556 54
71 1306 54
72 1101 54
95 102 54
104 1060 54
117 696 54
131 573 54
174 1475 54
254 268 54
263 762 54
296 1162 54
314 371 54
319 1004 54
357 1224 54
358 1095 54
424 469 54
431 457 54
514 1322 54
525 1341 54
535 977 54
552 1395 54
584 756 54
586 1283 54
598 835 54
613 818 54
619 1044 54
639 876 54
684 798 54
697 1375 54
734 921 54
750 994 54
752 1043 54
774 1313 54
918 1029 54
928 1445 54
1014 1176 54
1022 1390 54
1055 1286 54
1068 1209 54
1070 1082 54
1344 1455 54
1421 1441 54
1 669 55
10 676 55
10 536 55
17 607 55
42 517 55
45 1378 55
53 1426 55
61 758 55
86 324 55
88 212 55
94 397 55
96 1237 55
107 910 55
116 646 55
120 1150 55
134 942 55
137 519 55
143 753 55
155 350 55
165 601 55
170 646 55
190 489 55
191 353 55
193 1211 55
200 518 55
207 1204 55
215 722 55
216 1233 55
248 1062 55
249 1012 55
250 1429 55
256 1024 55
261 790 55
283 479 55
290 417 55
292 434 55
293 548 55
302 1184 55
304 845 55
304 420 55
326 1302 55
327 1349 55
333 1212 55
342 1229 55
355 1167 55
357 1306 55
360 1198 55
372 808 55
377 1105 55
391 395 55
393 623 55
394 449 55
395 408 55
418 1455 55
436 450 55
438 909 55
443 1465 55
445 547 55
452 676 55
468 1263 55
479 904 55
492 1314 55
500 600 55
517 1463 55
524 1288 55
536 1075 55
540 1345 55
548 1040 55
558 788 55
560 609 55
576 615 55
578 886 55
591 1303 55
591 1022 55
592 1115 55
606 747 55
614 1408 55
627 826 55
652 703 55
653 1162 55
654 1307 55
660 1374 55
660 1158 55
662 939 55
669 1318 55
701 750 55
728 963 55
744 913 55
793 908 55
803 1367 55
830 1092 55
833 921 55
836 1471 55
837 880 55
845 887 55
859 1057 55
862 1153 55
878 888 55
890 1265 55
900 996 55
935 1466 55
959 1025 55
964 1286 55
977 1023 55
994 1466 55
1006 1122 55
1007 1381 55
1030 1161 55
1043 1128 55
1125 1452 55
1131 1268 55
1149 1415 55
1238 1321 55
1272 1412 55
1287 1293 55
1322 1403 55
38 497 56
47 374 56
49 1321 56
60 1227 56
63 1012 56
69 1387 56
72 94 56
86 583 56
88 1243 56
91 782 56
91 208 56
94 590 56
98 651 56
102 178 56
118 243 56
125 457 56
127 1056 56
129 628 56
137 762 56
142 238 56
152 645 56
152 443 56
155 858 56
171 1316 56
172 177 56
174 1188 56
180 1018 56
193 527 56
196 817 56
201 749 56
234 1140 56
237 1257 56
248 944 56
259 510 56
267 276 56
270 555 56
286 1422 56
293 709 56
294 545 56
297 1037 56
302 1318 56
307 1186 56
315 997 56
319 347 56
321 983 56
325 1419 56
333 520 56
349 756 56
368 1385 56
388 1386 56
392 553 56
395 1335 56
406 1108 56
408 1456 56
425 883 56
432 1011 56
434 652 56
439 1069 56
473 1154 56
473 1302 56
484 1331 56
491 1203 56
512 1284 56
520 866 56
527 1188 56
530 1148 56
541 1378 56
551 756 56
555 1115 56
559 1016 56
575 1414 56
583 715 56
607 650 56
608 1172 56
618 948 56
631 1233 56
656 987 56
657 1224 56
661 936 56
671 1054 56
688 1019 56
693 765 56
694 744 56
696 1162 56
720 1074 56
753 936 56
753 1121 56
757 968 56
770 864 56
790 1430 56
792 796 56
808 866 56
822 981 56
838 948 56
840 951 56
881 1424 56
892 1398 56
896 1134 56
897 1171 56
914 1128 56
916 1317 56
946 1120 56
953 1381 56
953 1340 56
967 1046 56
970 1341 56
986 1409 56
1047 1357 56
1090 1455 56
1090 1129 56
1213 1409 56
1311 1422 56
5 770 57
16 545 57
17 1233 57
21 1313 57
22 452 57
38 495 57
44 1421 57
44 1317 57
48 1248 57
50 1000 57
54 142 57
59 250 57
60 1086 57
62 1412 57
95 419 57
119 818 57
121 720 57
122 323 57
127 1340 57
127 925 57
129 1000 57
133 1428 57
144 431 57
148 386 57
150 435 57
156 1147 57
156 708 57
157 933 57
171 439 57
173 279 57
174 1242 57
185 1169 57
191 945 57
196 1129 57
204 736 57
211 478 57
217 958 57
219 1443 57
219 700 57
221 1033 57
223 286 57
228 1216 57
228 752 57
241 1157 57
244 1267 57
244 869 57
248 945 57
249 747 57
281 572 57
282 1207 57
285 708 57
287 593 57
294 734 57
295 1130 57
307 336 57
307 344 57
318 1270 57
322 747 57
327 1413 57
335 1192 57
339 1126 57
341 1049 57
362 946 57
362 1245 57
367 1438 57
369 766 57
384 1025 57
391 1326 57
398 1413 57
405 1306 57
406 1268 57
412 1368 57
433 1302 57
457 846 57
458 691 57
462 1055 57
496 1232 57
509 1302 57
526 1359 57
528 942 57
529 659 57
563 930 57
563 1362 57
583 1461 57
594 628 57
616 1162 57
626 1154 57
630 802 57
641 735 57
647 1039 57
653 1155 57
674 1301 57
691 1472 57
692 934 57
694 1213 57
724 1019 57
767 1113 57
781 1201 57
806 1473 57
813 997 57
834 940 57
869 1387 57
880 1025 57
896 1136 57
904 1151 57
910 983 57
911 1344 57
922 984 57
922 1388 57
936 1139 57
962 1323 57
977 1191 57
984 1439 57
1018 1067 57
1035 1322 57
1035 1267 57
1036 1137 57
1045 1456 57
1180 1479 57
1189 1479 57
1192 1197 57
1224 1273 57
1263 1359 57
1326 1440 57
7 1144 58
17 1280 58
17 761 58
20 1107 58
28 922 58
35 545 58
48 533 58
52 854 58
57 607 58
59 533 58
66 1434 58
75 1321 58
85 1235 58
91 517 58
94 498 58
101 631 58
111 471 58
121 654 58
128 1099 58
133 258 58
150 984 58
156 503 58
157 1226 58
163 1026 58
165 469 58
183 683 58
190 1025 58
208 632 58
210 1300 58
210 1169 58
227 1050 58
234 1467 58
240 284 58
251 438 58
255 881 58
256 899 58
287 693 58
291 1150 58
298 719 58
313 1308 58
327 1030 58
344 715 58
368 726 58
375 1296 58
385 983 58
391 1353 58
444 1409 58
449 875 58
455 1347 58
483 1327 58
489 1427 58
490 595 58
501 1390 58
518 1437 58
519 888 58
525 846 58
531 1415 58
541 725 58
560 895 58
564 1261 58
573 599 58
578 1035 58
598 642 58
623 1158 58
634 1059 58
640 1438 58
643 766 58
652 749 58
688 846 58
689 1404 58
691 1257 58
732 847 58
766 1204 58
779 786 58
797 799 58
802 852 58
808 1219 58
837 1365 58
839 1063 58
854 1288 58
896 1227 58
899 991 58
912 1375 58
931 1081 58
967 1294 58
973 1135 58
985 1473 58
1002 1173 58
1006 1047 58
1025 1074 58
1069 1117 58
1134 1145 58
1148 1466 58
1149 1332 58
1161 1475 58
1171 1400 58
1304 1308 58
10 452 59
17 1424 59
21 656 59
38 869 59
40 677 59
44 604 59
47 1199 59
54 1121 59
102 1463 59
132 944 59
133 467 59
148 242 59
153 1171 59
160 990 59
168 835 59
192 521 59
196 298 59
218 1039 59
223 451 59
224 503 59
236 1381 59
244 662 59
245 637 59
255 596 59
255 678 59
261 1338 59
264 567 59
270 527 59
282 781 59
316 665 59
317 681 59
320 679 59
321 841 59
322 614 59
344 813 59
348 774 59
360 1471 59
405 1450 59
422 882 59
440 859 59
538 723 59
555 1275 59
644 1288 59
652 1165 59
658 1095 59
659 1078 59
664 1005 59
667 1190 59
784 930 59
786 1363 59
811 905 59
814 1111 59
868 1052 59
872 1438 59
875 1273 59
896 904 59
897 950 59
952 953 59
972 1319 59
1013 1156 59
1089 1415 59
1107 1160 59
1145 1341 59
1205 1437 59
1208 1328 59
1237 1278 59
14 50 60
17 971 60
45 936 60
49 544 60
60 1058 60
61 412 60
89 167 60
108 1110 60
114 682 60
134 578 60
140 469 60
152 603 60
157 885 60
200 460 60
212 705 60
250 1457 60
327 920 60
331 1280 60
437 797 60
462 897 60
538 1034 60
572 589 60
603 1429 60
609 1100 60
617 1334 60
669 1143 60
760 805 60
781 1325 60
806 1035 60
917 1170 60
1004 1118 60
1170 1375 60
1413 1470 60
