2 4 0
3 4 0
4 5 0
7 8 0
9 16 0
9 15 0
9 13 0
9 11 0
9 14 0
10 13 0
10 34 0
10 33 0
11 15 0
11 13 0
11 12 0
11 14 0
12 15 0
13 16 0
13 15 0
14 16 0
15 16 0
16 53 0
16 34 0
17 19 0
17 18 0
18 35 0
19 45 0
20 22 0
20 21 0
21 31 0
21 32 0
22 50 0
22 31 0
22 43 0
22 32 0
24 25 0
26 58 0
26 57 0
27 29 0
28 44 0
28 29 0
30 40 0
32 50 0
33 1349 0
34 53 0
35 36 0
37 40 0
37 39 0
37 38 0
40 49 0
41 43 0
41 42 0
45 48 0
45 46 0
46 48 0
46 47 0
52 53 0
54 55 0
57 58 0
79 650 0
80 451 0
83 1418 0
88 618 0
100 868 0
102 490 0
123 968 0
171 1031 0
239 500 0
309 761 0
411 927 0
418 1093 0
476 1290 0
555 1195 0
570 1058 0
577 1400 0
649 1479 0
700 723 0
708 890 0
726 1327 0
728 974 0
764 1259 0
876 907 0
949 1124 0
955 1251 0
999 1392 0
1006 1377 0
1012 1341 0
1052 1374 0
1098 1387 0
1108 1473 0
1137 1163 0
1232 1348 0
1 65 1
2 59 1
2 537 1
3 59 1
3 75 1
3 84 1
4 69 1
4 5 1
5 69 1
6 66 1
8 75 1
8 33 1
8 61 1
10 31 1
17 40 1
17 37 1
17 31 1
17 67 1
18 419 1
19 74 1
21 29 1
25 80 1
25 46 1
28 86 1
31 67 1
31 83 1
31 82 1
33 75 1
33 59 1
35 46 1
35 78 1
46 80 1
47 51 1
57 61 1
59 75 1
60 62 1
61 62 1
61 63 1
61 66 1
62 75 1
62 85 1
63 84 1
64 65 1
64 1292 1
64 655 1
67 443 1
68 798 1
70 72 1
70 73 1
71 77 1
71 72 1
72 77 1
75 85 1
76 77 1
79 80 1
81 82 1
82 83 1
82 355 1
96 738 1
216 1189 1
253 1216 1
278 701 1
294 1170 1
314 732 1
336 1080 1
348 1099 1
390 749 1
510 1382 1
511 1430 1
523 775 1
539 1448 1
576 1098 1
593 1284 1
619 963 1
646 1160 1
681 1382 1
712 1438 1
764 773 1
794 1367 1
864 1010 1
883 1315 1
1010 1331 1
1381 1462 1
0 51 2
2 89 2
2 12 2
2 59 2
3 129 2
3 130 2
3 31 2
6 121 2
6 24 2
6 120 2
8 59 2
10 80 2
10 111 2
10 114 2
10 31 2
12 59 2
24 138 2
24 121 2
24 120 2
24 119 2
25 87 2
28 115 2
28 99 2
28 91 2
31 71 2
31 111 2
31 104 2
31 80 2
31 112 2
35 123 2
35 94 2
35 124 2
40 63 2
40 60 2
51 105 2
59 75 2
60 63 2
61 122 2
68 80 2
68 131 2
69 109 2
70 95 2
70 94 2
71 428 2
72 1227 2
81 126 2
81 127 2
86 103 2
86 101 2
88 89 2
90 92 2
90 91 2
90 93 2
91 115 2
92 93 2
94 95 2
96 97 2
96 1396 2
99 100 2
99 106 2
101 104 2
101 103 2
101 102 2
104 114 2
106 130 2
106 135 2
108 110 2
109 110 2
109 854 2
112 114 2
114 134 2
114 133 2
116 118 2
117 118 2
120 121 2
121 137 2
125 128 2
125 127 2
125 126 2
126 128 2
126 127 2
130 230 2
133 134 2
136 137 2
149 1031 2
197 1311 2
197 785 2
198 1437 2
200 836 2
205 1386 2
247 289 2
262 724 2
263 1372 2
264 945 2
312 1017 2
328 347 2
338 1037 2
346 1335 2
372 1218 2
376 540 2
403 789 2
514 798 2
518 733 2
572 1471 2
576 1213 2
592 785 2
630 1130 2
654 1244 2
684 1044 2
799 1346 2
836 928 2
838 921 2
885 974 2
890 1289 2
895 1061 2
1113 1239 2
1 115 3
1 24 3
2 107 3
2 137 3
2 109 3
10 31 3
12 109 3
14 31 3
14 103 3
24 115 3
24 148 3
25 131 3
28 98 3
29 31 3
31 111 3
31 103 3
35 94 3
35 143 3
45 97 3
56 244 3
61 146 3
62 151 3
63 938 3
68 120 3
68 110 3
69 123 3
69 141 3
69 110 3
70 73 3
70 94 3
73 94 3
73 143 3
73 76 3
81 94 3
85 1360 3
86 92 3
91 115 3
92 147 3
93 147 3
94 124 3
95 843 3
106 135 3
108 141 3
108 140 3
108 139 3
110 123 3
110 120 3
111 132 3
120 141 3
122 142 3
124 143 3
125 132 3
132 145 3
135 147 3
139 141 3
139 140 3
146 150 3
147 153 3
155 285 3
184 1457 3
206 490 3
236 715 3
254 899 3
287 809 3
292 1217 3
342 591 3
348 541 3
378 598 3
400 1111 3
479 627 3
480 1320 3
549 1243 3
573 1472 3
869 1201 3
901 1150 3
906 1273 3
934 1169 3
1006 1395 3
1012 1279 3
1043 1322 3
1089 1326 3
1121 1218 3
1204 1372 3
1 60 4
2 88 4
2 137 4
2 89 4
2 12 4
10 166 4
10 31 4
12 122 4
12 137 4
12 60 4
14 15 4
14 24 4
14 68 4
15 24 4
24 140 4
28 92 4
28 29 4
28 90 4
29 155 4
43 265 4
60 121 4
61 154 4
62 151 4
64 156 4
68 124 4
68 156 4
69 120 4
70 94 4
70 141 4
88 137 4
88 108 4
89 137 4
90 92 4
90 115 4
90 91 4
91 115 4
91 93 4
92 163 4
94 165 4
94 149 4
95 124 4
98 164 4
101 102 4
103 155 4
108 110 4
111 114 4
111 1035 4
112 114 4
115 151 4
121 148 4
121 138 4
122 154 4
122 142 4
123 165 4
123 148 4
123 156 4
123 149 4
124 157 4
138 166 4
138 148 4
139 140 4
150 158 4
154 158 4
156 157 4
160 162 4
160 161 4
161 162 4
175 429 4
210 1032 4
215 575 4
235 1012 4
241 325 4
281 1414 4
282 739 4
315 347 4
380 643 4
431 706 4
455 518 4
459 1406 4
546 1313 4
578 1191 4
600 1223 4
673 1136 4
688 751 4
805 1230 4
901 972 4
1083 1089 4
1147 1457 4
1350 1449 4
2 137 5
2 89 5
4 1015 5
10 155 5
10 31 5
17 97 5
28 62 5
28 91 5
29 170 5
29 152 5
49 208 5
69 110 5
69 120 5
70 94 5
70 165 5
88 137 5
94 95 5
94 728 5
97 109 5
97 162 5
102 152 5
102 103 5
103 152 5
106 122 5
106 150 5
106 135 5
111 114 5
111 112 5
112 114 5
114 722 5
115 151 5
119 142 5
120 140 5
121 148 5
122 154 5
123 148 5
123 165 5
124 149 5
130 522 5
138 148 5
147 169 5
157 172 5
160 162 5
172 767 5
185 1020 5
297 1195 5
337 843 5
427 1012 5
495 1109 5
513 613 5
531 1463 5
539 1058 5
624 1452 5
633 1224 5
679 1255 5
704 1302 5
739 850 5
780 916 5
787 987 5
901 1259 5
914 1305 5
1029 1163 5
1074 1476 5
1304 1374 5
2 89 6
2 107 6
12 143 6
12 68 6
14 106 6
14 61 6
21 175 6
28 106 6
31 166 6
33 599 6
61 106 6
62 177 6
69 110 6
88 137 6
94 121 6
95 124 6
95 601 6
97 162 6
102 152 6
103 931 6
108 110 6
112 114 6
114 173 6
115 177 6
119 142 6
120 140 6
125 415 6
136 1186 6
149 404 6
189 1269 6
215 916 6
255 1406 6
319 372 6
345 1416 6
420 503 6
455 569 6
497 816 6
532 1273 6
697 998 6
717 1438 6
733 869 6
739 1070 6
829 1246 6
866 1191 6
890 1356 6
908 1057 6
1175 1408 6
1225 1382 6
10 183 7
21 110 7
21 175 7
28 179 7
83 844 7
88 89 7
101 112 7
108 120 7
115 180 7
120 140 7
158 920 7
160 181 7
160 162 7
162 181 7
169 179 7
183 184 7
262 1424 7
357 563 7
360 679 7
456 1425 7
466 670 7
522 1269 7
562 1263 7
705 1396 7
734 792 7
839 844 7
994 1396 7
995 1209 7
1008 1186 7
1039 1048 7
1087 1160 7
1374 1446 7
2 654 8
8 1394 8
12 188 8
21 186 8
21 108 8
25 1228 8
28 142 8
28 179 8
28 189 8
28 61 8
29 170 8
41 573 8
60 191 8
60 192 8
61 191 8
61 181 8
94 197 8
94 184 8
106 179 8
107 186 8
107 192 8
107 195 8
107 181 8
108 186 8
112 187 8
115 181 8
129 175 8
134 1034 8
140 186 8
142 186 8
143 198 8
143 176 8
160 193 8
179 189 8
184 197 8
185 198 8
192 195 8
222 1354 8
295 429 8
305 1174 8
319 1112 8
361 523 8
364 995 8
449 541 8
591 607 8
603 1329 8
705 875 8
720 982 8
772 1299 8
809 950 8
904 1029 8
967 1155 8
1326 1474 8
12 110 9
12 188 9
12 214 9
12 215 9
12 195 9
12 216 9
12 213 9
12 92 9
12 21 9
13 432 9
21 92 9
21 215 9
21 216 9
21 230 9
21 231 9
21 213 9
25 611 9
28 106 9
28 221 9
28 179 9
39 1079 9
47 1085 9
53 1008 9
61 179 9
61 221 9
61 227 9
61 224 9
61 222 9
71 207 9
88 231 9
88 110 9
91 1186 9
92 214 9
92 215 9
92 195 9
92 216 9
92 188 9
92 211 9
92 208 9
106 224 9
106 234 9
107 238 9
110 230 9
110 188 9
112 225 9
112 201 9
112 200 9
112 180 9
121 211 9
123 1285 9
136 1008 9
140 170 9
140 186 9
142 202 9
142 203 9
142 190 9
142 204 9
142 170 9
142 205 9
142 169 9
146 196 9
148 1029 9
152 239 9
160 217 9
160 206 9
160 229 9
169 223 9
169 190 9
170 204 9
170 203 9
170 235 9
170 205 9
172 1344 9
176 212 9
176 208 9
179 221 9
179 222 9
179 223 9
180 225 9
180 226 9
180 201 9
180 200 9
185 195 9
185 213 9
185 841 9
186 231 9
186 190 9
186 206 9
188 215 9
188 210 9
188 209 9
190 231 9
190 230 9
192 195 9
192 230 9
192 218 9
192 219 9
192 217 9
192 220 9
193 362 9
195 214 9
195 211 9
195 213 9
197 226 9
199 200 9
200 201 9
201 225 9
201 228 9
202 204 9
202 203 9
202 205 9
203 204 9
203 235 9
203 205 9
204 235 9
204 205 9
205 235 9
206 207 9
208 212 9
209 215 9
209 216 9
209 210 9
210 216 9
211 214 9
213 214 9
214 230 9
217 218 9
217 220 9
217 219 9
218 219 9
219 233 9
219 232 9
219 220 9
220 233 9
221 224 9
221 222 9
224 234 9
224 227 9
225 226 9
230 231 9
237 762 9
242 424 9
258 268 9
277 1005 9
287 1081 9
333 518 9
349 614 9
352 571 9
390 1256 9
394 443 9
422 939 9
424 911 9
449 716 9
466 1318 9
469 663 9
493 1182 9
496 594 9
511 1165 9
561 711 9
578 666 9
634 1139 9
641 841 9
677 1195 9
758 945 9
828 893 9
906 935 9
931 1380 9
1040 1412 9
1116 1427 9
1130 1314 9
1134 1165 9
1175 1368 9
12 190 10
12 245 10
47 148 10
60 195 10
60 192 10
61 160 10
88 106 10
88 192 10
92 249 10
94 475 10
106 238 10
106 207 10
106 192 10
106 191 10
107 238 10
110 230 10
112 244 10
143 257 10
152 264 10
152 263 10
169 256 10
169 255 10
187 197 10
187 246 10
189 1320 10
191 242 10
191 207 10
192 220 10
195 259 10
195 230 10
195 231 10
207 267 10
217 228 10
227 265 10
228 232 10
230 259 10
239 316 10
240 241 10
244 260 10
244 247 10
244 261 10
247 260 10
247 261 10
250 252 10
250 251 10
253 254 10
254 262 10
257 258 10
263 264 10
264 892 10
282 1442 10
294 1301 10
334 1355 10
381 495 10
427 1472 10
623 798 10
624 1011 10
658 869 10
665 1455 10
888 1100 10
905 1112 10
952 1043 10
1241 1249 10
1246 1430 10
1344 1469 10
4 955 11
12 188 11
42 670 11
51 1469 11
58 66 11
60 230 11
60 192 11
60 88 11
61 269 11
63 958 11
86 1473 11
88 192 11
88 231 11
88 301 11
88 230 11
88 220 11
88 303 11
106 283 11
107 319 11
107 321 11
121 324 11
121 327 11
121 325 11
121 207 11
121 191 11
121 290 11
145 1216 11
152 287 11
152 299 11
152 294 11
160 266 11
160 268 11
169 309 11
169 307 11
169 310 11
169 306 11
170 261 11
170 297 11
175 546 11
176 190 11
176 191 11
179 269 11
179 275 11
179 276 11
179 277 11
190 248 11
190 191 11
190 288 11
191 287 11
191 207 11
191 324 11
191 260 11
191 290 11
192 230 11
192 231 11
192 220 11
205 844 11
207 324 11
207 282 11
212 326 11
217 259 11
218 232 11
218 219 11
220 305 11
220 230 11
220 303 11
220 301 11
220 302 11
220 300 11
229 404 11
230 304 11
230 231 11
230 301 11
230 302 11
230 305 11
230 300 11
231 303 11
236 1225 11
238 931 11
242 252 11
242 329 11
246 287 11
246 270 11
246 272 11
246 317 11
246 268 11
246 273 11
248 323 11
252 329 11
252 292 11
252 291 11
253 271 11
253 270 11
253 286 11
253 284 11
253 285 11
253 806 11
255 311 11
259 296 11
259 295 11
260 261 11
260 287 11
261 322 11
261 297 11
266 268 11
268 270 11
268 271 11
268 272 11
268 273 11
269 276 11
269 285 11
269 271 11
270 272 11
270 286 11
270 284 11
270 285 11
270 273 11
271 286 11
271 272 11
271 273 11
271 404 11
272 273 11
274 275 11
275 281 11
275 280 11
278 279 11
280 281 11
284 286 11
284 285 11
285 286 11
287 299 11
287 297 11
287 298 11
291 292 11
293 294 11
295 296 11
297 298 11
297 315 11
297 299 11
298 299 11
300 304 11
300 305 11
301 304 11
301 302 11
301 303 11
302 304 11
302 305 11
302 303 11
303 305 11
306 309 11
306 307 11
306 308 11
307 308 11
309 310 11
311 313 11
311 312 11
312 313 11
314 315 11
315 316 11
318 320 11
318 321 11
319 321 11
320 321 11
324 325 11
329 330 11
342 777 11
382 559 11
384 922 11
400 590 11
401 946 11
402 994 11
560 1367 11
579 1431 11
585 754 11
601 1367 11
606 1214 11
611 1278 11
670 829 11
750 1348 11
791 1161 11
798 1338 11
801 1272 11
807 1361 11
823 1400 11
832 1004 11
850 889 11
877 1044 11
906 1277 11
997 1298 11
1171 1266 11
1245 1248 11
12 336 12
18 84 12
61 311 12
61 359 12
76 707 12
89 684 12
97 364 12
107 320 12
107 228 12
121 292 12
135 302 12
176 350 12
176 356 12
176 354 12
176 349 12
195 360 12
202 901 12
219 318 12
219 220 12
219 320 12
220 360 12
220 320 12
220 335 12
220 228 12
228 337 12
228 340 12
228 320 12
228 321 12
228 341 12
245 354 12
252 369 12
256 352 12
260 321 12
260 345 12
276 351 12
279 351 12
293 297 12
295 362 12
295 1306 12
297 343 12
301 318 12
301 347 12
306 348 12
306 351 12
311 351 12
318 347 12
320 360 12
320 335 12
321 339 12
321 341 12
323 350 12
327 366 12
333 334 12
337 341 12
337 340 12
337 339 12
337 338 12
338 342 12
339 341 12
339 972 12
340 341 12
344 345 12
345 1115 12
346 347 12
349 350 12
350 354 12
351 352 12
351 353 12
353 365 12
354 356 12
354 355 12
357 358 12
361 362 12
362 363 12
367 368 12
367 369 12
368 370 12
368 369 12
369 370 12
378 1254 12
405 458 12
410 517 12
442 1162 12
480 1042 12
545 1132 12
558 647 12
573 607 12
626 1347 12
647 1345 12
694 736 12
710 1123 12
725 1092 12
760 783 12
795 862 12
836 882 12
861 1273 12
894 1446 12
947 1259 12
1005 1408 12
1027 1301 12
1060 1090 12
1140 1191 12
1245 1319 12
37 113 13
102 686 13
141 234 13
187 1413 13
222 626 13
228 360 13
252 375 13
252 373 13
292 383 13
292 379 13
336 371 13
345 351 13
351 377 13
362 1474 13
364 734 13
367 543 13
372 1237 13
380 382 13
381 382 13
384 385 13
386 387 13
483 607 13
491 513 13
536 1148 13
571 582 13
576 1080 13
606 1118 13
607 1279 13
618 1079 13
759 1228 13
807 817 13
850 1471 13
1170 1206 13
1276 1392 13
1 61 14
16 233 14
24 1355 14
37 90 14
61 416 14
61 415 14
61 414 14
69 931 14
94 865 14
133 972 14
134 640 14
190 840 14
219 431 14
224 1318 14
228 431 14
242 400 14
252 425 14
252 424 14
253 638 14
256 351 14
256 395 14
256 417 14
256 419 14
256 392 14
259 705 14
260 295 14
260 411 14
270 728 14
279 365 14
279 362 14
279 280 14
280 365 14
292 331 14
292 434 14
292 426 14
292 424 14
293 374 14
293 351 14
295 453 14
295 454 14
295 411 14
306 391 14
310 646 14
311 401 14
311 402 14
311 442 14
311 351 14
317 1170 14
320 360 14
323 445 14
323 446 14
323 444 14
331 383 14
331 464 14
335 360 14
335 465 14
341 365 14
341 342 14
341 384 14
342 447 14
345 430 14
345 362 14
345 363 14
347 412 14
347 460 14
351 448 14
351 402 14
353 455 14
353 442 14
353 377 14
354 409 14
354 407 14
354 404 14
354 405 14
354 406 14
354 408 14
355 397 14
359 430 14
359 362 14
359 361 14
359 363 14
360 412 14
360 465 14
361 430 14
361 362 14
361 363 14
362 365 14
362 363 14
365 447 14
366 420 14
366 421 14
366 422 14
366 423 14
377 455 14
377 396 14
378 449 14
378 393 14
378 396 14
378 394 14
378 392 14
383 426 14
386 443 14
389 452 14
392 393 14
392 394 14
392 395 14
392 396 14
393 396 14
398 399 14
398 400 14
399 400 14
399 445 14
399 409 14
400 457 14
401 402 14
402 448 14
402 403 14
404 405 14
404 410 14
405 410 14
406 407 14
406 408 14
407 408 14
407 409 14
408 409 14
409 445 14
409 444 14
409 446 14
412 413 14
414 415 14
414 416 14
415 416 14
417 418 14
417 419 14
418 419 14
420 421 14
421 422 14
422 423 14
423 438 14
423 439 14
424 425 14
424 426 14
427 428 14
427 429 14
432 436 14
432 434 14
433 435 14
433 441 14
433 436 14
433 434 14
433 437 14
434 435 14
434 436 14
435 441 14
435 436 14
435 440 14
440 441 14
444 446 14
444 445 14
445 446 14
450 451 14
450 1050 14
458 459 14
462 463 14
507 678 14
554 1469 14
590 1335 14
612 923 14
651 714 14
744 932 14
747 946 14
801 1091 14
830 1202 14
947 1312 14
975 1194 14
1368 1427 14
28 1359 15
56 536 15
95 149 15
142 353 15
143 1085 15
178 822 15
190 998 15
224 915 15
241 580 15
252 488 15
256 419 15
256 442 15
256 403 15
260 469 15
260 954 15
279 467 15
279 475 15
279 495 15
280 351 15
292 477 15
292 476 15
293 475 15
295 453 15
295 468 15
306 483 15
311 401 15
320 490 15
320 492 15
335 419 15
338 454 15
341 447 15
344 467 15
344 345 15
344 430 15
353 455 15
353 392 15
374 608 15
392 455 15
394 475 15
401 416 15
405 438 15
405 482 15
406 407 15
406 465 15
406 481 15
407 408 15
408 650 15
409 479 15
414 470 15
414 415 15
418 442 15
418 474 15
419 473 15
427 478 15
429 486 15
430 467 15
435 477 15
435 1373 15
439 489 15
441 488 15
442 474 15
442 473 15
452 590 15
453 454 15
453 468 15
454 469 15
454 468 15
462 466 15
465 481 15
471 472 15
473 474 15
475 480 15
475 588 15
476 477 15
481 487 15
490 491 15
490 493 15
491 493 15
491 492 15
497 498 15
539 764 15
569 680 15
580 1256 15
585 1373 15
757 1172 15
803 1061 15
810 1142 15
863 931 15
968 988 15
1007 1142 15
2 332 16
38 535 16
60 1104 16
66 1175 16
84 97 16
98 456 16
101 241 16
186 738 16
213 845 16
252 488 16
252 378 16
255 1220 16
256 353 16
292 503 16
293 451 16
316 992 16
331 516 16
334 405 16
334 438 16
335 339 16
351 402 16
351 401 16
357 399 16
359 524 16
359 526 16
359 1281 16
381 885 16
382 522 16
399 444 16
401 416 16
402 501 16
404 522 16
405 438 16
409 444 16
412 465 16
412 882 16
416 514 16
419 508 16
419 506 16
420 1196 16
427 428 16
432 499 16
441 521 16
443 472 16
445 477 16
446 534 16
452 1074 16
454 529 16
463 1421 16
491 528 16
491 492 16
492 528 16
492 530 16
504 505 16
506 507 16
509 510 16
512 1458 16
517 519 16
519 525 16
523 526 16
523 525 16
523 524 16
524 525 16
524 526 16
525 526 16
534 732 16
594 1393 16
678 1396 16
688 818 16
698 1124 16
729 1367 16
759 1069 16
827 1237 16
830 880 16
843 1357 16
1059 1435 16
1078 1316 16
24 59 17
25 417 17
55 164 17
74 1111 17
114 729 17
121 1214 17
122 631 17
135 981 17
153 1271 17
171 691 17
196 502 17
196 1239 17
212 845 17
256 543 17
256 542 17
310 567 17
318 1029 17
320 546 17
334 438 17
339 1300 17
352 862 17
354 410 17
357 398 17
357 446 17
363 1093 17
366 422 17
382 404 17
382 503 17
382 522 17
390 1320 17
398 446 17
399 544 17
401 514 17
401 416 17
404 503 17
405 438 17
408 410 17
413 685 17
419 508 17
419 507 17
432 441 17
443 515 17
443 460 17
443 472 17
460 472 17
503 522 17
507 508 17
514 525 17
515 536 17
523 524 17
524 526 17
540 1277 17
542 545 17
542 543 17
545 1066 17
560 1456 17
576 622 17
588 1295 17
635 956 17
662 670 17
691 970 17
702 1212 17
716 1332 17
755 1018 17
788 801 17
792 929 17
925 1114 17
937 1001 17
1079 1186 17
1082 1418 17
1196 1413 17
1268 1446 17
3 672 18
55 1035 18
59 884 18
100 285 18
135 967 18
162 527 18
263 533 18
284 978 18
294 1188 18
320 546 18
334 422 18
334 366 18
334 357 18
335 409 18
350 1430 18
354 1027 18
381 437 18
381 436 18
382 500 18
394 450 18
394 510 18
394 816 18
427 555 18
431 529 18
431 546 18
450 509 18
450 510 18
454 491 18
456 491 18
460 558 18
462 466 18
465 557 18
472 488 18
488 552 18
504 553 18
509 510 18
515 536 18
515 529 18
523 524 18
524 526 18
526 554 18
536 558 18
537 550 18
537 551 18
550 551 18
551 556 18
565 1160 18
727 915 18
730 778 18
848 1165 18
903 1122 18
1008 1203 18
1123 1325 18
1132 1203 18
1255 1312 18
11 59 19
13 565 19
24 1452 19
33 595 19
39 530 19
39 1011 19
81 435 19
105 363 19
116 914 19
117 337 19
147 1045 19
189 1208 19
249 323 19
259 1037 19
278 770 19
320 546 19
320 556 19
331 575 19
331 562 19
331 552 19
339 557 19
339 465 19
339 460 19
353 553 19
353 566 19
353 518 19
353 510 19
357 446 19
366 521 19
366 580 19
366 379 19
367 576 19
367 427 19
367 450 19
370 555 19
370 427 19
370 576 19
374 576 19
379 559 19
380 574 19
380 552 19
381 574 19
381 573 19
394 510 19
394 504 19
394 509 19
394 450 19
400 561 19
400 515 19
409 557 19
419 514 19
419 578 19
420 555 19
420 570 19
425 427 19
425 728 19
427 450 19
427 555 19
431 556 19
431 546 19
437 583 19
437 559 19
446 460 19
450 576 19
454 571 19
460 551 19
460 557 19
460 465 19
460 536 19
465 557 19
472 613 19
475 628 19
484 612 19
500 515 19
500 560 19
500 1146 19
504 563 19
504 581 19
504 510 19
505 1286 19
508 566 19
508 584 19
509 510 19
510 566 19
510 563 19
514 526 19
514 554 19
514 578 19
515 561 19
515 560 19
518 566 19
518 563 19
518 553 19
518 564 19
521 580 19
523 524 19
523 554 19
524 554 19
526 554 19
533 571 19
533 570 19
533 555 19
533 561 19
537 569 19
537 568 19
543 585 19
543 586 19
546 556 19
547 582 19
550 651 19
552 562 19
552 574 19
552 575 19
553 581 19
553 555 19
553 564 19
565 566 19
565 567 19
566 585 19
566 584 19
572 573 19
573 574 19
577 578 19
584 585 19
585 586 19
587 848 19
786 994 19
830 919 19
923 1128 19
940 1406 19
982 1398 19
1027 1447 19
1038 1101 19
1066 1358 19
1251 1267 19
1384 1421 19
9 843 20
28 789 20
32 489 20
39 790 20
42 1333 20
58 1438 20
74 1281 20
80 1410 20
114 1458 20
127 232 20
129 1228 20
177 493 20
214 1423 20
242 511 20
309 439 20
320 537 20
320 624 20
320 638 20
331 521 20
331 574 20
351 1104 20
354 602 20
355 465 20
357 609 20
357 1314 20
366 606 20
366 607 20
367 576 20
367 635 20
367 593 20
367 374 20
367 427 20
370 374 20
370 424 20
374 576 20
374 604 20
374 427 20
374 424 20
376 627 20
376 614 20
376 379 20
376 609 20
379 609 20
380 574 20
381 573 20
394 612 20
394 565 20
394 450 20
394 510 20
400 602 20
410 602 20
425 623 20
425 576 20
425 622 20
425 552 20
427 593 20
431 598 20
431 599 20
437 1082 20
458 614 20
466 557 20
467 606 20
499 1011 20
508 566 20
508 600 20
510 565 20
510 566 20
518 605 20
518 604 20
518 619 20
518 621 20
521 574 20
524 626 20
526 636 20
530 916 20
533 570 20
533 634 20
537 624 20
545 908 20
552 572 20
552 575 20
552 623 20
552 606 20
552 601 20
557 594 20
561 596 20
561 603 20
561 595 20
565 612 20
565 611 20
566 605 20
566 604 20
568 626 20
568 597 20
572 613 20
572 575 20
572 601 20
572 574 20
574 613 20
574 614 20
576 593 20
576 1355 20
581 628 20
582 630 20
584 629 20
584 585 20
584 637 20
585 629 20
587 588 20
587 589 20
587 590 20
587 591 20
587 592 20
587 884 20
588 589 20
588 590 20
589 592 20
589 590 20
590 592 20
590 591 20
591 593 20
592 593 20
598 599 20
603 1228 20
604 605 20
605 621 20
608 610 20
609 610 20
611 612 20
615 616 20
615 617 20
615 618 20
615 653 20
615 1086 20
616 618 20
617 618 20
622 623 20
628 942 20
631 632 20
631 633 20
632 633 20
638 1209 20
662 1258 20
691 877 20
699 1258 20
738 936 20
774 1479 20
790 884 20
832 1130 20
861 1150 20
862 1343 20
865 993 20
873 1242 20
922 935 20
1025 1111 20
1162 1265 20
1165 1382 20
13 935 21
38 256 21
64 768 21
66 657 21
82 923 21
83 1293 21
92 954 21
108 1021 21
120 355 21
121 1438 21
128 482 21
131 184 21
146 1137 21
148 342 21
154 1289 21
169 179 21
169 1386 21
216 1343 21
234 729 21
266 754 21
277 968 21
289 682 21
296 509 21
314 660 21
314 367 21
314 653 21
321 1054 21
323 1383 21
330 374 21
341 766 21
344 361 21
354 677 21
357 640 21
357 679 21
357 680 21
357 657 21
357 446 21
357 671 21
357 639 21
367 581 21
374 581 21
381 572 21
394 650 21
394 510 21
394 651 21
394 652 21
394 653 21
394 655 21
394 654 21
400 689 21
410 648 21
410 630 21
410 645 21
419 545 21
446 680 21
446 679 21
450 1006 21
461 1145 21
480 1011 21
507 773 21
508 674 21
508 514 21
508 570 21
508 672 21
510 514 21
510 615 21
510 567 21
512 889 21
514 674 21
514 533 21
514 673 21
514 615 21
514 672 21
523 688 21
527 724 21
533 584 21
533 577 21
533 570 21
561 637 21
561 647 21
562 1087 21
567 615 21
568 678 21
570 584 21
572 652 21
573 643 21
581 686 21
581 628 21
581 635 21
581 637 21
581 590 21
582 598 21
587 639 21
587 606 21
587 640 21
587 592 21
587 1077 21
592 606 21
606 640 21
606 639 21
612 654 21
613 643 21
613 641 21
615 659 21
624 638 21
629 691 21
629 682 21
630 645 21
630 648 21
636 667 21
636 668 21
636 665 21
637 686 21
637 687 21
639 640 21
642 675 21
642 643 21
644 645 21
648 649 21
650 655 21
650 652 21
650 654 21
650 651 21
651 652 21
651 654 21
651 655 21
653 660 21
661 662 21
662 663 21
662 664 21
665 666 21
665 668 21
665 667 21
666 667 21
668 1224 21
669 670 21
671 675 21
672 673 21
673 674 21
680 690 21
681 682 21
683 684 21
683 685 21
684 685 21
692 693 21
771 1150 21
777 1320 21
780 898 21
817 955 21
876 1473 21
879 1377 21
887 1032 21
892 1067 21
947 1017 21
981 1268 21
993 1282 21
1067 1220 21
1243 1317 21
1361 1457 21
17 1169 22
19 589 22
22 1003 22
41 952 22
58 700 22
107 304 22
135 934 22
158 582 22
183 591 22
207 888 22
218 1456 22
222 294 22
224 641 22
254 1396 22
260 1456 22
304 1116 22
314 746 22
314 747 22
314 670 22
314 367 22
320 688 22
320 717 22
338 1448 22
354 410 22
357 745 22
357 743 22
357 561 22
357 734 22
357 719 22
357 649 22
363 918 22
367 747 22
367 746 22
380 1041 22
394 720 22
394 841 22
400 743 22
400 745 22
410 734 22
431 750 22
431 752 22
447 1241 22
458 732 22
501 1013 22
508 725 22
508 723 22
514 737 22
514 725 22
514 704 22
514 722 22
561 697 22
561 647 22
563 583 22
568 700 22
568 707 22
568 710 22
568 682 22
568 701 22
568 708 22
572 573 22
572 670 22
572 705 22
575 744 22
575 592 22
578 629 22
578 709 22
578 753 22
581 728 22
581 673 22
581 711 22
584 1245 22
592 744 22
597 700 22
597 701 22
616 702 22
616 704 22
616 703 22
629 753 22
629 674 22
648 1374 22
655 1213 22
670 705 22
673 709 22
673 674 22
673 742 22
680 754 22
680 689 22
680 736 22
680 735 22
682 742 22
682 707 22
682 708 22
689 754 22
689 736 22
689 735 22
691 740 22
691 738 22
693 731 22
696 697 22
696 698 22
696 699 22
697 728 22
697 710 22
697 698 22
697 727 22
697 699 22
698 728 22
698 699 22
698 727 22
700 755 22
700 756 22
700 701 22
701 717 22
701 716 22
702 704 22
702 703 22
703 704 22
706 707 22
706 708 22
706 709 22
708 742 22
709 753 22
711 728 22
711 742 22
712 713 22
712 714 22
712 715 22
713 714 22
713 715 22
714 715 22
716 717 22
718 719 22
719 743 22
720 747 22
720 746 22
722 725 22
722 737 22
723 724 22
723 725 22
723 726 22
724 725 22
724 726 22
725 737 22
725 726 22
727 728 22
731 769 22
733 734 22
734 736 22
734 745 22
734 735 22
735 736 22
738 740 22
738 741 22
738 739 22
740 741 22
746 747 22
748 749 22
750 752 22
751 752 22
754 1263 22
755 756 22
757 758 22
759 832 22
765 1154 22
774 911 22
844 977 22
938 1286 22
974 1319 22
975 1469 22
1003 1329 22
1230 1366 22
1267 1362 22
1312 1442 22
23 458 23
48 257 23
61 289 23
85 776 23
88 162 23
162 362 23
183 554 23
221 1237 23
248 917 23
249 1033 23
254 512 23
292 374 23
314 967 23
331 1098 23
357 729 23
357 781 23
357 734 23
357 778 23
357 777 23
357 780 23
357 745 23
357 735 23
367 795 23
392 1103 23
434 724 23
473 798 23
523 707 23
523 792 23
531 564 23
532 657 23
561 635 23
575 801 23
581 697 23
581 776 23
581 782 23
590 761 23
592 790 23
606 613 23
606 793 23
606 794 23
606 803 23
613 790 23
628 795 23
628 782 23
639 732 23
647 788 23
649 772 23
649 769 23
649 770 23
680 773 23
680 772 23
680 771 23
680 769 23
682 724 23
697 766 23
697 737 23
697 733 23
705 764 23
706 1010 23
707 796 23
712 715 23
712 713 23
714 715 23
716 751 23
716 755 23
716 797 23
716 796 23
719 789 23
725 1412 23
728 766 23
728 776 23
728 775 23
728 733 23
729 780 23
729 778 23
729 777 23
733 766 23
734 735 23
735 736 23
736 788 23
737 791 23
738 783 23
745 781 23
745 778 23
745 777 23
745 780 23
749 796 23
751 796 23
752 799 23
752 797 23
762 763 23
763 800 23
767 768 23
769 786 23
769 787 23
769 770 23
769 773 23
770 772 23
771 773 23
771 843 23
773 785 23
773 786 23
773 787 23
774 776 23
774 775 23
775 776 23
777 781 23
778 779 23
778 781 23
778 780 23
779 781 23
784 787 23
784 786 23
784 785 23
785 786 23
785 787 23
785 1268 23
786 787 23
787 798 23
793 794 23
796 797 23
797 799 23
878 1169 23
951 997 23
1037 1328 23
1046 1470 23
1056 1249 23
1065 1162 23
1081 1134 23
1180 1392 23
1255 1280 23
1300 1357 23
27 756 24
27 1188 24
81 429 24
281 417 24
292 789 24
303 1285 24
333 547 24
387 877 24
404 716 24
578 822 24
604 640 24
629 1107 24
680 718 24
680 787 24
691 807 24
707 812 24
712 715 24
712 713 24
713 715 24
728 775 24
747 761 24
754 811 24
754 813 24
763 818 24
763 816 24
769 787 24
775 776 24
775 810 24
776 810 24
777 782 24
785 798 24
786 798 24
798 1169 24
804 806 24
806 815 24
807 809 24
807 808 24
816 817 24
816 818 24
821 822 24
825 826 24
830 831 24
896 1469 24
918 1016 24
1068 1135 24
1 921 25
10 894 25
17 1182 25
31 1098 25
46 286 25
57 459 25
99 381 25
146 712 25
314 817 25
315 1386 25
322 570 25
379 1034 25
398 747 25
405 1243 25
439 1467 25
477 941 25
528 1350 25
581 1192 25
674 761 25
680 842 25
680 787 25
697 848 25
697 856 25
705 1394 25
706 707 25
707 851 25
735 838 25
735 743 25
736 775 25
736 857 25
743 838 25
747 852 25
751 755 25
751 756 25
755 839 25
755 756 25
756 839 25
766 782 25
766 836 25
770 787 25
775 857 25
775 776 25
777 838 25
782 795 25
782 836 25
785 893 25
787 840 25
795 836 25
799 1135 25
802 832 25
803 831 25
805 814 25
812 844 25
812 843 25
814 815 25
814 850 25
815 850 25
819 863 25
819 862 25
823 858 25
826 854 25
832 848 25
832 833 25
832 849 25
840 841 25
843 844 25
845 846 25
847 849 25
851 866 25
855 856 25
889 1339 25
981 1429 25
1048 1336 25
1094 1255 25
1099 1236 25
1184 1202 25
1276 1341 25
1277 1313 25
1380 1426 25
5 1331 26
8 1333 26
123 952 26
130 135 26
162 1037 26
174 1471 26
201 712 26
240 853 26
268 508 26
279 547 26
292 1147 26
311 1051 26
314 837 26
336 769 26
345 582 26
354 874 26
382 992 26
495 1130 26
566 769 26
572 767 26
615 1268 26
664 1220 26
673 709 26
674 707 26
674 873 26
674 812 26
680 735 26
680 785 26
680 762 26
697 872 26
706 866 26
706 851 26
706 867 26
707 873 26
707 868 26
707 812 26
709 820 26
714 819 26
714 863 26
728 836 26
728 776 26
735 864 26
743 870 26
751 836 26
752 828 26
755 808 26
755 839 26
755 867 26
755 807 26
761 812 26
763 850 26
763 876 26
763 815 26
766 844 26
767 1175 26
775 776 26
777 855 26
777 878 26
786 864 26
800 815 26
807 867 26
807 808 26
808 867 26
812 868 26
819 863 26
820 868 26
825 862 26
826 839 26
828 862 26
831 874 26
832 844 26
832 848 26
833 848 26
836 858 26
836 872 26
837 847 26
838 879 26
844 869 26
844 848 26
845 1436 26
848 1276 26
850 877 26
851 867 26
855 878 26
858 860 26
860 881 26
860 879 26
864 871 26
874 882 26
976 1402 26
1052 1366 26
1087 1160 26
1386 1467 26
5 445 27
10 84 27
37 764 27
52 1214 27
121 1255 27
141 1133 27
188 286 27
213 354 27
248 721 27
270 1183 27
310 1367 27
311 1379 27
314 878 27
314 847 27
364 665 27
421 607 27
432 866 27
484 985 27
485 1161 27
562 1135 27
607 1319 27
629 998 27
637 1434 27
673 674 27
697 872 27
697 836 27
728 775 27
728 776 27
735 736 27
751 854 27
752 863 27
755 854 27
759 890 27
763 883 27
763 850 27
768 853 27
775 922 27
786 897 27
787 887 27
798 887 27
802 844 27
802 851 27
802 812 27
802 1170 27
803 875 27
804 947 27
807 826 27
817 875 27
820 893 27
831 896 27
831 882 27
831 1417 27
839 894 27
844 851 27
848 851 27
850 882 27
864 871 27
865 897 27
873 895 27
875 946 27
876 885 27
876 888 27
880 1281 27
882 896 27
935 981 27
956 1085 27
1125 1388 27
1180 1380 27
99 1412 28
132 475 28
163 1407 28
197 412 28
237 923 28
356 892 28
377 1202 28
404 1093 28
455 908 28
529 650 28
556 1164 28
595 1182 28
689 858 28
689 1275 28
704 985 28
706 866 28
728 807 28
743 777 28
743 871 28
743 787 28
763 803 28
763 850 28
763 863 28
787 871 28
797 851 28
803 851 28
803 863 28
803 884 28
803 850 28
812 901 28
817 851 28
817 863 28
822 904 28
827 936 28
845 903 28
850 863 28
850 884 28
863 884 28
864 887 28
866 900 28
886 906 28
898 899 28
906 907 28
911 912 28
951 1407 28
964 1397 28
1034 1209 28
1303 1323 28
21 893 29
36 554 29
82 1059 29
85 597 29
86 569 29
86 1076 29
169 432 29
216 1204 29
248 679 29
264 494 29
284 1304 29
313 1236 29
335 370 29
697 876 29
736 920 29
767 1462 29
777 838 29
807 866 29
817 833 29
833 908 29
866 916 29
885 906 29
909 920 29
910 914 29
917 918 29
1098 1104 29
1126 1408 29
1189 1363 29
1257 1418 29
1278 1391 29
115 153 30
194 1092 30
447 708 30
576 1335 30
633 1426 30
717 885 30
1136 1246 31
163 187 32
1217 1228 33
794 823 34
927 931 34
1340 1448 34
67 680 35
154 404 35
785 1019 35
991 1364 35
1151 1328 35
114 1017 36
154 342 36
403 1164 36
1060 1123 36
329 901 37
1100 1341 37
93 281 38
540 1416 38
937 1248 38
944 1233 38
121 1088 39
939 940 39
43 1467 40
77 1173 40
129 624 40
178 1450 40
199 1260 40
213 280 40
219 530 40
512 1390 40
627 1154 40
738 757 40
866 1123 40
936 939 40
936 965 40
936 966 40
944 945 40
945 946 40
949 950 40
953 954 40
962 963 40
963 964 40
1323 1371 40
24 291 41
50 539 41
58 1405 41
74 612 41
94 867 41
138 1344 41
172 722 41
192 1192 41
200 390 41
202 436 41
234 1318 41
236 519 41
260 976 41
263 489 41
300 330 41
309 815 41
362 695 41
368 1159 41
456 584 41
456 924 41
482 1029 41
513 761 41
520 1347 41
534 599 41
549 1182 41
565 1022 41
605 1099 41
623 999 41
680 1320 41
737 1424 41
882 1256 41
930 949 41
930 983 41
930 981 41
931 972 41
931 971 41
931 970 41
931 969 41
931 968 41
931 967 41
936 971 41
936 968 41
936 967 41
940 1468 41
944 976 41
944 975 41
944 973 41
946 1009 41
948 966 41
948 978 41
949 982 41
949 981 41
957 1001 41
957 1004 41
957 1003 41
957 1002 41
957 1000 41
962 1352 41
966 978 41
966 977 41
967 969 41
967 971 41
968 969 41
969 971 41
970 1009 41
974 1007 41
976 1009 41
977 978 41
977 1005 41
979 981 41
979 982 41
979 995 41
981 995 41
982 1008 41
984 986 41
987 988 41
989 991 41
989 990 41
992 994 41
992 993 41
993 994 41
994 998 41
994 999 41
996 1012 41
997 998 41
1000 1002 41
1000 1001 41
1001 1002 41
1002 1003 41
1005 1377 41
1010 1011 41
1114 1268 41
4 518 42
55 738 42
97 518 42
110 403 42
123 1116 42
127 1453 42
222 930 42
252 1175 42
265 900 42
268 1110 42
286 947 42
332 794 42
334 365 42
345 1012 42
365 886 42
491 804 42
558 938 42
665 1336 42
700 1146 42
745 1409 42
807 1405 42
819 1203 42
840 876 42
850 1005 42
930 949 42
931 968 42
931 1014 42
931 998 42
942 1015 42
947 1013 42
947 998 42
949 1019 42
949 1005 42
949 1018 42
949 981 42
962 1046 42
962 1020 42
962 1045 42
965 1054 42
965 1038 42
966 1278 42
967 1023 42
967 981 42
972 1055 42
972 1023 42
976 1051 42
976 1049 42
976 1027 42
978 1245 42
981 1023 42
981 1005 42
981 1018 42
983 1008 42
983 1018 42
985 1026 42
985 1025 42
986 1025 42
997 1005 42
997 1028 42
998 1014 42
998 1022 42
998 1054 42
998 1029 42
998 999 42
999 1030 42
1005 1018 42
1005 1028 42
1008 1038 42
1008 1024 42
1008 1033 42
1008 1032 42
1008 1052 42
1011 1051 42
1011 1049 42
1014 1054 42
1014 1030 42
1015 1017 42
1015 1016 42
1016 1017 42
1016 1042 42
1018 1053 42
1018 1022 42
1018 1021 42
1018 1028 42
1020 1046 42
1020 1047 42
1020 1045 42
1021 1022 42
1022 1030 42
1024 1038 42
1024 1035 42
1024 1034 42
1024 1032 42
1024 1036 42
1024 1031 42
1030 1048 42
1031 1034 42
1031 1032 42
1031 1036 42
1031 1035 42
1032 1033 42
1032 1035 42
1032 1034 42
1032 1036 42
1033 1035 42
1033 1034 42
1033 1036 42
1034 1036 42
1035 1036 42
1039 1040 42
1041 1044 42
1041 1042 42
1045 1047 42
1045 1046 42
1046 1047 42
1067 1416 42
1130 1281 42
37 298 43
39 1045 43
51 636 43
52 1181 43
107 192 43
140 1100 43
148 373 43
152 409 43
158 1196 43
165 515 43
168 833 43
206 1170 43
229 1232 43
273 443 43
282 1408 43
292 980 43
294 1164 43
311 1212 43
318 969 43
320 989 43
328 1081 43
336 665 43
339 1063 43
359 628 43
362 1472 43
372 993 43
401 1255 43
418 665 43
503 1368 43
525 1056 43
531 717 43
559 1314 43
571 1300 43
581 1353 43
616 854 43
624 1332 43
625 859 43
693 1018 43
697 1316 43
719 1164 43
722 1196 43
725 910 43
728 1020 43
733 1149 43
744 1414 43
758 1295 43
783 1265 43
829 987 43
835 1083 43
882 1164 43
893 1251 43
930 1063 43
930 1033 43
930 1064 43
930 980 43
930 1065 43
930 1066 43
930 958 43
938 1049 43
945 1275 43
947 1079 43
947 1018 43
947 1211 43
947 1314 43
958 1063 43
958 1008 43
962 1116 43
962 1046 43
962 1088 43
965 1038 43
972 1076 43
972 1040 43
972 1056 43
976 1109 43
976 1104 43
976 1022 43
980 1005 43
980 1053 43
981 1005 43
981 1038 43
982 1111 43
983 1053 43
985 1080 43
985 1025 43
993 1088 43
993 1090 43
993 1091 43
993 1089 43
999 1083 43
999 1018 43
999 1005 43
999 1079 43
999 1029 43
999 1085 43
999 1108 43
999 1082 43
1005 1083 43
1005 1053 43
1005 1117 43
1005 1018 43
1005 1085 43
1005 1081 43
1005 1082 43
1005 1038 43
1006 1098 43
1006 1097 43
1008 1033 43
1008 1063 43
1008 1064 43
1011 1113 43
1011 1115 43
1011 1114 43
1015 1080 43
1018 1083 43
1018 1085 43
1018 1050 43
1018 1081 43
1022 1109 43
1022 1065 43
1024 1100 43
1024 1099 43
1024 1038 43
1032 1076 43
1032 1095 43
1032 1073 43
1032 1072 43
1032 1092 43
1032 1071 43
1033 1063 43
1038 1100 43
1038 1072 43
1038 1070 43
1038 1069 43
1038 1063 43
1038 1099 43
1038 1073 43
1038 1071 43
1038 1058 43
1040 1076 43
1040 1056 43
1046 1088 43
1049 1103 43
1049 1101 43
1049 1051 43
1050 1097 43
1053 1108 43
1056 1075 43
1056 1076 43
1057 1058 43
1057 1059 43
1057 1061 43
1058 1061 43
1058 1062 43
1058 1060 43
1059 1061 43
1059 1062 43
1059 1060 43
1060 1061 43
1060 1062 43
1061 1062 43
1063 1069 43
1064 1065 43
1064 1066 43
1065 1066 43
1067 1068 43
1070 1074 43
1070 1071 43
1071 1072 43
1071 1074 43
1072 1074 43
1073 1099 43
1073 1074 43
1073 1092 43
1076 1096 43
1076 1092 43
1077 1078 43
1077 1079 43
1078 1079 43
1081 1082 43
1081 1083 43
1081 1084 43
1082 1083 43
1082 1085 43
1083 1085 43
1086 1087 43
1088 1090 43
1088 1091 43
1089 1090 43
1092 1093 43
1092 1096 43
1094 1096 43
1097 1098 43
1099 1100 43
1099 1105 43
1101 1102 43
1101 1103 43
1101 1104 43
1105 1106 43
1113 1114 43
1114 1115 43
1131 1440 43
1149 1215 43
1422 1453 43
67 642 44
102 281 44
117 294 44
191 1235 44
334 1399 44
335 839 44
375 617 44
391 1121 44
420 977 44
421 423 44
535 897 44
556 586 44
692 811 44
703 829 44
742 819 44
875 1421 44
947 983 44
976 1046 44
976 1102 44
993 1029 44
1008 1128 44
1025 1095 44
1041 1056 44
1041 1130 44
1046 1050 44
1067 1122 44
1120 1121 44
0 1325 45
31 488 45
34 438 45
48 235 45
69 318 45
78 1166 45
88 552 45
123 403 45
140 930 45
147 848 45
162 883 45
191 1471 45
213 674 45
217 517 45
218 488 45
233 1071 45
240 1290 45
262 778 45
277 881 45
319 741 45
367 514 45
374 1093 45
421 1442 45
502 711 45
587 840 45
600 805 45
628 715 45
672 1024 45
735 936 45
738 1013 45
790 815 45
839 1057 45
896 1304 45
924 960 45
946 1116 45
946 1173 45
947 990 45
954 960 45
967 1212 45
972 1161 45
972 1146 45
976 1177 45
976 1169 45
983 1176 45
983 1154 45
1011 1181 45
1011 1158 45
1011 1149 45
1011 1115 45
1017 1175 45
1017 1125 45
1022 1046 45
1029 1150 45
1029 1079 45
1041 1147 45
1041 1076 45
1041 1146 45
1046 1151 45
1046 1081 45
1046 1150 45
1056 1115 45
1056 1093 45
1056 1161 45
1056 1157 45
1056 1080 45
1056 1162 45
1056 1060 45
1057 1081 45
1059 1179 45
1060 1147 45
1060 1148 45
1063 1165 45
1063 1070 45
1063 1069 45
1067 1138 45
1067 1068 45
1067 1139 45
1068 1139 45
1068 1138 45
1069 1070 45
1069 1134 45
1076 1147 45
1079 1150 45
1080 1162 45
1080 1111 45
1080 1093 45
1081 1150 45
1081 1153 45
1081 1154 45
1091 1164 45
1093 1134 45
1093 1162 45
1093 1095 45
1095 1134 45
1104 1161 45
1104 1136 45
1104 1137 45
1110 1124 45
1115 1149 45
1115 1159 45
1124 1132 45
1124 1174 45
1124 1148 45
1124 1125 45
1125 1132 45
1125 1148 45
1125 1174 45
1126 1163 45
1127 1178 45
1127 1177 45
1127 1135 45
1133 1171 45
1133 1170 45
1133 1172 45
1135 1136 45
1135 1137 45
1136 1137 45
1138 1139 45
1139 1142 45
1139 1140 45
1139 1143 45
1140 1141 45
1140 1142 45
1141 1142 45
1142 1143 45
1146 1161 45
1147 1148 45
1148 1174 45
1149 1159 45
1149 1158 45
1150 1167 45
1150 1166 45
1150 1153 45
1153 1168 45
1153 1166 45
1155 1156 45
1158 1159 45
1162 1163 45
1166 1167 45
1166 1168 45
1167 1168 45
1170 1171 45
1174 1175 45
1209 1263 45
1321 1463 45
1469 1478 45
6 1303 46
43 1200 46
52 1475 46
65 772 46
71 1406 46
130 959 46
168 180 46
176 1169 46
222 1370 46
230 750 46
237 797 46
262 312 46
286 511 46
287 568 46
326 1317 46
367 699 46
390 633 46
513 1326 46
551 607 46
585 679 46
591 882 46
611 1248 46
633 1278 46
645 1267 46
680 886 46
706 1226 46
726 1135 46
737 766 46
822 1191 46
972 1184 46
972 1183 46
976 1104 46
980 1203 46
983 1121 46
983 1203 46
983 1213 46
991 1474 46
1011 1181 46
1011 1180 46
1011 1149 46
1011 1041 46
1020 1114 46
1022 1214 46
1029 1164 46
1029 1188 46
1029 1205 46
1029 1189 46
1041 1157 46
1041 1152 46
1041 1132 46
1041 1148 46
1041 1174 46
1046 1067 46
1046 1208 46
1056 1207 46
1056 1190 46
1056 1146 46
1057 1135 46
1060 1201 46
1060 1193 46
1060 1149 46
1060 1076 46
1063 1070 46
1068 1139 46
1068 1143 46
1069 1070 46
1076 1146 46
1076 1193 46
1076 1201 46
1076 1149 46
1079 1205 46
1080 1124 46
1080 1125 46
1093 1190 46
1093 1146 46
1093 1192 46
1093 1134 46
1095 1193 46
1102 1178 46
1102 1182 46
1110 1125 46
1111 1162 46
1116 1199 46
1116 1197 46
1121 1203 46
1124 1125 46
1127 1199 46
1127 1156 46
1131 1152 46
1132 1148 46
1133 1172 46
1134 1191 46
1134 1146 46
1134 1209 46
1135 1185 46
1142 1143 46
1144 1190 46
1144 1191 46
1144 1146 46
1146 1190 46
1146 1191 46
1147 1195 46
1147 1194 46
1148 1174 46
1148 1152 46
1149 1193 46
1150 1199 46
1150 1198 46
1150 1200 46
1150 1196 46
1150 1197 46
1153 1210 46
1156 1185 46
1156 1206 46
1156 1169 46
1157 1193 46
1157 1182 46
1163 1202 46
1164 1188 46
1164 1205 46
1164 1189 46
1169 1206 46
1174 1175 46
1178 1182 46
1180 1181 46
1183 1184 46
1186 1187 46
1186 1188 46
1186 1189 46
1187 1188 46
1187 1189 46
1189 1204 46
1190 1192 46
1190 1191 46
1190 1207 46
1193 1201 46
1193 1195 46
1194 1195 46
1196 1198 46
1196 1199 46
1197 1199 46
1197 1198 46
1197 1200 46
1198 1199 46
1198 1200 46
1199 1200 46
1211 1212 46
1215 1216 46
1218 1226 46
1242 1287 46
1359 1469 46
0 1234 47
36 1137 47
38 1171 47
50 800 47
56 894 47
197 255 47
228 1179 47
263 1211 47
330 494 47
339 414 47
397 502 47
444 857 47
546 592 47
576 1368 47
605 1233 47
764 1287 47
879 1473 47
906 1448 47
960 1237 47
960 1184 47
970 1051 47
1006 1238 47
1011 1159 47
1022 1083 47
1022 1046 47
1022 1233 47
1046 1233 47
1060 1147 47
1064 1172 47
1064 1203 47
1064 1239 47
1067 1173 47
1067 1169 47
1067 1068 47
1067 1290 47
1079 1153 47
1093 1191 47
1093 1190 47
1095 1193 47
1121 1128 47
1125 1174 47
1133 1171 47
1133 1172 47
1133 1170 47
1134 1209 47
1134 1190 47
1135 1185 47
1135 1217 47
1136 1137 47
1139 1143 47
1139 1142 47
1139 1325 47
1142 1143 47
1145 1207 47
1148 1238 47
1148 1193 47
1153 1228 47
1153 1234 47
1153 1227 47
1153 1226 47
1155 1224 47
1156 1185 47
1162 1223 47
1169 1173 47
1171 1172 47
1172 1203 47
1175 1238 47
1175 1240 47
1178 1181 47
1180 1230 47
1183 1211 47
1183 1219 47
1185 1206 47
1185 1218 47
1185 1217 47
1186 1189 47
1187 1205 47
1187 1189 47
1189 1205 47
1190 1191 47
1192 1360 47
1195 1201 47
1198 1199 47
1198 1200 47
1199 1200 47
1199 1218 47
1208 1224 47
1210 1236 47
1211 1219 47
1217 1218 47
1220 1221 47
1221 1222 47
1224 1225 47
1224 1231 47
1226 1227 47
1226 1228 47
1227 1228 47
1230 1288 47
1231 1232 47
1238 1240 47
1344 1413 47
20 730 48
63 518 48
94 980 48
161 284 48
161 1198 48
175 1413 48
175 1021 48
184 1113 48
283 958 48
316 401 48
401 466 48
426 505 48
433 893 48
502 888 48
549 1199 48
592 1349 48
624 1214 48
721 740 48
728 1378 48
779 992 48
877 1254 48
949 1227 48
972 1076 48
980 1243 48
1011 1182 48
1011 1137 48
1022 1083 48
1041 1159 48
1070 1242 48
1081 1155 48
1081 1224 48
1095 1147 48
1102 1178 48
1102 1136 48
1121 1128 48
1124 1125 48
1124 1248 48
1127 1199 48
1127 1241 48
1127 1185 48
1133 1171 48
1134 1247 48
1134 1191 48
1134 1246 48
1136 1137 48
1139 1142 48
1139 1143 48
1143 1178 48
1144 1147 48
1145 1184 48
1145 1207 48
1154 1213 48
1154 1249 48
1155 1231 48
1155 1183 48
1155 1224 48
1156 1206 48
1158 1159 48
1158 1250 48
1159 1250 48
1170 1172 48
1170 1171 48
1171 1172 48
1175 1240 48
1183 1224 48
1183 1231 48
1183 1210 48
1183 1219 48
1185 1199 48
1187 1210 48
1187 1205 48
1189 1205 48
1189 1244 48
1191 1192 48
1192 1247 48
1197 1199 48
1199 1200 48
1199 1241 48
1205 1244 48
1213 1249 48
1221 1222 48
1226 1245 48
1227 1245 48
1247 1319 48
1285 1289 48
1353 1387 48
1368 1387 48
33 661 49
122 706 49
166 612 49
254 517 49
274 783 49
280 772 49
287 711 49
289 998 49
392 1116 49
466 535 49
729 809 49
851 1470 49
999 1044 49
1022 1083 49
1041 1095 49
1067 1142 49
1081 1189 49
1081 1187 49
1134 1246 49
1137 1250 49
1149 1401 49
1156 1206 49
1195 1216 49
1207 1243 49
27 421 50
32 371 50
32 480 50
36 1037 50
94 738 50
101 184 50
102 529 50
107 202 50
123 651 50
143 279 50
178 802 50
237 941 50
255 736 50
278 835 50
299 718 50
343 385 50
362 1223 50
447 725 50
459 1350 50
478 803 50
486 750 50
576 1155 50
595 908 50
633 1162 50
697 971 50
698 1130 50
732 919 50
796 984 50
980 1243 50
1024 1142 50
1028 1093 50
1067 1173 50
1070 1234 50
1070 1184 50
1070 1213 50
1079 1189 50
1079 1228 50
1083 1199 50
1095 1268 50
1111 1126 50
1126 1254 50
1126 1258 50
1128 1252 50
1128 1253 50
1137 1156 50
1137 1206 50
1142 1143 50
1171 1242 50
1171 1245 50
1173 1206 50
1177 1370 50
1184 1209 50
1184 1207 50
1189 1211 50
1194 1249 50
1213 1234 50
1235 1251 50
1243 1261 50
1243 1259 50
1246 1248 50
1249 1256 50
1251 1262 50
1252 1253 50
1261 1265 50
5 864 51
40 95 51
106 982 51
117 907 51
165 409 51
185 1251 51
195 790 51
216 340 51
223 694 51
266 690 51
285 886 51
294 824 51
309 565 51
340 852 51
344 1324 51
424 1367 51
485 806 51
529 830 51
534 1104 51
537 832 51
551 1299 51
601 933 51
628 907 51
689 1270 51
702 1261 51
748 1171 51
772 791 51
800 1172 51
889 1156 51
942 1173 51
943 1383 51
980 1243 51
1022 1206 51
1022 1156 51
1022 1195 51
1046 1371 51
1067 1257 51
1067 1195 51
1070 1242 51
1079 1251 51
1095 1279 51
1095 1178 51
1095 1274 51
1111 1280 51
1124 1276 51
1124 1246 51
1126 1134 51
1126 1280 51
1128 1273 51
1134 1281 51
1142 1173 51
1142 1143 51
1143 1173 51
1154 1194 51
1178 1274 51
1178 1279 51
1186 1200 51
1189 1251 51
1189 1270 51
1189 1211 51
1199 1200 51
1209 1278 51
1228 1277 51
1234 1245 51
1234 1262 51
1235 1271 51
1242 1269 51
1242 1262 51
1242 1245 51
1243 1254 51
1245 1272 51
1245 1269 51
1248 1259 51
1250 1275 51
1254 1278 51
1254 1258 51
1256 1262 51
1258 1278 51
1262 1269 51
1266 1268 51
1269 1272 51
1270 1271 51
1280 1281 51
1307 1394 51
26 326 52
87 928 52
175 1235 52
213 938 52
227 1246 52
236 1310 52
409 738 52
665 1109 52
712 1154 52
903 1364 52
904 1256 52
1022 1200 52
1128 1459 52
1187 1271 52
1187 1270 52
1187 1282 52
1262 1283 52
1276 1284 52
30 1143 53
55 473 53
78 974 53
115 1343 53
185 1366 53
195 882 53
200 1447 53
277 1050 53
346 1345 53
356 614 53
411 572 53
423 1303 53
436 958 53
444 776 53
632 686 53
671 1452 53
673 852 53
676 1476 53
733 1444 53
831 877 53
837 1040 53
1022 1156 53
1022 1292 53
1077 1282 53
1129 1374 53
1155 1224 53
1156 1306 53
1200 1282 53
1243 1269 53
1262 1304 53
1270 1283 53
1276 1294 53
1282 1292 53
1287 1288 53
1289 1296 53
1294 1295 53
1302 1303 53
1307 1308 53
21 300 54
25 1319 54
81 213 54
99 484 54
104 149 54
177 330 54
206 881 54
260 776 54
279 1231 54
288 1309 54
324 796 54
415 468 54
416 1393 54
485 1237 54
495 695 54
498 1218 54
511 1050 54
560 1223 54
571 915 54
724 1318 54
737 1341 54
769 868 54
798 1136 54
813 1369 54
814 1001 54
818 1041 54
1022 1336 54
1235 1314 54
1252 1319 54
1252 1315 54
1269 1315 54
1283 1329 54
1284 1334 54
1287 1313 54
1288 1296 54
1292 1311 54
1293 1321 54
1294 1295 54
1296 1310 54
1296 1323 54
1301 1334 54
1311 1312 54
1315 1316 54
1315 1321 54
1317 1318 54
1317 1321 54
1317 1320 54
1318 1320 54
1320 1322 54
1324 1326 54
1325 1326 54
1329 1330 54
1335 1338 54
1419 1428 54
23 985 55
70 1293 55
75 852 55
78 1457 55
105 1345 55
163 1091 55
180 194 55
264 565 55
274 332 55
326 360 55
352 994 55
397 834 55
432 1411 55
443 977 55
615 797 55
632 700 55
788 988 55
894 1095 55
973 988 55
996 1451 55
1022 1290 55
1071 1352 55
1131 1137 55
1217 1339 55
1220 1362 55
1235 1382 55
1253 1320 55
1271 1355 55
1271 1334 55
1276 1375 55
1276 1357 55
1283 1356 55
1283 1368 55
1287 1309 55
1287 1371 55
1293 1372 55
1293 1363 55
1295 1371 55
1296 1323 55
1296 1310 55
1296 1327 55
1296 1350 55
1296 1349 55
1305 1345 55
1305 1340 55
1305 1347 55
1306 1355 55
1309 1362 55
1309 1371 55
1309 1359 55
1310 1383 55
1312 1372 55
1312 1385 55
1313 1358 55
1315 1344 55
1318 1320 55
1322 1356 55
1322 1329 55
1323 1349 55
1325 1356 55
1325 1329 55
1326 1354 55
1328 1340 55
1329 1330 55
1329 1356 55
1330 1334 55
1334 1355 55
1334 1387 55
1335 1338 55
1338 1363 55
1339 1342 55
1340 1341 55
1342 1343 55
1345 1348 55
1345 1347 55
1346 1348 55
1350 1377 55
1351 1353 55
1351 1352 55
1352 1353 55
1352 1367 55
1354 1355 55
1359 1360 55
1359 1362 55
1359 1361 55
1360 1361 55
1360 1386 55
1363 1366 55
1363 1365 55
1363 1364 55
1364 1366 55
1364 1388 55
1369 1370 55
1371 1384 55
1373 1374 55
1377 1385 55
1378 1380 55
1379 1380 55
1379 1382 55
22 1255 56
53 1252 56
54 1219 56
98 393 56
147 1384 56
178 629 56
190 547 56
208 1014 56
224 535 56
266 436 56
290 835 56
322 862 56
332 915 56
397 1160 56
401 515 56
470 1017 56
471 992 56
513 1336 56
669 1038 56
681 1148 56
723 1073 56
767 1252 56
773 867 56
778 779 56
794 1037 56
944 1267 56
1022 1399 56
1071 1463 56
1262 1329 56
1262 1370 56
1262 1412 56
1262 1397 56
1271 1355 56
1276 1295 56
1287 1402 56
1288 1327 56
1290 1353 56
1293 1334 56
1295 1309 56
1296 1310 56
1306 1408 56
1309 1360 56
1309 1418 56
1309 1414 56
1310 1350 56
1310 1383 56
1312 1376 56
1316 1320 56
1320 1408 56
1326 1354 56
1326 1369 56
1328 1421 56
1329 1356 56
1329 1330 56
1329 1397 56
1330 1356 56
1330 1396 56
1330 1397 56
1330 1395 56
1335 1404 56
1345 1374 56
1346 1348 56
1346 1409 56
1347 1417 56
1347 1408 56
1348 1409 56
1348 1417 56
1350 1391 56
1350 1377 56
1354 1361 56
1356 1396 56
1356 1397 56
1357 1401 56
1360 1409 56
1360 1414 56
1361 1406 56
1361 1365 56
1366 1419 56
1366 1410 56
1368 1407 56
1371 1384 56
1374 1398 56
1377 1391 56
1378 1403 56
1384 1421 56
1384 1398 56
1389 1413 56
1389 1412 56
1390 1392 56
1393 1394 56
1399 1400 56
1403 1405 56
1403 1404 56
1410 1419 56
1410 1411 56
1412 1413 56
1414 1418 56
23 1162 57
40 876 57
100 1036 57
109 945 57
116 694 57
132 455 57
133 1351 57
216 465 57
279 1186 57
295 1326 57
316 1277 57
384 1344 57
425 447 57
460 1444 57
462 1132 57
466 667 57
476 818 57
491 1117 57
519 1080 57
612 953 57
629 674 57
631 730 57
750 1189 57
810 1363 57
873 1406 57
993 1225 57
1022 1416 57
1022 1312 57
1022 1428 57
1043 1064 57
1130 1176 57
1139 1223 57
1164 1210 57
1216 1462 57
1276 1309 57
1276 1362 57
1288 1366 57
1290 1441 57
1290 1431 57
1290 1368 57
1290 1399 57
1291 1365 57
1296 1310 57
1296 1427 57
1296 1323 57
1300 1474 57
1305 1346 57
1306 1440 57
1309 1384 57
1309 1418 57
1309 1414 57
1309 1436 57
1310 1404 57
1310 1427 57
1310 1323 57
1312 1372 57
1312 1416 57
1312 1438 57
1315 1424 57
1315 1426 57
1320 1347 57
1320 1417 57
1320 1354 57
1323 1427 57
1323 1404 57
1324 1408 57
1326 1440 57
1326 1329 57
1328 1384 57
1329 1370 57
1329 1434 57
1330 1368 57
1330 1413 57
1330 1407 57
1334 1440 57
1334 1361 57
1335 1404 57
1341 1398 57
1341 1345 57
1345 1398 57
1346 1354 57
1347 1417 57
1357 1360 57
1360 1420 57
1360 1437 57
1361 1437 57
1362 1439 57
1362 1414 57
1362 1409 57
1366 1371 57
1366 1404 57
1368 1431 57
1372 1416 57
1380 1429 57
1380 1443 57
1384 1431 57
1384 1421 57
1399 1428 57
1403 1430 57
1404 1427 57
1405 1429 57
1407 1413 57
1407 1431 57
1414 1418 57
1416 1428 57
1418 1436 57
1424 1425 57
1424 1426 57
1425 1426 57
1429 1443 57
1 810 58
33 216 58
40 971 58
53 1266 58
55 1034 58
65 1451 58
82 1209 58
107 1298 58
117 433 58
170 834 58
181 1163 58
185 800 58
196 308 58
222 1207 58
280 738 58
404 427 58
511 1262 58
513 1379 58
536 656 58
584 1266 58
593 815 58
658 1451 58
694 1422 58
713 1465 58
783 1437 58
789 1180 58
985 1291 58
1022 1455 58
1138 1160 58
1219 1378 58
1291 1437 58
1291 1365 58
1305 1320 58
1306 1425 58
1306 1320 58
1309 1362 58
1309 1447 58
1309 1418 58
1310 1350 58
1310 1323 58
1315 1322 58
1316 1449 58
1322 1449 58
1323 1350 58
1323 1327 58
1323 1410 58
1327 1410 58
1327 1453 58
1329 1354 58
1329 1408 58
1329 1370 58
1330 1368 58
1332 1368 58
1347 1348 58
1347 1425 58
1350 1391 58
1350 1445 58
1354 1355 58
1354 1408 58
1357 1401 58
1360 1457 58
1362 1418 58
1365 1437 58
1368 1395 58
1372 1455 58
1372 1416 58
1372 1400 58
1372 1454 58
1384 1398 58
1391 1445 58
1400 1430 58
1403 1423 58
1403 1432 58
1410 1459 58
1414 1436 58
1414 1433 58
1414 1439 58
1416 1430 58
1416 1428 58
1420 1457 58
1423 1430 58
1425 1449 58
1430 1458 58
1430 1432 58
1432 1456 58
1432 1454 58
1433 1447 58
1433 1435 58
1438 1444 58
1438 1445 58
1444 1445 58
1450 1452 58
1454 1456 58
6 277 59
63 620 59
64 987 59
77 586 59
101 1466 59
208 840 59
222 779 59
227 953 59
273 975 59
288 1224 59
303 1280 59
310 797 59
347 1245 59
380 1189 59
384 1243 59
460 599 59
500 546 59
523 1463 59
562 671 59
668 837 59
680 736 59
710 1210 59
711 979 59
714 1048 59
755 1279 59
772 1244 59
840 891 59
850 1096 59
857 1468 59
905 1001 59
909 934 59
910 1397 59
919 989 59
956 1062 59
1014 1088 59
1022 1471 59
1022 1405 59
1134 1272 59
1285 1291 59
1315 1370 59
1316 1449 59
1319 1470 59
1319 1463 59
1319 1449 59
1320 1417 59
1320 1355 59
1320 1347 59
1324 1417 59
1324 1347 59
1327 1357 59
1328 1421 59
1328 1362 59
1329 1370 59
1330 1332 59
1330 1452 59
1330 1413 59
1334 1400 59
1355 1362 59
1355 1439 59
1357 1414 59
1357 1439 59
1362 1439 59
1362 1421 59
1370 1460 59
1370 1407 59
1372 1400 59
1391 1469 59
1393 1466 59
1401 1447 59
1414 1439 59
1417 1464 59
1420 1439 59
1449 1465 59
1452 1465 59
1473 1474 59
13 475 60
24 1452 60
34 1157 60
150 1313 60
168 944 60
176 1306 60
417 647 60
499 519 60
886 1154 60
889 1408 60
906 1326 60
927 1299 60
972 1348 60
1327 1447 60
1334 1455 60
1348 1476 60
1391 1454 60
1393 1475 60
