4 1345 0
9 811 0
15 16 0
21 22 0
29 701 0
35 1089 0
52 1143 0
53 1083 0
65 1093 0
67 288 0
93 887 0
99 1305 0
120 1175 0
122 137 0
146 251 0
151 600 0
156 1237 0
161 721 0
164 1184 0
168 1284 0
171 1391 0
179 1218 0
179 921 0
192 938 0
200 938 0
218 422 0
237 927 0
248 1346 0
249 672 0
252 1363 0
254 570 0
260 1275 0
268 537 0
277 605 0
292 740 0
297 632 0
317 769 0
323 1123 0
332 578 0
347 674 0
357 914 0
362 1250 0
366 1250 0
368 514 0
379 448 0
381 1293 0
389 1202 0
406 1456 0
409 1407 0
432 1028 0
441 1411 0
450 604 0
481 1099 0
533 1452 0
562 1408 0
569 950 0
570 1262 0
577 1371 0
608 1351 0
637 1250 0
652 965 0
653 958 0
658 1140 0
672 1082 0
681 953 0
699 1206 0
713 1171 0
731 777 0
750 1153 0
766 1104 0
766 1006 0
768 1229 0
774 800 0
781 1025 0
791 1198 0
795 1012 0
808 1477 0
848 1298 0
885 1384 0
922 1132 0
968 1316 0
983 1010 0
1061 1084 0
1079 1367 0
1098 1296 0
1144 1194 0
1153 1408 0
1261 1406 0
1285 1448 0
1291 1463 0
1308 1469 0
1367 1393 0
7 191 1
9 433 1
16 564 1
38 178 1
44 1280 1
50 504 1
54 1398 1
60 1102 1
61 213 1
63 84 1
100 351 1
110 1383 1
119 578 1
127 1270 1
140 855 1
165 1169 1
210 1243 1
216 1065 1
221 950 1
231 419 1
270 885 1
293 850 1
294 630 1
297 988 1
298 711 1
337 1234 1
361 510 1
363 580 1
385 465 1
390 1309 1
417 538 1
429 924 1
434 518 1
449 690 1
461 839 1
465 1223 1
467 669 1
473 1212 1
480 897 1
504 1280 1
515 1433 1
532 1041 1
584 1423 1
603 1242 1
621 690 1
630 1463 1
642 1082 1
642 1276 1
670 892 1
686 1267 1
702 755 1
729 1052 1
735 848 1
741 1436 1
767 966 1
772 1027 1
790 1186 1
797 901 1
819 1332 1
824 1294 1
925 1397 1
994 1281 1
1023 1439 1
1027 1338 1
1056 1208 1
1074 1214 1
1093 1162 1
1160 1208 1
1161 1258 1
1207 1397 1
1225 1379 1
1238 1279 1
1284 1336 1
1294 1463 1
1299 1363 1
1342 1357 1
1358 1477 1
2 316 2
6 62 2
8 59 2
11 265 2
16 389 2
18 532 2
23 222 2
25 107 2
29 618 2
29 136 2
29 849 2
30 189 2
31 252 2
50 847 2
57 892 2
63 129 2
64 981 2
66 163 2
79 1404 2
84 909 2
86 101 2
104 1216 2
106 135 2
106 667 2
107 831 2
108 1234 2
115 882 2
131 1104 2
132 1180 2
139 304 2
147 647 2
154 980 2
164 310 2
171 1048 2
173 417 2
175 601 2
182 1385 2
183 435 2
185 1347 2
186 476 2
209 220 2
212 449 2
230 829 2
237 392 2
246 757 2
248 1368 2
251 830 2
266 962 2
267 1091 2
289 1476 2
293 1119 2
293 899 2
303 1404 2
313 1098 2
366 450 2
374 488 2
386 796 2
389 1178 2
393 466 2
422 815 2
424 1124 2
445 1074 2
467 747 2
472 1336 2
479 1051 2
482 1295 2
486 1249 2
502 1121 2
505 1001 2
508 1139 2
520 1268 2
522 1237 2
534 973 2
537 1138 2
542 877 2
550 618 2
557 1109 2
562 1197 2
572 1115 2
574 723 2
579 681 2
583 1477 2
610 931 2
635 668 2
643 669 2
643 856 2
650 1399 2
657 712 2
664 744 2
678 1131 2
684 1043 2
712 1434 2
742 1437 2
764 795 2
799 1272 2
803 984 2
810 1254 2
810 1473 2
827 1252 2
830 952 2
834 1414 2
851 1113 2
870 1114 2
888 1384 2
899 996 2
906 1093 2
918 1379 2
959 1026 2
962 1058 2
1013 1141 2
1016 1098 2
1057 1374 2
1101 1391 2
1239 1450 2
1244 1264 2
1284 1347 2
1298 1316 2
1306 1358 2
1393 1407 2
7 792 3
10 1128 3
14 1306 3
37 406 3
48 1260 3
49 1009 3
49 1185 3
54 939 3
71 541 3
74 1479 3
80 237 3
102 152 3
111 650 3
114 1472 3
118 380 3
125 145 3
131 1129 3
138 148 3
142 967 3
164 1151 3
170 1011 3
178 707 3
180 247 3
188 407 3
196 1200 3
200 364 3
206 1337 3
225 1053 3
228 752 3
244 365 3
244 1092 3
265 558 3
267 808 3
281 1003 3
287 1399 3
290 448 3
302 643 3
313 464 3
338 449 3
348 590 3
351 683 3
363 1064 3
378 710 3
390 1219 3
406 767 3
407 488 3
408 552 3
426 707 3
460 1326 3
471 1141 3
490 582 3
497 1404 3
516 1254 3
517 697 3
528 1121 3
539 1362 3
540 945 3
562 851 3
574 723 3
591 817 3
604 745 3
626 706 3
629 989 3
640 785 3
641 783 3
645 1410 3
657 1105 3
668 1257 3
696 1114 3
727 1095 3
731 1182 3
767 1398 3
802 1376 3
809 1422 3
847 1281 3
876 1153 3
880 1110 3
899 1300 3
908 1153 3
937 1360 3
945 1253 3
987 1381 3
1009 1198 3
1024 1137 3
1047 1382 3
1090 1388 3
1143 1309 3
1164 1260 3
1168 1228 3
1215 1387 3
1306 1324 3
1343 1393 3
7 1275 4
14 24 4
14 674 4
17 875 4
22 158 4
28 851 4
39 196 4
41 787 4
57 186 4
60 914 4
60 689 4
70 378 4
75 182 4
76 433 4
79 894 4
82 1221 4
87 393 4
89 1208 4
90 151 4
97 159 4
97 840 4
100 189 4
103 1370 4
117 832 4
121 500 4
122 974 4
124 157 4
127 1208 4
128 1413 4
138 662 4
149 890 4
160 162 4
194 983 4
207 280 4
227 1291 4
231 1063 4
236 1103 4
241 1289 4
244 654 4
246 1354 4
248 1028 4
251 674 4
263 383 4
278 695 4
281 937 4
288 982 4
305 360 4
319 1256 4
323 418 4
328 331 4
354 1346 4
370 1215 4
407 1092 4
421 1358 4
422 922 4
426 1266 4
444 579 4
448 637 4
454 939 4
456 1072 4
457 1155 4
479 675 4
494 1334 4
494 520 4
502 767 4
516 1058 4
517 1288 4
532 1020 4
554 1394 4
563 710 4
569 1049 4
599 1149 4
611 1045 4
617 1387 4
622 690 4
626 678 4
630 1286 4
630 1199 4
632 1267 4
648 698 4
700 1426 4
760 1204 4
767 1441 4
797 924 4
821 1161 4
827 1131 4
831 1068 4
834 1402 4
837 1066 4
843 954 4
845 1213 4
862 1445 4
863 1152 4
883 921 4
884 1258 4
884 1090 4
898 1264 4
934 1179 4
949 1085 4
956 1192 4
971 1309 4
995 1124 4
1047 1383 4
1058 1215 4
1145 1376 4
1256 1456 4
1354 1390 4
1444 1477 4
2 952 5
16 965 5
65 582 5
68 995 5
70 165 5
102 1087 5
103 1253 5
107 109 5
118 1335 5
139 140 5
139 840 5
148 782 5
149 1317 5
150 195 5
202 1383 5
202 1126 5
211 773 5
213 471 5
229 615 5
238 832 5
245 1406 5
247 509 5
268 1242 5
284 1100 5
295 625 5
302 464 5
311 1451 5
329 985 5
348 1099 5
349 1429 5
355 1278 5
399 1367 5
402 876 5
440 582 5
460 1009 5
510 795 5
538 1293 5
567 1286 5
618 965 5
660 1158 5
670 1418 5
673 980 5
677 697 5
703 889 5
748 1383 5
787 891 5
788 988 5
873 1272 5
1015 1434 5
1021 1436 5
1095 1228 5
1191 1347 5
1296 1383 5
1440 1463 5
51 979 6
88 464 6
96 1338 6
99 341 6
100 177 6
103 1268 6
127 485 6
139 1361 6
149 501 6
228 608 6
230 724 6
238 650 6
297 894 6
308 438 6
311 975 6
338 738 6
367 1092 6
383 552 6
387 418 6
420 1400 6
437 826 6
442 1153 6
449 772 6
461 993 6
524 837 6
591 777 6
599 1469 6
599 1444 6
600 672 6
601 1390 6
659 1258 6
703 1300 6
829 1336 6
924 1324 6
931 1138 6
963 1392 6
965 1038 6
1009 1297 6
1026 1358 6
1091 1219 6
1097 1137 6
1100 1280 6
1276 1279 6
11 274 7
21 1455 7
33 1390 7
47 696 7
62 445 7
66 1202 7
70 190 7
106 1456 7
124 1430 7
169 180 7
184 1430 7
196 351 7
222 568 7
296 689 7
314 1351 7
349 900 7
351 806 7
362 929 7
427 461 7
428 1288 7
433 1131 7
440 1033 7
455 733 7
472 1262 7
482 922 7
497 587 7
535 556 7
570 1192 7
594 1150 7
747 1031 7
749 1192 7
751 927 7
762 1398 7
804 1187 7
1014 1134 7
1076 1113 7
1322 1456 7
17 937 8
34 1362 8
58 757 8
77 829 8
86 679 8
86 97 8
117 980 8
118 1347 8
128 842 8
167 225 8
190 589 8
193 907 8
209 1414 8
210 498 8
222 1247 8
234 770 8
274 1036 8
279 784 8
289 749 8
314 446 8
316 434 8
324 992 8
336 1383 8
348 1119 8
352 586 8
362 509 8
363 1411 8
371 843 8
379 778 8
382 453 8
436 513 8
462 829 8
493 638 8
530 1108 8
536 1256 8
551 1457 8
605 774 8
649 753 8
654 1192 8
763 816 8
770 809 8
790 1360 8
933 1433 8
941 1247 8
944 1023 8
946 1253 8
974 1256 8
981 1053 8
1016 1041 8
1019 1225 8
1139 1421 8
1226 1382 8
1268 1358 8
1354 1476 8
3 758 9
7 364 9
10 907 9
16 1374 9
21 188 9
22 633 9
24 1090 9
28 106 9
28 61 9
34 274 9
43 401 9
44 110 9
45 1240 9
47 1452 9
54 1191 9
58 293 9
58 286 9
86 268 9
90 1040 9
92 214 9
94 1409 9
99 701 9
100 1307 9
100 134 9
104 755 9
110 121 9
111 282 9
112 200 9
112 1163 9
114 1085 9
116 334 9
122 297 9
122 228 9
125 296 9
126 737 9
130 402 9
132 1059 9
133 175 9
135 288 9
142 202 9
143 237 9
149 644 9
152 330 9
157 209 9
162 878 9
162 875 9
171 492 9
171 477 9
174 759 9
177 814 9
178 1436 9
178 853 9
179 1126 9
184 923 9
185 211 9
185 1331 9
188 847 9
190 332 9
190 413 9
191 287 9
194 229 9
194 738 9
196 1113 9
198 654 9
200 795 9
202 280 9
203 205 9
206 1436 9
208 263 9
216 785 9
216 1104 9
219 897 9
226 1369 9
241 261 9
241 578 9
250 821 9
254 1469 9
263 800 9
264 796 9
271 851 9
275 347 9
280 852 9
293 1259 9
301 1184 9
318 1184 9
327 1346 9
338 1357 9
339 1067 9
343 899 9
353 866 9
353 795 9
355 1261 9
364 611 9
367 1200 9
368 516 9
378 541 9
379 1447 9
387 1229 9
388 1196 9
400 793 9
404 1261 9
404 699 9
424 426 9
434 901 9
435 541 9
439 1306 9
461 584 9
463 536 9
467 497 9
467 985 9
474 736 9
478 922 9
480 1037 9
481 865 9
496 717 9
498 919 9
502 1175 9
503 1434 9
510 1228 9
516 1111 9
516 1293 9
524 946 9
535 950 9
544 1155 9
554 874 9
554 1030 9
563 622 9
581 845 9
583 1394 9
587 766 9
587 892 9
588 1420 9
609 1079 9
613 1293 9
613 662 9
617 1212 9
629 970 9
634 1316 9
634 1130 9
642 751 9
646 933 9
658 1179 9
662 1247 9
674 1233 9
689 726 9
770 845 9
772 1115 9
772 783 9
774 900 9
784 1074 9
807 875 9
822 937 9
824 1147 9
828 1327 9
844 1423 9
845 1469 9
848 948 9
903 1034 9
909 1130 9
940 1428 9
946 1267 9
972 1099 9
979 1080 9
989 1334 9
989 1418 9
990 1197 9
1012 1075 9
1025 1366 9
1036 1318 9
1038 1319 9
1041 1253 9
1049 1312 9
1065 1433 9
1093 1206 9
1098 1224 9
1130 1469 9
1158 1168 9
1164 1286 9
1169 1403 9
1186 1415 9
1201 1434 9
1206 1241 9
1239 1405 9
1274 1289 9
1293 1338 9
1303 1352 9
1315 1438 9
5 239 10
12 215 10
25 323 10
28 152 10
35 1412 10
39 580 10
44 149 10
49 241 10
71 1093 10
105 1220 10
106 1043 10
123 595 10
135 1369 10
136 1476 10
140 486 10
148 1252 10
151 1443 10
156 549 10
165 420 10
169 300 10
175 1461 10
182 545 10
200 692 10
200 1213 10
213 353 10
217 720 10
224 528 10
227 517 10
237 1106 10
253 918 10
255 1040 10
277 732 10
295 1295 10
296 1091 10
298 814 10
301 1243 10
309 510 10
317 1472 10
338 417 10
340 714 10
366 1259 10
373 1242 10
375 1154 10
388 1123 10
389 582 10
413 1257 10
418 1170 10
444 1479 10
464 1354 10
468 926 10
474 1371 10
507 1303 10
517 543 10
550 1036 10
569 646 10
576 1464 10
581 1202 10
584 785 10
589 1152 10
593 1124 10
600 1237 10
603 1154 10
604 662 10
619 1363 10
658 845 10
675 1059 10
689 1139 10
708 1445 10
726 1378 10
736 795 10
758 908 10
767 1056 10
795 1411 10
816 1135 10
829 1091 10
836 1415 10
869 1145 10
881 1244 10
890 1343 10
942 1305 10
951 972 10
999 1037 10
1008 1210 10
1118 1301 10
1322 1359 10
1342 1403 10
1387 1459 10
1411 1479 10
1413 1424 10
2 869 11
5 1094 11
9 1014 11
10 88 11
18 926 11
18 1285 11
20 918 11
25 414 11
41 957 11
43 676 11
52 1027 11
57 582 11
59 932 11
59 156 11
71 1295 11
77 1115 11
83 924 11
83 553 11
84 628 11
84 1200 11
85 1329 11
86 1046 11
88 192 11
88 230 11
89 1350 11
90 992 11
92 309 11
96 481 11
96 274 11
103 245 11
105 1254 11
106 283 11
114 937 11
119 327 11
119 915 11
121 324 11
121 290 11
132 1368 11
132 1164 11
133 540 11
142 348 11
142 1319 11
168 421 11
169 310 11
170 632 11
171 762 11
171 553 11
173 273 11
174 657 11
176 720 11
178 1286 11
179 269 11
179 986 11
186 411 11
187 934 11
189 776 11
190 288 11
191 287 11
195 217 11
200 1310 11
202 1231 11
206 733 11
221 890 11
229 844 11
230 1393 11
233 418 11
236 386 11
242 252 11
242 415 11
248 284 11
252 329 11
253 337 11
267 372 11
268 269 11
268 271 11
272 1178 11
273 329 11
276 978 11
283 681 11
299 346 11
305 685 11
306 308 11
309 1448 11
312 448 11
314 411 11
314 516 11
323 1103 11
324 1460 11
328 391 11
331 683 11
341 940 11
346 1342 11
350 841 11
358 876 11
359 1398 11
371 1468 11
375 1294 11
375 1472 11
396 514 11
397 864 11
399 616 11
409 802 11
410 1222 11
415 1087 11
419 775 11
422 452 11
425 1421 11
431 747 11
442 661 11
456 1129 11
461 763 11
480 1088 11
487 1394 11
490 501 11
495 923 11
501 1077 11
520 1151 11
523 1068 11
525 1080 11
530 1366 11
538 599 11
554 1239 11
566 1392 11
568 697 11
588 1131 11
589 1011 11
596 673 11
598 965 11
602 1318 11
609 1161 11
610 1372 11
613 1278 11
614 1041 11
614 844 11
616 763 11
617 1184 11
634 901 11
643 951 11
666 875 11
671 1212 11
672 1145 11
672 1371 11
672 1190 11
681 1090 11
695 1437 11
696 830 11
700 1001 11
711 1456 11
715 718 11
718 1314 11
722 1272 11
724 1459 11
725 1168 11
754 1098 11
763 875 11
767 789 11
774 1094 11
780 884 11
781 904 11
834 1400 11
834 872 11
836 1375 11
845 988 11
852 1327 11
855 1242 11
856 1193 11
862 1126 11
866 1064 11
868 1392 11
872 1073 11
892 907 11
895 1414 11
910 1293 11
936 1235 11
975 1370 11
994 1112 11
1019 1079 11
1020 1195 11
1035 1116 11
1060 1363 11
1069 1471 11
1077 1458 11
1092 1399 11
1107 1253 11
1137 1284 11
1145 1223 11
1147 1382 11
1149 1241 11
1189 1213 11
1206 1297 11
1208 1323 11
1222 1348 11
1236 1430 11
1263 1376 11
1264 1372 11
1274 1427 11
1279 1361 11
1294 1466 11
1300 1392 11
1398 1442 11
7 1099 12
10 54 12
12 912 12
13 251 12
32 1119 12
50 1273 12
53 952 12
55 1129 12
57 358 12
57 421 12
75 414 12
89 525 12
90 550 12
97 157 12
98 247 12
98 329 12
113 1246 12
116 1168 12
131 1478 12
134 1288 12
140 635 12
145 1281 12
153 839 12
156 590 12
159 717 12
179 1220 12
189 1043 12
217 614 12
220 556 12
225 1383 12
243 1207 12
260 610 12
268 1258 12
291 683 12
301 318 12
319 879 12
325 1032 12
327 1349 12
346 347 12
353 874 12
356 457 12
403 1073 12
405 636 12
409 973 12
411 1411 12
422 1072 12
427 1377 12
429 1471 12
451 932 12
460 746 12
470 738 12
502 1065 12
511 1381 12
516 856 12
517 1044 12
524 612 12
525 1063 12
541 1333 12
551 1371 12
551 771 12
568 1160 12
575 1376 12
575 747 12
590 746 12
590 1176 12
610 715 12
656 1474 12
659 915 12
701 1019 12
713 1017 12
728 1145 12
733 1098 12
745 1216 12
751 1200 12
758 910 12
782 862 12
789 1413 12
796 1120 12
809 1260 12
822 1034 12
829 1463 12
885 1409 12
888 1142 12
891 1077 12
928 1160 12
949 1479 12
953 1285 12
999 1048 12
1002 1417 12
1005 1361 12
1017 1398 12
1019 1247 12
1028 1435 12
1055 1155 12
1177 1415 12
1407 1454 12
52 918 13
60 1320 13
105 260 13
109 370 13
120 386 13
123 125 13
138 355 13
151 1343 13
169 230 13
220 643 13
247 426 13
259 1154 13
269 831 13
289 820 13
292 381 13
293 1329 13
322 1424 13
333 1157 13
336 846 13
336 370 13
343 1200 13
347 847 13
494 1164 13
506 1196 13
551 1126 13
570 1326 13
618 1138 13
836 1217 13
877 1291 13
936 1467 13
973 1400 13
976 1105 13
983 1441 13
1089 1159 13
1139 1247 13
1154 1325 13
0 958 14
0 577 14
7 33 14
10 1287 14
12 997 14
15 1179 14
16 212 14
18 623 14
19 1203 14
27 1217 14
34 382 14
38 1031 14
45 503 14
54 1326 14
56 96 14
58 83 14
75 1073 14
79 621 14
80 201 14
81 1374 14
89 1201 14
96 1209 14
101 1405 14
101 1334 14
105 812 14
114 1466 14
115 995 14
116 1334 14
127 606 14
132 684 14
155 1131 14
164 746 14
170 1170 14
173 568 14
177 791 14
177 1474 14
184 1130 14
185 835 14
187 427 14
187 196 14
189 1071 14
189 801 14
189 627 14
202 409 14
203 458 14
205 855 14
214 1104 14
215 309 14
216 824 14
218 1276 14
226 812 14
230 421 14
230 1472 14
237 657 14
237 699 14
243 1051 14
244 291 14
245 1377 14
245 1340 14
245 1409 14
256 395 14
260 1350 14
269 839 14
275 1277 14
279 1471 14
284 440 14
287 778 14
291 1467 14
293 1353 14
297 1416 14
298 502 14
303 612 14
306 870 14
307 420 14
318 1388 14
322 369 14
323 763 14
325 358 14
330 1095 14
332 1078 14
333 790 14
339 893 14
345 392 14
346 1096 14
348 1248 14
349 1104 14
352 870 14
354 1219 14
355 397 14
357 456 14
360 412 14
372 664 14
381 618 14
383 398 14
384 1445 14
389 1418 14
389 707 14
392 396 14
417 711 14
418 419 14
422 749 14
427 429 14
428 429 14
433 1170 14
435 436 14
437 1067 14
441 564 14
448 928 14
453 715 14
453 845 14
456 607 14
457 1216 14
465 594 14
470 1367 14
473 1047 14
473 1391 14
481 686 14
491 1359 14
499 1154 14
505 1116 14
507 626 14
508 947 14
512 848 14
522 1094 14
523 714 14
530 767 14
553 1354 14
558 1454 14
581 1064 14
609 970 14
611 1335 14
613 972 14
625 626 14
629 1375 14
643 1039 14
646 1317 14
652 668 14
657 1117 14
663 1020 14
667 1347 14
671 1048 14
673 1324 14
684 815 14
690 828 14
699 792 14
735 1147 14
738 1405 14
745 1127 14
794 1466 14
808 958 14
817 1110 14
856 966 14
862 1197 14
869 1380 14
876 905 14
883 1391 14
911 1463 14
916 1417 14
918 970 14
933 1262 14
934 1149 14
957 1147 14
978 1275 14
990 1204 14
1029 1112 14
1035 1126 14
1036 1452 14
1052 1188 14
1053 1298 14
1072 1282 14
1076 1289 14
1093 1328 14
1094 1330 14
1122 1150 14
1213 1249 14
1223 1439 14
1258 1410 14
1318 1334 14
1333 1382 14
1400 1451 14
1409 1413 14
6 574 15
10 838 15
33 671 15
36 655 15
41 241 15
58 831 15
67 1446 15
72 559 15
83 794 15
89 476 15
94 147 15
96 1099 15
129 164 15
132 1281 15
133 1337 15
140 995 15
144 1183 15
156 533 15
168 1304 15
173 965 15
174 1331 15
180 841 15
186 1359 15
190 481 15
194 1362 15
204 1214 15
218 1284 15
228 1246 15
229 802 15
238 698 15
240 497 15
245 271 15
253 1052 15
254 1126 15
256 1191 15
271 1428 15
275 544 15
279 467 15
282 802 15
295 453 15
297 603 15
314 943 15
336 926 15
347 1227 15
359 576 15
377 992 15
381 708 15
389 1357 15
399 1206 15
400 427 15
409 462 15
410 1375 15
413 437 15
428 1147 15
429 1026 15
434 1164 15
438 658 15
457 868 15
459 1421 15
473 704 15
475 1213 15
479 559 15
489 1209 15
495 1340 15
497 498 15
512 632 15
519 1198 15
523 927 15
525 920 15
526 1355 15
532 1117 15
532 698 15
537 1311 15
547 747 15
559 839 15
566 1096 15
579 853 15
581 1380 15
585 1008 15
616 1013 15
617 1062 15
628 1219 15
644 1250 15
655 1109 15
671 1135 15
673 710 15
679 1241 15
687 778 15
689 1156 15
711 1175 15
714 1267 15
717 1000 15
781 823 15
800 1335 15
804 1334 15
810 1096 15
840 1252 15
862 1151 15
865 1324 15
906 1106 15
961 1023 15
975 1181 15
979 1348 15
1009 1158 15
1018 1368 15
1032 1057 15
1062 1109 15
1062 1473 15
1080 1370 15
1100 1450 15
1157 1255 15
1241 1327 15
1260 1440 15
1275 1332 15
1311 1332 15
28 364 16
40 799 16
45 173 16
47 1220 16
66 265 16
73 877 16
76 1303 16
77 951 16
81 1060 16
103 1232 16
117 224 16
129 550 16
160 1026 16
192 1245 16
194 747 16
195 621 16
195 1301 16
215 739 16
228 319 16
229 1215 16
238 1016 16
245 796 16
248 1019 16
261 1003 16
305 1423 16
313 1396 16
330 1069 16
331 541 16
344 612 16
363 1017 16
371 500 16
384 409 16
393 593 16
395 1290 16
416 542 16
417 1146 16
422 1066 16
423 809 16
436 1191 16
448 1163 16
456 512 16
466 988 16
505 1369 16
506 508 16
511 1348 16
525 577 16
529 533 16
535 539 16
536 1018 16
554 1402 16
561 815 16
574 776 16
577 1180 16
584 654 16
588 1465 16
601 1015 16
619 1270 16
630 922 16
667 1411 16
702 1219 16
712 753 16
712 1228 16
729 1420 16
746 1140 16
753 1276 16
775 963 16
781 1380 16
785 1102 16
792 1079 16
826 832 16
837 1471 16
838 1250 16
863 1176 16
882 947 16
914 983 16
929 1341 16
946 1129 16
987 1023 16
1059 1475 16
1068 1346 16
1086 1100 16
1088 1243 16
1160 1172 16
1172 1297 16
1254 1429 16
1257 1352 16
31 460 17
43 1361 17
44 1130 17
53 1114 17
60 472 17
79 969 17
82 1132 17
84 890 17
134 146 17
182 900 17
207 412 17
210 701 17
213 1330 17
260 617 17
263 1155 17
267 432 17
269 1266 17
278 629 17
280 1164 17
394 586 17
409 1125 17
413 910 17
414 833 17
438 592 17
447 602 17
454 1318 17
476 844 17
491 1287 17
547 1409 17
581 872 17
592 787 17
631 1185 17
677 1023 17
696 1052 17
727 1305 17
748 1150 17
791 1324 17
824 1200 17
826 1254 17
826 863 17
833 1331 17
866 1014 17
880 1122 17
890 1423 17
890 1283 17
900 1302 17
921 1056 17
931 1078 17
986 1201 17
994 1456 17
1077 1415 17
1268 1270 17
1357 1384 17
1463 1476 17
17 45 18
40 1180 18
77 350 18
99 736 18
120 210 18
121 1098 18
122 1475 18
182 351 18
183 474 18
224 618 18
228 595 18
231 697 18
239 1280 18
241 967 18
264 321 18
266 725 18
267 1378 18
273 923 18
282 1390 18
303 601 18
306 1044 18
313 1275 18
331 1426 18
343 386 18
387 560 18
410 1415 18
420 533 18
442 1441 18
447 779 18
472 552 18
491 1125 18
504 731 18
526 1078 18
528 1131 18
558 1206 18
572 1209 18
593 1182 18
618 1433 18
635 843 18
664 996 18
694 1364 18
725 1286 18
771 1153 18
825 1412 18
880 1044 18
929 1409 18
950 1175 18
1094 1130 18
1098 1303 18
1151 1332 18
1194 1454 18
1251 1371 18
1326 1402 18
13 41 19
16 1106 19
23 551 19
24 509 19
37 652 19
38 873 19
38 1067 19
38 876 19
50 149 19
52 1452 19
54 537 19
61 838 19
67 138 19
76 1251 19
79 843 19
88 471 19
90 231 19
94 304 19
106 640 19
121 489 19
121 424 19
122 1472 19
124 344 19
126 389 19
141 179 19
144 1479 19
154 889 19
157 236 19
158 826 19
164 845 19
190 747 19
205 970 19
206 617 19
207 504 19
219 964 19
228 447 19
231 1475 19
237 797 19
239 874 19
251 298 19
258 382 19
287 428 19
289 1411 19
293 466 19
294 657 19
321 539 19
326 1351 19
334 1248 19
358 447 19
364 1311 19
368 1427 19
375 1060 19
382 1034 19
390 670 19
390 605 19
402 1183 19
405 1426 19
408 432 19
420 1309 19
423 483 19
424 1419 19
431 1225 19
432 1189 19
435 983 19
443 1265 19
444 796 19
449 900 19
459 602 19
469 939 19
472 826 19
533 570 19
538 1082 19
543 586 19
544 889 19
568 569 19
576 752 19
578 1351 19
584 600 19
618 837 19
624 1328 19
634 929 19
638 749 19
647 1217 19
651 789 19
660 1301 19
662 797 19
667 1325 19
670 1152 19
697 1333 19
703 875 19
710 727 19
712 745 19
717 882 19
724 1179 19
726 1362 19
728 1035 19
737 1177 19
763 1257 19
765 874 19
770 1326 19
779 1291 19
780 1171 19
793 1262 19
799 1140 19
806 997 19
833 1101 19
851 890 19
890 1014 19
898 1464 19
902 1335 19
907 1208 19
908 1109 19
921 1344 19
947 1233 19
969 979 19
1018 1025 19
1039 1256 19
1041 1111 19
1051 1123 19
1061 1284 19
1078 1128 19
1114 1189 19
1126 1348 19
1133 1331 19
1152 1370 19
1162 1198 19
1164 1409 19
1167 1191 19
1169 1389 19
1171 1233 19
1223 1406 19
1251 1344 19
1283 1386 19
1290 1397 19
6 243 20
23 229 20
24 953 20
25 528 20
37 786 20
40 1368 20
50 819 20
51 126 20
55 91 20
56 110 20
70 112 20
73 188 20
76 687 20
78 106 20
83 793 20
83 285 20
85 622 20
86 570 20
95 883 20
98 1068 20
98 833 20
99 389 20
100 1199 20
116 421 20
117 1471 20
119 725 20
129 308 20
131 1205 20
135 1131 20
150 861 20
160 430 20
164 355 20
166 1349 20
170 410 20
171 177 20
174 479 20
191 948 20
191 1015 20
213 857 20
222 506 20
229 572 20
232 1426 20
239 1039 20
240 485 20
240 896 20
247 524 20
259 1150 20
263 608 20
265 294 20
282 1292 20
283 353 20
285 772 20
292 365 20
308 760 20
313 900 20
321 438 20
328 504 20
336 666 20
346 457 20
356 828 20
364 1219 20
366 1340 20
366 1346 20
372 390 20
373 757 20
376 614 20
379 609 20
381 1325 20
393 1453 20
394 450 20
394 416 20
397 716 20
402 968 20
416 1134 20
423 857 20
428 838 20
433 930 20
441 869 20
451 1395 20
458 614 20
458 1335 20
466 715 20
467 639 20
468 1375 20
478 1383 20
482 1285 20
484 1313 20
490 1120 20
495 1430 20
499 1413 20
518 621 20
524 1104 20
532 1214 20
539 1146 20
542 1140 20
545 648 20
547 855 20
548 1441 20
555 1441 20
560 941 20
569 697 20
569 838 20
579 1196 20
582 630 20
598 1282 20
605 1280 20
609 1053 20
615 618 20
618 639 20
623 1097 20
627 995 20
633 1092 20
669 764 20
674 1116 20
675 881 20
675 1285 20
678 1447 20
702 1054 20
709 1181 20
712 1384 20
715 766 20
718 1195 20
772 1396 20
783 801 20
791 825 20
795 1294 20
801 1370 20
821 1381 20
839 1453 20
840 954 20
842 1404 20
845 1347 20
849 1292 20
853 1110 20
891 1437 20
892 1285 20
897 1273 20
909 1250 20
925 1270 20
929 1458 20
966 1475 20
978 1327 20
1027 1166 20
1028 1208 20
1028 1388 20
1034 1351 20
1052 1272 20
1067 1128 20
1079 1111 20
1084 1111 20
1195 1281 20
1197 1450 20
1226 1345 20
1248 1438 20
1259 1418 20
9 1334 21
16 1152 21
31 38 21
32 1405 21
48 287 21
65 1444 21
67 1392 21
69 700 21
70 1307 21
80 789 21
88 1063 21
89 505 21
91 620 21
97 1197 21
102 849 21
128 177 21
129 1150 21
132 827 21
141 910 21
141 1232 21
147 1405 21
148 608 21
149 533 21
150 700 21
155 1293 21
155 1164 21
159 1258 21
163 1301 21
168 638 21
174 1307 21
196 1157 21
199 750 21
212 263 21
218 818 21
223 1087 21
223 268 21
269 1106 21
271 350 21
272 312 21
275 1370 21
282 330 21
282 789 21
282 1108 21
290 311 21
290 1305 21
291 1335 21
302 444 21
307 722 21
310 1106 21
312 652 21
313 1280 21
325 662 21
330 646 21
331 965 21
332 1071 21
337 1123 21
349 466 21
353 912 21
359 1454 21
365 479 21
370 1300 21
373 553 21
394 655 21
400 1157 21
402 1074 21
403 828 21
419 868 21
424 1259 21
425 747 21
428 1312 21
432 1183 21
438 1087 21
440 1460 21
441 958 21
448 532 21
452 1459 21
455 572 21
464 488 21
474 625 21
475 620 21
475 1192 21
482 1024 21
490 1329 21
496 975 21
510 653 21
520 980 21
528 990 21
528 905 21
572 1406 21
577 1086 21
577 684 21
578 860 21
578 1001 21
581 666 21
588 1391 21
599 1354 21
602 1409 21
632 1024 21
637 687 21
638 695 21
642 1292 21
643 977 21
653 660 21
658 659 21
664 737 21
665 1004 21
684 1021 21
720 1288 21
731 1417 21
750 1026 21
757 1167 21
764 1010 21
776 1237 21
781 1167 21
801 1402 21
807 1045 21
816 1346 21
835 1045 21
882 927 21
900 1040 21
901 1030 21
915 1317 21
920 1445 21
924 1284 21
928 1444 21
963 1444 21
1039 1269 21
1071 1466 21
1074 1382 21
1084 1455 21
1101 1256 21
1115 1138 21
1125 1206 21
1133 1354 21
1138 1436 21
1142 1211 21
1150 1356 21
1164 1265 21
1192 1194 21
1208 1253 21
1241 1452 21
1254 1265 21
1381 1474 21
15 213 22
15 1284 22
17 679 22
24 248 22
31 382 22
34 1078 22
34 236 22
38 1029 22
51 304 22
60 496 22
61 763 22
65 1117 22
65 1047 22
69 1338 22
70 1333 22
78 1238 22
79 258 22
84 1394 22
92 1268 22
95 449 22
97 665 22
99 1109 22
100 1386 22
101 168 22
109 340 22
116 491 22
117 918 22
118 1092 22
119 922 22
125 1164 22
130 194 22
144 521 22
149 1419 22
158 862 22
160 250 22
168 1465 22
168 333 22
181 432 22
189 1055 22
189 1397 22
190 751 22
214 1015 22
224 764 22
231 1446 22
240 1225 22
246 1449 22
247 641 22
265 1082 22
269 1327 22
284 1338 22
286 1386 22
301 742 22
306 1260 22
314 746 22
317 1425 22
320 701 22
332 917 22
341 1280 22
341 1229 22
343 1358 22
345 404 22
347 611 22
347 546 22
353 583 22
359 543 22
381 973 22
382 1076 22
390 923 22
398 1078 22
406 1119 22
414 676 22
415 1241 22
417 1229 22
431 750 22
433 1134 22
448 1404 22
449 947 22
457 1074 22
459 1352 22
461 1201 22
463 1225 22
466 1443 22
472 1306 22
488 712 22
488 796 22
499 1018 22
514 722 22
522 1403 22
529 579 22
530 1000 22
535 1038 22
544 794 22
547 590 22
559 979 22
561 581 22
561 582 22
565 1036 22
570 920 22
574 1129 22
585 869 22
591 1276 22
597 1011 22
602 1405 22
610 1158 22
615 649 22
635 1078 22
640 1216 22
641 986 22
667 1079 22
675 1415 22
679 1360 22
682 1150 22
686 1356 22
697 1131 22
700 1237 22
720 741 22
720 781 22
721 1344 22
732 1360 22
733 1064 22
738 740 22
743 1400 22
763 818 22
786 1283 22
801 1357 22
808 1059 22
825 990 22
857 1353 22
862 1109 22
869 1019 22
902 1147 22
903 1069 22
904 1343 22
947 1476 22
953 1024 22
973 1397 22
1013 1299 22
1027 1232 22
1041 1084 22
1046 1290 22
1048 1206 22
1051 1240 22
1089 1160 22
1106 1373 22
1144 1343 22
1177 1430 22
1183 1246 22
1210 1460 22
1252 1385 22
1253 1267 22
1256 1397 22
1295 1358 22
1335 1399 22
1338 1408 22
1 373 23
7 1188 23
15 382 23
16 148 23
20 475 23
29 532 23
29 1462 23
32 1457 23
41 1033 23
42 964 23
52 1400 23
57 1229 23
71 369 23
74 885 23
77 1201 23
86 98 23
91 664 23
92 921 23
94 1395 23
108 868 23
111 184 23
112 376 23
116 281 23
125 201 23
126 1034 23
130 259 23
131 1272 23
132 256 23
143 658 23
148 359 23
149 1160 23
168 327 23
169 1093 23
174 259 23
206 917 23
212 586 23
219 692 23
222 923 23
235 1241 23
235 487 23
236 807 23
239 825 23
254 302 23
256 442 23
265 1419 23
267 434 23
268 1072 23
278 314 23
279 871 23
280 906 23
287 379 23
291 899 23
293 676 23
299 719 23
301 466 23
309 1373 23
310 636 23
310 651 23
319 475 23
336 553 23
341 791 23
349 614 23
357 735 23
365 622 23
375 1404 23
398 919 23
404 704 23
407 1113 23
441 967 23
441 1282 23
441 598 23
443 784 23
444 764 23
473 637 23
478 1055 23
485 1158 23
485 575 23
491 789 23
495 1142 23
502 674 23
517 1031 23
517 832 23
524 937 23
532 786 23
532 726 23
542 1331 23
553 1296 23
564 703 23
567 580 23
574 796 23
600 1433 23
617 633 23
619 1244 23
621 741 23
666 942 23
674 1438 23
676 973 23
679 684 23
680 772 23
681 984 23
690 949 23
692 864 23
695 1025 23
696 1226 23
701 1444 23
715 1034 23
721 843 23
729 781 23
733 1271 23
740 1218 23
741 768 23
743 1346 23
747 1090 23
755 1090 23
773 1394 23
784 785 23
784 955 23
785 787 23
785 1130 23
805 824 23
817 983 23
827 949 23
873 1359 23
878 1414 23
884 908 23
897 1460 23
901 1410 23
909 1458 23
914 995 23
962 968 23
978 1277 23
981 1407 23
1001 1087 23
1001 1374 23
1143 1291 23
1163 1220 23
1165 1448 23
1228 1462 23
1235 1339 23
1386 1462 23
1402 1403 23
40 897 24
59 683 24
91 1093 24
91 633 24
97 1457 24
109 515 24
120 484 24
138 1009 24
206 1026 24
220 1041 24
241 252 24
257 325 24
288 1181 24
293 672 24
294 327 24
299 716 24
308 762 24
354 1248 24
364 1119 24
367 1479 24
392 1202 24
410 1113 24
425 1164 24
445 571 24
448 926 24
461 1027 24
466 1381 24
472 1370 24
533 670 24
534 887 24
551 845 24
600 1201 24
604 831 24
644 725 24
691 809 24
703 1346 24
753 910 24
774 874 24
775 852 24
796 953 24
807 809 24
810 1101 24
831 1350 24
839 1338 24
854 1103 24
920 1260 24
947 1156 24
963 1007 24
986 1099 24
1003 1323 24
1016 1373 24
1022 1095 24
1137 1155 24
1190 1277 24
5 732 25
17 690 25
19 880 25
41 155 25
42 658 25
51 1029 25
59 1296 25
89 1266 25
91 314 25
94 803 25
100 306 25
109 735 25
117 901 25
118 1101 25
127 585 25
130 597 25
132 298 25
135 1447 25
138 825 25
144 1437 25
151 1189 25
153 465 25
161 826 25
175 641 25
195 491 25
205 297 25
208 1304 25
245 802 25
250 660 25
259 284 25
263 480 25
267 288 25
280 847 25
291 1167 25
301 336 25
310 1137 25
313 432 25
325 526 25
349 1364 25
350 1080 25
360 441 25
382 770 25
411 719 25
416 841 25
420 569 25
479 1333 25
492 1090 25
497 528 25
504 798 25
513 1309 25
538 661 25
540 1357 25
561 1202 25
582 706 25
611 724 25
632 1204 25
654 1374 25
669 837 25
679 951 25
681 883 25
697 992 25
773 1064 25
775 776 25
783 1060 25
787 840 25
795 836 25
803 831 25
818 1212 25
819 1071 25
848 859 25
936 1083 25
1262 1359 25
1265 1475 25
1278 1443 25
1332 1392 25
1345 1450 25
1423 1472 25
11 659 26
14 799 26
26 740 26
32 1098 26
43 502 26
54 226 26
55 530 26
61 822 26
61 1438 26
63 1320 26
92 956 26
125 1435 26
129 697 26
131 132 26
132 1313 26
133 495 26
140 1044 26
187 1014 26
189 631 26
192 1006 26
194 945 26
204 947 26
219 947 26
235 699 26
288 391 26
304 657 26
317 590 26
339 1230 26
348 1420 26
356 470 26
357 390 26
359 1322 26
402 884 26
411 1380 26
418 481 26
445 456 26
448 1125 26
461 853 26
472 584 26
475 1357 26
476 809 26
477 527 26
492 1007 26
493 1211 26
499 524 26
503 940 26
505 1131 26
521 1040 26
544 1288 26
564 713 26
630 1451 26
639 1391 26
667 964 26
681 1179 26
692 1138 26
699 1397 26
714 819 26
741 1187 26
755 807 26
757 1394 26
774 831 26
782 1155 26
793 1127 26
812 873 26
814 1438 26
834 925 26
836 1235 26
838 864 26
851 866 26
887 1192 26
890 1208 26
897 1359 26
902 1084 26
908 1208 26
914 1103 26
918 1290 26
937 1165 26
949 1015 26
956 1305 26
962 1280 26
963 1197 26
1003 1246 26
1055 1293 26
1095 1383 26
1135 1171 26
1141 1239 26
1152 1453 26
1198 1325 26
1317 1459 26
1361 1432 26
4 950 27
8 1249 27
14 936 27
20 565 27
26 945 27
52 974 27
55 1457 27
66 955 27
88 1192 27
109 272 27
110 127 27
113 933 27
115 901 27
138 1441 27
140 627 27
157 639 27
171 1013 27
177 675 27
187 1211 27
194 210 27
214 342 27
217 478 27
223 454 27
232 795 27
252 843 27
285 1190 27
308 921 27
330 692 27
333 1318 27
339 502 27
339 1343 27
342 1063 27
347 748 27
369 1434 27
384 1246 27
407 809 27
412 564 27
413 524 27
432 915 27
438 1390 27
441 1136 27
461 1227 27
464 1438 27
477 576 27
478 1102 27
490 1200 27
509 1382 27
517 607 27
526 545 27
548 1182 27
553 1231 27
556 832 27
567 779 27
569 729 27
569 838 27
639 806 27
648 745 27
674 676 27
687 1403 27
693 958 27
707 1295 27
732 1354 27
750 1099 27
751 854 27
751 1278 27
757 1244 27
761 766 27
777 838 27
777 1258 27
790 804 27
824 1414 27
834 1354 27
838 1274 27
867 991 27
885 1181 27
949 1451 27
998 1392 27
1000 1308 27
1016 1444 27
1089 1211 27
1258 1260 27
1295 1309 27
1298 1464 27
1369 1467 27
4 1020 28
8 293 28
18 1121 28
28 1180 28
31 134 28
37 425 28
66 756 28
69 734 28
78 1228 28
86 615 28
105 1291 28
139 970 28
216 282 28
258 509 28
271 1400 28
273 1358 28
298 606 28
301 1002 28
385 825 28
386 1422 28
386 1469 28
409 1141 28
432 1020 28
436 1083 28
517 1005 28
552 1450 28
601 1177 28
745 1335 28
751 1375 28
769 967 28
781 1401 28
825 1462 28
841 1111 28
849 872 28
891 1268 28
910 1144 28
943 978 28
954 1227 28
1085 1153 28
1116 1419 28
1158 1263 28
1250 1349 28
1426 1479 28
0 1230 29
72 288 29
94 351 29
150 868 29
155 797 29
194 219 29
201 1068 29
216 684 29
242 548 29
282 1193 29
348 350 29
368 865 29
372 837 29
401 965 29
408 996 29
422 707 29
542 920 29
547 981 29
611 1331 29
630 1214 29
791 1358 29
959 980 29
1008 1358 29
1048 1177 29
1064 1394 29
1078 1282 29
1079 1120 29
1103 1411 29
1247 1332 29
1270 1470 29
23 1192 30
39 753 30
199 1001 30
231 1175 30
303 599 30
341 1062 30
348 427 30
359 1277 30
540 998 30
662 1283 30
1113 1148 30
17 1248 31
41 956 31
103 316 31
349 1337 31
386 1337 31
33 619 32
378 1432 32
395 453 32
468 1039 32
642 1164 32
691 1030 32
784 995 32
1100 1421 32
1253 1290 33
37 374 34
63 965 35
169 635 35
427 557 35
1109 1285 35
376 1176 36
538 811 36
726 797 36
795 925 36
130 154 37
224 237 37
510 1321 37
670 1066 37
159 930 38
209 1287 39
745 808 39
1210 1329 39
13 463 40
23 630 40
25 596 40
94 648 40
149 1315 40
184 202 40
217 475 40
230 1175 40
237 677 40
267 948 40
461 1044 40
535 707 40
542 1304 40
561 1399 40
618 683 40
630 1352 40
0 170 41
5 1039 41
6 1280 41
9 1403 41
12 1301 41
14 167 41
42 759 41
53 1445 41
61 567 41
85 112 41
96 416 41
98 760 41
102 1392 41
108 157 41
117 698 41
137 1112 41
140 861 41
170 1396 41
176 691 41
183 504 41
185 772 41
195 227 41
205 817 41
208 572 41
216 297 41
231 249 41
234 269 41
305 1226 41
312 649 41
317 1163 41
333 529 41
379 1303 41
409 1421 41
410 1407 41
412 452 41
413 897 41
415 651 41
427 584 41
432 800 41
446 472 41
446 1315 41
450 1381 41
457 581 41
461 525 41
461 488 41
467 917 41
469 483 41
473 1377 41
477 1264 41
525 1249 41
549 924 41
613 1001 41
627 970 41
654 1402 41
706 1275 41
714 903 41
730 759 41
741 1085 41
745 1164 41
754 941 41
789 1301 41
791 1159 41
810 1240 41
825 1297 41
857 1264 41
925 1469 41
936 969 41
940 1318 41
942 1183 41
942 1202 41
946 1009 41
948 966 41
948 1005 41
965 997 41
966 977 41
975 1038 41
997 998 41
1003 1004 41
1036 1139 41
1043 1190 41
1070 1390 41
1107 1402 41
1169 1316 41
1198 1353 41
1249 1403 41
1362 1417 41
1403 1431 41
1416 1419 41
1 100 42
16 794 42
16 837 42
16 1017 42
19 617 42
26 760 42
29 1281 42
31 222 42
40 751 42
49 456 42
68 80 42
76 1207 42
84 504 42
87 359 42
100 190 42
118 484 42
121 252 42
123 558 42
126 1395 42
140 855 42
148 1425 42
153 678 42
153 970 42
156 955 42
159 1357 42
163 873 42
164 301 42
178 538 42
190 360 42
210 547 42
213 1127 42
213 1312 42
225 376 42
234 281 42
274 577 42
306 520 42
314 1013 42
314 957 42
315 1054 42
317 1230 42
321 851 42
322 1254 42
327 806 42
329 548 42
331 1099 42
332 459 42
353 1057 42
354 691 42
355 1041 42
360 652 42
364 477 42
376 791 42
383 1018 42
392 507 42
402 701 42
418 1443 42
421 663 42
427 858 42
439 1010 42
451 729 42
453 677 42
455 707 42
467 643 42
481 985 42
519 1254 42
526 897 42
532 607 42
598 945 42
608 698 42
611 827 42
626 1209 42
664 846 42
667 952 42
667 901 42
668 905 42
684 696 42
728 926 42
729 925 42
729 903 42
732 861 42
732 918 42
732 1105 42
742 842 42
743 1057 42
766 1281 42
788 1251 42
823 1232 42
825 1262 42
835 845 42
846 1464 42
858 1227 42
868 1052 42
884 1062 42
893 1334 42
899 1189 42
919 1072 42
962 1211 42
972 1021 42
975 1381 42
1019 1290 42
1024 1034 42
1033 1052 42
1090 1143 42
1110 1346 42
1117 1204 42
1133 1448 42
1159 1401 42
1162 1299 42
1171 1450 42
1239 1380 42
1323 1452 42
0 631 43
6 300 43
11 852 43
27 391 43
39 1423 43
45 925 43
53 433 43
58 1349 43
59 936 43
66 1154 43
69 1025 43
70 130 43
70 371 43
79 1353 43
87 328 43
89 441 43
96 1130 43
103 424 43
106 878 43
110 580 43
113 547 43
114 948 43
121 731 43
123 214 43
127 949 43
132 1024 43
137 1142 43
139 692 43
139 1272 43
144 564 43
156 1274 43
162 316 43
167 517 43
168 247 43
169 957 43
171 453 43
177 1078 43
182 1276 43
193 856 43
195 1408 43
199 456 43
207 889 43
228 346 43
233 587 43
236 918 43
245 1123 43
247 820 43
248 714 43
249 264 43
254 1075 43
262 896 43
272 888 43
284 954 43
300 516 43
300 1396 43
315 841 43
321 360 43
321 1290 43
322 673 43
356 724 43
358 886 43
362 515 43
365 366 43
367 1427 43
375 999 43
377 628 43
378 725 43
385 453 43
392 1125 43
408 1284 43
445 1120 43
447 1306 43
449 595 43
454 796 43
454 555 43
456 1326 43
463 1105 43
470 1254 43
473 584 43
478 693 43
484 527 43
499 652 43
504 764 43
515 1270 43
523 655 43
528 1159 43
535 621 43
538 1331 43
540 1284 43
548 1400 43
578 918 43
593 1450 43
595 631 43
596 686 43
603 613 43
605 1421 43
607 965 43
614 1025 43
614 808 43
616 1436 43
616 1298 43
617 1469 43
621 1385 43
631 1229 43
631 1477 43
638 1016 43
646 951 43
659 798 43
662 1409 43
663 907 43
674 1332 43
675 1177 43
691 888 43
693 832 43
699 1290 43
724 1080 43
732 1243 43
760 1056 43
778 1335 43
780 1472 43
784 1170 43
790 1431 43
801 937 43
837 895 43
840 1015 43
840 1359 43
882 1241 43
889 1133 43
898 1254 43
914 1350 43
929 1081 43
930 1065 43
936 1038 43
936 1001 43
938 1291 43
952 1371 43
972 1040 43
981 1038 43
982 1090 43
985 1080 43
999 1082 43
1007 1418 43
1011 1115 43
1018 1081 43
1020 1314 43
1024 1038 43
1025 1073 43
1030 1154 43
1036 1342 43
1049 1103 43
1050 1118 43
1057 1060 43
1057 1062 43
1071 1074 43
1073 1382 43
1076 1092 43
1079 1085 43
1085 1211 43
1092 1096 43
1095 1272 43
1097 1392 43
1099 1100 43
1105 1112 43
1113 1114 43
1130 1222 43
1133 1477 43
1164 1442 43
1166 1225 43
1294 1360 43
1308 1378 43
1320 1326 43
1399 1425 43
0 846 44
53 196 44
63 440 44
96 993 44
104 1409 44
117 508 44
130 443 44
131 919 44
150 620 44
165 182 44
168 1103 44
195 470 44
208 679 44
233 966 44
252 399 44
316 1314 44
318 1168 44
325 802 44
395 1041 44
418 1388 44
456 1257 44
487 495 44
511 1322 44
522 863 44
533 1287 44
556 638 44
556 1235 44
666 834 44
703 941 44
779 1078 44
817 1406 44
839 1107 44
965 1118 44
1217 1290 44
1258 1468 44
0 1462 45
5 673 45
9 961 45
12 284 45
14 475 45
19 876 45
22 1374 45
25 1323 45
26 617 45
26 452 45
32 479 45
37 1065 45
39 233 45
54 471 45
56 858 45
57 1316 45
61 1190 45
107 895 45
108 1151 45
111 435 45
128 733 45
136 632 45
157 729 45
157 976 45
158 1413 45
172 470 45
178 1405 45
178 541 45
182 1367 45
183 469 45
190 757 45
190 414 45
191 1474 45
198 882 45
209 827 45
209 564 45
215 730 45
220 468 45
238 614 45
251 1191 45
256 336 45
260 572 45
261 1334 45
278 445 45
284 512 45
301 430 45
303 1082 45
318 856 45
318 337 45
329 1283 45
346 1412 45
349 877 45
350 525 45
354 679 45
358 1048 45
380 532 45
384 716 45
390 1473 45
406 792 45
415 557 45
417 492 45
418 849 45
439 840 45
444 1159 45
447 1405 45
462 718 45
464 672 45
480 1008 45
486 618 45
499 601 45
502 658 45
514 890 45
525 740 45
525 965 45
554 1104 45
566 1067 45
581 769 45
592 1437 45
598 1026 45
615 1085 45
643 1120 45
645 831 45
654 830 45
680 945 45
682 1268 45
697 1414 45
700 805 45
723 1152 45
724 968 45
737 1336 45
755 790 45
794 1074 45
811 1110 45
814 1064 45
814 1239 45
815 1285 45
855 953 45
870 1042 45
889 952 45
891 1216 45
904 1106 45
956 1095 45
983 1176 45
996 1347 45
996 1114 45
999 1387 45
1036 1104 45
1049 1334 45
1054 1251 45
1062 1364 45
1096 1291 45
1102 1134 45
1124 1148 45
1126 1163 45
1127 1135 45
1144 1145 45
1144 1450 45
1146 1157 45
1207 1308 45
1242 1363 45
1243 1411 45
1269 1437 45
1388 1453 45
20 942 46
27 137 46
40 346 46
40 526 46
50 1284 46
50 1440 46
54 1295 46
59 1025 46
62 844 46
65 1028 46
67 1473 46
75 825 46
79 181 46
80 1406 46
86 1129 46
98 1196 46
101 647 46
109 690 46
113 845 46
121 143 46
126 564 46
127 534 46
127 499 46
135 1202 46
149 729 46
149 1057 46
155 533 46
170 824 46
171 528 46
179 712 46
195 748 46
196 1385 46
207 1026 46
210 1389 46
214 555 46
223 691 46
230 1413 46
230 262 46
231 511 46
250 274 46
260 1329 46
265 353 46
266 401 46
267 502 46
269 364 46
269 895 46
278 1259 46
293 414 46
294 1224 46
297 614 46
299 319 46
305 862 46
316 363 46
316 1257 46
330 974 46
331 739 46
331 884 46
333 1405 46
339 464 46
361 792 46
362 380 46
386 1339 46
386 1439 46
390 637 46
393 1164 46
397 690 46
399 578 46
406 1271 46
407 1314 46
414 415 46
417 898 46
424 880 46
429 1142 46
434 556 46
442 878 46
447 1451 46
447 1069 46
452 1320 46
471 1168 46
473 1242 46
480 958 46
480 1214 46
485 612 46
501 701 46
504 1428 46
513 1455 46
514 907 46
539 1259 46
546 1048 46
548 976 46
554 1179 46
567 738 46
579 975 46
580 1433 46
582 1021 46
587 727 46
591 963 46
594 1330 46
601 810 46
601 743 46
605 1055 46
618 1383 46
627 812 46
635 964 46
639 1074 46
644 675 46
645 1277 46
652 1025 46
656 857 46
671 735 46
689 937 46
693 1256 46
710 1125 46
711 1391 46
727 921 46
729 1149 46
737 1477 46
738 779 46
738 1297 46
738 956 46
739 1075 46
744 939 46
747 1257 46
750 875 46
758 1055 46
760 1313 46
781 928 46
799 952 46
818 1125 46
823 1194 46
849 928 46
855 967 46
860 1030 46
862 1093 46
863 868 46
868 1327 46
875 1398 46
876 899 46
901 1433 46
914 990 46
916 1327 46
921 1283 46
926 1060 46
931 1154 46
942 1140 46
946 1274 46
954 1460 46
972 1183 46
976 1104 46
979 1214 46
1007 1292 46
1023 1354 46
1038 1425 46
1046 1067 46
1049 1357 46
1078 1163 46
1080 1190 46
1097 1277 46
1104 1136 46
1110 1125 46
1124 1125 46
1125 1184 46
1126 1165 46
1132 1148 46
1144 1165 46
1148 1202 46
1150 1196 46
1164 1186 46
1229 1295 46
1242 1464 46
1295 1432 46
1296 1408 46
7 831 47
11 203 47
14 1462 47
57 1327 47
71 167 47
95 99 47
99 292 47
112 605 47
125 1060 47
132 788 47
133 320 47
143 691 47
157 1097 47
159 606 47
167 1398 47
188 1246 47
193 237 47
213 356 47
216 527 47
217 990 47
224 1143 47
233 1284 47
235 1298 47
250 749 47
251 411 47
252 947 47
254 912 47
271 294 47
297 796 47
301 576 47
311 777 47
312 824 47
316 1041 47
324 532 47
327 982 47
329 1198 47
336 997 47
355 1256 47
359 1025 47
360 735 47
406 865 47
408 679 47
450 1370 47
486 740 47
503 538 47
515 1439 47
526 1108 47
539 596 47
577 1416 47
578 1097 47
596 1107 47
628 941 47
633 1055 47
641 684 47
650 1126 47
679 1204 47
693 1233 47
696 1391 47
720 1444 47
744 1372 47
749 1003 47
753 1071 47
763 864 47
803 1355 47
809 1050 47
837 964 47
844 874 47
847 1316 47
896 1074 47
935 966 47
964 1333 47
975 1238 47
983 1288 47
985 1435 47
1046 1357 47
1049 1335 47
1095 1207 47
1125 1174 47
1127 1374 47
1134 1190 47
1170 1171 47
1172 1239 47
1188 1407 47
1189 1205 47
1203 1311 47
1226 1227 47
1227 1228 47
1241 1323 47
1269 1412 47
1358 1431 47
1420 1458 47
1420 1464 47
1460 1479 47
13 589 48
17 1015 48
18 1337 48
33 891 48
39 1058 48
51 1247 48
52 1087 48
55 706 48
80 1306 48
92 893 48
95 1187 48
107 284 48
114 1406 48
144 1291 48
146 474 48
157 848 48
158 1361 48
159 889 48
166 548 48
185 1454 48
194 1146 48
200 380 48
201 962 48
204 409 48
216 1192 48
232 1143 48
233 1242 48
236 833 48
236 1305 48
237 1412 48
238 1426 48
251 728 48
274 346 48
295 1169 48
295 1438 48
302 435 48
311 456 48
327 1472 48
353 1081 48
353 1397 48
365 864 48
399 1208 48
407 1170 48
413 679 48
413 587 48
414 1431 48
415 786 48
448 1476 48
501 1240 48
514 1177 48
551 603 48
555 1350 48
560 1084 48
563 953 48
575 664 48
596 958 48
599 748 48
603 1268 48
610 975 48
672 1280 48
687 935 48
700 1110 48
711 1352 48
721 1408 48
744 987 48
748 1268 48
776 813 48
799 935 48
812 1228 48
832 1455 48
835 1235 48
852 1304 48
885 1023 48
986 1267 48
1014 1231 48
1017 1287 48
1030 1095 48
1043 1206 48
1044 1243 48
1061 1338 48
1070 1215 48
1072 1319 48
1134 1246 48
1145 1444 48
1148 1240 48
1159 1250 48
1177 1204 48
1199 1241 48
1232 1415 48
1232 1317 48
1376 1442 48
1394 1479 48
5 371 49
23 1466 49
67 551 49
80 887 49
101 464 49
109 1107 49
184 773 49
266 1252 49
317 471 49
367 1402 49
413 823 49
641 1348 49
641 655 49
811 1184 49
956 1456 49
968 1108 49
1042 1338 49
1209 1412 49
1264 1398 49
1391 1424 49
47 1184 50
49 396 50
70 730 50
98 394 50
102 386 50
112 465 50
133 1435 50
133 551 50
136 686 50
142 396 50
157 1372 50
162 1190 50
176 1031 50
179 1187 50
201 1432 50
206 1407 50
245 1140 50
248 787 50
291 1387 50
303 988 50
314 963 50
359 1137 50
370 899 50
373 1391 50
376 475 50
398 1180 50
414 885 50
454 613 50
480 541 50
484 1267 50
512 955 50
521 1058 50
587 781 50
587 930 50
592 661 50
614 1397 50
618 1254 50
618 1061 50
650 1115 50
659 805 50
671 687 50
696 1380 50
721 939 50
723 979 50
759 945 50
781 1413 50
850 1077 50
915 1118 50
947 1284 50
977 1409 50
1009 1246 50
1011 1117 50
1194 1216 50
1213 1234 50
1218 1318 50
1243 1261 50
1251 1262 50
1271 1427 50
1334 1475 50
1352 1382 50
14 702 51
20 1338 51
34 322 51
37 463 51
44 822 51
47 1186 51
63 1449 51
75 848 51
87 215 51
93 252 51
118 606 51
127 1076 51
128 302 51
132 1051 51
136 212 51
138 165 51
149 1360 51
149 394 51
159 1347 51
161 1468 51
165 412 51
176 1219 51
185 249 51
185 1046 51
230 1020 51
256 283 51
259 1226 51
262 1292 51
279 1014 51
281 542 51
289 1379 51
291 1032 51
298 1247 51
306 386 51
310 1044 51
311 714 51
329 1156 51
361 1401 51
362 751 51
364 1111 51
364 925 51
378 1420 51
380 516 51
393 561 51
401 1314 51
417 1053 51
420 1295 51
428 839 51
431 1391 51
437 752 51
468 1464 51
492 773 51
516 895 51
519 1161 51
528 1408 51
556 744 51
566 1275 51
568 995 51
604 1432 51
625 838 51
666 1389 51
711 785 51
722 1249 51
722 1142 51
744 1352 51
794 1136 51
828 1001 51
899 1447 51
910 973 51
974 1201 51
984 1429 51
1049 1060 51
1049 1240 51
1124 1246 51
1128 1273 51
1148 1409 51
1262 1272 51
1276 1282 51
1300 1419 51
1304 1445 51
6 1383 52
50 220 52
310 521 52
321 628 52
419 481 52
557 786 52
611 650 52
669 852 52
713 1239 52
959 1121 52
1133 1323 52
1235 1283 52
1251 1355 52
1372 1460 52
13 324 53
30 602 53
103 1440 53
110 377 53
113 426 53
153 963 53
192 334 53
196 871 53
221 1468 53
229 910 53
243 810 53
250 1347 53
270 826 53
319 598 53
331 1087 53
342 794 53
375 781 53
473 591 53
474 940 53
482 1475 53
485 1037 53
544 1289 53
549 1181 53
602 716 53
677 1283 53
696 1086 53
704 1159 53
727 780 53
753 1208 53
823 1473 53
972 1184 53
997 1158 53
1050 1136 53
1140 1258 53
1304 1423 53
14 75 54
19 652 54
23 1478 54
51 642 54
63 777 54
68 91 54
70 607 54
86 854 54
119 1104 54
144 404 54
156 1308 54
168 1220 54
185 777 54
212 895 54
239 1318 54
255 1183 54
266 580 54
366 671 54
412 905 54
427 1398 54
447 1179 54
461 658 54
495 851 54
497 518 54
543 573 54
602 1373 54
614 900 54
615 1405 54
643 1275 54
651 1387 54
665 1068 54
665 1375 54
674 850 54
676 1416 54
678 984 54
757 1080 54
765 1017 54
796 1102 54
804 924 54
820 1274 54
865 1336 54
880 1291 54
882 1350 54
908 1130 54
940 1384 54
940 1045 54
953 1294 54
1106 1271 54
1152 1447 54
1156 1430 54
1181 1442 54
1320 1322 54
2 999 55
10 306 55
14 837 55
37 972 55
37 943 55
43 1279 55
54 1472 55
61 573 55
69 310 55
83 981 55
83 443 55
91 995 55
139 1477 55
146 199 55
150 648 55
152 1388 55
156 1039 55
179 1394 55
180 610 55
211 1029 55
217 1175 55
219 933 55
223 1174 55
253 1321 55
260 555 55
263 359 55
265 1326 55
269 421 55
269 885 55
270 425 55
277 1291 55
315 423 55
316 655 55
321 485 55
349 552 55
367 1478 55
379 601 55
384 423 55
391 535 55
392 1050 55
393 421 55
403 1243 55
415 589 55
437 550 55
438 535 55
460 843 55
466 534 55
493 543 55
494 1322 55
495 767 55
521 1262 55
528 1148 55
533 1262 55
548 1446 55
611 1357 55
614 1409 55
618 704 55
625 876 55
628 717 55
639 1452 55
650 1360 55
676 1213 55
739 1448 55
754 888 55
757 1141 55
767 1375 55
779 859 55
780 960 55
789 919 55
790 1356 55
813 875 55
827 1245 55
846 1121 55
912 1074 55
931 1447 55
948 987 55
954 1181 55
977 1428 55
987 1478 55
991 1353 55
1044 1185 55
1113 1165 55
1143 1269 55
1154 1315 55
1212 1458 55
1217 1339 55
1330 1334 55
1359 1362 55
8 1329 56
16 836 56
19 1058 56
21 745 56
31 246 56
32 1080 56
33 861 56
35 898 56
35 710 56
42 804 56
45 525 56
53 69 56
73 153 56
76 489 56
78 434 56
83 160 56
88 278 56
89 209 56
90 829 56
107 378 56
107 633 56
117 183 56
118 1144 56
118 385 56
129 750 56
154 1255 56
154 1195 56
170 799 56
175 1394 56
191 385 56
210 900 56
213 1248 56
219 715 56
226 516 56
241 1086 56
242 756 56
254 1380 56
258 811 56
262 1432 56
283 675 56
291 1442 56
298 567 56
307 789 56
321 1023 56
322 1318 56
330 536 56
341 1210 56
344 650 56
345 1125 56
369 1149 56
372 1136 56
379 390 56
388 824 56
392 894 56
393 458 56
408 530 56
418 1281 56
424 570 56
428 835 56
433 744 56
436 907 56
466 589 56
476 728 56
524 775 56
529 616 56
529 579 56
543 1125 56
558 1320 56
590 912 56
599 1429 56
605 1137 56
605 663 56
608 1165 56
636 1242 56
647 1427 56
670 1327 56
675 821 56
675 1092 56
676 893 56
678 1429 56
703 1189 56
704 1399 56
708 1016 56
712 1153 56
712 1234 56
725 1259 56
730 805 56
736 1371 56
758 1214 56
791 1170 56
798 903 56
809 1418 56
825 1230 56
831 1392 56
843 960 56
854 1381 56
869 1294 56
873 1210 56
898 1334 56
904 1166 56
921 1195 56
923 1477 56
933 1086 56
971 1202 56
1010 1155 56
1073 1116 56
1079 1209 56
1131 1326 56
1146 1361 56
1167 1288 56
1179 1407 56
1217 1319 56
1262 1329 56
1271 1355 56
1272 1323 56
1288 1410 56
1293 1363 56
1304 1337 56
1329 1356 56
1333 1468 56
1345 1374 56
1412 1413 56
14 890 57
23 943 57
25 743 57
25 291 57
26 548 57
33 348 57
45 1410 57
45 842 57
75 197 57
84 236 57
96 1056 57
99 296 57
103 1238 57
106 1166 57
114 185 57
115 329 57
125 154 57
128 984 57
134 272 57
135 226 57
156 860 57
159 1049 57
168 900 57
173 1113 57
185 292 57
191 841 57
194 583 57
196 966 57
208 1122 57
218 1288 57
232 961 57
236 995 57
239 819 57
256 881 57
264 395 57
267 1140 57
276 515 57
284 1226 57
284 745 57
285 1352 57
288 1133 57
294 1301 57
294 513 57
301 878 57
332 732 57
348 1360 57
349 495 57
356 1299 57
359 1388 57
359 851 57
377 1362 57
382 814 57
397 1371 57
399 719 57
402 879 57
424 741 57
424 1056 57
426 1389 57
430 745 57
434 811 57
450 548 57
473 683 57
475 809 57
476 1176 57
487 1099 57
487 884 57
534 745 57
553 1441 57
561 870 57
566 599 57
566 1128 57
571 904 57
574 910 57
590 975 57
595 1270 57
602 1474 57
611 1160 57
617 1256 57
620 648 57
646 1123 57
649 1199 57
668 1337 57
670 906 57
682 1238 57
685 861 57
686 1359 57
719 1280 57
738 1394 57
743 1138 57
754 944 57
788 861 57
791 1077 57
798 1420 57
798 1047 57
806 863 57
814 935 57
836 1258 57
840 1112 57
850 1065 57
854 1143 57
873 1128 57
873 1399 57
929 1230 57
955 968 57
1040 1348 57
1045 1263 57
1046 1290 57
1048 1369 57
1049 1170 57
1062 1432 57
1080 1082 57
1082 1189 57
1114 1159 57
1117 1127 57
1164 1456 57
1178 1291 57
1312 1432 57
1315 1426 57
1335 1466 57
1399 1428 57
1404 1452 57
6 1364 58
13 690 58
24 352 58
28 1127 58
35 700 58
35 261 58
38 1448 58
44 194 58
51 1363 58
54 193 58
75 814 58
77 1148 58
82 513 58
82 601 58
84 943 58
85 312 58
104 1125 58
105 1139 58
109 736 58
119 518 58
121 1097 58
133 723 58
149 244 58
152 555 58
159 1289 58
159 746 58
166 1064 58
169 1166 58
194 1356 58
205 413 58
215 384 58
228 936 58
265 938 58
274 928 58
293 1275 58
302 1063 58
310 1159 58
331 818 58
338 1237 58
349 1045 58
363 834 58
369 751 58
372 401 58
383 1136 58
411 1361 58
428 967 58
428 567 58
430 1007 58
448 1401 58
478 585 58
485 1156 58
490 980 58
494 939 58
498 1254 58
521 1026 58
542 1374 58
542 599 58
554 559 58
563 874 58
563 981 58
586 748 58
590 1296 58
590 1222 58
599 1325 58
647 917 58
675 731 58
704 1006 58
707 974 58
755 1351 58
789 1166 58
805 1261 58
812 1125 58
812 1077 58
830 995 58
839 1046 58
860 1213 58
866 1049 58
889 1352 58
891 1331 58
902 1055 58
941 1281 58
968 1020 58
971 1322 58
991 1073 58
1034 1324 58
1039 1385 58
1060 1456 58
1075 1120 58
1075 1409 58
1114 1351 58
1131 1373 58
1149 1287 58
1224 1317 58
1274 1433 58
1278 1461 58
1291 1339 58
1295 1472 58
1360 1437 58
1384 1429 58
1450 1451 58
2 39 59
21 1466 59
46 777 59
48 847 59
55 61 59
93 869 59
93 1155 59
120 309 59
120 1339 59
149 820 59
158 162 59
165 1144 59
175 230 59
214 1044 59
216 786 59
226 774 59
258 1289 59
278 907 59
283 644 59
286 556 59
295 800 59
306 1201 59
340 731 59
342 682 59
348 410 59
363 553 59
394 708 59
398 572 59
404 1131 59
433 1429 59
448 759 59
459 488 59
476 1045 59
507 524 59
521 810 59
610 937 59
635 1082 59
642 1154 59
657 973 59
675 1219 59
699 1315 59
709 1023 59
723 1000 59
789 1295 59
793 1012 59
818 1198 59
881 888 59
912 1470 59
936 1322 59
968 975 59
1008 1130 59
1024 1134 59
1054 1332 59
1117 1234 59
1129 1231 59
1164 1403 59
1235 1363 59
1239 1350 59
15 63 60
55 219 60
101 392 60
122 1169 60
152 546 60
155 1176 60
179 676 60
192 546 60
371 569 60
474 1071 60
533 1016 60
558 868 60
591 973 60
691 865 60
727 737 60
782 1002 60
798 858 60
843 1017 60
854 1433 60
871 1474 60
891 1053 60
998 1231 60
1345 1387 60
