0 1173 0
5 1359 0
6 960 0
9 1041 0
16 583 0
29 992 0
34 1069 0
46 787 0
65 977 0
79 873 0
91 378 0
92 872 0
92 1186 0
96 500 0
99 614 0
102 393 0
113 1134 0
141 688 0
144 820 0
166 1330 0
173 1342 0
174 996 0
179 436 0
183 307 0
186 929 0
193 261 0
193 1449 0
227 767 0
230 1080 0
243 357 0
253 317 0
277 718 0
300 650 0
331 707 0
340 405 0
348 1443 0
368 424 0
397 1337 0
398 471 0
400 854 0
403 404 0
417 1021 0
423 587 0
429 726 0
454 1206 0
504 778 0
504 940 0
519 1149 0
536 1235 0
536 565 0
543 569 0
547 1154 0
551 1421 0
581 1333 0
587 1094 0
590 778 0
625 1231 0
645 1049 0
646 739 0
678 1407 0
681 819 0
702 917 0
770 810 0
771 1402 0
805 1276 0
829 1184 0
833 1357 0
841 1174 0
849 1180 0
849 1075 0
864 1473 0
869 1435 0
884 1093 0
902 1230 0
904 1202 0
911 1185 0
951 1175 0
951 1204 0
968 1472 0
971 1405 0
982 1262 0
998 1318 0
1011 1345 0
1026 1351 0
1070 1122 0
1085 1439 0
1090 1173 0
1129 1212 0
1252 1372 0
1282 1315 0
0 190 1
9 203 1
20 191 1
36 797 1
64 206 1
65 847 1
72 399 1
88 806 1
94 143 1
97 1174 1
101 355 1
102 755 1
116 1019 1
131 1303 1
132 1175 1
149 881 1
155 1089 1
174 1233 1
204 472 1
209 1154 1
212 1065 1
233 366 1
242 710 1
258 852 1
261 1258 1
282 825 1
283 1165 1
284 618 1
285 538 1
287 1298 1
299 479 1
309 915 1
326 331 1
332 1386 1
343 1354 1
360 1260 1
367 1190 1
368 768 1
369 669 1
372 1452 1
373 832 1
375 910 1
380 537 1
425 1374 1
434 540 1
440 614 1
441 675 1
454 1009 1
494 1477 1
501 786 1
525 719 1
525 1426 1
527 1058 1
548 931 1
559 997 1
576 749 1
599 1013 1
605 1228 1
638 972 1
664 1162 1
694 1015 1
716 1405 1
749 1194 1
752 1120 1
782 1070 1
817 1133 1
840 924 1
842 987 1
929 1323 1
951 1127 1
954 1377 1
978 1413 1
1063 1384 1
1082 1097 1
1106 1433 1
1142 1256 1
1159 1228 1
1196 1280 1
1234 1272 1
1287 1476 1
1310 1397 1
1346 1394 1
1352 1357 1
15 753 2
29 949 2
30 145 2
31 454 2
37 932 2
47 825 2
50 1379 2
65 1092 2
65 771 2
76 369 2
84 845 2
107 359 2
128 1455 2
130 596 2
130 131 2
138 770 2
139 1041 2
141 847 2
141 275 2
144 572 2
147 813 2
166 359 2
166 202 2
170 205 2
197 891 2
198 242 2
198 480 2
208 1173 2
230 303 2
241 1425 2
242 547 2
244 867 2
248 1059 2
263 1406 2
263 953 2
264 1289 2
265 1354 2
307 1313 2
313 617 2
318 1050 2
319 514 2
321 875 2
335 567 2
354 1053 2
361 382 2
362 587 2
363 680 2
386 995 2
388 1318 2
390 1167 2
395 1350 2
397 1252 2
407 1068 2
415 644 2
420 588 2
426 596 2
427 685 2
430 635 2
430 817 2
453 1095 2
460 1003 2
481 1017 2
482 621 2
487 805 2
498 1206 2
503 1394 2
552 998 2
557 763 2
564 775 2
584 605 2
596 1138 2
599 706 2
601 707 2
615 1244 2
618 892 2
637 1447 2
644 909 2
654 726 2
667 721 2
678 1207 2
691 1070 2
696 1258 2
697 1440 2
716 1318 2
719 1324 2
763 1233 2
773 1178 2
780 830 2
798 1147 2
809 991 2
865 1433 2
883 1229 2
887 1125 2
935 1474 2
939 1154 2
963 1068 2
963 1173 2
981 1367 2
987 1328 2
1030 1040 2
1031 1192 2
1040 1451 2
1049 1377 2
1093 1209 2
1134 1178 2
1153 1374 2
1182 1316 2
1223 1465 2
4 1186 3
8 1430 3
11 416 3
12 764 3
17 266 3
18 653 3
20 553 3
22 580 3
31 1388 3
57 100 3
57 551 3
60 165 3
60 476 3
62 636 3
67 848 3
95 893 3
107 1239 3
111 774 3
113 511 3
135 309 3
150 1313 3
156 749 3
162 517 3
180 835 3
183 1027 3
187 1460 3
188 346 3
188 1379 3
196 330 3
212 1094 3
213 1000 3
223 1068 3
246 1133 3
251 462 3
264 1301 3
273 980 3
275 1324 3
281 313 3
283 816 3
284 1423 3
302 1079 3
306 992 3
312 743 3
312 1218 3
317 796 3
334 964 3
352 808 3
354 1222 3
363 578 3
386 1194 3
397 1198 3
403 882 3
403 742 3
405 690 3
409 507 3
413 942 3
423 1007 3
425 1454 3
437 803 3
449 708 3
457 1005 3
458 1469 3
466 1141 3
477 996 3
479 584 3
560 1256 3
567 838 3
567 635 3
574 1193 3
605 888 3
616 788 3
642 779 3
644 1007 3
653 948 3
685 1218 3
695 721 3
712 926 3
720 1146 3
739 1013 3
745 1406 3
755 1345 3
778 1103 3
783 1159 3
797 923 3
810 942 3
827 1298 3
831 874 3
927 1345 3
958 1030 3
970 1252 3
988 1316 3
994 1271 3
1007 1089 3
1013 1463 3
1042 1154 3
1065 1205 3
1069 1297 3
1085 1327 3
1101 1448 3
1143 1326 3
1167 1360 3
1260 1318 3
1304 1428 3
1359 1436 3
1380 1386 3
2 272 4
3 207 4
4 230 4
17 301 4
19 443 4
20 1070 4
28 248 4
38 697 4
41 288 4
43 951 4
65 698 4
67 477 4
71 430 4
74 1256 4
79 688 4
81 586 4
98 871 4
99 930 4
101 1049 4
107 1234 4
120 1225 4
136 621 4
156 609 4
170 1248 4
176 1036 4
181 580 4
182 1107 4
183 527 4
184 1224 4
197 813 4
208 1434 4
210 552 4
228 1410 4
229 1042 4
234 405 4
238 1367 4
258 482 4
260 843 4
269 531 4
274 1469 4
285 661 4
287 1444 4
288 1229 4
293 1460 4
300 1385 4
311 1356 4
329 690 4
330 490 4
338 1134 4
343 1470 4
345 862 4
345 1193 4
349 1056 4
355 874 4
362 457 4
381 1338 4
391 1474 4
396 464 4
407 1277 4
408 1401 4
422 461 4
441 1413 4
450 924 4
466 1037 4
469 546 4
491 687 4
503 1228 4
516 1043 4
522 1418 4
527 756 4
528 1394 4
530 780 4
556 1376 4
566 1450 4
658 720 4
689 1419 4
691 1432 4
695 866 4
698 915 4
720 1290 4
724 1094 4
734 888 4
750 1467 4
789 970 4
799 1066 4
823 884 4
834 1355 4
855 1389 4
864 1292 4
900 1134 4
903 1313 4
910 1478 4
916 1092 4
952 1273 4
953 996 4
980 1246 4
997 1000 4
1052 1413 4
1063 1190 4
1186 1343 4
1204 1252 4
1225 1380 4
1380 1407 4
0 460 5
8 614 5
45 1104 5
46 222 5
49 223 5
63 1471 5
66 293 5
113 1050 5
114 985 5
138 525 5
148 920 5
166 1270 5
168 1357 5
189 420 5
211 1063 5
244 852 5
248 338 5
249 766 5
273 950 5
286 1265 5
292 474 5
321 1169 5
382 912 5
436 1228 5
464 1321 5
479 737 5
494 1397 5
544 976 5
545 952 5
587 748 5
599 767 5
632 782 5
643 716 5
651 1222 5
659 1471 5
695 1249 5
711 1327 5
730 829 5
777 931 5
796 1228 5
803 1206 5
819 1237 5
827 1078 5
869 1252 5
876 1266 5
900 1270 5
904 1281 5
953 1166 5
1013 1305 5
1031 1110 5
1069 1258 5
1350 1456 5
24 77 6
41 652 6
50 398 6
69 869 6
85 680 6
89 1417 6
135 191 6
191 360 6
195 1210 6
198 1378 6
208 1000 6
208 1350 6
258 1400 6
271 1067 6
286 1209 6
324 685 6
326 522 6
404 1230 6
424 706 6
485 1252 6
518 901 6
621 1125 6
633 1246 6
648 1293 6
665 884 6
707 1443 6
727 1189 6
806 1319 6
817 927 6
915 1071 6
917 1054 6
919 1362 6
942 1033 6
1036 1403 6
1332 1361 6
7 160 7
78 474 7
95 862 7
157 1335 7
188 204 7
232 500 7
294 554 7
301 833 7
302 854 7
313 1399 7
340 906 7
423 662 7
429 1087 7
470 1243 7
486 536 7
495 1137 7
535 1222 7
553 1455 7
568 642 7
575 1250 7
594 1003 7
692 830 7
713 723 7
719 1344 7
739 1395 7
856 1262 7
857 948 7
979 1129 7
988 1172 7
1046 1227 7
1103 1236 7
1243 1382 7
1248 1385 7
1336 1436 7
7 1257 8
16 1057 8
17 278 8
28 231 8
33 438 8
33 1124 8
42 260 8
43 1444 8
70 250 8
73 576 8
84 1284 8
100 1253 8
164 351 8
177 1443 8
187 368 8
230 396 8
294 965 8
308 635 8
313 1161 8
322 1386 8
337 417 8
387 605 8
398 1159 8
400 1454 8
440 1304 8
442 665 8
476 691 8
481 1394 8
510 1225 8
514 1398 8
522 925 8
564 1123 8
583 747 8
604 906 8
675 686 8
678 796 8
686 1158 8
687 1290 8
718 1410 8
737 1393 8
754 1405 8
801 1402 8
830 1280 8
848 1225 8
1019 1349 8
1365 1471 8
1 1280 9
4 494 9
9 1291 9
10 1129 9
31 1448 9
33 558 9
41 174 9
44 539 9
46 758 9
46 1109 9
57 791 9
58 1336 9
63 543 9
67 1149 9
69 781 9
75 928 9
76 170 9
76 1179 9
79 241 9
80 295 9
82 168 9
86 979 9
91 652 9
93 1050 9
108 901 9
127 539 9
130 1215 9
134 681 9
140 1162 9
142 915 9
146 1273 9
150 308 9
156 320 9
157 334 9
164 1194 9
167 905 9
173 378 9
174 1366 9
178 1216 9
179 738 9
186 391 9
186 1248 9
187 561 9
188 671 9
190 1198 9
193 1158 9
197 856 9
199 804 9
202 1367 9
205 383 9
205 558 9
213 387 9
220 261 9
223 1198 9
223 224 9
229 748 9
232 978 9
235 1221 9
235 631 9
239 1424 9
242 1232 9
254 1388 9
263 730 9
266 278 9
272 804 9
274 374 9
274 1451 9
279 771 9
284 828 9
289 683 9
292 1477 9
297 540 9
303 732 9
314 822 9
337 1010 9
340 390 9
347 443 9
349 732 9
353 1072 9
363 1332 9
370 687 9
376 469 9
379 775 9
391 419 9
399 1318 9
399 620 9
410 551 9
413 1294 9
428 500 9
440 654 9
441 706 9
443 560 9
450 942 9
458 806 9
467 1418 9
470 1270 9
475 886 9
477 618 9
485 693 9
519 1246 9
530 858 9
532 561 9
533 1328 9
538 1010 9
541 1448 9
553 698 9
554 628 9
562 895 9
589 658 9
602 1212 9
607 1226 9
611 1389 9
615 1348 9
617 1438 9
624 653 9
630 950 9
639 887 9
639 1245 9
649 1036 9
649 1022 9
657 1388 9
658 1201 9
681 1326 9
685 1433 9
696 817 9
718 1303 9
757 1131 9
767 901 9
774 812 9
776 812 9
783 792 9
787 1381 9
795 1120 9
804 1113 9
821 1010 9
833 973 9
837 996 9
839 1139 9
854 1270 9
858 1108 9
862 921 9
907 1371 9
911 937 9
913 1222 9
929 1138 9
930 1461 9
934 1291 9
939 1427 9
955 1408 9
979 1160 9
985 1385 9
998 1370 9
1012 1477 9
1066 1320 9
1099 1291 9
1116 1319 9
1122 1331 9
1125 1329 9
1136 1305 9
1138 1234 9
1139 1435 9
1172 1300 9
1206 1246 9
1278 1297 9
1294 1323 9
1325 1424 9
1401 1433 9
8 1236 10
10 764 10
44 1327 10
45 1448 10
67 466 10
72 613 10
137 654 10
141 897 10
147 309 10
155 1151 10
163 1466 10
163 1252 10
170 793 10
176 797 10
207 1319 10
210 293 10
294 390 10
305 1284 10
317 1339 10
330 877 10
347 1229 10
357 1427 10
360 995 10
367 1461 10
372 1231 10
394 1430 10
398 1241 10
403 670 10
409 1283 10
411 1047 10
416 775 10
422 434 10
440 1108 10
456 1314 10
473 1023 10
474 1303 10
495 631 10
506 931 10
508 1004 10
521 657 10
525 1203 10
540 752 10
582 923 10
588 805 10
612 1132 10
664 821 10
685 827 10
689 974 10
691 708 10
693 1258 10
712 861 10
731 956 10
734 1028 10
757 1429 10
914 1179 10
964 1296 10
994 1224 10
1023 1217 10
1026 1210 10
1037 1115 10
1074 1341 10
1106 1225 10
1192 1266 10
6 1413 11
10 93 11
11 261 11
12 51 11
17 1022 11
36 275 11
40 218 11
43 270 11
45 1036 11
45 346 11
50 204 11
57 1117 11
58 1164 11
58 443 11
60 462 11
62 915 11
70 697 11
72 841 11
73 1271 11
73 1343 11
85 1110 11
86 588 11
91 373 11
94 706 11
97 685 11
99 212 11
103 1291 11
105 1144 11
106 482 11
108 1218 11
109 377 11
112 603 11
113 1281 11
116 1317 11
119 400 11
122 1066 11
125 698 11
125 359 11
126 1230 11
133 1078 11
138 858 11
141 1039 11
147 918 11
147 1233 11
148 525 11
148 589 11
164 1472 11
168 1261 11
196 1474 11
201 811 11
207 1069 11
208 1225 11
210 1131 11
215 1473 11
216 549 11
222 942 11
227 928 11
241 335 11
242 255 11
247 959 11
269 1070 11
271 1241 11
275 1206 11
282 361 11
293 409 11
300 819 11
301 563 11
301 1097 11
303 752 11
306 442 11
311 629 11
312 354 11
313 1136 11
318 675 11
330 888 11
336 780 11
340 1064 11
346 621 11
349 1062 11
350 696 11
361 890 11
365 1441 11
370 926 11
378 463 11
378 1132 11
390 1206 11
392 796 11
404 557 11
406 905 11
408 989 11
408 734 11
413 456 11
423 1232 11
430 1011 11
439 1393 11
444 1176 11
447 1106 11
448 1305 11
470 1385 11
485 525 11
492 1242 11
496 616 11
504 940 11
510 578 11
515 1342 11
516 739 11
521 908 11
533 702 11
535 902 11
550 958 11
559 1083 11
562 691 11
566 916 11
571 751 11
572 1456 11
579 1180 11
587 913 11
589 673 11
589 1457 11
591 1427 11
591 1128 11
598 726 11
601 914 11
617 1330 11
622 643 11
628 846 11
628 1270 11
640 865 11
651 1268 11
651 1130 11
678 987 11
700 1093 11
706 1405 11
717 900 11
723 1184 11
727 1254 11
733 1312 11
754 1349 11
757 845 11
772 1443 11
772 883 11
784 863 11
798 1332 11
805 1419 11
807 1216 11
816 885 11
819 862 11
832 837 11
833 1065 11
865 919 11
866 1354 11
869 1077 11
876 1021 11
879 1155 11
880 1278 11
900 1311 11
910 989 11
911 978 11
914 1312 11
923 1390 11
926 1444 11
927 1339 11
952 1327 11
962 1283 11
965 1242 11
967 1141 11
968 1273 11
985 1180 11
1006 1392 11
1014 1172 11
1023 1201 11
1031 1349 11
1041 1230 11
1076 1390 11
1110 1164 11
1119 1226 11
1161 1203 11
1170 1406 11
1187 1258 11
1189 1343 11
1191 1427 11
1202 1430 11
1224 1244 11
1226 1468 11
1244 1456 11
1290 1410 11
1324 1439 11
1397 1465 11
1401 1407 11
1415 1463 11
2 1205 12
7 1404 12
17 365 12
29 83 12
31 1042 12
34 597 12
36 754 12
42 751 12
47 916 12
51 1143 12
56 1461 12
61 879 12
68 211 12
72 260 12
75 1332 12
76 1439 12
82 290 12
83 853 12
86 1299 12
88 829 12
103 789 12
104 794 12
114 506 12
127 888 12
129 1082 12
135 1138 12
135 267 12
138 391 12
157 1070 12
173 1458 12
185 1037 12
185 1041 12
226 603 12
231 689 12
244 272 12
246 340 12
258 1258 12
261 334 12
264 1228 12
270 1100 12
286 1313 12
290 1383 12
302 1221 12
316 510 12
319 1033 12
322 1006 12
339 1438 12
351 1085 12
355 579 12
366 410 12
366 1005 12
374 429 12
388 975 12
398 1357 12
399 999 12
426 802 12
433 438 12
461 1444 12
478 1141 12
485 578 12
506 1319 12
510 1030 12
517 899 12
522 1121 12
541 928 12
547 672 12
547 1238 12
549 1112 12
557 1183 12
564 1128 12
589 932 12
630 679 12
649 1221 12
656 854 12
666 1376 12
666 680 12
672 1396 12
697 1117 12
716 920 12
733 886 12
736 1139 12
738 782 12
773 1278 12
783 1207 12
811 1353 12
832 1080 12
852 1432 12
853 1476 12
872 944 12
878 1053 12
900 1227 12
905 1008 12
909 993 12
918 1470 12
931 1181 12
932 1314 12
965 1011 12
985 1162 12
999 1046 12
1016 1125 12
1036 1037 12
1046 1359 12
1049 1329 12
1063 1149 12
1072 1398 12
1075 1177 12
1098 1237 12
1171 1307 12
1184 1231 12
1243 1424 12
1302 1382 12
1320 1425 12
1349 1417 12
18 790 13
45 1293 13
78 1135 13
90 531 13
112 1171 13
126 638 13
169 1285 13
174 676 13
177 1265 13
211 623 13
218 1019 13
382 1123 13
456 767 13
482 1038 13
491 636 13
520 871 13
538 1201 13
543 992 13
559 1214 13
639 1276 13
668 1431 13
699 776 13
877 952 13
879 999 13
1211 1217 13
1234 1309 13
1257 1379 13
1394 1407 13
0 383 14
7 188 14
13 1017 14
14 756 14
22 103 14
23 1404 14
27 792 14
33 347 14
33 475 14
37 413 14
38 204 14
50 810 14
60 1150 14
81 801 14
85 988 14
87 623 14
107 982 14
110 262 14
123 849 14
123 705 14
126 397 14
130 1397 14
133 579 14
134 1062 14
135 1248 14
135 1325 14
136 790 14
137 399 14
139 1110 14
143 1221 14
149 400 14
158 1236 14
161 1419 14
168 1143 14
169 1103 14
191 1190 14
200 1033 14
209 814 14
209 614 14
216 623 14
217 655 14
228 1369 14
240 910 14
241 1456 14
255 1014 14
255 817 14
255 725 14
257 1355 14
258 1455 14
265 459 14
275 455 14
276 936 14
277 1447 14
278 1218 14
285 396 14
287 1106 14
292 508 14
302 1138 14
302 530 14
310 692 14
319 976 14
324 1096 14
340 843 14
350 1047 14
356 773 14
357 375 14
376 679 14
377 944 14
401 1422 14
405 737 14
409 700 14
417 713 14
419 781 14
421 735 14
423 1249 14
442 994 14
445 785 14
453 990 14
460 1401 14
465 1419 14
466 569 14
481 642 14
483 1228 14
489 686 14
489 781 14
490 541 14
511 1055 14
515 1235 14
516 1301 14
519 614 14
521 808 14
532 1003 14
533 558 14
534 564 14
535 955 14
543 1197 14
550 1395 14
566 863 14
570 1265 14
570 606 14
572 1432 14
593 813 14
602 707 14
603 1298 14
608 1141 14
620 1187 14
622 1274 14
623 1157 14
628 1383 14
638 1374 14
648 1224 14
660 1220 14
677 910 14
684 1123 14
701 1021 14
701 1012 14
702 1188 14
712 1073 14
713 1443 14
719 1417 14
726 971 14
728 1305 14
735 1299 14
737 1359 14
740 1226 14
747 1451 14
753 1478 14
767 1162 14
774 1460 14
783 873 14
794 1094 14
796 1397 14
809 1367 14
817 881 14
835 1198 14
858 1201 14
862 1311 14
867 1165 14
874 1479 14
877 912 14
886 1328 14
895 958 14
915 1340 14
949 1470 14
960 1437 14
964 1215 14
973 1397 14
987 1406 14
990 1465 14
999 1247 14
999 1320 14
1004 1256 14
1006 1333 14
1007 1141 14
1018 1246 14
1054 1411 14
1060 1356 14
1173 1246 14
1192 1333 14
1200 1388 14
1221 1312 14
1238 1305 14
1244 1378 14
1245 1360 14
1274 1304 14
1285 1385 14
1348 1371 14
0 503 15
19 1382 15
26 1122 15
27 1207 15
29 202 15
30 76 15
35 764 15
41 1043 15
44 1178 15
46 1192 15
54 1243 15
72 1077 15
79 95 15
87 846 15
97 470 15
104 1341 15
119 1397 15
125 1038 15
141 739 15
150 250 15
163 1349 15
177 790 15
178 1173 15
182 1202 15
201 1343 15
201 467 15
205 607 15
206 1354 15
209 247 15
213 1440 15
218 584 15
221 1126 15
235 830 15
237 1373 15
242 303 15
246 1066 15
255 1300 15
265 1256 15
271 1395 15
301 446 15
311 988 15
320 678 15
338 585 15
339 853 15
339 1255 15
361 1331 15
362 595 15
368 638 15
372 549 15
374 488 15
383 810 15
387 1404 15
389 1165 15
410 1142 15
411 1147 15
413 843 15
421 1148 15
430 694 15
440 474 15
449 652 15
456 1473 15
476 1278 15
477 1283 15
477 604 15
497 1195 15
500 1289 15
500 945 15
505 532 15
523 1144 15
531 953 15
536 1288 15
538 1440 15
543 742 15
566 1137 15
587 1473 15
604 1417 15
632 1082 15
644 1275 15
650 1385 15
656 794 15
662 911 15
667 878 15
667 747 15
681 1356 15
693 1390 15
708 1188 15
739 870 15
753 763 15
771 1419 15
783 1246 15
793 1005 15
852 1172 15
880 1305 15
884 1029 15
917 1310 15
924 1200 15
925 1358 15
936 1369 15
949 1162 15
971 1040 15
974 1245 15
1019 1345 15
1093 1333 15
1113 1305 15
1200 1446 15
1221 1405 15
1343 1383 15
9 1433 16
10 954 16
30 265 16
32 1372 16
33 912 16
37 754 16
43 771 16
45 1183 16
46 563 16
56 1069 16
64 1414 16
76 753 16
79 163 16
80 190 16
90 1012 16
90 1225 16
106 1119 16
118 1408 16
121 922 16
122 1386 16
127 898 16
155 656 16
168 896 16
181 962 16
197 1063 16
201 698 16
223 770 16
247 328 16
251 594 16
274 918 16
293 1174 16
326 641 16
327 1425 16
331 376 16
377 866 16
415 937 16
421 506 16
436 675 16
439 1354 16
454 1403 16
482 779 16
491 1401 16
493 1448 16
515 1195 16
537 832 16
539 1120 16
558 983 16
614 1064 16
628 1051 16
633 1047 16
634 719 16
659 1405 16
664 1434 16
675 961 16
684 1172 16
705 1336 16
716 732 16
747 813 16
780 1059 16
916 1173 16
1055 1236 16
1056 1091 16
1114 1249 16
1130 1262 16
1156 1391 16
1423 1425 16
2 214 17
14 866 17
24 1187 17
26 1253 17
34 598 17
60 442 17
62 696 17
71 1037 17
81 450 17
83 787 17
94 1329 17
97 883 17
111 1255 17
113 1186 17
133 912 17
144 168 17
177 1321 17
177 1204 17
193 1207 17
243 1011 17
262 1451 17
263 717 17
290 477 17
295 448 17
306 1082 17
316 325 17
321 1236 17
330 1428 17
338 1109 17
351 800 17
355 1194 17
368 930 17
377 1274 17
384 494 17
392 1007 17
397 1293 17
402 743 17
411 1443 17
426 694 17
432 445 17
434 476 17
440 540 17
442 1208 17
446 1221 17
473 1272 17
485 1066 17
509 1193 17
566 1267 17
581 1181 17
582 1359 17
585 1213 17
596 1024 17
656 938 17
670 948 17
691 774 17
693 1364 17
700 946 17
713 1027 17
877 1185 17
911 1122 17
968 1438 17
986 1169 17
1005 1153 17
1009 1012 17
1017 1416 17
1021 1231 17
1040 1170 17
1060 1344 17
1231 1429 17
1244 1354 17
1325 1388 17
7 817 18
36 1237 18
51 708 18
69 1358 18
76 1112 18
84 1063 18
96 1456 18
133 458 18
138 872 18
142 1431 18
143 154 18
199 337 18
208 1282 18
225 1261 18
237 830 18
257 623 18
265 1435 18
266 575 18
291 977 18
299 534 18
308 941 18
315 875 18
359 1025 18
369 1185 18
385 1013 18
396 607 18
399 1285 18
402 1187 18
402 1277 18
410 553 18
417 880 18
431 819 18
442 799 18
463 957 18
469 960 18
494 535 18
513 854 18
529 972 18
545 1406 18
557 1423 18
587 1471 18
594 797 18
605 1172 18
624 811 18
657 1343 18
679 1020 18
688 794 18
693 966 18
707 1049 18
728 1334 18
728 739 18
733 784 18
756 1001 18
759 1288 18
772 1139 18
782 1191 18
801 999 18
846 1444 18
915 1210 18
917 1385 18
950 1087 18
1002 1207 18
1039 1158 18
1053 1098 18
1056 1155 18
1056 1288 18
1114 1362 18
1137 1268 18
1210 1261 18
1313 1376 18
6 1396 19
21 874 19
30 849 19
31 658 19
32 1440 19
38 619 19
40 1357 19
53 131 19
62 731 19
63 909 19
65 468 19
66 703 19
73 566 19
86 598 19
98 369 19
119 169 19
122 533 19
128 591 19
131 523 19
136 775 19
148 558 19
148 836 19
150 1415 19
180 988 19
190 494 19
193 1153 19
202 471 19
203 677 19
212 223 19
221 1061 19
227 245 19
229 1262 19
238 1276 19
253 853 19
271 415 19
278 1013 19
282 628 19
286 1195 19
288 1454 19
293 731 19
299 334 19
300 413 19
310 1220 19
313 418 19
318 1139 19
325 1351 19
325 1241 19
371 1167 19
376 1412 19
404 421 19
411 449 19
418 1031 19
424 1144 19
433 1190 19
441 1327 19
456 940 19
458 575 19
471 1009 19
474 1400 19
485 1298 19
498 1246 19
503 734 19
539 1362 19
550 1207 19
560 564 19
581 932 19
583 1447 19
601 1117 19
602 855 19
604 1360 19
608 887 19
610 1203 19
611 1115 19
620 826 19
626 673 19
629 1108 19
636 1097 19
636 840 19
652 678 19
653 1305 19
690 899 19
724 884 19
747 1285 19
753 1013 19
756 1124 19
759 1305 19
775 1328 19
778 894 19
788 1425 19
791 1217 19
792 1377 19
804 1286 19
811 1194 19
826 1288 19
827 954 19
932 1372 19
933 946 19
964 1368 19
965 1051 19
965 998 19
978 1463 19
980 1081 19
990 1299 19
992 1060 19
1007 1031 19
1007 1010 19
1026 1176 19
1046 1061 19
1049 1097 19
1072 1465 19
1076 1412 19
1096 1398 19
1099 1247 19
1106 1444 19
1124 1173 19
1154 1452 19
1190 1377 19
1234 1387 19
1275 1407 19
10 1086 20
15 787 20
24 588 20
38 758 20
40 685 20
42 271 20
44 491 20
45 1294 20
46 222 20
49 939 20
55 177 20
64 646 20
69 1327 20
71 1119 20
76 795 20
77 511 20
96 269 20
97 141 20
113 1392 20
114 1434 20
115 1403 20
117 278 20
118 715 20
123 1402 20
132 712 20
134 147 20
137 761 20
145 357 20
152 918 20
156 561 20
157 944 20
159 1364 20
170 868 20
173 596 20
173 458 20
179 992 20
197 1111 20
207 1284 20
211 302 20
218 772 20
223 677 20
228 754 20
230 763 20
233 642 20
235 254 20
239 1227 20
248 1148 20
254 1000 20
267 387 20
278 649 20
286 958 20
290 596 20
294 911 20
297 596 20
297 662 20
297 892 20
298 1104 20
305 838 20
308 1103 20
313 708 20
313 1274 20
317 1210 20
319 895 20
321 649 20
327 1208 20
329 1138 20
356 665 20
363 780 20
367 368 20
382 743 20
385 1252 20
388 809 20
390 1302 20
396 967 20
401 901 20
401 1093 20
404 999 20
410 1222 20
410 1087 20
415 991 20
416 589 20
422 660 20
441 1350 20
449 725 20
449 743 20
450 1135 20
459 1340 20
461 646 20
462 1358 20
463 925 20
472 1205 20
480 1444 20
480 940 20
486 835 20
489 893 20
493 1005 20
495 823 20
511 966 20
520 670 20
548 841 20
563 1409 20
570 861 20
579 1351 20
584 1024 20
587 868 20
611 937 20
620 988 20
625 1106 20
636 701 20
639 1207 20
653 1387 20
663 1325 20
668 1473 20
682 1112 20
689 1036 20
693 1465 20
701 1244 20
707 907 20
719 1014 20
727 868 20
732 1080 20
741 1234 20
744 1001 20
745 1294 20
748 976 20
760 1209 20
788 1136 20
806 1150 20
815 1234 20
820 1100 20
868 952 20
873 1212 20
910 1232 20
923 1424 20
924 1195 20
936 1111 20
952 1176 20
966 1425 20
968 1293 20
970 1075 20
971 1265 20
986 1175 20
996 1080 20
1017 1458 20
1032 1176 20
1040 1066 20
1047 1351 20
1064 1454 20
1064 1329 20
1156 1345 20
1158 1277 20
1177 1419 20
1179 1466 20
1184 1340 20
1200 1211 20
1226 1435 20
1251 1459 20
1255 1371 20
1281 1424 20
1311 1461 20
1352 1420 20
1373 1454 20
1464 1466 20
0 1423 21
10 816 21
12 1341 21
19 241 21
21 417 21
25 377 21
28 608 21
36 425 21
39 1401 21
43 1107 21
53 1059 21
62 382 21
64 1103 21
72 105 21
75 785 21
75 1288 21
77 491 21
81 1472 21
81 754 21
83 344 21
89 1013 21
90 1355 21
108 1053 21
110 1118 21
122 583 21
122 704 21
122 1207 21
127 469 21
128 1315 21
132 1207 21
134 1208 21
135 545 21
138 835 21
140 397 21
151 910 21
158 655 21
159 1463 21
180 919 21
189 266 21
194 380 21
204 561 21
210 1335 21
212 893 21
219 700 21
223 1030 21
228 1217 21
241 1103 21
245 1057 21
265 596 21
266 891 21
267 1132 21
276 1286 21
279 711 21
282 1276 21
287 694 21
288 514 21
290 1468 21
293 1249 21
294 809 21
296 1125 21
305 385 21
317 692 21
321 832 21
322 856 21
325 985 21
328 1162 21
328 515 21
329 1083 21
336 379 21
338 632 21
346 1055 21
354 679 21
355 631 21
358 1180 21
373 1154 21
373 1049 21
374 859 21
378 768 21
390 606 21
395 555 21
397 1349 21
399 578 21
404 1153 21
410 960 21
412 1104 21
414 992 21
415 1230 21
431 897 21
433 1182 21
435 480 21
439 1039 21
451 985 21
451 1286 21
464 1045 21
473 1281 21
475 1332 21
484 705 21
486 1384 21
486 511 21
487 1053 21
497 890 21
506 1211 21
508 858 21
520 634 21
537 1327 21
551 1050 21
553 1223 21
553 1179 21
569 635 21
586 1330 21
598 1149 21
605 986 21
611 1048 21
615 784 21
616 1384 21
625 799 21
626 1338 21
628 974 21
629 1383 21
631 1004 21
634 933 21
636 715 21
640 1227 21
648 693 21
650 1142 21
657 883 21
666 943 21
690 900 21
705 1387 21
713 1416 21
721 1135 21
731 1221 21
733 1124 21
744 846 21
748 1355 21
778 1319 21
809 1107 21
825 1315 21
836 1309 21
851 1297 21
868 1192 21
875 949 21
905 1391 21
932 1173 21
933 1235 21
950 1304 21
955 1300 21
989 1329 21
1001 1250 21
1015 1186 21
1018 1093 21
1025 1108 21
1039 1456 21
1039 1213 21
1046 1466 21
1090 1404 21
1136 1238 21
1173 1430 21
1177 1459 21
1243 1368 21
1300 1447 21
1342 1430 21
1346 1386 21
1367 1399 21
5 1145 22
14 500 22
20 1308 22
29 270 22
50 358 22
85 256 22
91 1173 22
96 707 22
96 629 22
97 1013 22
98 1389 22
102 118 22
110 1167 22
114 1121 22
116 491 22
117 1126 22
133 293 22
133 540 22
133 1472 22
135 704 22
139 910 22
144 339 22
145 304 22
150 1194 22
158 1463 22
158 1447 22
162 179 22
165 488 22
167 344 22
169 690 22
169 294 22
172 369 22
186 813 22
191 736 22
193 304 22
200 998 22
202 1138 22
208 330 22
210 486 22
211 1250 22
228 1245 22
237 331 22
251 1376 22
258 1350 22
261 1432 22
264 850 22
266 773 22
267 1369 22
274 1208 22
276 847 22
279 904 22
283 1388 22
285 954 22
291 1451 22
295 1313 22
296 896 22
307 524 22
315 540 22
318 690 22
324 1030 22
328 1391 22
333 631 22
334 920 22
341 1168 22
343 1237 22
344 790 22
353 1221 22
354 645 22
362 395 22
365 1053 22
369 1321 22
377 526 22
379 928 22
381 695 22
384 642 22
391 859 22
392 672 22
408 1208 22
412 1468 22
423 1232 22
424 922 22
426 1187 22
435 947 22
441 1439 22
444 610 22
454 1377 22
459 1321 22
480 1073 22
481 857 22
481 1063 22
482 1155 22
489 1378 22
499 1201 22
504 1145 22
505 1240 22
508 672 22
510 630 22
510 1137 22
512 959 22
532 780 22
533 1312 22
538 1316 22
543 665 22
565 1267 22
576 1273 22
594 952 22
595 701 22
603 1319 22
604 899 22
608 1392 22
610 993 22
616 1458 22
642 823 22
649 916 22
654 964 22
662 871 22
674 957 22
690 1433 22
692 1285 22
728 1356 22
736 868 22
736 1450 22
737 1034 22
743 1278 22
758 773 22
768 906 22
778 936 22
796 915 22
843 1229 22
845 919 22
850 936 22
871 1221 22
873 1056 22
902 916 22
904 1035 22
926 1460 22
939 1260 22
952 993 22
955 1264 22
965 1135 22
970 1125 22
970 1210 22
995 1086 22
1013 1465 22
1013 1252 22
1033 1277 22
1034 1429 22
1039 1477 22
1075 1444 22
1077 1102 22
1091 1327 22
1091 1218 22
1103 1457 22
1120 1272 22
1150 1466 22
1158 1271 22
1169 1390 22
1177 1476 22
1179 1208 22
1181 1187 22
1188 1212 22
1247 1255 22
1267 1282 22
1282 1320 22
1284 1296 22
1292 1433 22
0 279 23
4 763 23
10 114 23
11 31 23
18 1469 23
23 1142 23
25 127 23
25 940 23
27 1148 23
34 946 23
37 1289 23
54 836 23
58 1389 23
66 100 23
73 366 23
75 951 23
83 776 23
83 1194 23
95 920 23
96 1069 23
97 649 23
100 468 23
100 152 23
109 316 23
112 419 23
118 1462 23
142 434 23
145 742 23
165 1197 23
167 1143 23
178 1238 23
183 526 23
192 1438 23
192 1282 23
197 806 23
203 1102 23
203 1170 23
205 1048 23
209 775 23
226 1070 23
233 814 23
235 741 23
238 884 23
239 404 23
240 976 23
253 1292 23
256 1385 23
258 1351 23
295 684 23
297 615 23
304 550 23
304 1450 23
307 1020 23
314 1418 23
324 406 23
328 430 23
328 852 23
329 484 23
333 868 23
340 766 23
342 901 23
343 398 23
350 834 23
359 734 23
369 1435 23
373 1144 23
377 860 23
378 1383 23
381 495 23
383 1168 23
402 1337 23
404 408 23
407 1178 23
423 969 23
457 893 23
464 1388 23
478 1235 23
484 1417 23
502 585 23
509 680 23
524 813 23
536 778 23
537 638 23
540 1170 23
545 1104 23
560 690 23
581 593 23
595 705 23
599 935 23
606 1212 23
608 671 23
624 1174 23
636 1468 23
639 1195 23
641 1207 23
655 868 23
666 780 23
673 1001 23
684 934 23
690 1185 23
692 1341 23
692 1181 23
701 1429 23
726 1477 23
750 1042 23
799 1404 23
807 846 23
820 1163 23
845 1112 23
846 1302 23
853 1019 23
861 941 23
866 1261 23
874 1260 23
899 1276 23
926 1292 23
935 1035 23
940 1272 23
959 1072 23
962 1029 23
966 1039 23
1020 1084 23
1021 1451 23
1067 1309 23
1070 1375 23
1101 1459 23
1155 1308 23
1164 1286 23
1182 1284 23
1189 1412 23
1220 1372 23
1276 1394 23
1346 1414 23
1351 1421 23
1434 1437 23
1443 1477 23
8 475 24
13 992 24
30 211 24
41 1010 24
41 871 24
47 291 24
59 954 24
61 1057 24
70 631 24
76 201 24
88 1054 24
99 670 24
102 929 24
119 415 24
127 1311 24
178 775 24
202 1150 24
237 768 24
259 1090 24
261 807 24
268 357 24
282 857 24
303 1339 24
345 1269 24
381 524 24
400 495 24
404 753 24
436 745 24
448 1365 24
448 788 24
454 1383 24
474 603 24
482 557 24
507 1397 24
520 727 24
592 1227 24
618 1271 24
624 1016 24
645 974 24
651 1407 24
698 1229 24
725 1276 24
809 1227 24
850 1249 24
857 1356 24
873 912 24
894 1250 24
902 1318 24
917 960 24
939 1082 24
943 1027 24
1037 1064 24
1076 1105 24
1119 1248 24
1150 1210 24
1221 1375 24
1267 1309 24
9 1013 25
50 654 25
59 383 25
63 1179 25
68 266 25
79 1223 25
80 84 25
83 433 25
83 1422 25
84 1133 25
107 600 25
108 1011 25
114 1088 25
115 315 25
127 708 25
138 1046 25
147 466 25
162 562 25
164 948 25
166 1012 25
167 263 25
182 426 25
197 475 25
247 804 25
249 1456 25
261 1198 25
268 682 25
277 502 25
282 1385 25
297 1284 25
309 1464 25
328 765 25
334 618 25
341 1014 25
346 601 25
355 682 25
357 608 25
365 979 25
396 586 25
437 1291 25
438 1158 25
459 627 25
472 1282 25
474 1434 25
492 637 25
494 1392 25
563 1433 25
567 1383 25
570 586 25
615 718 25
625 1055 25
625 1049 25
629 1167 25
646 800 25
647 1057 25
649 898 25
684 1064 25
704 1479 25
708 1436 25
722 1104 25
728 964 25
746 992 25
799 1326 25
830 1158 25
833 1320 25
870 1123 25
870 1237 25
896 897 25
910 957 25
937 1011 25
949 952 25
989 1182 25
1030 1205 25
1048 1262 25
1177 1350 25
1199 1288 25
1199 1258 25
1250 1350 25
1251 1441 25
1435 1455 25
1438 1469 25
1453 1468 25
1 741 26
9 803 26
9 662 26
21 179 26
26 777 26
37 741 26
64 1281 26
77 628 26
84 318 26
92 1457 26
96 308 26
116 619 26
118 474 26
122 243 26
137 206 26
151 1133 26
164 376 26
179 642 26
212 930 26
212 1158 26
215 268 26
238 313 26
245 776 26
248 284 26
283 1023 26
284 1326 26
304 358 26
311 1150 26
321 342 26
325 884 26
354 494 26
375 998 26
380 427 26
382 967 26
418 1221 26
426 703 26
473 759 26
476 959 26
498 659 26
502 896 26
527 1055 26
529 877 26
534 1252 26
537 834 26
548 732 26
559 1464 26
614 808 26
654 1235 26
659 1336 26
668 1145 26
700 799 26
719 1061 26
725 1238 26
736 899 26
741 896 26
741 792 26
743 754 26
746 780 26
748 1154 26
753 1007 26
766 1359 26
778 815 26
779 906 26
816 1214 26
847 1267 26
897 1479 26
915 1348 26
1093 1285 26
1108 1220 26
1115 1295 26
1132 1356 26
1153 1451 26
1252 1355 26
1 42 27
7 1035 27
12 793 27
22 1232 27
23 289 27
31 786 27
57 1196 27
58 546 27
61 1477 27
70 1154 27
75 448 27
95 312 27
107 125 27
129 1319 27
147 1096 27
160 659 27
174 602 27
176 1298 27
200 1145 27
206 1141 27
208 1361 27
218 1460 27
221 1339 27
229 679 27
252 1375 27
252 613 27
278 732 27
303 571 27
307 693 27
343 1354 27
372 472 27
399 610 27
411 467 27
418 588 27
450 786 27
481 1065 27
488 1223 27
508 640 27
561 1134 27
586 1227 27
594 620 27
609 1311 27
619 671 27
622 738 27
629 930 27
673 1397 27
679 786 27
680 783 27
703 1027 27
718 1273 27
748 1265 27
761 872 27
771 1058 27
773 1304 27
783 998 27
803 927 27
819 1197 27
833 948 27
845 1383 27
882 1420 27
903 910 27
938 1315 27
950 1346 27
956 1136 27
963 1143 27
971 1239 27
1000 1274 27
1019 1347 27
1083 1103 27
1151 1315 27
1239 1393 27
1273 1290 27
1276 1300 27
1279 1330 27
1287 1346 27
1371 1434 27
1406 1439 27
6 889 28
42 481 28
59 1330 28
64 226 28
81 320 28
95 1141 28
96 541 28
109 924 28
113 1052 28
138 1368 28
150 1459 28
216 556 28
218 1159 28
227 1182 28
267 502 28
272 652 28
327 794 28
330 1201 28
359 1174 28
431 555 28
522 1339 28
536 706 28
537 1349 28
542 1202 28
544 1320 28
548 1237 28
606 795 28
610 781 28
616 988 28
641 673 28
669 1003 28
698 843 28
703 900 28
710 1259 28
729 979 28
752 892 28
765 898 28
789 1195 28
871 1014 28
915 1195 28
1067 1151 28
1098 1430 28
1122 1448 28
1155 1291 28
1298 1477 28
1335 1408 28
10 92 29
21 709 29
85 1136 29
104 377 29
109 1332 29
111 1441 29
119 899 29
133 1167 29
134 652 29
199 893 29
200 927 29
230 398 29
262 1295 29
270 1319 29
289 1286 29
356 619 29
365 597 29
386 1415 29
418 1327 29
419 940 29
445 1204 29
472 752 29
551 1377 29
681 1242 29
727 1329 29
774 1138 29
784 1006 29
960 1206 29
1226 1250 29
1235 1427 29
12 1347 30
27 1191 30
54 1327 30
68 112 30
164 274 30
170 1375 30
201 1045 30
226 1412 30
226 724 30
259 1305 30
451 1006 30
479 1171 30
726 1099 30
900 1370 30
967 1377 30
1032 1407 30
340 520 31
189 931 32
447 1365 32
521 1128 32
579 764 32
1087 1284 32
28 142 33
259 972 33
375 397 33
723 1251 33
186 1063 34
264 1466 34
818 1185 35
189 449 36
76 1249 37
196 1140 37
690 1186 37
755 1146 37
119 1467 38
525 1444 38
151 643 39
436 1061 39
6 99 40
11 616 40
17 431 40
232 397 40
243 563 40
251 505 40
338 376 40
368 1271 40
391 716 40
472 762 40
496 1476 40
604 848 40
743 982 40
844 1031 40
1028 1199 40
1041 1174 40
1104 1176 40
1202 1453 40
1258 1408 40
9 1475 41
30 508 41
30 949 41
35 582 41
43 704 41
60 461 41
66 950 41
81 1060 41
94 577 41
95 1206 41
101 1358 41
108 588 41
126 389 41
128 209 41
137 1365 41
146 448 41
167 286 41
180 1358 41
201 966 41
209 1364 41
232 1092 41
241 769 41
241 939 41
242 1120 41
256 910 41
297 1386 41
327 1279 41
350 549 41
353 686 41
371 707 41
398 1088 41
401 1322 41
421 1140 41
426 958 41
445 1384 41
448 449 41
466 658 41
470 1359 41
493 1310 41
498 1329 41
532 689 41
545 1032 41
554 653 41
563 1123 41
570 1168 41
578 1025 41
586 1466 41
594 626 41
615 1120 41
615 690 41
635 961 41
637 710 41
637 728 41
640 1313 41
645 1201 41
648 1123 41
657 1466 41
680 887 41
691 910 41
694 1110 41
701 1330 41
712 1188 41
714 715 41
748 1369 41
814 1457 41
817 1335 41
836 927 41
843 1066 41
853 1142 41
876 916 41
893 1190 41
911 1028 41
912 1209 41
926 1467 41
936 1412 41
986 1113 41
1095 1224 41
1106 1199 41
1119 1396 41
1283 1406 41
1305 1374 41
1367 1384 41
1393 1423 41
1437 1476 41
4 468 42
6 629 42
25 481 42
26 534 42
32 1169 42
40 1246 42
48 1339 42
51 916 42
60 955 42
86 240 42
89 914 42
104 1342 42
108 741 42
114 537 42
125 1046 42
125 1374 42
136 1165 42
147 1447 42
147 1074 42
151 424 42
152 768 42
153 544 42
154 1130 42
159 1378 42
159 304 42
169 701 42
169 1387 42
191 805 42
206 930 42
217 895 42
218 1174 42
225 1385 42
228 1189 42
228 624 42
230 1091 42
230 1399 42
230 1201 42
236 1431 42
259 1217 42
282 1368 42
290 657 42
291 564 42
296 1304 42
304 575 42
308 466 42
309 535 42
312 755 42
314 1036 42
318 1168 42
336 1433 42
339 1199 42
355 1230 42
358 708 42
360 573 42
366 1125 42
380 808 42
387 685 42
412 539 42
421 609 42
423 438 42
424 768 42
428 1212 42
435 1094 42
441 535 42
443 948 42
461 612 42
472 523 42
475 897 42
479 1150 42
484 955 42
489 884 42
490 1340 42
490 790 42
490 1359 42
495 730 42
501 1407 42
501 1379 42
504 563 42
506 877 42
508 1222 42
529 878 42
536 739 42
540 757 42
552 966 42
553 615 42
560 657 42
561 794 42
564 1267 42
583 1001 42
583 922 42
617 993 42
629 944 42
635 670 42
659 1055 42
673 1126 42
677 827 42
681 806 42
683 781 42
691 1299 42
707 1335 42
719 1163 42
764 1045 42
788 1322 42
797 1231 42
800 1468 42
844 1029 42
875 1184 42
879 1439 42
882 1302 42
883 1004 42
889 1287 42
890 1322 42
908 923 42
932 967 42
967 1462 42
969 1364 42
988 1406 42
1022 1312 42
1034 1135 42
1043 1465 42
1044 1450 42
1094 1135 42
1118 1276 42
1122 1338 42
1135 1387 42
1142 1277 42
1154 1439 42
1173 1248 42
1202 1432 42
1219 1427 42
1226 1415 42
1360 1464 42
0 1424 43
2 437 43
3 1064 43
6 386 43
8 636 43
10 218 43
11 1119 43
13 163 43
18 235 43
19 88 43
21 753 43
24 1012 43
32 600 43
34 97 43
38 664 43
61 1472 43
68 1241 43
73 806 43
74 1185 43
76 218 43
78 1336 43
78 432 43
80 320 43
82 181 43
83 267 43
84 804 43
86 284 43
92 756 43
94 415 43
95 1442 43
96 1079 43
96 457 43
108 439 43
124 1450 43
125 823 43
126 1467 43
127 743 43
128 1471 43
134 1353 43
140 1260 43
151 1431 43
158 1276 43
159 532 43
165 1007 43
166 940 43
173 962 43
176 916 43
178 1318 43
179 289 43
180 763 43
186 1398 43
187 240 43
192 1444 43
195 547 43
202 488 43
210 280 43
235 1456 43
241 468 43
251 678 43
252 311 43
257 1243 43
259 574 43
262 717 43
266 1015 43
267 661 43
271 387 43
273 1358 43
275 1350 43
280 1209 43
281 881 43
284 299 43
292 946 43
295 710 43
298 357 43
307 1445 43
342 683 43
342 972 43
345 1082 43
350 377 43
355 477 43
357 1204 43
357 732 43
360 1259 43
378 433 43
380 671 43
385 947 43
385 1403 43
387 1055 43
391 415 43
392 1066 43
394 857 43
394 521 43
399 874 43
400 1168 43
402 1300 43
402 1237 43
403 1327 43
406 540 43
409 1326 43
414 427 43
415 892 43
418 1197 43
422 1252 43
425 1396 43
426 1148 43
426 1243 43
432 793 43
432 1412 43
436 541 43
444 905 43
449 1087 43
450 1298 43
452 1465 43
456 762 43
467 1070 43
472 1332 43
482 752 43
494 1017 43
503 930 43
505 1360 43
509 718 43
521 1050 43
523 932 43
523 1009 43
531 1162 43
540 1150 43
543 847 43
547 1322 43
549 665 43
566 996 43
567 758 43
571 718 43
573 887 43
574 1010 43
575 1298 43
577 800 43
581 853 43
581 911 43
598 1234 43
600 1011 43
603 787 43
612 1161 43
624 1107 43
649 855 43
660 797 43
678 865 43
679 1246 43
687 1046 43
729 1118 43
730 885 43
730 902 43
740 1192 43
743 1309 43
745 1264 43
754 1312 43
784 1302 43
797 861 43
800 1184 43
800 987 43
822 993 43
859 1329 43
870 1385 43
871 1146 43
871 1376 43
899 1060 43
899 1476 43
905 959 43
909 996 43
910 1290 43
912 1194 43
922 1140 43
933 1097 43
940 1000 43
957 1229 43
958 1133 43
961 1403 43
963 1214 43
964 1076 43
1013 1192 43
1014 1186 43
1018 1350 43
1037 1285 43
1054 1200 43
1085 1147 43
1087 1221 43
1115 1146 43
1153 1283 43
1169 1277 43
1173 1474 43
1186 1270 43
1188 1325 43
1207 1213 43
1270 1363 43
1290 1381 43
1305 1455 43
1325 1331 43
1357 1393 43
1360 1385 43
40 1430 44
49 449 44
49 232 44
62 336 44
63 1346 44
64 1246 44
92 1042 44
104 328 44
110 207 44
111 641 44
119 1155 44
127 1086 44
134 1320 44
199 1298 44
200 878 44
205 756 44
282 1052 44
295 1288 44
317 1104 44
326 1384 44
332 865 44
358 985 44
375 1119 44
402 1207 44
403 699 44
452 1256 44
460 905 44
470 1191 44
478 653 44
503 777 44
657 705 44
661 831 44
771 999 44
779 1271 44
786 945 44
850 864 44
881 1357 44
932 951 44
963 1005 44
1031 1266 44
1090 1279 44
1096 1169 44
1141 1169 44
1194 1471 44
1269 1318 44
17 1430 45
23 909 45
27 1108 45
39 1160 45
48 719 45
50 1345 45
51 818 45
56 204 45
80 142 45
88 1331 45
93 1110 45
99 141 45
100 1081 45
111 669 45
113 1035 45
121 767 45
122 797 45
124 1210 45
131 671 45
134 726 45
135 1001 45
140 861 45
141 687 45
147 480 45
151 561 45
153 747 45
165 423 45
168 925 45
169 252 45
172 1225 45
176 676 45
186 1264 45
188 538 45
194 1147 45
205 1349 45
206 967 45
208 1417 45
210 1158 45
219 1050 45
233 1222 45
245 644 45
250 1028 45
254 849 45
263 716 45
272 570 45
272 597 45
285 1181 45
290 520 45
293 1095 45
294 591 45
303 1056 45
310 736 45
317 373 45
318 644 45
319 468 45
327 1100 45
329 531 45
334 929 45
337 1117 45
338 629 45
340 696 45
341 1438 45
343 565 45
350 1117 45
352 1208 45
357 584 45
358 1171 45
358 1261 45
362 1079 45
363 1090 45
390 924 45
405 502 45
411 1348 45
414 668 45
422 1402 45
423 815 45
436 683 45
448 1105 45
448 893 45
450 564 45
451 880 45
452 956 45
465 1299 45
485 849 45
487 1036 45
514 996 45
517 1192 45
522 565 45
531 580 45
542 1357 45
546 1470 45
566 1279 45
573 1137 45
587 1122 45
588 1406 45
604 1325 45
613 1313 45
624 1121 45
628 1166 45
632 979 45
646 651 45
671 1167 45
675 1413 45
679 812 45
679 1292 45
689 1131 45
694 1371 45
701 1360 45
708 926 45
714 1421 45
718 1350 45
728 837 45
734 892 45
740 1275 45
740 1201 45
741 1349 45
745 1062 45
748 821 45
750 938 45
754 1417 45
773 1200 45
775 1095 45
799 1025 45
801 853 45
802 1201 45
844 1147 45
863 1359 45
895 1332 45
910 1405 45
913 1238 45
921 928 45
932 1366 45
965 1144 45
973 1088 45
996 1223 45
1006 1366 45
1025 1448 45
1055 1308 45
1073 1223 45
1106 1438 45
1117 1125 45
1130 1324 45
1144 1175 45
1148 1432 45
1154 1270 45
1157 1403 45
1158 1475 45
1167 1214 45
1192 1357 45
1419 1427 45
2 120 46
4 1362 46
4 150 46
7 1264 46
13 1329 46
14 1139 46
19 46 46
19 1095 46
23 1370 46
41 1473 46
44 80 46
51 106 46
58 1418 46
59 342 46
61 1475 46
61 576 46
65 513 46
66 1241 46
73 121 46
77 247 46
77 787 46
78 551 46
80 210 46
97 816 46
99 340 46
102 765 46
108 751 46
108 1070 46
115 440 46
116 872 46
131 909 46
134 777 46
141 1304 46
148 1267 46
154 330 46
158 500 46
164 253 46
165 1408 46
170 1317 46
176 1270 46
182 490 46
185 572 46
187 742 46
188 1113 46
200 647 46
200 1469 46
211 837 46
215 413 46
218 1106 46
219 845 46
226 1094 46
235 453 46
248 646 46
254 933 46
260 605 46
261 921 46
265 1195 46
274 970 46
282 1345 46
284 1370 46
289 1050 46
297 637 46
298 1035 46
328 402 46
343 431 46
354 1366 46
354 657 46
354 965 46
362 1090 46
368 547 46
391 425 46
391 489 46
394 501 46
398 1336 46
400 678 46
401 431 46
407 640 46
410 717 46
415 1043 46
426 443 46
444 903 46
448 673 46
451 1098 46
457 547 46
476 1222 46
481 1149 46
491 1467 46
493 1449 46
497 1220 46
497 599 46
517 654 46
523 911 46
528 1064 46
533 648 46
573 617 46
574 988 46
586 880 46
587 776 46
596 1167 46
610 1132 46
614 1146 46
614 1040 46
621 1274 46
627 953 46
636 1181 46
638 1145 46
646 1466 46
653 1148 46
659 736 46
666 910 46
668 772 46
669 875 46
671 856 46
673 1451 46
680 1236 46
689 976 46
692 896 46
701 975 46
705 1089 46
712 1338 46
722 1157 46
726 892 46
743 1358 46
761 971 46
767 1186 46
837 1171 46
838 1166 46
842 1384 46
862 1203 46
869 1465 46
870 1308 46
872 1187 46
893 966 46
893 1048 46
893 1063 46
907 1144 46
909 1330 46
912 1113 46
955 963 46
964 1410 46
972 1317 46
997 1345 46
999 1416 46
1010 1182 46
1013 1119 46
1018 1216 46
1026 1217 46
1049 1254 46
1073 1235 46
1083 1364 46
1108 1473 46
1122 1312 46
1134 1139 46
1136 1341 46
1142 1251 46
1211 1449 46
1213 1235 46
1215 1355 46
1242 1358 46
1286 1288 46
1323 1360 46
1333 1343 46
1447 1471 46
2 1081 47
2 499 47
6 912 47
7 1447 47
14 391 47
20 37 47
20 411 47
28 591 47
29 1235 47
51 923 47
63 692 47
67 1209 47
77 244 47
83 968 47
88 1196 47
95 667 47
96 1059 47
109 412 47
111 980 47
112 898 47
113 612 47
116 1169 47
132 804 47
137 1428 47
142 784 47
150 1408 47
156 1024 47
181 517 47
186 1275 47
200 1038 47
227 1446 47
228 755 47
236 906 47
247 740 47
276 1124 47
277 1205 47
278 1341 47
281 554 47
281 1253 47
285 946 47
303 1256 47
321 527 47
328 1387 47
380 900 47
380 1436 47
388 578 47
389 1470 47
420 1059 47
426 1062 47
430 848 47
440 985 47
444 1394 47
461 630 47
475 1247 47
476 508 47
491 1197 47
523 632 47
528 1191 47
529 812 47
538 669 47
552 785 47
577 704 47
578 1254 47
580 671 47
583 821 47
608 730 47
612 1367 47
616 911 47
633 1251 47
650 1334 47
653 925 47
658 760 47
661 1009 47
665 1162 47
705 1438 47
719 791 47
729 1089 47
734 1157 47
735 875 47
738 1121 47
747 1168 47
766 773 47
766 1406 47
772 1215 47
780 834 47
797 1339 47
838 1364 47
893 1132 47
903 1074 47
918 1072 47
943 1328 47
961 1389 47
984 1422 47
994 1431 47
1012 1293 47
1036 1245 47
1046 1335 47
1049 1206 47
1052 1472 47
1064 1466 47
1070 1248 47
1100 1476 47
1104 1239 47
1110 1401 47
1115 1412 47
1120 1326 47
1159 1326 47
1180 1294 47
1197 1388 47
1248 1366 47
1391 1423 47
1397 1431 47
1445 1468 47
21 318 48
26 1140 48
27 431 48
27 926 48
35 893 48
35 760 48
39 181 48
39 855 48
42 134 48
52 878 48
53 335 48
60 161 48
66 1083 48
73 1347 48
78 968 48
95 425 48
107 203 48
117 269 48
155 1110 48
158 767 48
169 556 48
169 952 48
183 612 48
207 541 48
209 906 48
231 1090 48
240 990 48
250 1092 48
265 877 48
279 339 48
306 579 48
311 344 48
318 1207 48
322 703 48
343 1033 48
349 1432 48
358 1269 48
362 821 48
365 488 48
368 1011 48
368 976 48
369 1017 48
381 909 48
383 1209 48
400 629 48
408 1182 48
442 776 48
442 1477 48
447 594 48
453 740 48
461 479 48
462 1203 48
477 479 48
485 1148 48
490 796 48
491 745 48
492 1085 48
504 1438 48
506 1082 48
506 602 48
528 983 48
529 1008 48
567 1185 48
598 1062 48
623 1139 48
652 1298 48
656 1262 48
669 955 48
676 1402 48
702 718 48
713 1140 48
715 1231 48
717 1359 48
723 1298 48
739 944 48
775 1417 48
824 854 48
882 1369 48
913 1095 48
916 1190 48
918 1086 48
930 1210 48
970 1162 48
1005 1084 48
1023 1123 48
1031 1157 48
1095 1479 48
1139 1245 48
1145 1333 48
1166 1230 48
1173 1194 48
1175 1381 48
1220 1256 48
1222 1344 48
1257 1353 48
1397 1407 48
6 1070 49
67 866 49
93 814 49
142 1066 49
152 613 49
211 734 49
236 421 49
320 1446 49
355 394 49
395 1107 49
426 1117 49
536 575 49
556 905 49
567 1134 49
636 1354 49
712 1436 49
876 947 49
880 1415 49
912 1379 49
944 1203 49
1047 1310 49
1068 1230 49
1118 1357 49
6 1188 50
7 918 50
17 892 50
52 857 50
63 1404 50
72 188 50
109 1196 50
126 1051 50
128 756 50
155 1234 50
157 1081 50
157 443 50
167 1144 50
169 326 50
172 333 50
177 292 50
184 219 50
189 459 50
240 1368 50
254 514 50
265 1076 50
298 1309 50
335 1363 50
343 1372 50
365 899 50
376 566 50
390 653 50
392 411 50
440 505 50
452 1445 50
455 850 50
466 1355 50
505 760 50
515 602 50
526 1072 50
562 1308 50
579 802 50
627 738 50
637 1302 50
656 659 50
680 1182 50
683 1434 50
683 1085 50
696 918 50
709 947 50
726 818 50
738 937 50
748 1407 50
759 1265 50
819 1473 50
829 933 50
838 1189 50
870 985 50
876 1330 50
964 1181 50
1009 1120 50
1037 1091 50
1063 1186 50
1107 1421 50
1146 1228 50
1213 1426 50
1400 1418 50
14 841 51
24 1472 51
28 266 51
57 561 51
61 969 51
63 652 51
67 354 51
88 627 51
92 1065 51
121 1193 51
123 1053 51
126 772 51
131 1414 51
145 1051 51
149 623 51
152 1131 51
154 157 51
155 807 51
155 1336 51
163 1369 51
166 624 51
175 366 51
198 1142 51
202 998 51
203 917 51
222 1058 51
228 1265 51
257 436 51
261 728 51
272 819 51
409 1251 51
413 458 51
427 1034 51
429 594 51
433 948 51
438 1014 51
454 613 51
476 1253 51
483 888 51
485 1040 51
500 825 51
504 1350 51
530 552 51
536 1039 51
541 1311 51
545 767 51
546 612 51
583 1361 51
584 1148 51
592 899 51
596 744 51
605 921 51
623 700 51
638 734 51
639 866 51
644 1287 51
679 796 51
714 1070 51
785 1227 51
796 1201 51
800 1163 51
803 1374 51
872 1160 51
888 1279 51
888 1034 51
924 1071 51
930 967 51
948 1415 51
961 1383 51
964 1341 51
975 1437 51
1036 1237 51
1042 1440 51
1059 1160 51
1151 1283 51
1166 1187 51
1250 1394 51
1268 1450 51
149 272 52
175 815 52
290 1057 52
408 861 52
518 879 52
592 973 52
603 921 52
603 1049 52
686 1178 52
688 1428 52
859 863 52
1016 1044 52
1018 1079 52
1185 1477 52
14 230 53
23 135 53
31 476 53
69 858 53
72 935 53
74 1449 53
76 569 53
93 650 53
111 1223 53
147 921 53
152 714 53
195 561 53
196 672 53
251 602 53
275 348 53
281 1219 53
286 352 53
311 834 53
340 899 53
352 826 53
386 403 53
388 560 53
395 447 53
428 867 53
431 1265 53
454 512 53
477 793 53
481 1453 53
499 757 53
511 1166 53
520 608 53
575 951 53
577 1022 53
579 942 53
607 1449 53
625 782 53
669 864 53
672 1075 53
690 1146 53
731 1025 53
740 1032 53
757 1449 53
765 1455 53
822 1133 53
889 1446 53
892 946 53
911 949 53
918 1275 53
929 1292 53
945 1373 53
985 1037 53
993 1426 53
1102 1284 53
1125 1157 53
1258 1437 53
13 1091 54
39 250 54
41 66 54
42 115 54
54 933 54
58 672 54
59 917 54
68 583 54
76 749 54
79 495 54
80 845 54
119 265 54
123 640 54
194 1369 54
196 659 54
202 951 54
203 305 54
257 1040 54
260 516 54
291 1459 54
300 370 54
318 862 54
349 1235 54
402 1474 54
406 609 54
420 1452 54
441 694 54
450 1452 54
452 1299 54
459 1233 54
501 1132 54
516 1135 54
545 1015 54
554 574 54
588 877 54
599 1262 54
626 1467 54
648 797 54
656 1368 54
664 687 54
677 936 54
677 1030 54
698 1342 54
727 737 54
765 1137 54
781 1416 54
801 1241 54
801 1222 54
804 861 54
823 949 54
861 1054 54
909 1036 54
918 1060 54
991 1185 54
1318 1458 54
4 556 55
7 1221 55
24 1081 55
25 197 55
26 524 55
37 115 55
37 1063 55
38 820 55
45 110 55
52 643 55
58 1064 55
87 177 55
88 945 55
107 831 55
113 1382 55
113 872 55
115 223 55
124 1182 55
129 532 55
135 1474 55
165 557 55
166 363 55
171 1160 55
175 529 55
186 1108 55
187 500 55
189 444 55
202 247 55
205 811 55
215 851 55
227 981 55
256 728 55
259 1097 55
267 751 55
275 348 55
285 1245 55
295 1369 55
296 1100 55
318 1472 55
324 1415 55
337 714 55
346 564 55
347 820 55
358 730 55
362 783 55
374 1446 55
374 1148 55
379 960 55
391 818 55
396 639 55
436 1255 55
448 1420 55
492 1393 55
517 618 55
527 1180 55
550 1223 55
556 803 55
558 996 55
574 613 55
577 876 55
578 1313 55
585 793 55
596 864 55
615 783 55
641 1227 55
642 1261 55
648 946 55
655 724 55
657 1399 55
676 1399 55
689 1369 55
690 1391 55
715 785 55
748 978 55
752 1317 55
774 1128 55
841 1158 55
866 1161 55
884 1214 55
893 1189 55
893 1136 55
895 1203 55
955 1193 55
962 1361 55
962 1080 55
979 1265 55
1016 1159 55
1061 1189 55
1064 1169 55
1066 1138 55
1066 1121 55
1151 1375 55
1184 1263 55
1303 1411 55
1303 1358 55
1373 1430 55
1405 1416 55
5 1397 56
10 496 56
12 1420 56
13 1316 56
30 550 56
37 603 56
39 239 56
47 774 56
50 260 56
60 1239 56
70 596 56
86 758 56
88 1061 56
95 920 56
99 525 56
107 1382 56
113 412 56
116 1251 56
123 1005 56
177 606 56
187 446 56
195 495 56
195 1336 56
204 838 56
210 535 56
211 1185 56
233 420 56
236 1320 56
248 1347 56
254 603 56
258 535 56
261 1294 56
262 704 56
272 535 56
278 490 56
291 1284 56
293 1259 56
319 880 56
324 1416 56
330 462 56
339 827 56
372 1224 56
378 1307 56
382 1256 56
392 1213 56
446 1057 56
452 611 56
465 863 56
506 834 56
513 1242 56
515 956 56
516 596 56
519 1174 56
541 1202 56
550 585 56
553 884 56
576 1405 56
591 902 56
592 779 56
602 1311 56
629 1409 56
650 1063 56
675 798 56
708 1212 56
742 907 56
761 1345 56
826 1203 56
865 1207 56
914 1235 56
918 1441 56
929 1277 56
929 1479 56
932 1295 56
944 1466 56
1000 1064 56
1027 1261 56
1033 1440 56
1099 1306 56
1114 1119 56
1121 1210 56
1168 1473 56
1223 1307 56
29 798 57
49 1000 57
55 654 57
56 588 57
64 252 57
78 383 57
84 357 57
84 405 57
85 788 57
88 778 57
89 228 57
98 722 57
100 517 57
114 1172 57
118 1148 57
119 190 57
131 722 57
133 259 57
142 513 57
148 171 57
149 164 57
154 165 57
167 1126 57
168 513 57
172 936 57
172 537 57
176 1121 57
180 897 57
187 556 57
189 1155 57
196 961 57
204 767 57
209 879 57
221 1152 57
241 976 57
241 1332 57
245 1009 57
253 1407 57
256 388 57
262 704 57
265 289 57
265 794 57
268 334 57
275 1270 57
311 690 57
316 677 57
328 1396 57
331 433 57
340 1086 57
351 965 57
351 1256 57
384 776 57
390 440 57
403 1460 57
403 1316 57
421 1348 57
425 1363 57
427 826 57
428 1464 57
435 698 57
450 1241 57
451 950 57
460 900 57
466 546 57
468 1179 57
469 783 57
470 948 57
516 753 57
518 827 57
527 1355 57
527 1352 57
528 855 57
528 1230 57
534 1461 57
556 1153 57
577 822 57
577 1329 57
581 938 57
584 859 57
604 1100 57
605 1395 57
606 1046 57
610 1319 57
616 1049 57
626 1308 57
632 973 57
640 1101 57
643 1131 57
650 1098 57
652 817 57
660 840 57
674 1327 57
676 920 57
678 1121 57
722 1244 57
733 1253 57
755 799 57
760 1014 57
762 1423 57
783 865 57
793 1245 57
795 847 57
802 1343 57
894 1464 57
895 1356 57
932 1388 57
940 1049 57
949 1256 57
1000 1139 57
1042 1182 57
1074 1222 57
1093 1231 57
1107 1138 57
1119 1468 57
1174 1285 57
1190 1314 57
1208 1255 57
1213 1433 57
1229 1385 57
1232 1256 57
1284 1437 57
1294 1474 57
1315 1379 57
1315 1413 57
7 959 58
30 296 58
37 1360 58
38 479 58
39 147 58
65 956 58
65 853 58
75 423 58
87 341 58
92 1464 58
93 320 58
108 796 58
141 145 58
151 940 58
155 913 58
165 1276 58
185 401 58
193 822 58
211 566 58
229 888 58
234 766 58
243 317 58
250 1156 58
257 1178 58
267 1125 58
268 802 58
283 1335 58
308 720 58
408 978 58
414 1061 58
422 451 58
429 889 58
470 782 58
481 500 58
485 1073 58
492 1151 58
532 1191 58
537 1139 58
548 820 58
563 911 58
570 988 58
572 1354 58
595 1259 58
598 1136 58
604 1067 58
612 1358 58
615 782 58
617 785 58
650 826 58
664 1379 58
672 951 58
674 1124 58
677 1332 58
697 773 58
746 776 58
753 1115 58
761 1262 58
789 1342 58
795 1402 58
822 1346 58
851 1091 58
868 1088 58
887 1427 58
895 916 58
896 1032 58
903 989 58
911 1341 58
1023 1188 58
1051 1163 58
1082 1092 58
1100 1148 58
1120 1265 58
1127 1232 58
1160 1428 58
1215 1357 58
1233 1260 58
1275 1326 58
1278 1288 58
1294 1306 58
1308 1470 58
1309 1474 58
1342 1348 58
1353 1442 58
1376 1416 58
1403 1408 58
14 1077 59
19 1193 59
20 1374 59
37 662 59
58 567 59
63 597 59
67 137 59
73 95 59
77 1350 59
81 333 59
101 572 59
109 1245 59
111 804 59
134 479 59
147 682 59
165 894 59
182 988 59
190 1052 59
194 1081 59
196 1257 59
200 555 59
213 377 59
217 422 59
220 280 59
237 507 59
259 1199 59
260 989 59
262 1444 59
264 479 59
269 1154 59
269 859 59
280 761 59
290 1265 59
293 1448 59
300 1430 59
312 1370 59
333 354 59
351 586 59
368 595 59
372 653 59
387 1441 59
401 851 59
426 1267 59
433 888 59
438 1366 59
467 1216 59
479 859 59
488 1314 59
506 1301 59
524 1404 59
535 1040 59
541 551 59
557 1017 59
570 784 59
615 906 59
643 1202 59
647 1060 59
722 1046 59
757 1337 59
772 1356 59
820 1102 59
820 1086 59
827 1093 59
829 1371 59
834 965 59
871 1399 59
881 1245 59
883 1302 59
886 1006 59
886 1168 59
889 1330 59
899 1301 59
986 1223 59
996 1196 59
1028 1189 59
1069 1218 59
1087 1328 59
1168 1341 59
1174 1328 59
1180 1403 59
1208 1244 59
1222 1389 59
1228 1367 59
1233 1283 59
1326 1418 59
60 796 60
101 209 60
201 1150 60
206 1475 60
268 1472 60
280 356 60
349 518 60
372 1121 60
413 1364 60
452 611 60
570 834 60
634 925 60
695 1259 60
759 1367 60
909 1302 60
