1 17 0
30 92 0
52 121 0
58 68 0
59 13 0
60 46 0
71 144 0
76 56 0
77 31 0
94 39 0
98 62 0
98 142 0
110 131 0
143 112 0
143 41 0
2 97 1
3 3 1
32 136 1
53 37 1
56 60 1
86 135 1
108 150 1
123 19 1
125 112 1
3 97 2
8 8 2
12 5 2
25 60 2
38 91 2
52 102 2
53 79 2
79 17 2
86 22 2
88 42 2
97 74 2
100 49 2
140 80 2
5 75 3
5 132 3
31 93 3
39 92 3
51 146 3
64 120 3
73 106 3
74 77 3
100 149 3
126 7 3
127 48 3
139 29 3
140 95 3
145 0 3
149 58 3
12 145 4
30 37 4
41 125 4
63 33 4
65 83 4
65 74 4
67 51 4
93 40 4
116 72 4
125 97 4
125 150 4
128 63 4
132 36 4
136 82 4
137 139 4
142 148 4
148 117 4
2 2 5
15 44 5
18 136 5
30 27 5
36 21 5
46 24 5
55 111 5
63 3 5
65 131 5
66 79 5
68 115 5
74 2 5
91 119 5
98 49 5
110 141 5
127 1 5
128 140 5
145 67 5
2 2 6
3 124 6
11 80 6
17 68 6
31 68 6
37 60 6
59 100 6
61 8 6
67 0 6
90 8 6
91 26 6
98 48 6
106 133 6
114 91 6
132 73 6
135 45 6
137 44 6
137 46 6
141 12 6
150 52 6
4 75 7
4 138 7
7 7 7
8 133 7
10 129 7
15 59 7
20 20 7
21 42 7
21 29 7
23 23 7
28 25 7
29 88 7
31 114 7
33 92 7
40 31 7
40 130 7
58 50 7
59 6 7
62 50 7
63 124 7
69 130 7
73 75 7
82 137 7
83 6 7
85 5 7
85 141 7
87 83 7
89 32 7
90 146 7
92 66 7
94 27 7
96 118 7
97 138 7
98 65 7
99 100 7
99 29 7
105 84 7
110 30 7
113 41 7
114 83 7
124 121 7
130 116 7
133 121 7
134 127 7
134 34 7
137 84 7
141 58 7
147 99 7
0 44 8
3 3 8
3 74 8
5 95 8
6 4 8
8 8 8
11 18 8
13 66 8
13 126 8
15 115 8
19 24 8
23 23 8
23 60 8
24 62 8
27 115 8
31 145 8
33 120 8
33 83 8
34 80 8
35 39 8
40 26 8
48 42 8
57 135 8
65 129 8
66 96 8
72 149 8
74 10 8
81 121 8
82 25 8
83 84 8
84 46 8
94 97 8
99 103 8
99 117 8
103 125 8
103 131 8
104 82 8
106 86 8
106 66 8
112 119 8
114 81 8
120 136 8
121 111 8
121 98 8
123 31 8
125 149 8
126 38 8
128 33 8
131 84 8
137 45 8
141 44 8
143 55 8
148 56 8
149 84 8
150 113 8
0 94 9
6 148 9
8 8 9
12 5 9
14 13 9
18 87 9
19 122 9
19 101 9
23 23 9
26 31 9
29 29 9
32 47 9
38 63 9
39 41 9
39 61 9
40 77 9
46 0 9
48 20 9
48 55 9
50 57 9
51 1 9
51 148 9
54 135 9
56 52 9
60 50 9
60 124 9
62 17 9
63 113 9
68 137 9
69 55 9
74 13 9
76 87 9
76 93 9
76 38 9
77 52 9
81 133 9
85 0 9
86 90 9
87 129 9
88 103 9
90 9 9
91 47 9
98 54 9
100 74 9
102 49 9
103 21 9
103 127 9
106 97 9
111 30 9
111 32 9
115 69 9
119 124 9
120 58 9
123 129 9
124 21 9
124 45 9
129 128 9
131 109 9
133 65 9
140 70 9
140 57 9
141 62 9
141 83 9
145 64 9
147 111 9
148 64 9
1 10 10
2 62 10
3 93 10
10 10 10
10 71 10
11 35 10
11 68 10
11 125 10
12 148 10
17 17 10
18 68 10
22 48 10
22 118 10
23 23 10
23 62 10
24 36 10
24 34 10
26 63 10
29 29 10
34 16 10
34 111 10
36 7 10
36 121 10
37 71 10
40 70 10
43 43 10
46 24 10
48 132 10
49 108 10
49 127 10
53 50 10
53 60 10
54 46 10
56 81 10
58 66 10
59 3 10
66 54 10
66 2 10
68 150 10
69 131 10
73 60 10
75 88 10
76 94 10
79 69 10
80 136 10
81 140 10
82 35 10
82 120 10
82 16 10
82 55 10
83 1 10
83 120 10
86 16 10
86 58 10
87 144 10
98 27 10
98 30 10
100 4 10
104 126 10
105 24 10
107 10 10
107 37 10
108 51 10
109 66 10
113 71 10
117 121 10
121 97 10
121 132 10
124 79 10
125 106 10
126 139 10
148 25 10
149 41 10
0 0 11
2 22 11
3 108 11
7 7 11
8 42 11
10 10 11
10 8 11
11 129 11
14 136 11
17 17 11
20 132 11
20 109 11
22 103 11
23 23 11
25 91 11
27 82 11
28 15 11
31 68 11
35 90 11
35 55 11
39 58 11
42 34 11
46 33 11
48 78 11
48 108 11
51 101 11
51 112 11
60 68 11
64 100 11
67 97 11
67 106 11
71 5 11
72 27 11
73 23 11
74 23 11
75 57 11
75 8 11
76 117 11
77 128 11
78 77 11
78 39 11
81 91 11
81 72 11
82 136 11
86 135 11
90 98 11
92 36 11
92 83 11
93 87 11
95 85 11
97 29 11
97 89 11
100 101 11
102 20 11
107 129 11
108 145 11
110 142 11
112 15 11
114 147 11
115 34 11
116 75 11
122 97 11
123 25 11
127 30 11
129 108 11
130 119 11
130 79 11
131 57 11
131 90 11
137 99 11
138 132 11
141 143 11
143 139 11
144 94 11
146 51 11
146 69 11
148 18 11
2 82 12
3 103 12
3 44 12
7 7 12
7 47 12
9 125 12
16 50 12
16 77 12
16 72 12
17 17 12
17 87 12
18 18 12
19 58 12
19 125 12
20 29 12
23 23 12
23 7 12
23 18 12
23 21 12
29 105 12
36 146 12
38 102 12
38 42 12
42 13 12
43 43 12
46 113 12
47 72 12
48 84 12
50 76 12
52 45 12
52 10 12
54 137 12
56 53 12
58 12 12
60 106 12
60 32 12
61 136 12
62 76 12
62 130 12
64 18 12
67 78 12
70 118 12
70 138 12
76 97 12
76 29 12
80 19 12
80 60 12
82 121 12
83 125 12
84 14 12
84 81 12
87 19 12
92 26 12
93 145 12
95 73 12
97 120 12
99 14 12
99 79 12
102 144 12
102 5 12
108 61 12
112 97 12
114 56 12
119 4 12
120 108 12
122 2 12
122 20 12
124 36 12
124 106 12
131 140 12
133 146 12
137 138 12
139 30 12
143 42 12
148 65 12
0 64 13
2 2 13
5 94 13
5 18 13
5 107 13
6 137 13
7 7 13
8 8 13
10 104 13
12 81 13
12 28 13
16 145 13
17 76 13
20 125 13
21 38 13
21 79 13
22 44 13
22 103 13
22 13 13
23 23 13
25 25 13
26 26 13
27 23 13
27 126 13
28 63 13
29 32 13
30 113 13
30 17 13
35 67 13
35 16 13
38 46 13
38 123 13
43 43 13
44 66 13
46 88 13
47 40 13
47 149 13
48 111 13
49 22 13
50 31 13
50 7 13
50 43 13
51 53 13
52 48 13
52 136 13
58 71 13
58 139 13
64 36 13
68 94 13
68 126 13
69 57 13
71 24 13
72 50 13
73 12 13
74 107 13
77 77 13
86 67 13
87 133 13
89 32 13
92 143 13
92 1 13
92 95 13
93 13 13
95 138 13
97 133 13
98 34 13
99 52 13
100 109 13
101 111 13
102 144 13
105 47 13
105 141 13
106 53 13
108 67 13
110 127 13
110 94 13
112 55 13
113 59 13
113 120 13
114 55 13
114 78 13
116 125 13
117 27 13
118 116 13
124 100 13
125 47 13
126 27 13
126 24 13
130 39 13
130 4 13
134 6 13
137 87 13
137 128 13
137 91 13
139 52 13
139 88 13
139 138 13
143 101 13
143 131 13
146 142 13
149 25 13
0 0 14
1 141 14
2 39 14
2 132 14
2 140 14
3 150 14
4 92 14
4 149 14
8 9 14
8 58 14
10 10 14
11 137 14
12 60 14
14 68 14
14 52 14
16 18 14
17 131 14
17 40 14
17 134 14
18 18 14
19 74 14
21 46 14
21 20 14
22 74 14
23 23 14
25 62 14
26 26 14
26 13 14
27 27 14
27 51 14
30 8 14
31 133 14
37 100 14
38 16 14
38 150 14
38 60 14
39 137 14
40 19 14
41 8 14
42 62 14
44 68 14
46 121 14
49 23 14
49 114 14
49 20 14
49 129 14
50 33 14
51 127 14
59 54 14
59 10 14
60 123 14
60 141 14
60 113 14
60 35 14
61 143 14
61 44 14
62 124 14
65 116 14
65 149 14
65 48 14
65 32 14
66 46 14
74 59 14
77 77 14
78 78 14
78 55 14
79 77 14
80 5 14
81 148 14
88 59 14
90 75 14
91 68 14
91 133 14
92 116 14
94 139 14
96 90 14
96 119 14
97 72 14
97 78 14
100 115 14
101 21 14
102 145 14
104 52 14
105 47 14
106 52 14
107 77 14
108 80 14
110 53 14
110 89 14
111 147 14
112 7 14
113 87 14
114 147 14
115 57 14
115 103 14
117 112 14
117 62 14
117 22 14
117 116 14
118 138 14
121 90 14
123 142 14
124 11 14
126 39 14
126 26 14
128 106 14
129 86 14
129 42 14
130 18 14
130 6 14
132 54 14
138 36 14
139 30 14
140 128 14
140 72 14
141 92 14
141 105 14
141 20 14
142 102 14
144 69 14
145 33 14
146 35 14
0 0 15
1 31 15
1 121 15
1 41 15
2 116 15
2 16 15
3 3 15
3 72 15
3 56 15
4 138 15
5 110 15
5 9 15
6 18 15
10 10 15
10 78 15
11 93 15
13 70 15
14 79 15
14 18 15
15 71 15
16 16 15
16 121 15
16 132 15
17 133 15
18 36 15
19 16 15
20 129 15
20 147 15
21 97 15
21 72 15
23 23 15
24 32 15
25 25 15
25 12 15
25 117 15
25 71 15
26 26 15
26 96 15
26 89 15
27 27 15
27 50 15
27 85 15
28 23 15
28 36 15
30 9 15
31 136 15
31 76 15
32 112 15
33 134 15
34 17 15
35 46 15
36 0 15
36 114 15
39 16 15
40 123 15
40 84 15
41 64 15
42 134 15
43 11 15
43 75 15
43 132 15
44 88 15
45 45 15
47 144 15
47 150 15
48 45 15
49 87 15
49 45 15
49 101 15
50 97 15
51 37 15
51 46 15
54 9 15
54 102 15
56 134 15
57 121 15
57 68 15
57 102 15
58 92 15
58 3 15
59 34 15
60 103 15
60 107 15
61 44 15
61 76 15
61 60 15
63 55 15
63 132 15
64 29 15
64 95 15
65 134 15
65 37 15
65 14 15
65 86 15
66 78 15
66 18 15
67 48 15
68 68 15
68 0 15
69 71 15
69 18 15
71 3 15
71 43 15
74 45 15
75 28 15
75 89 15
75 134 15
75 91 15
76 74 15
77 77 15
77 24 15
79 117 15
79 54 15
81 81 15
81 141 15
82 1 15
83 52 15
84 50 15
85 137 15
85 21 15
86 35 15
86 41 15
89 115 15
90 26 15
90 11 15
91 0 15
91 134 15
91 67 15
91 19 15
92 116 15
92 100 15
94 47 15
95 44 15
96 11 15
97 130 15
98 108 15
100 7 15
100 50 15
100 95 15
101 42 15
102 15 15
104 131 15
105 89 15
106 81 15
108 121 15
108 102 15
110 114 15
111 5 15
111 26 15
112 18 15
113 41 15
114 40 15
114 53 15
116 99 15
117 72 15
119 145 15
119 26 15
120 60 15
120 46 15
120 56 15
121 89 15
121 74 15
122 98 15
123 35 15
124 107 15
124 125 15
124 79 15
124 102 15
125 61 15
126 78 15
126 134 15
126 122 15
126 5 15
127 26 15
131 1 15
132 91 15
133 127 15
133 137 15
135 41 15
135 9 15
136 0 15
136 88 15
137 77 15
137 109 15
139 41 15
139 9 15
140 2 15
141 54 15
142 73 15
143 35 15
143 126 15
143 136 15
147 94 15
148 35 15
150 72 15
0 71 16
0 88 16
1 121 16
2 50 16
3 2 16
4 104 16
4 21 16
5 96 16
7 7 16
7 91 16
8 100 16
9 5 16
10 10 16
11 142 16
13 16 16
13 102 16
14 67 16
14 63 16
15 51 16
16 81 16
17 30 16
17 23 16
18 18 16
18 35 16
18 101 16
18 14 16
18 119 16
18 120 16
19 19 16
20 102 16
21 21 16
21 137 16
21 35 16
22 103 16
22 139 16
22 43 16
22 6 16
23 23 16
25 25 16
26 119 16
27 147 16
27 131 16
29 141 16
31 86 16
31 79 16
32 104 16
33 34 16
34 97 16
35 32 16
35 110 16
35 105 16
36 36 16
36 7 16
36 8 16
38 87 16
39 32 16
39 43 16
40 113 16
40 124 16
41 60 16
41 68 16
41 132 16
42 132 16
43 126 16
43 143 16
43 51 16
45 45 16
46 114 16
46 137 16
50 47 16
51 59 16
53 91 16
55 35 16
57 2 16
58 131 16
58 20 16
59 57 16
59 32 16
60 99 16
61 60 16
65 91 16
66 146 16
66 26 16
68 76 16
69 4 16
71 28 16
71 116 16
71 63 16
72 125 16
72 71 16
74 30 16
76 70 16
76 79 16
76 80 16
77 77 16
78 4 16
78 52 16
78 109 16
79 37 16
81 81 16
81 75 16
81 147 16
82 55 16
83 83 16
83 76 16
83 33 16
84 30 16
84 34 16
86 65 16
86 137 16
86 84 16
86 29 16
87 42 16
88 8 16
88 131 16
90 146 16
91 23 16
93 85 16
95 139 16
95 16 16
95 9 16
96 104 16
97 24 16
97 73 16
97 84 16
98 88 16
99 16 16
100 9 16
100 24 16
101 123 16
102 136 16
103 35 16
104 93 16
106 52 16
107 71 16
108 85 16
109 82 16
110 118 16
110 126 16
112 67 16
115 49 16
119 93 16
119 112 16
121 67 16
123 144 16
126 141 16
128 71 16
128 144 16
128 58 16
130 39 16
130 32 16
130 125 16
130 58 16
132 39 16
133 25 16
134 64 16
136 135 16
136 27 16
136 117 16
137 129 16
138 80 16
139 46 16
139 73 16
139 100 16
139 124 16
139 133 16
140 40 16
141 120 16
144 33 16
144 9 16
145 67 16
146 104 16
149 99 16
150 20 16
0 0 17
1 51 17
2 2 17
2 84 17
2 81 17
3 132 17
4 98 17
4 107 17
6 141 17
6 56 17
7 7 17
7 27 17
8 95 17
9 65 17
9 117 17
9 79 17
11 44 17
12 135 17
13 54 17
13 79 17
16 122 17
16 133 17
18 18 17
19 19 17
19 103 17
19 76 17
20 86 17
20 90 17
21 21 17
21 103 17
21 148 17
22 128 17
22 100 17
22 127 17
22 115 17
23 23 17
23 34 17
23 107 17
23 95 17
24 58 17
24 126 17
25 35 17
25 144 17
26 26 17
26 28 17
27 84 17
28 84 17
28 148 17
29 29 17
29 70 17
31 57 17
32 37 17
33 0 17
34 34 17
34 74 17
34 122 17
35 15 17
36 4 17
36 86 17
37 29 17
38 66 17
41 128 17
41 6 17
41 118 17
42 98 17
42 148 17
42 60 17
43 43 17
44 94 17
44 117 17
44 135 17
45 45 17
45 64 17
45 139 17
47 67 17
48 31 17
48 104 17
48 142 17
48 59 17
48 77 17
51 4 17
51 56 17
52 99 17
53 56 17
54 150 17
54 83 17
54 59 17
55 126 17
56 91 17
57 131 17
57 60 17
58 16 17
59 110 17
59 94 17
60 11 17
60 3 17
61 127 17
61 94 17
62 62 17
62 56 17
63 44 17
64 50 17
64 86 17
64 17 17
64 110 17
67 110 17
67 140 17
68 2 17
68 62 17
69 108 17
70 109 17
70 148 17
71 115 17
71 121 17
73 38 17
73 93 17
73 102 17
74 74 17
74 138 17
75 105 17
75 70 17
76 132 17
77 77 17
77 26 17
78 142 17
78 84 17
79 54 17
80 17 17
81 81 17
81 136 17
81 90 17
83 24 17
85 114 17
85 150 17
86 28 17
87 149 17
88 63 17
88 11 17
88 13 17
89 89 17
89 62 17
90 39 17
90 6 17
92 144 17
92 73 17
92 132 17
93 141 17
93 34 17
94 103 17
94 61 17
94 111 17
94 40 17
94 17 17
94 35 17
95 28 17
96 80 17
98 75 17
99 78 17
100 100 17
100 145 17
101 42 17
103 58 17
103 124 17
104 95 17
104 113 17
108 71 17
109 9 17
110 31 17
110 89 17
111 86 17
111 26 17
113 0 17
113 68 17
114 41 17
115 119 17
118 33 17
118 108 17
118 143 17
119 94 17
120 108 17
121 85 17
122 103 17
122 31 17
122 54 17
123 68 17
123 48 17
124 26 17
124 117 17
127 44 17
127 29 17
127 86 17
128 66 17
128 131 17
129 141 17
129 70 17
129 47 17
130 13 17
130 104 17
131 32 17
131 59 17
132 5 17
133 129 17
133 140 17
135 144 17
137 69 17
138 146 17
138 45 17
139 108 17
139 16 17
139 66 17
139 59 17
139 113 17
140 79 17
140 110 17
140 21 17
141 56 17
142 91 17
142 77 17
142 32 17
143 128 17
143 140 17
144 32 17
145 131 17
146 12 17
148 143 17
148 8 17
148 136 17
148 121 17
149 136 17
150 11 17
150 68 17
150 112 17
150 98 17
0 114 18
1 96 18
1 105 18
2 28 18
3 31 18
3 15 18
3 33 18
3 137 18
3 11 18
4 118 18
4 139 18
5 47 18
6 6 18
6 100 18
7 7 18
8 8 18
8 118 18
8 84 18
8 35 18
9 45 18
9 38 18
9 104 18
10 10 18
10 95 18
10 32 18
11 47 18
11 22 18
11 42 18
12 47 18
12 79 18
12 8 18
12 74 18
13 13 18
13 67 18
13 124 18
13 27 18
13 118 18
15 55 18
15 141 18
15 143 18
16 28 18
16 133 18
16 48 18
17 17 18
17 30 18
17 109 18
17 28 18
18 18 18
18 37 18
19 19 18
19 128 18
19 30 18
20 20 18
20 6 18
21 21 18
21 31 18
22 90 18
22 78 18
22 106 18
23 23 18
23 124 18
23 80 18
24 44 18
26 26 18
27 27 18
27 82 18
27 146 18
28 3 18
28 73 18
28 48 18
28 36 18
29 29 18
29 9 18
30 72 18
31 88 18
31 56 18
31 85 18
32 25 18
32 26 18
33 3 18
33 131 18
33 18 18
34 33 18
34 28 18
35 88 18
36 93 18
36 124 18
37 26 18
38 138 18
38 85 18
39 39 18
39 23 18
39 29 18
40 38 18
41 143 18
42 20 18
43 30 18
43 136 18
43 15 18
43 145 18
43 35 18
45 45 18
45 64 18
46 34 18
46 74 18
46 124 18
47 120 18
47 24 18
47 147 18
48 127 18
48 139 18
49 50 18
49 122 18
50 81 18
51 30 18
53 102 18
53 150 18
54 63 18
54 43 18
54 67 18
54 53 18
54 100 18
56 84 18
58 133 18
59 137 18
60 3 18
61 61 18
61 136 18
62 145 18
62 105 18
63 40 18
63 28 18
63 135 18
64 64 18
64 29 18
64 40 18
65 73 18
65 84 18
67 69 18
68 86 18
69 3 18
71 71 18
71 131 18
71 82 18
73 138 18
73 147 18
73 34 18
73 118 18
74 39 18
76 32 18
76 25 18
76 132 18
77 77 18
77 41 18
79 141 18
81 81 18
81 121 18
81 45 18
81 88 18
82 21 18
82 53 18
82 61 18
83 83 18
83 110 18
83 126 18
83 9 18
83 121 18
83 81 18
85 48 18
85 10 18
86 40 18
87 16 18
87 15 18
87 12 18
88 38 18
88 1 18
89 89 18
89 29 18
90 35 18
90 28 18
91 126 18
91 63 18
92 62 18
92 128 18
92 48 18
94 127 18
94 136 18
95 138 18
95 146 18
96 43 18
97 67 18
97 37 18
97 9 18
97 118 18
98 68 18
99 51 18
99 23 18
99 48 18
100 97 18
101 26 18
101 12 18
102 82 18
102 4 18
103 142 18
104 0 18
104 106 18
106 141 18
107 24 18
107 85 18
108 66 18
109 97 18
109 0 18
109 27 18
109 47 18
110 22 18
111 21 18
111 122 18
112 42 18
113 63 18
113 122 18
114 1 18
114 50 18
115 55 18
115 19 18
115 76 18
116 84 18
117 83 18
118 103 18
118 66 18
118 148 18
119 139 18
119 90 18
120 92 18
121 0 18
121 84 18
122 69 18
124 103 18
125 131 18
125 71 18
126 6 18
126 49 18
126 140 18
126 115 18
128 124 18
129 10 18
130 48 18
131 147 18
132 148 18
132 143 18
132 30 18
133 83 18
135 52 18
135 24 18
137 71 18
138 47 18
139 92 18
139 21 18
139 43 18
141 31 18
143 48 18
143 72 18
143 81 18
144 65 18
144 119 18
145 106 18
145 141 18
146 81 18
147 27 18
147 86 18
148 27 18
149 68 18
149 133 18
150 141 18
150 31 18
150 28 18
150 36 18
0 10 19
0 0 19
0 127 19
0 92 19
2 6 19
2 72 19
3 3 19
3 2 19
5 126 19
5 16 19
5 13 19
5 104 19
6 147 19
7 32 19
7 133 19
7 27 19
8 8 19
8 56 19
8 129 19
9 26 19
10 10 19
10 116 19
10 15 19
10 8 19
10 17 19
10 26 19
10 112 19
11 54 19
13 13 19
14 87 19
14 77 19
14 56 19
15 83 19
17 17 19
17 142 19
17 31 19
18 23 19
19 114 19
19 13 19
19 129 19
20 20 19
20 37 19
20 110 19
21 135 19
21 88 19
21 8 19
21 5 19
22 22 19
22 21 19
22 42 19
23 23 19
23 42 19
23 149 19
23 57 19
23 66 19
24 145 19
24 119 19
25 25 19
25 1 19
26 26 19
26 14 19
27 63 19
27 67 19
30 55 19
30 115 19
30 87 19
31 29 19
32 62 19
32 54 19
32 28 19
33 148 19
33 146 19
34 113 19
34 44 19
36 83 19
37 60 19
38 33 19
38 51 19
39 39 19
39 95 19
40 121 19
41 78 19
41 107 19
42 13 19
42 79 19
42 24 19
42 19 19
43 43 19
43 20 19
44 102 19
45 45 19
46 37 19
47 73 19
47 141 19
49 40 19
50 12 19
50 114 19
51 34 19
51 132 19
52 106 19
52 135 19
52 75 19
52 105 19
54 104 19
54 14 19
54 46 19
55 20 19
55 102 19
55 56 19
55 97 19
56 56 19
57 4 19
57 88 19
58 51 19
59 101 19
61 21 19
61 69 19
62 62 19
62 30 19
62 66 19
63 91 19
63 127 19
63 90 19
65 118 19
65 51 19
65 114 19
66 71 19
67 67 19
67 148 19
68 2 19
68 63 19
68 85 19
68 119 19
71 68 19
71 43 19
72 36 19
73 133 19
74 45 19
74 147 19
74 133 19
75 32 19
75 128 19
75 39 19
75 29 19
77 77 19
77 143 19
78 35 19
78 57 19
79 43 19
79 111 19
81 64 19
82 72 19
82 142 19
82 87 19
84 75 19
84 6 19
84 46 19
84 21 19
85 132 19
85 67 19
86 49 19
86 19 19
86 94 19
87 75 19
87 59 19
88 88 19
88 104 19
88 81 19
88 87 19
89 89 19
89 127 19
90 35 19
90 69 19
90 25 19
90 137 19
92 42 19
92 10 19
92 133 19
92 118 19
93 35 19
93 142 19
94 19 19
95 76 19
95 69 19
95 82 19
96 135 19
97 123 19
98 101 19
98 144 19
99 92 19
99 78 19
100 5 19
100 75 19
100 33 19
101 96 19
102 8 19
102 1 19
102 49 19
102 51 19
103 126 19
104 32 19
104 4 19
105 43 19
105 97 19
106 88 19
107 64 19
108 74 19
109 96 19
109 27 19
111 106 19
112 28 19
113 138 19
113 84 19
114 108 19
114 83 19
114 41 19
114 73 19
114 137 19
115 101 19
116 51 19
116 99 19
117 49 19
118 16 19
119 121 19
120 110 19
120 32 19
121 18 19
121 17 19
123 66 19
123 97 19
124 149 19
124 80 19
125 99 19
126 69 19
127 67 19
127 115 19
127 83 19
128 146 19
129 6 19
130 89 19
130 64 19
130 104 19
133 62 19
133 107 19
134 123 19
135 106 19
135 89 19
135 4 19
135 6 19
136 149 19
137 45 19
138 9 19
138 150 19
139 134 19
139 79 19
139 58 19
139 140 19
140 27 19
140 24 19
140 65 19
140 67 19
140 85 19
141 55 19
141 144 19
143 63 19
144 77 19
144 57 19
145 19 19
146 78 19
146 62 19
148 8 19
148 21 19
148 100 19
149 39 19
150 4 19
150 31 19
150 81 19
2 30 20
2 16 20
3 135 20
3 82 20
3 139 20
4 35 20
5 34 20
6 146 20
6 103 20
6 133 20
7 41 20
8 48 20
9 46 20
10 10 20
11 34 20
13 147 20
13 39 20
13 103 20
13 75 20
15 65 20
16 135 20
18 18 20
18 83 20
18 93 20
19 19 20
19 44 20
19 96 20
20 20 20
21 21 20
22 6 20
23 23 20
23 15 20
23 103 20
25 138 20
26 26 20
26 9 20
27 27 20
27 54 20
27 86 20
28 88 20
29 61 20
29 70 20
29 108 20
30 11 20
30 20 20
32 27 20
33 40 20
34 116 20
34 63 20
35 13 20
36 126 20
37 66 20
37 113 20
38 118 20
39 39 20
39 83 20
39 119 20
39 20 20
40 138 20
41 37 20
43 37 20
45 45 20
46 104 20
47 4 20
48 62 20
49 25 20
49 128 20
50 8 20
52 96 20
52 9 20
56 3 20
56 13 20
56 88 20
58 62 20
58 146 20
58 143 20
58 72 20
60 82 20
60 118 20
61 6 20
61 70 20
62 62 20
62 14 20
62 148 20
62 42 20
63 66 20
65 118 20
65 31 20
66 48 20
66 63 20
66 93 20
66 47 20
66 72 20
68 140 20
69 78 20
69 139 20
72 52 20
72 107 20
73 147 20
74 141 20
74 149 20
75 129 20
75 95 20
76 44 20
76 22 20
77 77 20
77 69 20
77 27 20
78 139 20
79 142 20
79 105 20
79 112 20
79 122 20
80 45 20
80 54 20
81 130 20
83 83 20
84 109 20
84 49 20
84 51 20
85 59 20
85 116 20
85 74 20
86 142 20
86 71 20
87 43 20
87 1 20
87 92 20
88 47 20
88 91 20
88 75 20
89 89 20
89 129 20
89 112 20
90 59 20
93 145 20
93 75 20
94 70 20
95 35 20
96 127 20
96 56 20
96 31 20
98 76 20
98 146 20
99 127 20
99 90 20
99 35 20
99 112 20
99 41 20
100 141 20
104 77 20
105 42 20
105 91 20
106 88 20
106 34 20
107 97 20
107 78 20
108 106 20
109 66 20
110 118 20
110 107 20
110 128 20
111 85 20
111 109 20
111 44 20
112 79 20
113 13 20
114 105 20
115 147 20
115 140 20
116 55 20
117 27 20
118 123 20
118 88 20
119 84 20
119 79 20
119 138 20
121 73 20
122 76 20
122 42 20
123 67 20
125 150 20
125 29 20
125 40 20
125 81 20
128 9 20
128 150 20
129 117 20
132 70 20
134 5 20
134 6 20
134 1 20
135 112 20
135 20 20
135 13 20
136 70 20
137 69 20
138 2 20
138 70 20
139 30 20
140 61 20
140 126 20
141 87 20
142 86 20
142 125 20
143 145 20
144 51 20
146 79 20
148 142 20
0 0 21
0 16 21
0 95 21
0 58 21
1 67 21
1 69 21
1 128 21
2 2 21
3 3 21
3 58 21
3 0 21
3 137 21
6 119 21
7 136 21
7 85 21
7 80 21
7 64 21
9 67 21
9 148 21
10 65 21
10 37 21
11 38 21
12 62 21
13 44 21
13 94 21
13 126 21
13 110 21
13 103 21
13 111 21
14 82 21
14 41 21
15 78 21
15 11 21
15 27 21
15 74 21
16 8 21
16 0 21
17 79 21
18 0 21
18 20 21
18 148 21
19 121 21
19 130 21
20 96 21
20 46 21
21 21 21
21 145 21
21 58 21
22 66 21
22 1 21
23 145 21
24 132 21
24 13 21
25 135 21
26 26 21
26 137 21
26 127 21
26 120 21
26 35 21
27 27 21
27 45 21
27 17 21
27 2 21
29 72 21
30 66 21
30 122 21
31 44 21
31 28 21
31 9 21
31 141 21
32 39 21
32 124 21
33 71 21
34 67 21
34 17 21
34 145 21
35 103 21
36 33 21
36 85 21
36 124 21
37 24 21
37 110 21
37 61 21
37 111 21
39 39 21
39 3 21
39 103 21
40 109 21
40 54 21
42 14 21
43 37 21
43 3 21
43 18 21
43 6 21
43 134 21
44 0 21
45 45 21
45 138 21
45 30 21
45 0 21
45 70 21
45 122 21
45 88 21
46 103 21
48 71 21
50 76 21
50 130 21
50 139 21
51 132 21
51 17 21
54 54 21
55 107 21
57 117 21
57 74 21
57 46 21
58 52 21
59 132 21
59 45 21
59 38 21
59 1 21
59 138 21
59 23 21
60 43 21
61 72 21
63 126 21
63 64 21
64 110 21
65 47 21
66 39 21
67 3 21
68 45 21
70 71 21
73 13 21
74 70 21
74 15 21
76 124 21
76 71 21
77 77 21
77 21 21
77 63 21
78 78 21
78 64 21
79 108 21
79 57 21
79 31 21
80 69 21
81 5 21
81 25 21
81 20 21
81 38 21
82 21 21
82 73 21
82 77 21
82 132 21
82 54 21
83 83 21
84 136 21
86 3 21
86 17 21
88 88 21
88 127 21
89 89 21
90 131 21
91 6 21
93 124 21
94 128 21
94 143 21
95 116 21
96 128 21
96 57 21
96 130 21
96 134 21
96 118 21
98 34 21
98 13 21
99 56 21
99 67 21
99 103 21
99 2 21
101 106 21
101 121 21
101 29 21
101 150 21
102 71 21
102 96 21
103 97 21
103 34 21
103 18 21
103 20 21
104 122 21
105 96 21
105 141 21
107 39 21
108 84 21
108 132 21
108 36 21
108 111 21
108 101 21
111 116 21
112 114 21
113 77 21
114 133 21
114 92 21
114 18 21
114 141 21
114 116 21
116 94 21
117 128 21
119 142 21
119 45 21
119 26 21
119 28 21
120 104 21
120 58 21
120 110 21
120 77 21
121 89 21
122 16 21
123 107 21
124 74 21
124 33 21
124 28 21
124 110 21
125 60 21
125 76 21
125 39 21
126 85 21
126 107 21
126 102 21
126 129 21
127 55 21
129 25 21
130 66 21
131 120 21
131 148 21
132 30 21
132 72 21
132 108 21
133 6 21
133 38 21
133 129 21
133 5 21
134 114 21
134 65 21
135 47 21
138 64 21
139 35 21
139 147 21
140 112 21
140 7 21
141 138 21
141 11 21
142 58 21
143 20 21
144 138 21
144 131 21
145 25 21
145 64 21
145 56 21
146 26 21
146 0 21
146 11 21
149 0 21
150 70 21
150 57 21
0 121 22
0 40 22
0 127 22
1 2 22
1 122 22
1 102 22
2 2 22
2 112 22
3 115 22
3 130 22
4 63 22
4 58 22
5 117 22
7 7 22
7 123 22
8 25 22
8 43 22
8 148 22
8 47 22
8 97 22
9 90 22
9 20 22
9 22 22
10 10 22
10 12 22
11 24 22
11 57 22
11 130 22
11 88 22
11 127 22
12 43 22
12 101 22
13 60 22
13 36 22
14 142 22
15 137 22
15 19 22
16 38 22
16 63 22
16 138 22
16 64 22
16 132 22
17 92 22
18 18 22
18 44 22
18 12 22
18 63 22
19 19 22
20 36 22
21 21 22
21 64 22
21 13 22
22 22 22
22 46 22
22 107 22
22 129 22
25 25 22
25 116 22
26 26 22
26 83 22
27 27 22
28 28 22
28 135 22
29 29 22
29 41 22
29 1 22
31 104 22
31 105 22
31 4 22
31 6 22
32 131 22
33 69 22
34 47 22
34 22 22
34 106 22
35 12 22
35 139 22
36 70 22
37 28 22
38 46 22
38 91 22
39 39 22
39 0 22
39 31 22
40 98 22
40 109 22
40 120 22
40 88 22
40 64 22
41 83 22
41 101 22
41 36 22
41 93 22
43 96 22
45 45 22
46 86 22
47 124 22
48 47 22
48 33 22
48 121 22
49 67 22
50 48 22
51 39 22
52 119 22
52 82 22
52 13 22
53 114 22
53 118 22
53 19 22
54 12 22
55 139 22
55 42 22
55 7 22
56 23 22
57 50 22
57 98 22
57 6 22
57 36 22
58 39 22
58 98 22
58 13 22
58 100 22
59 146 22
59 41 22
59 72 22
61 101 22
61 23 22
62 119 22
62 61 22
62 47 22
64 64 22
65 103 22
66 48 22
66 84 22
66 67 22
66 131 22
67 72 22
68 75 22
68 123 22
68 119 22
68 18 22
69 21 22
70 97 22
72 146 22
72 1 22
72 147 22
72 85 22
73 82 22
74 2 22
74 110 22
75 106 22
75 97 22
76 87 22
76 146 22
76 91 22
77 77 22
77 11 22
77 47 22
78 78 22
78 19 22
78 94 22
79 70 22
79 63 22
80 87 22
81 53 22
82 60 22
82 77 22
83 83 22
83 27 22
83 143 22
83 136 22
85 7 22
86 106 22
86 25 22
86 141 22
87 139 22
87 127 22
87 19 22
88 33 22
88 134 22
89 142 22
90 11 22
90 77 22
90 22 22
90 134 22
91 29 22
91 138 22
91 31 22
92 8 22
92 84 22
92 141 22
92 120 22
93 40 22
93 35 22
93 105 22
93 71 22
93 144 22
93 98 22
95 8 22
96 108 22
96 133 22
96 27 22
96 2 22
96 121 22
97 57 22
98 56 22
100 95 22
101 60 22
101 83 22
101 128 22
102 0 22
102 75 22
102 139 22
102 81 22
103 136 22
103 95 22
104 68 22
104 116 22
105 28 22
105 12 22
105 16 22
105 27 22
107 130 22
107 15 22
108 103 22
108 148 22
109 33 22
109 105 22
109 77 22
109 136 22
110 81 22
111 16 22
112 75 22
112 96 22
113 99 22
113 131 22
113 112 22
113 63 22
115 115 22
116 99 22
116 117 22
116 2 22
116 93 22
116 150 22
117 7 22
118 26 22
118 85 22
118 10 22
119 79 22
120 60 22
120 28 22
121 96 22
121 17 22
121 66 22
121 102 22
121 81 22
122 74 22
123 63 22
124 49 22
126 55 22
126 77 22
129 111 22
129 5 22
129 62 22
129 92 22
129 46 22
130 26 22
131 115 22
131 112 22
132 31 22
133 99 22
133 46 22
133 34 22
134 21 22
134 55 22
134 137 22
134 6 22
135 75 22
136 96 22
136 22 22
136 52 22
136 74 22
136 140 22
137 88 22
139 111 22
140 49 22
141 86 22
142 95 22
142 101 22
142 140 22
143 124 22
143 48 22
143 18 22
144 32 22
144 107 22
146 69 22
147 57 22
147 65 22
148 55 22
148 80 22
149 112 22
149 117 22
150 136 22
150 110 22
0 2 23
1 9 23
1 97 23
2 33 23
2 103 23
3 14 23
3 89 23
4 63 23
4 8 23
5 92 23
5 81 23
6 147 23
6 114 23
7 7 23
8 8 23
9 24 23
9 42 23
9 123 23
10 10 23
10 72 23
10 1 23
10 134 23
11 77 23
11 66 23
11 140 23
12 135 23
12 73 23
13 97 23
14 135 23
14 97 23
14 54 23
14 104 23
15 57 23
15 61 23
15 37 23
18 69 23
19 19 23
19 2 23
20 8 23
20 20 23
20 33 23
20 117 23
20 120 23
21 63 23
22 22 23
23 51 23
23 46 23
23 137 23
24 124 23
24 70 23
24 117 23
24 116 23
25 94 23
25 88 23
25 81 23
25 49 23
26 26 23
26 72 23
26 57 23
26 138 23
28 33 23
29 29 23
29 85 23
29 18 23
30 11 23
31 1 23
31 133 23
31 2 23
32 105 23
32 37 23
32 14 23
34 126 23
35 97 23
35 30 23
35 136 23
36 22 23
37 90 23
37 54 23
38 109 23
38 131 23
39 39 23
39 130 23
39 101 23
40 107 23
41 31 23
41 26 23
41 34 23
44 47 23
44 46 23
44 76 23
45 45 23
45 144 23
45 112 23
45 82 23
45 77 23
46 9 23
47 101 23
47 49 23
47 44 23
47 16 23
49 30 23
50 11 23
51 139 23
51 116 23
52 75 23
54 54 23
55 89 23
56 50 23
56 68 23
56 31 23
57 58 23
58 84 23
58 22 23
58 20 23
59 73 23
60 10 23
61 61 23
61 100 23
61 102 23
62 110 23
62 63 23
62 142 23
63 136 23
63 74 23
63 73 23
63 76 23
64 81 23
64 77 23
65 101 23
65 60 23
66 62 23
66 69 23
67 58 23
67 44 23
67 33 23
68 102 23
68 10 23
69 77 23
70 55 23
70 64 23
70 44 23
70 12 23
70 131 23
71 1 23
71 37 23
71 112 23
71 100 23
72 105 23
72 35 23
73 80 23
73 93 23
73 97 23
74 101 23
74 122 23
75 114 23
75 91 23
75 57 23
75 15 23
75 5 23
75 93 23
75 115 23
76 50 23
76 141 23
77 77 23
77 65 23
77 2 23
78 11 23
78 6 23
78 109 23
78 148 23
78 55 23
79 24 23
79 116 23
79 120 23
79 129 23
79 124 23
80 71 23
81 63 23
81 141 23
81 0 23
82 46 23
82 131 23
83 83 23
83 19 23
83 93 23
83 74 23
83 53 23
84 76 23
84 135 23
86 92 23
87 42 23
87 140 23
88 90 23
88 19 23
88 73 23
88 105 23
89 68 23
89 131 23
89 148 23
90 67 23
90 30 23
92 100 23
93 143 23
94 23 23
95 66 23
96 34 23
97 121 23
98 3 23
98 108 23
98 51 23
99 136 23
99 148 23
99 83 23
99 92 23
99 128 23
100 14 23
101 88 23
101 93 23
102 115 23
103 35 23
103 99 23
103 27 23
104 70 23
104 55 23
106 45 23
106 63 23
106 128 23
106 150 23
106 75 23
107 1 23
108 68 23
108 133 23
110 123 23
110 75 23
110 47 23
111 91 23
111 106 23
111 115 23
113 113 23
113 147 23
113 52 23
114 81 23
114 24 23
114 89 23
115 115 23
115 79 23
115 111 23
115 17 23
116 70 23
116 140 23
116 138 23
117 117 23
117 144 23
117 143 23
117 31 23
117 21 23
118 51 23
118 44 23
119 72 23
119 7 23
119 6 23
119 104 23
120 21 23
120 62 23
121 30 23
122 115 23
123 124 23
123 81 23
123 131 23
124 6 23
124 55 23
124 32 23
124 130 23
124 17 23
126 13 23
127 98 23
127 111 23
127 119 23
128 93 23
129 90 23
129 89 23
129 149 23
129 97 23
130 115 23
130 73 23
130 141 23
130 126 23
131 46 23
132 90 23
132 27 23
133 54 23
133 122 23
133 65 23
134 115 23
135 75 23
135 56 23
135 78 23
136 0 23
136 72 23
136 40 23
137 75 23
137 79 23
138 11 23
138 36 23
139 100 23
139 45 23
140 146 23
140 135 23
142 79 23
142 149 23
142 2 23
144 111 23
144 115 23
144 46 23
145 126 23
145 74 23
145 60 23
146 19 23
146 28 23
146 138 23
146 83 23
147 145 23
148 117 23
148 103 23
148 105 23
148 57 23
150 53 23
1 2 24
1 27 24
2 2 24
2 134 24
2 37 24
3 93 24
3 111 24
3 60 24
3 32 24
6 29 24
6 144 24
6 143 24
7 132 24
7 86 24
7 150 24
8 8 24
8 18 24
8 44 24
9 136 24
9 125 24
9 36 24
10 10 24
10 52 24
11 139 24
12 41 24
13 29 24
13 118 24
13 53 24
13 150 24
14 149 24
14 119 24
14 128 24
14 146 24
15 11 24
15 65 24
15 68 24
16 34 24
16 24 24
16 33 24
16 122 24
16 125 24
17 150 24
17 121 24
17 30 24
17 7 24
18 116 24
19 19 24
19 8 24
20 116 24
20 49 24
20 143 24
21 134 24
21 79 24
22 121 24
22 60 24
23 5 24
23 64 24
24 111 24
26 26 24
26 16 24
26 82 24
27 92 24
27 35 24
27 122 24
27 75 24
28 28 24
28 80 24
28 57 24
28 24 24
28 40 24
29 61 24
30 10 24
31 31 24
31 124 24
31 47 24
32 32 24
32 110 24
32 54 24
32 97 24
34 11 24
34 57 24
34 44 24
35 74 24
35 124 24
35 134 24
36 88 24
36 44 24
36 137 24
38 64 24
38 75 24
39 39 24
40 65 24
41 132 24
42 88 24
42 37 24
42 22 24
42 26 24
43 82 24
43 142 24
43 57 24
43 84 24
44 23 24
44 70 24
45 45 24
45 134 24
46 40 24
46 145 24
47 77 24
47 30 24
47 137 24
47 67 24
48 36 24
48 80 24
49 74 24
49 78 24
49 41 24
49 44 24
49 80 24
49 66 24
50 130 24
50 21 24
51 65 24
55 47 24
55 149 24
55 97 24
55 2 24
55 95 24
55 71 24
56 56 24
56 137 24
56 122 24
56 57 24
56 74 24
56 92 24
56 55 24
57 74 24
57 77 24
57 45 24
57 86 24
57 34 24
57 61 24
57 47 24
57 56 24
58 32 24
58 72 24
59 57 24
60 126 24
61 67 24
61 112 24
61 133 24
62 1 24
63 91 24
63 118 24
63 95 24
64 64 24
64 15 24
65 125 24
65 30 24
65 119 24
65 28 24
65 46 24
66 64 24
66 87 24
66 54 24
66 11 24
67 139 24
67 82 24
68 68 24
68 45 24
68 63 24
68 38 24
69 69 24
69 56 24
69 116 24
69 30 24
69 118 24
69 136 24
71 119 24
72 19 24
72 116 24
73 66 24
73 111 24
73 120 24
74 75 24
74 125 24
74 81 24
75 110 24
75 88 24
75 92 24
76 76 24
76 98 24
77 77 24
77 134 24
77 63 24
78 2 24
78 96 24
79 8 24
80 121 24
81 133 24
81 117 24
82 31 24
82 67 24
83 83 24
83 30 24
83 120 24
84 105 24
84 138 24
85 61 24
85 114 24
86 111 24
86 87 24
87 147 24
87 136 24
87 99 24
87 131 24
88 88 24
88 95 24
88 76 24
89 121 24
90 97 24
90 87 24
91 140 24
91 88 24
92 96 24
92 22 24
92 150 24
93 20 24
93 136 24
94 24 24
96 112 24
96 15 24
97 128 24
97 137 24
97 140 24
97 32 24
97 102 24
98 40 24
98 25 24
98 76 24
98 85 24
99 67 24
99 103 24
99 47 24
100 1 24
100 80 24
100 56 24
101 60 24
101 107 24
101 115 24
101 29 24
102 81 24
103 127 24
103 112 24
104 8 24
104 17 24
105 138 24
106 29 24
106 114 24
106 74 24
106 130 24
107 59 24
107 20 24
108 39 24
108 24 24
109 45 24
110 60 24
110 31 24
110 54 24
111 78 24
111 90 24
111 84 24
112 46 24
112 92 24
112 31 24
113 85 24
113 94 24
113 102 24
114 47 24
114 14 24
115 115 24
115 65 24
115 128 24
116 40 24
116 35 24
116 133 24
116 66 24
116 74 24
117 143 24
117 138 24
117 50 24
117 63 24
117 34 24
117 94 24
118 24 24
118 149 24
118 14 24
118 87 24
118 127 24
119 30 24
120 111 24
120 58 24
120 11 24
121 119 24
121 61 24
121 9 24
121 87 24
122 137 24
123 70 24
123 119 24
123 87 24
123 141 24
124 6 24
124 116 24
125 98 24
127 127 24
127 50 24
128 113 24
129 106 24
129 53 24
130 128 24
130 48 24
133 115 24
133 39 24
133 1 24
133 65 24
133 139 24
134 127 24
135 26 24
135 47 24
135 50 24
135 31 24
135 111 24
136 134 24
136 141 24
136 85 24
137 3 24
137 83 24
137 68 24
137 114 24
138 50 24
138 10 24
138 79 24
138 56 24
138 65 24
139 93 24
140 83 24
140 82 24
142 23 24
142 135 24
142 8 24
142 81 24
142 90 24
142 76 24
143 61 24
143 60 24
143 87 24
144 13 24
144 56 24
145 115 24
145 67 24
146 113 24
146 19 24
146 135 24
146 22 24
147 27 24
147 120 24
147 129 24
147 142 24
147 11 24
148 132 24
148 126 24
149 51 24
150 101 24
150 126 24
1 1 25
1 72 25
1 128 25
2 16 25
3 3 25
3 74 25
4 2 25
4 0 25
4 103 25
4 100 25
4 120 25
4 69 25
5 132 25
5 95 25
5 88 25
6 109 25
6 86 25
6 78 25
7 147 25
7 21 25
7 91 25
8 22 25
8 102 25
9 101 25
9 23 25
10 10 25
10 134 25
10 54 25
10 127 25
10 150 25
11 124 25
11 52 25
11 84 25
11 147 25
11 3 25
13 37 25
13 65 25
13 85 25
13 48 25
13 6 25
14 89 25
15 149 25
15 96 25
15 128 25
15 98 25
17 14 25
18 127 25
20 69 25
20 14 25
20 23 25
20 52 25
21 75 25
21 11 25
21 141 25
22 66 25
22 134 25
22 111 25
23 23 25
24 142 25
24 73 25
24 4 25
25 33 25
28 58 25
28 4 25
29 91 25
29 81 25
29 129 25
31 74 25
31 119 25
31 66 25
34 64 25
34 125 25
34 47 25
35 8 25
35 18 25
35 63 25
36 91 25
36 102 25
36 69 25
37 7 25
37 20 25
37 84 25
37 150 25
39 39 25
40 7 25
41 19 25
41 60 25
42 20 25
42 5 25
44 94 25
44 55 25
45 45 25
46 48 25
46 63 25
46 88 25
47 91 25
47 115 25
47 101 25
49 72 25
50 6 25
50 122 25
50 51 25
50 76 25
51 80 25
51 128 25
51 61 25
52 37 25
52 41 25
52 111 25
53 59 25
54 6 25
55 65 25
56 56 25
56 122 25
57 73 25
58 17 25
58 146 25
58 79 25
59 86 25
59 8 25
60 30 25
60 80 25
60 134 25
62 76 25
62 73 25
63 22 25
64 14 25
64 71 25
64 56 25
64 35 25
64 39 25
65 21 25
65 93 25
67 104 25
67 121 25
67 11 25
68 68 25
68 21 25
71 132 25
72 73 25
72 104 25
73 77 25
74 0 25
74 27 25
74 42 25
76 74 25
76 121 25
77 77 25
77 35 25
78 118 25
78 86 25
78 99 25
79 99 25
79 25 25
79 8 25
81 0 25
81 107 25
82 29 25
83 83 25
84 134 25
84 126 25
85 8 25
85 129 25
86 88 25
86 115 25
86 83 25
86 146 25
86 57 25
87 37 25
88 88 25
90 76 25
90 100 25
91 107 25
91 41 25
92 9 25
93 68 25
93 46 25
93 85 25
94 80 25
95 109 25
95 8 25
95 102 25
95 80 25
95 137 25
96 6 25
96 56 25
97 143 25
98 86 25
99 88 25
99 149 25
99 112 25
100 10 25
100 105 25
101 147 25
102 119 25
103 44 25
104 59 25
105 84 25
106 124 25
107 105 25
107 17 25
108 99 25
108 16 25
109 33 25
109 81 25
110 19 25
110 103 25
110 142 25
111 92 25
111 11 25
111 36 25
112 116 25
112 105 25
113 9 25
113 13 25
113 143 25
114 127 25
114 89 25
115 146 25
116 61 25
117 26 25
117 85 25
117 69 25
118 115 25
119 78 25
119 50 25
119 146 25
120 5 25
121 76 25
122 75 25
122 136 25
123 121 25
124 124 25
124 132 25
125 114 25
125 150 25
126 32 25
126 0 25
126 79 25
127 127 25
127 52 25
127 138 25
127 110 25
128 18 25
128 82 25
128 3 25
129 43 25
130 65 25
131 130 25
132 25 25
132 148 25
132 67 25
133 15 25
134 21 25
134 104 25
135 61 25
136 149 25
138 93 25
139 90 25
140 42 25
140 101 25
141 72 25
141 27 25
141 52 25
143 135 25
143 110 25
143 96 25
144 23 25
144 78 25
145 88 25
147 67 25
148 4 25
148 6 25
148 125 25
150 84 25
0 81 26
0 120 26
0 74 26
1 40 26
1 141 26
2 55 26
3 29 26
4 103 26
6 19 26
6 147 26
7 20 26
7 29 26
8 8 26
8 5 26
9 72 26
9 15 26
10 99 26
11 67 26
12 116 26
12 21 26
12 78 26
12 82 26
13 83 26
13 123 26
13 132 26
14 140 26
15 85 26
15 144 26
16 32 26
17 17 26
17 30 26
17 51 26
18 18 26
18 121 26
19 115 26
19 3 26
20 71 26
20 73 26
21 117 26
22 22 26
22 33 26
23 95 26
23 15 26
23 88 26
23 0 26
23 39 26
24 9 26
24 2 26
25 141 26
25 58 26
25 135 26
26 105 26
26 115 26
27 130 26
27 75 26
29 105 26
29 68 26
29 22 26
29 60 26
29 64 26
30 120 26
30 140 26
31 88 26
31 86 26
32 6 26
33 10 26
33 68 26
33 116 26
34 37 26
34 103 26
34 49 26
35 96 26
35 62 26
35 59 26
35 120 26
35 31 26
36 36 26
37 103 26
37 40 26
39 85 26
39 149 26
40 147 26
41 97 26
41 42 26
41 103 26
42 83 26
42 85 26
42 144 26
43 22 26
44 117 26
45 45 26
46 39 26
47 116 26
48 29 26
48 101 26
48 76 26
48 82 26
48 123 26
50 45 26
50 51 26
50 141 26
51 36 26
51 102 26
51 58 26
51 112 26
52 42 26
53 106 26
54 122 26
54 119 26
54 91 26
54 38 26
55 74 26
55 128 26
56 56 26
56 30 26
56 39 26
56 66 26
56 36 26
57 12 26
58 129 26
58 108 26
58 141 26
58 136 26
59 4 26
60 76 26
60 78 26
60 138 26
60 51 26
61 2 26
61 66 26
62 62 26
63 129 26
64 14 26
64 137 26
64 63 26
65 108 26
65 112 26
65 7 26
66 130 26
66 10 26
66 101 26
67 29 26
67 139 26
68 2 26
68 13 26
69 46 26
69 70 26
70 101 26
71 53 26
71 112 26
71 114 26
72 75 26
72 99 26
74 35 26
74 76 26
74 140 26
74 5 26
75 26 26
76 75 26
77 3 26
78 63 26
78 56 26
79 101 26
81 65 26
81 95 26
82 85 26
82 16 26
83 83 26
83 139 26
84 66 26
84 21 26
84 91 26
85 129 26
85 133 26
86 88 26
86 141 26
86 143 26
87 82 26
87 5 26
87 117 26
88 136 26
88 103 26
89 32 26
89 105 26
90 71 26
90 43 26
90 31 26
91 81 26
92 135 26
92 55 26
94 133 26
94 121 26
94 116 26
94 104 26
95 106 26
96 72 26
97 70 26
98 10 26
98 122 26
99 3 26
99 62 26
100 35 26
101 112 26
101 82 26
102 49 26
102 51 26
102 14 26
103 60 26
103 99 26
104 123 26
104 127 26
104 51 26
104 115 26
104 44 26
104 46 26
105 49 26
106 102 26
106 69 26
106 66 26
108 49 26
108 89 26
108 119 26
110 13 26
110 108 26
111 103 26
111 89 26
111 98 26
111 150 26
112 120 26
112 3 26
112 119 26
113 32 26
113 47 26
114 106 26
114 96 26
116 101 26
116 48 26
116 137 26
118 34 26
118 139 26
119 88 26
119 109 26
120 131 26
120 103 26
121 41 26
121 33 26
122 92 26
122 84 26
123 12 26
124 141 26
124 134 26
125 37 26
125 103 26
126 30 26
126 44 26
127 127 26
127 116 26
127 44 26
128 103 26
128 20 26
128 129 26
129 63 26
129 94 26
130 107 26
131 92 26
132 96 26
132 148 26
132 115 26
133 141 26
133 90 26
133 25 26
134 89 26
134 119 26
135 149 26
135 61 26
135 6 26
135 70 26
136 32 26
137 77 26
137 6 26
137 125 26
138 137 26
138 146 26
139 55 26
139 69 26
140 94 26
140 96 26
141 42 26
141 117 26
141 149 26
142 142 26
142 144 26
142 90 26
142 99 26
143 143 26
143 32 26
143 141 26
143 6 26
144 120 26
144 62 26
144 135 26
145 126 26
145 87 26
147 32 26
148 150 26
148 51 26
148 55 26
148 109 26
150 45 26
150 97 26
150 44 26
150 16 26
0 121 27
0 106 27
0 32 27
0 45 27
0 118 27
0 15 27
1 147 27
1 6 27
2 53 27
2 84 27
3 3 27
3 9 27
3 112 27
3 70 27
3 55 27
3 132 27
3 29 27
4 128 27
4 41 27
5 57 27
6 68 27
6 36 27
6 142 27
6 2 27
7 63 27
7 32 27
7 45 27
8 8 27
8 0 27
8 59 27
8 91 27
8 144 27
9 17 27
9 137 27
10 141 27
10 10 27
10 109 27
10 116 27
10 82 27
11 55 27
11 14 27
11 129 27
11 124 27
11 128 27
11 52 27
11 1 27
11 19 27
12 37 27
12 93 27
12 97 27
12 148 27
13 119 27
13 80 27
13 43 27
14 14 27
14 28 27
14 23 27
14 142 27
14 16 27
15 100 27
15 40 27
15 138 27
16 22 27
17 61 27
17 145 27
17 142 27
18 118 27
18 114 27
18 145 27
18 9 27
19 19 27
19 112 27
19 21 27
19 6 27
19 117 27
20 20 27
20 80 27
20 15 27
20 41 27
20 40 27
20 142 27
21 7 27
22 45 27
22 143 27
22 22 27
22 101 27
22 26 27
22 16 27
22 113 27
23 43 27
23 32 27
23 128 27
23 146 27
24 105 27
25 47 27
25 17 27
26 132 27
26 95 27
26 72 27
26 106 27
26 74 27
27 27 27
27 54 27
27 113 27
28 28 27
28 74 27
29 27 27
29 114 27
29 108 27
29 19 27
30 130 27
30 97 27
30 2 27
31 130 27
31 101 27
31 110 27
31 87 27
31 44 27
32 143 27
32 2 27
32 109 27
32 108 27
32 43 27
32 19 27
32 23 27
33 136 27
33 93 27
34 34 27
34 71 27
34 112 27
34 69 27
35 45 27
35 110 27
35 66 27
36 60 27
36 25 27
36 119 27
37 127 27
37 121 27
38 97 27
38 69 27
38 128 27
38 44 27
38 5 27
39 47 27
39 32 27
39 88 27
39 110 27
40 67 27
40 47 27
40 13 27
41 41 27
41 131 27
41 96 27
41 11 27
42 77 27
42 136 27
42 26 27
42 119 27
43 128 27
43 146 27
43 11 27
43 76 27
43 148 27
43 92 27
44 128 27
45 45 27
45 99 27
45 118 27
45 33 27
46 103 27
46 136 27
46 23 27
47 107 27
47 115 27
47 83 27
47 31 27
48 37 27
48 135 27
48 8 27
48 91 27
49 84 27
49 50 27
49 104 27
49 39 27
50 14 27
50 130 27
50 114 27
51 122 27
51 78 27
52 32 27
52 59 27
52 11 27
52 76 27
52 65 27
53 119 27
53 15 27
53 140 27
54 148 27
54 44 27
54 25 27
54 38 27
55 79 27
55 47 27
55 19 27
55 37 27
55 4 27
55 34 27
56 56 27
56 16 27
56 130 27
56 13 27
56 77 27
57 57 27
57 74 27
57 65 27
57 150 27
57 24 27
57 23 27
58 47 27
58 56 27
58 42 27
58 149 27
58 5 27
58 14 27
58 25 27
59 54 27
59 34 27
59 70 27
59 47 27
60 142 27
60 25 27
60 112 27
60 66 27
61 71 27
61 149 27
61 14 27
62 73 27
62 48 27
62 32 27
63 114 27
63 63 27
63 28 27
63 126 27
63 110 27
63 90 27
64 43 27
64 102 27
64 105 27
65 85 27
66 24 27
66 3 27
66 7 27
66 90 27
67 114 27
67 121 27
68 83 27
68 116 27
68 120 27
68 61 27
69 124 27
70 127 27
70 62 27
70 103 27
70 97 27
70 60 27
71 103 27
72 120 27
72 73 27
73 41 27
73 141 27
73 122 27
73 84 27
74 47 27
74 74 27
74 10 27
74 36 27
75 123 27
75 107 27
75 82 27
75 41 27
75 77 27
76 107 27
76 1 27
77 13 27
77 72 27
77 2 27
78 129 27
79 60 27
79 19 27
79 9 27
80 5 27
80 143 27
80 111 27
81 81 27
81 85 27
81 56 27
83 83 27
83 120 27
84 70 27
85 9 27
85 49 27
86 118 27
86 117 27
86 32 27
86 119 27
86 54 27
87 23 27
88 142 27
89 44 27
89 85 27
89 121 27
89 111 27
90 112 27
91 14 27
92 6 27
92 79 27
92 64 27
92 45 27
92 127 27
92 76 27
92 28 27
92 148 27
93 14 27
93 143 27
93 64 27
93 86 27
93 147 27
93 132 27
94 149 27
94 49 27
95 105 27
95 132 27
95 5 27
96 91 27
96 31 27
96 39 27
96 141 27
97 97 27
97 35 27
97 147 27
97 6 27
97 144 27
97 22 27
98 139 27
98 4 27
98 69 27
98 73 27
98 150 27
98 136 27
99 37 27
99 110 27
99 133 27
99 128 27
100 86 27
101 145 27
101 110 27
101 100 27
102 10 27
102 75 27
102 9 27
102 39 27
104 75 27
104 124 27
104 100 27
105 28 27
105 106 27
106 131 27
106 89 27
107 98 27
107 52 27
107 79 27
107 92 27
107 49 27
108 15 27
108 116 27
108 115 27
109 0 27
109 115 27
109 55 27
109 38 27
110 61 27
110 142 27
110 43 27
111 70 27
112 74 27
112 0 27
112 106 27
112 59 27
112 29 27
112 104 27
113 21 27
113 124 27
113 48 27
113 78 27
114 63 27
114 131 27
115 56 27
115 81 27
116 67 27
116 53 27
116 118 27
116 135 27
116 110 27
116 73 27
117 116 27
117 57 27
117 52 27
119 35 27
119 76 27
119 0 27
120 30 27
120 16 27
120 62 27
121 118 27
121 79 27
121 14 27
122 25 27
122 64 27
122 125 27
122 138 27
123 70 27
123 88 27
123 33 27
123 37 27
123 63 27
124 31 27
125 101 27
125 55 27
125 41 27
126 94 27
126 17 27
126 129 27
126 131 27
127 127 27
127 63 27
127 81 27
127 66 27
127 32 27
128 149 27
128 101 27
128 6 27
128 52 27
128 24 27
128 51 27
129 43 27
129 131 27
129 42 27
129 116 27
129 110 27
129 30 27
129 34 27
130 69 27
130 38 27
130 107 27
131 144 27
131 48 27
131 150 27
132 60 27
132 115 27
132 124 27
132 63 27
133 58 27
133 7 27
133 70 27
134 80 27
134 51 27
134 7 27
134 99 27
135 146 27
135 88 27
135 65 27
135 83 27
136 143 27
137 137 27
137 145 27
137 90 27
137 40 27
137 58 27
138 40 27
138 90 27
139 31 27
139 43 27
139 11 27
139 24 27
139 57 27
140 140 27
140 123 27
140 107 27
140 41 27
141 138 27
141 142 27
141 99 27
142 142 27
142 41 27
142 54 27
142 58 27
142 131 27
143 143 27
143 112 27
143 65 27
143 149 27
143 124 27
144 144 27
146 46 27
146 18 27
147 52 27
148 24 27
148 53 27
149 31 27
149 118 27
149 131 27
149 60 27
149 101 27
0 93 28
0 56 28
0 18 28
0 22 28
0 129 28
0 109 28
1 72 28
1 42 28
1 140 28
1 14 28
1 144 28
1 18 28
2 73 28
3 101 28
3 54 28
4 109 28
4 33 28
4 14 28
4 98 28
4 50 28
5 52 28
6 6 28
6 149 28
6 68 28
6 89 28
7 89 28
7 64 28
7 27 28
8 8 28
8 134 28
9 29 28
9 113 28
9 35 28
10 10 28
10 141 28
10 124 28
11 25 28
11 140 28
12 73 28
12 119 28
13 128 28
13 75 28
13 141 28
13 117 28
14 139 28
14 143 28
14 25 28
14 146 28
14 72 28
15 146 28
15 105 28
15 97 28
15 60 28
15 8 28
16 138 28
16 95 28
16 98 28
17 57 28
17 122 28
17 79 28
17 78 28
17 18 28
17 3 28
17 30 28
17 128 28
17 105 28
18 29 28
18 126 28
18 64 28
19 115 28
19 94 28
20 8 28
20 67 28
20 98 28
21 35 28
21 141 28
21 5 28
22 22 28
22 18 28
22 121 28
22 106 28
22 136 28
22 89 28
23 113 28
23 150 28
23 93 28
23 142 28
24 40 28
25 124 28
25 29 28
25 142 28
25 62 28
26 43 28
26 126 28
26 111 28
26 44 28
27 120 28
27 60 28
29 29 28
29 110 28
29 112 28
30 121 28
30 13 28
30 128 28
30 136 28
31 28 28
31 18 28
31 27 28
31 35 28
31 105 28
32 136 28
32 65 28
32 130 28
33 60 28
33 124 28
33 114 28
33 52 28
34 138 28
34 91 28
34 76 28
34 28 28
34 97 28
35 63 28
35 49 28
35 44 28
35 124 28
35 141 28
35 10 28
35 23 28
35 148 28
36 70 28
36 150 28
36 102 28
36 115 28
37 12 28
37 23 28
38 46 28
38 82 28
38 136 28
38 5 28
39 112 28
39 19 28
39 0 28
39 12 28
40 104 28
40 19 28
40 87 28
41 99 28
41 150 28
42 124 28
42 142 28
43 87 28
43 86 28
43 37 28
43 124 28
44 112 28
44 98 28
44 36 28
44 45 28
44 147 28
45 45 28
45 18 28
46 41 28
47 27 28
47 91 28
48 131 28
49 4 28
49 133 28
49 80 28
50 14 28
50 144 28
51 9 28
52 27 28
52 13 28
52 96 28
52 100 28
53 85 28
53 38 28
53 9 28
53 111 28
54 26 28
54 44 28
54 138 28
55 121 28
55 139 28
55 17 28
56 56 28
56 118 28
56 32 28
56 148 28
56 26 28
56 35 28
57 60 28
57 63 28
58 116 28
58 49 28
59 12 28
59 52 28
59 126 28
60 121 28
60 90 28
61 91 28
61 19 28
61 64 28
61 2 28
62 12 28
62 135 28
63 45 28
63 80 28
63 48 28
64 92 28
67 77 28
68 68 28
68 58 28
68 138 28
68 100 28
68 99 28
68 140 28
69 36 28
69 49 28
70 54 28
71 1 28
71 19 28
71 83 28
71 68 28
72 69 28
72 86 28
73 91 28
73 44 28
73 7 28
73 20 28
73 112 28
74 139 28
74 78 28
74 96 28
74 30 28
76 119 28
76 130 28
77 5 28
77 0 28
77 124 28
77 142 28
78 58 28
78 13 28
78 115 28
79 126 28
79 77 28
79 25 28
79 100 28
80 94 28
80 75 28
80 93 28
80 126 28
80 116 28
80 68 28
80 48 28
80 128 28
81 81 28
81 45 28
81 10 28
81 89 28
81 135 28
82 50 28
82 25 28
82 52 28
83 83 28
83 15 28
83 147 28
84 59 28
84 31 28
84 2 28
84 150 28
84 112 28
85 32 28
85 135 28
85 107 28
85 86 28
85 7 28
86 21 28
86 114 28
86 47 28
86 46 28
86 88 28
86 91 28
87 103 28
88 88 28
88 66 28
88 51 28
88 39 28
89 123 28
89 117 28
89 73 28
91 91 28
91 20 28
91 132 28
91 0 28
91 107 28
92 46 28
92 50 28
92 63 28
92 109 28
92 93 28
93 51 28
94 7 28
94 113 28
94 81 28
94 116 28
94 97 28
95 16 28
95 75 28
95 51 28
96 96 28
96 124 28
96 11 28
97 97 28
97 26 28
97 140 28
97 148 28
98 72 28
98 52 28
99 106 28
99 30 28
99 16 28
99 34 28
100 83 28
100 73 28
100 137 28
100 146 28
100 132 28
100 135 28
101 8 28
101 55 28
102 1 28
102 90 28
102 94 28
102 38 28
102 148 28
102 3 28
102 100 28
103 110 28
103 73 28
103 71 28
105 31 28
105 20 28
105 23 28
106 40 28
106 21 28
106 126 28
107 71 28
107 60 28
107 139 28
107 87 28
107 72 28
107 26 28
108 128 28
108 123 28
108 95 28
108 28 28
108 129 28
109 135 28
109 141 28
110 88 28
110 27 28
110 12 28
110 137 28
111 30 28
111 104 28
111 33 28
112 105 28
112 67 28
113 28 28
113 92 28
114 17 28
114 2 28
114 84 28
114 79 28
114 135 28
115 87 28
115 35 28
116 116 28
116 103 28
116 66 28
116 42 28
116 51 28
116 130 28
117 138 28
117 110 28
117 86 28
117 6 28
118 14 28
118 129 28
118 48 28
119 42 28
120 50 28
120 3 28
121 22 28
122 122 28
122 77 28
122 63 28
122 21 28
122 20 28
122 69 28
122 148 28
123 148 28
123 97 28
123 68 28
123 104 28
124 142 28
124 119 28
126 110 28
126 73 28
126 113 28
127 127 28
127 34 28
127 95 28
127 33 28
127 125 28
128 138 28
128 124 28
128 118 28
128 76 28
129 108 28
129 112 28
129 4 28
129 72 28
129 30 28
129 142 28
130 12 28
131 144 28
131 142 28
131 38 28
132 150 28
132 3 28
133 143 28
133 8 28
133 131 28
134 73 28
134 68 28
134 17 28
134 123 28
134 6 28
135 94 28
135 50 28
135 106 28
136 8 28
136 104 28
137 137 28
137 117 28
137 43 28
137 135 28
137 7 28
138 87 28
138 126 28
138 112 28
139 111 28
139 97 28
139 66 28
139 70 28
140 88 28
140 139 28
141 81 28
141 39 28
141 150 28
141 1 28
141 102 28
141 36 28
142 91 28
142 84 28
142 46 28
142 149 28
142 122 28
143 140 28
143 143 28
143 63 28
143 133 28
143 92 28
144 40 28
144 76 28
144 71 28
144 148 28
145 90 28
145 70 28
145 34 28
146 11 28
146 111 28
147 41 28
147 13 28
147 123 28
147 135 28
147 74 28
148 64 28
149 35 28
149 118 28
149 17 28
150 101 28
150 63 28
150 11 28
150 29 28
150 140 28
0 30 29
0 42 29
0 122 29
1 2 29
1 1 29
1 76 29
1 65 29
1 126 29
1 112 29
1 13 29
1 138 29
1 132 29
2 137 29
2 119 29
2 100 29
2 127 29
2 58 29
2 88 29
3 3 29
3 37 29
3 126 29
3 13 29
3 123 29
3 118 29
3 94 29
4 69 29
4 21 29
4 115 29
4 124 29
4 110 29
5 122 29
5 38 29
6 48 29
6 150 29
6 148 29
6 25 29
6 109 29
7 123 29
7 86 29
7 20 29
7 68 29
8 8 29
8 121 29
8 70 29
8 104 29
8 113 29
8 24 29
8 144 29
9 140 29
9 42 29
10 10 29
10 26 29
10 44 29
10 11 29
10 86 29
10 99 29
10 130 29
11 55 29
11 59 29
11 54 29
11 115 29
11 132 29
11 99 29
11 53 29
11 6 29
11 136 29
12 62 29
12 104 29
12 105 29
12 80 29
12 57 29
12 136 29
12 1 29
12 73 29
13 64 29
13 84 29
14 33 29
14 22 29
14 129 29
14 142 29
14 2 29
14 53 29
14 70 29
15 94 29
15 103 29
15 71 29
15 80 29
15 40 29
15 138 29
16 59 29
16 110 29
16 116 29
17 17 29
17 94 29
17 29 29
17 60 29
17 96 29
17 114 29
18 18 29
18 44 29
18 42 29
18 98 29
19 17 29
19 52 29
19 1 29
19 28 29
20 20 29
20 61 29
20 56 29
20 42 29
20 78 29
20 45 29
20 141 29
21 17 29
21 85 29
21 43 29
22 22 29
22 139 29
22 77 29
22 2 29
22 76 29
23 62 29
23 122 29
23 41 29
24 17 29
24 6 29
24 72 29
24 15 29
24 144 29
24 18 29
24 112 29
24 98 29
24 107 29
25 127 29
25 9 29
25 94 29
25 92 29
25 35 29
26 114 29
27 27 29
27 73 29
27 102 29
27 31 29
27 124 29
28 24 29
28 149 29
28 21 29
29 29 29
29 8 29
29 90 29
29 101 29
30 30 29
30 4 29
30 60 29
30 41 29
30 35 29
30 44 29
30 89 29
30 39 29
31 31 29
31 72 29
31 67 29
31 57 29
31 4 29
31 41 29
31 3 29
31 132 29
32 121 29
32 60 29
32 24 29
33 40 29
33 2 29
34 17 29
34 72 29
34 108 29
34 23 29
34 143 29
35 59 29
35 6 29
35 136 29
35 0 29
35 120 29
36 53 29
36 47 29
36 24 29
36 18 29
36 79 29
36 69 29
36 46 29
37 60 29
37 55 29
37 68 29
37 31 29
38 113 29
38 136 29
38 19 29
39 39 29
39 48 29
39 29 29
39 88 29
39 59 29
39 63 29
40 66 29
40 150 29
40 130 29
41 129 29
41 79 29
41 68 29
41 38 29
42 90 29
42 76 29
42 141 29
42 9 29
43 43 29
43 50 29
43 25 29
43 84 29
43 29 29
43 124 29
44 136 29
44 14 29
44 23 29
44 107 29
44 115 29
44 31 29
44 40 29
44 124 29
45 45 29
45 118 29
45 90 29
45 99 29
45 53 29
45 80 29
45 4 29
45 88 29
45 46 29
46 120 29
46 97 29
46 64 29
46 138 29
46 62 29
46 24 29
47 71 29
47 65 29
47 131 29
47 126 29
47 133 29
48 147 29
48 51 29
48 8 29
48 110 29
48 91 29
48 77 29
49 126 29
49 103 29
49 143 29
49 108 29
50 113 29
50 62 29
50 24 29
50 116 29
50 83 29
51 86 29
51 26 29
51 104 29
51 85 29
51 8 29
51 120 29
52 140 29
52 60 29
52 78 29
52 45 29
52 54 29
52 113 29
52 117 29
52 47 29
53 61 29
53 126 29
53 87 29
53 50 29
53 40 29
54 54 29
54 110 29
54 132 29
54 81 29
54 145 29
55 55 29
55 124 29
55 136 29
56 56 29
56 12 29
56 108 29
56 67 29
56 140 29
56 23 29
56 125 29
56 46 29
56 82 29
57 57 29
57 120 29
57 106 29
57 91 29
57 50 29
57 1 29
57 122 29
58 84 29
58 131 29
58 5 29
58 72 29
58 53 29
58 21 29
58 11 29
58 118 29
59 32 29
59 132 29
59 100 29
59 58 29
59 24 29
60 46 29
60 5 29
60 124 29
60 137 29
60 123 29
61 80 29
61 56 29
61 69 29
61 59 29
61 49 29
61 114 29
62 62 29
62 78 29
62 17 29
62 35 29
62 104 29
63 24 29
63 55 29
64 140 29
64 0 29
64 105 29
64 49 29
64 26 29
65 73 29
65 63 29
65 44 29
65 140 29
65 41 29
65 144 29
66 89 29
66 13 29
66 74 29
66 137 29
67 67 29
67 57 29
67 70 29
67 56 29
67 0 29
67 121 29
67 96 29
68 88 29
68 31 29
68 52 29
68 51 29
69 77 29
69 11 29
70 100 29
70 71 29
70 18 29
71 144 29
71 71 29
71 129 29
71 78 29
71 128 29
71 132 29
72 72 29
72 137 29
72 15 29
72 93 29
72 36 29
72 44 29
73 2 29
73 105 29
73 80 29
73 43 29
73 65 29
73 15 29
73 5 29
74 14 29
74 0 29
74 58 29
74 86 29
74 71 29
75 104 29
75 113 29
75 58 29
75 93 29
75 106 29
75 92 29
75 55 29
75 36 29
76 134 29
76 120 29
76 58 29
76 15 29
76 1 29
76 113 29
76 42 29
76 140 29
76 148 29
77 108 29
77 42 29
77 60 29
77 110 29
77 68 29
77 21 29
77 127 29
78 85 29
78 52 29
78 150 29
78 18 29
78 125 29
79 44 29
79 57 29
80 90 29
80 99 29
80 63 29
80 119 29
80 136 29
81 81 29
81 16 29
81 145 29
81 0 29
82 37 29
82 3 29
82 146 29
83 83 29
83 124 29
83 127 29
83 51 29
83 49 29
83 53 29
84 139 29
85 139 29
85 125 29
85 95 29
85 90 29
85 89 29
86 53 29
86 103 29
86 84 29
86 42 29
86 130 29
86 87 29
86 55 29
87 143 29
87 8 29
87 17 29
87 15 29
88 88 29
88 85 29
88 121 29
88 63 29
88 20 29
89 121 29
89 73 29
90 5 29
90 18 29
90 13 29
90 50 29
90 25 29
91 138 29
91 91 29
91 128 29
91 131 29
91 94 29
91 42 29
91 101 29
91 77 29
91 63 29
92 41 29
92 44 29
92 109 29
92 94 29
92 66 29
92 140 29
92 102 29
93 27 29
93 64 29
93 53 29
93 126 29
94 119 29
94 136 29
94 14 29
95 86 29
95 99 29
95 145 29
95 149 29
95 41 29
96 96 29
96 80 29
96 121 29
96 125 29
96 64 29
96 50 29
97 97 29
97 136 29
97 113 29
97 37 29
97 77 29
98 44 29
98 23 29
98 11 29
98 84 29
98 88 29
99 76 29
99 52 29
99 0 29
99 92 29
99 49 29
100 119 29
100 3 29
100 11 29
100 95 29
100 90 29
100 46 29
100 9 29
101 101 29
101 33 29
101 102 29
101 92 29
101 119 29
101 63 29
101 12 29
101 150 29
101 95 29
102 76 29
102 71 29
102 57 29
102 75 29
102 42 29
102 22 29
102 101 29
102 53 29
103 138 29
103 91 29
103 44 29
103 62 29
103 2 29
103 123 29
103 99 29
103 107 29
104 52 29
104 130 29
104 120 29
104 35 29
104 39 29
104 16 29
104 11 29
105 63 29
105 59 29
106 50 29
106 59 29
106 36 29
106 1 29
106 131 29
106 75 29
106 79 29
107 42 29
107 135 29
107 148 29
107 78 29
108 16 29
108 91 29
108 117 29
108 135 29
108 88 29
109 116 29
109 92 29
109 90 29
109 99 29
109 84 29
109 70 29
110 141 29
110 131 29
110 65 29
110 92 29
110 78 29
110 16 29
110 34 29
111 111 29
111 105 29
111 67 29
112 116 29
112 102 29
112 97 29
112 106 29
112 82 29
112 77 29
112 63 29
112 49 29
112 12 29
112 131 29
112 126 29
113 104 29
113 62 29
113 145 29
113 130 29
113 4 29
114 114 29
114 76 29
114 70 29
114 27 29
115 89 29
115 56 29
115 28 29
115 64 29
115 67 29
115 25 29
116 116 29
116 11 29
116 75 29
116 64 29
117 55 29
117 4 29
117 143 29
117 100 29
117 48 29
118 122 29
118 103 29
118 149 29
118 40 29
119 77 29
119 107 29
119 149 29
119 143 29
120 102 29
120 68 29
120 86 29
120 2 29
120 20 29
120 90 29
120 80 29
121 121 29
121 109 29
121 105 29
121 50 29
122 80 29
122 42 29
122 14 29
122 138 29
123 37 29
123 46 29
123 133 29
123 119 29
123 72 29
123 94 29
124 109 29
124 33 29
124 19 29
124 41 29
124 27 29
124 110 29
125 81 29
125 50 29
125 58 29
125 1 29
125 52 29
125 41 29
126 70 29
126 78 29
126 10 29
126 113 29
126 131 29
127 127 29
127 142 29
127 93 29
127 59 29
128 27 29
128 68 29
129 129 29
129 6 29
129 80 29
129 55 29
129 22 29
129 87 29
129 68 29
129 53 29
129 30 29
130 36 29
130 95 29
130 52 29
131 60 29
131 4 29
131 142 29
131 7 29
131 118 29
131 80 29
132 128 29
132 15 29
132 104 29
132 149 29
132 135 29
132 134 29
132 45 29
132 63 29
132 40 29
133 13 29
133 134 29
133 72 29
133 7 29
133 150 29
133 127 29
133 51 29
134 93 29
134 78 29
134 136 29
134 122 29
135 110 29
135 11 29
135 52 29
136 125 29
136 7 29
136 42 29
137 137 29
137 148 29
137 120 29
137 127 29
137 96 29
137 73 29
138 137 29
138 148 29
138 8 29
139 139 29
139 144 29
139 122 29
139 75 29
140 3 29
140 29 29
140 93 29
140 147 29
140 100 29
141 141 29
141 110 29
141 10 29
142 142 29
142 135 29
142 73 29
143 143 29
143 146 29
143 84 29
143 95 29
144 8 29
144 144 29
144 101 29
144 110 29
144 62 29
144 21 29
144 80 29
144 57 29
144 18 29
145 145 29
145 96 29
145 76 29
145 142 29
146 54 29
146 142 29
146 34 29
146 81 29
146 85 29
146 61 29
146 129 29
147 147 29
147 139 29
147 95 29
147 0 29
148 37 29
148 9 29
148 27 29
149 43 29
149 146 29
149 27 29
149 121 29
150 19 29
150 4 29
150 82 29
150 43 29
0 88 30
0 147 30
0 49 30
0 149 30
1 1 30
1 104 30
1 15 30
1 54 30
1 22 30
1 35 30
1 132 30
2 143 30
2 16 30
2 18 30
2 111 30
2 79 30
3 3 30
3 9 30
3 128 30
3 34 30
4 25 30
4 84 30
5 81 30
5 75 30
5 84 30
5 150 30
5 42 30
5 51 30
5 9 30
6 102 30
6 119 30
6 53 30
7 6 30
8 8 30
8 9 30
8 130 30
8 142 30
8 81 30
8 23 30
9 90 30
9 62 30
10 10 30
11 39 30
11 130 30
11 100 30
11 90 30
11 99 30
12 14 30
12 135 30
12 125 30
12 120 30
12 79 30
13 29 30
13 26 30
13 95 30
13 94 30
13 53 30
13 62 30
16 70 30
16 97 30
16 113 30
16 89 30
17 53 30
17 66 30
17 10 30
17 32 30
17 12 30
18 18 30
18 137 30
18 98 30
18 87 30
19 40 30
19 99 30
20 20 30
20 112 30
20 119 30
21 76 30
21 14 30
22 22 30
22 63 30
22 37 30
22 0 30
22 59 30
22 118 30
22 66 30
22 47 30
23 23 30
23 100 30
23 28 30
23 106 30
23 50 30
23 124 30
24 115 30
24 143 30
25 111 30
25 45 30
25 96 30
25 85 30
26 39 30
26 139 30
26 41 30
26 77 30
26 143 30
27 55 30
27 77 30
27 128 30
28 28 30
28 17 30
29 29 30
29 58 30
30 30 30
30 128 30
30 138 30
30 122 30
31 104 30
31 81 30
31 103 30
31 53 30
31 50 30
31 68 30
32 41 30
32 58 30
32 114 30
32 14 30
32 23 30
32 116 30
33 139 30
33 22 30
33 142 30
33 16 30
33 90 30
33 67 30
34 85 30
34 133 30
34 121 30
35 24 30
35 149 30
36 78 30
36 8 30
36 113 30
36 103 30
37 77 30
37 29 30
37 1 30
37 103 30
37 107 30
37 93 30
37 18 30
38 139 30
38 49 30
38 7 30
38 137 30
38 146 30
38 150 30
38 140 30
39 39 30
39 130 30
39 74 30
39 21 30
39 114 30
39 141 30
40 138 30
40 53 30
40 139 30
41 131 30
41 60 30
41 11 30
42 71 30
42 149 30
42 89 30
42 142 30
43 8 30
43 30 30
43 122 30
43 56 30
43 102 30
44 44 30
44 42 30
44 129 30
44 95 30
44 62 30
45 143 30
45 45 30
45 125 30
46 47 30
46 146 30
46 76 30
47 95 30
48 138 30
48 3 30
48 123 30
48 145 30
48 32 30
48 78 30
49 31 30
49 61 30
50 54 30
51 105 30
51 64 30
51 44 30
51 115 30
51 87 30
52 37 30
52 0 30
52 97 30
52 54 30
52 147 30
52 25 30
52 62 30
52 38 30
53 5 30
54 54 30
54 63 30
54 3 30
54 15 30
54 145 30
54 10 30
55 135 30
55 139 30
55 92 30
55 26 30
55 150 30
56 56 30
56 12 30
56 99 30
56 101 30
56 110 30
57 57 30
57 94 30
57 14 30
58 49 30
58 16 30
58 127 30
59 36 30
59 31 30
59 143 30
59 16 30
59 20 30
60 107 30
60 54 30
61 98 30
62 62 30
62 109 30
62 85 30
62 130 30
63 52 30
63 33 30
63 42 30
63 88 30
63 3 30
64 133 30
64 100 30
64 130 30
64 116 30
64 63 30
64 53 30
64 138 30
64 21 30
65 134 30
65 21 30
65 100 30
66 18 30
66 120 30
66 142 30
66 95 30
67 21 30
67 6 30
67 100 30
67 80 30
67 70 30
67 5 30
67 102 30
68 54 30
68 123 30
69 103 30
69 61 30
69 24 30
69 149 30
69 36 30
69 49 30
70 68 30
70 133 30
70 118 30
70 134 30
71 56 30
71 19 30
71 125 30
72 72 30
72 66 30
72 41 30
72 96 30
72 35 30
73 90 30
73 41 30
73 22 30
73 118 30
73 140 30
74 113 30
74 128 30
74 102 30
74 41 30
75 124 30
75 89 30
75 52 30
75 33 30
75 28 30
75 107 30
75 88 30
75 36 30
76 86 30
76 31 30
76 34 30
76 61 30
77 77 30
77 117 30
77 58 30
77 53 30
78 136 30
78 73 30
79 145 30
79 130 30
79 25 30
80 51 30
80 30 30
81 81 30
81 48 30
81 1 30
81 62 30
82 135 30
82 116 30
82 21 30
82 114 30
82 67 30
83 83 30
83 90 30
83 84 30
83 147 30
84 87 30
84 26 30
84 6 30
84 109 30
84 76 30
84 33 30
84 145 30
85 102 30
85 62 30
86 131 30
87 144 30
87 141 30
87 42 30
88 88 30
88 100 30
88 108 30
88 148 30
88 87 30
88 133 30
89 3 30
89 137 30
89 113 30
89 57 30
89 28 30
89 111 30
90 60 30
90 125 30
90 68 30
90 26 30
90 16 30
91 131 30
91 90 30
91 8 30
91 115 30
92 88 30
92 101 30
92 50 30
92 143 30
92 107 30
93 102 30
93 92 30
93 59 30
93 40 30
93 131 30
94 142 30
94 34 30
94 6 30
94 100 30
94 81 30
94 9 30
94 116 30
95 136 30
95 73 30
95 58 30
95 89 30
96 96 30
96 19 30
96 22 30
96 73 30
96 25 30
96 127 30
97 102 30
98 23 30
98 82 30
98 114 30
99 62 30
99 31 30
99 21 30
100 86 30
100 10 30
100 149 30
100 41 30
101 18 30
101 20 30
101 109 30
102 146 30
102 1 30
102 117 30
102 62 30
102 79 30
102 101 30
102 86 30
102 81 30
103 114 30
103 14 30
104 73 30
104 40 30
104 49 30
104 44 30
105 34 30
105 114 30
105 85 30
105 83 30
105 87 30
106 101 30
106 69 30
106 121 30
107 105 30
107 79 30
107 114 30
107 15 30
108 26 30
109 8 30
109 101 30
109 59 30
109 44 30
109 128 30
109 20 30
109 29 30
110 36 30
110 4 30
110 82 30
111 67 30
111 48 30
111 122 30
112 119 30
112 48 30
113 44 30
114 91 30
114 56 30
115 121 30
115 40 30
115 119 30
115 2 30
116 63 30
116 147 30
116 110 30
116 68 30
117 72 30
117 10 30
118 139 30
118 129 30
119 68 30
119 142 30
119 15 30
119 131 30
119 140 30
119 22 30
120 41 30
120 7 30
120 11 30
120 131 30
120 90 30
121 39 30
121 2 30
121 104 30
121 76 30
121 52 30
121 46 30
121 126 30
121 120 30
121 88 30
122 82 30
122 83 30
122 33 30
122 148 30
123 44 30
123 147 30
123 1 30
123 117 30
124 43 30
124 57 30
124 65 30
124 42 30
124 105 30
125 125 30
126 65 30
126 48 30
126 24 30
126 5 30
127 127 30
127 34 30
127 108 30
127 71 30
127 46 30
127 130 30
127 88 30
128 131 30
128 31 30
128 53 30
128 141 30
128 126 30
128 103 30
128 98 30
128 75 30
128 52 30
129 129 30
129 15 30
129 118 30
129 69 30
129 130 30
129 138 30
130 146 30
131 46 30
131 105 30
131 137 30
132 81 30
132 35 30
133 121 30
133 13 30
133 50 30
133 60 30
133 55 30
134 127 30
135 21 30
136 139 30
136 82 30
136 35 30
136 66 30
137 137 30
137 24 30
137 39 30
137 20 30
138 60 30
138 86 30
138 1 30
138 56 30
139 30 30
139 14 30
139 130 30
139 101 30
139 11 30
139 89 30
139 69 30
140 140 30
140 113 30
140 124 30
140 21 30
141 141 30
141 137 30
141 20 30
141 134 30
142 65 30
143 143 30
143 150 30
143 87 30
144 13 30
144 104 30
144 94 30
144 27 30
145 70 30
145 101 30
145 105 30
145 82 30
145 54 30
145 81 30
145 76 30
145 30 30
145 146 30
146 77 30
146 122 30
146 29 30
146 120 30
147 4 30
147 31 30
147 43 30
147 85 30
148 136 30
148 145 30
148 85 30
148 51 30
148 139 30
148 22 30
148 40 30
149 64 30
149 100 30
149 112 30
149 69 30
149 17 30
150 8 30
150 83 30
150 94 30
0 37 31
0 20 31
1 104 31
1 62 31
1 71 31
1 107 31
1 124 31
2 40 31
2 141 31
3 3 31
3 145 31
3 131 31
3 63 31
3 124 31
3 113 31
4 67 31
4 36 31
4 54 31
5 14 31
5 32 31
5 4 31
6 51 31
7 30 31
7 40 31
8 8 31
8 52 31
8 108 31
8 71 31
8 37 31
9 76 31
9 14 31
9 112 31
9 129 31
9 100 31
10 19 31
10 37 31
10 148 31
11 118 31
12 134 31
13 133 31
13 6 31
15 11 31
15 130 31
15 74 31
15 87 31
16 84 31
16 32 31
16 96 31
16 67 31
17 7 31
18 114 31
18 100 31
19 18 31
19 102 31
19 74 31
19 11 31
19 86 31
19 67 31
19 56 31
19 150 31
20 121 31
22 50 31
22 21 31
23 109 31
23 127 31
23 9 31
23 50 31
24 101 31
24 3 31
24 127 31
24 37 31
25 59 31
25 36 31
26 142 31
26 6 31
26 62 31
26 73 31
27 93 31
27 69 31
27 72 31
27 62 31
27 112 31
28 97 31
28 50 31
28 132 31
29 29 31
29 91 31
30 30 31
30 73 31
30 31 31
30 56 31
31 72 31
31 89 31
31 92 31
31 22 31
32 123 31
32 56 31
32 93 31
33 88 31
33 74 31
33 90 31
34 83 31
34 115 31
34 135 31
35 77 31
35 21 31
36 117 31
37 116 31
37 111 31
38 72 31
39 143 31
39 40 31
40 26 31
40 2 31
40 53 31
40 136 31
40 19 31
40 65 31
41 131 31
41 59 31
41 31 31
41 34 31
42 81 31
42 1 31
42 140 31
42 126 31
42 40 31
43 43 31
43 63 31
43 6 31
43 75 31
43 79 31
43 24 31
43 126 31
43 74 31
44 28 31
44 131 31
44 90 31
45 33 31
46 123 31
47 0 31
47 92 31
47 41 31
47 21 31
48 22 31
48 137 31
48 92 31
49 133 31
50 72 31
50 150 31
50 17 31
50 128 31
51 8 31
51 101 31
52 52 31
52 51 31
52 121 31
52 111 31
52 129 31
54 72 31
54 23 31
55 84 31
55 39 31
55 118 31
56 56 31
56 84 31
56 63 31
56 26 31
57 13 31
57 106 31
57 58 31
58 138 31
59 22 31
59 8 31
59 10 31
59 130 31
59 107 31
59 120 31
59 106 31
60 41 31
61 145 31
62 39 31
62 101 31
62 55 31
63 49 31
63 21 31
64 108 31
64 140 31
64 126 31
65 25 31
68 68 31
68 74 31
68 16 31
68 38 31
68 42 31
69 98 31
70 59 31
70 31 31
70 7 31
70 105 31
70 66 31
71 15 31
71 18 31
71 63 31
72 32 31
72 106 31
73 83 31
73 33 31
74 24 31
74 19 31
74 21 31
74 34 31
75 16 31
75 20 31
75 19 31
75 83 31
75 68 31
75 22 31
76 125 31
76 88 31
76 17 31
77 77 31
77 85 31
77 57 31
77 84 31
77 97 31
77 34 31
79 53 31
79 3 31
79 132 31
80 104 31
80 51 31
81 81 31
81 130 31
81 115 31
82 150 31
82 18 31
82 3 31
82 70 31
83 83 31
83 1 31
83 38 31
83 111 31
83 64 31
84 143 31
84 110 31
84 77 31
84 123 31
84 141 31
84 94 31
84 60 31
84 14 31
85 57 31
85 135 31
85 111 31
86 24 31
86 148 31
86 3 31
87 144 31
87 22 31
87 40 31
87 7 31
87 20 31
88 88 31
88 47 31
89 28 31
89 0 31
90 36 31
91 75 31
91 149 31
91 41 31
91 115 31
92 26 31
92 24 31
93 32 31
93 115 31
94 48 31
94 33 31
96 6 31
97 97 31
97 130 31
98 36 31
98 64 31
99 40 31
100 113 31
101 4 31
101 97 31
101 63 31
101 100 31
101 47 31
102 43 31
102 42 31
102 144 31
103 87 31
103 96 31
103 82 31
103 45 31
103 40 31
103 107 31
103 144 31
104 112 31
104 91 31
105 52 31
106 22 31
106 102 31
106 83 31
106 100 31
106 84 31
107 39 31
107 48 31
108 53 31
108 131 31
108 125 31
109 3 31
110 52 31
110 36 31
111 149 31
112 52 31
112 139 31
112 40 31
112 136 31
113 29 31
113 140 31
113 18 31
114 37 31
114 9 31
115 89 31
115 75 31
115 61 31
115 29 31
115 149 31
115 120 31
115 91 31
115 49 31
115 21 31
116 54 31
116 150 31
116 130 31
116 13 31
116 50 31
117 13 31
117 77 31
117 52 31
117 24 31
118 94 31
118 112 31
118 140 31
118 148 31
120 85 31
120 66 31
120 75 31
121 34 31
122 52 31
123 57 31
123 116 31
123 40 31
124 90 31
124 60 31
125 125 31
125 72 31
125 49 31
125 150 31
126 80 31
126 61 31
126 13 31
126 137 31
127 127 31
127 114 31
127 145 31
127 122 31
127 125 31
127 138 31
129 79 31
130 35 31
130 118 31
130 62 31
130 28 31
130 116 31
132 117 31
133 82 31
133 59 31
133 29 31
133 118 31
133 113 31
133 76 31
133 61 31
134 134 31
134 85 31
134 121 31
134 139 31
134 102 31
134 120 31
134 25 31
134 11 31
135 119 31
136 104 31
136 33 31
137 3 31
137 105 31
138 34 31
139 116 31
139 128 31
140 56 31
140 37 31
140 105 31
140 68 31
140 49 31
140 67 31
141 141 31
141 17 31
141 120 31
142 110 31
142 34 31
143 143 31
143 138 31
143 124 31
144 82 31
144 103 31
145 145 31
145 107 31
145 47 31
145 28 31
145 35 31
146 50 31
146 63 31
146 11 31
147 30 31
147 6 31
148 55 31
148 4 31
149 117 31
149 4 31
149 3 31
150 42 31
150 78 31
150 122 31
0 49 32
0 53 32
1 29 32
1 116 32
1 147 32
2 0 32
2 54 32
2 137 32
3 3 32
3 147 32
4 102 32
4 92 32
6 117 32
6 37 32
6 118 32
6 67 32
7 6 32
7 5 32
8 8 32
8 137 32
8 51 32
8 65 32
8 49 32
8 16 32
9 71 32
9 146 32
9 0 32
9 16 32
9 2 32
10 19 32
10 134 32
10 79 32
11 80 32
11 33 32
12 95 32
12 48 32
12 107 32
13 16 32
13 118 32
13 10 32
13 37 32
14 136 32
14 149 32
15 6 32
15 97 32
16 20 32
17 145 32
17 92 32
17 82 32
17 50 32
18 61 32
18 131 32
19 129 32
19 34 32
20 20 32
20 67 32
20 60 32
21 101 32
21 33 32
21 1 32
21 149 32
21 14 32
21 108 32
22 59 32
23 23 32
23 18 32
24 88 32
24 124 32
25 25 32
25 65 32
25 109 32
26 16 32
26 115 32
26 60 32
27 93 32
27 55 32
27 64 32
27 25 32
27 19 32
28 107 32
28 93 32
28 27 32
29 29 32
29 59 32
29 13 32
29 80 32
29 96 32
30 40 32
30 149 32
31 65 32
31 90 32
31 27 32
32 43 32
33 150 32
33 60 32
34 26 32
35 20 32
36 56 32
36 51 32
37 12 32
38 98 32
38 53 32
39 41 32
39 114 32
39 122 32
40 129 32
40 137 32
40 32 32
41 95 32
41 108 32
42 96 32
42 94 32
43 101 32
43 53 32
43 128 32
44 136 32
44 37 32
44 23 32
44 17 32
44 137 32
45 45 32
45 112 32
46 40 32
46 104 32
47 0 32
47 2 32
47 95 32
48 26 32
49 132 32
49 145 32
50 123 32
51 128 32
51 76 32
51 33 32
52 148 32
52 141 32
52 117 32
52 48 32
52 84 32
53 128 32
53 117 32
54 115 32
54 101 32
54 128 32
54 1 32
54 120 32
55 16 32
56 56 32
56 144 32
57 35 32
58 122 32
58 126 32
58 55 32
58 82 32
59 25 32
61 140 32
61 134 32
61 63 32
61 3 32
62 85 32
62 116 32
62 88 32
63 110 32
64 13 32
65 63 32
67 53 32
67 144 32
67 125 32
68 130 32
68 13 32
68 11 32
68 103 32
68 24 32
69 84 32
70 64 32
70 73 32
70 82 32
70 3 32
70 58 32
71 13 32
71 115 32
71 36 32
71 137 32
72 7 32
73 85 32
73 144 32
73 129 32
74 53 32
74 34 32
75 39 32
75 4 32
76 42 32
77 108 32
77 94 32
77 70 32
77 44 32
77 25 32
78 131 32
79 19 32
79 32 32
79 95 32
80 71 32
81 29 32
81 115 32
82 140 32
82 124 32
82 119 32
83 83 32
83 133 32
83 141 32
83 117 32
83 140 32
83 5 32
83 74 32
84 110 32
84 26 32
85 125 32
86 27 32
86 130 32
86 77 32
86 36 32
87 9 32
87 7 32
88 42 32
88 140 32
89 108 32
90 120 32
90 128 32
91 8 32
91 127 32
91 35 32
92 89 32
92 70 32
92 9 32
93 70 32
93 110 32
93 44 32
93 98 32
96 89 32
96 38 32
97 111 32
97 97 32
97 49 32
97 17 32
98 129 32
98 70 32
99 98 32
100 49 32
100 108 32
101 135 32
101 16 32
101 80 32
102 98 32
102 74 32
102 32 32
102 26 32
103 99 32
103 144 32
104 133 32
105 104 32
105 71 32
105 10 32
105 50 32
106 77 32
106 128 32
107 94 32
107 131 32
107 56 32
107 13 32
107 136 32
108 70 32
108 56 32
108 139 32
110 15 32
110 136 32
110 129 32
110 58 32
110 67 32
111 92 32
111 64 32
111 52 32
112 112 32
112 52 32
112 23 32
112 125 32
112 127 32
113 86 32
113 23 32
113 101 32
113 87 32
113 91 32
114 113 32
114 0 32
115 144 32
116 148 32
117 27 32
117 116 32
117 138 32
117 141 32
118 88 32
118 123 32
119 64 32
119 95 32
119 71 32
119 46 32
119 41 32
120 135 32
120 93 32
120 36 32
120 79 32
121 119 32
122 49 32
122 14 32
122 125 32
123 33 32
123 15 32
124 31 32
124 53 32
124 140 32
124 85 32
124 42 32
124 101 32
124 91 32
125 73 32
125 86 32
125 147 32
126 98 32
126 0 32
126 145 32
127 127 32
127 39 32
127 56 32
127 101 32
128 80 32
128 38 32
129 131 32
129 18 32
129 3 32
129 105 32
130 87 32
130 131 32
131 4 32
131 133 32
132 141 32
132 5 32
133 45 32
133 16 32
133 113 32
133 98 32
133 75 32
133 36 32
133 148 32
134 56 32
134 64 32
134 105 32
135 127 32
135 80 32
135 66 32
135 69 32
135 97 32
136 9 32
136 16 32
137 61 32
137 74 32
137 9 32
137 116 32
137 119 32
138 24 32
138 36 32
138 13 32
139 87 32
139 11 32
139 126 32
139 70 32
139 47 32
140 54 32
140 80 32
140 70 32
140 39 32
141 138 32
142 142 32
142 124 32
142 83 32
143 54 32
143 81 32
143 58 32
144 128 32
144 66 32
145 102 32
145 124 32
146 67 32
146 11 32
146 66 32
147 140 32
148 6 32
148 123 32
148 39 32
148 57 32
149 50 32
149 10 32
149 122 32
149 120 32
150 33 32
150 10 32
0 103 33
0 134 33
0 7 33
0 58 33
0 61 33
1 51 33
1 144 33
1 83 33
1 69 33
1 2 33
2 101 33
3 33 33
3 93 33
3 49 33
3 12 33
3 114 33
5 82 33
5 39 33
5 128 33
5 89 33
6 35 33
7 43 33
8 8 33
8 123 33
8 127 33
8 53 33
8 25 33
9 49 33
9 137 33
10 40 33
10 23 33
10 87 33
11 55 33
11 17 33
11 132 33
11 150 33
12 109 33
12 43 33
12 21 33
13 69 33
13 52 33
13 140 33
13 116 33
13 125 33
14 112 33
15 124 33
15 119 33
17 10 33
17 120 33
18 129 33
18 96 33
18 91 33
18 102 33
20 77 33
20 129 33
20 12 33
20 124 33
21 119 33
21 94 33
22 58 33
22 17 33
22 26 33
23 23 33
23 57 33
23 43 33
23 139 33
23 40 33
24 140 33
24 130 33
26 118 33
26 116 33
26 96 33
27 136 33
27 42 33
28 75 33
28 74 33
28 86 33
29 29 33
29 63 33
30 48 33
31 126 33
31 110 33
31 142 33
32 64 33
32 143 33
33 106 33
33 92 33
33 58 33
34 114 33
34 81 33
34 0 33
34 44 33
35 131 33
36 47 33
36 77 33
36 45 33
36 81 33
37 1 33
38 120 33
38 106 33
38 32 33
38 53 33
39 33 33
39 97 33
40 135 33
41 2 33
41 70 33
42 140 33
42 22 33
42 134 33
42 147 33
43 128 33
43 109 33
43 148 33
45 3 33
45 7 33
46 148 33
46 49 33
48 47 33
48 9 33
48 82 33
49 17 33
49 109 33
49 89 33
50 148 33
51 90 33
51 115 33
53 120 33
54 54 33
54 138 33
54 136 33
55 55 33
55 70 33
55 109 33
55 1 33
56 56 33
56 111 33
56 92 33
56 55 33
57 102 33
57 19 33
58 107 33
58 26 33
59 129 33
59 137 33
59 99 33
59 20 33
59 9 33
60 19 33
60 65 33
61 120 33
61 77 33
62 139 33
63 107 33
63 65 33
63 127 33
64 135 33
64 93 33
64 63 33
65 31 33
65 99 33
65 75 33
65 43 33
65 52 33
65 60 33
66 0 33
66 125 33
66 143 33
66 44 33
66 122 33
67 58 33
67 146 33
67 15 33
68 108 33
68 10 33
70 77 33
70 25 33
70 94 33
70 83 33
71 146 33
71 67 33
73 73 33
73 146 33
73 23 33
73 79 33
74 68 33
74 103 33
75 117 33
75 121 33
76 53 33
77 57 33
77 65 33
77 24 33
77 14 33
78 141 33
78 46 33
79 91 33
79 108 33
80 79 33
80 111 33
81 67 33
81 51 33
81 27 33
82 4 33
82 107 33
82 142 33
82 2 33
82 70 33
83 83 33
83 117 33
83 5 33
83 111 33
84 18 33
85 85 33
85 13 33
85 113 33
86 66 33
86 139 33
86 82 33
87 4 33
87 116 33
87 86 33
89 92 33
90 50 33
90 68 33
90 77 33
90 34 33
91 62 33
92 5 33
92 112 33
93 32 33
94 3 33
94 137 33
94 127 33
95 129 33
96 56 33
96 46 33
96 137 33
97 97 33
97 61 33
97 8 33
98 121 33
98 127 33
99 75 33
99 53 33
100 68 33
100 1 33
101 140 33
101 23 33
101 129 33
101 78 33
102 146 33
102 80 33
102 18 33
102 130 33
102 91 33
103 120 33
104 43 33
104 11 33
105 26 33
105 53 33
105 67 33
105 76 33
105 69 33
106 40 33
107 121 33
107 78 33
108 101 33
109 32 33
110 140 33
110 143 33
111 92 33
111 63 33
111 65 33
111 10 33
111 134 33
112 24 33
112 41 33
113 28 33
113 148 33
113 74 33
113 69 33
114 128 33
117 68 33
118 113 33
119 8 33
119 83 33
120 142 33
120 117 33
120 70 33
121 121 33
121 81 33
121 92 33
121 64 33
121 67 33
121 44 33
122 133 33
122 63 33
122 104 33
122 107 33
122 149 33
124 23 33
124 102 33
124 83 33
125 100 33
126 144 33
126 82 33
126 57 33
127 136 33
128 116 33
128 97 33
128 124 33
128 63 33
128 146 33
129 129 33
129 3 33
131 114 33
131 40 33
131 26 33
132 43 33
132 129 33
132 67 33
133 12 33
133 142 33
133 2 33
133 11 33
134 71 33
134 32 33
135 26 33
135 124 33
135 110 33
135 87 33
136 72 33
137 93 33
137 33 33
137 35 33
138 25 33
138 32 33
138 124 33
139 80 33
139 135 33
139 8 33
139 103 33
140 124 33
141 32 33
142 9 33
142 86 33
143 44 33
143 126 33
143 60 33
144 9 33
144 106 33
144 87 33
144 88 33
145 0 33
145 20 33
146 144 33
146 101 33
146 87 33
147 88 33
148 132 33
148 134 33
148 115 33
149 27 33
149 3 33
150 27 33
150 86 33
150 7 33
0 50 34
0 143 34
1 3 34
1 68 34
3 112 34
5 64 34
9 30 34
9 41 34
9 33 34
10 43 34
10 54 34
10 13 34
11 116 34
13 118 34
16 72 34
17 145 34
18 18 34
18 52 34
18 134 34
19 50 34
21 56 34
23 23 34
23 7 34
24 16 34
24 18 34
26 45 34
27 102 34
27 135 34
30 115 34
30 117 34
31 36 34
32 21 34
35 2 34
38 91 34
38 13 34
40 141 34
41 1 34
41 123 34
42 4 34
42 31 34
43 71 34
44 40 34
44 140 34
45 96 34
45 114 34
45 6 34
45 40 34
49 124 34
50 63 34
50 87 34
51 28 34
52 64 34
52 100 34
56 56 34
56 81 34
57 45 34
58 90 34
59 117 34
59 144 34
60 114 34
60 109 34
60 42 34
61 141 34
62 95 34
65 58 34
65 91 34
68 44 34
73 28 34
73 50 34
75 27 34
75 111 34
77 101 34
77 146 34
79 135 34
79 27 34
79 38 34
80 71 34
83 83 34
83 67 34
84 9 34
85 29 34
87 0 34
88 72 34
88 50 34
89 8 34
89 96 34
90 118 34
91 119 34
92 110 34
92 0 34
93 21 34
93 105 34
94 9 34
95 143 34
99 136 34
100 138 34
102 126 34
104 104 34
106 118 34
106 147 34
115 119 34
115 147 34
117 97 34
118 104 34
119 44 34
122 57 34
123 35 34
126 48 34
127 49 34
128 149 34
130 90 34
130 27 34
131 138 34
133 61 34
133 103 34
137 56 34
138 79 34
144 110 34
145 126 34
148 133 34
148 25 34
150 67 34
23 23 35
57 38 35
64 126 35
73 131 35
100 45 35
130 64 35
4 77 36
12 134 36
23 23 36
37 127 36
51 24 36
54 64 36
62 3 36
63 147 36
73 19 36
75 94 36
76 140 36
77 77 36
81 43 36
86 26 36
86 0 36
92 58 36
116 95 36
123 97 36
124 99 36
125 140 36
131 17 36
11 27 37
23 23 37
24 21 37
39 66 37
72 121 37
100 60 37
101 126 37
122 128 37
140 77 37
