0 2 0
0 3 0
0 4 0
0 6 0
0 7 0
0 8 0
0 10 0
0 12 0
0 13 0
0 15 0
0 40 0
0 37 0
1 7 0
1 9 0
1 17 0
1 12 0
1 13 0
1 5 0
1 4 0
1 3 0
1 15 0
1 10 0
1 42 0
2 3 0
2 7 0
2 17 0
2 18 0
2 12 0
2 13 0
2 6 0
2 9 0
2 15 0
2 16 0
2 8 0
2 39 0
2 32 0
3 9 0
3 12 0
3 5 0
3 6 0
3 7 0
3 18 0
3 15 0
3 16 0
3 25 0
3 36 0
4 12 0
4 17 0
4 20 0
4 18 0
4 15 0
4 22 0
4 33 0
5 12 0
5 28 0
5 17 0
5 13 0
5 18 0
5 9 0
5 7 0
5 15 0
5 16 0
5 31 0
5 26 0
6 12 0
6 15 0
6 8 0
6 22 0
7 11 0
7 20 0
7 17 0
7 19 0
7 15 0
7 22 0
7 21 0
7 16 0
8 19 0
8 15 0
8 16 0
8 17 0
8 12 0
8 21 0
8 13 0
8 22 0
8 23 0
8 10 0
8 18 0
8 9 0
8 25 0
8 11 0
8 14 0
8 47 0
9 17 0
9 23 0
9 11 0
9 14 0
9 18 0
9 15 0
9 16 0
9 26 0
10 24 0
10 17 0
10 13 0
10 19 0
10 15 0
10 16 0
10 23 0
10 25 0
10 20 0
10 18 0
10 12 0
10 14 0
10 21 0
11 23 0
11 14 0
11 20 0
11 24 0
11 21 0
11 37 0
11 30 0
12 25 0
12 13 0
12 18 0
12 15 0
12 16 0
12 22 0
12 21 0
12 36 0
12 50 0
12 44 0
13 23 0
13 25 0
13 17 0
13 24 0
13 20 0
13 16 0
13 15 0
13 22 0
13 21 0
13 33 0
13 26 0
14 25 0
14 20 0
14 18 0
14 19 0
14 16 0
14 15 0
14 21 0
15 17 0
15 16 0
15 18 0
15 39 0
15 42 0
16 17 0
16 18 0
16 35 0
16 28 0
16 39 0
17 18 0
17 45 0
17 49 0
17 37 0
18 42 0
19 21 0
19 22 0
19 23 0
19 24 0
19 20 0
19 39 0
19 50 0
20 23 0
20 25 0
20 24 0
20 21 0
20 37 0
20 42 0
20 45 0
21 22 0
21 25 0
21 24 0
22 37 0
23 24 0
23 37 0
23 30 0
23 50 0
24 25 0
24 45 0
24 41 0
24 34 0
24 43 0
26 30 0
26 28 0
26 29 0
26 47 0
27 30 0
27 41 0
27 42 0
28 49 0
29 37 0
30 36 0
30 39 0
31 49 0
31 36 0
33 35 0
33 50 0
34 39 0
34 38 0
35 36 0
35 39 0
35 41 0
36 44 0
37 41 0
41 50 0
45 49 0
0 33 1
0 3 1
0 14 1
0 32 1
0 31 1
0 11 1
0 44 1
0 25 1
0 21 1
1 9 1
1 8 1
1 16 1
1 39 1
1 30 1
1 49 1
1 24 1
1 35 1
1 46 1
1 45 1
1 13 1
1 12 1
1 14 1
1 40 1
1 47 1
1 21 1
1 48 1
1 44 1
1 22 1
2 20 1
2 7 1
2 13 1
2 30 1
3 40 1
3 42 1
3 48 1
3 32 1
3 36 1
3 12 1
3 13 1
3 33 1
3 35 1
3 46 1
3 45 1
3 4 1
3 31 1
3 16 1
3 43 1
3 14 1
3 47 1
3 10 1
3 25 1
3 34 1
3 51 1
4 48 1
4 24 1
4 31 1
4 23 1
4 10 1
4 11 1
4 25 1
5 16 1
5 30 1
5 41 1
6 23 1
6 26 1
6 29 1
6 28 1
7 50 1
7 37 1
7 31 1
8 21 1
8 22 1
8 39 1
8 36 1
8 25 1
8 24 1
8 38 1
8 23 1
8 10 1
8 40 1
8 9 1
8 35 1
9 13 1
9 46 1
9 45 1
9 44 1
9 36 1
9 12 1
9 43 1
9 40 1
9 32 1
9 30 1
9 24 1
9 25 1
9 23 1
9 16 1
9 31 1
10 37 1
10 13 1
10 36 1
10 32 1
10 24 1
10 12 1
10 11 1
10 23 1
10 21 1
11 36 1
11 25 1
11 24 1
11 38 1
11 35 1
11 45 1
11 31 1
11 33 1
11 40 1
11 14 1
11 26 1
11 43 1
12 39 1
12 48 1
12 49 1
12 46 1
12 44 1
12 36 1
12 31 1
12 14 1
12 43 1
12 23 1
12 37 1
12 26 1
12 25 1
12 20 1
13 40 1
13 32 1
13 24 1
13 31 1
13 14 1
13 16 1
13 43 1
13 41 1
13 47 1
13 19 1
13 25 1
13 37 1
14 40 1
14 32 1
14 47 1
14 31 1
14 22 1
14 36 1
14 33 1
14 35 1
14 46 1
14 23 1
14 25 1
14 45 1
15 49 1
16 39 1
16 35 1
16 49 1
16 46 1
16 41 1
16 43 1
16 23 1
16 45 1
17 18 1
18 25 1
18 34 1
18 49 1
18 51 1
19 49 1
19 35 1
20 38 1
20 47 1
20 50 1
21 23 1
21 22 1
21 37 1
21 24 1
21 25 1
21 39 1
21 40 1
21 46 1
21 51 1
22 40 1
22 38 1
22 36 1
22 24 1
22 23 1
22 25 1
22 35 1
22 29 1
22 45 1
23 47 1
23 37 1
23 24 1
23 25 1
23 31 1
23 36 1
23 28 1
23 34 1
23 45 1
23 35 1
24 39 1
24 40 1
24 47 1
24 46 1
24 31 1
24 37 1
24 25 1
25 35 1
25 50 1
25 46 1
25 44 1
25 36 1
25 40 1
25 30 1
25 48 1
25 31 1
25 42 1
25 32 1
26 34 1
26 46 1
26 40 1
26 44 1
26 36 1
26 42 1
26 35 1
26 49 1
26 48 1
26 31 1
27 46 1
27 42 1
27 51 1
29 31 1
29 33 1
30 48 1
30 46 1
30 42 1
30 44 1
30 36 1
30 51 1
30 35 1
30 50 1
31 32 1
31 40 1
31 48 1
31 36 1
31 46 1
31 42 1
32 40 1
32 36 1
32 35 1
32 43 1
32 45 1
33 40 1
33 35 1
33 45 1
34 35 1
34 40 1
34 46 1
35 40 1
35 51 1
35 36 1
35 44 1
35 47 1
35 46 1
35 45 1
35 42 1
35 50 1
35 49 1
35 48 1
36 51 1
36 46 1
36 45 1
36 44 1
36 41 1
36 42 1
36 43 1
37 50 1
37 46 1
38 40 1
38 39 1
39 41 1
40 41 1
40 42 1
40 45 1
40 46 1
40 49 1
41 44 1
42 50 1
42 51 1
42 48 1
42 49 1
42 46 1
42 44 1
43 51 1
44 51 1
44 48 1
44 49 1
44 50 1
45 47 1
46 51 1
46 48 1
46 49 1
46 50 1
48 51 1
48 49 1
49 51 1
49 50 1
50 51 1
