0 1 0
0 5 0
0 14 0
0 15 0
0 46 0
0 45 0
1 7 0
1 9 0
1 4 0
1 10 0
1 8 0
1 37 0
1 23 0
1 34 0
2 3 0
2 7 0
2 13 0
2 14 0
2 15 0
2 10 0
2 8 0
2 50 0
2 24 0
2 51 0
3 9 0
3 12 0
3 4 0
3 5 0
3 14 0
3 22 0
3 31 0
3 33 0
3 19 0
3 23 0
4 9 0
4 12 0
4 14 0
4 18 0
4 22 0
4 30 0
4 39 0
4 41 0
4 50 0
4 43 0
4 11 0
4 33 0
4 51 0
5 12 0
5 6 0
5 18 0
5 22 0
5 40 0
6 18 0
6 8 0
6 43 0
6 27 0
6 47 0
6 22 0
6 40 0
6 42 0
6 10 0
6 21 0
7 11 0
7 20 0
7 24 0
7 17 0
7 19 0
7 25 0
7 47 0
7 42 0
7 8 0
8 19 0
8 16 0
8 21 0
8 11 0
8 46 0
8 39 0
8 32 0
8 27 0
8 37 0
8 51 0
9 17 0
9 23 0
9 18 0
9 15 0
9 19 0
9 48 0
9 22 0
10 24 0
10 13 0
10 19 0
10 15 0
10 16 0
10 22 0
10 25 0
10 14 0
10 21 0
10 34 0
10 45 0
10 38 0
10 40 0
10 44 0
10 46 0
11 14 0
11 19 0
11 51 0
11 18 0
11 13 0
11 33 0
11 42 0
11 28 0
12 17 0
12 24 0
12 36 0
12 28 0
12 37 0
12 50 0
13 17 0
13 20 0
13 15 0
13 22 0
13 26 0
13 32 0
14 18 0
14 17 0
14 19 0
14 44 0
14 28 0
14 39 0
14 48 0
14 34 0
15 17 0
15 30 0
15 34 0
15 51 0
15 26 0
15 37 0
16 17 0
16 18 0
16 40 0
16 35 0
16 37 0
16 46 0
16 32 0
17 23 0
17 24 0
17 18 0
17 51 0
17 48 0
17 32 0
17 25 0
17 34 0
18 26 0
18 46 0
18 45 0
18 20 0
19 22 0
19 25 0
19 46 0
19 38 0
19 31 0
19 33 0
19 51 0
19 26 0
19 37 0
20 22 0
20 49 0
20 44 0
20 30 0
20 48 0
20 50 0
20 36 0
20 45 0
21 22 0
21 24 0
21 45 0
21 40 0
21 28 0
22 24 0
22 39 0
22 27 0
22 43 0
22 45 0
22 47 0
22 42 0
23 46 0
23 41 0
24 48 0
24 47 0
24 49 0
25 38 0
25 40 0
25 42 0
26 36 0
26 45 0
26 46 0
27 30 0
27 45 0
27 39 0
27 32 0
28 39 0
28 50 0
28 37 0
29 34 0
29 47 0
29 33 0
30 44 0
31 46 0
31 36 0
32 48 0
32 43 0
33 36 0
33 48 0
33 34 0
34 50 0
34 49 0
35 42 0
35 44 0
35 41 0
35 38 0
36 50 0
36 44 0
38 42 0
40 41 0
41 51 0
41 44 0
42 51 0
46 49 0
47 49 0
0 32 1
0 23 1
0 7 1
0 50 1
0 34 1
0 24 1
0 35 1
0 1 1
0 19 1
1 10 1
1 26 1
1 16 1
1 39 1
1 24 1
1 46 1
1 13 1
1 12 1
1 43 1
1 15 1
1 44 1
1 19 1
1 37 1
1 5 1
1 18 1
2 4 1
2 25 1
2 27 1
2 38 1
2 22 1
2 40 1
2 6 1
2 15 1
2 23 1
3 40 1
3 32 1
3 13 1
3 35 1
3 45 1
3 31 1
3 16 1
3 47 1
3 9 1
3 49 1
3 34 1
4 48 1
4 10 1
4 11 1
4 30 1
4 32 1
4 27 1
4 45 1
4 38 1
4 22 1
4 40 1
4 28 1
5 39 1
5 7 1
5 46 1
5 34 1
5 36 1
5 20 1
5 38 1
6 11 1
6 27 1
6 31 1
6 24 1
7 28 1
7 30 1
7 23 1
7 9 1
7 36 1
8 21 1
8 22 1
8 39 1
8 23 1
8 40 1
8 9 1
8 11 1
8 46 1
8 13 1
9 35 1
9 46 1
9 45 1
9 12 1
9 42 1
9 30 1
9 25 1
9 31 1
9 26 1
9 10 1
9 19 1
9 49 1
9 48 1
9 34 1
9 20 1
9 38 1
9 47 1
10 13 1
10 25 1
10 12 1
10 21 1
10 34 1
10 47 1
10 28 1
11 21 1
11 23 1
11 24 1
11 38 1
11 39 1
11 45 1
11 47 1
11 31 1
11 33 1
11 16 1
11 46 1
11 20 1
12 40 1
12 30 1
12 46 1
12 36 1
12 13 1
12 31 1
12 43 1
12 34 1
12 45 1
12 20 1
12 47 1
12 19 1
12 41 1
13 32 1
13 24 1
13 31 1
13 16 1
13 50 1
13 15 1
14 32 1
14 47 1
14 30 1
14 43 1
14 16 1
14 31 1
14 22 1
14 33 1
14 23 1
14 25 1
14 49 1
14 50 1
14 20 1
15 30 1
15 39 1
15 43 1
15 20 1
15 40 1
15 24 1
15 26 1
16 35 1
16 36 1
16 49 1
16 41 1
16 43 1
16 47 1
16 24 1
16 25 1
16 34 1
16 27 1
17 32 1
17 50 1
17 25 1
17 29 1
17 24 1
17 33 1
18 35 1
18 19 1
18 50 1
18 25 1
18 34 1
18 43 1
18 22 1
19 39 1
19 41 1
19 34 1
19 31 1
19 49 1
19 35 1
19 28 1
19 23 1
20 49 1
20 26 1
20 28 1
20 30 1
20 50 1
20 36 1
21 38 1
21 23 1
21 36 1
21 39 1
21 40 1
21 31 1
21 42 1
21 44 1
22 31 1
22 25 1
22 44 1
22 41 1
22 47 1
23 39 1
23 40 1
23 47 1
23 37 1
23 25 1
23 31 1
23 38 1
23 45 1
23 42 1
23 51 1
24 38 1
24 47 1
24 32 1
24 36 1
24 46 1
24 31 1
24 35 1
24 44 1
24 34 1
24 29 1
25 36 1
25 40 1
25 49 1
25 48 1
25 42 1
25 27 1
25 45 1
25 47 1
25 26 1
26 44 1
26 36 1
26 42 1
26 49 1
26 48 1
26 32 1
26 29 1
26 28 1
27 36 1
27 40 1
27 33 1
28 51 1
28 46 1
28 41 1
28 49 1
29 41 1
29 50 1
29 45 1
29 38 1
29 47 1
29 49 1
29 42 1
30 48 1
30 49 1
30 44 1
30 51 1
30 35 1
30 50 1
30 41 1
30 31 1
30 32 1
31 40 1
31 46 1
31 39 1
31 50 1
32 40 1
32 47 1
32 44 1
33 40 1
33 35 1
33 38 1
33 34 1
33 43 1
34 36 1
34 46 1
34 39 1
34 45 1
35 40 1
35 42 1
35 50 1
35 49 1
35 37 1
35 39 1
35 38 1
36 40 1
36 51 1
36 45 1
36 41 1
36 50 1
37 45 1
38 40 1
38 39 1
38 41 1
40 45 1
40 49 1
41 50 1
42 51 1
42 49 1
42 46 1
42 44 1
43 46 1
43 45 1
43 47 1
44 51 1
44 49 1
45 46 1
45 51 1
47 50 1
48 51 1
48 49 1
50 51 1
