0 3 0
0 4 0
0 8 0
0 25 0
0 22 0
0 40 0
0 19 0
1 4 0
1 10 0
1 33 0
1 30 0
1 16 0
1 25 0
1 2 0
1 50 0
1 27 0
2 15 0
2 16 0
2 39 0
2 27 0
2 20 0
2 22 0
2 49 0
2 28 0
2 30 0
3 12 0
3 10 0
3 13 0
3 26 0
3 28 0
3 51 0
3 25 0
3 32 0
3 50 0
4 17 0
4 19 0
4 15 0
4 8 0
4 23 0
4 41 0
4 49 0
4 16 0
5 17 0
5 18 0
5 15 0
5 23 0
5 16 0
5 48 0
5 50 0
5 34 0
5 43 0
5 36 0
5 42 0
6 13 0
6 15 0
6 8 0
6 48 0
6 20 0
6 25 0
7 18 0
7 19 0
7 10 0
7 35 0
7 30 0
7 25 0
7 27 0
7 13 0
7 31 0
7 40 0
8 19 0
8 20 0
8 25 0
8 46 0
8 32 0
8 41 0
8 27 0
9 10 0
9 35 0
9 42 0
9 39 0
9 48 0
10 24 0
10 22 0
10 23 0
10 20 0
10 14 0
10 43 0
10 40 0
11 24 0
11 25 0
11 16 0
11 27 0
11 29 0
11 47 0
11 35 0
11 12 0
12 24 0
12 13 0
12 43 0
12 33 0
12 44 0
12 39 0
13 25 0
13 17 0
13 24 0
13 18 0
13 22 0
13 33 0
13 35 0
13 44 0
13 32 0
13 38 0
14 18 0
14 16 0
14 42 0
14 51 0
14 30 0
15 30 0
15 34 0
15 38 0
15 26 0
15 35 0
16 17 0
16 49 0
16 26 0
16 34 0
17 38 0
17 40 0
17 37 0
18 35 0
19 20 0
19 46 0
19 50 0
19 38 0
19 47 0
20 23 0
20 21 0
20 40 0
20 42 0
20 28 0
20 37 0
20 36 0
21 46 0
21 27 0
21 26 0
21 28 0
22 45 0
22 31 0
23 26 0
24 44 0
24 37 0
24 34 0
24 27 0
24 47 0
24 49 0
25 34 0
25 45 0
26 29 0
26 51 0
27 28 0
27 50 0
27 51 0
28 30 0
28 29 0
28 48 0
28 32 0
28 45 0
29 45 0
29 35 0
29 37 0
29 46 0
30 34 0
31 38 0
31 47 0
31 42 0
31 48 0
31 34 0
31 45 0
32 37 0
32 46 0
32 34 0
32 38 0
32 42 0
32 51 0
33 36 0
33 44 0
33 51 0
33 48 0
33 41 0
33 34 0
34 37 0
34 46 0
34 40 0
34 49 0
34 44 0
35 42 0
35 37 0
35 39 0
35 36 0
37 45 0
37 40 0
38 50 0
38 49 0
39 46 0
39 50 0
40 45 0
41 44 0
42 48 0
43 51 0
46 49 0
46 51 0
50 51 0
0 14 1
0 31 1
0 16 1
0 46 1
0 9 1
0 39 1
0 41 1
0 4 1
0 22 1
0 24 1
0 42 1
0 49 1
1 9 1
1 10 1
1 24 1
1 46 1
1 45 1
1 42 1
1 47 1
1 51 1
1 5 1
1 25 1
1 29 1
2 41 1
2 38 1
2 15 1
2 35 1
2 3 1
2 18 1
3 42 1
3 30 1
3 32 1
3 36 1
3 45 1
3 31 1
3 9 1
3 26 1
3 51 1
3 5 1
3 7 1
3 18 1
3 11 1
3 38 1
4 48 1
4 12 1
4 11 1
4 30 1
4 41 1
4 27 1
4 29 1
4 8 1
4 26 1
4 19 1
4 28 1
4 49 1
4 51 1
4 7 1
4 37 1
5 46 1
5 9 1
5 29 1
5 42 1
5 51 1
5 44 1
6 11 1
6 43 1
6 29 1
6 22 1
6 40 1
6 23 1
7 28 1
7 23 1
7 46 1
7 47 1
7 31 1
7 33 1
7 42 1
7 8 1
8 21 1
8 22 1
8 24 1
8 10 1
8 40 1
8 16 1
8 18 1
8 34 1
8 27 1
8 33 1
8 12 1
8 51 1
8 14 1
9 44 1
9 43 1
9 16 1
9 39 1
9 20 1
10 32 1
10 25 1
10 12 1
10 45 1
10 44 1
10 14 1
10 46 1
10 48 1
11 25 1
11 24 1
11 38 1
11 35 1
11 14 1
11 22 1
11 44 1
11 30 1
11 16 1
11 37 1
11 34 1
11 42 1
11 17 1
11 19 1
11 28 1
12 39 1
12 48 1
12 24 1
12 36 1
12 16 1
12 37 1
12 25 1
12 19 1
12 21 1
13 40 1
13 32 1
13 36 1
13 24 1
13 14 1
13 16 1
13 25 1
13 27 1
13 45 1
14 30 1
14 33 1
14 46 1
14 49 1
14 15 1
14 44 1
14 28 1
14 37 1
14 21 1
14 48 1
14 50 1
14 34 1
14 29 1
15 21 1
15 32 1
15 48 1
15 27 1
15 36 1
15 45 1
15 33 1
15 26 1
15 35 1
15 19 1
15 37 1
16 40 1
16 41 1
16 43 1
16 23 1
16 29 1
16 24 1
16 32 1
16 25 1
17 30 1
17 39 1
17 41 1
17 20 1
17 22 1
17 35 1
18 21 1
18 30 1
18 39 1
18 50 1
18 45 1
18 31 1
18 40 1
18 24 1
19 41 1
19 38 1
19 49 1
19 44 1
20 22 1
20 26 1
20 21 1
20 48 1
20 41 1
20 45 1
21 38 1
21 22 1
21 39 1
21 46 1
21 50 1
21 29 1
21 35 1
22 36 1
22 23 1
22 35 1
22 28 1
22 30 1
22 50 1
23 39 1
23 24 1
23 25 1
23 34 1
23 43 1
23 26 1
24 47 1
24 46 1
24 42 1
24 26 1
24 50 1
24 27 1
24 29 1
25 49 1
25 48 1
25 31 1
25 42 1
25 27 1
25 45 1
26 42 1
26 48 1
26 31 1
26 45 1
27 34 1
27 43 1
27 45 1
27 31 1
27 49 1
27 35 1
27 37 1
27 32 1
27 41 1
28 32 1
28 50 1
28 34 1
28 45 1
28 49 1
28 35 1
28 44 1
29 32 1
29 45 1
29 38 1
29 47 1
29 40 1
29 33 1
29 48 1
30 49 1
30 50 1
30 41 1
30 32 1
31 36 1
31 38 1
31 33 1
32 39 1
32 34 1
32 42 1
33 46 1
34 36 1
34 51 1
35 51 1
35 44 1
35 47 1
36 40 1
36 46 1
36 44 1
36 38 1
36 47 1
36 49 1
36 37 1
37 39 1
37 48 1
37 49 1
38 42 1
39 51 1
39 48 1
40 41 1
40 42 1
40 49 1
40 43 1
41 48 1
42 50 1
42 49 1
42 44 1
43 47 1
44 48 1
45 49 1
46 51 1
46 48 1
46 49 1
48 50 1
50 51 1
