0 4 0
0 5 0
0 6 0
0 7 0
0 8 0
0 9 0
0 10 0
0 11 0
0 12 0
0 14 0
0 17 0
0 35 0
1 18 0
1 5 0
1 10 0
1 48 0
1 36 0
2 3 0
2 5 0
2 7 0
2 18 0
2 13 0
2 9 0
2 16 0
2 50 0
2 45 0
2 29 0
2 30 0
2 23 0
3 12 0
3 4 0
3 5 0
3 14 0
3 18 0
3 15 0
3 10 0
3 16 0
3 8 0
3 43 0
3 29 0
4 9 0
4 12 0
4 17 0
4 14 0
4 20 0
4 18 0
4 22 0
5 12 0
5 28 0
5 6 0
5 17 0
5 18 0
5 7 0
5 37 0
6 12 0
6 13 0
6 7 0
6 18 0
6 9 0
6 15 0
6 24 0
6 44 0
6 28 0
6 21 0
6 23 0
7 23 0
7 11 0
7 18 0
7 19 0
7 10 0
7 21 0
7 26 0
7 36 0
7 31 0
8 19 0
8 15 0
8 13 0
8 22 0
8 23 0
8 10 0
8 20 0
8 25 0
8 11 0
8 41 0
8 50 0
8 29 0
8 47 0
9 17 0
9 14 0
9 18 0
9 16 0
9 21 0
9 12 0
9 47 0
10 24 0
10 17 0
10 13 0
10 19 0
10 16 0
10 22 0
10 23 0
10 12 0
10 21 0
10 43 0
11 23 0
11 20 0
11 24 0
11 25 0
11 38 0
11 33 0
11 26 0
11 35 0
12 17 0
12 24 0
12 13 0
12 14 0
12 18 0
12 15 0
12 21 0
12 36 0
12 28 0
13 25 0
13 17 0
13 14 0
13 21 0
13 33 0
13 35 0
13 44 0
13 31 0
14 25 0
14 18 0
14 17 0
14 19 0
14 16 0
14 22 0
14 15 0
14 40 0
14 26 0
14 44 0
15 18 0
15 20 0
15 31 0
15 51 0
16 17 0
16 49 0
16 25 0
16 45 0
17 23 0
17 18 0
17 43 0
18 44 0
18 19 0
18 23 0
18 22 0
19 21 0
19 22 0
19 23 0
19 25 0
19 41 0
19 28 0
20 23 0
20 25 0
20 24 0
20 22 0
20 38 0
20 51 0
20 48 0
20 43 0
21 23 0
21 25 0
21 41 0
21 36 0
21 33 0
22 43 0
22 42 0
23 25 0
23 47 0
23 42 0
24 25 0
25 31 0
25 40 0
26 30 0
27 29 0
27 46 0
28 30 0
28 29 0
29 30 0
29 50 0
29 42 0
30 39 0
30 48 0
31 49 0
31 32 0
32 33 0
33 46 0
34 41 0
34 51 0
35 51 0
36 38 0
37 43 0
38 44 0
38 49 0
39 51 0
39 49 0
41 49 0
42 51 0
43 44 0
44 51 0
45 46 0
47 48 0
48 51 0
0 33 1
0 3 1
0 14 1
0 32 1
0 31 1
0 51 1
0 36 1
0 20 1
0 22 1
0 6 1
1 9 1
1 8 1
1 39 1
1 49 1
1 35 1
1 46 1
1 45 1
1 3 1
1 33 1
1 12 1
1 14 1
1 40 1
1 32 1
1 17 1
1 21 1
1 23 1
1 50 1
2 43 1
2 28 1
2 37 1
3 40 1
3 48 1
3 32 1
3 36 1
3 12 1
3 33 1
3 35 1
3 45 1
3 4 1
3 31 1
3 16 1
3 43 1
3 14 1
3 47 1
3 9 1
3 10 1
3 26 1
3 25 1
3 28 1
3 23 1
4 48 1
4 12 1
4 23 1
4 10 1
4 11 1
4 25 1
4 30 1
4 13 1
4 33 1
4 49 1
5 25 1
5 13 1
5 20 1
6 13 1
6 37 1
6 16 1
6 9 1
7 37 1
7 14 1
7 44 1
7 27 1
7 36 1
7 22 1
8 21 1
8 22 1
8 36 1
8 24 1
8 23 1
8 40 1
8 16 1
8 11 1
8 34 1
8 20 1
8 14 1
9 13 1
9 35 1
9 46 1
9 45 1
9 44 1
9 36 1
9 12 1
9 40 1
9 32 1
9 30 1
9 41 1
9 24 1
9 25 1
9 23 1
9 21 1
9 37 1
10 37 1
10 13 1
10 36 1
10 24 1
10 12 1
10 27 1
10 45 1
10 47 1
10 31 1
10 39 1
10 18 1
10 48 1
11 21 1
11 23 1
11 25 1
11 24 1
11 38 1
11 45 1
11 31 1
11 33 1
11 40 1
11 22 1
11 26 1
12 40 1
12 39 1
12 48 1
12 32 1
12 49 1
12 24 1
12 46 1
12 44 1
12 36 1
12 13 1
12 31 1
12 14 1
12 16 1
12 43 1
12 37 1
12 25 1
12 17 1
12 50 1
13 40 1
13 32 1
13 36 1
13 24 1
13 14 1
13 16 1
13 43 1
13 51 1
13 39 1
13 22 1
14 40 1
14 32 1
14 47 1
14 43 1
14 31 1
14 22 1
14 33 1
14 24 1
14 35 1
14 46 1
14 23 1
14 49 1
14 20 1
14 29 1
15 32 1
15 16 1
15 50 1
15 33 1
15 51 1
16 39 1
16 48 1
16 35 1
16 36 1
16 49 1
16 46 1
16 43 1
16 47 1
17 30 1
17 49 1
18 44 1
18 28 1
18 51 1
18 46 1
18 45 1
18 40 1
18 49 1
18 33 1
19 39 1
19 20 1
20 29 1
20 22 1
20 24 1
20 25 1
20 46 1
21 38 1
21 22 1
21 37 1
21 24 1
21 25 1
21 36 1
21 39 1
21 40 1
21 48 1
21 27 1
21 47 1
21 33 1
22 38 1
22 36 1
22 31 1
22 23 1
22 25 1
22 39 1
23 39 1
23 40 1
23 37 1
23 24 1
23 31 1
23 36 1
23 38 1
23 27 1
24 38 1
24 39 1
24 40 1
24 47 1
24 32 1
24 46 1
24 31 1
24 37 1
24 25 1
25 35 1
25 50 1
25 46 1
25 44 1
25 36 1
25 38 1
25 40 1
25 49 1
25 30 1
25 48 1
25 42 1
25 47 1
26 34 1
26 46 1
26 40 1
26 44 1
26 36 1
26 42 1
26 50 1
26 35 1
26 39 1
27 47 1
27 35 1
29 34 1
29 43 1
29 45 1
30 49 1
30 46 1
30 42 1
30 40 1
30 44 1
30 36 1
30 51 1
30 35 1
30 47 1
31 32 1
31 40 1
31 48 1
31 36 1
31 46 1
31 49 1
31 42 1
31 44 1
32 40 1
32 36 1
32 35 1
32 43 1
32 47 1
32 48 1
32 49 1
33 40 1
33 35 1
33 45 1
34 36 1
34 35 1
34 51 1
35 40 1
35 51 1
35 36 1
35 44 1
35 47 1
35 46 1
35 45 1
35 42 1
35 49 1
36 40 1
36 46 1
36 45 1
36 44 1
36 41 1
36 43 1
36 39 1
37 46 1
37 48 1
38 40 1
39 40 1
40 41 1
40 45 1
40 46 1
40 49 1
42 51 1
42 46 1
42 44 1
44 51 1
44 48 1
44 49 1
44 46 1
46 51 1
46 48 1
46 49 1
48 51 1
48 49 1
49 51 1
49 50 1
