0 1 0
0 2 0
0 3 0
0 4 0
0 5 0
0 6 0
0 7 0
0 8 0
0 9 0
0 10 0
0 11 0
0 12 0
0 13 0
0 14 0
0 15 0
1 7 0
1 9 0
1 18 0
1 17 0
1 12 0
1 13 0
1 5 0
1 4 0
1 3 0
1 15 0
1 10 0
1 8 0
2 3 0
2 5 0
2 7 0
2 17 0
2 18 0
2 12 0
2 13 0
2 6 0
2 14 0
2 9 0
2 15 0
2 16 0
2 10 0
2 8 0
3 9 0
3 12 0
3 4 0
3 5 0
3 17 0
3 6 0
3 14 0
3 7 0
3 18 0
3 15 0
3 10 0
3 16 0
3 8 0
4 9 0
4 12 0
4 5 0
4 17 0
4 14 0
4 20 0
4 18 0
4 10 0
4 19 0
4 15 0
4 22 0
4 8 0
5 12 0
5 28 0
5 6 0
5 17 0
5 13 0
5 18 0
5 9 0
5 7 0
5 15 0
6 12 0
6 13 0
6 7 0
6 18 0
6 9 0
6 15 0
6 8 0
7 23 0
7 11 0
7 9 0
7 14 0
7 20 0
7 24 0
7 18 0
7 17 0
7 19 0
7 15 0
7 22 0
7 10 0
7 21 0
8 19 0
8 15 0
8 16 0
8 17 0
8 24 0
8 12 0
8 21 0
8 13 0
8 22 0
8 23 0
8 10 0
8 20 0
8 18 0
8 9 0
8 25 0
8 11 0
8 14 0
9 17 0
9 23 0
9 11 0
9 14 0
9 18 0
9 15 0
9 16 0
9 10 0
9 21 0
9 41 0
10 24 0
10 13 0
10 19 0
10 15 0
10 16 0
10 22 0
10 23 0
10 25 0
10 20 0
10 18 0
10 12 0
10 14 0
10 21 0
10 35 0
11 23 0
11 14 0
11 20 0
11 24 0
11 25 0
11 19 0
11 22 0
11 21 0
12 25 0
12 17 0
12 24 0
12 13 0
12 14 0
12 18 0
12 15 0
12 16 0
12 22 0
12 21 0
13 23 0
13 25 0
13 17 0
13 24 0
13 18 0
13 14 0
13 20 0
13 16 0
13 15 0
13 22 0
13 21 0
14 25 0
14 20 0
14 18 0
14 17 0
14 19 0
14 16 0
14 22 0
14 15 0
15 17 0
15 16 0
15 18 0
16 17 0
16 18 0
17 23 0
17 24 0
17 18 0
19 21 0
19 22 0
19 23 0
19 24 0
19 25 0
19 20 0
20 23 0
20 25 0
20 24 0
20 21 0
20 22 0
21 22 0
21 23 0
21 25 0
21 24 0
22 23 0
22 25 0
22 24 0
23 24 0
23 25 0
24 25 0
26 30 0
26 27 0
26 28 0
26 29 0
27 30 0
27 29 0
27 28 0
28 30 0
28 29 0
29 30 0
0 33 1
0 3 1
0 14 1
0 32 1
0 31 1
1 9 1
1 10 1
1 8 1
1 26 1
1 16 1
1 39 1
1 30 1
1 49 1
1 24 1
1 35 1
1 46 1
1 45 1
1 3 1
1 33 1
1 36 1
1 13 1
1 12 1
1 43 1
1 14 1
1 42 1
1 40 1
1 32 1
1 47 1
3 40 1
3 42 1
3 48 1
3 30 1
3 32 1
3 36 1
3 12 1
3 13 1
3 33 1
3 24 1
3 35 1
3 46 1
3 45 1
3 4 1
3 31 1
3 16 1
3 43 1
3 14 1
3 47 1
3 9 1
3 10 1
3 26 1
3 25 1
4 48 1
4 12 1
4 24 1
4 31 1
4 23 1
4 10 1
4 11 1
4 25 1
4 34 1
8 21 1
8 22 1
8 39 1
8 36 1
8 25 1
8 24 1
8 38 1
8 23 1
8 10 1
8 40 1
8 9 1
8 16 1
8 11 1
9 13 1
9 35 1
9 46 1
9 45 1
9 33 1
9 44 1
9 36 1
9 12 1
9 43 1
9 42 1
9 40 1
9 32 1
9 30 1
9 41 1
9 24 1
9 25 1
9 23 1
9 14 1
9 16 1
9 31 1
10 37 1
10 13 1
10 36 1
10 32 1
10 25 1
10 24 1
10 12 1
10 11 1
10 23 1
10 21 1
11 21 1
11 23 1
11 36 1
11 25 1
11 24 1
11 38 1
11 39 1
11 35 1
11 45 1
11 47 1
11 31 1
11 33 1
11 40 1
11 14 1
11 22 1
12 40 1
12 39 1
12 48 1
12 32 1
12 30 1
12 49 1
12 24 1
12 46 1
12 44 1
12 36 1
12 13 1
12 31 1
12 14 1
12 16 1
12 43 1
12 23 1
12 37 1
12 26 1
12 25 1
13 40 1
13 32 1
13 36 1
13 24 1
13 31 1
13 14 1
13 16 1
13 43 1
14 40 1
14 32 1
14 47 1
14 30 1
14 43 1
14 16 1
14 31 1
14 22 1
14 36 1
14 33 1
14 24 1
14 35 1
14 46 1
14 23 1
14 25 1
16 40 1
16 39 1
16 48 1
16 35 1
16 36 1
16 49 1
16 46 1
16 41 1
16 43 1
16 23 1
21 38 1
21 23 1
21 22 1
21 37 1
21 24 1
21 25 1
21 36 1
21 39 1
21 40 1
22 40 1
22 38 1
22 36 1
22 24 1
22 31 1
22 23 1
22 25 1
22 35 1
23 39 1
23 40 1
23 47 1
23 37 1
23 24 1
23 25 1
23 31 1
23 36 1
23 38 1
24 38 1
24 39 1
24 40 1
24 47 1
24 32 1
24 36 1
24 46 1
24 31 1
24 37 1
24 25 1
25 50 1
25 46 1
25 44 1
25 36 1
25 38 1
25 40 1
25 49 1
25 30 1
25 48 1
25 31 1
25 42 1
26 34 1
26 46 1
26 40 1
26 44 1
26 36 1
26 42 1
26 51 1
26 50 1
26 35 1
26 49 1
26 30 1
26 48 1
26 31 1
30 48 1
30 43 1
30 49 1
30 46 1
30 42 1
30 40 1
30 44 1
30 36 1
30 51 1
30 35 1
30 50 1
31 32 1
31 40 1
31 48 1
31 36 1
31 46 1
32 40 1
32 33 1
32 36 1
32 35 1
32 43 1
32 45 1
32 47 1
33 40 1
33 47 1
33 35 1
33 45 1
34 36 1
34 35 1
35 40 1
35 51 1
35 36 1
35 44 1
35 47 1
35 46 1
35 45 1
35 42 1
35 50 1
35 49 1
36 40 1
36 51 1
36 46 1
36 45 1
36 44 1
36 41 1
36 42 1
36 43 1
38 40 1
39 40 1
40 41 1
40 42 1
40 45 1
40 46 1
40 49 1
40 47 1
42 50 1
42 51 1
42 48 1
42 49 1
42 46 1
42 44 1
44 51 1
44 48 1
44 49 1
44 50 1
44 46 1
45 47 1
46 51 1
46 48 1
46 49 1
46 50 1
48 51 1
48 49 1
49 51 1
49 50 1
50 51 1
