21 104 394
24 103 394
31 102 394
38 101 394
41 100 394
69 99 394
74 98 394
75 90 394
85 97 394
116 95 394
124 94 394
133 93 394
146 92 394
149 75 394
0 104 540
13 103 540
38 102 540
45 101 540
54 100 540
69 99 540
77 98 540
86 97 540
96 95 540
112 94 540
122 93 540
125 92 540
148 90 540
150 75 540
12 104 648
20 103 648
21 102 648
28 101 648
30 100 648
57 99 648
65 98 648
68 97 648
82 95 648
129 94 648
131 93 648
133 92 648
148 90 648
150 75 648
18 104 657
26 103 657
46 102 657
67 101 657
69 100 657
78 99 657
82 98 657
87 97 657
91 95 657
102 90 657
104 75 657
108 94 657
130 93 657
139 92 657
14 104 663
30 103 663
35 102 663
45 101 663
53 100 663
57 99 663
67 98 663
76 97 663
83 95 663
101 75 663
107 94 663
127 93 663
130 92 663
139 90 663
1 104 669
16 103 669
18 102 669
23 101 669
42 100 669
58 99 669
63 98 669
81 97 669
95 75 669
96 95 669
117 94 669
123 93 669
145 92 669
148 90 669
26 104 672
30 103 672
36 102 672
39 101 672
45 100 672
64 99 672
66 98 672
95 75 672
122 97 672
123 95 672
124 94 672
132 93 672
139 92 672
140 90 672
6 104 682
24 103 682
37 102 682
43 101 682
67 100 682
72 99 682
82 98 682
84 97 682
89 95 682
92 90 682
97 75 682
113 94 682
133 93 682
139 92 682
4 104 698
5 103 698
15 102 698
17 101 698
47 100 698
49 99 698
77 98 698
78 97 698
102 75 698
107 95 698
110 94 698
138 93 698
140 92 698
144 90 698
19 104 702
23 103 702
24 102 702
33 101 702
41 100 702
49 99 702
52 98 702
58 97 702
83 95 702
89 94 702
133 93 702
134 92 702
136 90 702
144 75 702
0 104 703
18 103 703
19 102 703
28 101 703
54 100 703
66 99 703
67 98 703
68 97 703
96 95 703
99 75 703
129 94 703
131 93 703
140 92 703
146 90 703
14 104 710
35 103 710
37 102 710
48 101 710
52 100 710
54 99 710
70 98 710
74 97 710
75 95 710
86 94 710
97 75 710
123 93 710
133 92 710
147 90 710
11 104 716
28 103 716
30 102 716
46 101 716
63 100 716
87 99 716
96 98 716
99 92 716
100 90 716
102 75 716
108 97 716
136 95 716
140 94 716
141 93 716
