27 96 382
63 95 382
103 94 382
107 93 382
109 92 382
123 91 382
11 96 482
16 95 482
36 94 482
44 93 482
94 91 482
137 92 482
38 16 540
55 41 540
59 40 540
77 38 540
93 18 540
106 17 540
50 96 543
68 95 543
86 94 543
95 91 543
109 93 543
117 92 543
17 16 602
23 41 602
55 40 602
84 38 602
103 18 602
123 17 602
21 96 603
33 95 603
52 94 603
73 93 603
80 92 603
129 91 603
22 41 658
33 40 658
36 38 658
85 18 658
91 17 658
147 16 658
42 41 664
62 40 664
77 38 664
98 18 664
113 17 664
117 16 664
16 96 672
23 95 672
81 94 672
123 93 672
141 92 672
144 91 672
21 96 679
24 95 679
46 94 679
59 93 679
70 92 679
96 91 679
1 41 693
30 40 693
52 38 693
72 18 693
105 17 693
137 16 693
8 96 705
34 95 705
48 94 705
66 93 705
90 92 705
140 91 705
46 41 731
49 40 731
73 38 731
88 18 731
103 17 731
132 16 731
13 96 747
46 95 747
55 94 747
71 93 747
75 92 747
99 91 747
