56 32 0
124 31 0
17 118 9
132 117 9
29 122 21
66 121 21
13 32 34
49 31 34
60 132 44
126 130 44
16 144 45
21 143 45
78 27 45
107 26 45
34 73 46
59 69 46
72 68 46
145 38 46
11 96 48
141 75 48
4 133 50
92 113 50
78 122 51
148 121 51
21 25 52
88 24 52
3 78 53
26 77 53
5 124 54
22 123 54
30 93 54
146 91 54
4 78 55
41 77 55
106 51 58
125 50 58
3 144 63
20 143 63
74 58 79
100 57 79
28 104 84
134 103 84
138 93 84
142 91 84
98 61 102
135 60 102
115 80 107
142 79 107
5 138 109
108 137 109
3 128 111
57 127 111
17 108 115
132 107 115
5 24 118
56 23 118
77 52 121
99 51 121
35 106 127
42 105 127
18 70 130
93 69 130
28 96 138
101 75 138
14 27 149
46 26 149
11 25 151
128 24 151
45 148 161
91 147 161
85 82 163
150 81 163
30 73 170
34 39 170
51 29 170
86 28 170
22 80 171
80 79 171
4 73 179
33 69 179
36 68 179
118 38 179
51 70 180
108 69 180
56 142 181
67 133 181
55 19 184
61 18 184
96 80 185
119 79 185
7 110 186
41 109 186
73 96 188
84 75 188
8 24 196
133 23 196
6 134 198
26 38 198
26 70 198
59 114 198
69 38 198
69 73 198
74 98 198
85 97 198
89 73 198
147 71 198
97 61 203
116 60 203
38 110 204
147 109 204
54 132 205
77 130 205
19 126 206
26 125 206
111 106 207
145 105 207
11 33 208
103 32 208
32 144 209
94 143 209
68 58 210
120 57 210
8 108 213
150 107 213
24 54 214
103 53 214
86 118 216
128 117 216
25 126 218
41 125 218
92 108 219
94 107 219
70 78 221
85 77 221
18 52 222
20 51 222
72 31 223
78 30 223
90 126 224
146 125 224
7 142 226
81 141 226
102 23 226
110 22 226
39 108 227
133 107 227
1 54 228
17 53 228
60 108 229
66 107 229
65 54 230
95 53 230
2 98 231
31 97 231
61 40 231
79 39 231
89 1 231
92 0 231
138 122 232
150 121 232
17 78 235
53 77 235
34 66 236
138 65 236
87 92 238
114 91 238
28 64 239
33 63 239
115 78 241
148 77 241
56 80 242
59 79 242
21 135 243
22 134 243
56 125 243
98 124 243
11 142 246
48 141 246
85 23 246
127 22 246
10 126 249
42 125 249
25 122 250
56 121 250
26 98 251
36 97 251
66 40 251
73 39 251
113 1 251
140 0 251
29 135 253
30 134 253
34 125 253
92 124 253
15 95 254
128 94 254
33 108 255
51 107 255
66 126 256
130 125 256
39 110 257
99 109 257
55 148 258
73 133 258
121 103 258
121 105 258
124 133 258
124 148 258
126 127 258
146 126 258
47 19 259
128 18 259
46 126 264
94 125 264
22 148 266
128 147 266
50 64 268
129 63 268
99 31 269
125 30 269
72 80 273
117 79 273
5 63 277
12 62 277
27 55 277
35 54 277
17 122 279
123 121 279
80 126 280
108 125 280
53 88 281
66 87 281
135 33 282
148 32 282
77 51 284
139 50 284
122 19 285
124 18 285
59 138 288
89 137 288
105 138 290
128 137 290
118 64 292
141 63 292
71 110 293
84 109 293
60 52 298
90 51 298
4 70 302
21 69 302
72 148 303
137 147 303
4 144 304
62 143 304
146 27 304
150 26 304
26 122 305
42 121 305
3 63 308
33 62 308
48 55 308
145 54 308
11 82 309
74 81 309
128 139 310
144 138 310
37 49 314
47 48 314
1 138 320
11 137 320
84 130 320
101 129 320
111 128 320
129 7 320
136 114 320
147 73 320
2 150 321
5 136 321
26 135 321
88 74 321
84 108 322
145 107 322
4 50 323
113 49 323
31 32 327
64 31 327
48 51 328
141 50 328
42 126 329
50 125 329
52 78 331
69 77 331
0 127 332
9 126 332
52 117 332
67 116 332
72 26 332
92 24 332
121 22 332
135 21 332
26 51 333
69 50 333
14 25 334
121 24 334
41 33 337
102 32 337
16 146 338
64 145 338
89 12 338
111 11 338
20 25 339
99 24 339
67 85 341
109 84 341
112 24 344
124 23 344
2 78 345
45 77 345
14 52 346
22 51 346
58 51 348
121 50 348
93 132 350
109 131 350
111 88 350
118 87 350
120 39 350
135 37 350
20 144 351
99 143 351
105 27 351
109 26 351
35 144 352
120 143 352
21 61 353
112 60 353
43 96 354
133 75 354
16 95 357
52 94 357
5 126 358
149 125 358
2 135 359
24 134 359
100 125 359
106 124 359
59 110 361
106 109 361
106 138 364
131 137 364
0 73 365
26 69 365
63 68 365
144 38 365
33 27 366
83 26 366
26 95 367
70 94 367
7 78 368
129 77 368
31 144 371
127 143 371
111 32 372
114 31 372
32 122 374
61 121 374
83 19 376
100 18 376
20 31 377
66 30 377
20 88 378
59 87 378
10 120 382
10 121 382
85 142 382
98 133 382
98 142 382
144 133 382
21 64 383
61 63 383
74 95 384
102 94 384
112 108 385
133 107 385
0 101 387
10 95 387
26 59 387
26 60 387
71 95 387
71 101 387
87 66 387
89 65 387
81 10 388
103 8 388
5 146 389
34 145 389
57 119 389
64 118 389
71 48 389
75 47 389
82 38 389
88 36 389
108 23 389
150 11 389
16 138 390
65 137 390
112 61 391
148 60 391
5 110 393
31 109 393
23 124 394
54 123 394
80 93 394
84 91 394
64 80 395
146 79 395
1 138 396
113 137 396
1 108 400
2 39 400
2 44 400
14 107 400
33 79 400
71 78 400
82 72 400
88 107 400
88 108 400
108 71 400
120 80 401
122 79 401
107 132 402
133 130 402
74 16 405
135 1 405
66 148 411
115 142 411
74 29 412
111 28 412
1 147 413
12 146 413
17 18 413
17 19 413
23 1 413
23 2 413
36 75 413
69 71 413
73 31 413
92 30 413
123 71 413
123 75 413
136 18 413
136 19 413
63 108 416
65 107 416
134 64 419
147 63 419
89 92 420
133 91 420
95 27 422
122 26 422
79 126 426
97 125 426
42 122 429
87 121 429
33 122 430
39 121 430
43 33 432
59 32 432
52 118 433
150 117 433
52 92 435
85 91 435
4 95 436
75 94 436
8 52 438
82 51 438
10 32 439
113 31 439
1 78 444
88 77 444
16 144 445
39 143 445
96 27 445
111 26 445
6 78 446
22 77 446
125 118 448
135 117 448
6 108 450
136 107 450
12 128 451
133 127 451
62 138 452
100 137 452
35 32 453
52 31 453
57 10 455
143 8 455
20 29 457
44 28 457
25 61 458
100 60 458
29 92 459
103 91 459
13 108 461
33 107 461
63 70 462
127 69 462
21 145 463
94 144 463
97 98 463
104 97 463
19 78 464
55 77 464
47 82 465
116 81 465
5 110 468
22 104 468
86 66 468
130 65 468
79 80 470
137 79 470
23 66 472
84 65 472
37 118 475
114 117 475
69 96 476
142 75 476
101 148 477
142 147 477
12 146 478
13 145 478
17 119 478
34 118 478
42 48 478
53 47 478
68 38 478
105 36 478
117 23 478
129 11 478
53 108 479
60 107 479
81 98 481
103 97 481
32 52 482
78 51 482
72 80 483
90 79 483
20 108 484
115 107 484
24 61 485
110 60 485
27 95 488
79 94 488
81 32 489
138 31 489
40 25 490
136 24 490
23 110 491
149 109 491
0 1 492
0 3 492
12 149 492
48 142 492
66 138 492
71 137 492
72 133 492
84 94 492
97 61 492
109 137 492
109 138 492
118 45 492
4 149 494
7 142 494
19 138 494
22 137 494
35 1 494
35 3 494
53 133 494
89 94 494
109 61 494
111 45 494
139 137 494
139 138 494
1 142 495
27 133 495
22 144 496
72 143 496
16 25 497
100 24 497
17 27 498
120 26 498
25 78 501
146 77 501
4 96 502
87 75 502
70 118 505
106 117 505
82 132 508
145 130 508
3 118 509
100 117 509
0 149 510
6 139 510
35 138 510
45 125 510
51 124 510
60 123 510
61 122 510
74 65 510
74 66 510
81 118 510
95 107 510
104 90 510
120 76 510
120 149 510
121 76 510
141 70 510
23 108 511
38 107 511
35 85 512
102 84 512
90 128 515
116 127 515
77 58 516
90 57 516
9 82 517
41 81 517
13 142 518
45 141 518
86 23 518
148 22 518
61 80 519
148 79 519
19 126 522
113 125 522
30 73 523
61 36 523
79 128 524
144 127 524
51 137 525
86 136 525
107 49 525
145 46 525
29 82 527
38 81 527
113 70 528
143 69 528
6 96 530
131 75 530
1 145 531
17 144 531
54 98 531
71 97 531
6 98 533
33 97 533
100 31 534
120 30 534
70 96 536
150 75 536
63 16 539
115 1 539
2 138 540
7 137 540
40 130 540
53 129 540
68 128 540
101 114 540
130 7 540
148 73 540
116 6 541
127 5 541
10 133 542
81 113 542
3 52 545
40 51 545
35 61 546
132 60 546
56 98 547
75 97 547
88 40 547
124 39 547
137 1 547
145 0 547
73 128 548
84 127 548
36 118 551
110 117 551
16 135 552
17 134 552
20 125 552
55 124 552
74 31 553
125 30 553
29 128 554
42 127 554
106 144 555
112 143 555
115 27 555
117 26 555
61 38 559
71 21 559
71 33 559
108 33 559
108 34 559
131 34 559
18 148 561
134 142 561
28 85 563
67 84 563
18 24 565
132 23 565
68 80 566
135 79 566
61 110 568
62 104 568
137 66 568
145 65 568
108 61 571
144 60 571
59 27 573
126 26 573
14 120 575
14 121 575
48 142 575
104 133 575
123 133 575
123 142 575
34 61 577
149 60 577
65 64 581
89 63 581
43 139 584
49 138 584
68 78 587
99 77 587
15 32 588
129 31 588
117 148 589
148 147 589
113 19 590
114 18 590
63 122 591
92 121 591
52 49 592
88 48 592
106 122 595
140 121 595
53 95 597
98 94 597
95 107 598
139 101 598
15 82 599
98 81 599
53 106 601
118 105 601
7 113 602
29 109 602
48 89 602
94 88 602
109 22 602
120 87 602
146 86 602
149 80 602
51 113 603
56 109 603
67 89 603
78 88 603
102 87 603
121 86 603
142 80 603
148 22 603
25 24 604
53 25 604
34 32 605
93 31 605
12 147 606
36 39 606
36 70 606
58 146 606
66 145 606
136 142 606
136 145 606
150 142 606
8 33 607
129 32 607
76 51 608
132 50 608
6 80 609
127 79 609
81 49 610
98 48 610
97 106 612
124 105 612
93 52 614
106 51 614
23 80 615
48 79 615
121 139 616
141 138 616
9 144 617
25 143 617
46 27 617
129 26 617
19 128 621
120 127 621
29 49 622
107 48 622
56 138 623
77 137 623
30 25 624
44 24 624
15 80 625
75 79 625
30 107 626
145 101 626
140 144 628
146 143 628
95 107 629
107 108 629
15 78 630
112 77 630
27 24 631
63 23 631
71 27 632
97 26 632
85 6 634
90 5 634
1 148 635
24 147 635
141 100 635
148 94 635
60 51 637
120 50 637
1 65 638
1 66 638
6 149 638
14 139 638
19 138 638
40 125 638
45 124 638
53 123 638
56 122 638
68 76 638
68 149 638
86 118 638
116 107 638
118 70 638
129 90 638
132 76 638
85 16 640
125 1 640
13 137 641
76 136 641
138 49 641
148 46 641
25 104 643
59 103 643
68 93 643
73 91 643
53 54 644
128 53 644
18 104 645
41 103 645
107 93 645
133 91 645
2 29 648
2 54 648
20 139 648
36 115 648
36 116 648
78 133 648
80 116 648
88 115 648
120 85 648
131 55 648
30 125 649
57 124 649
60 109 649
84 108 649
89 80 649
130 79 649
131 51 649
144 50 649
16 135 650
24 134 650
49 125 650
114 124 650
4 39 651
4 44 651
5 107 651
5 108 651
16 108 651
23 107 651
50 79 651
60 78 651
65 72 651
98 71 651
88 138 652
101 137 652
7 142 653
50 133 653
4 147 654
43 146 654
55 18 654
55 19 654
67 1 654
67 2 654
68 75 654
103 71 654
109 31 654
110 71 654
110 75 654
133 18 654
133 19 654
137 30 654
2 17 655
2 37 655
27 0 655
27 1 655
47 137 655
54 136 655
76 46 655
76 95 655
79 95 655
90 46 655
146 0 655
146 37 655
114 144 656
116 143 656
119 27 656
149 26 656
8 46 657
8 48 657
24 37 657
24 38 657
28 150 657
32 78 657
32 79 657
36 144 657
39 32 657
39 34 657
40 128 657
43 127 657
44 125 657
45 116 657
51 115 657
53 114 657
56 112 657
59 6 657
59 13 657
62 108 657
67 104 657
70 4 657
70 5 657
76 13 657
76 49 657
78 4 657
78 6 657
83 1 657
83 3 657
86 95 657
91 92 657
95 74 657
98 125 657
98 128 657
103 88 657
104 58 657
114 76 657
114 77 657
120 81 657
121 80 657
128 49 657
131 79 657
132 78 657
140 77 657
145 76 657
147 115 657
147 116 657
149 75 657
16 113 658
29 109 658
58 89 658
61 88 658
67 87 658
76 86 658
137 80 658
143 22 658
49 82 659
92 81 659
76 50 660
142 49 660
21 23 661
21 53 661
46 145 661
69 54 661
108 69 661
120 68 661
133 23 661
133 145 661
10 63 662
41 62 662
85 55 662
89 54 662
3 127 663
13 126 663
40 117 663
78 116 663
87 26 663
103 24 663
135 22 663
145 21 663
36 148 664
115 147 664
18 17 665
18 37 665
70 137 665
81 136 665
84 95 665
88 0 665
88 1 665
134 46 665
134 95 665
144 46 665
146 0 665
146 37 665
11 29 666
137 28 666
30 134 668
40 114 668
41 98 668
51 97 668
75 38 668
75 70 668
78 73 668
136 71 668
142 38 668
142 73 668
39 126 669
66 125 669
50 147 670
56 146 670
93 39 670
93 70 670
125 145 670
138 142 670
138 145 670
143 142 670
54 118 671
84 117 671
0 63 672
0 64 672
6 127 672
8 44 672
8 50 672
21 125 672
68 124 672
83 125 672
83 127 672
84 123 672
86 123 672
86 124 672
91 89 672
138 82 672
100 78 675
129 77 675
5 135 676
8 134 676
10 125 676
49 124 676
15 122 677
106 121 677
79 142 678
101 141 678
134 23 678
147 22 678
1 125 679
9 124 679
19 109 679
23 108 679
83 80 679
96 79 679
121 51 679
122 50 679
7 148 680
54 147 680
106 100 680
108 94 680
5 50 682
5 51 682
6 49 682
6 59 682
11 46 682
11 49 682
12 43 682
12 45 682
13 150 682
17 149 682
20 144 682
23 143 682
25 34 682
25 40 682
26 142 682
27 6 682
27 18 682
31 141 682
32 138 682
35 137 682
36 27 682
36 31 682
38 131 682
39 130 682
45 123 682
47 122 682
48 115 682
53 113 682
57 112 682
62 107 682
65 21 682
65 23 682
73 105 682
75 1 682
75 2 682
77 16 682
77 18 682
80 13 682
80 15 682
84 104 682
85 103 682
95 2 682
95 6 682
104 31 682
104 40 682
105 62 682
106 87 682
108 144 682
108 1 682
111 86 682
113 60 682
116 76 682
123 23 682
123 27 682
126 141 682
126 143 682
127 131 682
127 137 682
129 75 682
135 103 682
135 130 682
136 71 682
140 63 682
141 59 682
145 60 682
145 75 682
2 150 683
4 149 683
15 144 683
15 1 683
17 144 683
18 143 683
25 142 683
27 141 683
31 6 683
31 18 683
35 50 683
35 51 683
37 138 683
41 137 683
43 131 683
45 141 683
45 143 683
47 46 683
47 49 683
48 130 683
50 131 683
50 137 683
51 103 683
51 130 683
56 123 683
57 43 683
57 45 683
62 60 683
62 75 683
63 71 683
69 122 683
72 115 683
75 1 683
75 2 683
77 113 683
78 112 683
79 107 683
81 34 683
81 40 683
83 105 683
87 62 683
90 27 683
90 31 683
95 21 683
95 23 683
97 104 683
105 49 683
105 59 683
107 31 683
107 40 683
110 103 683
113 23 683
113 27 683
114 16 683
114 18 683
120 87 683
124 13 683
124 15 683
129 86 683
130 60 683
131 59 683
135 76 683
140 75 683
145 63 683
146 2 683
146 6 683
31 134 684
55 114 684
62 98 684
90 38 684
90 70 684
92 38 684
92 73 684
122 97 684
123 73 684
136 71 684
50 128 685
112 127 685
12 138 686
23 137 686
43 130 686
48 129 686
57 128 686
115 114 686
122 73 686
132 7 686
112 122 689
127 121 689
28 51 690
42 50 690
10 130 691
13 110 691
21 87 691
30 68 691
30 71 691
41 32 691
41 67 691
50 86 691
64 86 691
64 87 691
95 83 691
114 81 691
126 75 691
137 72 691
137 75 691
140 72 691
25 148 692
42 103 692
42 105 692
54 133 692
86 133 692
86 148 692
102 127 692
123 126 692
42 118 693
116 117 693
31 82 694
80 81 694
13 148 696
18 142 696
22 141 696
33 131 696
44 107 696
48 106 696
66 26 696
88 105 696
94 92 696
107 25 696
114 91 696
122 80 696
128 79 696
130 74 696
134 68 696
139 66 696
140 28 696
148 5 696
6 96 697
48 75 697
0 140 698
7 138 698
19 4 698
19 5 698
25 136 698
32 75 698
52 67 698
58 66 698
73 62 698
76 53 698
76 60 698
79 60 698
82 53 698
92 49 698
101 48 698
109 45 698
112 39 698
120 38 698
131 34 698
139 30 698
146 29 698
147 28 698
1 150 699
4 6 699
4 13 699
7 46 699
7 48 699
10 37 699
10 38 699
11 144 699
14 128 699
19 127 699
22 125 699
23 116 699
31 115 699
38 78 699
38 79 699
39 114 699
46 76 699
46 77 699
47 112 699
58 4 699
58 49 699
59 108 699
72 104 699
77 78 699
84 95 699
90 32 699
90 34 699
91 92 699
92 76 699
96 6 699
96 13 699
100 4 699
100 5 699
105 1 699
105 3 699
115 75 699
116 74 699
118 88 699
125 58 699
136 125 699
136 128 699
139 81 699
140 80 699
141 115 699
141 116 699
143 79 699
147 77 699
150 49 699
75 25 700
106 24 700
40 148 702
42 103 702
42 105 702
44 133 702
51 127 702
56 126 702
99 133 702
99 148 702
8 84 703
16 82 703
73 74 703
117 40 703
7 140 704
9 136 704
12 135 704
25 12 704
25 13 704
28 102 704
29 101 704
36 100 704
38 7 704
38 11 704
41 99 704
47 78 704
62 76 704
83 63 704
89 60 704
103 26 704
103 44 704
104 59 704
112 57 704
116 46 704
118 44 704
119 26 704
124 24 704
125 13 704
125 24 704
129 22 704
131 19 704
133 18 704
134 17 704
139 16 704
141 15 704
149 14 704
35 124 705
44 123 705
69 93 705
141 91 705
5 120 706
7 119 706
20 108 706
58 99 706
70 93 706
86 92 706
102 65 706
133 64 706
17 72 709
17 73 709
19 47 709
19 68 709
50 144 709
51 143 709
55 6 709
55 16 709
84 130 709
85 1 709
85 4 709
91 123 709
97 122 709
98 122 709
98 123 709
111 106 709
111 107 709
113 4 709
113 6 709
128 113 709
133 107 709
141 47 709
141 68 709
142 106 709
7 132 710
14 131 710
76 88 710
95 87 710
103 39 710
113 37 710
21 51 711
150 50 711
17 84 712
33 82 712
40 74 712
142 40 712
35 58 713
147 57 713
9 132 715
21 131 715
59 88 715
63 87 715
86 39 715
113 37 715
5 133 716
14 132 716
19 129 716
34 14 716
47 128 716
49 124 716
57 120 716
64 119 716
68 103 716
75 102 716
106 100 716
107 99 716
121 97 716
130 95 716
132 12 716
150 34 716
106 144 717
131 143 717
105 73 718
120 69 718
140 68 718
150 38 718
0 133 719
22 132 719
43 129 719
45 128 719
47 124 719
71 120 719
79 119 719
83 103 719
86 102 719
92 100 719
93 99 719
102 14 719
120 12 719
135 97 719
137 95 719
139 34 719
53 88 721
73 87 721
71 73 722
94 39 722
97 29 722
142 28 722
32 96 723
131 75 723
72 132 725
137 130 725
5 33 726
39 32 726
20 118 728
138 117 728
21 92 729
83 91 729
88 124 730
97 123 730
145 93 730
149 91 730
35 132 731
70 130 731
94 32 732
125 31 732
81 118 734
132 117 734
54 32 736
105 31 736
22 147 737
30 39 737
30 70 737
39 142 737
39 145 737
71 146 737
85 145 737
109 142 737
15 146 741
79 145 741
110 12 741
135 11 741
1 150 742
41 136 742
61 135 742
141 74 742
6 39 743
6 70 743
48 147 743
56 142 743
56 145 743
93 146 743
115 145 743
145 142 743
6 38 745
55 21 745
55 33 745
62 34 745
117 33 745
117 34 745
113 78 747
123 77 747
57 19 748
68 18 748
1 140 749
13 136 749
20 135 749
21 12 749
21 13 749
29 102 749
34 101 749
45 100 749
49 99 749
55 7 749
55 11 749
56 78 749
58 76 749
63 15 749
64 63 749
76 14 749
81 60 749
83 59 749
84 57 749
88 46 749
102 13 749
102 24 749
107 44 749
113 26 749
122 24 749
125 22 749
126 26 749
126 44 749
139 19 749
141 18 749
145 17 749
150 16 749
4 140 752
10 138 752
13 136 752
17 75 752
21 4 752
21 5 752
33 67 752
34 28 752
35 66 752
42 62 752
43 60 752
64 53 752
84 49 752
102 48 752
110 45 752
122 53 752
122 60 752
128 39 752
135 38 752
143 34 752
149 30 752
150 29 752
0 73 753
38 68 753
70 69 753
147 38 753
74 16 754
119 1 754
5 133 755
19 132 755
24 129 755
44 128 755
45 124 755
47 120 755
53 119 755
55 103 755
64 102 755
69 100 755
94 99 755
96 97 755
106 95 755
110 34 755
119 12 755
125 14 755
104 82 756
140 81 756
22 124 759
76 123 759
112 93 759
136 91 759
2 68 760
2 71 760
5 130 760
11 110 760
36 32 760
36 67 760
41 87 760
62 86 760
64 83 760
69 81 760
100 75 760
130 72 760
130 75 760
140 86 760
140 87 760
144 72 760
5 132 761
150 130 761
82 61 762
144 60 762
9 144 763
39 143 763
55 27 763
132 26 763
78 61 766
142 60 766
58 51 767
115 50 767
89 21 768
89 33 768
93 38 768
106 34 768
142 33 768
142 34 768
21 92 769
45 91 769
46 148 773
112 147 773
2 82 774
41 81 774
25 132 775
31 131 775
85 88 775
112 87 775
119 39 775
133 37 775
32 31 776
135 32 776
61 25 777
86 24 777
45 24 778
118 23 778
20 98 779
60 97 779
26 124 780
46 123 780
106 93 780
127 91 780
16 84 781
69 82 781
70 74 781
89 40 781
24 84 782
61 82 782
65 74 782
117 40 782
3 148 785
7 142 785
13 141 785
18 131 785
19 107 785
27 106 785
31 105 785
44 92 785
53 91 785
62 80 785
80 5 785
81 79 785
98 74 785
102 68 785
104 66 785
129 28 785
137 26 785
139 25 785
8 17 786
8 37 786
43 0 786
43 1 786
83 46 786
83 95 786
117 0 786
117 37 786
118 137 786
121 136 786
133 95 786
139 46 786
13 125 789
24 124 789
62 109 789
103 108 789
107 80 789
110 79 789
127 51 789
138 50 789
18 122 790
138 121 790
7 72 793
7 73 793
21 144 793
22 47 793
22 68 793
26 143 793
28 130 793
29 123 793
32 122 793
40 6 793
40 16 793
50 113 793
74 1 793
74 4 793
79 122 793
79 123 793
80 106 793
80 107 793
106 4 793
106 6 793
109 107 793
120 47 793
120 68 793
122 106 793
13 139 794
19 133 794
22 29 794
22 54 794
35 116 794
50 115 794
50 116 794
60 115 794
79 85 794
83 55 794
1 145 795
67 144 795
76 98 795
92 97 795
14 108 798
122 107 798
2 63 799
2 64 799
24 44 799
24 50 799
25 127 799
29 125 799
45 125 799
45 127 799
58 123 799
58 124 799
87 124 799
127 82 799
128 123 799
142 89 799
26 120 801
63 119 801
81 108 801
85 99 801
89 93 801
94 92 801
105 65 801
145 64 801
19 118 803
81 117 803
0 25 805
38 24 805
86 70 806
139 69 806
5 108 807
32 107 807
35 128 808
69 127 808
25 101 809
39 95 809
44 66 809
76 59 809
76 60 809
86 95 809
86 101 809
143 65 809
16 27 813
28 26 813
146 118 814
150 117 814
32 61 815
133 60 815
27 23 816
27 53 816
41 145 816
46 69 816
68 23 816
68 145 816
72 68 816
118 54 816
46 73 819
147 36 819
39 49 840
45 48 840
1 133 841
90 113 841
20 139 847
66 138 847
2 66 848
121 65 848
54 95 852
69 94 852
