19 5 621
26 2 621
102 1 621
128 0 621
43 87 1621
46 86 1621
54 85 1621
62 74 1621
98 36 1621
101 35 1621
0 75 1853
23 65 1853
75 23 1853
100 29 1853
103 28 1853
134 27 1853
49 5 1957
105 2 1957
119 1 1957
135 0 1957
1 109 2216
8 108 2216
30 107 2216
38 92 2216
72 78 2216
94 77 2216
22 150 2333
70 126 2333
80 125 2333
82 124 2333
127 50 2333
140 48 2333
84 5 2637
117 2 2637
127 1 2637
129 0 2637
29 87 3735
45 86 3735
55 85 3735
82 74 3735
105 36 3735
138 35 3735
2 109 4271
96 108 4271
101 107 4271
134 92 4271
141 78 4271
150 77 4271
81 150 4819
86 126 4819
92 125 4819
102 124 4819
118 50 4819
119 48 4819
0 150 5063
2 126 5063
20 125 5063
35 124 5063
82 50 5063
136 48 5063
10 109 5279
37 108 5279
99 107 5279
101 92 5279
127 78 5279
149 77 5279
43 5 5286
53 2 5286
62 1 5286
82 0 5286
73 87 5296
76 86 5296
96 85 5296
139 74 5296
144 36 5296
146 35 5296
30 75 5409
90 65 5409
96 29 5409
97 28 5409
133 27 5409
137 23 5409
14 75 5640
49 65 5640
58 29 5640
96 28 5640
133 27 5640
138 23 5640
