12 133 61
150 113 61
43 131 86
87 129 86
17 94 90
129 92 90
107 138 175
140 137 175
23 51 183
116 50 183
113 118 252
139 117 252
128 140 287
145 139 287
39 53 409
146 52 409
9 140 436
136 139 436
9 102 466
149 101 466
15 110 523
40 109 523
9 84 548
141 83 548
67 118 563
95 117 563
107 136 574
117 135 574
109 12 579
150 11 579
107 19 599
136 18 599
15 134 608
131 114 608
67 6 615
72 5 615
37 27 644
42 21 644
43 86 647
55 85 647
29 82 660
131 81 660
42 88 667
53 87 667
106 84 688
129 83 688
25 118 711
68 117 711
29 84 721
102 83 721
58 5 723
119 4 723
73 149 725
96 75 725
16 43 751
61 42 751
84 144 760
144 143 760
84 94 796
105 92 796
65 68 808
142 67 808
15 146 816
19 145 816
38 97 834
100 96 834
114 61 891
149 60 891
0 134 905
60 114 905
2 82 933
14 81 933
95 84 938
109 83 938
52 71 943
138 70 943
51 104 946
115 103 946
39 33 954
127 32 954
35 124 996
54 123 996
16 94 1003
106 92 1003
92 23 1022
140 21 1022
75 93 1033
136 91 1033
19 132 1087
87 76 1087
2 150 1138
44 55 1138
62 138 1143
139 137 1143
33 62 1238
80 61 1238
114 107 1241
132 106 1241
18 4 1243
40 3 1243
133 113 1245
148 133 1245
81 146 1281
85 145 1281
112 27 1325
142 26 1325
46 30 1328
149 29 1328
4 104 1343
41 103 1343
14 105 1354
64 103 1354
93 143 1368
125 142 1368
27 69 1377
143 68 1377
86 79 1420
111 78 1420
53 3 1431
70 2 1431
23 110 1434
105 109 1434
102 139 1442
143 138 1442
104 79 1448
142 78 1448
6 102 1451
40 101 1451
76 65 1487
96 64 1487
35 12 1492
63 11 1492
29 129 1533
49 128 1533
32 101 1562
38 100 1562
93 123 1588
148 122 1588
5 43 1596
20 42 1596
8 79 1621
86 78 1621
27 110 1672
147 109 1672
107 87 1705
119 86 1705
19 18 1717
43 19 1717
61 33 1728
119 32 1728
4 92 1744
63 91 1744
63 119 1749
100 118 1749
81 79 1754
105 78 1754
64 21 1755
133 20 1755
32 27 1758
111 26 1758
94 123 1783
116 122 1783
101 110 1801
126 109 1801
8 105 1802
133 103 1802
70 91 1810
128 90 1810
67 44 1823
70 43 1823
50 35 1826
52 34 1826
1 131 1829
55 129 1829
1 120 1840
81 119 1840
42 58 1849
85 57 1849
132 53 1852
150 52 1852
35 126 1853
101 125 1853
55 51 1854
149 50 1854
12 144 1856
149 143 1856
1 88 1862
74 87 1862
22 65 1880
136 64 1880
41 71 1887
84 70 1887
89 125 1889
119 124 1889
22 132 1897
123 130 1897
19 133 1900
30 113 1900
116 136 1903
131 135 1903
46 25 1912
111 24 1912
70 30 1921
96 28 1921
95 101 1931
134 100 1931
19 107 1936
34 106 1936
1 135 1941
20 134 1941
61 62 1943
65 61 1943
7 147 1957
93 146 1957
11 139 1959
24 138 1959
12 78 1965
59 77 1965
33 60 1968
96 59 1968
20 79 1985
76 78 1985
0 111 1993
10 95 1993
4 54 2016
53 48 2016
63 31 2016
107 30 2016
49 59 2019
66 58 2019
19 51 2031
119 50 2031
98 143 2055
132 142 2055
35 16 2056
138 15 2056
54 90 2064
81 89 2064
11 41 2067
51 40 2067
11 150 2072
129 55 2072
54 27 2092
102 26 2092
64 71 2102
145 70 2102
20 14 2105
85 13 2105
74 82 2118
141 81 2118
37 116 2127
129 115 2127
46 137 2134
57 136 2134
69 87 2134
90 86 2134
72 101 2139
120 100 2139
20 91 2141
125 90 2141
88 138 2151
134 137 2151
75 144 2155
115 143 2155
96 68 2166
131 67 2166
0 110 2172
16 109 2172
81 61 2173
114 60 2173
66 78 2174
117 77 2174
51 31 2177
105 30 2177
35 3 2180
142 2 2180
134 31 2185
142 30 2185
37 30 2186
54 29 2186
130 121 2187
144 120 2187
24 6 2189
47 5 2189
20 135 2190
57 134 2190
62 6 2191
116 5 2191
44 3 2199
93 2 2199
68 71 2201
121 70 2201
18 125 2203
37 124 2203
5 123 2207
141 122 2207
19 12 2216
32 11 2216
35 143 2232
95 142 2232
14 123 2246
117 122 2246
4 149 2278
121 131 2278
30 34 2308
133 33 2308
107 99 2334
118 98 2334
50 27 2381
133 26 2381
81 134 2384
122 114 2384
24 5 2466
116 4 2466
95 27 2477
148 21 2477
9 142 2491
118 141 2491
101 138 2509
108 137 2509
95 107 2520
122 106 2520
8 143 2525
21 142 2525
1 39 2594
150 37 2594
30 131 2614
34 74 2614
1 31 2617
38 30 2617
44 121 2635
91 120 2635
97 71 2637
121 70 2637
10 105 2647
102 103 2647
0 114 2653
146 113 2653
4 65 2666
108 64 2666
34 146 2677
132 145 2677
52 21 2682
150 20 2682
2 44 2717
115 43 2717
44 117 2720
117 116 2720
92 125 2726
149 124 2726
141 75 2738
143 72 2738
101 109 2751
143 108 2751
43 60 2764
66 59 2764
18 39 2773
45 37 2773
51 66 2777
116 65 2777
135 14 2782
145 13 2782
74 44 2803
115 43 2803
87 88 2804
107 87 2804
28 114 2809
116 113 2809
28 119 2810
105 118 2810
40 119 2813
97 118 2813
49 145 2816
73 144 2816
57 87 2840
128 86 2840
101 88 2844
103 87 2844
99 104 2848
124 103 2848
65 11 2850
137 10 2850
74 4 2863
142 3 2863
32 4 2888
141 3 2888
25 121 2899
102 120 2899
30 26 2917
128 25 2917
0 116 2920
5 115 2920
127 88 2922
149 87 2922
4 98 2934
16 97 2934
40 141 2943
42 140 2943
42 90 2947
105 89 2947
99 58 2948
148 57 2948
40 139 2956
92 138 2956
20 27 2978
108 20 2978
19 32 2979
111 31 2979
9 24 2981
63 23 2981
32 125 3004
34 124 3004
18 124 3007
38 123 3007
52 35 3015
124 34 3015
136 43 3030
149 42 3030
38 62 3035
53 61 3035
14 132 3037
100 76 3037
108 80 3046
117 79 3046
6 148 3058
150 133 3058
86 25 3059
104 24 3059
38 86 3084
115 85 3084
5 96 3087
41 0 3087
137 4 3091
144 3 3091
104 135 3093
126 134 3093
119 19 3118
138 18 3118
41 85 3153
82 84 3153
82 86 3155
126 85 3155
15 148 3166
63 133 3166
38 80 3180
144 79 3180
83 33 3185
124 32 3185
5 80 3196
24 79 3196
73 116 3211
90 115 3211
40 101 3213
49 100 3213
19 132 3214
102 130 3214
64 137 3227
134 136 3227
28 114 3242
97 113 3242
29 53 3250
117 52 3250
52 109 3252
114 108 3252
39 130 3253
47 115 3253
64 125 3255
109 124 3255
56 111 3272
136 110 3272
7 71 3285
58 70 3285
22 34 3304
142 33 3304
11 51 3334
30 50 3334
89 24 3345
132 23 3345
2 26 3365
55 25 3365
121 101 3369
134 100 3369
88 125 3385
148 124 3385
49 111 3397
87 95 3397
27 42 3401
42 7 3401
107 41 3401
120 9 3401
5 18 3443
7 17 3443
9 135 3446
49 134 3446
8 4 3447
12 3 3447
27 132 3449
106 76 3449
39 131 3451
128 129 3451
47 113 3465
76 111 3465
90 102 3479
109 101 3479
6 105 3482
140 103 3482
97 149 3507
149 75 3507
73 55 3529
100 47 3529
0 100 3550
49 99 3550
36 33 3559
42 32 3559
47 63 3576
147 62 3576
78 19 3578
115 18 3578
2 110 3588
82 109 3588
24 105 3596
72 103 3596
100 106 3611
150 105 3611
67 133 3615
111 113 3615
124 25 3620
127 24 3620
70 139 3631
100 138 3631
51 14 3655
89 13 3655
32 35 3661
57 34 3661
48 140 3680
110 139 3680
64 126 3690
115 125 3690
119 35 3692
134 28 3692
27 67 3735
96 66 3735
29 32 3736
122 31 3736
91 23 3738
123 21 3738
54 124 3751
71 123 3751
37 64 3755
45 63 3755
29 116 3760
56 115 3760
81 147 3761
127 146 3761
28 78 3775
123 77 3775
7 71 3780
29 70 3780
54 4 3787
58 2 3787
23 110 3810
46 109 3810
62 86 3814
127 85 3814
12 50 3824
37 49 3824
81 113 3831
132 112 3831
12 93 3845
133 91 3845
9 118 3852
91 117 3852
27 53 3857
118 52 3857
5 6 3931
60 5 3931
128 116 3952
143 115 3952
14 104 3964
82 102 3964
0 126 3983
76 125 3983
117 92 4030
143 76 4030
17 64 4061
94 63 4061
16 32 4106
75 31 4106
31 145 4131
35 144 4131
21 137 4132
64 136 4132
8 11 4149
81 10 4149
39 118 4165
149 117 4165
23 79 4168
147 78 4168
27 93 4180
79 91 4180
8 33 4203
147 32 4203
42 82 4205
130 81 4205
38 25 4235
94 24 4235
96 42 4244
145 41 4244
73 12 4245
135 11 4245
33 23 4261
64 21 4261
34 18 4269
102 17 4269
12 119 4271
26 118 4271
40 135 4293
62 134 4293
73 35 4295
115 34 4295
85 108 4314
136 107 4314
84 121 4316
135 120 4316
112 92 4324
130 76 4324
88 104 4350
142 103 4350
76 64 4356
129 63 4356
47 145 4395
105 144 4395
41 4 4396
56 3 4396
29 146 4400
61 145 4400
68 104 4403
78 102 4403
118 85 4410
138 84 4410
35 136 4438
150 135 4438
73 62 4455
143 61 4455
26 27 4464
109 26 4464
140 103 4470
147 101 4470
103 102 4478
126 101 4478
98 18 4479
119 17 4479
50 48 4487
114 47 4487
19 54 4491
21 48 4491
143 31 4491
148 30 4491
9 139 4501
83 138 4501
64 6 4502
111 5 4502
6 107 4532
75 106 4532
87 86 4535
104 87 4535
120 87 4537
130 86 4537
71 87 4540
104 86 4540
0 75 4563
44 72 4563
17 42 4594
49 41 4594
108 9 4594
112 7 4594
76 103 4608
149 101 4608
16 5 4629
100 4 4629
90 111 4644
128 110 4644
96 42 4659
120 41 4659
57 83 4662
128 82 4662
70 59 4664
111 58 4664
66 124 4670
68 123 4670
12 67 4678
94 66 4678
21 31 4680
133 30 4680
17 139 4684
46 138 4684
68 85 4693
90 84 4693
20 6 4696
24 5 4696
26 141 4699
80 140 4699
50 110 4713
140 109 4713
110 65 4714
112 64 4714
25 64 4716
51 63 4716
95 23 4732
123 21 4732
48 142 4737
126 141 4737
59 80 4738
65 79 4738
26 61 4745
90 60 4745
100 138 4750
136 137 4750
49 98 4752
119 97 4752
25 32 4755
129 31 4755
77 108 4756
80 107 4756
27 87 4757
78 86 4757
61 69 4763
122 68 4763
0 124 4765
134 123 4765
18 130 4775
25 115 4775
13 106 4778
145 105 4778
29 95 4784
103 94 4784
33 6 4791
110 5 4791
30 127 4804
44 111 4804
7 13 4805
150 12 4805
58 63 4807
102 62 4807
106 99 4810
140 98 4810
86 35 4813
124 34 4813
29 107 4818
101 106 4818
49 88 4819
79 87 4819
10 87 4824
127 86 4824
44 97 4826
45 96 4826
26 139 4836
79 138 4836
45 136 4840
49 135 4840
30 28 4852
77 30 4852
51 139 4853
72 138 4853
73 63 4855
144 62 4855
91 6 4861
144 5 4861
26 96 4869
88 0 4869
50 94 4870
142 93 4870
21 118 4885
38 117 4885
83 113 4888
106 112 4888
56 31 4889
91 30 4889
105 59 4902
141 58 4902
105 138 4906
123 137 4906
67 146 4912
85 145 4912
28 30 4914
149 29 4914
1 142 4917
31 74 4917
57 30 4917
106 29 4917
139 4 4917
147 3 4917
0 43 4931
64 42 4931
3 82 4933
32 81 4933
97 35 4934
123 28 4934
4 11 4939
12 10 4939
27 65 4942
123 64 4942
49 48 4943
65 47 4943
24 100 4949
129 94 4949
29 101 4952
148 100 4952
120 34 4956
134 33 4956
133 123 4962
138 122 4962
33 2 4965
88 1 4965
42 66 4966
110 65 4966
67 13 4967
115 12 4967
138 92 4985
140 91 4985
34 62 4989
148 61 4989
89 147 4991
97 146 4991
124 141 4995
146 140 4995
34 84 5005
118 83 5005
83 119 5008
95 118 5008
91 88 5011
110 87 5011
53 85 5013
104 84 5013
65 6 5022
146 5 5022
27 85 5023
121 84 5023
19 129 5027
31 128 5027
108 107 5028
135 108 5028
32 138 5034
94 137 5034
39 4 5035
143 2 5035
40 98 5038
138 97 5038
56 116 5039
84 115 5039
51 138 5040
99 137 5040
40 107 5042
90 106 5042
0 2 5056
43 1 5056
19 126 5063
51 125 5063
122 94 5064
138 93 5064
76 104 5067
122 103 5067
32 146 5068
68 145 5068
16 50 5069
73 49 5069
95 143 5089
146 142 5089
77 43 5091
91 8 5091
34 61 5092
87 60 5092
2 53 5093
144 52 5093
46 58 5095
77 57 5095
30 142 5104
77 141 5104
50 53 5106
69 52 5106
39 119 5111
78 118 5111
16 138 5112
19 137 5112
9 104 5117
48 102 5117
68 83 5123
75 82 5123
50 26 5127
107 25 5127
13 135 5134
37 134 5134
107 135 5137
116 134 5137
41 2 5138
48 1 5138
99 51 5140
140 50 5140
7 100 5141
69 94 5141
27 14 5148
37 13 5148
35 12 5152
83 11 5152
24 68 5153
37 67 5153
1 145 5154
29 144 5154
4 16 5176
46 15 5176
94 108 5178
110 107 5178
44 123 5179
116 122 5179
11 98 5180
24 97 5180
23 85 5182
52 84 5182
84 60 5184
96 59 5184
34 25 5186
91 24 5186
21 87 5188
47 86 5188
27 132 5189
71 76 5189
71 136 5191
110 135 5191
57 100 5195
70 99 5195
6 138 5196
95 137 5196
60 140 5197
69 139 5197
73 16 5206
82 15 5206
20 135 5208
147 134 5208
103 3 5212
115 2 5212
25 14 5225
150 13 5225
88 149 5226
112 131 5226
18 99 5235
105 98 5235
68 55 5236
124 47 5236
105 16 5238
144 15 5238
1 95 5239
72 94 5239
65 41 5259
150 40 5259
98 64 5261
144 63 5261
19 136 5263
77 135 5263
94 43 5265
146 8 5265
10 9 5267
84 10 5267
12 10 5273
52 9 5273
103 127 5274
106 111 5274
52 61 5276
64 60 5276
59 69 5277
69 68 5277
75 48 5280
88 47 5280
89 117 5286
138 116 5286
95 24 5287
114 23 5287
105 140 5290
134 139 5290
37 147 5294
52 146 5294
45 119 5296
147 118 5296
33 99 5302
83 98 5302
31 124 5306
122 123 5306
129 61 5309
141 60 5309
135 26 5325
138 25 5325
5 96 5330
12 0 5330
104 114 5333
123 113 5333
14 11 5334
40 10 5334
51 3 5339
122 2 5339
60 138 5342
85 137 5342
12 42 5345
26 41 5345
96 118 5346
142 117 5346
20 135 5347
146 134 5347
77 120 5355
94 119 5355
79 132 5362
139 130 5362
9 139 5369
73 138 5369
78 24 5373
100 23 5373
22 114 5374
104 113 5374
33 65 5375
97 64 5375
39 19 5376
91 18 5376
0 126 5378
23 125 5378
37 94 5387
143 92 5387
75 99 5391
111 98 5391
40 136 5392
95 135 5392
104 31 5393
148 30 5393
22 92 5394
74 91 5394
17 103 5407
116 101 5407
26 61 5408
75 60 5408
102 118 5409
116 117 5409
5 144 5412
89 143 5412
97 136 5414
100 135 5414
51 50 5424
141 51 5424
78 105 5425
140 103 5425
123 34 5431
142 33 5431
86 143 5439
105 142 5439
41 119 5440
42 118 5440
20 84 5446
131 83 5446
83 99 5469
134 98 5469
19 139 5470
140 138 5470
41 99 5471
135 98 5471
20 18 5472
92 17 5472
38 5 5477
130 4 5477
68 69 5478
133 68 5478
77 64 5481
134 63 5481
3 2 5486
123 1 5486
85 30 5489
143 29 5489
50 44 5490
106 43 5490
64 92 5505
132 91 5505
29 104 5510
98 103 5510
24 127 5520
134 111 5520
39 23 5530
89 21 5530
139 2 5557
149 1 5557
29 92 5561
139 76 5561
99 106 5564
144 105 5564
72 147 5587
147 146 5587
12 44 5588
42 43 5588
37 26 5610
81 25 5610
49 41 5616
137 40 5616
26 50 5618
131 49 5618
111 85 5621
134 84 5621
3 2 5628
39 1 5628
13 4 5631
124 3 5631
63 28 5639
110 21 5639
49 136 5640
113 135 5640
13 14 5651
103 13 5651
33 18 5669
44 17 5669
79 21 5677
125 20 5677
31 100 5685
150 99 5685
18 65 5690
139 64 5690
94 91 5719
142 90 5719
123 142 5720
146 141 5720
4 91 5731
32 90 5731
81 93 5736
89 91 5736
21 139 5737
113 138 5737
13 114 5748
102 113 5748
99 18 5763
149 17 5763
100 111 5768
116 110 5768
67 78 5774
113 77 5774
29 144 5775
49 143 5775
28 58 5776
106 57 5776
8 98 5782
127 97 5782
26 85 5784
53 84 5784
59 117 5790
83 116 5790
77 143 5797
99 142 5797
28 65 5803
147 64 5803
55 68 5805
120 67 5805
12 5 5810
33 4 5810
2 67 5825
90 66 5825
58 28 5827
81 21 5827
77 19 5838
109 18 5838
62 61 5839
71 60 5839
86 44 5854
139 43 5854
36 129 5857
70 128 5857
47 136 5864
98 135 5864
13 27 5878
67 20 5878
11 138 5881
22 137 5881
29 64 5882
37 63 5882
72 93 5889
138 91 5889
27 120 5901
46 119 5901
85 69 5908
97 68 5908
20 25 5910
92 24 5910
129 62 5913
143 61 5913
38 43 5922
79 42 5922
22 125 5932
42 124 5932
99 146 5937
127 145 5937
31 16 5939
114 15 5939
7 121 5950
71 120 5950
0 42 5964
92 41 5964
35 138 5974
136 137 5974
20 113 5978
41 111 5978
29 13 5994
111 12 5994
20 85 6003
56 84 6003
40 66 6005
78 65 6005
33 120 6006
144 119 6006
87 107 6013
144 106 6013
9 138 6015
15 137 6015
18 33 6021
130 32 6021
23 41 6027
56 40 6027
27 95 6051
100 94 6051
99 144 6058
144 143 6058
56 150 6063
147 55 6063
10 100 6065
90 94 6065
49 120 6066
86 119 6066
16 61 6071
90 60 6071
19 86 6072
40 85 6072
57 147 6075
73 146 6075
38 137 6080
93 136 6080
113 87 6080
117 86 6080
59 12 6081
78 11 6081
6 142 6083
43 74 6083
99 30 6083
131 29 6083
135 4 6083
146 3 6083
26 141 6084
107 140 6084
82 3 6085
121 2 6085
32 19 6086
140 18 6086
78 126 6087
81 125 6087
7 119 6094
108 118 6094
22 135 6105
71 134 6105
90 30 6116
108 28 6116
88 132 6117
102 76 6117
6 11 6129
84 10 6129
31 131 6140
40 74 6140
42 27 6143
149 20 6143
26 30 6147
114 28 6147
73 116 6168
123 115 6168
73 100 6175
100 101 6175
6 59 6204
84 58 6204
59 53 6205
142 52 6205
85 144 6208
131 143 6208
24 5 6280
58 4 6280
29 11 6298
135 10 6298
52 116 6325
56 115 6325
126 114 6406
145 113 6406
