0 150 17
2 149 17
3 148 17
4 75 17
4 76 17
5 147 17
7 94 17
7 106 17
7 126 17
8 146 17
9 4 17
9 6 17
9 7 17
10 145 17
11 72 17
11 74 17
12 70 17
12 71 17
13 144 17
16 142 17
16 149 17
16 0 17
17 66 17
17 68 17
18 64 17
18 65 17
19 60 17
19 63 17
21 58 17
21 59 17
22 55 17
22 56 17
25 139 17
25 140 17
25 141 17
26 81 17
26 90 17
26 91 17
27 78 17
27 79 17
27 80 17
31 53 17
31 54 17
33 143 17
34 29 17
34 31 17
35 74 17
35 76 17
35 77 17
36 142 17
37 141 17
38 134 17
38 135 17
38 138 17
39 51 17
39 52 17
40 27 17
40 28 17
41 65 17
41 68 17
41 71 17
42 25 17
42 26 17
43 140 17
44 139 17
45 23 17
45 24 17
46 60 17
46 63 17
46 64 17
48 20 17
48 22 17
49 138 17
50 48 17
50 49 17
53 137 17
54 136 17
55 135 17
57 134 17
59 18 17
59 19 17
60 16 17
60 17 17
63 14 17
63 15 17
65 133 17
66 45 17
66 51 17
66 55 17
67 45 17
67 46 17
69 132 17
71 12 17
71 13 17
72 131 17
74 130 17
75 129 17
76 128 17
77 9 17
77 11 17
78 127 17
79 126 17
80 125 17
81 124 17
82 123 17
83 122 17
84 121 17
85 34 17
85 38 17
85 44 17
86 7 17
86 8 17
87 120 17
88 42 17
88 44 17
90 126 17
90 127 17
90 128 17
91 119 17
92 5 17
92 6 17
93 118 17
94 1 17
94 4 17
95 23 17
95 25 17
95 33 17
96 116 17
97 112 17
99 111 17
100 40 17
100 41 17
101 149 17
101 0 17
102 37 17
102 38 17
105 110 17
106 99 17
107 109 17
108 106 17
109 98 17
110 17 17
110 18 17
110 22 17
111 97 17
112 96 17
113 35 17
113 36 17
114 33 17
114 34 17
115 101 17
116 146 17
116 147 17
118 14 17
118 15 17
118 16 17
119 95 17
120 94 17
121 144 17
121 145 17
122 142 17
122 143 17
123 93 17
124 92 17
125 91 17
126 90 17
127 140 17
127 141 17
128 64 17
128 65 17
128 68 17
129 138 17
129 139 17
130 133 17
130 136 17
132 89 17
133 134 17
133 135 17
135 87 17
136 131 17
136 132 17
137 86 17
138 85 17
139 129 17
139 130 17
140 82 17
141 81 17
142 6 17
142 34 17
142 38 17
143 71 17
143 76 17
143 80 17
144 80 17
146 79 17
147 127 17
147 128 17
148 78 17
149 77 17
150 8 17
150 9 17
150 13 17
1 150 18
2 75 18
2 76 18
3 72 18
3 74 18
4 149 18
6 148 18
7 70 18
7 71 18
8 94 18
8 106 18
8 126 18
9 147 18
11 66 18
11 68 18
12 146 18
13 145 18
14 64 18
14 65 18
15 144 18
16 81 18
16 90 18
16 91 18
18 17 18
18 22 18
18 23 18
19 143 18
20 142 18
21 141 18
22 14 18
22 15 18
22 16 18
23 8 18
23 9 18
23 13 18
24 60 18
24 63 18
25 58 18
25 59 18
26 140 18
28 55 18
28 56 18
29 139 18
31 53 18
31 54 18
33 51 18
33 52 18
34 33 18
34 35 18
35 138 18
36 137 18
37 136 18
39 48 18
39 49 18
40 135 18
41 78 18
41 79 18
41 80 18
44 29 18
44 31 18
45 27 18
45 28 18
46 25 18
46 26 18
47 45 18
47 46 18
48 23 18
48 24 18
49 74 18
49 76 18
49 77 18
50 134 18
51 133 18
52 20 18
52 22 18
53 65 18
53 68 18
53 71 18
56 132 18
57 42 18
57 44 18
58 131 18
59 18 18
59 19 18
60 130 18
61 129 18
62 40 18
62 41 18
64 128 18
65 4 18
65 6 18
65 7 18
66 60 18
66 63 18
66 64 18
67 127 18
68 126 18
69 125 18
70 124 18
71 16 18
71 17 18
72 14 18
72 15 18
74 142 18
74 149 18
74 0 18
76 12 18
76 13 18
77 123 18
78 122 18
79 139 18
79 140 18
79 141 18
80 64 18
80 65 18
80 68 18
81 121 18
82 120 18
83 119 18
84 118 18
86 116 18
87 9 18
87 11 18
88 112 18
90 134 18
90 135 18
90 138 18
92 7 18
92 8 18
93 5 18
93 6 18
95 1 18
95 4 18
96 111 18
97 45 18
97 51 18
97 55 18
99 96 18
100 110 18
101 95 18
102 109 18
103 106 18
104 101 18
105 99 18
106 94 18
107 98 18
108 37 18
108 38 18
109 93 18
110 149 18
110 0 18
111 146 18
111 147 18
112 92 18
114 34 18
114 36 18
116 91 18
117 97 18
118 34 18
118 38 18
118 44 18
119 144 18
119 145 18
120 90 18
122 142 18
122 143 18
125 89 18
127 87 18
128 6 18
128 34 18
128 38 18
129 126 18
129 127 18
129 128 18
131 86 18
132 140 18
132 141 18
133 85 18
134 82 18
135 81 18
136 135 18
136 138 18
137 80 18
138 79 18
141 133 18
141 134 18
142 78 18
144 71 18
144 76 18
144 80 18
145 131 18
145 132 18
146 77 18
147 129 18
147 130 18
148 18 18
148 25 18
148 33 18
149 127 18
149 128 18
150 136 18
150 139 18
0 150 19
2 94 19
2 106 19
2 126 19
3 81 19
3 90 19
3 91 19
5 149 19
6 148 19
7 75 19
7 76 19
8 147 19
9 146 19
10 145 19
11 144 19
12 72 19
12 74 19
14 70 19
14 71 19
15 143 19
18 142 19
19 141 19
20 66 19
20 68 19
21 140 19
22 64 19
22 65 19
24 34 19
24 38 19
24 44 19
25 60 19
25 63 19
26 139 19
27 138 19
29 58 19
29 59 19
30 78 19
30 79 19
30 80 19
31 23 19
31 25 19
31 33 19
33 137 19
34 134 19
34 135 19
34 138 19
35 136 19
36 35 19
36 37 19
38 135 19
39 74 19
39 76 19
39 77 19
40 134 19
41 133 19
42 17 19
42 18 19
42 22 19
43 65 19
43 68 19
43 71 19
44 132 19
45 131 19
46 130 19
48 14 19
48 15 19
48 16 19
49 129 19
52 33 19
52 34 19
53 29 19
53 31 19
54 27 19
54 28 19
55 25 19
55 26 19
56 128 19
57 127 19
58 126 19
60 126 19
60 127 19
60 128 19
61 125 19
62 55 19
62 56 19
63 124 19
64 23 19
64 24 19
65 123 19
66 122 19
68 121 19
69 120 19
70 119 19
72 20 19
72 22 19
75 18 19
75 19 19
77 118 19
78 16 19
78 17 19
80 116 19
81 71 19
81 76 19
81 80 19
83 53 19
83 54 19
84 51 19
84 52 19
85 112 19
86 14 19
86 15 19
88 60 19
88 63 19
88 64 19
89 111 19
91 110 19
92 109 19
93 106 19
94 12 19
94 13 19
95 8 19
95 9 19
95 13 19
96 97 19
98 9 19
98 11 19
101 95 19
102 45 19
102 51 19
102 55 19
103 101 19
104 48 19
104 49 19
105 45 19
105 46 19
106 7 19
106 8 19
107 99 19
108 42 19
108 44 19
109 5 19
109 6 19
110 94 19
111 1 19
111 4 19
113 40 19
113 41 19
114 98 19
115 96 19
116 93 19
117 36 19
117 38 19
118 4 19
118 6 19
118 7 19
119 92 19
120 149 19
120 0 19
121 91 19
123 90 19
124 89 19
125 142 19
125 149 19
125 0 19
126 146 19
126 147 19
127 64 19
127 65 19
127 68 19
128 87 19
129 144 19
129 145 19
130 142 19
130 143 19
131 86 19
132 140 19
132 141 19
133 85 19
134 6 19
134 34 19
134 38 19
135 82 19
137 81 19
138 135 19
138 136 19
139 80 19
140 133 19
140 134 19
141 131 19
141 132 19
142 79 19
143 129 19
143 130 19
144 78 19
145 127 19
145 128 19
148 138 19
148 139 19
149 77 19
150 139 19
150 140 19
150 141 19
0 150 22
1 149 22
2 75 22
2 76 22
3 72 22
3 74 22
4 148 22
5 70 22
5 71 22
6 147 22
7 146 22
8 66 22
8 68 22
10 64 22
10 65 22
11 145 22
12 144 22
14 143 22
15 142 22
17 60 22
17 63 22
18 58 22
18 59 22
20 141 22
21 55 22
21 56 22
22 53 22
22 54 22
23 51 22
23 52 22
24 140 22
25 4 22
25 6 22
25 7 22
27 139 22
28 74 22
28 76 22
28 77 22
30 138 22
31 29 22
31 33 22
32 137 22
33 136 22
34 135 22
35 65 22
35 68 22
35 71 22
36 134 22
38 133 22
39 132 22
41 27 22
41 28 22
42 25 22
42 26 22
43 131 22
45 23 22
45 24 22
46 130 22
47 129 22
49 60 22
49 63 22
49 64 22
50 48 22
50 49 22
51 20 22
51 22 22
52 128 22
53 127 22
54 18 22
54 19 22
56 45 22
56 51 22
56 55 22
57 45 22
57 46 22
58 126 22
59 125 22
60 124 22
62 123 22
63 16 22
63 17 22
64 142 22
64 149 22
64 0 22
66 34 22
66 38 22
66 44 22
67 42 22
67 44 22
68 122 22
69 121 22
70 14 22
70 15 22
71 120 22
72 23 22
72 25 22
72 33 22
73 40 22
73 41 22
74 12 22
74 13 22
77 139 22
77 140 22
77 141 22
80 119 22
81 118 22
83 94 22
83 106 22
83 126 22
84 37 22
84 38 22
85 116 22
86 9 22
86 11 22
87 112 22
88 111 22
90 134 22
90 135 22
90 138 22
91 7 22
91 8 22
93 110 22
94 126 22
94 127 22
94 128 22
95 109 22
96 5 22
96 6 22
97 1 22
97 4 22
98 17 22
98 18 22
98 22 22
99 149 22
99 0 22
100 35 22
100 36 22
101 14 22
101 15 22
101 16 22
102 81 22
102 90 22
102 91 22
103 106 22
104 101 22
105 99 22
106 95 22
107 98 22
108 97 22
109 146 22
109 147 22
110 8 22
110 9 22
110 13 22
111 94 22
113 78 22
113 79 22
113 80 22
114 31 22
114 34 22
115 96 22
116 93 22
118 92 22
119 91 22
120 90 22
121 89 22
123 144 22
123 145 22
124 87 22
125 142 22
125 143 22
127 86 22
128 85 22
129 140 22
129 141 22
130 71 22
130 76 22
130 80 22
131 82 22
132 138 22
132 139 22
133 81 22
134 80 22
135 133 22
135 134 22
136 131 22
136 132 22
137 135 22
137 136 22
139 79 22
141 64 22
141 65 22
141 68 22
142 129 22
142 130 22
145 78 22
147 127 22
147 128 22
149 6 22
149 34 22
149 38 22
150 77 22
0 150 23
1 149 23
2 75 23
2 76 23
3 148 23
4 72 23
4 74 23
5 70 23
5 71 23
6 147 23
7 142 23
7 149 23
7 0 23
8 146 23
9 145 23
10 144 23
11 66 23
11 68 23
12 64 23
12 65 23
13 60 23
13 63 23
14 143 23
15 142 23
16 139 23
16 140 23
16 141 23
17 58 23
17 59 23
18 141 23
19 140 23
21 94 23
21 106 23
21 126 23
23 139 23
24 60 23
24 63 23
24 64 23
25 55 23
25 56 23
26 138 23
28 137 23
29 45 23
29 51 23
29 55 23
30 81 23
30 90 23
30 91 23
31 53 23
31 54 23
32 136 23
33 134 23
33 135 23
33 138 23
34 33 23
34 35 23
35 34 23
35 38 23
35 44 23
36 29 23
36 31 23
37 135 23
38 134 23
39 78 23
39 79 23
39 80 23
40 133 23
41 132 23
42 131 23
43 130 23
44 27 23
44 28 23
45 129 23
46 25 23
46 26 23
47 128 23
49 23 23
49 25 23
49 33 23
51 127 23
54 126 23
55 23 23
55 24 23
56 20 23
56 22 23
57 51 23
57 52 23
58 125 23
60 18 23
60 19 23
61 124 23
62 48 23
62 49 23
63 16 23
63 17 23
65 14 23
65 15 23
67 45 23
67 46 23
68 123 23
69 122 23
70 12 23
70 13 23
71 76 23
71 80 23
71 126 23
72 17 23
72 18 23
72 22 23
74 9 23
74 11 23
75 121 23
76 120 23
77 119 23
79 118 23
81 116 23
82 7 23
82 8 23
84 112 23
85 5 23
85 6 23
86 111 23
88 74 23
88 76 23
88 77 23
89 14 23
89 15 23
89 16 23
91 1 23
91 4 23
92 149 23
92 0 23
93 110 23
94 109 23
96 146 23
96 147 23
97 98 23
98 144 23
98 145 23
99 96 23
100 106 23
101 95 23
102 42 23
102 44 23
103 101 23
104 40 23
104 41 23
105 37 23
105 38 23
107 65 23
107 68 23
107 71 23
108 99 23
109 8 23
109 9 23
109 13 23
111 94 23
112 93 23
113 34 23
113 36 23
116 4 23
116 6 23
116 7 23
117 97 23
119 92 23
121 91 23
122 90 23
123 142 23
123 143 23
125 140 23
125 141 23
127 89 23
129 138 23
129 139 23
130 87 23
131 86 23
132 71 23
132 127 23
132 128 23
133 135 23
133 136 23
135 64 23
135 65 23
135 68 23
136 85 23
138 82 23
139 81 23
140 133 23
140 134 23
142 131 23
142 132 23
143 129 23
143 130 23
144 80 23
145 79 23
146 127 23
146 128 23
147 78 23
148 77 23
149 6 23
149 34 23
149 38 23
0 75 24
0 76 24
1 72 24
1 74 24
2 70 24
2 71 24
3 66 24
3 68 24
5 150 24
6 64 24
6 65 24
7 60 24
7 63 24
8 58 24
8 59 24
9 55 24
9 56 24
10 149 24
11 148 24
12 34 24
12 38 24
12 44 24
13 147 24
14 146 24
15 145 24
16 144 24
17 53 24
17 54 24
19 143 24
20 51 24
20 52 24
21 142 24
22 141 24
23 140 24
25 139 24
26 23 24
26 25 24
26 33 24
27 138 24
28 137 24
29 136 24
30 135 24
31 23 24
31 24 24
32 134 24
33 133 24
35 132 24
36 131 24
37 20 24
37 22 24
38 142 24
38 149 24
38 0 24
39 130 24
41 129 24
42 18 24
42 19 24
43 94 24
43 106 24
43 126 24
44 139 24
44 140 24
44 141 24
45 16 24
45 17 24
46 128 24
49 127 24
50 48 24
50 49 24
52 17 24
52 18 24
52 22 24
54 14 24
54 15 24
55 126 24
56 125 24
59 124 24
60 123 24
61 81 24
61 90 24
61 91 24
62 45 24
62 46 24
63 134 24
63 135 24
63 138 24
64 65 24
64 68 24
64 71 24
65 6 24
65 34 24
65 38 24
66 122 24
67 42 24
67 44 24
68 121 24
69 40 24
69 41 24
70 120 24
71 12 24
71 13 24
72 14 24
72 15 24
72 16 24
73 78 24
73 79 24
73 80 24
75 8 24
75 9 24
75 13 24
77 9 24
77 11 24
78 119 24
79 118 24
82 7 24
82 8 24
83 37 24
83 38 24
84 35 24
84 36 24
85 116 24
86 112 24
87 111 24
88 74 24
88 76 24
88 77 24
89 110 24
90 5 24
90 6 24
93 109 24
95 106 24
96 101 24
97 1 24
97 4 24
98 99 24
99 97 24
100 65 24
100 68 24
100 71 24
102 33 24
102 34 24
104 60 24
104 63 24
104 64 24
105 29 24
105 31 24
106 96 24
107 98 24
108 27 24
108 28 24
111 4 24
111 6 24
111 7 24
112 149 24
112 0 24
113 25 24
113 26 24
115 45 24
115 51 24
115 55 24
116 146 24
116 147 24
118 95 24
120 94 24
121 144 24
121 145 24
122 142 24
122 143 24
124 93 24
125 140 24
125 141 24
126 138 24
126 139 24
128 135 24
128 136 24
129 92 24
130 91 24
132 90 24
133 89 24
135 87 24
136 131 24
136 132 24
137 133 24
137 134 24
138 129 24
138 130 24
139 86 24
140 85 24
141 82 24
143 126 24
143 127 24
143 128 24
144 64 24
144 76 24
144 80 24
145 81 24
146 80 24
147 79 24
148 78 24
149 127 24
149 128 24
150 77 24
0 150 25
1 65 25
1 68 25
1 71 25
4 75 25
4 76 25
5 149 25
6 148 25
9 4 25
9 6 25
9 7 25
11 72 25
11 74 25
15 70 25
15 71 25
16 66 25
16 68 25
17 64 25
17 65 25
18 142 25
18 149 25
18 0 25
20 60 25
20 63 25
20 64 25
21 147 25
22 146 25
23 60 25
23 63 25
25 145 25
27 58 25
27 59 25
28 55 25
28 56 25
30 53 25
30 54 25
31 144 25
32 143 25
33 51 25
33 52 25
34 139 25
34 140 25
34 141 25
35 142 25
36 45 25
36 51 25
36 55 25
38 33 25
38 34 25
39 141 25
40 140 25
41 139 25
42 138 25
43 137 25
44 136 25
45 134 25
45 135 25
45 138 25
46 29 25
46 31 25
47 135 25
49 134 25
50 94 25
50 106 25
50 126 25
52 34 25
52 38 25
52 44 25
53 27 25
53 28 25
55 133 25
56 25 25
56 26 25
57 132 25
58 23 25
58 24 25
59 20 25
59 22 25
60 18 25
60 19 25
61 131 25
62 48 25
62 49 25
63 16 25
63 17 25
64 130 25
65 14 25
65 15 25
66 129 25
67 81 25
67 90 25
67 91 25
68 128 25
69 127 25
70 126 25
71 125 25
72 124 25
73 123 25
74 122 25
75 12 25
75 13 25
76 64 25
76 65 25
76 68 25
77 121 25
79 120 25
80 119 25
81 118 25
82 9 25
82 11 25
83 45 25
83 46 25
84 42 25
84 44 25
86 116 25
87 112 25
88 111 25
89 110 25
90 109 25
92 7 25
92 8 25
94 5 25
94 6 25
95 23 25
95 25 25
95 33 25
96 1 25
96 4 25
97 98 25
98 149 25
98 0 25
99 96 25
101 146 25
101 147 25
102 40 25
102 41 25
103 37 25
103 38 25
104 78 25
104 79 25
104 80 25
105 106 25
108 74 25
108 76 25
108 77 25
109 95 25
110 144 25
110 145 25
113 101 25
114 99 25
115 35 25
115 36 25
116 94 25
117 97 25
118 93 25
119 92 25
121 91 25
122 17 25
122 18 25
122 22 25
123 90 25
124 89 25
125 87 25
126 142 25
126 143 25
127 86 25
128 140 25
128 141 25
129 85 25
130 82 25
131 138 25
131 139 25
132 135 25
132 136 25
133 81 25
134 6 25
134 34 25
134 38 25
136 80 25
137 14 25
137 15 25
137 16 25
138 131 25
138 132 25
139 79 25
140 129 25
140 130 25
141 78 25
143 127 25
143 128 25
144 126 25
144 127 25
144 128 25
147 71 25
147 76 25
147 80 25
148 8 25
148 9 25
148 13 25
149 77 25
150 133 25
150 134 25
1 150 26
2 149 26
3 94 26
3 106 26
3 126 26
4 148 26
5 147 26
7 75 26
7 76 26
8 60 26
8 63 26
8 64 26
9 146 26
10 145 26
11 72 26
11 74 26
12 70 26
12 71 26
14 144 26
15 66 26
15 68 26
16 8 26
16 9 26
16 13 26
17 64 26
17 65 26
18 60 26
18 63 26
20 58 26
20 59 26
21 81 26
21 90 26
21 91 26
22 143 26
23 55 26
23 56 26
24 142 26
25 4 26
25 6 26
25 7 26
28 141 26
29 140 26
30 139 26
32 138 26
33 25 26
33 26 26
34 137 26
36 136 26
38 135 26
39 53 26
39 54 26
40 45 26
40 51 26
40 55 26
41 134 26
42 133 26
43 78 26
43 79 26
43 80 26
44 23 26
44 24 26
45 20 26
45 22 26
46 132 26
47 51 26
47 52 26
48 131 26
49 130 26
50 129 26
51 128 26
52 34 26
52 38 26
52 44 26
53 18 26
53 19 26
54 16 26
54 17 26
55 14 26
55 15 26
56 127 26
57 48 26
57 49 26
58 126 26
59 125 26
60 124 26
63 123 26
67 45 26
67 46 26
69 42 26
69 44 26
70 122 26
71 121 26
73 40 26
73 41 26
74 120 26
75 119 26
76 12 26
76 13 26
78 118 26
79 116 26
80 9 26
80 11 26
81 142 26
81 149 26
81 0 26
82 112 26
83 37 26
83 38 26
84 35 26
84 36 26
85 7 26
85 8 26
86 111 26
87 110 26
88 109 26
89 5 26
89 6 26
90 106 26
91 1 26
91 4 26
92 149 26
92 0 26
93 101 26
94 139 26
94 140 26
94 141 26
96 146 26
96 147 26
97 23 26
97 25 26
97 33 26
98 94 26
99 93 26
102 33 26
102 34 26
103 29 26
103 31 26
104 74 26
104 76 26
104 77 26
105 99 26
106 92 26
107 98 26
108 65 26
108 68 26
108 71 26
110 91 26
111 144 26
111 145 26
112 17 26
112 18 26
112 22 26
113 97 26
114 96 26
115 27 26
115 28 26
116 142 26
116 143 26
117 95 26
118 90 26
120 14 26
120 15 26
120 16 26
122 89 26
123 140 26
123 141 26
124 138 26
124 139 26
125 135 26
125 136 26
127 133 26
127 134 26
129 134 26
129 135 26
129 138 26
130 87 26
133 86 26
134 64 26
134 65 26
134 68 26
135 85 26
137 82 26
138 81 26
139 80 26
141 129 26
141 130 26
142 6 26
142 34 26
142 38 26
143 127 26
143 128 26
144 79 26
145 126 26
145 127 26
145 128 26
146 78 26
147 71 26
147 76 26
147 80 26
148 77 26
150 131 26
150 132 26
0 142 27
0 149 27
0 4 27
1 75 27
1 76 27
2 94 27
2 106 27
2 126 27
3 81 27
3 90 27
3 91 27
5 60 27
5 63 27
5 64 27
6 72 27
6 74 27
8 150 27
9 149 27
10 148 27
11 45 27
11 51 27
11 55 27
12 34 27
12 38 27
12 44 27
13 139 27
13 140 27
13 141 27
14 70 27
14 71 27
15 147 27
16 146 27
19 66 27
19 68 27
22 134 27
22 135 27
22 138 27
23 126 27
23 127 27
23 128 27
25 71 27
25 76 27
25 80 27
26 64 27
26 65 27
27 145 27
28 23 27
28 25 27
28 33 27
29 144 27
30 143 27
31 60 27
31 63 27
32 78 27
32 79 27
32 80 27
33 142 27
34 141 27
35 58 27
35 59 27
37 17 27
37 18 27
37 22 27
38 140 27
40 41 27
40 42 27
41 37 27
41 38 27
43 139 27
44 138 27
45 64 27
45 65 27
45 68 27
46 137 27
47 136 27
48 135 27
49 134 27
51 133 27
52 35 27
52 36 27
53 33 27
53 34 27
54 29 27
54 31 27
55 132 27
56 131 27
57 130 27
58 14 27
58 15 27
58 16 27
60 27 27
60 28 27
61 55 27
61 56 27
62 129 27
63 25 27
63 26 27
65 128 27
66 23 27
66 24 27
67 127 27
68 126 27
69 125 27
71 20 27
71 22 27
72 18 27
72 19 27
73 53 27
73 54 27
75 124 27
76 123 27
77 122 27
78 121 27
79 16 27
79 17 27
80 120 27
81 119 27
82 8 27
82 9 27
82 13 27
83 118 27
84 116 27
85 14 27
85 15 27
86 112 27
87 12 27
87 13 27
88 51 27
88 52 27
89 9 27
89 11 27
90 6 27
90 34 27
90 38 27
92 111 27
93 110 27
94 7 27
94 8 27
95 5 27
95 6 27
97 109 27
98 99 27
99 97 27
100 74 27
100 76 27
100 77 27
101 96 27
103 106 27
104 101 27
107 98 27
108 65 27
108 68 27
108 71 27
109 95 27
110 94 27
112 93 27
113 48 27
113 49 27
114 45 27
114 46 27
116 0 27
116 6 27
116 7 27
117 40 27
117 44 27
118 92 27
119 1 27
119 4 27
120 149 27
120 0 27
121 146 27
121 147 27
122 144 27
122 145 27
123 91 27
124 90 27
125 89 27
127 87 27
128 142 27
128 143 27
132 140 27
132 141 27
133 86 27
134 136 27
134 139 27
136 135 27
136 138 27
138 85 27
139 133 27
139 134 27
141 82 27
142 131 27
142 132 27
143 129 27
143 130 27
144 127 27
144 128 27
145 81 27
147 80 27
148 79 27
149 78 27
150 77 27
0 75 28
0 76 28
2 150 28
4 6 28
4 7 28
4 8 28
6 72 28
6 74 28
7 70 28
7 71 28
9 142 28
9 149 28
9 0 28
10 66 28
10 68 28
12 64 28
12 65 28
13 60 28
13 63 28
14 58 28
14 59 28
15 149 28
16 55 28
16 56 28
17 53 28
17 54 28
19 148 28
20 147 28
21 51 28
21 52 28
22 139 28
22 140 28
22 141 28
23 48 28
23 49 28
24 65 28
24 68 28
24 71 28
25 146 28
26 145 28
27 144 28
28 25 28
28 26 28
31 60 28
31 63 28
31 64 28
32 143 28
33 142 28
34 141 28
36 23 28
36 24 28
38 140 28
39 45 28
39 46 28
40 20 28
40 22 28
41 139 28
42 18 28
42 19 28
43 138 28
44 137 28
45 136 28
46 135 28
47 42 28
47 44 28
48 134 28
49 133 28
53 16 28
53 17 28
54 132 28
55 14 28
55 15 28
56 45 28
56 51 28
56 55 28
58 131 28
60 130 28
61 94 28
61 106 28
61 126 28
62 40 28
62 41 28
63 129 28
64 128 28
65 134 28
65 135 28
65 138 28
66 34 28
66 38 28
66 44 28
67 37 28
67 38 28
68 127 28
69 35 28
69 36 28
70 126 28
71 64 28
71 65 28
71 68 28
72 125 28
74 124 28
76 123 28
77 122 28
78 12 28
78 13 28
79 126 28
79 127 28
79 128 28
80 6 28
80 34 28
80 38 28
81 9 28
81 11 28
82 7 28
82 8 28
83 121 28
84 81 28
84 90 28
84 91 28
85 120 28
86 119 28
87 5 28
87 6 28
88 78 28
88 79 28
88 80 28
89 118 28
90 116 28
91 112 28
92 111 28
94 110 28
95 23 28
95 25 28
95 33 28
97 1 28
97 4 28
98 149 28
98 0 28
99 17 28
99 18 28
99 22 28
100 33 28
100 34 28
102 29 28
102 31 28
103 109 28
104 106 28
105 101 28
108 27 28
108 28 28
109 96 28
111 146 28
111 147 28
112 95 28
113 99 28
114 98 28
115 74 28
115 76 28
115 77 28
116 94 28
117 97 28
119 14 28
119 15 28
119 16 28
121 93 28
123 144 28
123 145 28
124 142 28
124 143 28
125 92 28
128 91 28
129 140 28
129 141 28
130 90 28
131 71 28
131 76 28
131 80 28
132 138 28
132 139 28
134 89 28
135 87 28
136 86 28
138 135 28
138 136 28
139 85 28
140 133 28
140 134 28
141 131 28
141 132 28
142 82 28
143 81 28
144 80 28
145 79 28
146 129 28
146 130 28
147 127 28
147 128 28
148 78 28
149 77 28
150 4 28
150 9 28
150 13 28
0 74 29
0 76 29
0 77 29
1 75 29
1 76 29
2 150 29
3 72 29
3 74 29
5 149 29
6 148 29
7 147 29
8 146 29
9 145 29
10 144 29
11 70 29
11 71 29
12 143 29
13 8 29
13 9 29
13 14 29
14 66 29
14 68 29
15 4 29
15 6 29
15 7 29
16 64 29
16 65 29
18 142 29
18 149 29
18 0 29
19 65 29
19 68 29
19 71 29
20 60 29
20 63 29
22 58 29
22 59 29
24 60 29
24 63 29
24 64 29
25 142 29
26 141 29
27 55 29
27 56 29
28 140 29
29 139 29
31 53 29
31 54 29
32 138 29
34 33 29
34 35 29
35 45 29
35 51 29
35 55 29
36 137 29
37 29 29
37 31 29
38 139 29
38 140 29
38 141 29
40 27 29
40 28 29
41 25 29
41 26 29
42 136 29
44 135 29
46 23 29
46 24 29
47 134 29
48 133 29
51 20 29
51 22 29
52 18 29
52 19 29
55 132 29
57 94 29
57 106 29
57 126 29
58 16 29
58 17 29
59 131 29
60 130 29
61 51 29
61 52 29
62 129 29
63 128 29
65 127 29
66 126 29
67 125 29
69 48 29
69 49 29
70 124 29
71 14 29
71 15 29
72 34 29
72 38 29
72 44 29
73 81 29
73 90 29
73 91 29
75 12 29
75 13 29
76 9 29
76 11 29
77 7 29
77 8 29
78 123 29
79 134 29
79 135 29
79 138 29
80 64 29
80 65 29
80 68 29
81 122 29
82 5 29
82 6 29
83 121 29
85 23 29
85 25 29
85 33 29
86 17 29
86 18 29
86 22 29
88 45 29
88 46 29
89 120 29
90 1 29
90 4 29
91 149 29
91 0 29
92 119 29
93 118 29
94 116 29
95 146 29
95 147 29
96 112 29
98 111 29
99 144 29
99 145 29
100 110 29
101 13 29
101 15 29
101 16 29
102 42 29
102 44 29
103 40 29
103 41 29
104 109 29
105 37 29
105 38 29
107 106 29
108 78 29
108 79 29
108 80 29
109 98 29
110 97 29
111 96 29
113 34 29
113 36 29
114 101 29
115 99 29
116 95 29
119 142 29
119 143 29
120 94 29
121 93 29
122 92 29
123 91 29
125 90 29
126 140 29
126 141 29
127 138 29
127 139 29
128 6 29
128 34 29
128 38 29
129 89 29
130 134 29
130 136 29
131 126 29
131 127 29
131 128 29
133 87 29
134 133 29
134 135 29
135 131 29
135 132 29
136 129 29
136 130 29
138 86 29
139 85 29
140 82 29
141 127 29
141 128 29
142 81 29
143 71 29
143 76 29
143 80 29
145 80 29
146 79 29
149 78 29
150 77 29
1 75 30
1 76 30
2 94 30
2 106 30
2 126 30
3 81 30
3 90 30
3 91 30
5 45 30
5 51 30
5 55 30
6 150 30
7 72 30
7 74 30
9 149 30
10 148 30
11 147 30
13 146 30
14 145 30
15 144 30
16 70 30
16 71 30
17 66 30
17 68 30
18 143 30
19 142 30
20 64 30
20 65 30
21 141 30
22 140 30
23 142 30
23 149 30
23 0 30
24 60 30
24 63 30
26 139 30
27 34 30
27 38 30
27 44 30
28 138 30
29 58 30
29 59 30
30 78 30
30 79 30
30 80 30
31 137 30
32 55 30
32 56 30
34 53 30
34 54 30
35 136 30
36 23 30
36 25 30
36 33 30
37 33 30
37 34 30
39 51 30
39 52 30
40 17 30
40 18 30
40 22 30
43 135 30
44 134 30
45 133 30
46 29 30
46 31 30
47 132 30
48 27 30
48 28 30
49 25 30
49 26 30
50 74 30
50 76 30
50 77 30
51 131 30
52 23 30
52 24 30
53 130 30
54 20 30
54 22 30
55 129 30
58 18 30
58 19 30
59 16 30
59 17 30
60 128 30
61 127 30
62 48 30
62 49 30
63 126 30
64 125 30
65 139 30
65 140 30
65 141 30
66 124 30
67 45 30
67 46 30
68 123 30
69 122 30
71 121 30
72 120 30
75 119 30
76 118 30
77 14 30
77 15 30
78 116 30
79 12 30
79 13 30
81 112 30
82 111 30
83 110 30
84 65 30
84 68 30
84 71 30
85 109 30
86 106 30
89 9 30
89 11 30
91 101 30
92 7 30
92 8 30
93 99 30
96 94 30
97 5 30
97 6 30
98 93 30
100 42 30
100 44 30
102 40 30
102 41 30
104 98 30
106 92 30
107 37 30
107 38 30
108 60 30
108 63 30
108 64 30
110 1 30
110 4 30
111 149 30
111 0 30
112 91 30
113 97 30
114 35 30
114 36 30
115 96 30
116 90 30
117 95 30
118 146 30
118 147 30
119 89 30
122 144 30
122 145 30
123 142 30
123 143 30
124 14 30
124 15 30
124 16 30
126 140 30
126 141 30
127 87 30
128 86 30
129 85 30
130 134 30
130 135 30
130 138 30
131 82 30
132 135 30
132 139 30
133 81 30
135 136 30
135 138 30
136 80 30
137 8 30
137 9 30
137 13 30
138 133 30
138 134 30
139 79 30
140 126 30
140 127 30
140 128 30
141 71 30
141 76 30
141 80 30
142 64 30
142 65 30
142 68 30
143 131 30
143 132 30
144 129 30
144 130 30
145 78 30
146 77 30
147 127 30
147 128 30
149 6 30
149 34 30
149 38 30
150 4 30
150 6 30
150 7 30
3 75 31
3 76 31
4 150 31
5 74 31
5 76 31
5 77 31
6 72 31
6 74 31
7 70 31
7 71 31
10 149 31
12 148 31
13 8 31
13 9 31
13 14 31
15 66 31
15 68 31
16 147 31
17 146 31
18 4 31
18 6 31
18 7 31
19 145 31
20 64 31
20 65 31
21 60 31
21 63 31
23 144 31
24 58 31
24 59 31
25 143 31
27 142 31
28 141 31
30 140 31
31 55 31
31 56 31
32 53 31
32 54 31
33 142 31
33 149 31
33 0 31
34 139 31
34 140 31
34 141 31
35 139 31
36 65 31
36 68 31
36 71 31
37 138 31
38 51 31
38 52 31
40 137 31
41 136 31
42 37 31
42 38 31
44 134 31
44 135 31
44 138 31
46 35 31
46 36 31
47 135 31
48 60 31
48 63 31
48 64 31
49 134 31
50 133 31
51 33 31
51 34 31
52 29 31
52 31 31
54 27 31
54 28 31
55 25 31
55 26 31
56 132 31
57 94 31
57 106 31
57 126 31
58 23 31
58 24 31
59 131 31
60 130 31
61 129 31
62 48 31
62 49 31
63 128 31
64 127 31
65 20 31
65 22 31
66 18 31
66 19 31
68 16 31
68 17 31
69 45 31
69 46 31
71 126 31
72 125 31
73 124 31
74 123 31
75 14 31
75 15 31
76 12 31
76 13 31
77 122 31
79 121 31
80 120 31
81 9 31
81 11 31
82 119 31
83 118 31
84 116 31
85 7 31
85 8 31
86 45 31
86 51 31
86 55 31
87 5 31
87 6 31
88 81 31
88 90 31
88 91 31
89 1 31
89 4 31
90 112 31
91 126 31
91 127 31
91 128 31
92 111 31
93 34 31
93 38 31
93 44 31
94 149 31
94 0 31
95 23 31
95 25 31
95 33 31
96 17 31
96 18 31
96 22 31
97 110 31
99 13 31
99 15 31
99 16 31
100 109 31
101 146 31
101 147 31
102 106 31
104 101 31
106 97 31
107 42 31
107 44 31
108 40 31
108 41 31
109 144 31
109 145 31
110 96 31
111 95 31
112 142 31
112 143 31
113 99 31
114 78 31
114 79 31
114 80 31
116 94 31
117 98 31
118 93 31
119 140 31
119 141 31
120 92 31
122 91 31
123 90 31
124 138 31
124 139 31
125 135 31
125 136 31
126 133 31
126 134 31
127 89 31
128 87 31
130 131 31
130 132 31
131 86 31
132 71 31
132 76 31
132 80 31
133 85 31
134 82 31
139 81 31
141 6 31
141 34 31
141 38 31
142 129 31
142 130 31
143 80 31
144 127 31
144 128 31
145 64 31
145 65 31
145 68 31
146 79 31
147 78 31
149 77 31
0 60 32
0 63 32
0 64 32
1 150 32
2 94 32
2 106 32
2 126 32
3 81 32
3 90 32
3 91 32
5 149 32
6 142 32
6 149 32
6 0 32
7 75 32
7 76 32
8 72 32
8 74 32
9 70 32
9 71 32
10 66 32
10 68 32
11 148 32
12 45 32
12 51 32
12 55 32
13 147 32
14 139 32
14 140 32
14 141 32
15 146 32
16 145 32
17 144 32
18 64 32
18 65 32
19 34 32
19 38 32
19 44 32
20 60 32
20 63 32
21 58 32
21 59 32
22 55 32
22 56 32
23 143 32
24 142 32
25 53 32
25 54 32
26 51 32
26 52 32
27 141 32
28 140 32
29 139 32
31 138 32
33 48 32
33 49 32
34 137 32
35 136 32
36 35 32
36 37 32
37 33 32
37 34 32
38 134 32
38 135 32
38 138 32
40 29 32
40 31 32
41 135 32
43 134 32
44 133 32
45 126 32
45 127 32
45 128 32
46 23 32
46 25 32
46 33 32
47 45 32
47 46 32
48 27 32
48 28 32
49 25 32
49 26 32
51 132 32
52 17 32
52 18 32
52 22 32
53 131 32
54 130 32
55 23 32
55 24 32
56 129 32
58 128 32
60 64 32
60 76 32
60 80 32
62 127 32
63 20 32
63 22 32
64 65 32
64 68 32
64 71 32
65 126 32
66 125 32
67 124 32
69 78 32
69 79 32
69 80 32
70 123 32
72 18 32
72 19 32
73 42 32
73 44 32
75 16 32
75 17 32
77 122 32
79 121 32
81 120 32
82 119 32
84 118 32
88 74 32
88 76 32
88 77 32
89 116 32
90 14 32
90 15 32
91 112 32
92 12 32
92 13 32
94 9 32
94 11 32
95 7 32
95 8 32
97 111 32
98 5 32
98 6 32
99 14 32
99 15 32
99 16 32
100 110 32
101 97 32
102 65 32
102 68 32
102 71 32
103 109 32
104 40 32
104 41 32
105 106 32
106 96 32
109 95 32
111 94 32
112 8 32
112 9 32
112 13 32
113 101 32
114 99 32
115 98 32
117 36 32
117 38 32
118 1 32
118 4 32
119 93 32
120 149 32
120 0 32
121 92 32
122 91 32
123 90 32
124 89 32
126 87 32
127 86 32
128 146 32
128 147 32
129 85 32
130 82 32
131 144 32
131 145 32
132 142 32
132 143 32
134 140 32
134 141 32
135 136 32
135 138 32
136 133 32
136 134 32
137 135 32
137 139 32
139 131 32
139 132 32
140 129 32
140 130 32
141 6 32
141 34 32
141 38 32
142 81 32
143 80 32
145 79 32
146 78 32
147 127 32
147 128 32
148 4 32
148 6 32
148 7 32
150 77 32
1 75 33
1 76 33
2 72 33
2 74 33
3 70 33
3 71 33
4 66 33
4 68 33
5 64 33
5 65 33
6 150 33
7 149 33
8 148 33
9 60 33
9 63 33
10 94 33
10 106 33
10 126 33
12 58 33
12 59 33
13 147 33
14 146 33
15 145 33
16 55 33
16 56 33
18 142 33
18 149 33
18 0 33
19 53 33
19 54 33
20 144 33
21 143 33
22 142 33
23 51 33
23 52 33
24 141 33
28 140 33
30 48 33
30 49 33
31 60 33
31 63 33
31 64 33
33 25 33
33 26 33
35 23 33
35 24 33
36 139 33
37 20 33
37 22 33
38 18 33
38 19 33
39 138 33
40 137 33
41 16 33
41 17 33
42 136 33
43 135 33
44 134 33
45 133 33
46 45 33
46 51 33
46 55 33
47 45 33
47 46 33
48 132 33
49 131 33
51 130 33
52 34 33
52 38 33
52 44 33
53 129 33
54 128 33
55 127 33
56 23 33
56 25 33
56 33 33
58 126 33
59 125 33
60 124 33
62 123 33
64 139 33
64 140 33
64 141 33
65 14 33
65 15 33
67 122 33
68 121 33
69 42 33
69 44 33
70 120 33
72 119 33
73 40 33
73 41 33
74 12 33
74 13 33
75 17 33
75 18 33
75 22 33
76 9 33
76 11 33
77 118 33
78 116 33
79 112 33
80 7 33
80 8 33
81 111 33
83 81 33
83 90 33
83 91 33
84 37 33
84 38 33
86 110 33
87 5 33
87 6 33
88 35 33
88 36 33
89 109 33
91 134 33
91 135 33
91 138 33
93 1 33
93 4 33
94 106 33
95 96 33
96 94 33
98 14 33
98 15 33
98 16 33
99 93 33
100 33 33
100 34 33
101 92 33
102 101 33
103 78 33
103 79 33
103 80 33
104 29 33
104 31 33
105 99 33
106 126 33
106 127 33
106 128 33
107 74 33
107 76 33
107 77 33
108 27 33
108 28 33
110 91 33
111 90 33
112 89 33
113 65 33
113 68 33
113 71 33
114 98 33
115 97 33
116 149 33
116 0 33
117 95 33
118 8 33
118 9 33
118 13 33
119 4 33
119 6 33
119 7 33
120 146 33
120 147 33
121 144 33
121 145 33
122 87 33
124 86 33
125 85 33
126 71 33
126 76 33
126 80 33
127 82 33
129 142 33
129 143 33
130 81 33
133 80 33
134 140 33
134 141 33
135 64 33
135 65 33
135 68 33
138 135 33
138 136 33
140 79 33
141 133 33
141 134 33
142 6 33
142 34 33
142 38 33
143 131 33
143 132 33
144 78 33
145 77 33
147 129 33
147 130 33
148 138 33
148 139 33
149 127 33
149 128 33
