0 150 12
1 143 12
11 142 12
17 140 12
20 139 12
24 138 12
29 113 12
32 110 12
39 107 12
40 90 12
41 89 12
42 88 12
53 84 12
55 83 12
61 43 12
62 82 12
65 37 12
67 9 12
73 77 12
78 72 12
90 8 12
92 71 12
98 70 12
109 67 12
110 7 12
111 66 12
115 65 12
117 64 12
119 63 12
128 61 12
129 59 12
136 47 12
139 0 12
149 45 12
0 54 15
0 60 15
1 150 15
2 149 15
3 51 15
3 53 15
5 148 15
8 147 15
9 146 15
10 145 15
11 144 15
12 143 15
15 5 15
15 6 15
16 142 15
17 19 15
17 20 15
17 44 15
18 49 15
18 50 15
19 3 15
19 4 15
20 0 15
20 2 15
21 149 15
21 150 15
22 132 15
22 133 15
24 141 15
28 140 15
29 136 15
31 135 15
32 133 15
33 130 15
33 131 15
34 126 15
34 127 15
37 132 15
39 131 15
42 45 15
42 48 15
43 130 15
47 33 15
47 37 15
47 44 15
48 121 15
48 122 15
49 127 15
50 126 15
51 70 15
51 72 15
52 122 15
56 121 15
57 41 15
57 44 15
58 120 15
59 116 15
60 115 15
61 19 15
61 20 15
61 21 15
62 116 15
62 120 15
65 114 15
66 37 15
66 38 15
67 114 15
67 115 15
69 112 15
70 111 15
74 34 15
74 36 15
75 27 15
75 33 15
78 105 15
78 112 15
80 24 15
80 25 15
81 110 15
83 109 15
85 107 15
86 22 15
86 23 15
87 106 15
89 105 15
90 103 15
91 90 15
93 101 15
93 102 15
94 88 15
95 85 15
96 102 15
97 101 15
97 115 15
97 116 15
98 101 15
99 97 15
100 20 15
100 21 15
102 84 15
106 83 15
109 82 15
110 81 15
111 79 15
113 17 15
113 19 15
115 78 15
116 76 15
118 15 15
118 16 15
119 95 15
121 73 15
122 72 15
124 94 15
125 13 15
125 16 15
125 17 15
127 71 15
128 93 15
131 70 15
132 68 15
134 2 15
134 4 15
134 11 15
137 91 15
138 11 15
138 13 15
139 7 15
139 8 15
140 67 15
141 64 15
145 76 15
145 85 15
146 51 15
146 73 15
147 62 15
0 150 17
1 143 17
2 142 17
3 140 17
4 139 17
8 138 17
12 113 17
15 110 17
20 107 17
26 90 17
29 89 17
31 88 17
37 43 17
42 84 17
45 9 17
55 83 17
57 82 17
60 77 17
61 8 17
78 72 17
79 71 17
86 70 17
88 7 17
90 0 17
96 67 17
99 66 17
115 65 17
117 64 17
120 63 17
121 61 17
122 59 17
123 47 17
133 45 17
147 37 17
2 150 18
6 143 18
10 142 18
11 140 18
12 139 18
27 138 18
34 113 18
35 110 18
38 107 18
39 90 18
40 89 18
41 88 18
42 84 18
49 83 18
60 82 18
67 9 18
73 77 18
81 72 18
85 71 18
86 70 18
87 67 18
91 66 18
94 65 18
108 64 18
114 63 18
117 61 18
123 59 18
132 47 18
136 45 18
138 8 18
142 7 18
143 0 18
145 43 18
147 37 18
0 150 20
1 143 20
3 142 20
18 140 20
19 139 20
22 138 20
40 113 20
55 110 20
58 107 20
61 63 20
64 59 20
66 47 20
67 45 20
68 90 20
71 43 20
79 89 20
83 37 20
95 88 20
98 84 20
101 83 20
104 82 20
114 77 20
115 72 20
118 71 20
119 70 20
120 67 20
125 66 20
127 65 20
133 64 20
139 9 20
140 8 20
142 7 20
143 0 20
147 61 20
0 54 21
0 60 21
2 150 21
4 149 21
5 148 21
7 51 21
7 53 21
10 147 21
12 146 21
13 11 21
13 15 21
15 145 21
17 144 21
18 143 21
19 142 21
20 19 21
20 44 21
20 101 21
21 7 21
21 8 21
24 141 21
26 140 21
27 136 21
29 49 21
29 50 21
30 135 21
31 133 21
32 132 21
33 5 21
33 6 21
36 3 21
36 4 21
37 0 21
37 2 21
38 131 21
39 45 21
39 48 21
40 33 21
40 37 21
40 44 21
41 19 21
41 20 21
41 21 21
44 149 21
44 150 21
48 130 21
50 132 21
50 133 21
51 127 21
52 41 21
52 44 21
54 126 21
59 122 21
60 130 21
60 131 21
62 126 21
62 127 21
63 121 21
65 37 21
65 38 21
66 120 21
71 121 21
71 122 21
72 116 21
73 115 21
75 34 21
75 36 21
76 2 21
76 4 21
76 11 21
77 114 21
79 112 21
80 111 21
81 116 21
81 120 21
85 110 21
87 109 21
88 107 21
91 114 21
91 115 21
92 27 21
92 33 21
93 94 21
94 91 21
96 106 21
99 105 21
100 103 21
101 90 21
102 88 21
104 24 21
104 25 21
105 85 21
106 105 21
106 112 21
107 84 21
109 101 21
109 102 21
110 83 21
111 76 21
111 85 21
114 82 21
116 81 21
117 102 21
119 22 21
119 23 21
120 79 21
121 72 21
121 73 21
122 78 21
123 101 21
124 97 21
127 76 21
128 20 21
128 21 21
129 95 21
130 73 21
131 72 21
132 71 21
133 51 21
133 70 21
134 17 21
134 19 21
136 70 21
137 13 21
137 16 21
138 93 21
143 13 21
143 16 21
143 17 21
144 68 21
145 67 21
146 64 21
147 62 21
150 20 21
150 115 21
150 116 21
6 150 22
7 143 22
9 142 22
11 140 22
13 139 22
15 138 22
16 113 22
19 110 22
23 107 22
32 90 22
34 89 22
37 88 22
42 84 22
45 37 22
48 83 22
49 82 22
53 77 22
55 72 22
59 9 22
70 8 22
77 7 22
80 71 22
89 0 22
92 70 22
97 67 22
99 66 22
104 65 22
116 64 22
127 63 22
135 61 22
136 59 22
144 47 22
145 45 22
147 43 22
4 54 23
4 60 23
5 150 23
12 149 23
15 3 23
15 4 23
18 51 23
18 53 23
21 0 23
21 2 23
22 149 23
22 150 23
23 148 23
24 132 23
24 133 23
26 49 23
26 50 23
27 130 23
27 131 23
28 147 23
29 45 23
29 48 23
30 146 23
31 145 23
32 41 23
32 44 23
33 101 23
33 115 23
33 116 23
34 144 23
36 126 23
36 127 23
37 143 23
38 142 23
39 141 23
41 13 23
41 16 23
41 17 23
42 140 23
43 136 23
45 135 23
46 133 23
48 132 23
49 121 23
49 122 23
50 131 23
52 130 23
53 127 23
54 126 23
55 37 23
55 38 23
59 34 23
59 36 23
60 116 23
60 120 23
61 122 23
63 121 23
66 27 23
66 33 23
69 120 23
70 114 23
70 115 23
71 116 23
74 24 23
74 25 23
77 33 23
77 37 23
77 44 23
78 115 23
80 22 23
80 23 23
81 114 23
82 112 23
86 20 23
86 21 23
87 17 23
87 19 23
88 105 23
88 112 23
89 111 23
90 110 23
91 109 23
96 19 23
96 20 23
96 21 23
97 101 23
97 102 23
99 107 23
100 15 23
100 16 23
101 94 23
102 93 23
105 91 23
106 2 23
106 4 23
106 11 23
110 76 23
110 85 23
111 90 23
112 88 23
114 19 23
114 20 23
114 44 23
115 85 23
117 106 23
118 105 23
119 103 23
121 84 23
122 72 23
122 73 23
124 11 23
124 13 23
125 7 23
125 8 23
126 51 23
126 70 23
127 83 23
128 102 23
129 101 23
130 82 23
131 81 23
132 79 23
134 97 23
135 78 23
136 76 23
137 5 23
137 6 23
138 95 23
140 73 23
142 72 23
144 71 23
145 70 23
146 68 23
147 67 23
148 64 23
150 62 23
0 8 24
0 9 24
0 10 24
1 150 24
2 149 24
2 0 24
2 1 24
3 29 24
3 31 24
3 32 24
3 36 24
4 107 24
4 108 24
5 136 24
5 138 24
5 147 24
6 61 24
6 67 24
6 68 24
6 70 24
6 78 24
7 133 24
7 134 24
7 135 24
8 149 24
9 130 24
9 131 24
9 132 24
10 147 24
11 124 24
11 126 24
11 127 24
11 128 24
12 146 24
13 105 24
13 106 24
14 127 24
14 128 24
14 129 24
15 145 24
16 144 24
17 103 24
17 104 24
18 24 24
18 26 24
18 27 24
18 28 24
19 143 24
20 142 24
21 101 24
21 102 24
22 118 24
22 120 24
22 121 24
22 122 24
23 98 24
23 100 24
24 124 24
24 125 24
24 126 24
25 141 24
26 121 24
26 122 24
26 123 24
27 96 24
27 97 24
28 94 24
28 95 24
29 138 24
30 92 24
30 93 24
32 89 24
32 91 24
33 84 24
33 85 24
34 137 24
36 80 24
36 82 24
37 100 24
37 104 24
37 112 24
37 115 24
38 136 24
39 78 24
39 79 24
40 76 24
40 77 24
41 135 24
42 118 24
42 119 24
42 120 24
43 134 24
44 133 24
45 42 24
45 44 24
45 60 24
45 61 24
46 74 24
46 75 24
48 132 24
49 16 24
49 17 24
49 20 24
49 22 24
50 72 24
50 73 24
51 70 24
51 71 24
52 93 24
52 94 24
52 95 24
52 97 24
53 51 24
53 52 24
53 55 24
53 60 24
54 68 24
54 69 24
55 115 24
55 116 24
55 117 24
56 131 24
57 5 24
57 6 24
57 7 24
58 129 24
58 130 24
58 138 24
58 147 24
58 0 24
59 58 24
59 60 24
60 126 24
60 128 24
60 138 24
60 147 24
60 7 24
61 110 24
61 112 24
61 114 24
63 55 24
63 56 24
65 130 24
66 52 24
66 54 24
67 50 24
67 51 24
68 48 24
68 49 24
69 39 24
69 40 24
69 42 24
69 44 24
69 60 24
70 46 24
70 47 24
71 12 24
71 13 24
71 14 24
71 15 24
72 107 24
72 108 24
72 109 24
73 129 24
74 102 24
74 104 24
74 105 24
75 77 24
75 78 24
75 79 24
75 92 24
76 121 24
76 124 24
76 126 24
76 127 24
76 128 24
77 128 24
78 127 24
79 44 24
79 45 24
80 7 24
80 8 24
80 9 24
80 11 24
81 2 24
81 3 24
81 4 24
82 97 24
82 98 24
82 100 24
83 126 24
85 125 24
86 5 24
86 7 24
86 12 24
86 13 24
86 14 24
87 66 24
87 67 24
88 44 24
88 45 24
88 48 24
88 50 24
90 64 24
90 65 24
91 42 24
91 43 24
94 124 24
95 36 24
95 37 24
95 39 24
95 40 24
96 69 24
96 70 24
96 72 24
96 74 24
97 123 24
98 40 24
98 41 24
99 37 24
99 39 24
99 40 24
99 42 24
103 122 24
104 38 24
104 39 24
105 36 24
105 37 24
106 79 24
106 92 24
106 93 24
106 100 24
106 112 24
107 32 24
107 33 24
108 121 24
109 120 24
110 91 24
110 92 24
110 93 24
111 30 24
111 31 24
112 16 24
112 27 24
112 79 24
112 100 24
112 124 24
113 28 24
113 29 24
114 84 24
114 85 24
114 89 24
115 27 24
115 28 24
115 29 24
115 32 24
116 45 24
116 66 24
116 67 24
116 68 24
117 78 24
117 79 24
117 82 24
118 119 24
119 74 24
119 75 24
119 77 24
120 117 24
121 116 24
122 16 24
122 20 24
122 26 24
122 27 24
122 36 24
123 115 24
124 16 24
124 17 24
124 20 24
124 26 24
126 26 24
126 27 24
127 114 24
130 24 24
130 25 24
131 113 24
132 112 24
133 70 24
133 72 24
133 73 24
134 67 24
134 68 24
134 69 24
135 21 24
135 22 24
136 19 24
136 20 24
137 17 24
137 18 24
138 111 24
139 62 24
139 63 24
140 59 24
140 61 24
141 110 24
142 0 24
142 4 24
142 5 24
142 6 24
143 109 24
144 129 24
144 130 24
144 138 24
144 147 24
145 15 24
145 16 24
146 13 24
146 14 24
147 61 24
147 63 24
147 66 24
148 118 24
149 11 24
149 12 24
150 94 24
150 95 24
150 96 24
1 150 25
2 149 25
4 148 25
6 147 25
7 146 25
10 54 25
10 60 25
11 7 25
11 8 25
12 51 25
12 53 25
14 145 25
17 5 25
17 6 25
18 49 25
18 50 25
24 3 25
24 4 25
25 0 25
25 2 25
27 149 25
27 150 25
28 144 25
30 45 25
30 48 25
31 33 25
31 37 25
31 44 25
32 41 25
32 44 25
34 132 25
34 133 25
36 143 25
37 142 25
38 141 25
39 140 25
40 136 25
44 130 25
44 131 25
45 126 25
45 127 25
47 37 25
47 38 25
48 135 25
50 121 25
50 122 25
52 133 25
53 19 25
53 20 25
53 21 25
55 132 25
56 34 25
56 36 25
57 27 25
57 33 25
58 131 25
59 130 25
61 127 25
62 126 25
63 24 25
63 25 25
65 22 25
65 23 25
67 116 25
67 120 25
68 114 25
68 115 25
70 122 25
72 121 25
76 51 25
76 70 25
79 120 25
80 116 25
81 115 25
82 114 25
83 112 25
85 111 25
88 110 25
90 105 25
90 112 25
93 90 25
94 88 25
96 109 25
98 107 25
99 106 25
101 85 25
102 13 25
102 16 25
102 17 25
103 84 25
105 83 25
106 82 25
107 101 25
107 102 25
108 105 25
111 81 25
112 2 25
112 4 25
112 11 25
113 103 25
114 79 25
116 78 25
118 102 25
119 20 25
119 21 25
121 101 25
121 115 25
121 116 25
122 76 25
123 17 25
123 19 25
124 15 25
124 16 25
125 101 25
127 19 25
127 20 25
127 44 25
128 97 25
129 95 25
130 73 25
131 72 25
134 94 25
135 76 25
135 85 25
137 11 25
137 13 25
138 93 25
139 91 25
140 71 25
142 72 25
142 73 25
144 70 25
145 68 25
147 67 25
148 64 25
150 62 25
0 150 26
1 149 26
2 148 26
3 147 26
5 146 26
6 145 26
7 54 26
7 60 26
8 144 26
9 33 26
9 37 26
9 44 26
10 51 26
10 53 26
12 19 26
12 20 26
12 21 26
13 11 26
13 15 26
15 7 26
15 8 26
17 5 26
17 6 26
18 143 26
19 142 26
20 141 26
21 3 26
21 4 26
22 140 26
24 136 26
26 135 26
29 133 26
31 49 26
31 50 26
32 45 26
32 48 26
35 132 26
36 131 26
38 130 26
41 127 26
43 13 26
43 16 26
43 17 26
44 126 26
45 101 26
45 115 26
45 116 26
46 41 26
46 44 26
48 0 26
48 2 26
53 122 26
54 121 26
56 120 26
58 37 26
58 38 26
59 34 26
59 36 26
62 116 26
63 115 26
64 149 26
64 150 26
65 114 26
66 27 26
66 33 26
67 132 26
67 133 26
68 130 26
68 131 26
69 24 26
69 25 26
71 112 26
74 111 26
75 22 26
75 23 26
77 110 26
78 109 26
80 107 26
81 126 26
81 127 26
82 106 26
83 121 26
83 122 26
84 105 26
85 51 26
85 70 26
86 20 26
86 21 26
87 103 26
92 102 26
93 116 26
93 120 26
98 101 26
99 97 26
101 85 26
103 84 26
104 95 26
106 114 26
106 115 26
108 94 26
109 105 26
109 112 26
114 83 26
116 82 26
117 93 26
119 17 26
119 19 26
121 81 26
122 79 26
124 13 26
124 16 26
125 91 26
126 78 26
127 76 26
128 2 26
128 4 26
128 11 26
130 73 26
131 72 26
132 19 26
132 20 26
132 44 26
134 90 26
135 71 26
136 70 26
138 88 26
141 101 26
141 102 26
142 68 26
144 76 26
144 85 26
145 72 26
145 73 26
146 67 26
148 64 26
149 62 26
0 79 27
0 92 27
0 93 27
0 100 27
0 112 27
1 8 27
1 9 27
1 10 27
2 107 27
2 108 27
3 105 27
3 106 27
4 103 27
4 104 27
6 2 27
6 3 27
6 4 27
7 149 27
7 0 27
7 1 27
8 101 27
8 102 27
9 98 27
9 100 27
10 29 27
10 31 27
10 32 27
10 36 27
11 150 27
12 149 27
14 61 27
14 67 27
14 68 27
14 70 27
14 78 27
15 96 27
15 97 27
16 147 27
17 146 27
18 145 27
19 94 27
19 95 27
20 16 27
20 26 27
20 27 27
20 36 27
20 39 27
21 24 27
21 26 27
21 27 27
21 28 27
22 136 27
22 138 27
22 147 27
24 133 27
24 134 27
24 135 27
25 92 27
25 93 27
26 89 27
26 91 27
27 118 27
27 120 27
27 121 27
27 122 27
28 84 27
28 85 27
30 80 27
30 82 27
31 100 27
31 104 27
31 112 27
31 115 27
32 144 27
33 78 27
33 79 27
34 143 27
35 5 27
35 6 27
35 7 27
36 130 27
36 131 27
36 132 27
37 93 27
37 94 27
37 95 27
37 97 27
38 127 27
38 128 27
38 129 27
39 76 27
39 77 27
40 142 27
41 124 27
41 125 27
41 126 27
42 121 27
42 122 27
42 123 27
44 141 27
45 74 27
45 75 27
46 138 27
47 5 27
47 7 27
47 12 27
47 13 27
47 14 27
48 72 27
48 73 27
49 16 27
49 17 27
49 20 27
49 22 27
50 137 27
51 118 27
51 119 27
51 120 27
52 70 27
52 71 27
53 136 27
54 12 27
54 13 27
54 14 27
54 15 27
55 77 27
55 78 27
55 79 27
55 92 27
56 7 27
56 8 27
56 9 27
56 11 27
57 68 27
57 69 27
58 66 27
58 67 27
59 115 27
59 116 27
59 117 27
60 126 27
60 128 27
60 138 27
60 147 27
60 7 27
61 110 27
61 112 27
61 114 27
62 129 27
62 130 27
62 138 27
62 147 27
62 0 27
63 135 27
64 0 27
64 4 27
64 5 27
64 6 27
65 134 27
66 58 27
66 59 27
67 107 27
67 108 27
67 109 27
69 102 27
69 104 27
69 105 27
70 55 27
70 56 27
71 133 27
72 36 27
72 37 27
72 39 27
72 40 27
75 132 27
76 129 27
76 130 27
76 138 27
76 147 27
77 131 27
78 16 27
78 27 27
78 79 27
78 100 27
78 124 27
79 52 27
79 54 27
80 130 27
81 64 27
81 65 27
82 97 27
82 98 27
82 100 27
83 129 27
84 92 27
84 95 27
84 96 27
85 50 27
85 51 27
87 62 27
87 63 27
88 128 27
89 127 27
90 51 27
90 52 27
90 55 27
90 60 27
91 69 27
91 70 27
91 72 27
91 74 27
92 91 27
92 93 27
92 94 27
93 84 27
93 85 27
93 89 27
94 78 27
94 79 27
94 82 27
95 48 27
95 49 27
96 61 27
96 66 27
96 67 27
96 68 27
97 46 27
97 47 27
98 126 27
99 44 27
99 45 27
99 48 27
99 50 27
101 44 27
101 45 27
102 42 27
102 43 27
103 40 27
103 41 27
104 38 27
104 39 27
105 36 27
105 37 27
106 121 27
106 124 27
106 126 27
106 127 27
106 128 27
107 125 27
108 32 27
108 33 27
109 74 27
109 75 27
109 77 27
110 124 27
111 124 27
111 126 27
111 127 27
111 128 27
112 123 27
113 30 27
113 31 27
114 28 27
114 29 27
115 20 27
115 40 27
115 42 27
115 44 27
115 60 27
117 122 27
118 27 27
118 28 27
118 29 27
118 32 27
119 70 27
119 72 27
119 73 27
120 67 27
120 68 27
120 69 27
121 120 27
122 119 27
123 118 27
124 16 27
124 17 27
124 20 27
124 26 27
125 26 27
125 27 27
126 117 27
127 116 27
128 24 27
128 25 27
129 21 27
129 22 27
130 115 27
131 19 27
131 20 27
132 42 27
132 44 27
132 45 27
132 60 27
134 17 27
134 18 27
135 114 27
137 113 27
138 112 27
139 121 27
140 37 27
140 39 27
140 40 27
140 42 27
141 15 27
141 16 27
143 111 27
144 13 27
144 14 27
145 11 27
145 12 27
146 110 27
147 109 27
148 60 27
148 61 27
149 61 27
149 63 27
149 66 27
1 150 28
6 149 28
9 148 28
10 54 28
10 60 28
12 147 28
13 51 28
13 53 28
15 146 28
16 145 28
17 144 28
18 143 28
19 142 28
20 49 28
20 50 28
21 141 28
23 140 28
25 24 28
25 27 28
27 22 28
27 23 28
29 33 28
29 37 28
29 44 28
31 136 28
32 135 28
34 133 28
36 20 28
36 21 28
39 45 28
39 48 28
41 132 28
43 131 28
45 130 28
49 17 28
49 19 28
52 19 28
52 20 28
52 21 28
53 15 28
53 16 28
54 127 28
55 126 28
56 122 28
57 41 28
57 44 28
59 121 28
60 11 28
60 13 28
63 37 28
63 38 28
66 120 28
68 116 28
69 34 28
69 36 28
70 19 28
70 20 28
70 44 28
71 7 28
71 8 28
72 5 28
72 6 28
73 115 28
76 3 28
76 4 28
77 13 28
77 16 28
77 17 28
78 114 28
79 112 28
81 0 28
81 2 28
83 149 28
83 150 28
84 111 28
86 2 28
86 4 28
86 11 28
88 110 28
89 109 28
90 107 28
91 90 28
93 88 28
94 85 28
95 84 28
96 106 28
100 105 28
101 83 28
102 82 28
105 81 28
106 132 28
106 133 28
109 79 28
111 130 28
111 131 28
112 78 28
113 103 28
114 115 28
114 116 28
115 105 28
115 112 28
116 101 28
116 102 28
118 25 28
118 33 28
119 102 28
120 76 28
120 85 28
122 76 28
125 101 28
126 73 28
127 72 28
128 97 28
129 95 28
130 71 28
131 72 28
131 73 28
132 51 28
132 70 28
136 70 28
137 94 28
138 93 28
139 91 28
141 126 28
141 127 28
142 68 28
143 67 28
144 101 28
144 115 28
144 116 28
145 64 28
146 121 28
146 122 28
147 114 28
147 120 28
149 62 28
0 8 29
0 9 29
0 10 29
1 129 29
1 130 29
1 138 29
1 147 29
1 0 29
2 107 29
2 108 29
3 150 29
4 149 29
5 105 29
5 106 29
6 103 29
6 104 29
8 149 29
8 0 29
8 1 29
9 101 29
9 102 29
10 98 29
10 100 29
11 96 29
11 97 29
12 147 29
13 146 29
14 39 29
14 40 29
14 42 29
14 44 29
14 60 29
15 94 29
15 95 29
16 145 29
17 124 29
17 126 29
17 127 29
17 128 29
18 136 29
18 138 29
18 147 29
20 92 29
20 93 29
21 144 29
22 133 29
22 134 29
22 135 29
23 51 29
23 52 29
23 55 29
23 60 29
26 89 29
26 91 29
27 130 29
27 131 29
27 132 29
28 84 29
28 85 29
29 118 29
29 120 29
29 121 29
29 122 29
30 127 29
30 128 29
30 129 29
31 80 29
31 82 29
32 124 29
32 125 29
32 126 29
33 78 29
33 79 29
34 44 29
34 45 29
34 48 29
34 50 29
35 76 29
35 77 29
36 126 29
36 128 29
36 138 29
36 147 29
36 7 29
37 121 29
37 122 29
37 123 29
38 121 29
38 124 29
38 126 29
38 127 29
38 128 29
39 74 29
39 75 29
40 143 29
41 72 29
41 73 29
42 142 29
44 141 29
45 16 29
45 20 29
45 26 29
45 27 29
45 36 29
46 138 29
47 137 29
48 70 29
48 71 29
49 136 29
50 68 29
50 69 29
51 66 29
51 67 29
52 118 29
52 119 29
52 120 29
53 64 29
53 65 29
54 16 29
54 17 29
54 20 29
54 22 29
55 62 29
55 63 29
56 135 29
57 134 29
58 133 29
59 12 29
59 13 29
59 14 29
59 15 29
60 58 29
60 59 29
61 36 29
61 37 29
61 39 29
61 40 29
62 55 29
62 56 29
63 132 29
64 52 29
64 54 29
65 50 29
65 51 29
66 27 29
66 28 29
66 29 29
66 32 29
67 131 29
68 130 29
69 48 29
69 49 29
70 46 29
70 47 29
72 129 29
73 100 29
73 104 29
73 112 29
73 115 29
74 115 29
74 116 29
74 117 29
75 44 29
75 45 29
76 7 29
76 8 29
76 9 29
76 11 29
77 42 29
77 43 29
78 16 29
78 27 29
78 79 29
78 100 29
78 124 29
79 40 29
79 41 29
81 128 29
82 110 29
82 112 29
82 114 29
83 5 29
83 6 29
83 7 29
84 79 29
84 92 29
84 93 29
84 100 29
84 112 29
86 60 29
86 61 29
88 2 29
88 3 29
88 4 29
89 107 29
89 108 29
89 109 29
91 84 29
91 85 29
91 89 29
92 127 29
93 38 29
93 39 29
94 126 29
95 125 29
96 36 29
96 37 29
97 124 29
98 78 29
98 79 29
98 82 29
99 37 29
99 39 29
99 40 29
99 42 29
100 123 29
102 32 29
102 33 29
103 102 29
103 104 29
103 105 29
104 30 29
104 31 29
105 28 29
105 29 29
106 26 29
106 27 29
107 61 29
107 67 29
107 68 29
107 70 29
107 78 29
108 122 29
109 93 29
109 94 29
109 95 29
109 97 29
110 121 29
111 120 29
112 74 29
112 75 29
112 77 29
113 24 29
113 25 29
114 21 29
114 22 29
115 119 29
116 118 29
117 77 29
117 78 29
117 79 29
117 92 29
118 19 29
118 20 29
120 17 29
120 18 29
121 117 29
122 116 29
123 69 29
123 70 29
123 72 29
123 74 29
124 115 29
127 70 29
127 72 29
127 73 29
128 16 29
128 17 29
128 20 29
128 26 29
129 114 29
130 67 29
130 68 29
130 69 29
132 61 29
132 66 29
132 67 29
132 68 29
133 113 29
134 61 29
134 63 29
134 66 29
135 112 29
136 111 29
137 15 29
137 16 29
138 13 29
138 14 29
139 29 29
139 31 29
139 32 29
139 36 29
140 5 29
140 7 29
140 12 29
140 13 29
140 14 29
141 110 29
142 0 29
142 4 29
142 5 29
142 6 29
143 97 29
143 98 29
143 100 29
144 94 29
144 95 29
144 96 29
145 129 29
145 130 29
145 138 29
145 147 29
146 109 29
147 11 29
147 12 29
148 24 29
148 26 29
148 27 29
148 28 29
149 42 29
149 44 29
149 45 29
149 60 29
150 91 29
150 92 29
150 93 29
0 150 30
1 29 30
1 31 30
1 32 30
1 36 30
2 149 30
3 136 30
3 138 30
3 147 30
4 107 30
4 108 30
6 147 30
7 24 30
7 26 30
7 27 30
7 28 30
8 7 30
8 9 30
8 11 30
8 12 30
9 0 30
9 4 30
9 5 30
9 6 30
10 146 30
13 105 30
13 106 30
14 103 30
14 104 30
15 145 30
16 144 30
17 143 30
18 142 30
19 141 30
21 138 30
22 101 30
22 102 30
23 98 30
23 100 30
25 96 30
25 97 30
26 133 30
26 134 30
26 135 30
27 94 30
27 95 30
28 92 30
28 93 30
29 137 30
30 136 30
31 5 30
31 7 30
31 12 30
31 13 30
31 14 30
32 129 30
32 130 30
32 138 30
32 147 30
33 16 30
33 17 30
33 20 30
33 22 30
34 89 30
34 91 30
35 84 30
35 85 30
36 135 30
37 134 30
38 80 30
38 82 30
39 78 30
39 79 30
40 133 30
41 130 30
41 131 30
41 132 30
42 76 30
42 77 30
43 132 30
44 131 30
45 74 30
45 75 30
46 72 30
46 73 30
48 124 30
48 126 30
48 127 30
48 128 30
49 130 30
50 70 30
50 71 30
51 68 30
51 69 30
52 118 30
52 120 30
52 121 30
52 122 30
53 51 30
53 52 30
53 55 30
53 60 30
54 127 30
54 128 30
54 129 30
55 66 30
55 67 30
56 64 30
56 65 30
57 129 30
58 59 30
58 60 30
59 55 30
59 56 30
61 100 30
61 104 30
61 112 30
61 115 30
62 52 30
62 54 30
63 129 30
63 130 30
63 138 30
63 147 30
63 0 30
64 124 30
64 125 30
64 126 30
65 121 30
65 122 30
65 123 30
66 118 30
66 119 30
66 120 30
67 50 30
67 51 30
68 93 30
68 94 30
68 95 30
68 97 30
69 48 30
69 49 30
70 128 30
71 46 30
71 47 30
72 39 30
72 40 30
72 42 30
72 44 30
72 60 30
73 127 30
74 61 30
74 66 30
74 67 30
74 68 30
75 126 30
76 44 30
76 45 30
77 125 30
78 42 30
78 44 30
78 45 30
78 60 30
79 42 30
79 43 30
80 40 30
80 41 30
81 8 30
81 9 30
81 10 30
82 115 30
82 116 30
82 117 30
83 62 30
83 63 30
84 124 30
85 121 30
85 124 30
85 126 30
85 127 30
85 128 30
86 123 30
87 58 30
87 61 30
88 44 30
88 45 30
88 48 30
88 50 30
90 5 30
90 6 30
90 7 30
91 77 30
91 78 30
91 79 30
91 92 30
92 36 30
92 37 30
92 39 30
92 40 30
93 27 30
93 28 30
93 29 30
93 32 30
94 38 30
94 39 30
95 122 30
96 91 30
96 92 30
96 93 30
97 84 30
97 85 30
97 89 30
98 121 30
100 78 30
100 79 30
100 82 30
101 36 30
101 37 30
102 32 30
102 33 30
103 110 30
103 112 30
103 114 30
104 30 30
104 31 30
105 28 30
105 29 30
106 107 30
106 108 30
106 109 30
107 26 30
107 27 30
108 24 30
108 25 30
109 79 30
109 92 30
109 93 30
109 100 30
109 112 30
110 120 30
111 21 30
111 22 30
112 16 30
112 27 30
112 79 30
112 100 30
112 124 30
114 61 30
114 67 30
114 68 30
114 70 30
114 78 30
115 16 30
115 17 30
115 20 30
115 26 30
116 119 30
117 118 30
118 16 30
118 20 30
118 26 30
118 27 30
118 36 30
119 74 30
119 75 30
119 77 30
120 126 30
120 128 30
120 138 30
120 147 30
120 7 30
121 117 30
123 116 30
125 19 30
125 20 30
126 115 30
127 114 30
128 113 30
129 112 30
130 111 30
132 69 30
132 70 30
132 72 30
132 74 30
133 70 30
133 72 30
133 73 30
134 67 30
134 68 30
134 69 30
135 17 30
135 18 30
136 15 30
136 16 30
139 37 30
139 39 30
139 40 30
139 42 30
140 2 30
140 3 30
140 4 30
141 102 30
141 104 30
141 105 30
142 8 30
142 13 30
142 14 30
142 15 30
143 13 30
143 14 30
144 97 30
144 98 30
144 100 30
145 110 30
146 94 30
146 95 30
146 96 30
147 11 30
147 12 30
148 149 30
148 0 30
148 1 30
149 61 30
149 63 30
149 66 30
150 109 30
0 150 31
1 107 31
1 108 31
2 149 31
3 147 31
4 146 31
5 145 31
6 2 31
6 3 31
6 4 31
7 149 31
7 0 31
7 1 31
8 136 31
8 138 31
8 147 31
9 7 31
9 8 31
9 11 31
9 12 31
10 144 31
11 61 31
11 67 31
11 68 31
11 70 31
11 78 31
12 105 31
12 106 31
13 143 31
14 0 31
14 4 31
14 5 31
14 6 31
15 133 31
15 134 31
15 135 31
16 103 31
16 104 31
17 130 31
17 131 31
17 132 31
18 142 31
19 141 31
20 129 31
20 130 31
20 138 31
20 147 31
22 124 31
22 126 31
22 127 31
22 128 31
23 5 31
23 7 31
23 12 31
23 13 31
23 14 31
24 101 31
24 102 31
25 127 31
25 128 31
25 129 31
26 138 31
27 118 31
27 120 31
27 121 31
27 122 31
28 98 31
28 100 31
29 137 31
30 136 31
31 100 31
31 104 31
31 112 31
31 115 31
32 96 31
32 97 31
33 124 31
33 125 31
33 126 31
34 135 31
35 94 31
35 95 31
36 134 31
37 93 31
37 94 31
37 95 31
37 97 31
38 133 31
39 77 31
39 78 31
39 79 31
39 92 31
40 132 31
41 92 31
41 93 31
42 89 31
42 91 31
43 129 31
43 130 31
43 138 31
43 147 31
43 0 31
44 131 31
45 16 31
45 27 31
45 79 31
45 100 31
45 124 31
46 121 31
46 122 31
46 123 31
47 130 31
48 39 31
48 40 31
48 42 31
48 44 31
48 60 31
49 84 31
49 85 31
50 129 31
51 118 31
51 119 31
51 120 31
52 16 31
52 20 31
52 26 31
52 27 31
52 36 31
53 80 31
53 82 31
54 121 31
54 124 31
54 126 31
54 127 31
54 128 31
55 78 31
55 79 31
56 115 31
56 116 31
56 117 31
57 128 31
58 110 31
58 112 31
58 114 31
59 37 31
59 39 31
59 40 31
59 42 31
60 76 31
60 77 31
61 107 31
61 108 31
61 109 31
62 29 31
62 31 31
62 32 31
62 36 31
63 74 31
63 75 31
64 72 31
64 73 31
65 24 31
65 26 31
65 27 31
65 28 31
66 127 31
68 126 31
69 61 31
69 66 31
69 67 31
69 68 31
70 64 31
70 65 31
71 79 31
71 92 31
71 93 31
71 100 31
71 112 31
72 42 31
72 44 31
72 45 31
72 60 31
75 125 31
76 62 31
76 63 31
77 60 31
77 61 31
79 124 31
81 8 31
81 9 31
81 10 31
82 69 31
82 70 31
82 72 31
82 74 31
83 123 31
84 58 31
84 59 31
85 55 31
85 56 31
86 51 31
86 52 31
86 55 31
86 60 31
87 122 31
88 44 31
88 45 31
88 48 31
88 50 31
89 52 31
89 54 31
90 70 31
90 71 31
91 50 31
91 51 31
93 36 31
93 37 31
93 39 31
93 40 31
94 48 31
94 49 31
95 94 31
95 96 31
95 97 31
96 46 31
96 47 31
97 44 31
97 45 31
98 91 31
98 92 31
98 93 31
99 5 31
99 6 31
99 7 31
100 42 31
100 43 31
101 121 31
102 120 31
104 40 31
104 41 31
105 84 31
105 85 31
105 89 31
107 119 31
108 38 31
108 39 31
110 78 31
110 79 31
110 82 31
111 16 31
111 17 31
111 20 31
111 22 31
112 74 31
112 75 31
112 77 31
113 9 31
113 13 31
113 14 31
113 15 31
114 36 31
114 37 31
115 32 31
115 33 31
116 118 31
117 116 31
119 115 31
120 30 31
120 31 31
121 28 31
121 29 31
123 70 31
123 72 31
123 73 31
124 114 31
125 113 31
126 26 31
126 27 31
127 24 31
127 25 31
129 27 31
129 28 31
129 29 31
129 32 31
130 16 31
130 17 31
130 20 31
130 26 31
131 112 31
132 21 31
132 22 31
134 67 31
134 68 31
134 69 31
135 19 31
135 20 31
136 126 31
136 128 31
136 138 31
136 147 31
136 7 31
137 17 31
137 18 31
138 61 31
138 63 31
138 66 31
139 68 31
139 69 31
140 66 31
140 67 31
142 111 31
143 110 31
144 102 31
144 104 31
144 105 31
145 15 31
145 16 31
146 13 31
146 14 31
147 109 31
148 117 31
149 11 31
149 12 31
150 95 31
150 98 31
150 100 31
0 150 32
1 54 32
1 60 32
2 149 32
3 148 32
5 51 32
5 53 32
6 147 32
7 49 32
7 50 32
8 146 32
9 33 32
9 37 32
9 44 32
11 145 32
12 144 32
13 45 32
13 48 32
15 143 32
16 101 32
16 115 32
16 116 32
18 142 32
20 11 32
20 13 32
21 19 32
21 20 32
21 44 32
22 141 32
23 7 32
23 8 32
24 140 32
26 136 32
27 135 32
30 133 32
31 132 32
33 131 32
34 13 32
34 16 32
34 17 32
35 130 32
36 127 32
39 126 32
42 122 32
43 41 32
43 44 32
45 5 32
45 6 32
46 121 32
51 3 32
51 4 32
52 120 32
54 0 32
54 2 32
55 116 32
56 115 32
59 114 32
60 149 32
60 150 32
62 132 32
62 133 32
63 37 32
63 38 32
64 112 32
65 111 32
66 110 32
67 109 32
69 107 32
71 106 32
72 105 32
73 130 32
73 131 32
74 103 32
75 34 32
75 36 32
77 102 32
79 101 32
80 27 32
80 33 32
81 126 32
81 127 32
83 2 32
83 4 32
83 11 32
85 83 32
86 97 32
88 121 32
88 122 32
89 95 32
91 116 32
91 120 32
92 19 32
92 20 32
92 21 32
96 94 32
97 82 32
101 81 32
102 114 32
102 115 32
104 93 32
107 79 32
108 24 32
108 25 32
109 78 32
110 76 32
111 73 32
113 22 32
113 23 32
117 20 32
117 21 32
118 91 32
119 90 32
120 105 32
120 112 32
121 72 32
122 71 32
123 88 32
126 101 32
126 102 32
128 85 32
130 76 32
130 85 32
131 72 32
131 73 32
134 17 32
134 19 32
137 15 32
137 16 32
138 84 32
140 70 32
143 68 32
145 67 32
148 64 32
149 62 32
150 51 32
150 70 32
0 150 33
1 54 33
1 60 33
2 149 33
3 148 33
4 51 33
4 53 33
7 147 33
8 146 33
10 145 33
12 49 33
12 50 33
15 144 33
16 11 33
16 13 33
17 7 33
17 8 33
18 143 33
19 5 33
19 6 33
22 142 33
23 3 33
23 4 33
24 141 33
25 0 33
25 2 33
27 140 33
28 136 33
29 135 33
30 133 33
31 132 33
32 131 33
33 130 33
35 127 33
36 126 33
40 122 33
41 121 33
45 120 33
46 33 33
46 37 33
46 44 33
49 116 33
51 19 33
51 20 33
51 44 33
53 115 33
55 114 33
57 45 33
57 48 33
59 41 33
59 44 33
62 112 33
64 149 33
64 150 33
66 37 33
66 38 33
67 111 33
68 132 33
68 133 33
69 34 33
69 36 33
70 110 33
71 109 33
73 107 33
74 106 33
75 105 33
76 130 33
76 131 33
77 103 33
80 102 33
82 101 33
83 97 33
84 95 33
86 94 33
87 93 33
89 91 33
90 2 33
90 4 33
90 11 33
93 85 33
96 19 33
96 20 33
96 21 33
97 101 33
97 115 33
97 116 33
99 27 33
99 33 33
101 126 33
101 127 33
104 24 33
104 25 33
105 84 33
107 83 33
109 82 33
111 121 33
111 122 33
115 105 33
115 112 33
118 90 33
120 81 33
121 79 33
122 78 33
123 22 33
123 23 33
124 20 33
124 21 33
126 76 33
127 101 33
127 102 33
128 17 33
128 19 33
129 88 33
130 73 33
131 76 33
131 85 33
132 72 33
133 72 33
133 73 33
135 71 33
138 15 33
138 16 33
139 13 33
139 16 33
139 17 33
142 70 33
143 116 33
143 120 33
145 68 33
146 67 33
147 114 33
147 115 33
148 64 33
149 51 33
149 70 33
150 62 33
