4 148 51
21 147 51
34 146 51
35 145 51
51 144 51
59 143 51
8 148 68
24 147 68
64 146 68
105 145 68
118 144 68
140 143 68
12 148 71
61 147 71
68 146 71
101 145 71
110 144 71
129 143 71
26 148 74
30 147 74
51 146 74
52 145 74
124 144 74
139 143 74
3 148 77
18 147 77
68 146 77
122 145 77
134 144 77
139 143 77
63 148 78
80 147 78
101 146 78
102 145 78
122 144 78
137 143 78
32 148 102
94 147 102
108 146 102
118 145 102
124 144 102
146 143 102
14 148 103
20 147 103
35 146 103
85 145 103
132 144 103
148 143 103
0 145 119
2 137 119
4 134 119
8 128 119
12 124 119
16 122 119
20 121 119
21 120 119
22 119 119
25 29 119
30 118 119
32 117 119
39 115 119
42 104 119
43 103 119
44 19 119
51 13 119
53 102 119
56 101 119
57 11 119
69 93 119
71 88 119
74 65 119
84 64 119
89 63 119
95 57 119
100 55 119
107 51 119
109 50 119
116 49 119
117 7 119
128 6 119
130 48 119
133 44 119
141 25 119
145 5 119
2 145 121
5 137 121
7 134 121
8 128 121
13 124 121
14 122 121
17 121 121
18 120 121
19 119 121
26 118 121
31 117 121
32 115 121
35 104 121
37 103 121
41 102 121
48 44 121
50 29 121
51 25 121
70 101 121
72 93 121
79 88 121
81 65 121
82 64 121
93 19 121
94 63 121
96 57 121
97 55 121
104 13 121
117 11 121
118 7 121
120 6 121
125 51 121
127 50 121
137 5 121
143 49 121
149 48 121
0 135 122
0 136 122
2 133 122
2 134 122
4 0 122
4 1 122
4 2 122
5 131 122
5 132 122
6 150 122
7 129 122
7 130 122
8 15 122
8 16 122
8 17 122
9 149 122
10 148 122
11 7 122
11 13 122
11 14 122
12 127 122
12 128 122
15 125 122
15 126 122
16 122 122
16 124 122
18 119 122
18 120 122
19 117 122
19 118 122
20 115 122
20 116 122
21 113 122
21 114 122
23 111 122
23 112 122
24 109 122
24 110 122
25 107 122
25 108 122
26 105 122
26 106 122
28 101 122
28 102 122
30 98 122
30 99 122
31 95 122
31 96 122
32 93 122
32 94 122
33 90 122
33 92 122
34 87 122
34 89 122
35 83 122
35 85 122
37 80 122
37 81 122
38 78 122
38 79 122
39 147 122
40 41 122
40 42 122
41 38 122
41 39 122
44 36 122
44 37 122
47 34 122
47 35 122
48 30 122
48 31 122
49 28 122
49 29 122
50 145 122
51 26 122
51 27 122
53 24 122
53 25 122
54 22 122
54 23 122
55 65 122
55 81 122
55 127 122
56 75 122
56 76 122
57 72 122
57 73 122
58 20 122
58 21 122
59 18 122
59 19 122
60 70 122
60 71 122
61 16 122
61 17 122
63 14 122
63 15 122
64 144 122
65 12 122
65 13 122
66 10 122
66 11 122
67 6 122
67 7 122
68 4 122
68 5 122
69 1 122
69 2 122
70 150 122
70 0 122
71 148 122
71 149 122
72 145 122
72 147 122
73 143 122
73 144 122
74 68 122
74 69 122
75 143 122
76 140 122
76 142 122
78 138 122
78 139 122
79 136 122
79 137 122
81 134 122
81 135 122
82 66 122
82 67 122
83 132 122
83 133 122
84 64 122
84 65 122
85 129 122
85 131 122
86 62 122
86 63 122
87 4 122
87 5 122
87 6 122
88 59 122
88 61 122
89 127 122
89 128 122
90 124 122
90 126 122
91 55 122
91 58 122
93 119 122
93 120 122
94 117 122
94 118 122
95 115 122
95 116 122
96 113 122
96 114 122
97 53 122
97 54 122
99 101 122
99 102 122
100 51 122
100 52 122
101 94 122
101 96 122
102 92 122
102 93 122
103 49 122
103 50 122
105 142 122
106 85 122
106 89 122
107 81 122
107 83 122
109 111 122
109 112 122
111 79 122
111 80 122
112 76 122
112 78 122
113 72 122
113 75 122
114 70 122
114 71 122
115 68 122
115 69 122
116 66 122
116 67 122
117 64 122
117 65 122
118 62 122
118 63 122
119 59 122
119 61 122
120 55 122
120 58 122
121 47 122
121 48 122
122 108 122
122 110 122
123 140 122
124 53 122
124 54 122
125 106 122
125 107 122
126 139 122
128 51 122
128 52 122
129 49 122
129 50 122
130 99 122
130 105 122
131 62 122
131 63 122
131 64 122
132 47 122
132 48 122
133 44 122
133 45 122
134 42 122
134 43 122
135 138 122
136 40 122
136 41 122
137 38 122
137 39 122
138 36 122
138 37 122
139 34 122
139 35 122
140 30 122
140 31 122
141 44 122
141 45 122
142 28 122
142 29 122
143 26 122
143 27 122
145 137 122
146 40 122
146 43 122
147 24 122
147 25 122
148 22 122
148 23 122
149 20 122
149 21 122
150 18 122
150 19 122
0 150 123
1 135 123
1 136 123
2 133 123
2 134 123
3 131 123
3 132 123
4 129 123
4 130 123
5 127 123
5 128 123
6 125 123
6 126 123
7 122 123
7 124 123
8 119 123
8 120 123
9 117 123
9 118 123
10 115 123
10 116 123
11 113 123
11 114 123
12 7 123
12 13 123
12 14 123
13 111 123
13 112 123
14 109 123
14 110 123
16 107 123
16 108 123
17 105 123
17 106 123
19 101 123
19 102 123
20 98 123
20 99 123
21 95 123
21 96 123
22 93 123
22 94 123
23 90 123
23 92 123
24 149 123
25 87 123
25 89 123
27 83 123
27 85 123
28 148 123
29 80 123
29 81 123
30 78 123
30 79 123
32 75 123
32 76 123
33 15 123
33 16 123
33 17 123
35 72 123
35 73 123
36 70 123
36 71 123
37 68 123
37 69 123
38 36 123
38 37 123
40 34 123
40 35 123
41 30 123
41 31 123
42 28 123
42 29 123
43 26 123
43 27 123
44 24 123
44 25 123
45 22 123
45 23 123
46 66 123
46 67 123
47 20 123
47 21 123
48 18 123
48 19 123
49 16 123
49 17 123
50 14 123
50 15 123
51 12 123
51 13 123
52 10 123
52 11 123
53 6 123
53 7 123
54 4 123
54 5 123
55 1 123
55 2 123
57 64 123
57 65 123
58 0 123
58 1 123
58 2 123
59 150 123
59 0 123
60 62 123
60 63 123
62 148 123
62 149 123
63 147 123
64 145 123
64 147 123
65 143 123
65 144 123
66 140 123
66 142 123
68 138 123
68 139 123
69 136 123
69 137 123
70 145 123
71 134 123
71 135 123
72 132 123
72 133 123
73 129 123
73 131 123
74 59 123
74 61 123
77 55 123
77 58 123
79 127 123
79 128 123
80 144 123
81 143 123
83 124 123
83 126 123
84 53 123
84 54 123
85 119 123
85 120 123
86 51 123
86 52 123
87 117 123
87 118 123
88 142 123
89 115 123
89 116 123
90 113 123
90 114 123
92 111 123
92 112 123
94 92 123
94 93 123
95 108 123
95 110 123
96 85 123
96 89 123
97 49 123
97 50 123
98 106 123
98 107 123
99 81 123
99 83 123
100 47 123
100 48 123
101 79 123
101 80 123
102 76 123
102 78 123
103 140 123
104 44 123
104 45 123
105 72 123
105 75 123
106 70 123
106 71 123
109 102 123
109 105 123
111 139 123
112 68 123
112 69 123
113 66 123
113 67 123
114 64 123
114 65 123
115 62 123
115 63 123
116 59 123
116 61 123
117 55 123
117 58 123
118 53 123
118 54 123
119 51 123
119 52 123
120 49 123
120 50 123
122 99 123
122 101 123
123 42 123
123 43 123
125 4 123
125 5 123
125 6 123
126 47 123
126 48 123
128 44 123
128 45 123
129 42 123
129 43 123
130 94 123
130 96 123
132 40 123
132 41 123
133 138 123
134 38 123
134 39 123
137 36 123
137 37 123
138 34 123
138 35 123
139 65 123
139 81 123
139 127 123
140 137 123
141 40 123
141 41 123
142 30 123
142 31 123
143 28 123
143 29 123
144 26 123
144 27 123
145 24 123
145 25 123
146 38 123
146 39 123
147 22 123
147 23 123
148 20 123
148 21 123
149 62 123
149 63 123
149 64 123
150 18 123
150 19 123
0 135 124
0 136 124
1 133 124
1 134 124
2 131 124
2 132 124
3 129 124
3 130 124
4 150 124
5 127 124
5 128 124
6 125 124
6 126 124
9 122 124
9 124 124
10 119 124
10 120 124
11 117 124
11 118 124
12 149 124
13 115 124
13 116 124
14 113 124
14 114 124
15 111 124
15 112 124
16 109 124
16 110 124
18 107 124
18 108 124
20 148 124
21 105 124
21 106 124
22 101 124
22 102 124
24 98 124
24 99 124
25 95 124
25 96 124
26 15 124
26 16 124
26 17 124
27 147 124
28 93 124
28 94 124
29 7 124
29 13 124
29 14 124
30 145 124
31 4 124
31 5 124
31 6 124
32 90 124
32 92 124
33 87 124
33 89 124
34 83 124
34 85 124
35 80 124
35 81 124
37 78 124
37 79 124
38 75 124
38 76 124
39 38 124
39 40 124
40 36 124
40 37 124
41 34 124
41 35 124
42 30 124
42 31 124
43 28 124
43 29 124
44 26 124
44 27 124
45 24 124
45 25 124
46 72 124
46 73 124
47 22 124
47 23 124
49 20 124
49 21 124
50 18 124
50 19 124
51 16 124
51 17 124
52 14 124
52 15 124
53 12 124
53 13 124
54 10 124
54 11 124
55 6 124
55 7 124
56 70 124
56 71 124
57 68 124
57 69 124
58 4 124
58 5 124
59 1 124
59 2 124
60 144 124
61 150 124
61 0 124
62 148 124
62 149 124
63 145 124
63 147 124
64 143 124
64 144 124
66 140 124
66 142 124
68 0 124
68 1 124
68 2 124
69 138 124
69 139 124
70 136 124
70 137 124
71 65 124
71 81 124
71 127 124
72 134 124
72 135 124
73 132 124
73 133 124
74 66 124
74 67 124
75 129 124
75 131 124
77 64 124
77 65 124
79 143 124
81 127 124
81 128 124
82 62 124
82 63 124
84 59 124
84 61 124
85 142 124
88 55 124
88 58 124
89 124 124
89 126 124
90 119 124
90 120 124
91 53 124
91 54 124
92 117 124
92 118 124
94 115 124
94 116 124
95 113 124
95 114 124
96 111 124
96 112 124
98 108 124
98 110 124
99 101 124
99 102 124
100 51 124
100 52 124
101 94 124
101 96 124
102 92 124
102 93 124
103 49 124
103 50 124
105 85 124
105 89 124
107 81 124
107 83 124
108 79 124
108 80 124
109 106 124
109 107 124
110 76 124
110 78 124
111 72 124
111 75 124
112 70 124
112 71 124
113 68 124
113 69 124
114 66 124
114 67 124
115 64 124
115 65 124
116 62 124
116 63 124
117 59 124
117 61 124
118 55 124
118 58 124
119 53 124
119 54 124
120 51 124
120 52 124
121 47 124
121 48 124
122 99 124
122 105 124
123 44 124
123 45 124
124 49 124
124 50 124
125 140 124
126 47 124
126 48 124
127 139 124
128 44 124
128 45 124
131 62 124
131 63 124
131 64 124
132 42 124
132 43 124
134 40 124
134 41 124
135 38 124
135 39 124
136 36 124
136 37 124
137 34 124
137 35 124
138 30 124
138 31 124
139 138 124
140 28 124
140 29 124
141 42 124
141 43 124
142 137 124
143 26 124
143 27 124
144 24 124
144 25 124
146 39 124
146 41 124
147 22 124
147 23 124
148 20 124
148 21 124
149 18 124
149 19 124
1 0 125
1 2 125
1 4 125
2 150 125
3 15 125
3 16 125
3 17 125
4 135 125
4 136 125
5 133 125
5 134 125
6 131 125
6 132 125
7 129 125
7 130 125
8 149 125
9 127 125
9 128 125
10 125 125
10 126 125
11 122 125
11 124 125
13 119 125
13 120 125
14 117 125
14 118 125
16 115 125
16 116 125
17 113 125
17 114 125
18 111 125
18 112 125
19 109 125
19 110 125
21 107 125
21 108 125
22 105 125
22 106 125
24 148 125
26 101 125
26 102 125
27 98 125
27 99 125
28 95 125
28 96 125
29 93 125
29 94 125
30 90 125
30 92 125
31 87 125
31 89 125
32 83 125
32 85 125
33 80 125
33 81 125
34 78 125
34 79 125
35 75 125
35 76 125
36 147 125
37 36 125
37 38 125
39 34 125
39 35 125
40 30 125
40 31 125
41 28 125
41 29 125
42 26 125
42 27 125
43 24 125
43 25 125
44 145 125
45 22 125
45 23 125
46 72 125
46 73 125
47 20 125
47 21 125
48 18 125
48 19 125
49 16 125
49 17 125
50 14 125
50 15 125
51 12 125
51 13 125
52 10 125
52 11 125
53 6 125
53 7 125
54 4 125
54 5 125
55 1 125
55 2 125
56 70 125
56 71 125
57 68 125
57 69 125
59 150 125
59 0 125
60 66 125
60 67 125
61 148 125
61 149 125
62 144 125
63 145 125
63 147 125
64 143 125
64 144 125
65 140 125
65 142 125
67 138 125
67 139 125
68 136 125
68 137 125
69 134 125
69 135 125
71 143 125
72 132 125
72 133 125
74 64 125
74 65 125
75 129 125
75 131 125
76 127 125
76 128 125
77 7 125
77 13 125
77 14 125
78 124 125
78 126 125
79 119 125
79 120 125
81 117 125
81 118 125
82 62 125
82 63 125
83 115 125
83 116 125
84 59 125
84 61 125
85 65 125
85 81 125
85 127 125
86 55 125
86 58 125
87 142 125
88 53 125
88 54 125
89 113 125
89 114 125
90 111 125
90 112 125
91 51 125
91 52 125
92 108 125
92 110 125
94 92 125
94 93 125
95 106 125
95 107 125
96 85 125
96 89 125
97 49 125
97 50 125
98 102 125
98 105 125
99 81 125
99 83 125
100 47 125
100 48 125
101 79 125
101 80 125
102 76 125
102 78 125
103 44 125
103 45 125
104 42 125
104 43 125
105 140 125
107 72 125
107 75 125
108 70 125
108 71 125
109 99 125
109 101 125
110 68 125
110 69 125
111 66 125
111 67 125
112 64 125
112 65 125
113 62 125
113 63 125
113 64 125
115 62 125
115 63 125
116 59 125
116 61 125
118 55 125
118 58 125
119 53 125
119 54 125
120 139 125
122 1 125
122 5 125
122 6 125
123 40 125
123 41 125
124 51 125
124 52 125
125 94 125
125 96 125
127 49 125
127 50 125
129 47 125
129 48 125
132 44 125
132 45 125
133 42 125
133 43 125
134 40 125
134 41 125
135 38 125
135 39 125
136 138 125
137 36 125
137 37 125
138 34 125
138 35 125
141 37 125
141 39 125
142 30 125
142 31 125
143 28 125
143 29 125
144 26 125
144 27 125
146 137 125
147 24 125
147 25 125
148 22 125
148 23 125
149 20 125
149 21 125
150 18 125
150 19 125
1 145 126
3 137 126
4 134 126
8 128 126
12 124 126
13 122 126
15 121 126
33 120 126
40 119 126
41 118 126
42 117 126
45 115 126
47 104 126
50 19 126
51 13 126
58 103 126
67 102 126
72 101 126
76 93 126
83 88 126
90 65 126
93 11 126
95 64 126
112 63 126
116 57 126
119 7 126
125 55 126
134 6 126
136 51 126
138 50 126
139 49 126
140 48 126
141 44 126
144 29 126
145 5 126
150 25 126
0 135 127
0 136 127
1 133 127
1 134 127
2 131 127
2 132 127
3 129 127
3 130 127
4 127 127
4 128 127
5 125 127
5 126 127
6 150 127
7 122 127
7 124 127
8 119 127
8 120 127
9 117 127
9 118 127
10 115 127
10 116 127
11 113 127
11 114 127
12 111 127
12 112 127
13 109 127
13 110 127
14 107 127
14 108 127
15 149 127
16 148 127
18 105 127
18 106 127
19 147 127
20 101 127
20 102 127
22 98 127
22 99 127
23 95 127
23 96 127
24 93 127
24 94 127
25 90 127
25 92 127
26 87 127
26 89 127
28 83 127
28 85 127
29 145 127
30 80 127
30 81 127
31 78 127
31 79 127
32 75 127
32 76 127
34 72 127
34 73 127
35 70 127
35 71 127
36 68 127
36 69 127
37 66 127
37 67 127
38 144 127
39 64 127
39 65 127
42 0 127
42 1 127
42 2 127
43 38 127
43 39 127
44 36 127
44 37 127
45 34 127
45 35 127
46 62 127
46 63 127
47 30 127
47 31 127
48 28 127
48 29 127
49 26 127
49 27 127
50 24 127
50 25 127
51 22 127
51 23 127
52 20 127
52 21 127
53 18 127
53 19 127
54 16 127
54 17 127
55 14 127
55 15 127
56 59 127
56 61 127
57 55 127
57 58 127
58 12 127
58 13 127
59 10 127
59 11 127
60 53 127
60 54 127
61 6 127
61 7 127
62 4 127
62 5 127
64 1 127
64 2 127
65 150 127
65 0 127
66 148 127
66 149 127
67 145 127
67 147 127
69 143 127
69 144 127
70 140 127
70 142 127
71 138 127
71 139 127
72 136 127
72 137 127
73 134 127
73 135 127
75 143 127
76 132 127
76 133 127
77 15 127
77 16 127
77 17 127
78 129 127
78 131 127
79 65 127
79 81 127
79 127 127
80 127 127
80 128 127
81 124 127
81 126 127
83 142 127
85 119 127
85 120 127
86 51 127
86 52 127
87 117 127
87 118 127
88 49 127
88 50 127
89 115 127
89 116 127
90 4 127
90 5 127
90 6 127
92 113 127
92 114 127
93 111 127
93 112 127
94 92 127
94 93 127
95 108 127
95 110 127
97 47 127
97 48 127
98 106 127
98 107 127
99 140 127
100 44 127
100 45 127
101 85 127
101 89 127
102 81 127
102 83 127
105 79 127
105 80 127
106 76 127
106 78 127
107 72 127
107 75 127
108 70 127
108 71 127
109 102 127
109 105 127
110 68 127
110 69 127
112 66 127
112 67 127
113 64 127
113 65 127
116 62 127
116 63 127
117 59 127
117 61 127
118 55 127
118 58 127
119 53 127
119 54 127
120 51 127
120 52 127
122 99 127
122 101 127
123 7 127
123 13 127
123 14 127
125 94 127
125 96 127
126 49 127
126 50 127
128 47 127
128 48 127
129 44 127
129 45 127
131 42 127
131 43 127
132 139 127
133 40 127
133 41 127
134 138 127
137 38 127
137 39 127
138 36 127
138 37 127
139 34 127
139 35 127
140 30 127
140 31 127
141 42 127
141 43 127
142 28 127
142 29 127
143 26 127
143 27 127
144 62 127
144 63 127
144 64 127
145 24 127
145 25 127
146 40 127
146 41 127
147 137 127
148 22 127
148 23 127
149 20 127
149 21 127
150 18 127
150 19 127
3 145 128
6 137 128
11 134 128
12 128 128
14 124 128
26 122 128
28 121 128
38 120 128
50 19 128
62 119 128
68 118 128
71 117 128
79 115 128
82 104 128
84 103 128
85 102 128
86 101 128
91 93 128
92 88 128
99 65 128
101 13 128
109 64 128
111 63 128
113 57 128
114 55 128
115 11 128
122 7 128
127 51 128
130 50 128
133 49 128
134 6 128
135 48 128
144 44 128
145 5 128
147 29 128
148 25 128
0 135 129
0 136 129
1 150 129
2 133 129
2 134 129
3 15 129
3 16 129
3 17 129
4 149 129
5 131 129
5 132 129
6 129 129
6 130 129
7 127 129
7 128 129
8 125 129
8 126 129
10 122 129
10 124 129
11 119 129
11 120 129
12 117 129
12 118 129
15 115 129
15 116 129
16 113 129
16 114 129
17 111 129
17 112 129
18 109 129
18 110 129
19 107 129
19 108 129
20 105 129
20 106 129
21 148 129
22 101 129
22 102 129
23 98 129
23 99 129
24 95 129
24 96 129
25 93 129
25 94 129
26 90 129
26 92 129
28 147 129
29 87 129
29 89 129
30 83 129
30 85 129
31 80 129
31 81 129
32 78 129
32 79 129
33 75 129
33 76 129
34 72 129
34 73 129
36 70 129
36 71 129
37 68 129
37 69 129
38 39 129
38 40 129
39 36 129
39 37 129
40 34 129
40 35 129
41 30 129
41 31 129
42 28 129
42 29 129
43 0 129
43 1 129
43 2 129
44 26 129
44 27 129
45 145 129
46 66 129
46 67 129
48 24 129
48 25 129
50 22 129
50 23 129
51 20 129
51 21 129
52 18 129
52 19 129
53 16 129
53 17 129
55 14 129
55 15 129
57 64 129
57 65 129
59 144 129
61 12 129
61 13 129
62 143 129
63 62 129
63 64 129
63 65 129
64 10 129
64 11 129
66 6 129
66 7 129
67 4 129
67 5 129
68 1 129
68 2 129
69 150 129
69 0 129
70 148 129
70 149 129
71 145 129
71 147 129
72 143 129
72 144 129
73 140 129
73 142 129
75 138 129
75 139 129
76 63 129
76 81 129
76 127 129
77 62 129
77 63 129
78 136 129
78 137 129
79 134 129
79 135 129
80 132 129
80 133 129
81 129 129
81 131 129
82 59 129
82 61 129
84 55 129
84 58 129
85 127 129
85 128 129
86 53 129
86 54 129
87 4 129
87 5 129
87 6 129
88 51 129
88 52 129
89 124 129
89 126 129
91 49 129
91 50 129
92 119 129
92 120 129
93 117 129
93 118 129
94 142 129
95 115 129
95 116 129
96 140 129
97 47 129
97 48 129
98 113 129
98 114 129
99 111 129
99 112 129
100 7 129
100 13 129
100 14 129
101 99 129
101 102 129
103 139 129
105 94 129
105 96 129
106 92 129
106 93 129
108 85 129
108 89 129
109 108 129
109 110 129
110 81 129
110 83 129
111 79 129
111 80 129
112 76 129
112 78 129
113 72 129
113 75 129
114 70 129
114 71 129
115 68 129
115 69 129
116 66 129
116 67 129
117 64 129
117 65 129
118 62 129
118 63 129
119 59 129
119 61 129
120 138 129
121 44 129
121 45 129
123 42 129
123 43 129
125 106 129
125 107 129
126 55 129
126 58 129
128 53 129
128 54 129
129 51 129
129 52 129
130 101 129
130 105 129
131 49 129
131 50 129
132 47 129
132 48 129
133 44 129
133 45 129
134 42 129
134 43 129
136 40 129
136 41 129
137 38 129
137 39 129
138 36 129
138 37 129
139 34 129
139 35 129
140 30 129
140 31 129
142 28 129
142 29 129
143 137 129
144 26 129
144 27 129
146 38 129
146 41 129
147 24 129
147 25 129
148 22 129
148 23 129
149 20 129
149 21 129
150 18 129
150 19 129
0 135 130
0 136 130
1 133 130
1 134 130
2 131 130
2 132 130
3 129 130
3 130 130
5 150 130
6 127 130
6 128 130
7 125 130
7 126 130
8 149 130
9 122 130
9 124 130
10 119 130
10 120 130
11 117 130
11 118 130
12 115 130
12 116 130
13 113 130
13 114 130
14 15 130
14 16 130
14 17 130
15 111 130
15 112 130
16 109 130
16 110 130
17 107 130
17 108 130
18 148 130
19 105 130
19 106 130
20 101 130
20 102 130
21 98 130
21 99 130
22 147 130
23 95 130
23 96 130
24 93 130
24 94 130
25 90 130
25 92 130
27 145 130
28 87 130
28 89 130
29 83 130
29 85 130
30 80 130
30 81 130
31 78 130
31 79 130
32 75 130
32 76 130
35 72 130
35 73 130
36 70 130
36 71 130
37 7 130
37 13 130
37 14 130
38 68 130
38 69 130
39 38 130
39 40 130
41 36 130
41 37 130
42 34 130
42 35 130
43 30 130
43 31 130
44 28 130
44 29 130
45 26 130
45 27 130
46 66 130
46 67 130
48 4 130
48 5 130
48 6 130
50 144 130
51 24 130
51 25 130
52 22 130
52 23 130
53 20 130
53 21 130
54 18 130
54 19 130
55 16 130
55 17 130
56 64 130
56 65 130
57 143 130
58 14 130
58 15 130
60 62 130
60 63 130
61 12 130
61 13 130
62 142 130
63 10 130
63 11 130
64 6 130
64 7 130
65 4 130
65 5 130
66 1 130
66 2 130
69 150 130
69 0 130
71 148 130
71 149 130
72 0 130
72 1 130
72 2 130
73 145 130
73 147 130
74 59 130
74 61 130
75 143 130
75 144 130
76 140 130
76 142 130
77 55 130
77 58 130
78 138 130
78 139 130
79 136 130
79 137 130
80 134 130
80 135 130
82 53 130
82 54 130
83 132 130
83 133 130
85 65 130
85 81 130
85 127 130
86 51 130
86 52 130
87 129 130
87 131 130
88 49 130
88 50 130
89 127 130
89 128 130
90 140 130
92 124 130
92 126 130
93 119 130
93 120 130
94 117 130
94 118 130
95 115 130
95 116 130
97 47 130
97 48 130
98 113 130
98 114 130
99 111 130
99 112 130
100 44 130
100 45 130
102 99 130
102 101 130
103 139 130
104 42 130
104 43 130
105 94 130
105 96 130
107 92 130
107 93 130
108 85 130
108 89 130
109 108 130
109 110 130
110 81 130
110 83 130
111 79 130
111 80 130
112 76 130
112 78 130
113 72 130
113 75 130
114 70 130
114 71 130
115 68 130
115 69 130
116 66 130
116 67 130
117 64 130
117 65 130
118 138 130
119 62 130
119 63 130
120 137 130
124 59 130
124 61 130
125 106 130
125 107 130
126 55 130
126 58 130
129 53 130
129 54 130
130 102 130
130 105 130
132 51 130
132 52 130
133 49 130
133 50 130
134 47 130
134 48 130
135 62 130
135 63 130
135 64 130
136 44 130
136 45 130
137 42 130
137 43 130
138 40 130
138 41 130
139 38 130
139 39 130
140 36 130
140 37 130
141 39 130
141 41 130
142 34 130
142 35 130
143 30 130
143 31 130
144 28 130
144 29 130
145 26 130
145 27 130
147 24 130
147 25 130
148 22 130
148 23 130
149 20 130
149 21 130
150 18 130
150 19 130
0 135 131
0 136 131
2 133 131
2 134 131
4 131 131
4 132 131
5 129 131
5 130 131
6 127 131
6 128 131
7 125 131
7 126 131
9 122 131
9 124 131
10 119 131
10 120 131
12 117 131
12 118 131
13 15 131
13 16 131
13 17 131
14 115 131
14 116 131
15 113 131
15 114 131
16 111 131
16 112 131
17 109 131
17 110 131
18 150 131
19 107 131
19 108 131
21 105 131
21 106 131
22 101 131
22 102 131
23 98 131
23 99 131
24 95 131
24 96 131
25 93 131
25 94 131
26 149 131
27 90 131
27 92 131
28 87 131
28 89 131
29 83 131
29 85 131
30 148 131
32 80 131
32 81 131
33 78 131
33 79 131
34 75 131
34 76 131
35 72 131
35 73 131
36 37 131
36 38 131
37 34 131
37 35 131
38 30 131
38 31 131
39 147 131
40 28 131
40 29 131
41 26 131
41 27 131
42 24 131
42 25 131
43 22 131
43 23 131
44 20 131
44 21 131
45 18 131
45 19 131
46 70 131
46 71 131
47 16 131
47 17 131
48 14 131
48 15 131
49 12 131
49 13 131
50 10 131
50 11 131
52 6 131
52 7 131
53 4 131
53 5 131
54 1 131
54 2 131
55 150 131
55 0 131
57 68 131
57 69 131
58 148 131
58 149 131
59 145 131
59 147 131
60 66 131
60 67 131
61 143 131
61 144 131
62 140 131
62 142 131
63 138 131
63 139 131
64 136 131
64 137 131
65 134 131
65 135 131
66 7 131
66 13 131
66 14 131
67 132 131
67 133 131
68 145 131
69 129 131
69 131 131
70 144 131
71 127 131
71 128 131
73 124 131
73 126 131
74 64 131
74 65 131
75 119 131
75 120 131
76 117 131
76 118 131
77 62 131
77 63 131
79 115 131
79 116 131
80 113 131
80 114 131
82 59 131
82 61 131
83 111 131
83 112 131
84 55 131
84 58 131
85 81 131
85 83 131
86 53 131
86 54 131
87 108 131
87 110 131
88 51 131
88 52 131
89 79 131
89 80 131
90 106 131
90 107 131
91 143 131
93 76 131
93 78 131
94 142 131
95 102 131
95 105 131
96 140 131
98 99 131
98 101 131
99 72 131
99 75 131
100 49 131
100 50 131
101 4 131
101 5 131
101 6 131
103 47 131
103 48 131
104 44 131
104 45 131
106 70 131
106 71 131
107 68 131
107 69 131
108 66 131
108 67 131
109 94 131
109 96 131
110 139 131
113 0 131
113 1 131
113 2 131
115 64 131
115 65 131
116 62 131
116 63 131
118 59 131
118 61 131
119 65 131
119 81 131
119 127 131
120 55 131
120 58 131
121 42 131
121 43 131
122 138 131
123 137 131
124 53 131
124 54 131
125 92 131
125 93 131
126 51 131
126 52 131
127 49 131
127 50 131
128 47 131
128 48 131
129 44 131
129 45 131
130 85 131
130 89 131
132 42 131
132 43 131
133 40 131
133 41 131
134 38 131
134 39 131
135 36 131
135 37 131
136 34 131
136 35 131
137 30 131
137 31 131
138 28 131
138 29 131
140 26 131
140 27 131
141 40 131
141 41 131
142 24 131
142 25 131
143 22 131
143 23 131
146 36 131
146 39 131
147 62 131
147 63 131
147 64 131
148 20 131
148 21 131
150 18 131
150 19 131
1 145 132
2 137 132
8 134 132
12 128 132
15 124 132
19 122 132
35 121 132
48 120 132
51 49 132
57 48 132
60 119 132
61 118 132
63 44 132
69 117 132
70 115 132
71 104 132
74 103 132
82 102 132
83 101 132
85 93 132
93 29 132
103 25 132
104 19 132
106 88 132
112 65 132
113 64 132
114 63 132
116 57 132
118 13 132
120 11 132
124 7 132
125 55 132
128 6 132
134 5 132
136 51 132
138 50 132
2 145 134
7 137 134
8 134 134
9 128 134
10 124 134
12 122 134
21 121 134
24 120 134
39 119 134
44 29 134
45 118 134
47 117 134
51 25 134
55 19 134
56 115 134
58 104 134
64 13 134
66 103 134
70 102 134
74 101 134
77 93 134
81 88 134
82 65 134
83 64 134
90 63 134
92 57 134
94 55 134
96 51 134
103 11 134
112 50 134
113 49 134
120 7 134
121 6 134
124 5 134
131 48 134
136 44 134
10 145 136
14 137 136
16 134 136
17 128 136
23 124 136
26 122 136
32 121 136
33 120 136
34 119 136
36 118 136
48 117 136
49 48 136
54 115 136
57 44 136
59 104 136
64 29 136
65 25 136
77 103 136
87 102 136
90 101 136
93 19 136
94 93 136
100 88 136
102 13 136
104 11 136
107 65 136
108 64 136
109 63 136
110 57 136
118 7 136
119 6 136
131 55 136
134 5 136
135 51 136
139 50 136
149 49 136
7 145 138
13 137 138
16 134 138
17 128 138
24 124 138
25 29 138
27 122 138
31 121 138
37 120 138
44 19 138
47 119 138
50 13 138
53 118 138
56 117 138
60 115 138
63 11 138
70 104 138
74 103 138
79 102 138
84 101 138
86 93 138
92 88 138
95 65 138
97 64 138
102 7 138
110 63 138
114 57 138
116 55 138
121 6 138
125 51 138
127 50 138
129 49 138
132 48 138
137 5 138
142 44 138
146 25 138
21 148 139
57 147 139
100 146 139
109 145 139
111 144 139
140 143 139
3 145 141
10 137 141
18 134 141
20 128 141
24 124 141
27 122 141
29 44 141
32 121 141
38 120 141
49 25 141
50 19 141
53 119 141
54 118 141
55 13 141
58 117 141
59 115 141
68 104 141
71 103 141
74 102 141
85 101 141
89 93 141
94 88 141
100 65 141
103 11 141
104 7 141
110 64 141
120 6 141
121 5 141
123 63 141
127 57 141
129 55 141
130 51 141
136 50 141
138 49 141
139 48 141
149 29 141
0 135 142
0 136 142
1 150 142
2 133 142
2 134 142
3 131 142
3 132 142
5 129 142
5 130 142
8 127 142
8 128 142
9 15 142
9 16 142
9 17 142
10 125 142
10 126 142
11 122 142
11 124 142
12 119 142
12 120 142
14 117 142
14 118 142
15 7 142
15 13 142
15 14 142
16 4 142
16 5 142
16 6 142
17 115 142
17 116 142
18 113 142
18 114 142
19 111 142
19 112 142
20 109 142
20 110 142
21 107 142
21 108 142
22 105 142
22 106 142
23 101 142
23 102 142
24 98 142
24 99 142
25 95 142
25 96 142
26 149 142
27 93 142
27 94 142
28 90 142
28 92 142
30 87 142
30 89 142
32 83 142
32 85 142
33 80 142
33 81 142
34 78 142
34 79 142
37 75 142
37 76 142
39 72 142
39 73 142
40 41 142
40 42 142
41 38 142
41 39 142
42 36 142
42 37 142
43 34 142
43 35 142
45 30 142
45 31 142
46 70 142
46 71 142
47 28 142
47 29 142
48 26 142
48 27 142
49 148 142
50 24 142
50 25 142
51 22 142
51 23 142
52 20 142
52 21 142
53 18 142
53 19 142
54 16 142
54 17 142
55 14 142
55 15 142
56 68 142
56 69 142
57 66 142
57 67 142
58 12 142
58 13 142
59 10 142
59 11 142
60 64 142
60 65 142
61 6 142
61 7 142
62 63 142
62 64 142
62 65 142
64 4 142
64 5 142
65 1 142
65 2 142
66 150 142
66 0 142
67 148 142
67 149 142
68 145 142
68 147 142
69 143 142
69 144 142
70 140 142
70 142 142
71 138 142
71 139 142
72 147 142
73 136 142
73 137 142
74 62 142
74 63 142
75 134 142
75 135 142
76 0 142
76 1 142
76 2 142
77 145 142
78 132 142
78 133 142
79 129 142
79 131 142
80 127 142
80 128 142
81 124 142
81 126 142
82 59 142
82 61 142
83 119 142
83 120 142
85 117 142
85 118 142
86 55 142
86 58 142
88 53 142
88 54 142
89 62 142
89 81 142
89 127 142
91 51 142
91 52 142
93 115 142
93 116 142
94 96 142
94 99 142
95 113 142
95 114 142
96 92 142
96 93 142
97 49 142
97 50 142
98 111 142
98 112 142
100 47 142
100 48 142
101 85 142
101 89 142
102 81 142
102 83 142
105 79 142
105 80 142
106 76 142
106 78 142
107 72 142
107 75 142
108 144 142
109 108 142
109 110 142
113 70 142
113 71 142
114 68 142
114 69 142
115 66 142
115 67 142
116 64 142
116 65 142
117 62 142
117 63 142
118 59 142
118 61 142
119 55 142
119 58 142
120 53 142
120 54 142
121 143 142
122 106 142
122 107 142
123 44 142
123 45 142
124 51 142
124 52 142
125 102 142
125 105 142
126 49 142
126 50 142
127 47 142
127 48 142
128 44 142
128 45 142
129 42 142
129 43 142
130 94 142
130 101 142
131 40 142
131 41 142
132 38 142
132 39 142
133 36 142
133 37 142
134 34 142
134 35 142
135 142 142
136 140 142
137 139 142
138 30 142
138 31 142
139 28 142
139 29 142
141 40 142
141 43 142
142 26 142
142 27 142
143 24 142
143 25 142
145 22 142
145 23 142
146 138 142
147 20 142
147 21 142
149 137 142
150 18 142
150 19 142
