9 132 36
10 130 36
22 116 36
39 115 36
43 113 36
61 33 36
73 25 36
86 23 36
103 21 36
127 20 36
2 111 44
6 110 44
7 95 44
22 94 44
24 92 44
46 71 44
58 70 44
70 68 44
111 67 44
117 69 44
13 61 45
37 60 45
46 58 45
94 57 45
102 56 45
104 55 45
106 54 45
109 53 45
113 52 45
147 51 45
14 144 50
24 143 50
25 142 50
40 141 50
81 140 50
99 134 50
105 114 50
120 112 50
139 93 50
144 76 50
20 17 56
29 101 56
43 100 56
46 99 56
47 98 56
53 97 56
56 38 56
112 25 56
119 20 56
125 19 56
24 144 75
25 143 75
47 142 75
55 141 75
65 140 75
84 134 75
87 114 75
91 112 75
123 93 75
131 76 75
1 111 77
2 110 77
14 95 77
46 94 77
89 92 77
95 67 77
112 71 77
120 70 77
129 69 77
134 68 77
13 144 78
27 143 78
38 142 78
44 141 78
46 140 78
61 134 78
78 114 78
94 112 78
108 93 78
109 76 78
17 144 89
32 143 89
46 142 89
69 141 89
110 140 89
113 134 89
118 114 89
120 112 89
132 93 89
146 76 89
23 61 91
45 60 91
54 51 91
80 58 91
88 57 91
89 56 91
97 55 91
112 54 91
132 53 91
146 52 91
13 111 93
25 110 93
36 95 93
49 94 93
71 67 93
73 92 93
77 71 93
82 70 93
86 69 93
144 68 93
40 61 94
41 60 94
51 58 94
53 54 94
56 52 94
61 51 94
70 57 94
74 56 94
112 55 94
144 53 94
18 111 96
24 110 96
27 95 96
82 94 96
88 92 96
108 71 96
109 70 96
119 69 96
139 68 96
143 67 96
24 111 97
32 110 97
35 95 97
36 94 97
44 92 97
69 67 97
89 71 97
114 70 97
116 69 97
132 68 97
1 111 98
11 110 98
27 95 98
33 94 98
62 92 98
65 71 98
83 70 98
99 69 98
105 68 98
124 67 98
26 101 100
54 100 100
81 99 100
92 98 100
93 97 100
107 38 100
113 25 100
125 20 100
138 19 100
144 17 100
2 149 101
6 142 101
11 141 101
12 138 101
26 133 101
27 132 101
30 131 101
38 30 101
46 28 101
47 21 101
48 130 101
51 113 101
55 78 101
63 76 101
66 74 101
72 20 101
73 19 101
79 73 101
86 72 101
88 70 101
89 62 101
92 47 101
100 46 101
113 10 101
114 44 101
127 42 101
133 5 101
137 41 101
140 40 101
147 38 101
33 20 103
34 132 103
43 130 103
45 116 103
76 115 103
80 113 103
82 33 103
98 25 103
125 23 103
147 21 103
9 132 104
18 130 104
50 116 104
97 115 104
103 113 104
120 33 104
126 25 104
128 23 104
139 21 104
147 20 104
1 61 105
2 60 105
12 58 105
15 57 105
47 56 105
63 55 105
109 54 105
117 53 105
120 52 105
145 51 105
23 101 106
32 100 106
33 99 106
62 98 106
88 97 106
102 38 106
107 25 106
114 20 106
133 19 106
135 17 106
12 101 111
51 100 111
55 99 111
92 98 111
93 97 111
94 38 111
106 25 111
129 20 111
133 19 111
137 17 111
1 149 112
25 142 112
29 141 112
36 138 112
47 21 112
52 133 112
56 132 112
59 131 112
62 20 112
68 130 112
71 113 112
75 78 112
78 19 112
80 76 112
81 74 112
86 73 112
95 72 112
98 70 112
99 62 112
101 47 112
109 46 112
110 44 112
112 42 112
115 41 112
124 40 112
132 10 112
136 38 112
138 5 112
145 30 112
148 28 112
23 111 113
27 110 113
35 95 113
59 94 113
65 92 113
108 71 113
114 70 113
117 69 113
140 68 113
142 67 113
10 101 117
11 100 117
18 99 117
48 98 117
62 97 117
63 38 117
65 25 117
69 20 117
82 19 117
84 17 117
19 61 118
25 60 118
60 51 118
83 58 118
96 57 118
100 56 118
106 55 118
107 54 118
116 53 118
141 52 118
1 111 119
9 110 119
13 95 119
15 94 119
42 92 119
53 71 119
68 67 119
77 70 119
80 69 119
150 68 119
31 144 120
39 143 120
57 142 120
90 141 120
99 140 120
101 134 120
105 114 120
113 112 120
127 93 120
137 76 120
0 150 121
1 149 121
2 146 121
4 45 121
4 46 121
5 144 121
6 143 121
10 141 121
11 140 121
12 43 121
12 44 121
14 41 121
14 42 121
15 39 121
15 40 121
20 139 121
21 138 121
22 137 121
23 36 121
23 37 121
24 34 121
24 35 121
25 136 121
26 32 121
26 33 121
27 15 121
27 18 121
28 11 121
28 14 121
29 134 121
30 133 121
32 9 121
32 10 121
33 130 121
35 129 121
37 128 121
38 29 121
38 31 121
39 127 121
41 126 121
42 6 121
42 8 121
44 125 121
46 124 121
47 123 121
48 122 121
50 121 121
51 120 121
52 67 121
52 68 121
54 3 121
54 5 121
57 119 121
58 118 121
59 117 121
60 115 121
62 114 121
63 113 121
65 112 121
66 1 121
66 2 121
68 109 121
69 150 121
69 0 121
70 47 121
70 48 121
71 27 121
71 28 121
75 108 121
77 103 121
78 102 121
79 101 121
80 82 121
81 100 121
82 78 121
83 40 121
83 46 121
84 77 121
85 140 121
85 146 121
86 76 121
87 128 121
87 138 121
88 98 121
89 96 121
91 75 121
94 73 121
95 72 121
99 95 121
100 70 121
101 69 121
102 29 121
102 39 121
103 122 121
103 123 121
104 94 121
105 93 121
107 92 121
108 117 121
108 118 121
109 68 121
110 91 121
111 90 121
112 102 121
112 114 121
113 67 121
114 27 121
114 28 121
115 66 121
116 87 121
117 20 121
117 22 121
119 65 121
120 64 121
123 63 121
125 61 121
127 60 121
128 18 121
128 19 121
129 58 121
130 94 121
130 101 121
131 22 121
131 25 121
132 86 121
133 90 121
133 93 121
134 83 121
134 86 121
135 85 121
137 52 121
137 70 121
138 57 121
140 56 121
141 55 121
142 84 121
143 54 121
144 52 121
145 19 121
145 20 121
146 48 121
147 83 121
148 80 121
149 47 121
150 9 121
150 11 121
0 150 122
1 149 122
2 45 122
2 46 122
3 146 122
5 43 122
5 44 122
6 144 122
7 41 122
7 42 122
8 39 122
8 40 122
9 143 122
10 6 122
10 8 122
12 141 122
13 140 122
14 139 122
15 138 122
16 137 122
17 136 122
18 134 122
20 22 122
20 27 122
21 36 122
21 37 122
22 133 122
25 130 122
26 129 122
27 128 122
28 127 122
29 126 122
31 3 122
31 5 122
32 125 122
34 124 122
36 1 122
36 2 122
37 123 122
39 122 122
40 121 122
41 120 122
44 119 122
45 150 122
45 0 122
48 118 122
49 117 122
50 34 122
50 35 122
51 115 122
53 114 122
55 113 122
56 140 122
56 146 122
57 112 122
60 109 122
61 108 122
63 103 122
64 102 122
65 101 122
67 100 122
68 98 122
69 128 122
69 138 122
70 96 122
71 32 122
71 33 122
73 122 122
73 123 122
74 29 122
74 31 122
75 95 122
77 94 122
79 93 122
80 78 122
81 92 122
82 117 122
82 118 122
83 77 122
84 102 122
84 114 122
86 76 122
87 94 122
87 101 122
88 27 122
88 28 122
89 22 122
89 25 122
90 75 122
91 90 122
91 93 122
92 73 122
94 18 122
94 19 122
95 83 122
95 86 122
96 68 122
96 70 122
97 91 122
99 19 122
99 20 122
103 72 122
104 90 122
105 15 122
105 18 122
106 87 122
108 70 122
109 52 122
109 67 122
110 86 122
111 85 122
112 69 122
114 68 122
115 67 122
118 66 122
119 47 122
119 48 122
120 65 122
121 64 122
122 9 122
122 11 122
123 63 122
125 61 122
127 60 122
128 58 122
129 40 122
129 46 122
131 84 122
132 11 122
132 14 122
133 57 122
134 56 122
135 9 122
135 10 122
136 29 122
136 39 122
139 55 122
140 54 122
142 83 122
143 52 122
144 48 122
145 82 122
146 47 122
148 80 122
149 20 122
149 28 122
0 150 123
1 149 123
2 148 123
4 70 123
4 71 123
5 67 123
5 69 123
6 65 123
6 66 123
7 147 123
8 146 123
9 82 123
9 95 123
9 99 123
10 145 123
12 144 123
14 143 123
15 142 123
16 140 123
17 63 123
17 64 123
18 61 123
18 62 123
19 59 123
19 60 123
21 49 123
21 50 123
21 55 123
22 57 123
22 58 123
23 139 123
24 138 123
27 137 123
28 136 123
29 135 123
30 42 123
30 43 123
30 44 123
32 134 123
34 133 123
35 55 123
35 56 123
36 34 123
36 39 123
36 41 123
37 52 123
37 53 123
38 45 123
38 46 123
38 48 123
39 132 123
40 131 123
42 130 123
43 42 123
43 44 123
44 129 123
45 128 123
46 40 123
46 41 123
47 29 123
47 32 123
47 33 123
48 127 123
49 126 123
50 37 123
50 39 123
51 125 123
52 35 123
52 36 123
53 124 123
54 50 123
54 51 123
55 63 123
55 66 123
55 81 123
56 33 123
56 34 123
57 31 123
57 32 123
58 123 123
59 122 123
60 29 123
60 30 123
61 26 123
61 27 123
62 121 123
63 120 123
64 24 123
64 25 123
64 27 123
65 119 123
67 118 123
68 117 123
69 116 123
70 115 123
71 27 123
71 48 123
71 50 123
72 114 123
73 113 123
75 111 123
76 24 123
76 25 123
77 110 123
78 22 123
78 23 123
79 19 123
79 20 123
80 48 123
80 49 123
81 109 123
82 9 123
82 13 123
82 24 123
83 108 123
84 17 123
84 18 123
85 107 123
86 15 123
86 16 123
87 106 123
88 13 123
88 14 123
89 105 123
90 19 123
90 20 123
90 23 123
91 10 123
91 11 123
92 104 123
93 103 123
94 102 123
95 8 123
95 9 123
96 101 123
97 100 123
98 99 123
99 98 123
100 3 123
100 5 123
102 99 123
102 101 123
103 97 123
104 94 123
104 95 123
105 150 123
105 2 123
106 96 123
107 95 123
109 94 123
111 140 123
111 148 123
112 46 123
112 47 123
113 93 123
114 91 123
115 90 123
116 136 123
116 137 123
117 89 123
118 13 123
118 17 123
118 18 123
119 88 123
120 81 123
120 82 123
121 87 123
122 133 123
122 134 123
123 86 123
124 67 123
124 71 123
125 85 123
126 131 123
126 132 123
127 65 123
127 66 123
128 84 123
129 127 123
129 130 123
130 62 123
130 63 123
131 83 123
132 82 123
133 56 123
133 57 123
134 81 123
135 79 123
136 78 123
137 77 123
138 9 123
138 10 123
138 11 123
139 76 123
140 75 123
141 43 123
141 45 123
143 124 123
143 125 123
144 3 123
144 5 123
144 8 123
145 120 123
145 123 123
146 101 123
146 102 123
146 120 123
147 74 123
148 73 123
149 102 123
149 104 123
150 72 123
0 49 124
0 50 124
0 55 124
1 70 124
1 71 124
2 67 124
2 69 124
3 150 124
4 149 124
5 148 124
6 147 124
7 146 124
8 65 124
8 66 124
9 145 124
10 9 124
10 11 124
10 13 124
12 144 124
13 63 124
13 64 124
14 61 124
14 62 124
15 143 124
16 142 124
17 140 124
18 139 124
19 3 124
19 5 124
19 8 124
20 101 124
20 102 124
20 120 124
21 59 124
21 60 124
22 138 124
23 137 124
24 136 124
25 135 124
26 57 124
26 58 124
27 134 124
28 45 124
28 46 124
28 48 124
29 133 124
30 42 124
30 43 124
30 44 124
32 82 124
32 95 124
32 99 124
33 55 124
33 56 124
34 132 124
35 131 124
36 34 124
36 39 124
36 41 124
37 130 124
38 52 124
38 53 124
39 50 124
39 51 124
40 129 124
41 128 124
42 40 124
42 41 124
46 127 124
47 126 124
48 125 124
49 37 124
49 39 124
50 35 124
50 36 124
51 124 124
52 123 124
53 122 124
54 121 124
55 120 124
56 119 124
57 118 124
58 33 124
58 34 124
59 31 124
59 32 124
60 117 124
61 29 124
61 30 124
62 116 124
63 26 124
63 27 124
64 115 124
67 114 124
68 48 124
68 49 124
69 29 124
69 32 124
69 33 124
70 113 124
71 111 124
72 110 124
74 109 124
75 108 124
77 24 124
77 25 124
78 107 124
79 106 124
80 46 124
80 47 124
81 105 124
83 104 124
84 103 124
86 102 124
88 24 124
88 25 124
88 27 124
89 101 124
90 22 124
90 23 124
91 100 124
92 99 124
93 98 124
94 97 124
95 67 124
95 71 124
96 19 124
96 20 124
97 17 124
97 18 124
98 96 124
99 95 124
100 94 124
101 93 124
102 91 124
103 15 124
103 16 124
104 90 124
105 13 124
105 14 124
106 89 124
107 10 124
107 11 124
109 19 124
109 20 124
109 23 124
110 8 124
110 9 124
111 88 124
112 44 124
112 45 124
113 3 124
113 5 124
114 150 124
114 2 124
115 87 124
116 140 124
116 148 124
117 86 124
118 85 124
119 136 124
119 137 124
120 9 124
120 13 124
120 24 124
121 133 124
121 134 124
122 131 124
122 132 124
123 84 124
124 65 124
124 66 124
126 83 124
128 127 124
128 130 124
129 124 124
129 125 124
130 82 124
131 81 124
132 63 124
132 66 124
132 81 124
133 27 124
133 48 124
133 50 124
134 79 124
135 78 124
136 77 124
137 76 124
138 75 124
139 74 124
140 62 124
140 63 124
141 42 124
141 43 124
142 120 124
142 123 124
143 10 124
143 17 124
143 18 124
144 73 124
145 102 124
145 104 124
146 99 124
146 101 124
147 94 124
147 95 124
148 72 124
149 81 124
149 82 124
150 56 124
150 57 124
1 150 125
2 45 125
2 46 125
3 149 125
4 43 125
4 44 125
5 41 125
5 42 125
6 146 125
7 39 125
7 40 125
8 144 125
9 143 125
10 3 125
10 5 125
11 141 125
13 36 125
13 37 125
14 140 125
15 139 125
17 34 125
17 35 125
18 138 125
19 1 125
19 2 125
20 137 125
21 136 125
25 134 125
27 133 125
28 150 125
28 0 125
29 130 125
30 129 125
31 128 125
32 140 125
32 146 125
34 128 125
34 138 125
35 127 125
36 126 125
37 125 125
38 124 125
39 123 125
41 122 125
41 123 125
42 122 125
43 121 125
44 117 125
44 118 125
46 40 125
46 47 125
47 29 125
47 39 125
49 120 125
50 119 125
51 118 125
52 117 125
53 115 125
54 114 125
55 102 125
55 114 125
57 113 125
58 112 125
59 109 125
60 108 125
61 103 125
62 32 125
62 33 125
63 94 125
63 101 125
64 102 125
66 90 125
66 93 125
67 101 125
69 100 125
71 29 125
71 31 125
73 98 125
74 27 125
74 28 125
75 96 125
76 95 125
79 22 125
79 25 125
81 94 125
84 78 125
85 83 125
85 86 125
87 68 125
87 70 125
88 93 125
91 77 125
94 27 125
94 28 125
95 76 125
97 19 125
97 20 125
98 75 125
101 20 125
101 22 125
102 73 125
103 72 125
104 15 125
104 18 125
105 92 125
106 91 125
107 90 125
110 11 125
110 14 125
111 87 125
112 70 125
113 52 125
113 67 125
115 69 125
116 86 125
117 68 125
118 67 125
120 66 125
121 65 125
122 64 125
124 63 125
125 46 125
125 48 125
126 61 125
128 18 125
128 19 125
129 60 125
130 58 125
131 85 125
132 9 125
132 10 125
134 57 125
135 84 125
136 56 125
137 55 125
138 9 125
138 11 125
142 83 125
144 54 125
145 6 125
145 8 125
146 52 125
147 82 125
148 80 125
149 48 125
150 47 125
0 150 126
2 149 126
3 146 126
4 45 126
4 46 126
5 43 126
5 44 126
6 41 126
6 42 126
7 144 126
8 39 126
8 40 126
10 9 126
10 11 126
11 143 126
12 141 126
13 140 126
17 139 126
18 138 126
19 137 126
20 136 126
22 134 126
23 133 126
24 130 126
25 6 126
25 8 126
26 36 126
26 37 126
27 129 126
29 128 126
30 127 126
31 126 126
32 3 126
32 5 126
33 125 126
34 1 126
34 2 126
35 150 126
35 0 126
36 124 126
38 123 126
39 122 126
40 121 126
43 120 126
44 119 126
45 140 126
45 146 126
46 118 126
47 20 126
47 22 126
48 117 126
49 115 126
50 114 126
51 113 126
53 112 126
54 109 126
55 108 126
56 103 126
57 128 126
57 138 126
59 34 126
59 35 126
60 122 126
60 123 126
61 102 126
62 32 126
62 33 126
63 101 126
64 117 126
64 118 126
65 100 126
69 98 126
70 96 126
71 95 126
72 102 126
72 114 126
73 94 126
75 93 126
76 94 126
76 101 126
77 92 126
78 90 126
78 93 126
80 91 126
81 90 126
82 80 126
83 78 126
85 83 126
85 86 126
87 68 126
87 70 126
88 29 126
88 31 126
89 27 126
89 28 126
90 77 126
91 52 126
91 67 126
95 76 126
96 75 126
97 22 126
97 25 126
98 73 126
101 72 126
103 70 126
104 87 126
105 19 126
105 20 126
106 15 126
106 18 126
108 47 126
108 48 126
110 86 126
112 69 126
113 68 126
115 67 126
116 10 126
116 14 126
117 18 126
117 19 126
118 66 126
120 65 126
121 64 126
123 63 126
124 61 126
127 60 126
128 58 126
129 57 126
130 56 126
133 40 126
133 46 126
135 85 126
136 29 126
136 39 126
137 55 126
138 9 126
138 11 126
139 54 126
142 84 126
144 27 126
144 28 126
145 83 126
146 52 126
148 82 126
149 48 126
150 47 126
1 49 127
1 50 127
1 55 127
2 150 127
3 70 127
3 71 127
4 149 127
5 67 127
5 69 127
6 65 127
6 66 127
7 148 127
8 147 127
9 146 127
10 63 127
10 64 127
11 145 127
12 144 127
13 143 127
14 142 127
15 140 127
16 139 127
17 138 127
19 61 127
19 62 127
20 137 127
21 136 127
22 59 127
22 60 127
23 135 127
24 3 127
24 5 127
24 8 127
25 57 127
25 58 127
26 134 127
27 55 127
27 56 127
28 52 127
28 53 127
29 133 127
30 132 127
31 42 127
31 43 127
31 44 127
32 50 127
32 51 127
33 131 127
34 101 127
34 102 127
34 120 127
35 130 127
36 129 127
37 48 127
37 49 127
38 128 127
40 127 127
41 46 127
41 47 127
42 43 127
42 44 127
43 126 127
44 125 127
45 124 127
46 123 127
47 122 127
48 121 127
49 82 127
49 95 127
49 99 127
50 40 127
50 41 127
51 120 127
52 119 127
53 118 127
54 117 127
56 116 127
57 37 127
57 39 127
58 115 127
60 35 127
60 36 127
61 33 127
61 34 127
62 63 127
62 66 127
62 81 127
63 114 127
64 31 127
64 32 127
65 29 127
65 30 127
66 9 127
66 13 127
66 24 127
67 113 127
68 42 127
68 45 127
69 111 127
70 110 127
72 26 127
72 27 127
73 24 127
73 25 127
74 22 127
74 23 127
76 19 127
76 20 127
77 109 127
78 108 127
79 17 127
79 18 127
80 107 127
81 106 127
82 15 127
82 16 127
83 34 127
83 39 127
83 41 127
85 105 127
86 104 127
87 103 127
88 102 127
89 13 127
89 14 127
90 101 127
92 100 127
93 99 127
94 98 127
95 97 127
96 95 127
97 94 127
98 93 127
99 91 127
100 90 127
102 89 127
103 29 127
103 32 127
103 33 127
104 102 127
104 120 127
105 10 127
105 11 127
106 8 127
106 9 127
107 88 127
108 3 127
108 5 127
109 150 127
109 2 127
110 87 127
111 140 127
111 148 127
112 96 127
113 86 127
115 85 127
116 84 127
117 24 127
117 25 127
117 27 127
118 19 127
118 20 127
118 23 127
119 13 127
119 17 127
119 18 127
121 136 127
121 137 127
122 133 127
122 134 127
123 99 127
123 101 127
124 94 127
124 95 127
125 81 127
125 82 127
126 83 127
129 82 127
130 81 127
131 79 127
132 67 127
132 71 127
133 27 127
133 48 127
133 50 127
134 65 127
134 66 127
135 78 127
137 62 127
137 63 127
138 131 127
138 132 127
139 127 127
139 130 127
140 77 127
141 45 127
141 46 127
141 48 127
142 124 127
142 125 127
143 104 127
143 123 127
144 76 127
145 75 127
146 9 127
146 10 127
146 11 127
147 74 127
148 73 127
149 72 127
150 56 127
150 57 127
0 49 128
0 50 128
0 55 128
3 70 128
3 71 128
4 150 128
5 149 128
6 67 128
6 69 128
7 148 128
10 65 128
10 66 128
11 63 128
11 64 128
12 147 128
14 146 128
15 61 128
15 62 128
16 145 128
17 144 128
18 59 128
18 60 128
19 57 128
19 58 128
20 143 128
21 142 128
22 55 128
22 56 128
23 140 128
24 52 128
24 53 128
25 139 128
26 138 128
27 50 128
27 51 128
28 137 128
30 136 128
31 135 128
32 134 128
33 133 128
34 132 128
35 131 128
36 45 128
36 46 128
36 48 128
37 130 128
38 48 128
38 49 128
39 129 128
40 42 128
40 43 128
40 44 128
41 128 128
42 127 128
43 126 128
44 45 128
44 46 128
45 42 128
45 43 128
46 40 128
46 41 128
47 37 128
47 39 128
48 125 128
49 124 128
51 123 128
52 122 128
53 35 128
53 36 128
54 44 128
54 47 128
55 121 128
56 120 128
57 119 128
58 34 128
58 39 128
58 41 128
59 33 128
59 34 128
60 118 128
61 117 128
62 116 128
63 31 128
63 32 128
64 29 128
64 32 128
64 33 128
66 115 128
67 114 128
68 113 128
69 111 128
70 110 128
71 109 128
72 108 128
73 107 128
74 106 128
75 29 128
75 30 128
76 24 128
76 25 128
76 27 128
77 26 128
77 27 128
78 105 128
79 104 128
80 103 128
81 102 128
82 9 128
82 13 128
82 24 128
84 24 128
84 25 128
85 101 128
86 19 128
86 20 128
86 23 128
87 100 128
88 22 128
88 23 128
89 99 128
91 98 128
92 97 128
93 96 128
94 19 128
94 20 128
96 17 128
96 18 128
97 13 128
97 17 128
97 18 128
99 93 128
100 91 128
101 15 128
101 16 128
102 13 128
102 14 128
103 9 128
103 10 128
103 11 128
104 102 128
104 120 128
105 10 128
105 11 128
106 8 128
106 9 128
107 90 128
108 89 128
110 88 128
111 87 128
112 95 128
113 86 128
114 3 128
114 5 128
115 3 128
115 5 128
115 8 128
116 150 128
116 2 128
117 140 128
117 148 128
118 101 128
118 102 128
118 120 128
120 99 128
120 101 128
121 136 128
121 137 128
122 85 128
123 94 128
123 95 128
124 84 128
125 81 128
125 82 128
126 82 128
126 95 128
126 99 128
127 83 128
128 82 128
129 133 128
129 134 128
130 81 128
131 79 128
132 67 128
132 71 128
133 65 128
133 66 128
134 62 128
134 63 128
135 78 128
136 77 128
137 76 128
138 131 128
138 132 128
139 63 128
139 66 128
139 81 128
141 94 128
142 75 128
143 127 128
143 130 128
144 124 128
144 125 128
145 74 128
146 73 128
147 27 128
147 48 128
147 50 128
148 72 128
149 104 128
149 123 128
150 56 128
150 57 128
1 150 129
2 70 129
2 71 129
4 67 129
4 69 129
5 149 129
6 49 129
6 50 129
6 55 129
7 65 129
7 66 129
8 63 129
8 64 129
9 148 129
10 147 129
11 146 129
12 145 129
13 61 129
13 62 129
14 144 129
15 143 129
17 142 129
19 140 129
20 59 129
20 60 129
21 139 129
22 57 129
22 58 129
23 138 129
24 55 129
24 56 129
25 3 129
25 5 129
25 8 129
26 52 129
26 53 129
27 50 129
27 51 129
28 45 129
28 46 129
28 48 129
29 137 129
30 48 129
30 49 129
31 136 129
32 135 129
33 134 129
35 133 129
36 46 129
36 47 129
37 44 129
37 45 129
38 132 129
39 131 129
40 130 129
41 129 129
42 128 129
43 101 129
43 102 129
43 120 129
44 127 129
45 126 129
46 40 129
46 41 129
47 125 129
48 37 129
48 39 129
50 124 129
51 123 129
52 122 129
53 121 129
54 120 129
56 35 129
56 36 129
57 82 129
57 95 129
57 99 129
58 42 129
58 43 129
58 44 129
59 119 129
60 34 129
60 39 129
60 41 129
61 33 129
61 34 129
62 31 129
62 32 129
63 118 129
64 29 129
64 30 129
65 117 129
67 26 129
67 27 129
68 116 129
69 115 129
70 29 129
70 32 129
70 33 129
71 114 129
72 113 129
73 111 129
75 110 129
76 24 129
76 25 129
77 22 129
77 23 129
78 109 129
79 108 129
80 42 129
80 43 129
82 107 129
83 106 129
84 24 129
84 25 129
84 27 129
85 19 129
85 20 129
86 105 129
87 17 129
87 18 129
88 15 129
88 16 129
89 104 129
90 13 129
90 14 129
91 103 129
92 102 129
94 101 129
96 100 129
97 19 129
97 20 129
97 23 129
98 97 129
99 96 129
100 13 129
100 17 129
100 18 129
101 9 129
101 13 129
101 24 129
102 95 129
103 94 129
104 93 129
105 91 129
106 10 129
106 11 129
108 8 129
108 9 129
109 90 129
110 89 129
111 3 129
111 5 129
112 99 129
113 150 129
113 2 129
114 140 129
114 148 129
115 88 129
116 136 129
116 137 129
117 87 129
118 9 129
118 10 129
118 11 129
119 86 129
120 94 129
120 95 129
121 133 129
121 134 129
122 131 129
122 132 129
123 85 129
124 81 129
124 82 129
125 63 129
125 66 129
125 81 129
126 127 129
126 130 129
127 84 129
128 83 129
129 82 129
130 81 129
131 67 129
131 71 129
132 65 129
132 66 129
133 62 129
133 63 129
134 56 129
134 57 129
135 79 129
136 78 129
137 77 129
138 124 129
138 125 129
140 27 129
140 48 129
140 50 129
141 98 129
142 120 129
142 123 129
143 76 129
144 102 129
144 104 129
146 75 129
147 74 129
148 73 129
149 99 129
149 101 129
150 72 129
0 150 130
1 149 130
2 148 130
3 70 130
3 71 130
4 67 130
4 69 130
5 65 130
5 66 130
6 49 130
6 50 130
6 55 130
7 45 130
7 46 130
7 48 130
9 147 130
10 63 130
10 64 130
11 146 130
12 145 130
14 144 130
15 61 130
15 62 130
16 29 130
16 32 130
16 33 130
17 143 130
18 59 130
18 60 130
19 63 130
19 66 130
19 81 130
20 142 130
21 42 130
21 43 130
21 44 130
22 24 130
22 25 130
22 27 130
23 140 130
24 139 130
25 57 130
25 58 130
26 138 130
27 137 130
28 34 130
28 39 130
28 41 130
30 55 130
30 56 130
31 52 130
31 53 130
32 136 130
34 135 130
35 134 130
36 133 130
37 132 130
38 131 130
39 50 130
39 51 130
40 19 130
40 20 130
40 23 130
41 40 130
41 42 130
43 37 130
43 39 130
45 130 130
46 35 130
46 36 130
47 129 130
48 128 130
49 127 130
51 126 130
52 125 130
53 124 130
54 123 130
55 122 130
56 27 130
56 48 130
56 50 130
57 121 130
58 33 130
58 34 130
59 120 130
60 13 130
60 17 130
60 18 130
61 119 130
62 118 130
63 117 130
64 9 130
64 10 130
64 11 130
65 31 130
65 32 130
66 29 130
66 30 130
67 26 130
67 27 130
68 116 130
69 24 130
69 25 130
71 115 130
72 114 130
73 113 130
74 111 130
75 3 130
75 5 130
75 8 130
76 22 130
76 23 130
77 110 130
78 109 130
79 19 130
79 20 130
80 48 130
80 49 130
81 108 130
82 17 130
82 18 130
83 107 130
84 106 130
85 105 130
86 15 130
86 16 130
87 104 130
88 13 130
88 14 130
89 103 130
90 10 130
90 11 130
91 8 130
91 9 130
92 46 130
92 47 130
93 3 130
93 5 130
94 102 130
95 101 130
96 150 130
96 2 130
97 100 130
98 99 130
100 140 130
100 148 130
101 98 130
102 97 130
103 136 130
103 137 130
104 94 130
104 95 130
105 96 130
106 95 130
107 133 130
107 134 130
108 94 130
109 93 130
110 91 130
111 131 130
111 132 130
112 44 130
112 45 130
113 90 130
114 127 130
114 130 130
116 89 130
117 101 130
117 102 130
117 120 130
118 88 130
119 87 130
121 124 130
121 125 130
123 81 130
123 82 130
124 86 130
125 67 130
125 71 130
126 85 130
127 84 130
128 83 130
129 82 130
130 81 130
131 79 130
132 78 130
133 77 130
134 76 130
135 75 130
136 65 130
136 66 130
137 62 130
137 63 130
138 74 130
139 73 130
141 41 130
141 43 130
142 120 130
142 123 130
143 102 130
143 104 130
145 72 130
147 99 130
147 101 130
148 56 130
148 57 130
149 82 130
149 95 130
149 99 130
150 9 130
150 13 130
150 24 130
7 132 131
32 130 131
42 116 131
56 115 131
63 113 131
66 33 131
80 25 131
97 23 131
126 21 131
143 20 131
0 45 132
0 46 132
1 43 132
1 44 132
2 150 132
3 149 132
4 146 132
5 41 132
5 42 132
6 144 132
7 143 132
10 141 132
12 140 132
15 139 132
16 138 132
17 137 132
18 11 132
18 14 132
19 9 132
19 10 132
21 136 132
23 39 132
23 40 132
25 134 132
27 20 132
27 22 132
28 133 132
29 130 132
30 129 132
32 128 132
33 127 132
34 126 132
36 125 132
37 124 132
40 123 132
42 122 132
44 6 132
44 8 132
45 121 132
47 18 132
47 19 132
48 120 132
49 36 132
49 37 132
53 119 132
54 118 132
55 117 132
56 3 132
56 5 132
57 1 132
57 2 132
59 115 132
60 150 132
60 0 132
62 114 132
63 140 132
63 146 132
64 128 132
64 138 132
66 113 132
67 112 132
68 109 132
69 122 132
69 123 132
70 9 132
70 11 132
71 108 132
72 103 132
73 117 132
73 118 132
74 102 132
77 102 132
77 114 132
78 101 132
79 34 132
79 35 132
80 100 132
82 98 132
83 96 132
84 94 132
84 101 132
87 83 132
88 95 132
89 94 132
90 82 132
91 90 132
91 93 132
92 80 132
93 78 132
94 77 132
97 93 132
98 76 132
100 83 132
100 86 132
101 75 132
102 73 132
103 72 132
104 92 132
105 32 132
105 33 132
106 91 132
107 90 132
109 68 132
109 70 132
110 29 132
110 31 132
111 27 132
111 28 132
112 70 132
115 52 132
115 67 132
116 87 132
117 69 132
118 68 132
119 47 132
119 48 132
120 67 132
122 66 132
123 65 132
124 40 132
124 46 132
125 64 132
126 29 132
126 39 132
127 63 132
129 61 132
130 27 132
130 28 132
131 22 132
131 25 132
132 19 132
132 20 132
133 60 132
134 58 132
136 57 132
137 56 132
138 55 132
142 86 132
143 54 132
144 52 132
145 85 132
146 48 132
147 15 132
147 18 132
148 84 132
150 47 132
29 132 133
30 130 133
40 116 133
56 115 133
69 113 133
75 33 133
85 25 133
96 23 133
101 21 133
110 20 133
6 144 134
9 143 134
11 142 134
19 141 134
21 140 134
22 134 134
72 114 134
75 112 134
85 93 134
90 76 134
3 132 135
16 130 135
38 116 135
45 115 135
47 113 135
79 33 135
111 25 135
118 23 135
124 21 135
137 20 135
2 149 137
9 142 137
15 141 137
21 28 137
22 138 137
25 133 137
39 132 137
42 20 137
45 131 137
53 130 137
56 113 137
58 78 137
59 76 137
61 74 137
64 73 137
67 72 137
74 19 137
78 10 137
94 70 137
95 62 137
110 47 137
114 46 137
118 44 137
126 42 137
127 41 137
133 5 137
135 40 137
139 38 137
143 30 137
147 21 137
5 149 138
6 142 138
10 141 138
12 138 138
14 133 138
15 132 138
17 131 138
18 130 138
20 21 138
24 113 138
25 78 138
31 76 138
40 19 138
58 74 138
59 73 138
65 72 138
71 70 138
77 62 138
80 47 138
84 46 138
95 44 138
107 42 138
111 41 138
112 40 138
127 38 138
131 10 138
135 30 138
138 5 138
146 28 138
148 20 138
0 45 141
0 46 141
1 150 141
2 149 141
3 146 141
4 144 141
5 43 141
5 44 141
6 143 141
10 41 141
10 42 141
11 141 141
12 140 141
13 139 141
15 9 141
15 10 141
16 39 141
16 40 141
17 138 141
18 6 141
18 8 141
19 3 141
19 5 141
20 137 141
21 36 141
21 37 141
22 136 141
23 34 141
23 35 141
24 32 141
24 33 141
25 1 141
25 2 141
27 134 141
30 133 141
31 150 141
31 0 141
33 130 141
34 129 141
35 128 141
36 127 141
39 126 141
40 125 141
41 140 141
41 146 141
42 124 141
43 123 141
45 122 141
47 121 141
48 20 141
48 22 141
49 120 141
50 119 141
53 118 141
54 128 141
54 138 141
57 122 141
57 123 141
59 29 141
59 31 141
60 117 141
61 115 141
63 114 141
65 113 141
66 112 141
67 109 141
71 108 141
72 103 141
73 102 141
74 101 141
76 117 141
76 118 141
78 102 141
78 114 141
79 100 141
80 98 141
81 96 141
82 83 141
83 80 141
85 78 141
86 18 141
86 19 141
87 77 141
89 95 141
92 94 141
92 101 141
93 76 141
94 75 141
95 90 141
95 93 141
96 73 141
97 94 141
98 72 141
99 93 141
100 83 141
100 86 141
101 9 141
101 11 141
102 70 141
103 68 141
103 70 141
104 27 141
104 28 141
105 92 141
106 91 141
107 22 141
107 25 141
108 69 141
109 68 141
110 90 141
111 87 141
112 67 141
114 66 141
116 19 141
116 20 141
119 65 141
121 64 141
124 52 141
124 67 141
125 63 141
126 47 141
126 48 141
127 61 141
129 60 141
130 58 141
131 86 141
132 85 141
133 57 141
135 84 141
136 56 141
137 55 141
139 40 141
139 46 141
140 54 141
141 29 141
141 39 141
142 82 141
143 52 141
144 48 141
147 15 141
147 18 141
148 11 141
148 14 141
149 27 141
149 28 141
150 47 141
1 149 142
4 142 142
26 141 142
30 28 142
31 138 142
38 21 142
39 133 142
44 20 142
53 132 142
54 131 142
58 130 142
65 113 142
67 78 142
71 76 142
73 19 142
75 74 142
84 73 142
89 72 142
93 70 142
94 62 142
98 47 142
102 46 142
110 44 142
118 42 142
119 41 142
120 40 142
127 38 142
131 10 142
138 5 142
143 30 142
