94 23 241
118 21 241
119 20 241
128 19 241
32 67 251
49 66 251
75 65 251
125 64 251
51 146 290
63 145 290
67 144 290
72 143 290
44 100 296
53 99 296
92 98 296
139 97 296
10 62 304
58 61 304
64 60 304
65 43 304
22 137 317
56 136 317
122 135 317
144 115 317
6 67 321
21 66 321
57 65 321
123 64 321
37 52 328
64 51 328
79 50 328
88 49 328
20 118 345
89 117 345
116 115 345
126 116 345
37 127 348
62 126 348
125 124 348
138 125 348
10 146 358
20 145 358
102 144 358
137 143 358
43 137 367
50 136 367
61 135 367
136 115 367
5 88 370
8 87 370
14 86 370
23 85 370
1 138 374
95 137 374
112 136 374
128 135 374
40 96 382
88 95 382
110 94 382
149 93 382
8 52 387
89 51 387
141 50 387
146 49 387
8 96 389
18 95 389
30 94 389
69 93 389
48 149 391
63 78 391
129 77 391
135 76 391
14 146 393
119 145 393
141 144 393
147 143 393
1 55 394
48 54 394
56 53 394
76 52 394
24 141 395
84 140 395
87 139 395
94 135 395
4 62 400
8 61 400
13 60 400
79 43 400
96 122 404
134 121 404
136 120 404
142 119 404
9 127 425
22 126 425
33 125 425
81 124 425
2 149 438
7 78 438
60 77 438
87 76 438
14 137 463
47 136 463
57 135 463
109 115 463
16 146 464
34 145 464
119 144 464
148 143 464
17 138 468
44 137 468
52 136 468
138 135 468
29 100 476
38 99 476
96 98 476
122 97 476
13 149 482
33 78 482
74 77 482
84 76 482
21 137 485
27 136 485
64 135 485
69 115 485
33 67 489
43 66 489
113 65 489
126 64 489
21 138 490
56 137 490
74 136 490
132 135 490
56 88 492
90 87 492
110 86 492
123 85 492
0 124 508
22 123 508
57 121 508
129 120 508
36 137 509
88 136 509
91 135 509
119 115 509
1 98 510
60 97 510
76 96 510
95 75 510
13 146 515
60 145 515
98 144 515
141 143 515
54 146 516
65 145 516
82 144 516
122 143 516
31 62 517
45 61 517
79 60 517
128 43 517
30 149 522
40 78 522
124 77 522
129 76 522
24 124 523
52 123 523
86 121 523
146 120 523
16 98 533
49 97 533
63 96 533
87 75 533
6 127 534
95 126 534
107 125 534
110 124 534
37 118 536
44 117 536
118 115 536
138 116 536
21 88 545
92 87 545
96 86 545
135 85 545
33 98 546
49 97 546
68 96 546
139 75 546
0 98 547
6 97 547
24 96 547
45 75 547
23 100 548
30 99 548
95 98 548
133 97 548
4 141 551
12 140 551
50 139 551
82 135 551
24 55 552
41 54 552
72 53 552
135 52 552
15 138 553
31 137 553
104 136 553
109 135 553
1 149 567
3 78 567
55 77 567
147 76 567
41 62 571
67 61 571
80 60 571
101 43 571
27 138 586
37 137 586
86 136 586
107 135 586
11 23 588
17 21 588
83 20 588
108 19 588
16 100 603
51 99 603
112 98 603
144 97 603
27 23 604
39 21 604
46 20 604
64 19 604
49 96 608
62 95 608
78 93 608
93 94 608
54 88 609
83 87 609
139 86 609
144 85 609
24 124 614
119 123 614
122 121 614
149 120 614
11 122 621
59 121 621
108 119 621
119 120 621
38 124 623
87 123 623
126 121 623
147 120 623
9 23 624
35 21 624
83 20 624
95 19 624
17 98 630
89 97 630
105 96 630
144 75 630
80 141 631
96 140 631
111 139 631
141 135 631
48 149 637
69 78 637
109 77 637
131 76 637
37 121 641
37 122 641
41 119 641
41 120 641
121 119 641
121 120 641
127 121 641
127 122 641
39 138 643
75 137 643
106 136 643
126 135 643
52 141 644
75 140 644
93 139 644
117 135 644
37 127 648
62 126 648
67 125 648
125 124 648
51 127 649
127 124 649
139 126 649
147 125 649
5 23 651
96 21 651
99 20 651
123 19 651
16 141 654
20 140 654
57 139 654
136 135 654
16 122 657
23 121 657
80 120 657
143 119 657
84 138 661
87 137 661
126 136 661
147 135 661
0 100 662
67 99 662
105 98 662
109 97 662
18 67 663
39 66 663
110 65 663
145 64 663
24 23 665
34 21 665
49 20 665
99 19 665
93 67 668
110 66 668
118 65 668
129 64 668
22 141 669
26 140 669
55 139 669
63 135 669
27 124 670
70 123 670
128 121 670
136 120 670
38 98 671
73 97 671
104 96 671
125 75 671
21 52 672
44 51 672
97 50 672
103 49 672
46 146 676
64 145 676
75 144 676
135 143 676
53 67 677
110 66 677
124 65 677
137 64 677
28 55 679
29 54 679
70 53 679
134 52 679
4 146 682
41 145 682
52 144 682
125 143 682
7 121 684
7 122 684
39 119 684
39 120 684
58 121 684
58 122 684
121 119 684
121 120 684
4 146 686
96 145 686
101 144 686
109 143 686
5 100 690
17 99 690
49 98 690
100 97 690
26 122 697
38 121 697
47 120 697
104 119 697
31 100 699
61 99 699
97 98 699
105 97 699
85 55 700
109 54 700
110 53 700
111 52 700
1 67 704
40 66 704
76 65 704
130 64 704
1 88 705
41 87 705
85 86 705
150 85 705
66 23 706
108 21 706
114 20 706
130 19 706
26 23 711
62 21 711
100 20 711
149 19 711
42 118 712
73 117 712
94 116 712
103 115 712
98 124 718
109 123 718
139 121 718
148 120 718
4 98 722
45 97 722
53 96 722
145 75 722
73 98 723
86 97 723
97 75 723
117 96 723
33 52 729
78 51 729
84 50 729
120 49 729
80 98 731
97 75 731
139 97 731
148 96 731
9 118 741
25 117 741
66 116 741
105 115 741
34 122 754
74 121 754
112 120 754
115 119 754
2 23 755
17 21 755
30 20 755
63 19 755
25 124 759
37 123 759
61 121 759
96 120 759
14 23 763
15 21 763
115 20 763
137 19 763
40 96 773
46 95 773
59 94 773
62 93 773
13 88 774
54 87 774
83 86 774
121 85 774
28 67 776
102 66 776
107 65 776
144 64 776
83 149 780
92 78 780
133 77 780
145 76 780
79 88 781
90 87 781
96 86 781
101 85 781
46 121 782
46 122 782
65 119 782
65 120 782
112 121 782
112 122 782
131 119 782
131 120 782
66 121 790
66 122 790
137 119 790
137 120 790
139 121 790
139 122 790
145 119 790
145 120 790
40 55 816
89 54 816
95 53 816
133 52 816
