142 43 36
143 42 36
40 58 112
58 59 112
102 64 175
144 63 175
3 47 333
50 46 333
124 51 409
132 50 409
114 118 463
134 117 463
51 100 497
101 99 497
21 120 608
100 119 608
48 72 615
148 57 615
29 100 644
135 99 644
36 120 660
134 119 660
17 51 688
31 50 688
92 122 707
105 121 707
43 98 711
149 97 711
22 51 725
74 50 725
25 68 751
28 67 751
5 19 778
138 3 778
13 80 808
94 79 808
55 68 816
111 67 816
4 144 873
5 143 873
34 71 891
143 70 891
20 146 905
129 145 905
10 120 909
108 119 909
73 144 933
97 143 933
134 140 943
140 139 943
56 32 946
144 31 946
97 138 973
99 137 973
7 19 996
58 3 996
67 62 1001
122 61 1001
90 138 1066
138 137 1066
75 59 1103
129 58 1103
41 31 1138
71 30 1138
34 24 1143
43 23 1143
47 116 1169
124 115 1169
70 88 1211
145 87 1211
27 55 1226
42 40 1226
82 54 1234
149 53 1234
24 139 1241
66 138 1241
28 45 1281
108 44 1281
66 42 1285
114 41 1285
5 145 1324
15 144 1324
117 3 1343
140 2 1343
41 107 1368
84 106 1368
9 105 1395
64 103 1395
11 87 1404
140 86 1404
34 139 1420
127 138 1420
30 16 1422
105 15 1422
29 92 1431
102 91 1431
11 32 1448
97 31 1448
10 51 1451
65 50 1451
43 90 1487
126 89 1487
99 72 1567
107 57 1567
46 83 1588
48 82 1588
36 114 1621
100 113 1621
38 112 1671
127 76 1671
110 55 1727
127 40 1727
113 108 1728
123 107 1728
19 135 1744
117 134 1744
48 127 1751
111 126 1751
6 107 1754
111 106 1754
32 135 1758
116 134 1758
23 34 1768
104 33 1768
26 138 1790
120 137 1790
16 79 1810
79 80 1810
35 119 1827
74 118 1827
53 108 1829
82 107 1829
26 75 1849
132 73 1849
15 139 1852
58 138 1852
48 140 1859
145 139 1859
73 32 1862
99 31 1862
116 108 1886
126 107 1886
39 66 1889
91 65 1889
47 88 1900
108 87 1900
10 35 1903
59 34 1903
29 135 1908
88 134 1908
9 110 1912
106 104 1912
55 124 1943
89 123 1943
84 83 1957
101 82 1957
49 83 1979
108 82 1979
77 109 1985
132 108 1985
31 148 1993
131 147 1993
15 7 2031
110 6 2031
48 97 2033
137 0 2033
98 7 2056
123 6 2056
34 102 2062
127 96 2062
39 123 2064
113 122 2064
32 144 2067
41 143 2067
19 48 2092
88 47 2092
126 85 2094
139 84 2094
112 63 2102
137 62 2102
16 54 2107
90 53 2107
48 114 2118
55 113 2118
48 54 2127
131 53 2127
22 35 2134
45 34 2134
8 102 2139
93 96 2139
12 130 2141
59 115 2141
102 111 2147
137 95 2147
65 146 2151
111 145 2151
71 102 2155
83 101 2155
120 52 2173
140 51 2173
43 80 2174
111 79 2174
2 136 2175
78 135 2175
55 9 2178
72 8 2178
135 149 2180
150 131 2180
82 48 2185
85 47 2185
78 146 2186
139 145 2186
5 145 2187
111 144 2187
93 135 2189
124 134 2189
36 107 2190
132 106 2190
0 110 2191
83 109 2191
64 107 2193
88 106 2193
52 147 2199
132 146 2199
59 75 2203
128 73 2203
15 27 2279
83 26 2279
97 26 2298
122 25 2298
42 139 2308
110 138 2308
45 30 2334
52 29 2334
3 34 2339
84 33 2339
77 50 2373
150 49 2373
91 3 2381
103 2 2381
41 105 2411
47 103 2411
27 68 2477
142 67 2477
48 121 2485
58 120 2485
4 106 2491
47 105 2491
16 57 2547
138 56 2547
110 24 2594
134 23 2594
91 143 2596
124 142 2596
58 107 2601
88 106 2601
22 123 2612
119 122 2612
7 127 2614
116 126 2614
14 80 2615
120 79 2615
96 91 2635
98 90 2635
43 95 2637
57 94 2637
63 130 2647
74 115 2647
32 102 2653
91 96 2653
17 148 2677
123 147 2677
45 140 2681
91 139 2681
120 109 2682
143 108 2682
1 9 2713
124 8 2713
46 135 2717
96 134 2717
48 135 2720
75 134 2720
102 106 2726
106 107 2726
22 135 2744
96 134 2744
38 109 2751
50 108 2751
48 66 2755
76 65 2755
42 40 2757
125 37 2757
26 112 2764
41 111 2764
66 24 2782
96 23 2782
92 97 2790
125 0 2790
59 112 2803
116 111 2803
81 14 2804
113 13 2804
65 31 2809
149 30 2809
59 92 2810
135 91 2810
77 11 2813
79 10 2813
62 26 2815
91 25 2815
99 48 2816
126 47 2816
61 120 2840
144 119 2840
11 145 2844
16 144 2844
47 100 2848
106 99 2848
42 59 2881
96 58 2881
62 145 2917
132 144 2917
107 111 2920
117 95 2920
100 102 2922
128 101 2922
36 137 2943
66 136 2943
108 50 2947
129 49 2947
42 68 2948
65 67 2948
40 132 2966
145 76 2966
120 135 2975
135 136 2975
20 51 2977
91 50 2977
96 128 2978
142 127 2978
26 25 3001
116 26 3001
65 9 3021
75 8 3021
42 82 3023
113 81 3023
60 15 3030
116 14 3030
28 35 3037
145 34 3037
26 46 3046
89 45 3046
73 14 3058
92 13 3058
48 57 3059
150 56 3059
112 74 3087
121 29 3087
72 2 3091
101 1 3091
124 149 3093
143 131 3093
40 111 3113
59 95 3113
46 106 3118
150 105 3118
104 102 3148
131 101 3148
80 51 3153
95 50 3153
36 86 3155
119 85 3155
122 88 3182
132 87 3182
17 60 3197
56 59 3197
61 43 3200
116 42 3200
22 44 3211
26 43 3211
81 102 3213
107 96 3213
10 105 3242
95 103 3242
43 78 3243
134 77 3243
29 26 3250
140 25 3250
109 108 3252
128 109 3252
34 102 3255
123 96 3255
67 54 3285
135 53 3285
22 102 3300
76 101 3300
26 51 3334
145 50 3334
29 30 3335
30 31 3335
50 71 3345
121 70 3345
54 111 3351
149 95 3351
20 13 3361
27 12 3361
53 101 3365
78 100 3365
0 149 3369
85 131 3369
35 124 3371
111 123 3371
51 31 3382
93 30 3382
20 51 3443
116 50 3443
2 78 3447
128 77 3447
123 132 3449
139 76 3449
26 86 3451
65 85 3451
34 120 3465
122 119 3465
26 43 3479
65 42 3479
75 110 3507
77 109 3507
21 119 3510
123 118 3510
42 57 3529
95 56 3529
17 98 3550
66 97 3550
61 102 3559
147 101 3559
5 140 3576
51 139 3576
80 146 3578
81 145 3578
39 45 3596
111 44 3596
99 60 3598
136 59 3598
27 32 3611
150 31 3611
22 83 3620
90 82 3620
63 130 3631
146 115 3631
101 60 3634
108 59 3634
132 121 3643
136 120 3643
28 6 3646
55 5 3646
48 136 3654
88 135 3654
18 146 3655
43 145 3655
43 139 3661
76 138 3661
15 108 3679
82 107 3679
52 114 3680
83 113 3680
22 112 3690
39 76 3690
26 124 3692
119 123 3692
71 47 3731
121 46 3731
29 140 3733
64 139 3733
70 145 3735
83 144 3735
88 43 3738
111 42 3738
50 41 3751
84 40 3751
52 116 3755
134 115 3755
6 112 3760
139 76 3760
28 61 3761
42 60 3761
85 119 3787
123 118 3787
19 100 3798
109 99 3798
28 50 3810
112 49 3810
34 112 3814
36 111 3814
36 9 3852
58 8 3852
79 15 3857
103 14 3857
55 136 3945
139 135 3945
27 102 3952
78 101 3952
72 27 4061
108 18 4061
65 129 4062
71 114 4062
5 144 4063
56 143 4063
47 149 4122
57 110 4122
74 86 4131
138 85 4131
15 74 4149
30 29 4149
76 68 4156
100 67 4156
16 135 4165
131 134 4165
25 119 4176
137 118 4176
7 106 4180
134 105 4180
12 136 4201
16 135 4201
65 71 4203
93 70 4203
20 41 4205
60 40 4205
110 144 4218
123 143 4218
74 144 4235
133 143 4235
24 23 4244
60 22 4244
140 144 4245
147 143 4245
20 16 4258
42 15 4258
64 124 4261
67 123 4261
21 2 4263
95 1 4263
85 96 4264
120 95 4264
41 123 4269
143 122 4269
16 146 4271
89 145 4271
35 43 4293
149 42 4293
67 135 4295
136 134 4295
23 110 4316
107 109 4316
11 15 4324
83 14 4324
44 64 4345
71 63 4345
23 61 4348
25 60 4348
4 82 4350
138 81 4350
36 52 4356
40 51 4356
32 128 4403
70 127 4403
51 30 4410
94 29 4410
76 23 4455
138 22 4455
31 135 4471
116 134 4471
69 14 4478
113 13 4478
45 135 4487
75 134 4487
4 106 4491
30 105 4491
58 15 4501
84 14 4501
61 75 4502
91 72 4502
38 71 4504
47 65 4504
37 92 4514
55 0 4514
92 101 4528
129 95 4528
19 59 4535
88 58 4535
135 121 4537
150 120 4537
98 123 4539
146 122 4539
60 90 4563
112 89 4563
31 82 4564
119 81 4564
73 116 4594
80 115 4594
58 9 4616
112 7 4616
79 52 4628
96 51 4628
15 147 4630
65 146 4630
98 88 4632
104 87 4632
79 87 4644
109 86 4644
110 149 4647
115 110 4647
111 126 4654
119 125 4654
30 12 4659
140 11 4659
44 29 4679
67 28 4679
4 75 4682
98 72 4682
25 30 4696
134 29 4696
105 128 4699
147 127 4699
98 68 4710
109 67 4710
18 126 4711
41 125 4711
25 36 4725
61 11 4725
65 10 4725
109 8 4725
61 62 4729
131 55 4729
57 49 4732
140 48 4732
97 138 4737
132 137 4737
87 146 4738
117 145 4738
53 49 4740
59 48 4740
7 124 4745
70 123 4745
80 52 4750
99 51 4750
5 121 4752
33 120 4752
71 65 4753
125 71 4753
19 31 4754
103 30 4754
125 146 4756
133 145 4756
7 114 4757
101 113 4757
10 27 4758
81 26 4758
34 125 4763
121 124 4763
66 47 4765
111 46 4765
46 62 4778
92 61 4778
41 42 4796
118 41 4796
53 99 4798
56 98 4798
9 85 4804
81 84 4804
26 109 4805
109 108 4805
124 64 4810
125 63 4810
18 148 4819
39 147 4819
44 67 4820
67 68 4820
80 31 4824
95 30 4824
57 27 4826
71 18 4826
90 29 4831
110 28 4831
26 48 4834
116 47 4834
97 46 4836
102 45 4836
130 24 4851
135 23 4851
39 9 4853
47 8 4853
36 44 4854
137 43 4854
9 144 4855
132 143 4855
63 122 4861
126 121 4861
8 48 4869
145 47 4869
18 2 4873
148 1 4873
13 78 4877
121 77 4877
60 135 4885
86 134 4885
12 108 4889
53 107 4889
5 92 4890
81 0 4890
68 123 4894
82 122 4894
49 136 4902
112 135 4902
74 148 4912
79 147 4912
27 74 4914
99 73 4914
9 87 4917
23 86 4917
55 46 4918
99 45 4918
54 88 4933
140 87 4933
82 144 4934
107 143 4934
17 135 4936
42 134 4936
31 99 4937
115 98 4937
3 98 4941
100 97 4941
14 13 4943
27 12 4943
11 9 4949
96 7 4949
82 110 4952
91 104 4952
35 31 4953
41 30 4953
31 126 4954
52 125 4954
45 41 4956
76 35 4956
50 24 4966
124 23 4966
54 53 4968
127 45 4968
68 88 4969
73 87 4969
77 145 4971
81 144 4971
6 74 4979
81 73 4979
25 49 4985
134 48 4985
133 85 4989
139 84 4989
45 13 4991
65 12 4991
39 148 5005
114 147 5005
62 26 5006
90 25 5006
100 108 5008
124 107 5008
45 63 5009
109 62 5009
13 138 5011
94 137 5011
36 90 5013
80 89 5013
61 26 5015
134 25 5015
28 6 5022
45 5 5022
10 13 5023
98 12 5023
6 24 5024
103 23 5024
93 60 5026
148 59 5026
66 114 5027
114 113 5027
60 63 5033
77 62 5033
0 2 5034
51 1 5034
13 23 5035
39 22 5035
87 7 5038
100 6 5038
138 14 5039
139 13 5039
60 124 5042
62 123 5042
80 132 5056
91 131 5056
1 62 5064
15 61 5064
22 148 5068
49 147 5068
69 135 5069
80 134 5069
115 50 5089
136 49 5089
84 139 5092
117 138 5092
122 15 5092
126 14 5092
67 98 5093
92 97 5093
49 9 5104
150 7 5104
54 46 5106
149 45 5106
44 52 5108
149 51 5108
35 101 5111
83 100 5111
120 106 5112
125 105 5112
49 109 5117
85 103 5117
27 34 5120
115 28 5120
4 139 5124
7 138 5124
40 15 5124
82 14 5124
66 136 5133
94 135 5133
139 107 5134
141 106 5134
70 118 5137
136 117 5137
3 119 5139
126 118 5139
27 90 5140
57 89 5140
81 40 5141
144 37 5141
2 147 5150
114 146 5150
50 89 5151
71 82 5151
66 59 5152
123 58 5152
61 66 5153
72 65 5153
85 3 5154
123 2 5154
11 43 5169
127 42 5169
49 2 5175
130 1 5175
56 126 5176
59 125 5176
72 101 5178
105 95 5178
3 44 5180
118 43 5180
51 86 5181
126 85 5181
11 62 5182
71 61 5182
55 123 5183
140 122 5183
118 8 5185
121 7 5185
73 109 5186
146 103 5186
103 107 5192
108 106 5192
43 32 5197
82 31 5197
128 112 5199
129 110 5199
33 68 5205
68 67 5205
84 100 5208
105 99 5208
32 88 5214
56 87 5214
57 54 5215
118 53 5215
16 137 5221
129 136 5221
35 51 5222
141 50 5222
57 101 5226
141 95 5226
85 134 5230
115 133 5230
16 119 5235
54 118 5235
69 12 5239
114 11 5239
23 51 5259
92 50 5259
8 134 5260
66 133 5260
94 140 5261
131 139 5261
12 121 5262
105 120 5262
2 62 5263
110 61 5263
118 31 5263
134 30 5263
10 82 5268
76 81 5268
44 138 5271
70 137 5271
0 109 5273
98 103 5273
48 88 5276
49 87 5276
12 13 5278
75 12 5278
14 62 5279
46 61 5279
63 31 5279
137 30 5279
19 143 5280
71 142 5280
15 119 5286
112 118 5286
0 87 5287
45 86 5287
10 48 5288
12 47 5288
22 12 5291
58 11 5291
46 78 5294
67 77 5294
0 54 5296
30 53 5296
84 32 5306
102 31 5306
134 26 5309
135 25 5309
113 68 5311
144 67 5311
82 24 5325
91 23 5325
39 75 5326
102 73 5326
34 59 5332
98 58 5332
50 88 5333
51 87 5333
6 16 5342
55 15 5342
20 27 5344
55 26 5344
41 48 5346
92 47 5346
27 14 5351
130 13 5351
14 116 5352
137 115 5352
70 135 5353
79 134 5353
11 136 5355
21 135 5355
40 26 5356
126 25 5356
129 116 5371
147 115 5371
7 112 5373
62 110 5373
83 15 5376
121 14 5376
6 34 5378
80 33 5378
79 59 5387
142 58 5387
13 118 5393
96 117 5393
24 82 5394
82 83 5394
58 135 5407
84 134 5407
81 90 5408
90 89 5408
18 55 5411
124 40 5411
34 46 5414
142 45 5414
83 66 5420
128 65 5420
8 15 5423
65 14 5423
37 82 5425
94 81 5425
48 96 5426
136 95 5426
26 95 5428
90 94 5428
34 124 5431
92 123 5431
74 136 5432
126 135 5432
34 136 5438
108 135 5438
36 31 5439
106 30 5439
137 125 5440
143 124 5440
5 80 5442
85 79 5442
38 125 5445
78 124 5445
68 90 5446
130 89 5446
64 12 5470
107 11 5470
120 143 5471
130 142 5471
19 132 5472
131 76 5472
37 102 5473
56 96 5473
1 127 5476
112 126 5476
23 118 5477
118 119 5477
88 9 5478
95 8 5478
72 134 5485
131 133 5485
29 124 5489
53 123 5489
139 105 5493
147 103 5493
94 128 5500
133 127 5500
95 12 5510
112 10 5510
26 18 5514
145 17 5514
34 106 5564
59 105 5564
112 132 5576
120 131 5576
51 116 5581
93 115 5581
60 61 5587
116 60 5587
1 122 5588
98 121 5588
98 41 5595
139 35 5595
53 48 5607
75 47 5607
49 90 5618
90 91 5618
128 92 5628
141 91 5628
77 12 5631
138 11 5631
113 41 5636
125 40 5636
73 148 5640
138 147 5640
66 53 5641
77 45 5641
24 30 5649
147 29 5649
7 106 5651
63 105 5651
0 44 5663
77 43 5663
42 129 5677
44 114 5677
44 98 5685
127 97 5685
42 71 5690
149 70 5690
42 24 5718
65 23 5718
56 23 5719
112 22 5719
49 15 5731
82 14 5731
61 106 5733
84 105 5733
50 42 5736
53 41 5736
6 82 5737
139 81 5737
70 11 5745
95 10 5745
6 24 5748
92 23 5748
28 36 5754
48 11 5754
53 10 5754
148 8 5754
3 137 5755
91 136 5755
84 102 5763
107 101 5763
29 98 5768
35 97 5768
25 132 5775
105 131 5775
12 62 5780
21 55 5780
75 78 5782
76 77 5782
0 62 5805
126 61 5805
9 12 5810
89 10 5810
70 132 5818
80 76 5818
119 85 5827
139 84 5827
7 122 5831
86 121 5831
16 89 5838
45 82 5838
60 15 5839
120 14 5839
71 85 5857
124 84 5857
111 34 5864
149 33 5864
100 146 5869
124 145 5869
27 123 5878
37 122 5878
17 9 5881
71 7 5881
34 128 5882
39 127 5882
21 3 5889
41 2 5889
8 126 5892
81 125 5892
71 18 5901
135 17 5901
63 68 5903
82 67 5903
67 43 5908
79 42 5908
5 110 5922
114 109 5922
116 101 5932
129 100 5932
23 144 5937
76 143 5937
5 136 5938
109 135 5938
15 108 5950
20 107 5950
100 44 5964
128 43 5964
95 11 5974
129 10 5974
55 80 5979
127 79 5979
33 9 5980
75 8 5980
0 62 5986
113 61 5986
121 86 5994
132 85 5994
27 67 5995
67 68 5995
3 30 6003
85 29 6003
44 42 6006
85 41 6006
118 140 6021
125 139 6021
9 3 6029
57 2 6029
59 92 6037
113 0 6037
45 60 6045
94 59 6045
37 63 6051
116 62 6051
100 3 6054
131 2 6054
68 87 6063
129 86 6063
37 3 6071
105 2 6071
108 100 6072
131 99 6072
46 101 6080
96 95 6080
10 12 6081
118 11 6081
36 112 6083
48 111 6083
85 8 6084
96 7 6084
39 83 6085
87 82 6085
45 7 6086
128 6 6086
17 59 6087
37 58 6087
3 34 6089
35 28 6089
23 110 6093
126 109 6093
29 139 6105
146 138 6105
54 127 6116
75 126 6116
7 18 6117
111 17 6117
5 12 6123
53 11 6123
84 144 6139
115 143 6139
23 8 6147
125 7 6147
65 116 6165
67 115 6165
42 13 6168
86 12 6168
2 42 6175
18 41 6175
0 80 6204
109 79 6204
24 23 6205
41 24 6205
4 108 6231
98 107 6231
18 109 6243
125 103 6243
22 14 6272
57 13 6272
6 121 6280
57 120 6280
35 122 6298
123 121 6298
78 88 6310
134 87 6310
40 86 6321
59 85 6321
39 34 6325
50 33 6325
46 109 6338
119 103 6338
68 61 6340
74 60 6340
