4 108 2067
22 107 2067
67 106 2067
106 24 2067
125 26 2067
150 25 2067
3 97 3084
64 96 3084
94 75 3084
96 11 3084
137 13 3084
141 12 3084
0 56 4468
10 55 4468
113 53 4468
129 5 4468
137 4 4468
142 3 4468
1 108 4798
18 107 4798
31 106 4798
51 26 4798
84 25 4798
147 24 4798
39 97 4819
47 96 4819
52 75 4819
57 13 4819
59 12 4819
131 11 4819
0 56 4917
5 3 4917
95 55 4917
102 53 4917
128 5 4917
149 4 4917
16 100 5009
31 99 5009
58 98 5009
69 65 5009
120 64 5009
124 63 5009
10 100 5358
72 99 5358
75 98 5358
96 65 5358
121 64 5358
143 63 5358
11 12 6076
25 97 6076
46 96 6076
66 75 6076
134 13 6076
149 11 6076
47 56 6083
63 55 6083
87 53 6083
93 5 6083
126 4 6083
139 3 6083
37 100 6086
73 99 6086
89 98 6086
103 65 6086
120 64 6086
149 63 6086
14 108 6087
15 107 6087
29 106 6087
58 26 6087
117 25 6087
140 24 6087
