9 101 41
29 100 41
46 99 41
47 98 41
54 97 41
60 96 41
69 84 41
74 83 41
78 79 41
84 75 41
111 82 41
117 81 41
126 80 41
147 78 41
8 101 98
11 100 98
21 99 98
23 98 98
31 97 98
35 96 98
44 84 98
55 83 98
63 82 98
80 75 98
102 81 98
130 80 98
139 79 98
150 78 98
0 149 101
1 148 101
3 6 101
3 7 101
5 147 101
6 3 101
6 5 101
7 146 101
8 145 101
9 142 101
10 141 101
11 1 101
11 2 101
12 139 101
13 138 101
15 137 101
16 136 101
17 135 101
18 134 101
19 133 101
20 132 101
21 131 101
23 129 101
25 126 101
27 125 101
28 124 101
29 123 101
30 122 101
31 121 101
32 120 101
33 119 101
34 118 101
35 117 101
36 116 101
38 115 101
40 114 101
41 146 101
41 0 101
42 113 101
43 112 101
44 111 101
45 109 101
46 108 101
47 107 101
51 105 101
53 104 101
54 103 101
55 102 101
57 101 101
58 100 101
59 99 101
60 98 101
61 97 101
62 96 101
64 94 101
65 92 101
66 91 101
67 90 101
68 89 101
69 68 101
70 67 101
71 139 101
71 142 101
73 88 101
74 66 101
76 65 101
78 64 101
79 63 101
81 87 101
82 86 101
83 84 101
84 62 101
85 80 101
86 61 101
88 60 101
89 59 101
91 58 101
92 57 101
93 79 101
95 78 101
96 56 101
98 60 101
98 126 101
99 55 101
100 53 101
101 52 101
102 51 101
103 50 101
105 49 101
106 77 101
107 46 101
108 43 101
109 42 101
110 76 101
111 41 101
112 40 101
113 39 101
115 37 101
116 36 101
117 35 101
118 31 101
119 30 101
120 28 101
121 27 101
122 26 101
123 23 101
125 21 101
128 75 101
129 20 101
130 74 101
131 19 101
134 51 101
134 57 101
135 18 101
136 17 101
138 16 101
140 72 101
141 15 101
142 14 101
143 71 101
144 70 101
145 13 101
147 12 101
148 11 101
149 10 101
150 69 101
6 101 102
21 100 102
24 99 102
26 98 102
34 97 102
51 96 102
59 84 102
71 83 102
73 82 102
79 75 102
90 81 102
91 80 102
114 79 102
123 78 102
1 101 104
8 100 104
14 99 104
23 98 104
25 97 104
29 96 104
34 84 104
54 83 104
90 82 104
97 75 104
105 81 104
110 80 104
121 79 104
147 78 104
0 149 105
1 148 105
2 147 105
3 146 105
4 145 105
5 1 105
5 2 105
6 142 105
7 141 105
8 139 105
9 138 105
10 137 105
11 146 105
11 0 105
12 136 105
13 135 105
14 134 105
15 133 105
17 132 105
18 131 105
20 129 105
21 126 105
22 125 105
25 124 105
26 123 105
28 122 105
29 121 105
31 120 105
32 119 105
33 118 105
36 117 105
37 116 105
38 115 105
39 114 105
40 113 105
41 112 105
44 111 105
46 109 105
47 108 105
48 107 105
49 105 105
50 104 105
52 103 105
53 102 105
55 101 105
57 100 105
58 99 105
59 98 105
60 51 105
60 57 105
61 97 105
62 96 105
63 94 105
64 92 105
65 91 105
67 90 105
68 89 105
69 88 105
71 87 105
72 71 105
73 86 105
74 70 105
75 69 105
76 68 105
77 67 105
78 66 105
81 84 105
82 80 105
83 79 105
85 6 105
85 7 105
86 65 105
89 64 105
90 63 105
91 62 105
92 61 105
93 78 105
94 60 105
95 3 105
95 5 105
96 59 105
97 58 105
98 57 105
99 56 105
100 55 105
101 53 105
102 52 105
103 51 105
104 50 105
105 49 105
106 77 105
108 46 105
109 43 105
111 42 105
112 41 105
113 139 105
113 142 105
114 40 105
117 39 105
118 37 105
119 36 105
122 35 105
123 31 105
124 30 105
126 28 105
127 76 105
128 75 105
129 27 105
130 74 105
131 26 105
132 23 105
133 21 105
134 20 105
135 19 105
136 18 105
137 17 105
138 60 105
138 126 105
139 16 105
141 15 105
142 14 105
145 13 105
146 12 105
147 11 105
149 10 105
150 72 105
0 149 115
1 148 115
2 147 115
5 1 115
5 2 115
7 146 115
8 145 115
10 142 115
13 141 115
14 146 115
14 0 115
15 139 115
16 138 115
17 137 115
18 136 115
19 135 115
20 134 115
21 133 115
22 6 115
22 7 115
23 132 115
24 131 115
26 129 115
27 126 115
28 125 115
29 124 115
31 123 115
33 122 115
35 121 115
36 120 115
37 119 115
38 118 115
40 117 115
41 116 115
42 115 115
43 114 115
44 113 115
45 112 115
46 111 115
47 109 115
48 3 115
48 5 115
50 108 115
51 107 115
52 105 115
53 104 115
54 103 115
55 102 115
56 101 115
57 100 115
58 99 115
61 98 115
62 97 115
63 96 115
64 94 115
65 92 115
66 91 115
67 90 115
68 89 115
69 139 115
69 142 115
70 88 115
71 72 115
72 70 115
73 87 115
74 69 115
77 68 115
78 67 115
79 66 115
80 65 115
81 86 115
82 84 115
83 80 115
85 79 115
86 64 115
87 63 115
88 62 115
89 61 115
90 60 115
92 59 115
94 60 115
94 126 115
96 58 115
98 57 115
99 56 115
100 55 115
101 53 115
102 52 115
103 51 115
104 50 115
105 49 115
108 46 115
109 43 115
110 78 115
111 42 115
112 41 115
113 40 115
114 39 115
115 37 115
116 36 115
118 35 115
119 31 115
121 30 115
122 28 115
123 27 115
124 26 115
126 23 115
127 77 115
128 76 115
129 21 115
131 20 115
132 19 115
134 18 115
135 17 115
136 16 115
137 15 115
139 14 115
141 13 115
142 12 115
143 75 115
144 74 115
146 11 115
148 51 115
148 57 115
149 10 115
150 71 115
1 149 116
3 148 116
4 6 116
4 7 116
5 147 116
6 146 116
7 145 116
9 142 116
10 141 116
13 139 116
14 138 116
15 137 116
16 136 116
17 135 116
19 134 116
20 133 116
21 132 116
22 131 116
23 129 116
24 126 116
25 125 116
26 124 116
27 123 116
28 122 116
31 146 116
31 0 116
32 121 116
34 120 116
35 119 116
36 118 116
38 117 116
39 116 116
40 115 116
41 114 116
42 113 116
44 112 116
46 111 116
47 109 116
48 108 116
49 107 116
50 105 116
51 104 116
52 103 116
53 102 116
56 101 116
57 100 116
58 99 116
59 98 116
60 97 116
62 96 116
63 94 116
64 92 116
65 91 116
66 90 116
67 89 116
68 88 116
69 87 116
70 86 116
73 84 116
74 139 116
74 142 116
75 70 116
76 69 116
77 60 116
77 126 116
78 68 116
79 67 116
80 66 116
81 80 116
82 79 116
84 65 116
85 78 116
87 64 116
88 63 116
89 62 116
90 61 116
91 60 116
92 59 116
94 58 116
95 77 116
96 57 116
97 56 116
98 55 116
99 53 116
100 52 116
102 51 116
103 50 116
105 49 116
106 3 116
106 5 116
107 46 116
108 43 116
109 42 116
110 1 116
110 2 116
111 41 116
112 40 116
114 39 116
115 37 116
116 36 116
117 35 116
118 31 116
119 30 116
120 28 116
122 27 116
123 26 116
124 23 116
128 76 116
129 21 116
130 75 116
132 20 116
133 19 116
134 18 116
135 17 116
136 16 116
138 15 116
140 74 116
141 14 116
142 51 116
142 57 116
143 72 116
144 71 116
145 13 116
147 12 116
148 11 116
149 10 116
2 149 118
3 148 118
4 147 118
5 146 118
7 1 118
7 2 118
8 6 118
8 7 118
9 145 118
10 142 118
11 141 118
12 139 118
13 138 118
14 137 118
15 136 118
16 135 118
17 134 118
22 133 118
23 132 118
26 131 118
27 129 118
28 126 118
29 125 118
30 124 118
31 123 118
36 122 118
37 121 118
38 120 118
39 119 118
40 118 118
41 117 118
42 116 118
43 115 118
44 114 118
47 113 118
48 112 118
50 111 118
51 109 118
52 108 118
54 107 118
55 105 118
56 104 118
57 103 118
58 102 118
59 101 118
60 100 118
61 99 118
62 98 118
64 97 118
65 96 118
66 94 118
68 92 118
70 91 118
71 72 118
72 70 118
73 90 118
76 69 118
78 68 118
79 67 118
80 66 118
81 89 118
83 88 118
84 65 118
85 87 118
86 64 118
87 63 118
88 62 118
89 61 118
91 60 118
93 86 118
94 59 118
95 84 118
96 58 118
97 57 118
98 56 118
99 55 118
100 53 118
101 52 118
102 51 118
104 50 118
105 49 118
106 80 118
107 146 118
107 0 118
108 46 118
109 43 118
110 79 118
111 42 118
112 41 118
113 40 118
114 39 118
115 37 118
116 36 118
117 35 118
118 31 118
119 30 118
120 28 118
121 139 118
121 142 118
122 27 118
123 26 118
124 23 118
125 21 118
126 20 118
127 3 118
127 5 118
128 78 118
129 19 118
130 77 118
132 18 118
133 17 118
134 16 118
137 15 118
138 14 118
139 13 118
140 76 118
141 12 118
142 60 118
142 126 118
143 75 118
144 74 118
145 11 118
146 51 118
146 57 118
149 10 118
150 71 118
1 149 119
2 148 119
3 147 119
4 146 119
5 3 119
5 6 119
6 145 119
7 142 119
8 141 119
9 139 119
10 138 119
11 137 119
12 136 119
14 1 119
14 2 119
16 135 119
17 134 119
18 133 119
20 146 119
20 0 119
21 132 119
23 131 119
26 129 119
27 126 119
29 125 119
31 124 119
33 123 119
34 122 119
35 121 119
37 120 119
38 119 119
39 118 119
40 117 119
41 139 119
41 142 119
42 116 119
43 115 119
44 114 119
45 113 119
46 112 119
47 5 119
47 7 119
49 111 119
50 109 119
51 108 119
52 107 119
53 105 119
54 104 119
55 103 119
56 102 119
57 101 119
59 100 119
60 99 119
61 98 119
63 97 119
64 96 119
65 94 119
67 92 119
68 91 119
69 90 119
70 60 119
70 126 119
73 89 119
74 69 119
75 68 119
76 67 119
77 66 119
78 65 119
79 64 119
80 51 119
80 57 119
81 88 119
82 87 119
83 86 119
85 84 119
86 63 119
87 62 119
88 61 119
89 60 119
90 59 119
91 58 119
92 57 119
93 80 119
94 56 119
95 79 119
96 55 119
97 53 119
98 52 119
99 51 119
100 50 119
101 49 119
102 46 119
103 43 119
104 42 119
105 41 119
106 78 119
110 77 119
112 40 119
113 39 119
116 37 119
117 36 119
118 35 119
120 31 119
121 30 119
122 28 119
123 27 119
124 26 119
125 23 119
126 21 119
127 76 119
128 75 119
130 74 119
131 20 119
132 19 119
133 18 119
136 17 119
138 16 119
139 15 119
140 72 119
141 14 119
142 13 119
143 71 119
145 12 119
146 11 119
147 10 119
150 70 119
0 149 121
1 148 121
2 147 121
3 146 121
4 145 121
5 142 121
6 141 121
7 139 121
8 138 121
9 137 121
10 136 121
11 135 121
12 134 121
13 133 121
14 132 121
15 131 121
16 129 121
17 126 121
18 125 121
19 124 121
20 123 121
21 122 121
22 121 121
23 120 121
25 119 121
26 118 121
27 117 121
28 116 121
29 6 121
29 7 121
30 115 121
31 114 121
32 113 121
35 112 121
37 111 121
38 109 121
40 3 121
40 5 121
41 1 121
41 2 121
42 108 121
44 107 121
45 105 121
46 104 121
47 103 121
48 102 121
51 101 121
52 100 121
53 146 121
53 0 121
54 99 121
55 98 121
57 97 121
58 96 121
59 94 121
60 92 121
61 91 121
62 90 121
64 89 121
65 88 121
66 87 121
67 86 121
68 69 121
69 67 121
70 66 121
71 65 121
72 64 121
73 84 121
74 63 121
76 62 121
77 61 121
78 60 121
79 59 121
81 80 121
82 79 121
83 78 121
85 77 121
86 58 121
87 57 121
92 56 121
94 55 121
95 76 121
96 53 121
97 52 121
98 139 121
98 142 121
99 51 121
100 60 121
100 126 121
101 50 121
103 49 121
104 46 121
109 43 121
110 75 121
111 42 121
112 41 121
113 40 121
114 39 121
115 51 121
115 57 121
116 37 121
117 36 121
118 35 121
119 31 121
120 30 121
121 28 121
122 27 121
123 26 121
124 23 121
125 21 121
126 20 121
127 74 121
130 72 121
131 19 121
134 18 121
137 17 121
138 16 121
140 71 121
141 15 121
142 14 121
143 70 121
145 13 121
146 12 121
147 11 121
149 10 121
150 68 121
0 149 122
1 148 122
2 147 122
3 146 122
4 145 122
6 142 122
8 141 122
9 139 122
10 138 122
11 137 122
12 136 122
15 135 122
16 134 122
17 133 122
18 132 122
20 131 122
22 129 122
23 126 122
24 125 122
25 124 122
26 123 122
27 122 122
28 6 122
28 7 122
29 121 122
30 120 122
31 119 122
33 118 122
35 117 122
36 116 122
37 115 122
38 114 122
39 113 122
40 3 122
40 5 122
41 112 122
42 111 122
44 109 122
46 108 122
47 107 122
48 105 122
50 104 122
51 103 122
52 102 122
53 101 122
54 100 122
55 99 122
56 98 122
57 97 122
58 96 122
59 94 122
60 92 122
62 1 122
62 2 122
64 91 122
65 90 122
66 146 122
66 0 122
67 89 122
68 88 122
69 87 122
70 71 122
71 69 122
72 68 122
73 86 122
74 67 122
76 66 122
77 65 122
78 64 122
81 84 122
82 80 122
83 79 122
84 63 122
86 62 122
87 61 122
88 60 122
89 59 122
90 139 122
90 142 122
91 58 122
92 57 122
93 78 122
94 56 122
95 77 122
98 55 122
100 53 122
102 52 122
103 51 122
104 50 122
105 49 122
107 46 122
109 60 122
109 126 122
110 76 122
111 43 122
112 42 122
113 41 122
114 40 122
116 39 122
117 37 122
118 36 122
119 35 122
120 31 122
121 51 122
121 57 122
122 30 122
123 28 122
124 27 122
125 26 122
126 23 122
127 75 122
128 74 122
130 72 122
132 21 122
133 20 122
135 19 122
136 18 122
137 17 122
138 16 122
139 15 122
141 14 122
142 13 122
145 12 122
147 11 122
148 10 122
150 70 122
2 149 123
3 148 123
4 147 123
5 3 123
5 6 123
7 146 123
8 145 123
10 142 123
11 141 123
12 139 123
13 138 123
14 137 123
15 136 123
16 135 123
17 134 123
18 133 123
19 132 123
20 131 123
21 129 123
22 126 123
25 5 123
25 7 123
26 125 123
27 124 123
30 123 123
31 122 123
32 121 123
33 120 123
34 119 123
35 118 123
36 117 123
37 116 123
38 115 123
39 114 123
40 113 123
41 112 123
42 111 123
44 109 123
45 108 123
46 107 123
47 105 123
48 104 123
49 103 123
51 102 123
52 101 123
53 100 123
54 99 123
55 98 123
56 97 123
57 96 123
58 94 123
59 92 123
60 91 123
61 90 123
63 89 123
64 88 123
65 1 123
65 2 123
66 87 123
67 86 123
68 69 123
69 67 123
71 66 123
72 65 123
73 84 123
74 64 123
75 63 123
76 146 123
76 0 123
77 62 123
80 61 123
81 80 123
82 79 123
83 78 123
84 60 123
85 77 123
86 139 123
86 142 123
88 59 123
89 58 123
92 57 123
93 76 123
94 56 123
95 75 123
96 55 123
97 53 123
99 52 123
100 51 123
101 60 123
101 126 123
102 51 123
102 57 123
106 74 123
108 50 123
109 49 123
111 46 123
112 43 123
113 42 123
115 41 123
116 40 123
117 39 123
120 37 123
121 36 123
122 35 123
123 31 123
124 30 123
126 28 123
129 27 123
130 72 123
131 26 123
132 23 123
134 21 123
135 20 123
136 19 123
137 18 123
138 17 123
139 16 123
140 71 123
142 15 123
143 70 123
145 14 123
146 13 123
147 12 123
148 11 123
149 10 123
150 68 123
0 149 124
1 148 124
2 147 124
4 146 124
5 145 124
6 142 124
7 141 124
9 139 124
12 138 124
13 137 124
14 136 124
15 135 124
16 134 124
17 133 124
18 132 124
19 131 124
21 129 124
23 126 124
24 125 124
25 124 124
27 123 124
28 122 124
29 121 124
30 120 124
32 119 124
34 6 124
34 7 124
35 118 124
39 117 124
40 116 124
41 115 124
43 114 124
44 113 124
45 112 124
46 111 124
47 109 124
48 108 124
49 107 124
50 105 124
51 104 124
53 103 124
55 102 124
56 101 124
57 100 124
58 99 124
59 98 124
60 51 124
60 57 124
61 97 124
62 96 124
63 94 124
64 92 124
65 91 124
66 90 124
67 1 124
67 2 124
68 89 124
69 88 124
70 71 124
71 69 124
74 68 124
75 67 124
76 66 124
77 65 124
78 64 124
80 63 124
81 87 124
83 86 124
85 84 124
86 62 124
87 61 124
89 60 124
90 146 124
90 0 124
91 59 124
92 58 124
94 57 124
95 80 124
96 56 124
97 55 124
98 53 124
100 52 124
101 51 124
102 50 124
103 49 124
104 46 124
105 43 124
106 79 124
107 42 124
108 41 124
109 40 124
110 78 124
111 39 124
112 37 124
113 36 124
114 35 124
115 31 124
116 30 124
117 28 124
118 27 124
119 26 124
120 139 124
120 142 124
122 23 124
124 21 124
126 20 124
127 77 124
128 76 124
130 3 124
130 5 124
131 19 124
132 18 124
133 17 124
134 16 124
135 60 124
135 126 124
137 15 124
138 14 124
139 13 124
140 75 124
143 74 124
144 72 124
146 12 124
148 11 124
149 10 124
150 70 124
0 149 125
1 148 125
5 147 125
6 146 125
8 145 125
9 142 125
10 1 125
10 2 125
11 141 125
12 139 125
13 138 125
14 137 125
15 136 125
17 146 125
17 0 125
18 135 125
19 134 125
21 133 125
22 132 125
23 131 125
24 129 125
25 126 125
26 125 125
27 124 125
28 123 125
29 122 125
30 121 125
31 120 125
32 119 125
33 118 125
34 117 125
35 116 125
37 139 125
37 142 125
38 115 125
39 114 125
40 113 125
43 112 125
44 111 125
45 109 125
46 108 125
47 107 125
49 105 125
50 104 125
51 103 125
52 60 125
52 126 125
55 102 125
56 101 125
57 100 125
58 99 125
59 98 125
60 97 125
61 96 125
62 94 125
63 51 125
63 57 125
64 92 125
65 91 125
66 90 125
67 89 125
68 88 125
69 87 125
70 71 125
71 69 125
72 68 125
73 6 125
73 7 125
75 67 125
76 66 125
77 65 125
78 64 125
79 63 125
80 62 125
81 86 125
82 3 125
82 5 125
83 84 125
84 61 125
85 80 125
86 60 125
87 59 125
88 58 125
89 57 125
90 56 125
91 55 125
92 53 125
95 79 125
97 52 125
98 51 125
99 50 125
100 49 125
101 46 125
102 43 125
103 42 125
104 41 125
106 78 125
109 40 125
110 77 125
111 39 125
112 37 125
113 36 125
115 35 125
117 31 125
119 30 125
120 28 125
122 27 125
124 26 125
126 23 125
129 21 125
130 76 125
132 20 125
133 19 125
134 18 125
135 17 125
136 16 125
137 15 125
139 14 125
140 75 125
142 13 125
143 74 125
144 72 125
145 12 125
148 11 125
149 10 125
150 70 125
1 149 126
2 148 126
3 147 126
4 146 126
5 145 126
6 142 126
7 141 126
8 139 126
9 138 126
10 137 126
11 136 126
12 135 126
13 134 126
14 133 126
15 132 126
16 131 126
17 129 126
18 126 126
20 125 126
21 124 126
23 123 126
24 122 126
25 121 126
26 120 126
27 119 126
28 118 126
29 117 126
30 116 126
31 115 126
33 114 126
34 113 126
35 112 126
36 111 126
37 109 126
38 108 126
39 107 126
41 105 126
42 104 126
43 103 126
44 102 126
46 101 126
47 100 126
49 99 126
52 98 126
54 97 126
55 96 126
56 94 126
57 92 126
58 91 126
60 90 126
61 89 126
62 88 126
64 87 126
65 86 126
66 84 126
67 68 126
68 66 126
69 65 126
71 1 126
71 2 126
73 6 126
73 7 126
74 64 126
76 63 126
77 62 126
78 61 126
79 60 126
80 59 126
81 80 126
82 79 126
83 78 126
85 77 126
86 58 126
87 57 126
89 56 126
90 55 126
92 53 126
94 52 126
95 76 126
96 51 126
98 146 126
98 0 126
100 139 126
100 142 126
101 50 126
103 49 126
104 46 126
105 60 126
105 126 126
106 75 126
107 43 126
108 42 126
110 74 126
111 41 126
112 40 126
113 39 126
114 37 126
115 36 126
116 35 126
117 31 126
119 30 126
120 28 126
121 27 126
122 26 126
126 23 126
128 72 126
129 21 126
130 71 126
131 20 126
132 19 126
133 18 126
134 17 126
135 16 126
138 15 126
140 70 126
141 14 126
142 13 126
143 69 126
144 3 126
144 5 126
145 51 126
145 57 126
146 12 126
147 11 126
149 10 126
150 67 126
1 149 127
2 148 127
7 147 127
8 146 127
9 145 127
10 142 127
11 141 127
12 139 127
13 138 127
14 137 127
16 136 127
17 135 127
18 134 127
19 133 127
20 3 127
20 5 127
21 132 127
22 131 127
24 129 127
25 126 127
26 125 127
27 1 127
27 2 127
28 124 127
29 123 127
30 122 127
31 121 127
33 120 127
34 119 127
35 118 127
37 117 127
38 116 127
39 115 127
40 114 127
41 113 127
42 112 127
43 111 127
44 6 127
44 7 127
46 109 127
47 108 127
49 107 127
50 105 127
52 104 127
53 103 127
54 102 127
55 101 127
57 100 127
59 99 127
60 98 127
61 97 127
62 96 127
63 94 127
64 92 127
65 91 127
66 90 127
67 89 127
68 88 127
70 146 127
70 0 127
71 72 127
72 139 127
72 142 127
74 70 127
76 69 127
77 68 127
78 67 127
79 66 127
80 65 127
81 87 127
82 86 127
83 84 127
84 64 127
85 80 127
86 60 127
86 126 127
87 63 127
88 62 127
90 61 127
91 60 127
92 59 127
93 79 127
95 78 127
97 58 127
98 57 127
99 56 127
100 55 127
102 53 127
103 52 127
104 51 127
105 50 127
107 49 127
108 46 127
109 43 127
112 42 127
113 41 127
114 40 127
115 39 127
116 37 127
117 36 127
118 35 127
121 31 127
122 30 127
123 28 127
124 27 127
125 26 127
126 23 127
127 77 127
128 76 127
129 21 127
133 20 127
134 19 127
135 18 127
136 17 127
137 16 127
138 15 127
139 14 127
140 75 127
141 13 127
142 51 127
142 57 127
143 74 127
147 12 127
148 11 127
149 10 127
150 71 127
0 149 128
1 148 128
3 147 128
4 146 128
5 145 128
6 142 128
7 141 128
8 139 128
9 138 128
10 137 128
13 3 128
13 5 128
15 136 128
16 135 128
17 134 128
19 133 128
20 132 128
21 131 128
22 6 128
22 7 128
24 129 128
25 126 128
27 125 128
28 124 128
30 123 128
31 122 128
33 121 128
34 120 128
35 119 128
36 118 128
37 117 128
38 116 128
39 115 128
40 114 128
41 113 128
42 112 128
44 111 128
46 109 128
48 108 128
49 107 128
50 105 128
51 104 128
52 103 128
53 102 128
56 101 128
58 100 128
59 99 128
60 98 128
61 1 128
61 2 128
62 97 128
64 96 128
65 94 128
66 92 128
67 91 128
69 90 128
70 89 128
71 88 128
72 74 128
73 87 128
74 71 128
75 70 128
76 146 128
76 0 128
77 69 128
78 68 128
80 67 128
81 86 128
82 84 128
84 66 128
85 80 128
86 65 128
87 64 128
88 63 128
89 62 128
90 61 128
91 60 128
92 59 128
93 79 128
94 139 128
94 142 128
95 78 128
98 58 128
99 57 128
100 56 128
101 55 128
102 53 128
103 52 128
104 51 128
105 50 128
107 49 128
108 46 128
111 43 128
112 42 128
114 41 128
115 40 128
116 39 128
117 37 128
118 36 128
119 35 128
120 31 128
122 30 128
123 28 128
125 27 128
126 26 128
128 77 128
129 60 128
129 126 128
130 76 128
132 23 128
133 21 128
134 20 128
135 19 128
137 18 128
138 17 128
139 16 128
141 15 128
142 14 128
143 75 128
144 72 128
145 13 128
146 51 128
146 57 128
147 12 128
148 11 128
149 10 128
0 149 129
1 148 129
2 147 129
3 146 129
4 145 129
5 142 129
6 141 129
7 139 129
8 6 129
8 7 129
9 138 129
10 137 129
11 136 129
12 135 129
13 134 129
14 133 129
15 132 129
16 131 129
17 129 129
18 126 129
20 125 129
22 124 129
23 123 129
24 122 129
25 121 129
26 120 129
27 119 129
29 118 129
30 117 129
31 116 129
33 115 129
36 114 129
37 113 129
38 112 129
39 111 129
40 109 129
41 108 129
42 107 129
43 105 129
45 104 129
46 103 129
47 102 129
48 101 129
49 100 129
50 99 129
51 98 129
52 3 129
52 5 129
53 97 129
54 96 129
55 94 129
57 92 129
58 91 129
59 90 129
60 89 129
61 88 129
63 87 129
64 86 129
66 84 129
67 66 129
68 65 129
69 64 129
70 63 129
71 62 129
75 1 129
75 2 129
76 61 129
78 60 129
79 59 129
80 58 129
81 80 129
82 79 129
84 57 129
86 56 129
88 55 129
89 53 129
90 52 129
91 51 129
92 50 129
93 78 129
94 49 129
95 77 129
97 146 129
97 0 129
99 46 129
101 43 129
103 42 129
105 41 129
106 76 129
107 40 129
108 39 129
109 37 129
110 75 129
111 36 129
113 35 129
114 31 129
116 30 129
117 28 129
118 27 129
119 26 129
121 23 129
122 21 129
123 20 129
125 19 129
127 74 129
128 72 129
130 71 129
131 18 129
132 17 129
133 139 129
133 142 129
134 16 129
135 15 129
136 60 129
136 126 129
137 14 129
140 70 129
141 51 129
141 57 129
143 69 129
144 68 129
145 13 129
146 12 129
147 11 129
148 10 129
150 67 129
1 149 130
3 148 130
5 147 130
6 146 130
7 145 130
8 142 130
9 141 130
10 139 130
12 138 130
13 3 130
13 5 130
14 137 130
15 136 130
16 135 130
17 134 130
18 133 130
21 132 130
22 131 130
23 129 130
24 126 130
25 125 130
26 124 130
27 123 130
28 122 130
29 121 130
31 120 130
32 6 130
32 7 130
33 119 130
34 118 130
35 117 130
36 116 130
38 115 130
39 114 130
40 113 130
41 1 130
41 2 130
42 112 130
43 111 130
46 109 130
47 108 130
48 107 130
49 105 130
50 104 130
52 103 130
53 102 130
54 101 130
55 100 130
56 99 130
58 98 130
59 97 130
60 96 130
61 146 130
61 0 130
62 94 130
64 92 130
65 91 130
66 90 130
67 89 130
69 88 130
70 87 130
71 70 130
72 69 130
74 68 130
75 67 130
76 66 130
77 65 130
78 64 130
79 63 130
81 86 130
82 84 130
83 80 130
84 139 130
84 142 130
86 62 130
87 61 130
88 60 130
89 59 130
90 58 130
91 57 130
92 56 130
93 79 130
95 78 130
96 55 130
97 53 130
98 52 130
100 51 130
102 50 130
103 49 130
104 46 130
105 43 130
106 77 130
108 42 130
109 41 130
110 76 130
111 40 130
112 39 130
113 37 130
114 36 130
115 35 130
116 31 130
117 60 130
117 126 130
118 30 130
120 28 130
121 27 130
123 26 130
124 23 130
126 21 130
128 75 130
129 20 130
130 74 130
131 19 130
132 18 130
134 17 130
136 16 130
138 15 130
141 14 130
142 13 130
144 72 130
145 51 130
145 57 130
146 12 130
147 11 130
149 10 130
150 71 130
0 149 131
1 148 131
2 147 131
3 146 131
4 145 131
6 142 131
7 141 131
8 6 131
8 7 131
12 139 131
13 138 131
14 137 131
15 136 131
17 135 131
18 134 131
19 133 131
20 132 131
21 131 131
22 129 131
23 126 131
25 125 131
26 124 131
27 123 131
28 122 131
29 121 131
30 120 131
31 119 131
33 118 131
34 117 131
35 116 131
36 115 131
37 114 131
38 113 131
39 112 131
41 111 131
42 109 131
43 108 131
44 107 131
45 105 131
46 104 131
47 103 131
48 102 131
49 101 131
50 100 131
52 99 131
54 98 131
55 3 131
55 5 131
57 97 131
58 96 131
59 94 131
60 92 131
61 91 131
62 90 131
63 89 131
64 88 131
65 87 131
66 86 131
67 66 131
69 65 131
70 64 131
71 63 131
72 62 131
73 84 131
74 1 131
74 2 131
75 61 131
76 60 131
77 59 131
79 58 131
80 57 131
81 80 131
82 79 131
83 78 131
84 56 131
85 77 131
86 146 131
86 0 131
88 55 131
90 53 131
91 52 131
92 51 131
93 76 131
95 75 131
96 50 131
97 49 131
98 46 131
100 43 131
102 42 131
103 41 131
105 40 131
106 74 131
109 39 131
110 72 131
112 37 131
113 36 131
114 35 131
116 31 131
117 30 131
119 28 131
120 27 131
121 26 131
122 23 131
123 21 131
126 20 131
127 71 131
129 19 131
130 70 131
131 18 131
132 139 131
132 142 131
133 17 131
134 16 131
136 60 131
136 126 131
137 15 131
138 14 131
139 13 131
140 69 131
141 51 131
141 57 131
143 68 131
144 67 131
145 12 131
147 11 131
149 10 131
0 149 132
1 148 132
3 147 132
4 146 132
6 145 132
9 142 132
10 141 132
13 139 132
14 138 132
15 137 132
16 136 132
17 135 132
18 134 132
19 133 132
20 132 132
21 131 132
22 129 132
23 126 132
24 125 132
25 124 132
26 123 132
27 122 132
28 121 132
29 120 132
30 119 132
31 118 132
32 117 132
34 116 132
35 115 132
36 114 132
39 113 132
40 112 132
42 111 132
43 109 132
44 108 132
46 3 132
46 5 132
47 107 132
48 105 132
51 104 132
52 103 132
53 102 132
54 101 132
55 1 132
55 2 132
56 100 132
58 99 132
60 98 132
61 97 132
62 96 132
63 94 132
64 92 132
65 91 132
66 90 132
67 89 132
68 88 132
69 87 132
70 86 132
72 71 132
75 70 132
76 69 132
77 68 132
78 67 132
79 66 132
80 65 132
82 6 132
82 7 132
85 84 132
86 146 132
86 0 132
87 64 132
88 63 132
89 62 132
92 61 132
93 80 132
94 60 132
95 79 132
96 59 132
97 58 132
98 57 132
99 56 132
100 55 132
101 53 132
102 52 132
103 51 132
104 50 132
106 78 132
107 49 132
108 46 132
109 43 132
110 77 132
111 42 132
112 41 132
113 40 132
115 39 132
116 139 132
116 142 132
117 37 132
118 36 132
119 35 132
120 31 132
122 30 132
123 28 132
124 27 132
125 26 132
126 51 132
126 57 132
128 76 132
129 23 132
131 21 132
132 20 132
134 19 132
135 18 132
137 17 132
138 16 132
139 15 132
141 14 132
142 13 132
143 75 132
144 74 132
145 12 132
146 11 132
148 10 132
149 60 132
149 126 132
150 72 132
30 101 133
37 100 133
40 99 133
44 98 133
61 97 133
63 96 133
66 84 133
86 83 133
92 82 133
98 78 133
99 75 133
104 81 133
110 80 133
120 79 133
0 149 134
1 148 134
3 147 134
4 146 134
5 145 134
6 142 134
8 141 134
9 139 134
11 138 134
13 137 134
14 136 134
15 3 134
15 5 134
16 135 134
17 134 134
18 133 134
19 132 134
20 131 134
21 1 134
21 2 134
23 129 134
24 126 134
25 125 134
26 124 134
27 123 134
28 122 134
29 121 134
31 120 134
32 119 134
33 118 134
34 117 134
35 116 134
36 115 134
38 114 134
39 113 134
40 112 134
41 146 134
41 0 134
42 111 134
44 109 134
47 108 134
48 107 134
49 105 134
50 104 134
51 103 134
52 139 134
52 142 134
53 102 134
54 101 134
55 100 134
56 60 134
56 126 134
57 99 134
58 98 134
59 97 134
61 96 134
63 94 134
64 51 134
64 57 134
65 92 134
66 91 134
67 90 134
68 89 134
69 88 134
70 87 134
71 70 134
72 69 134
73 86 134
74 68 134
75 67 134
78 66 134
79 65 134
80 64 134
82 6 134
82 7 134
84 63 134
85 84 134
86 62 134
87 61 134
88 60 134
90 59 134
91 58 134
92 57 134
93 80 134
95 79 134
96 56 134
97 55 134
98 53 134
100 52 134
101 51 134
102 50 134
103 49 134
104 46 134
105 43 134
106 78 134
107 42 134
108 41 134
110 77 134
111 40 134
112 39 134
113 37 134
117 36 134
118 35 134
120 31 134
121 30 134
124 28 134
126 27 134
127 76 134
128 75 134
129 26 134
132 23 134
133 21 134
134 20 134
135 19 134
136 18 134
137 17 134
138 16 134
139 15 134
140 74 134
141 14 134
142 13 134
143 72 134
145 12 134
147 11 134
149 10 134
150 71 134
15 101 136
22 100 136
40 99 136
50 98 136
54 97 136
55 96 136
68 84 136
104 83 136
109 82 136
110 81 136
114 80 136
125 79 136
127 78 136
144 75 136
14 101 138
29 100 138
48 99 138
61 98 138
62 97 138
69 96 138
84 78 138
85 84 138
90 83 138
93 82 138
101 75 138
110 81 138
133 80 138
149 79 138
0 149 141
1 148 141
2 147 141
3 146 141
4 145 141
6 142 141
7 141 141
9 139 141
10 138 141
11 137 141
12 136 141
14 3 141
14 5 141
15 135 141
16 134 141
17 133 141
18 132 141
19 131 141
20 129 141
21 126 141
22 125 141
24 124 141
25 123 141
26 122 141
27 121 141
28 120 141
29 119 141
30 118 141
32 117 141
35 116 141
36 115 141
37 114 141
38 113 141
41 112 141
42 111 141
43 109 141
44 108 141
45 107 141
46 105 141
47 104 141
49 103 141
50 102 141
51 101 141
52 100 141
53 99 141
54 98 141
55 97 141
56 96 141
57 94 141
58 92 141
59 1 141
59 2 141
60 91 141
62 90 141
63 89 141
65 88 141
66 87 141
68 86 141
69 68 141
70 67 141
71 66 141
72 65 141
73 84 141
75 64 141
77 63 141
78 62 141
79 61 141
80 60 141
81 80 141
82 79 141
83 78 141
86 59 141
87 58 141
89 57 141
90 56 141
91 55 141
92 53 141
94 52 141
95 77 141
96 146 141
96 0 141
99 139 141
99 142 141
100 51 141
101 50 141
102 60 141
102 126 141
104 49 141
105 46 141
106 76 141
107 43 141
108 42 141
109 41 141
110 6 141
110 7 141
111 40 141
113 39 141
114 37 141
115 36 141
116 35 141
117 31 141
118 30 141
120 28 141
121 27 141
122 26 141
123 23 141
126 21 141
127 75 141
128 74 141
129 20 141
130 72 141
131 19 141
132 18 141
133 17 141
134 51 141
134 57 141
136 16 141
137 15 141
138 14 141
141 13 141
142 12 141
143 71 141
144 70 141
145 11 141
149 10 141
150 69 141
2 149 142
4 6 142
4 7 142
5 148 142
6 147 142
7 146 142
8 145 142
9 142 142
10 141 142
11 139 142
12 138 142
13 137 142
14 136 142
15 135 142
16 146 142
16 0 142
18 134 142
19 133 142
20 139 142
20 142 142
21 132 142
22 131 142
23 129 142
25 126 142
26 125 142
27 124 142
28 123 142
29 122 142
30 121 142
31 120 142
33 3 142
33 5 142
34 119 142
35 118 142
37 117 142
38 116 142
39 115 142
42 114 142
43 113 142
44 112 142
45 111 142
46 109 142
47 108 142
48 107 142
49 105 142
50 104 142
51 103 142
52 102 142
53 101 142
54 100 142
55 99 142
56 98 142
57 97 142
59 96 142
61 94 142
62 92 142
66 91 142
67 90 142
69 89 142
72 88 142
73 87 142
74 72 142
75 71 142
76 70 142
77 69 142
78 68 142
79 67 142
80 66 142
81 86 142
84 65 142
85 84 142
86 64 142
87 63 142
89 62 142
90 61 142
91 60 142
92 59 142
93 80 142
94 58 142
95 79 142
96 57 142
97 56 142
99 55 142
100 53 142
101 52 142
103 51 142
104 50 142
105 49 142
106 78 142
107 46 142
108 43 142
109 42 142
110 77 142
111 41 142
112 40 142
113 39 142
114 37 142
115 36 142
116 35 142
117 31 142
118 30 142
119 28 142
121 27 142
122 26 142
123 23 142
124 21 142
126 20 142
127 1 142
127 2 142
128 76 142
130 75 142
131 19 142
132 60 142
132 126 142
133 18 142
134 17 142
137 16 142
138 15 142
139 14 142
144 74 142
145 13 142
146 12 142
147 11 142
148 10 142
149 51 142
149 57 142
