14 1796 0
83 1710 0
114 1709 0
191 1708 0
208 1683 0
211 1682 0
322 1681 0
414 1664 0
518 1572 0
538 1544 0
555 1020 0
642 1012 0
829 992 0
1037 760 0
1055 759 0
1061 724 0
1154 707 0
1168 704 0
1410 702 0
1430 701 0
1447 699 0
1517 698 0
1551 288 0
1658 277 0
1777 243 0
1864 233 0
1877 210 0
1887 16 0
13 1796 1
171 1710 1
372 1709 1
413 1708 1
470 1683 1
505 1682 1
560 1681 1
688 1664 1
759 233 1
778 1572 1
789 1544 1
884 1020 1
937 1012 1
1020 210 1
1191 992 1
1201 760 1
1227 759 1
1236 724 1
1428 707 1
1429 704 1
1449 702 1
1520 701 1
1636 699 1
1664 16 1
1668 698 1
1743 288 1
1752 277 1
1874 243 1
139 1796 2
178 1710 2
200 1709 2
272 1708 2
293 1683 2
340 1682 2
465 1681 2
479 1664 2
509 1572 2
564 1544 2
650 1020 2
796 1012 2
841 992 2
849 760 2
856 759 2
1017 724 2
1133 707 2
1182 704 2
1239 702 2
1277 701 2
1335 699 2
1359 698 2
1375 288 2
1471 277 2
1586 243 2
1661 233 2
1813 210 2
1898 16 2
217 1796 3
279 1710 3
310 1709 3
341 1708 3
380 1683 3
478 1682 3
576 1681 3
612 1664 3
801 1572 3
905 1544 3
955 1020 3
973 1012 3
990 992 3
997 760 3
1023 759 3
1138 724 3
1184 707 3
1491 704 3
1524 702 3
1525 701 3
1553 699 3
1586 698 3
1589 288 3
1594 277 3
1631 243 3
1736 233 3
1749 210 3
1828 16 3
219 1796 4
301 1710 4
319 1709 4
320 1708 4
354 1683 4
390 1682 4
497 1681 4
501 1664 4
557 1572 4
616 1544 4
656 1020 4
719 1012 4
796 992 4
898 760 4
961 759 4
986 724 4
1147 707 4
1173 704 4
1239 702 4
1326 701 4
1416 699 4
1474 698 4
1486 288 4
1624 277 4
1634 243 4
1686 233 4
1845 210 4
1876 16 4
19 1796 5
36 1710 5
144 1709 5
191 1708 5
345 1683 5
349 1682 5
370 1681 5
517 1664 5
523 1572 5
537 1544 5
718 1020 5
732 1012 5
847 992 5
877 760 5
947 759 5
1048 724 5
1118 707 5
1234 704 5
1242 702 5
1430 701 5
1499 699 5
1513 698 5
1544 210 5
1583 288 5
1630 277 5
1650 243 5
1691 233 5
1796 16 5
43 1796 6
83 1710 6
104 1709 6
191 1708 6
197 1683 6
228 1682 6
275 1681 6
286 1664 6
657 1572 6
671 1544 6
752 1020 6
879 1012 6
1045 992 6
1069 760 6
1217 759 6
1352 724 6
1380 707 6
1401 704 6
1474 702 6
1495 701 6
1519 699 6
1532 698 6
1569 288 6
1619 277 6
1642 243 6
1748 233 6
1840 210 6
1860 16 6
