47 1891 3
153 1794 3
205 1793 3
276 1725 3
346 1723 3
372 1645 3
398 1644 3
411 1431 3
437 47 3
437 98 3
494 31 3
494 46 3
498 209 3
511 1430 3
528 1416 3
540 1415 3
654 1293 3
664 1292 3
669 941 3
698 940 3
737 929 3
790 928 3
828 885 3
865 884 3
884 99 3
893 776 3
900 775 3
965 648 3
1082 579 3
1143 513 3
1150 498 3
1168 482 3
1171 480 3
1218 28 3
1218 30 3
1245 424 3
1254 14 3
1254 27 3
1258 423 3
1312 1723 3
1312 1725 3
1384 1415 3
1384 1416 3
1423 354 3
1471 353 3
1500 480 3
1500 482 3
1538 209 3
1538 210 3
1642 334 3
1833 321 3
1845 210 3
325 63 4
325 64 4
387 63 4
387 64 4
408 1065 4
488 1064 4
1073 476 4
1287 475 4
4 1844 5
89 1843 5
146 470 5
146 471 5
160 1738 5
264 1737 5
284 1660 5
318 431 5
318 432 5
347 232 5
347 233 5
446 204 5
446 205 5
601 1659 5
643 1642 5
699 1641 5
725 159 5
725 160 5
749 1569 5
844 1568 5
918 1535 5
993 1534 5
1019 1641 5
1019 1642 5
1058 1568 5
1058 1569 5
1066 1534 5
1066 1535 5
1140 755 5
1140 786 5
1163 991 5
1182 990 5
1304 850 5
1411 849 5
1437 786 5
1450 755 5
1511 693 5
1514 692 5
1580 159 5
1580 160 5
1788 636 5
1841 603 5
1842 551 5
1855 550 5
34 1828 6
39 629 6
39 646 6
49 623 6
49 628 6
53 1827 6
107 1753 6
127 1661 6
139 576 6
139 616 6
151 1199 6
191 1198 6
202 1128 6
240 1098 6
245 1082 6
250 1081 6
252 1032 6
322 1031 6
344 1005 6
360 544 6
360 575 6
453 459 6
453 543 6
459 993 6
471 373 6
471 458 6
531 291 6
531 372 6
556 984 6
584 983 6
606 214 6
606 290 6
729 129 6
729 213 6
757 943 6
792 74 6
792 128 6
808 63 6
808 72 6
812 942 6
851 908 6
876 895 6
904 0 6
904 62 6
948 1198 6
948 1199 6
1007 894 6
1094 1098 6
1094 1128 6
1106 881 6
1152 1081 6
1152 1082 6
1194 894 6
1194 895 6
1287 852 6
1287 869 6
1312 837 6
1312 838 6
1313 880 6
1322 869 6
1580 543 6
1580 544 6
1620 458 6
1620 459 6
1672 372 6
1672 373 6
1680 852 6
1692 838 6
1714 837 6
1745 128 6
1745 129 6
1839 72 6
1839 74 6
1844 710 6
1845 62 6
1845 63 6
492 1065 7
552 1064 7
558 476 7
1384 63 7
1384 64 7
1840 475 7
1877 63 7
1877 64 7
19 629 25
19 646 25
53 623 25
53 628 25
77 1828 25
151 1827 25
183 576 25
183 616 25
193 1753 25
217 1661 25
232 1199 25
252 544 25
252 575 25
299 459 25
299 543 25
314 373 25
314 458 25
344 1198 25
372 1128 25
381 291 25
381 372 25
466 1098 25
521 1082 25
609 1081 25
647 1032 25
699 1031 25
814 1005 25
830 214 25
830 290 25
907 993 25
912 984 25
919 983 25
1043 129 25
1043 213 25
1070 943 25
1104 74 25
1104 128 25
1109 63 25
1109 72 25
1146 942 25
1153 0 25
1153 62 25
1165 908 25
1169 1198 25
1169 1199 25
1223 895 25
1225 1098 25
1225 1128 25
1245 894 25
1248 1081 25
1248 1082 25
1257 894 25
1257 895 25
1299 852 25
1299 869 25
1307 881 25
1328 880 25
1342 869 25
1467 837 25
1467 838 25
1499 543 25
1499 544 25
1552 458 25
1552 459 25
1553 852 25
1640 372 25
1640 373 25
1670 838 25
1746 128 25
1746 129 25
1772 837 25
1822 710 25
1877 72 25
1877 74 25
1889 62 25
1889 63 25
12 1891 26
40 1794 26
47 209 26
47 210 26
91 47 26
91 98 26
113 1793 26
154 1725 26
190 1723 26
209 210 26
220 1645 26
258 1644 26
262 1431 26
312 31 26
312 46 26
453 1430 26
456 1416 26
624 28 26
624 30 26
657 1415 26
661 1293 26
871 1292 26
919 941 26
1082 940 26
1299 929 26
1321 14 26
1321 27 26
1324 928 26
1331 1723 26
1331 1725 26
1333 885 26
1336 1415 26
1336 1416 26
1342 884 26
1372 776 26
1404 775 26
1405 648 26
1417 579 26
1438 513 26
1449 498 26
1485 482 26
1617 480 26
1632 424 26
1645 99 26
1701 423 26
1708 354 26
1783 353 26
1810 334 26
1854 321 26
1886 209 26
1898 480 26
1898 482 26
101 1844 27
124 1843 27
212 1738 27
239 1737 27
310 1660 27
338 1659 27
393 470 27
393 471 27
486 1642 27
487 1641 27
593 1569 27
611 431 27
611 432 27
657 1568 27
807 1535 27
835 1534 27
920 991 27
1091 990 27
1092 850 27
1152 232 27
1152 233 27
1244 204 27
1244 205 27
1347 849 27
1384 786 27
1405 755 27
1479 693 27
1498 692 27
1500 159 27
1500 160 27
1530 636 27
1544 603 27
1584 1641 27
1584 1642 27
1589 1568 27
1589 1569 27
1619 1534 27
1619 1535 27
1620 755 27
1620 786 27
1690 551 27
1817 550 27
1850 159 27
1850 160 27
510 63 28
510 64 28
1162 1065 28
1351 1064 28
1447 476 28
1530 63 28
1530 64 28
1562 475 28
