4 5 0
7 1470 0
10 34 0
26 55 0
42 77 0
54 55 0
58 731 0
62 1185 0
66 1024 0
71 979 0
79 212 0
88 1164 0
90 1182 0
136 1063 0
137 658 0
149 1427 0
159 587 0
168 688 0
179 693 0
186 368 0
198 1455 0
209 497 0
217 1116 0
226 1326 0
237 1476 0
240 1006 0
241 702 0
272 375 0
284 1009 0
290 346 0
303 360 0
313 697 0
319 1215 0
341 788 0
348 437 0
351 913 0
354 1028 0
363 996 0
367 1301 0
368 917 0
370 392 0
376 1219 0
390 1421 0
404 491 0
425 475 0
440 947 0
447 1037 0
458 1040 0
458 1415 0
469 861 0
472 960 0
478 837 0
489 526 0
492 860 0
493 692 0
494 1257 0
507 1135 0
549 1090 0
557 1311 0
576 1195 0
586 594 0
595 1349 0
603 1027 0
630 753 0
646 860 0
647 852 0
676 1200 0
678 825 0
785 1136 0
810 1246 0
837 864 0
848 1093 0
858 1066 0
865 909 0
879 1328 0
916 1055 0
937 1065 0
959 1422 0
961 1083 0
1041 1235 0
1065 1197 0
1065 1080 0
1082 1424 0
1090 1361 0
1130 1200 0
1145 1208 0
1213 1256 0
1245 1282 0
1274 1321 0
1313 1434 0
1380 1467 0
3 440 1
7 1243 1
11 288 1
13 1288 1
22 271 1
23 1028 1
23 453 1
27 1438 1
28 55 1
49 1284 1
72 519 1
83 422 1
86 297 1
88 1006 1
116 577 1
136 288 1
140 463 1
145 531 1
148 683 1
156 1379 1
178 397 1
189 1161 1
198 976 1
230 311 1
246 1003 1
257 514 1
262 656 1
313 1326 1
314 1060 1
317 451 1
326 449 1
344 360 1
351 1035 1
376 466 1
389 1465 1
390 481 1
395 627 1
396 1096 1
406 502 1
416 1426 1
427 1122 1
467 529 1
469 1429 1
479 1463 1
491 1458 1
502 1256 1
516 1433 1
523 1051 1
533 939 1
557 1116 1
560 733 1
560 1168 1
587 834 1
614 1153 1
645 869 1
662 1177 1
665 1061 1
672 975 1
702 763 1
705 1106 1
719 728 1
775 1374 1
811 1094 1
814 1453 1
875 923 1
917 1453 1
963 1278 1
1011 1363 1
1039 1281 1
1056 1349 1
1088 1304 1
1091 1096 1
1101 1434 1
1131 1332 1
1236 1433 1
1236 1366 1
1327 1399 1
1331 1420 1
4 428 2
6 24 2
20 173 2
22 910 2
24 120 2
30 601 2
31 104 2
45 718 2
50 107 2
59 88 2
61 230 2
62 526 2
62 214 2
85 631 2
93 704 2
98 280 2
99 784 2
112 250 2
116 320 2
117 384 2
121 605 2
122 310 2
137 524 2
142 255 2
143 1087 2
143 159 2
162 702 2
171 604 2
176 1099 2
179 509 2
198 893 2
199 1289 2
201 221 2
204 593 2
206 487 2
208 1421 2
217 1408 2
223 1393 2
223 533 2
231 966 2
232 247 2
235 594 2
248 870 2
253 1343 2
267 1010 2
274 1184 2
276 667 2
284 591 2
293 769 2
297 937 2
305 1000 2
305 1087 2
314 1144 2
319 1066 2
322 1041 2
324 699 2
331 862 2
333 1066 2
335 1183 2
337 1081 2
341 1343 2
349 739 2
353 1317 2
358 767 2
363 634 2
368 516 2
370 654 2
374 921 2
375 672 2
379 1407 2
383 576 2
389 1095 2
401 640 2
405 1349 2
410 1310 2
419 720 2
433 889 2
452 999 2
453 1054 2
454 1387 2
471 986 2
474 871 2
487 518 2
487 1461 2
490 1113 2
498 764 2
505 647 2
506 1439 2
523 619 2
525 562 2
537 1451 2
563 780 2
571 618 2
576 991 2
589 991 2
595 1130 2
624 1409 2
657 1016 2
659 1029 2
699 1328 2
701 744 2
717 999 2
719 1260 2
734 1029 2
745 1414 2
812 1202 2
824 1344 2
869 879 2
875 1168 2
935 1180 2
939 1367 2
973 1420 2
977 1157 2
1037 1276 2
1057 1272 2
1059 1122 2
1090 1202 2
1165 1343 2
1177 1179 2
1192 1441 2
1209 1350 2
1262 1404 2
1265 1459 2
7 38 3
12 19 3
23 1359 3
29 31 3
34 1084 3
69 738 3
70 151 3
73 94 3
95 666 3
106 153 3
163 976 3
189 426 3
199 1304 3
225 789 3
227 1328 3
231 1314 3
254 838 3
256 1141 3
302 819 3
304 507 3
323 907 3
328 1170 3
412 1473 3
426 677 3
442 1238 3
449 902 3
460 513 3
460 912 3
486 775 3
494 1233 3
494 771 3
498 1213 3
499 837 3
507 812 3
513 1156 3
522 925 3
543 1075 3
589 603 3
596 971 3
602 851 3
636 1297 3
648 1292 3
653 656 3
669 1092 3
677 855 3
690 776 3
694 1124 3
700 1391 3
714 968 3
734 1042 3
739 1177 3
745 948 3
760 1274 3
791 1392 3
802 1300 3
843 1456 3
890 968 3
905 1248 3
965 969 3
987 1144 3
1001 1303 3
1013 1240 3
1096 1276 3
1099 1179 3
1107 1184 3
1171 1414 3
1285 1410 3
1378 1383 3
1 473 4
12 813 4
14 1407 4
27 914 4
36 430 4
37 1172 4
40 561 4
40 784 4
44 416 4
46 585 4
88 137 4
88 499 4
91 115 4
101 102 4
105 519 4
111 145 4
124 907 4
134 722 4
141 612 4
147 1385 4
148 1300 4
149 1302 4
161 625 4
162 653 4
164 505 4
172 798 4
183 939 4
199 347 4
206 916 4
209 1477 4
218 458 4
221 1374 4
223 1096 4
223 739 4
242 1152 4
242 620 4
242 1285 4
255 791 4
260 1412 4
265 826 4
284 1188 4
285 939 4
313 354 4
318 1423 4
324 715 4
324 1213 4
352 1101 4
356 636 4
399 721 4
400 1198 4
417 568 4
419 1320 4
442 1312 4
449 781 4
471 1044 4
486 979 4
493 1364 4
495 996 4
496 652 4
499 1272 4
503 635 4
588 949 4
611 990 4
613 850 4
615 885 4
640 1339 4
652 861 4
657 724 4
657 1407 4
704 1190 4
706 910 4
710 1085 4
714 1049 4
720 966 4
731 744 4
773 1111 4
782 1021 4
785 1224 4
799 1026 4
813 970 4
826 835 4
852 972 4
860 1194 4
860 1310 4
889 1394 4
925 1335 4
927 1381 4
990 1237 4
999 1286 4
1012 1287 4
1015 1200 4
1038 1051 4
1167 1411 4
1176 1327 4
1293 1298 4
1315 1446 4
1373 1425 4
22 588 5
38 242 5
61 802 5
92 991 5
117 903 5
129 869 5
180 705 5
204 558 5
214 422 5
222 676 5
253 1442 5
286 1365 5
305 1425 5
345 910 5
351 1100 5
394 986 5
405 523 5
416 1096 5
430 1078 5
493 675 5
511 1181 5
513 1433 5
530 866 5
577 740 5
641 695 5
655 1279 5
679 734 5
702 1231 5
704 953 5
786 1313 5
789 1153 5
793 1389 5
797 1226 5
815 1185 5
824 1425 5
832 1433 5
856 990 5
865 1422 5
910 1150 5
920 1476 5
939 1278 5
986 1477 5
1012 1445 5
1039 1073 5
1050 1160 5
1088 1115 5
1263 1364 5
1285 1383 5
26 984 6
29 727 6
30 415 6
34 576 6
38 834 6
66 1144 6
96 851 6
124 665 6
129 866 6
150 1279 6
217 590 6
218 1157 6
229 795 6
234 688 6
248 645 6
262 713 6
324 432 6
365 1142 6
386 1257 6
404 958 6
406 950 6
409 1228 6
412 1099 6
421 733 6
422 444 6
429 690 6
440 827 6
449 480 6
470 1423 6
470 1444 6
482 620 6
541 1200 6
783 1140 6
814 902 6
891 977 6
941 1239 6
1020 1188 6
1084 1407 6
1128 1234 6
1257 1367 6
23 259 7
48 337 7
66 895 7
69 1330 7
80 1150 7
100 738 7
111 1086 7
117 343 7
131 1195 7
165 625 7
175 953 7
214 303 7
230 324 7
244 969 7
332 775 7
373 926 7
378 1337 7
524 994 7
565 1105 7
586 682 7
604 1239 7
693 1162 7
694 1385 7
704 836 7
706 1010 7
755 1047 7
756 1468 7
805 941 7
816 906 7
842 1475 7
923 1080 7
944 992 7
962 1396 7
1125 1403 7
1127 1285 7
1358 1457 7
4 1430 8
27 538 8
33 490 8
48 450 8
62 968 8
81 865 8
101 836 8
110 550 8
124 1266 8
124 1034 8
127 492 8
148 814 8
160 1406 8
210 479 8
214 728 8
219 619 8
227 437 8
227 1129 8
248 1460 8
259 866 8
274 473 8
278 968 8
334 686 8
346 488 8
353 642 8
370 1307 8
376 843 8
381 643 8
388 581 8
391 894 8
399 436 8
401 779 8
462 876 8
471 1225 8
472 1289 8
492 1150 8
494 797 8
503 787 8
513 1238 8
515 587 8
534 953 8
600 815 8
606 667 8
607 796 8
624 1163 8
633 1100 8
647 854 8
663 1243 8
724 951 8
785 1273 8
828 992 8
840 1264 8
889 1237 8
912 1324 8
1071 1159 8
1394 1472 8
20 1352 9
22 581 9
22 630 9
30 258 9
34 42 9
37 1269 9
41 1393 9
46 674 9
64 1007 9
69 1371 9
70 263 9
71 1242 9
77 1375 9
79 617 9
88 110 9
88 192 9
97 132 9
106 169 9
108 554 9
112 200 9
115 1147 9
121 652 9
122 313 9
125 302 9
127 322 9
131 808 9
137 1081 9
158 1181 9
160 911 9
171 319 9
176 212 9
182 1470 9
184 517 9
188 1170 9
189 577 9
194 229 9
199 296 9
201 228 9
204 235 9
204 1043 9
207 1109 9
208 300 9
209 215 9
209 210 9
212 784 9
216 1258 9
219 470 9
220 1284 9
224 523 9
225 610 9
225 1086 9
226 786 9
232 921 9
236 1407 9
237 510 9
238 1198 9
239 1225 9
243 922 9
251 870 9
257 355 9
260 1070 9
286 773 9
288 933 9
298 352 9
299 959 9
316 1260 9
320 965 9
323 1318 9
330 845 9
331 641 9
332 508 9
337 1343 9
348 1320 9
358 651 9
370 824 9
377 501 9
377 834 9
381 1267 9
399 1245 9
406 761 9
414 1128 9
415 444 9
422 765 9
436 1059 9
447 766 9
450 1412 9
453 1218 9
454 1427 9
466 933 9
466 547 9
472 886 9
477 745 9
480 747 9
497 883 9
498 822 9
500 1376 9
504 529 9
505 875 9
512 929 9
535 703 9
539 630 9
541 1479 9
546 772 9
550 622 9
560 1164 9
573 934 9
582 1250 9
583 728 9
592 613 9
599 1304 9
602 1391 9
604 1289 9
608 1075 9
621 867 9
632 1290 9
645 1291 9
651 982 9
654 1466 9
662 1182 9
668 1291 9
687 893 9
711 768 9
717 1066 9
723 816 9
724 1429 9
771 1285 9
778 1247 9
796 895 9
808 1419 9
822 1016 9
822 855 9
822 1232 9
824 1368 9
831 1402 9
832 1188 9
834 1101 9
834 1043 9
837 1286 9
864 1336 9
873 1369 9
886 1195 9
893 1455 9
896 1028 9
942 1126 9
950 1219 9
959 1123 9
962 1237 9
980 1271 9
1010 1293 9
1023 1270 9
1044 1173 9
1046 1172 9
1050 1386 9
1051 1322 9
1070 1119 9
1074 1435 9
1146 1174 9
1166 1275 9
1168 1273 9
1183 1307 9
1186 1474 9
1259 1409 9
1266 1460 9
1286 1448 9
1340 1372 9
1347 1398 9
12 1151 10
18 1392 10
38 442 10
47 1224 10
58 483 10
84 177 10
84 1221 10
96 975 10
105 1233 10
105 141 10
111 1245 10
116 1176 10
117 145 10
120 841 10
130 1278 10
140 1304 10
152 263 10
172 1203 10
176 831 10
181 867 10
183 1012 10
188 1255 10
206 732 10
215 569 10
220 1065 10
231 259 10
244 260 10
256 798 10
257 1479 10
260 564 10
267 1042 10
278 1269 10
283 1092 10
287 922 10
299 884 10
315 518 10
324 1155 10
343 1315 10
369 503 10
375 835 10
377 921 10
394 863 10
397 1346 10
412 1415 10
425 894 10
435 508 10
442 951 10
490 765 10
525 1028 10
526 1310 10
537 1137 10
562 1115 10
585 1058 10
614 834 10
642 1159 10
651 766 10
655 1246 10
655 748 10
681 721 10
683 1006 10
718 1440 10
728 1177 10
738 1453 10
743 1412 10
760 1320 10
769 957 10
786 856 10
791 1457 10
825 1085 10
826 1062 10
827 1329 10
829 964 10
836 1390 10
916 1350 10
933 1194 10
942 976 10
944 960 10
1005 1405 10
1067 1224 10
1081 1446 10
1118 1388 10
1210 1299 10
1216 1445 10
1225 1383 10
3 476 11
14 291 11
17 1427 11
21 854 11
21 655 11
28 1423 11
29 898 11
31 578 11
40 613 11
43 1087 11
48 920 11
51 1069 11
52 362 11
53 307 11
59 1099 11
60 367 11
64 83 11
67 707 11
68 1098 11
71 975 11
75 1339 11
81 566 11
88 339 11
99 1230 11
101 1161 11
121 191 11
127 1332 11
147 680 11
152 298 11
161 895 11
161 501 11
161 953 11
185 618 11
189 199 11
194 416 11
198 207 11
206 310 11
206 761 11
208 493 11
208 580 11
208 627 11
216 989 11
227 960 11
232 1350 11
243 1045 11
245 253 11
247 1072 11
249 669 11
250 396 11
254 318 11
259 871 11
260 905 11
266 804 11
266 428 11
270 285 11
270 273 11
271 1334 11
276 378 11
278 1190 11
281 691 11
284 1015 11
288 1103 11
292 1450 11
298 1235 11
302 730 11
303 304 11
311 456 11
324 1395 11
324 885 11
324 605 11
330 780 11
334 571 11
335 727 11
338 869 11
341 725 11
343 502 11
343 477 11
344 477 11
350 1224 11
354 1136 11
359 1216 11
370 657 11
376 796 11
377 1195 11
378 875 11
390 556 11
390 1406 11
394 598 11
395 882 11
396 1002 11
402 1315 11
409 535 11
415 862 11
416 970 11
420 1120 11
424 1388 11
433 489 11
446 884 11
446 977 11
459 1085 11
464 801 11
469 967 11
472 1378 11
475 639 11
477 1332 11
482 1116 11
483 1140 11
485 1407 11
487 755 11
488 766 11
499 612 11
517 1454 11
532 645 11
533 1203 11
552 1391 11
559 947 11
560 1355 11
568 1280 11
568 778 11
572 979 11
580 914 11
581 1167 11
593 741 11
603 1399 11
605 1128 11
613 923 11
626 1177 11
636 1024 11
638 1168 11
641 830 11
644 986 11
651 1048 11
654 1416 11
657 771 11
659 1381 11
661 877 11
663 909 11
673 1211 11
674 1418 11
674 1329 11
675 784 11
687 855 11
693 1402 11
696 1098 11
697 1337 11
704 1254 11
713 1324 11
714 878 11
739 1171 11
751 871 11
763 996 11
772 901 11
777 902 11
784 927 11
788 1372 11
789 1056 11
789 1402 11
791 1169 11
796 1453 11
800 1477 11
842 924 11
846 1098 11
860 1464 11
873 1180 11
880 1003 11
884 1050 11
896 1293 11
910 1477 11
911 1153 11
914 1192 11
914 1125 11
930 1159 11
938 1379 11
946 1108 11
951 1243 11
955 1089 11
967 1256 11
967 1278 11
975 1169 11
994 1241 11
997 1377 11
1000 1256 11
1001 1315 11
1011 1071 11
1025 1054 11
1068 1329 11
1077 1082 11
1110 1449 11
1122 1241 11
1127 1216 11
1129 1366 11
1138 1411 11
1156 1422 11
1163 1381 11
1188 1223 11
1212 1260 11
1241 1387 11
1251 1358 11
1278 1443 11
1312 1342 11
1348 1368 11
1397 1418 11
1415 1459 11
2 1126 12
4 1224 12
7 706 12
15 1074 12
28 842 12
43 213 12
59 513 12
64 1393 12
73 157 12
83 183 12
98 757 12
116 502 12
118 1046 12
127 725 12
140 191 12
146 819 12
148 1011 12
150 430 12
152 439 12
177 1182 12
196 829 12
198 1420 12
213 432 12
220 247 12
223 952 12
224 628 12
230 279 12
231 742 12
232 1017 12
236 416 12
237 593 12
238 894 12
254 1116 12
264 384 12
267 1477 12
269 1013 12
270 998 12
271 1412 12
285 689 12
303 591 12
303 810 12
304 1259 12
314 423 12
314 1131 12
331 606 12
336 873 12
339 470 12
344 544 12
354 356 12
357 466 12
361 363 12
367 517 12
383 1375 12
403 1078 12
413 1200 12
436 750 12
481 811 12
481 979 12
502 1045 12
504 1352 12
526 1380 12
536 1274 12
537 997 12
566 1404 12
598 992 12
612 928 12
630 769 12
646 922 12
674 1154 12
675 803 12
677 853 12
693 975 12
703 1385 12
710 963 12
742 1256 12
758 869 12
791 871 12
833 1012 12
859 965 12
877 1161 12
890 1362 12
894 1080 12
895 1097 12
900 1227 12
922 1146 12
960 1452 12
1008 1416 12
1012 1416 12
1018 1208 12
1023 1457 12
1043 1071 12
1105 1346 12
1163 1462 12
1181 1455 12
1217 1391 12
1258 1278 12
1363 1431 12
1382 1464 12
1421 1449 12
81 547 13
177 1222 13
188 1367 13
216 831 13
222 661 13
225 526 13
231 274 13
250 905 13
270 540 13
292 383 13
347 710 13
390 581 13
414 764 13
422 1198 13
453 850 13
473 1297 13
492 829 13
567 1060 13
607 1105 13
684 1190 13
747 856 13
845 1028 13
851 1160 13
852 1117 13
866 955 13
939 994 13
1014 1420 13
1073 1453 13
1203 1368 13
1 1394 14
1 1240 14
3 1004 14
4 623 14
6 991 14
13 1240 14
19 700 14
19 1459 14
22 384 14
38 482 14
40 383 14
41 82 14
57 323 14
63 1124 14
63 1296 14
71 698 14
73 568 14
80 910 14
83 429 14
83 810 14
84 930 14
89 234 14
93 229 14
97 360 14
99 1202 14
112 920 14
113 1047 14
117 1041 14
124 223 14
137 1030 14
141 406 14
144 173 14
146 1451 14
148 1476 14
160 544 14
160 822 14
166 1476 14
171 577 14
183 809 14
183 258 14
193 259 14
193 428 14
207 1220 14
210 757 14
211 698 14
212 893 14
215 1159 14
215 1279 14
216 1260 14
222 1003 14
225 851 14
232 1085 14
236 1231 14
237 356 14
238 1002 14
239 1328 14
246 1293 14
246 1023 14
249 1301 14
253 993 14
253 1098 14
260 1282 14
265 940 14
267 530 14
276 631 14
282 1398 14
295 1092 14
297 1327 14
300 1297 14
306 424 14
308 1470 14
311 1210 14
319 1311 14
324 1448 14
332 1067 14
333 1406 14
336 1364 14
336 424 14
341 342 14
341 384 14
344 1409 14
347 360 14
359 430 14
360 487 14
363 430 14
365 519 14
365 1440 14
383 405 14
385 882 14
391 1298 14
394 1168 14
396 682 14
396 970 14
398 659 14
403 1365 14
408 1354 14
413 990 14
414 1389 14
416 1028 14
418 1174 14
419 1044 14
420 422 14
431 1445 14
432 435 14
433 441 14
438 439 14
438 1121 14
446 519 14
450 648 14
487 1347 14
492 1112 14
493 882 14
496 816 14
499 1272 14
513 609 14
516 956 14
523 1198 14
526 1313 14
531 621 14
538 1426 14
546 1081 14
562 950 14
570 729 14
571 821 14
583 1475 14
583 1114 14
590 917 14
590 914 14
591 766 14
593 1095 14
594 880 14
621 768 14
632 1328 14
635 1260 14
649 680 14
661 713 14
662 994 14
667 1094 14
670 859 14
676 1375 14
689 1152 14
697 1404 14
700 795 14
730 1360 14
739 1057 14
750 1147 14
752 1117 14
755 833 14
759 1291 14
764 1305 14
765 1293 14
772 1138 14
784 1228 14
789 1191 14
800 1386 14
808 1064 14
808 1118 14
812 1002 14
822 1036 14
832 1332 14
841 916 14
859 1062 14
860 1301 14
862 1157 14
862 1403 14
870 1394 14
879 1455 14
888 1176 14
891 1410 14
911 1186 14
936 1084 14
940 1003 14
941 1127 14
959 1270 14
976 1284 14
988 1438 14
999 1147 14
1008 1171 14
1058 1191 14
1097 1422 14
1115 1384 14
1140 1229 14
1143 1404 14
1143 1407 14
1147 1156 14
1157 1184 14
1190 1412 14
1190 1259 14
1214 1285 14
1252 1467 14
1296 1405 14
1300 1431 14
1394 1463 14
1407 1412 14
3 378 15
5 1214 15
16 87 15
16 528 15
27 1199 15
41 1094 15
45 508 15
56 895 15
58 1038 15
58 1048 15
72 649 15
72 1000 15
75 814 15
81 334 15
100 778 15
104 1105 15
117 888 15
139 668 15
139 1168 15
146 1026 15
147 553 15
167 1089 15
168 269 15
216 979 15
220 244 15
223 919 15
231 614 15
253 784 15
258 1249 15
260 982 15
262 384 15
265 1346 15
267 762 15
270 1018 15
292 486 15
298 935 15
302 449 15
305 972 15
310 378 15
318 389 15
320 625 15
349 1072 15
352 1335 15
361 430 15
365 944 15
376 502 15
378 1210 15
394 475 15
401 1114 15
426 1467 15
441 488 15
451 744 15
458 1026 15
468 762 15
469 598 15
471 1310 15
473 1373 15
509 1189 15
511 1082 15
520 946 15
526 616 15
532 1205 15
535 758 15
555 654 15
579 746 15
583 1408 15
593 822 15
598 841 15
617 1310 15
620 703 15
624 668 15
633 1258 15
675 1157 15
676 1173 15
687 1245 15
688 1266 15
696 1011 15
735 911 15
765 950 15
767 1127 15
803 878 15
820 1206 15
823 1097 15
836 996 15
845 1015 15
848 986 15
849 1211 15
881 956 15
903 1028 15
905 1090 15
911 1373 15
912 1266 15
913 1004 15
922 958 15
924 939 15
940 1422 15
969 1300 15
1009 1257 15
1021 1138 15
1054 1163 15
1077 1366 15
1079 1381 15
1137 1346 15
1161 1458 15
1206 1445 15
1219 1358 15
1233 1365 15
1241 1435 15
1263 1437 15
1284 1477 15
1290 1409 15
1305 1415 15
3 197 16
6 713 16
6 1252 16
17 1151 16
35 663 16
36 1177 16
58 1113 16
69 1144 16
87 712 16
90 964 16
115 871 16
126 210 16
135 639 16
140 467 16
162 823 16
177 275 16
194 943 16
201 706 16
202 634 16
211 430 16
250 786 16
260 1113 16
278 577 16
292 503 16
299 437 16
306 937 16
328 805 16
333 626 16
351 514 16
351 401 16
357 754 16
358 505 16
358 1239 16
366 1303 16
366 423 16
370 1060 16
389 946 16
401 416 16
437 1052 16
450 650 16
467 1411 16
470 1401 16
492 530 16
495 765 16
496 1131 16
537 1165 16
576 616 16
595 1235 16
607 739 16
623 1024 16
656 1222 16
673 1312 16
696 883 16
719 1186 16
738 1030 16
764 1337 16
772 1156 16
785 1435 16
793 1053 16
860 1440 16
882 1269 16
923 1476 16
933 1394 16
942 1081 16
1014 1134 16
1093 1233 16
1119 1376 16
1122 1160 16
2 740 17
29 655 17
33 753 17
48 1262 17
62 1072 17
74 476 17
80 87 17
82 1134 17
111 1028 17
111 1250 17
112 828 17
113 1013 17
114 314 17
116 1348 17
116 429 17
131 724 17
155 1342 17
156 441 17
173 1243 17
180 533 17
180 562 17
183 617 17
187 553 17
202 778 17
274 393 17
283 878 17
285 481 17
305 1227 17
324 1449 17
339 409 17
381 1244 17
423 448 17
432 441 17
434 1449 17
434 640 17
444 572 17
449 881 17
459 1014 17
495 715 17
503 1148 17
552 566 17
565 730 17
584 1219 17
613 1355 17
735 1285 17
758 1024 17
778 791 17
815 965 17
816 1121 17
828 1229 17
833 940 17
847 1130 17
872 1083 17
879 1011 17
907 937 17
953 1377 17
986 1012 17
1003 1117 17
1275 1335 17
1280 1375 17
1412 1435 17
38 868 18
46 216 18
52 672 18
113 1080 18
117 1313 18
136 1400 18
149 579 18
172 854 18
174 557 18
212 848 18
216 1000 18
233 1112 18
242 492 18
245 1450 18
251 1294 18
254 1393 18
281 1390 18
294 632 18
312 313 18
328 1445 18
328 366 18
342 708 18
344 743 18
353 1134 18
359 529 18
362 1084 18
365 730 18
372 686 18
390 521 18
394 450 18
396 418 18
423 1067 18
450 1102 18
455 947 18
475 1246 18
489 617 18
521 552 18
567 1129 18
592 731 18
622 1031 18
655 1377 18
665 1176 18
695 1053 18
713 909 18
714 1313 18
726 1263 18
736 1151 18
810 966 18
937 1083 18
1017 1366 18
1035 1330 18
1073 1267 18
1104 1177 18
1109 1176 18
1168 1386 18
1188 1220 18
1255 1354 18
1 569 19
2 1472 19
25 1246 19
26 1045 19
34 621 19
37 100 19
41 727 19
44 961 19
44 304 19
48 1439 19
48 236 19
54 148 19
65 546 19
72 594 19
73 660 19
75 830 19
84 639 19
89 909 19
103 1071 19
105 117 19
107 253 19
112 1006 19
114 698 19
140 1479 19
141 328 19
141 602 19
151 1460 19
152 1179 19
153 320 19
168 404 19
170 1284 19
173 404 19
181 230 19
184 859 19
185 961 19
187 1325 19
190 284 19
204 1220 19
207 980 19
211 1211 19
215 893 19
231 1188 19
232 1334 19
238 979 19
239 1150 19
240 1443 19
244 1387 19
245 578 19
245 461 19
269 329 19
269 1220 19
278 1248 19
279 344 19
284 604 19
293 570 19
309 696 19
324 978 19
335 409 19
356 654 19
357 1199 19
368 739 19
374 576 19
375 1307 19
383 1082 19
384 1218 19
385 1223 19
393 1239 19
394 882 19
398 918 19
404 781 19
411 1148 19
411 946 19
420 533 19
433 471 19
437 559 19
438 1198 19
438 958 19
448 583 19
456 910 19
465 557 19
471 1422 19
472 1086 19
479 845 19
508 635 19
526 590 19
530 560 19
534 749 19
542 1421 19
549 878 19
554 1132 19
561 1027 19
589 865 19
591 1367 19
594 1164 19
594 882 19
611 1048 19
628 717 19
630 1078 19
641 745 19
650 820 19
661 1153 19
663 937 19
672 1092 19
696 769 19
715 716 19
740 855 19
744 1003 19
753 916 19
764 921 19
770 898 19
781 901 19
793 1412 19
812 968 19
812 1356 19
856 1157 19
859 1149 19
871 1411 19
893 1381 19
901 1442 19
902 1247 19
914 1455 19
916 1059 19
927 1137 19
956 1283 19
974 1369 19
995 1366 19
1000 1326 19
1005 1273 19
1007 1133 19
1009 1310 19
1016 1150 19
1058 1434 19
1181 1414 19
1342 1442 19
2 538 20
6 1022 20
7 241 20
9 186 20
11 537 20
13 734 20
15 1002 20
19 1183 20
21 165 20
21 952 20
26 652 20
29 312 20
32 231 20
39 970 20
46 312 20
63 1215 20
75 752 20
78 1385 20
102 952 20
102 1388 20
110 1106 20
123 1263 20
126 553 20
132 896 20
145 263 20
149 233 20
152 835 20
155 535 20
159 1404 20
161 419 20
179 928 20
179 1192 20
189 638 20
190 709 20
190 1011 20
198 921 20
223 989 20
228 678 20
232 627 20
233 861 20
241 768 20
243 578 20
255 759 20
259 511 20
260 1171 20
275 631 20
275 1428 20
278 680 20
284 536 20
288 1220 20
289 1411 20
290 471 20
298 352 20
301 646 20
307 647 20
315 1375 20
322 776 20
330 690 20
332 1404 20
335 829 20
349 407 20
370 378 20
373 1403 20
374 576 20
386 650 20
395 601 20
404 1317 20
409 446 20
410 620 20
418 769 20
421 859 20
425 623 20
431 598 20
438 748 20
445 533 20
446 1109 20
449 1141 20
455 1216 20
456 687 20
457 1479 20
474 885 20
476 813 20
480 969 20
481 554 20
481 741 20
491 1440 20
511 1443 20
514 671 20
516 611 20
521 574 20
525 1329 20
526 569 20
533 634 20
537 624 20
537 1361 20
537 725 20
542 965 20
545 682 20
546 731 20
582 630 20
584 629 20
588 592 20
590 592 20
591 593 20
636 1443 20
645 1136 20
653 1117 20
660 1453 20
662 1231 20
672 769 20
673 1175 20
673 854 20
676 796 20
692 762 20
693 766 20
709 1159 20
719 1016 20
727 914 20
730 1390 20
753 1071 20
768 1018 20
773 1473 20
778 1344 20
798 841 20
799 903 20
807 1152 20
813 1123 20
814 963 20
820 978 20
825 1103 20
828 1064 20
831 1207 20
845 980 20
851 1237 20
861 932 20
864 1287 20
892 1234 20
921 1321 20
923 1102 20
928 1012 20
939 1449 20
981 1149 20
1019 1478 20
1032 1272 20
1067 1330 20
1067 1220 20
1089 1444 20
1125 1139 20
1126 1210 20
1148 1261 20
1180 1195 20
1184 1444 20
1184 1348 20
1202 1314 20
1236 1368 20
1317 1394 20
1372 1420 20
0 1169 21
6 432 21
13 1211 21
28 496 21
36 45 21
38 1357 21
43 168 21
45 149 21
48 510 21
50 756 21
51 1326 21
60 1432 21
63 379 21
71 1313 21
77 1198 21
81 517 21
91 537 21
92 827 21
98 620 21
108 632 21
122 1220 21
123 987 21
127 716 21
128 1116 21
135 862 21
138 996 21
152 634 21
155 507 21
159 593 21
163 259 21
163 1367 21
190 1449 21
191 1135 21
193 1176 21
195 1021 21
195 361 21
201 979 21
209 661 21
228 296 21
238 690 21
248 1384 21
266 1057 21
275 358 21
278 670 21
279 1094 21
286 598 21
287 1327 21
296 668 21
301 896 21
308 1105 21
312 450 21
329 1411 21
334 818 21
336 583 21
336 617 21
339 517 21
339 860 21
352 1183 21
357 679 21
370 1131 21
381 572 21
395 563 21
395 747 21
403 1393 21
411 545 21
431 803 21
435 1263 21
457 518 21
464 1058 21
466 1162 21
468 650 21
473 1074 21
484 916 21
492 848 21
492 957 21
496 689 21
509 1242 21
514 615 21
514 582 21
519 1283 21
526 882 21
526 605 21
527 730 21
529 952 21
530 801 21
533 676 21
549 1370 21
561 637 21
567 615 21
578 810 21
587 592 21
590 899 21
596 1024 21
599 1314 21
630 649 21
637 686 21
639 641 21
640 641 21
640 1047 21
652 1258 21
662 663 21
666 878 21
678 1293 21
680 1240 21
687 1392 21
689 829 21
691 1369 21
693 1305 21
697 1193 21
703 1150 21
710 761 21
711 1409 21
729 1147 21
743 985 21
744 1041 21
749 1086 21
756 1065 21
760 1473 21
778 923 21
784 870 21
785 954 21
794 1134 21
823 977 21
831 1444 21
832 933 21
849 1006 21
865 908 21
889 1066 21
905 1110 21
946 1471 21
979 1302 21
1005 1073 21
1016 1217 21
1026 1163 21
1043 1476 21
1065 1177 21
1077 1107 21
1096 1180 21
1110 1163 21
1116 1169 21
1154 1383 21
1160 1314 21
1169 1452 21
1172 1290 21
1209 1361 21
1231 1391 21
1242 1341 21
1359 1468 21
1447 1465 21
2 1077 22
18 1324 22
25 194 22
27 483 22
33 226 22
41 1363 22
49 1393 22
59 1145 22
59 383 22
82 609 22
85 1116 22
89 281 22
92 381 22
95 1063 22
106 392 22
110 530 22
112 883 22
113 733 22
121 1390 22
125 154 22
135 968 22
137 1194 22
139 624 22
143 440 22
158 1001 22
160 342 22
163 470 22
166 1141 22
175 1302 22
179 316 22
181 1206 22
200 629 22
202 549 22
203 1419 22
224 460 22
234 486 22
235 1365 22
243 754 22
251 948 22
257 556 22
258 1427 22
258 770 22
270 1343 22
275 617 22
276 1078 22
289 1130 22
290 1367 22
292 1478 22
302 339 22
309 482 22
313 612 22
314 670 22
315 1397 22
320 1028 22
322 772 22
323 544 22
324 911 22
325 1115 22
328 1238 22
337 588 22
343 880 22
348 688 22
357 745 22
357 743 22
365 621 22
365 368 22
366 978 22
368 1398 22
375 397 22
376 554 22
379 576 22
392 800 22
393 1331 22
394 1118 22
401 895 22
406 1326 22
408 999 22
409 1031 22
415 614 22
416 677 22
420 1448 22
433 1087 22
456 573 22
458 1186 22
460 820 22
462 1236 22
462 1448 22
489 844 22
493 1033 22
496 1157 22
500 1359 22
501 1080 22
502 665 22
508 725 22
520 696 22
521 1328 22
521 813 22
529 1044 22
530 770 22
534 828 22
539 874 22
540 1278 22
542 1466 22
548 1169 22
555 1442 22
567 1316 22
568 682 22
570 712 22
571 1223 22
577 1026 22
577 1244 22
578 1360 22
589 1065 22
594 676 22
605 1020 22
609 973 22
616 704 22
623 1167 22
632 988 22
637 1261 22
644 1232 22
652 1124 22
654 1237 22
655 746 22
664 1144 22
673 747 22
675 1434 22
675 764 22
675 926 22
680 689 22
680 735 22
691 740 22
693 740 22
696 698 22
697 785 22
707 708 22
719 1050 22
723 1191 22
726 1298 22
729 1253 22
735 1176 22
746 1142 22
750 751 22
767 1193 22
810 1399 22
811 1124 22
822 1224 22
850 1401 22
851 1264 22
851 1025 22
872 1378 22
883 1197 22
899 1336 22
907 1373 22
917 950 22
928 1284 22
935 1329 22
938 1070 22
945 1470 22
1004 1334 22
1010 1393 22
1016 1476 22
1018 1193 22
1022 1401 22
1052 1327 22
1074 1324 22
1101 1361 22
1148 1391 22
1151 1479 22
1163 1340 22
1164 1438 22
1164 1261 22
1183 1477 22
1259 1345 22
1262 1432 22
1269 1396 22
1342 1349 22
4 1087 23
6 459 23
18 1182 23
25 1381 23
27 290 23
30 967 23
31 588 23
31 908 23
33 1129 23
37 1026 23
56 99 23
58 1036 23
61 1261 23
61 674 23
62 1378 23
64 1466 23
65 91 23
68 885 23
83 1039 23
88 1378 23
92 791 23
92 1250 23
98 462 23
108 269 23
110 209 23
110 910 23
137 1263 23
146 830 23
157 1453 23
163 566 23
168 1479 23
174 1343 23
175 241 23
177 731 23
179 268 23
194 482 23
229 1371 23
234 1324 23
235 1376 23
238 1153 23
252 734 23
270 636 23
273 430 23
279 1469 23
279 931 23
285 980 23
293 782 23
305 862 23
306 708 23
306 941 23
308 1069 23
322 1307 23
330 1333 23
347 1001 23
359 1203 23
390 1333 23
408 1249 23
417 1441 23
418 763 23
421 669 23
422 438 23
422 512 23
459 1393 23
461 986 23
473 1224 23
479 1208 23
508 918 23
514 772 23
517 1172 23
525 591 23
525 1224 23
528 582 23
532 1244 23
543 1476 23
562 1187 23
564 831 23
589 1313 23
592 790 23
597 1290 23
598 752 23
601 1097 23
604 1445 23
625 1417 23
628 795 23
634 799 23
636 1026 23
636 774 23
639 850 23
649 770 23
661 1428 23
663 1434 23
683 863 23
686 1364 23
696 1346 23
696 1037 23
700 1111 23
715 1431 23
716 755 23
728 774 23
729 745 23
752 791 23
764 1434 23
775 1079 23
798 1090 23
803 1299 23
809 1137 23
816 1442 23
818 968 23
828 884 23
883 1250 23
901 988 23
903 1101 23
944 1024 23
959 1365 23
974 992 23
993 1126 23
994 1235 23
1056 1184 23
1061 1144 23
1072 1443 23
1105 1467 23
1111 1179 23
1118 1319 23
1178 1370 23
1202 1455 23
1253 1471 23
1266 1349 23
1275 1474 23
1376 1433 23
1422 1471 23
25 1202 24
43 1166 24
45 1288 24
53 1055 24
57 990 24
71 1306 24
75 480 24
106 338 24
114 594 24
122 145 24
129 209 24
156 697 24
164 989 24
165 1210 24
166 1338 24
170 177 24
186 609 24
191 692 24
199 1446 24
243 699 24
260 941 24
272 533 24
272 349 24
287 1255 24
314 363 24
316 1437 24
332 424 24
359 1324 24
370 1217 24
457 999 24
471 673 24
477 817 24
500 663 24
523 937 24
530 1258 24
532 675 24
535 583 24
555 1261 24
582 1434 24
586 612 24
588 1124 24
598 1156 24
645 1459 24
681 878 24
705 727 24
723 930 24
750 1017 24
776 1224 24
804 806 24
832 1269 24
858 990 24
903 1463 24
925 979 24
925 1244 24
980 1356 24
986 1425 24
1170 1194 24
1194 1356 24
9 329 25
12 822 25
14 306 25
19 848 25
21 671 25
28 617 25
32 976 25
48 911 25
54 987 25
63 176 25
78 919 25
86 984 25
89 967 25
96 1268 25
120 669 25
128 190 25
151 1454 25
154 1026 25
170 211 25
189 477 25
197 757 25
197 1371 25
200 883 25
204 733 25
222 1086 25
223 1385 25
227 1082 25
228 502 25
265 1402 25
290 972 25
310 1023 25
314 817 25
331 960 25
336 557 25
337 1192 25
345 839 25
379 1459 25
397 1471 25
420 463 25
429 1460 25
430 1209 25
471 702 25
473 529 25
478 1305 25
489 901 25
498 1047 25
515 719 25
534 1124 25
544 668 25
551 998 25
611 869 25
644 1128 25
662 922 25
676 1326 25
750 848 25
753 841 25
805 1248 25
810 1147 25
832 847 25
869 958 25
882 1021 25
885 1286 25
923 1064 25
933 1326 25
966 1200 25
973 1456 25
975 1326 25
982 1399 25
1111 1213 25
1170 1217 25
1180 1332 25
1202 1410 25
1392 1399 25
39 1102 26
41 173 26
45 1340 26
48 1307 26
59 540 26
80 182 26
90 315 26
93 221 26
96 554 26
100 459 26
103 481 26
106 506 26
109 186 26
118 964 26
127 296 26
128 1453 26
129 683 26
131 1342 26
137 1072 26
146 1097 26
151 847 26
154 1288 26
155 662 26
157 321 26
163 629 26
163 1473 26
180 869 26
183 648 26
183 1004 26
184 308 26
186 908 26
197 1329 26
207 854 26
222 1193 26
242 402 26
249 1052 26
250 1196 26
256 1380 26
279 536 26
314 837 26
315 1432 26
321 668 26
331 1477 26
336 1150 26
354 726 26
358 878 26
362 1313 26
375 496 26
383 704 26
390 866 26
410 1205 26
456 1251 26
463 1298 26
468 746 26
487 562 26
513 574 26
519 766 26
522 1442 26
562 695 26
604 993 26
621 1099 26
673 709 26
700 1138 26
715 717 26
831 1192 26
854 1263 26
860 881 26
865 1343 26
941 1171 26
954 1331 26
960 1413 26
976 993 26
1043 1148 26
1069 1425 26
1075 1143 26
1094 1123 26
1130 1224 26
1210 1478 26
3 166 27
23 1058 27
26 241 27
28 656 27
33 623 27
46 1166 27
50 828 27
56 971 27
67 620 27
73 921 27
79 893 27
92 639 27
113 406 27
123 905 27
152 1185 27
158 1071 27
164 1469 27
178 567 27
179 353 27
183 671 27
196 878 27
232 881 27
248 1419 27
256 268 27
267 1089 27
272 379 27
279 1096 27
280 1056 27
290 367 27
297 992 27
306 580 27
326 1328 27
336 561 27
358 816 27
359 764 27
365 1195 27
380 711 27
390 1372 27
399 733 27
403 1264 27
406 1443 27
411 902 27
449 1261 27
465 714 27
488 821 27
498 844 27
543 1208 27
573 1293 27
573 1414 27
668 688 27
697 836 27
728 775 27
752 863 27
761 895 27
768 884 27
778 966 27
792 1428 27
811 1373 27
812 1040 27
825 1456 27
826 1295 27
834 1018 27
834 1295 27
835 1159 27
845 1022 27
870 1160 27
876 886 27
883 887 27
915 1206 27
918 963 27
931 983 27
1001 1011 27
1013 1136 27
1049 1471 27
1258 1472 27
3 604 28
59 82 28
79 412 28
113 429 28
115 1239 28
134 566 28
146 944 28
189 1248 28
227 613 28
294 1344 28
310 691 28
322 1326 28
326 1228 28
360 511 28
407 1474 28
421 1463 28
425 958 28
427 789 28
429 1009 28
450 708 28
450 1265 28
455 802 28
493 1100 28
494 922 28
505 1458 28
505 945 28
507 799 28
566 995 28
583 885 28
596 678 28
640 781 28
655 1285 28
714 1192 28
741 1395 28
747 969 28
791 1397 28
834 950 28
844 1231 28
904 1146 28
929 1450 28
951 1004 28
962 1396 28
982 1287 28
1247 1432 28
9 690 29
54 698 29
54 1258 29
118 172 29
119 1389 29
141 1059 29
242 336 29
357 1043 29
431 1200 29
447 974 29
520 814 29
532 1145 29
647 940 29
653 1003 29
793 1268 29
902 1245 29
1041 1307 29
1056 1162 29
1240 1478 29
16 706 30
100 1065 30
117 232 30
190 885 30
215 1147 30
227 282 30
239 430 30
281 1267 30
327 1128 30
354 1213 30
419 508 30
448 1055 30
600 1293 30
622 777 30
746 834 30
789 992 30
871 1051 30
967 1214 30
1027 1182 30
1085 1415 30
1199 1414 30
103 198 31
265 573 31
481 1069 31
550 1437 31
674 1292 31
166 800 32
182 1046 32
396 1273 32
601 643 32
798 907 32
15 17 33
53 1302 33
59 114 33
414 672 33
91 959 35
334 344 35
599 967 35
671 683 35
766 1270 35
811 1201 35
359 1316 36
820 1309 37
1140 1328 37
50 593 39
59 1220 39
223 607 39
16 669 40
39 367 40
44 668 40
58 847 40
61 1011 40
110 1402 40
157 1425 40
181 1138 40
223 526 40
261 801 40
277 1258 40
322 609 40
348 485 40
377 1190 40
445 1223 40
487 1173 40
514 815 40
519 623 40
554 689 40
618 1401 40
637 1434 40
766 1318 40
873 1299 40
920 1469 40
978 1458 40
1394 1419 40
0 1179 41
2 955 41
10 1044 41
24 1465 41
27 217 41
31 214 41
34 1021 41
45 602 41
74 1163 41
79 197 41
84 221 41
88 271 41
89 444 41
104 1236 41
108 531 41
109 948 41
118 1108 41
132 831 41
143 854 41
152 832 41
157 1140 41
185 447 41
190 635 41
194 204 41
197 1077 41
201 494 41
205 1070 41
209 846 41
227 447 41
235 290 41
237 864 41
241 979 41
252 1269 41
257 1419 41
257 1345 41
260 723 41
273 1381 41
278 1274 41
295 1249 41
298 1468 41
324 856 41
363 393 41
363 890 41
363 1285 41
364 1312 41
364 1005 41
385 965 41
402 962 41
414 1004 41
414 915 41
417 1479 41
441 1203 41
453 1337 41
460 1415 41
471 1398 41
472 618 41
500 1226 41
513 1435 41
525 590 41
529 681 41
576 606 41
584 615 41
587 1421 41
594 1260 41
634 715 41
638 1381 41
654 1447 41
662 1435 41
669 1045 41
674 938 41
682 995 41
690 1406 41
705 1461 41
734 1325 41
741 802 41
752 1301 41
778 1305 41
781 1103 41
787 1052 41
806 836 41
863 1175 41
914 1448 41
915 1174 41
948 977 41
984 985 41
991 1257 41
1073 1115 41
1113 1454 41
1166 1234 41
1222 1421 41
1248 1325 41
0 1184 42
2 1079 42
28 1298 42
29 779 42
33 569 42
50 297 42
54 83 42
55 674 42
58 209 42
81 1273 42
91 899 42
101 160 42
115 135 42
119 942 42
147 692 42
147 978 42
154 408 42
156 1348 42
166 869 42
170 503 42
193 713 42
194 516 42
196 842 42
205 515 42
205 722 42
209 675 42
210 741 42
211 1245 42
216 266 42
220 736 42
248 424 42
255 964 42
260 983 42
261 755 42
264 907 42
269 852 42
274 669 42
286 455 42
290 537 42
299 348 42
305 1160 42
307 656 42
316 1230 42
333 868 42
338 924 42
349 757 42
349 1228 42
352 807 42
359 676 42
367 831 42
376 462 42
384 881 42
410 1128 42
413 1441 42
434 1325 42
434 788 42
454 988 42
462 960 42
484 918 42
541 626 42
543 879 42
558 1365 42
561 1063 42
586 1412 42
595 616 42
607 919 42
617 1204 42
618 1144 42
637 676 42
651 1007 42
710 977 42
717 1416 42
744 1208 42
750 869 42
757 1156 42
774 1041 42
777 1165 42
786 1383 42
789 992 42
797 881 42
819 1074 42
828 873 42
871 1148 42
872 878 42
910 1235 42
925 944 42
942 1017 42
958 1198 42
958 1202 42
966 1387 42
967 1023 42
967 1394 42
974 1324 42
978 1286 42
989 1362 42
993 1004 42
1000 1343 42
1004 1318 42
1015 1320 42
1023 1189 42
1023 1257 42
1024 1063 42
1033 1052 42
1038 1206 42
1053 1397 42
1062 1276 42
1068 1384 42
1071 1346 42
1076 1229 42
1091 1227 42
1097 1275 42
1129 1263 42
1153 1264 42
1165 1344 42
1192 1418 42
1208 1407 42
1227 1256 42
1250 1304 42
1313 1368 42
1320 1361 42
8 354 43
34 87 43
53 805 43
57 249 43
61 1083 43
65 185 43
67 195 43
68 494 43
68 1207 43
71 943 43
71 853 43
73 1397 43
78 1011 43
89 378 43
92 512 43
99 1213 43
102 500 43
108 607 43
119 694 43
122 891 43
133 254 43
133 1024 43
140 625 43
148 623 43
153 313 43
153 828 43
157 742 43
158 835 43
160 766 43
161 339 43
161 556 43
177 310 43
183 361 43
184 316 43
186 653 43
189 917 43
192 702 43
193 1309 43
197 1052 43
198 1282 43
201 1442 43
205 1186 43
210 909 43
211 366 43
211 258 43
214 828 43
215 653 43
216 516 43
226 1020 43
248 465 43
251 1438 43
261 333 43
265 1021 43
270 795 43
274 1368 43
281 982 43
287 1295 43
288 1360 43
289 1411 43
290 478 43
301 548 43
305 1199 43
306 447 43
307 577 43
315 852 43
315 1041 43
317 1120 43
319 900 43
319 1039 43
320 1204 43
323 980 43
325 818 43
335 1445 43
336 1271 43
347 1294 43
360 1111 43
361 1182 43
375 533 43
384 893 43
391 1452 43
392 1145 43
392 1186 43
393 937 43
398 958 43
400 484 43
406 712 43
407 1212 43
408 1161 43
418 669 43
419 566 43
438 869 43
449 1298 43
462 1203 43
469 944 43
473 1056 43
479 1251 43
491 876 43
492 1223 43
493 1461 43
503 619 43
508 1223 43
523 1042 43
543 1112 43
577 1160 43
578 864 43
589 761 43
594 732 43
595 878 43
598 760 43
599 1024 43
600 1127 43
609 962 43
609 868 43
610 616 43
621 1185 43
623 913 43
626 632 43
628 666 43
635 1112 43
638 678 43
644 1322 43
650 918 43
658 1023 43
662 802 43
667 899 43
667 1038 43
683 917 43
688 774 43
693 788 43
696 1187 43
708 815 43
710 1196 43
723 1129 43
726 890 43
799 1459 43
846 869 43
861 1215 43
870 1287 43
898 1204 43
901 1375 43
910 1339 43
917 1340 43
931 1387 43
958 1063 43
958 1209 43
966 1438 43
967 1125 43
970 1405 43
987 1236 43
993 1090 43
994 1318 43
999 1018 43
1001 1369 43
1024 1099 43
1028 1250 43
1032 1072 43
1032 1431 43
1033 1249 43
1038 1099 43
1038 1073 43
1049 1104 43
1060 1062 43
1067 1416 43
1076 1092 43
1077 1079 43
1081 1083 43
1093 1229 43
1100 1135 43
1101 1104 43
1113 1115 43
1126 1219 43
1177 1196 43
1230 1333 43
1287 1335 43
1358 1380 43
1412 1417 43
19 928 44
27 1284 44
29 150 44
36 410 44
44 840 44
77 1211 44
97 995 44
132 480 44
147 742 44
148 1126 44
178 979 44
193 356 44
203 567 44
225 927 44
231 725 44
339 951 44
340 928 44
350 1246 44
360 967 44
374 746 44
458 1304 44
530 1271 44
554 1012 44
607 955 44
633 1376 44
647 1249 44
685 935 44
688 1255 44
798 873 44
939 1029 44
955 1318 44
1012 1470 44
1041 1119 44
1068 1390 44
1073 1200 44
1091 1420 44
1092 1439 44
0 93 45
3 1235 45
4 1443 45
20 1159 45
35 80 45
36 1192 45
40 209 45
42 658 45
51 803 45
58 1381 45
68 1151 45
82 1248 45
89 1398 45
95 333 45
125 583 45
127 743 45
138 191 45
138 755 45
139 490 45
140 743 45
158 681 45
159 317 45
165 1460 45
168 758 45
175 888 45
179 337 45
198 959 45
204 1122 45
206 578 45
215 369 45
216 933 45
216 279 45
218 325 45
223 1214 45
232 263 45
242 375 45
252 786 45
264 1002 45
265 484 45
266 878 45
277 1411 45
307 463 45
315 1207 45
328 948 45
341 1372 45
352 435 45
357 1305 45
358 418 45
384 1110 45
400 1391 45
403 1360 45
409 427 45
412 732 45
414 1088 45
419 1165 45
430 845 45
434 983 45
452 1270 45
472 527 45
484 1166 45
489 584 45
499 1438 45
503 1336 45
503 1041 45
506 1239 45
509 1357 45
512 771 45
517 1187 45
530 943 45
544 1096 45
547 795 45
548 1056 45
549 556 45
549 979 45
555 1431 45
559 1422 45
574 625 45
574 1127 45
580 1105 45
590 1336 45
604 1269 45
616 1230 45
620 1406 45
621 1199 45
626 1208 45
630 774 45
632 1181 45
655 1079 45
662 701 45
670 1283 45
684 1155 45
690 828 45
691 1191 45
717 1324 45
739 1279 45
744 1042 45
757 1040 45
769 1102 45
790 1265 45
795 937 45
799 990 45
805 953 45
807 1265 45
822 1434 45
854 1300 45
882 1470 45
884 984 45
909 1000 45
921 1185 45
930 1074 45
940 1038 45
947 1093 45
956 988 45
988 1403 45
993 1160 45
1011 1158 45
1016 1299 45
1017 1091 45
1029 1151 45
1039 1140 45
1055 1380 45
1067 1139 45
1076 1420 45
1077 1419 45
1080 1162 45
1086 1429 45
1127 1178 45
1142 1143 45
1145 1478 45
1148 1327 45
1162 1163 45
1171 1186 45
1173 1425 45
1197 1361 45
1206 1450 45
1233 1305 45
1354 1445 45
0 200 46
2 727 46
7 566 46
15 1056 46
28 1238 46
30 565 46
31 1366 46
37 1427 46
57 811 46
59 361 46
59 847 46
66 1054 46
67 1056 46
71 1293 46
77 1445 46
78 1241 46
93 859 46
95 862 46
106 573 46
106 1260 46
107 1100 46
118 1260 46
119 358 46
123 1043 46
132 583 46
141 1148 46
147 342 46
150 1351 46
151 1267 46
154 1376 46
163 1151 46
180 491 46
189 1086 46
201 878 46
202 1383 46
228 1437 46
230 317 46
231 1340 46
243 1381 46
246 814 46
248 1419 46
253 816 46
261 732 46
262 732 46
280 736 46
285 572 46
286 291 46
287 514 46
288 307 46
288 678 46
290 876 46
294 920 46
304 652 46
313 1395 46
313 1233 46
321 703 46
323 384 46
336 1244 46
342 1465 46
346 1289 46
349 1006 46
354 367 46
360 439 46
369 1112 46
375 392 46
388 1234 46
394 1345 46
397 1357 46
401 430 46
414 494 46
419 1371 46
428 651 46
431 1429 46
434 1336 46
438 1147 46
447 1026 46
460 962 46
462 770 46
473 1428 46
475 855 46
477 1434 46
480 892 46
485 751 46
488 644 46
490 764 46
500 753 46
506 749 46
522 1010 46
523 958 46
534 1252 46
534 1176 46
546 797 46
548 898 46
553 817 46
559 1048 46
583 1154 46
593 773 46
599 689 46
600 1117 46
604 700 46
621 1203 46
625 699 46
651 1213 46
659 814 46
664 1441 46
678 686 46
690 1242 46
698 925 46
708 1342 46
714 972 46
737 1390 46
757 1179 46
774 1341 46
784 1089 46
804 923 46
812 1163 46
823 1181 46
826 977 46
828 1286 46
838 1150 46
850 1403 46
857 995 46
873 904 46
875 1378 46
883 1351 46
885 914 46
906 1351 46
928 932 46
931 1369 46
942 1083 46
955 1382 46
974 1241 46
986 1378 46
995 1335 46
1010 1175 46
1026 1058 46
1088 1419 46
1102 1182 46
1104 1136 46
1106 1336 46
1113 1293 46
1116 1198 46
1117 1315 46
1147 1193 46
1156 1373 46
1189 1232 46
1193 1195 46
1196 1197 46
1199 1200 46
1201 1377 46
1253 1443 46
1277 1460 46
1379 1441 46
1427 1460 46
1444 1449 46
1 480 47
9 1358 47
9 1236 47
10 1191 47
31 1041 47
40 246 47
45 492 47
46 1326 47
53 996 47
54 828 47
55 450 47
58 507 47
59 554 47
66 550 47
71 1368 47
75 1199 47
78 83 47
80 384 47
85 262 47
90 840 47
94 723 47
94 787 47
110 414 47
113 844 47
115 602 47
123 465 47
124 215 47
127 742 47
128 267 47
129 208 47
132 297 47
134 1392 47
136 493 47
143 1008 47
153 878 47
178 244 47
180 784 47
196 230 47
198 1136 47
204 1272 47
217 733 47
221 1309 47
239 875 47
240 621 47
255 1237 47
271 990 47
273 323 47
276 393 47
276 1187 47
277 512 47
282 1334 47
282 641 47
301 829 47
318 423 47
327 1453 47
337 981 47
338 359 47
355 1077 47
361 1178 47
389 1090 47
405 829 47
406 604 47
429 650 47
431 979 47
433 1247 47
435 821 47
438 664 47
442 541 47
461 1369 47
463 770 47
472 699 47
481 1405 47
487 1374 47
499 761 47
515 569 47
541 961 47
544 986 47
576 1038 47
625 885 47
628 639 47
636 1059 47
654 1083 47
666 861 47
669 1246 47
677 1278 47
679 1445 47
704 824 47
716 1282 47
727 910 47
731 1162 47
742 888 47
747 782 47
750 1292 47
775 896 47
791 1137 47
807 1278 47
833 1187 47
853 1232 47
869 919 47
904 1175 47
915 1128 47
919 1437 47
938 1246 47
941 1203 47
957 1311 47
1011 1159 47
1046 1083 47
1050 1397 47
1067 1068 47
1097 1333 47
1138 1388 47
1155 1208 47
1156 1434 47
1163 1202 47
1180 1361 47
1185 1206 47
1189 1205 47
1238 1240 47
1397 1411 47
8 1314 48
10 921 48
14 511 48
15 1198 48
17 895 48
17 1025 48
20 435 48
25 385 48
42 1065 48
48 460 48
57 608 48
73 1058 48
74 334 48
85 623 48
92 1187 48
94 181 48
119 1315 48
122 658 48
124 350 48
134 1070 48
150 984 48
154 266 48
170 522 48
187 1174 48
191 333 48
199 598 48
200 1246 48
206 676 48
240 344 48
244 1103 48
274 1007 48
282 440 48
311 917 48
318 1208 48
322 1290 48
329 1292 48
406 523 48
428 1272 48
432 796 48
462 1095 48
495 873 48
508 1161 48
532 823 48
542 1104 48
552 652 48
553 900 48
589 760 48
600 1228 48
616 675 48
635 1259 48
641 1085 48
702 755 48
730 1141 48
737 1204 48
749 1201 48
759 806 48
773 1271 48
775 1352 48
777 1389 48
796 1082 48
803 1097 48
816 1466 48
820 981 48
827 963 48
877 930 48
902 1095 48
914 1116 48
921 953 48
927 1239 48
939 1076 48
970 978 48
973 1089 48
1004 1318 48
1019 1475 48
1030 1229 48
1070 1242 48
1088 1298 48
1103 1255 48
1127 1241 48
1134 1295 48
1183 1219 48
1366 1407 48
2 773 49
2 397 49
61 293 49
100 676 49
107 1458 49
107 399 49
151 601 49
155 1187 49
213 439 49
214 348 49
241 656 49
245 251 49
260 539 49
354 1254 49
370 462 49
431 498 49
493 605 49
537 1265 49
579 688 49
585 754 49
603 933 49
631 1061 49
635 645 49
642 804 49
701 1002 49
706 1386 49
748 1194 49
777 1096 49
876 1294 49
935 1375 49
1055 1083 49
1142 1178 49
6 796 50
16 264 50
19 91 50
30 1009 50
69 1206 50
133 1401 50
138 619 50
138 1056 50
166 593 50
169 1168 50
172 1126 50
182 618 50
186 292 50
201 1367 50
218 1021 50
241 1373 50
242 1278 50
246 318 50
277 733 50
288 776 50
355 1118 50
362 479 50
391 1397 50
400 703 50
407 883 50
429 1287 50
440 1428 50
467 552 50
499 607 50
507 585 50
526 709 50
562 989 50
569 691 50
625 1401 50
668 956 50
669 933 50
674 789 50
680 709 50
736 1287 50
752 1399 50
758 1035 50
759 1121 50
772 925 50
791 1050 50
799 1081 50
804 841 50
807 1417 50
819 1132 50
824 1269 50
835 1369 50
842 1045 50
898 1231 50
919 1370 50
933 1083 50
939 1005 50
939 1319 50
987 1478 50
997 1115 50
1014 1430 50
1060 1266 50
1075 1444 50
1083 1090 50
1122 1157 50
1133 1232 50
1171 1242 50
1333 1406 50
1345 1406 50
1386 1389 50
3 1049 51
15 483 51
16 740 51
28 630 51
29 323 51
33 353 51
41 953 51
48 1213 51
52 1463 51
52 91 51
64 1211 51
68 443 51
70 1165 51
78 300 51
89 703 51
99 436 51
101 1372 51
105 213 51
128 906 51
146 569 51
150 1166 51
155 1403 51
155 1186 51
158 209 51
164 453 51
176 1212 51
186 977 51
199 324 51
199 710 51
203 341 51
211 1350 51
237 1093 51
242 906 51
253 768 51
291 1090 51
309 874 51
356 1393 51
357 1163 51
357 1122 51
375 1457 51
375 1414 51
382 636 51
383 954 51
410 468 51
427 1032 51
467 1215 51
467 1036 51
486 955 51
505 1464 51
526 1019 51
530 881 51
532 1414 51
537 1333 51
566 952 51
591 775 51
621 1178 51
624 1062 51
627 1108 51
679 1152 51
685 814 51
698 1307 51
699 814 51
731 960 51
745 1129 51
745 867 51
809 843 51
831 1370 51
887 1172 51
891 1361 51
1007 1466 51
1010 1119 51
1028 1390 51
1045 1272 51
1057 1200 51
1085 1347 51
1095 1274 51
1215 1243 51
1268 1286 51
1269 1272 51
1339 1405 51
3 1128 52
72 221 52
84 390 52
96 1255 52
130 333 52
157 786 52
207 1055 52
228 860 52
286 324 52
304 1193 52
322 1248 52
350 1015 52
449 464 52
517 955 52
583 1442 52
584 1305 52
611 1390 52
634 1378 52
749 1045 52
770 1256 52
950 989 52
1187 1271 52
1402 1425 52
30 1023 53
47 639 53
53 153 53
123 1284 53
156 180 53
160 502 53
167 1454 53
192 659 53
232 1295 53
323 541 53
362 396 53
370 938 53
381 463 53
423 1078 53
426 510 53
449 1380 53
457 685 53
527 894 53
529 1022 53
533 826 53
845 1334 53
848 1036 53
1065 1337 53
1078 1329 53
1088 1460 53
1233 1297 53
1255 1376 53
10 162 54
39 1046 54
43 409 54
49 719 54
57 903 54
66 624 54
83 955 54
84 1053 54
117 907 54
126 1056 54
130 504 54
162 202 54
183 1243 54
194 317 54
197 987 54
223 606 54
244 679 54
287 896 54
301 1099 54
324 874 54
328 917 54
352 750 54
382 520 54
383 1429 54
441 519 54
441 740 54
443 831 54
509 695 54
516 623 54
591 635 54
606 1051 54
625 747 54
640 693 54
684 1292 54
736 1153 54
805 1432 54
808 854 54
838 1193 54
1022 1336 54
1025 1132 54
1095 1097 54
1105 1411 54
1106 1228 54
1125 1340 54
1190 1195 54
1236 1415 54
1284 1328 54
1295 1341 54
2 237 55
8 912 55
9 857 55
9 422 55
12 1213 55
13 802 55
16 503 55
26 254 55
37 996 55
38 958 55
45 417 55
45 865 55
48 726 55
55 1428 55
65 939 55
74 1219 55
81 263 55
86 375 55
88 128 55
110 832 55
137 1000 55
158 202 55
174 1076 55
190 966 55
196 1336 55
199 1473 55
220 518 55
221 1292 55
254 1129 55
257 1061 55
258 1043 55
260 285 55
278 534 55
287 407 55
291 1049 55
304 404 55
310 945 55
312 1262 55
328 886 55
337 965 55
348 1270 55
348 1385 55
363 1131 55
363 392 55
365 388 55
395 1036 55
405 745 55
417 1404 55
444 1075 55
447 641 55
453 1299 55
458 652 55
473 881 55
493 1293 55
513 825 55
529 620 55
549 1115 55
575 1274 55
584 1074 55
585 1150 55
600 1236 55
615 1374 55
617 705 55
618 669 55
641 1088 55
642 944 55
651 1168 55
651 1245 55
660 697 55
670 1126 55
686 1283 55
693 1120 55
710 908 55
711 1010 55
732 918 55
742 1429 55
750 1286 55
756 1269 55
765 784 55
785 887 55
805 1272 55
822 834 55
862 934 55
900 1113 55
925 1038 55
978 1431 55
1005 1277 55
1091 1262 55
1100 1379 55
1122 1167 55
1141 1287 55
1174 1191 55
1175 1205 55
1185 1236 55
1250 1396 55
1253 1320 55
1361 1398 55
1 831 56
17 504 56
19 1023 56
26 729 56
30 1457 56
37 389 56
38 869 56
39 909 56
51 1231 56
52 305 56
60 827 56
63 407 56
82 472 56
90 1033 56
101 290 56
111 383 56
112 408 56
113 1420 56
113 277 56
119 953 56
121 986 56
141 1470 56
142 352 56
143 1219 56
170 240 56
172 956 56
186 1393 56
189 819 56
201 1213 56
218 735 56
222 908 56
227 744 56
227 814 56
252 1208 56
264 727 56
270 566 56
285 743 56
290 366 56
292 1161 56
293 1221 56
305 650 56
306 700 56
307 1308 56
309 713 56
324 853 56
327 1095 56
340 1394 56
363 1071 56
376 387 56
397 605 56
403 995 56
421 966 56
422 1045 56
426 520 56
433 989 56
437 961 56
444 1294 56
447 1213 56
454 1098 56
456 1084 56
481 1044 56
491 1366 56
501 1045 56
512 920 56
513 827 56
522 799 56
530 1164 56
544 1267 56
566 1203 56
569 1196 56
575 996 56
580 1119 56
591 807 56
593 787 56
604 980 56
610 1176 56
614 787 56
616 756 56
647 1258 56
663 1112 56
664 1319 56
667 756 56
675 1348 56
689 1230 56
690 1367 56
735 1260 56
739 1189 56
792 1003 56
804 1126 56
813 1042 56
822 1179 56
826 1109 56
882 1076 56
889 1030 56
922 1194 56
962 992 56
1012 1239 56
1062 1454 56
1072 1219 56
1090 1217 56
1092 1379 56
1101 1179 56
1153 1211 56
1155 1350 56
1205 1425 56
1218 1426 56
1230 1258 56
1234 1279 56
1238 1444 56
1305 1348 56
1317 1424 56
1347 1408 56
1354 1361 56
4 40 57
4 1304 57
8 894 57
9 1347 57
12 757 57
26 634 57
34 1045 57
34 251 57
40 886 57
45 952 57
54 80 57
79 775 57
85 1398 57
92 133 57
97 1456 57
97 333 57
100 1269 57
101 1197 57
104 377 57
105 576 57
106 657 57
117 137 57
123 1311 57
140 719 57
140 880 57
146 188 57
146 883 57
154 649 57
159 686 57
160 987 57
160 449 57
161 384 57
170 729 57
173 568 57
178 1270 57
200 370 57
202 1122 57
203 1052 57
211 1210 57
213 985 57
220 1417 57
227 252 57
229 1233 57
229 407 57
237 331 57
238 551 57
252 388 57
255 370 57
257 297 57
260 653 57
262 940 57
279 1025 57
288 1164 57
295 747 57
304 1407 57
304 698 57
305 956 57
305 1028 57
310 1272 57
315 1377 57
327 997 57
338 637 57
349 790 57
350 379 57
370 379 57
376 717 57
388 880 57
391 679 57
395 813 57
399 1407 57
403 914 57
443 1065 57
447 684 57
459 671 57
463 486 57
482 591 57
484 1162 57
492 823 57
513 781 57
521 1095 57
558 723 57
559 1199 57
565 1072 57
577 1220 57
578 735 57
609 1394 57
610 997 57
614 825 57
620 1380 57
626 722 57
654 1017 57
656 760 57
662 767 57
669 765 57
702 927 57
712 802 57
765 1193 57
777 785 57
782 964 57
785 1464 57
795 1441 57
835 965 57
851 934 57
851 1455 57
889 1214 57
894 1302 57
937 1353 57
937 1165 57
950 1446 57
957 1300 57
1015 1431 57
1038 1321 57
1049 1349 57
1051 1292 57
1053 1232 57
1091 1156 57
1138 1255 57
1167 1412 57
1234 1424 57
1256 1314 57
1306 1347 57
1310 1404 57
1330 1413 57
1403 1430 57
1407 1434 57
4 1105 58
14 538 58
21 1374 58
27 493 58
59 667 58
63 711 58
63 1344 58
66 315 58
80 515 58
91 945 58
96 264 58
112 318 58
125 1026 58
131 1359 58
133 800 58
145 408 58
185 1100 58
218 815 58
219 927 58
228 1101 58
257 677 58
275 1199 58
292 735 58
301 803 58
324 802 58
331 974 58
334 573 58
335 1091 58
340 555 58
346 1464 58
351 1310 58
355 791 58
360 608 58
360 929 58
379 775 58
407 482 58
417 970 58
427 1319 58
439 1388 58
440 1245 58
440 470 58
461 1231 58
478 514 58
486 1389 58
495 1327 58
503 1186 58
520 651 58
553 1284 58
576 1427 58
614 1134 58
616 1308 58
636 1432 58
641 994 58
656 1258 58
657 1093 58
661 1427 58
666 1103 58
709 1001 58
714 1266 58
722 1168 58
738 1350 58
793 1416 58
798 802 58
829 1241 58
841 1160 58
854 1181 58
856 1377 58
888 1364 58
913 961 58
916 1025 58
932 1138 58
965 1175 58
967 1080 58
967 1303 58
987 1049 58
1000 1017 58
1002 1372 58
1042 1055 58
1055 1415 58
1063 1220 58
1065 1359 58
1085 1291 58
1102 1434 58
1102 1406 58
1110 1437 58
1154 1217 58
1178 1368 58
1199 1435 58
1200 1452 58
1390 1458 58
1401 1455 58
10 519 59
17 1306 59
20 285 59
33 643 59
35 532 59
57 326 59
101 855 59
108 826 59
113 965 59
120 1111 59
122 603 59
129 319 59
130 375 59
144 817 59
155 980 59
171 525 59
202 436 59
204 535 59
223 861 59
229 396 59
240 1090 59
253 549 59
302 546 59
308 1438 59
323 1405 59
341 748 59
351 492 59
380 527 59
395 682 59
413 451 59
425 1474 59
425 842 59
436 995 59
455 1209 59
475 708 59
482 891 59
485 1038 59
485 1132 59
488 643 59
514 1311 59
515 1084 59
558 1205 59
577 1414 59
625 1415 59
738 884 59
830 915 59
834 1220 59
835 1030 59
919 1137 59
927 1380 59
950 1214 59
1070 1250 59
1143 1262 59
1146 1284 59
1178 1182 59
1449 1465 59
62 1028 60
83 719 60
105 1043 60
117 816 60
117 580 60
156 1247 60
183 620 60
202 359 60
218 1058 60
222 469 60
230 363 60
238 850 60
290 937 60
344 1366 60
409 1172 60
419 1190 60
590 1464 60
601 1102 60
626 1225 60
682 918 60
705 807 60
726 1294 60
876 1302 60
1107 1252 60
