24 726 0
36 64 0
40 1107 0
57 302 0
58 216 0
64 1465 0
69 837 0
86 1343 0
116 631 0
125 1373 0
132 843 0
134 1436 0
135 719 0
143 427 0
154 846 0
156 779 0
157 560 0
165 1176 0
182 585 0
196 997 0
203 1289 0
222 1143 0
226 957 0
232 1390 0
250 855 0
258 862 0
259 992 0
266 472 0
270 1312 0
275 544 0
279 1013 0
303 825 0
304 401 0
332 1106 0
342 533 0
352 512 0
358 1044 0
361 466 0
382 1147 0
401 774 0
408 754 0
408 1082 0
449 734 0
449 1026 0
454 864 0
457 749 0
457 582 0
460 637 0
482 1325 0
492 1147 0
496 1374 0
501 1459 0
506 1028 0
514 1383 0
535 1285 0
572 1447 0
606 1374 0
606 1407 0
628 752 0
629 1426 0
643 652 0
647 1449 0
655 717 0
659 1383 0
668 1199 0
674 991 0
680 1003 0
703 1171 0
706 987 0
706 1404 0
711 1232 0
716 982 0
725 996 0
740 1424 0
776 806 0
799 953 0
811 834 0
812 1003 0
814 1097 0
815 1360 0
829 1175 0
831 1028 0
834 1341 0
861 871 0
872 879 0
921 1051 0
938 1278 0
961 1228 0
992 1037 0
1014 1225 0
1117 1458 0
1133 1479 0
1243 1247 0
0 1174 1
8 1069 1
8 487 1
11 755 1
12 754 1
14 694 1
27 1344 1
30 145 1
35 1255 1
65 1116 1
68 1215 1
74 1231 1
79 1273 1
88 1164 1
116 1261 1
120 142 1
126 476 1
126 564 1
141 1407 1
161 1318 1
172 897 1
193 562 1
195 1004 1
195 992 1
221 532 1
238 508 1
242 429 1
244 1393 1
250 371 1
276 909 1
301 361 1
308 394 1
338 1239 1
361 854 1
378 1019 1
380 650 1
388 1434 1
392 624 1
399 700 1
412 1111 1
453 783 1
472 767 1
480 674 1
507 707 1
507 907 1
508 807 1
519 1379 1
525 1360 1
549 686 1
591 805 1
621 624 1
641 945 1
643 1225 1
647 851 1
663 725 1
688 1296 1
692 957 1
718 733 1
719 736 1
740 874 1
756 1470 1
770 845 1
791 1332 1
826 1028 1
829 1285 1
852 1377 1
888 1256 1
892 1175 1
900 1368 1
933 1403 1
959 1382 1
983 1415 1
987 1056 1
1012 1043 1
1013 1081 1
1101 1460 1
1120 1343 1
1155 1221 1
1188 1194 1
1215 1294 1
1220 1305 1
1248 1437 1
1300 1382 1
1 472 2
9 1469 2
16 1119 2
16 1376 2
21 934 2
35 1063 2
40 273 2
44 1044 2
45 517 2
52 407 2
56 858 2
66 441 2
73 794 2
83 1253 2
92 1473 2
96 1199 2
107 820 2
115 1113 2
127 580 2
130 1365 2
159 672 2
160 776 2
179 865 2
180 686 2
221 857 2
222 1393 2
244 788 2
247 1396 2
258 702 2
258 706 2
261 1367 2
267 775 2
275 1181 2
277 437 2
290 798 2
294 339 2
301 380 2
331 875 2
332 1370 2
336 1124 2
338 581 2
373 1065 2
393 805 2
408 454 2
418 1310 2
422 462 2
439 1473 2
448 1012 2
452 1219 2
458 1265 2
475 746 2
489 1063 2
531 1026 2
540 649 2
541 1236 2
550 784 2
560 915 2
561 705 2
569 769 2
602 1012 2
611 1400 2
624 1119 2
638 973 2
647 832 2
649 869 2
674 968 2
676 1246 2
691 756 2
697 727 2
698 1090 2
718 1345 2
768 989 2
790 1330 2
792 1104 2
799 926 2
806 1378 2
818 925 2
820 1340 2
837 1043 2
844 999 2
845 1390 2
876 925 2
882 928 2
889 1322 2
918 1258 2
924 1310 2
965 1079 2
968 1436 2
983 1194 2
1031 1099 2
1048 1129 2
1137 1326 2
1156 1339 2
1246 1477 2
1254 1423 2
1288 1435 2
1424 1460 2
4 71 3
5 149 3
8 1432 3
15 65 3
19 1382 3
27 999 3
29 1235 3
49 795 3
68 832 3
89 246 3
90 642 3
96 265 3
101 903 3
138 690 3
157 340 3
162 1236 3
162 680 3
205 371 3
220 1368 3
220 1071 3
229 914 3
229 917 3
236 1028 3
238 1198 3
251 880 3
276 647 3
279 648 3
293 762 3
297 1220 3
299 1152 3
326 631 3
351 484 3
361 969 3
364 811 3
375 1020 3
377 917 3
383 1351 3
394 1427 3
395 1404 3
426 1067 3
429 989 3
444 1304 3
444 1253 3
450 585 3
502 814 3
521 1040 3
575 1418 3
609 1359 3
638 745 3
639 740 3
647 1368 3
654 850 3
660 805 3
662 789 3
680 892 3
693 1210 3
701 1292 3
730 821 3
738 1084 3
746 1215 3
756 829 3
773 977 3
779 1073 3
813 1188 3
832 1353 3
845 887 3
872 1333 3
897 1471 3
908 1346 3
922 1118 3
931 1378 3
968 1020 3
985 1358 3
996 1348 3
1000 1022 3
1037 1326 3
1043 1206 3
1070 1415 3
1088 1354 3
1102 1323 3
1135 1332 3
1154 1460 3
1165 1365 3
1188 1332 3
1313 1437 3
14 678 4
19 1163 4
23 763 4
28 693 4
38 1344 4
39 550 4
49 266 4
50 1035 4
59 1318 4
81 475 4
86 104 4
86 195 4
93 875 4
101 366 4
111 163 4
114 198 4
118 1329 4
120 164 4
121 908 4
139 348 4
149 920 4
156 487 4
173 793 4
177 677 4
214 1435 4
217 1323 4
224 310 4
228 853 4
257 273 4
267 1078 4
273 410 4
274 917 4
281 703 4
282 1117 4
291 829 4
303 403 4
309 634 4
340 1391 4
357 1150 4
361 750 4
363 1353 4
367 1127 4
387 508 4
391 1286 4
399 1332 4
462 1019 4
474 1342 4
476 948 4
498 667 4
505 519 4
525 1247 4
534 1400 4
535 1317 4
555 1028 4
558 1060 4
571 685 4
586 747 4
595 719 4
595 858 4
598 880 4
598 736 4
605 1045 4
652 734 4
661 1318 4
671 1140 4
678 874 4
703 1237 4
728 816 4
760 1389 4
786 878 4
789 1425 4
809 1289 4
810 1155 4
811 1401 4
831 895 4
855 1320 4
857 1058 4
869 948 4
871 1052 4
899 1279 4
903 1301 4
921 1198 4
963 1232 4
966 1021 4
1150 1230 4
1162 1399 4
1167 1367 4
1215 1367 4
1224 1348 4
1253 1348 4
1368 1451 4
41 1390 5
57 1107 5
79 192 5
90 389 5
146 382 5
151 1400 5
213 1120 5
214 462 5
222 1340 5
267 1131 5
284 397 5
291 651 5
293 956 5
307 1405 5
314 1394 5
316 895 5
332 1428 5
338 1219 5
377 526 5
385 810 5
387 1336 5
398 1309 5
406 931 5
411 452 5
447 648 5
478 1276 5
480 731 5
488 895 5
496 1419 5
553 1185 5
601 1384 5
618 1057 5
623 1439 5
627 845 5
635 1278 5
636 1075 5
669 830 5
706 898 5
716 907 5
797 1446 5
799 897 5
836 873 5
844 1035 5
852 1310 5
920 1119 5
942 979 5
943 1361 5
989 1159 5
1000 1162 5
1007 1110 5
1395 1398 5
1 762 6
99 341 6
133 485 6
142 1308 6
169 996 6
218 346 6
250 1132 6
286 392 6
288 812 6
298 444 6
316 1387 6
392 1398 6
453 573 6
492 823 6
500 967 6
501 884 6
606 706 6
685 1364 6
701 786 6
734 1257 6
847 1062 6
899 1225 6
910 1101 6
911 1295 6
913 1441 6
921 1154 6
1088 1211 6
1133 1308 6
1360 1369 6
1 507 7
20 1052 7
42 1414 7
43 1192 7
74 748 7
97 1303 7
256 782 7
298 332 7
304 907 7
336 705 7
338 1311 7
374 517 7
391 1119 7
419 521 7
423 602 7
434 983 7
439 978 7
444 1355 7
473 939 7
501 1275 7
550 1288 7
562 1224 7
563 1127 7
585 854 7
601 1356 7
813 1331 7
856 1425 7
993 1431 7
1027 1063 7
1056 1260 7
1066 1376 7
1237 1343 7
22 979 8
24 353 8
42 846 8
66 377 8
98 1026 8
99 1375 8
104 855 8
135 619 8
158 180 8
201 427 8
305 448 8
309 548 8
309 691 8
358 1153 8
364 720 8
364 667 8
366 844 8
368 757 8
375 1125 8
386 461 8
409 1171 8
411 447 8
439 1199 8
462 1185 8
489 953 8
497 581 8
512 1097 8
531 918 8
548 912 8
640 1254 8
650 1074 8
667 1074 8
685 1477 8
780 1349 8
857 1403 8
920 1432 8
926 1168 8
968 1026 8
1026 1320 8
1090 1236 8
1091 1142 8
1128 1436 8
1218 1294 8
1229 1470 8
1242 1448 8
1315 1397 8
2 737 9
12 595 9
26 1442 9
27 652 9
29 524 9
35 995 9
45 840 9
46 1244 9
47 953 9
55 243 9
57 1164 9
58 668 9
59 819 9
59 78 9
65 623 9
66 1220 9
76 1115 9
82 292 9
86 785 9
88 692 9
94 1373 9
97 1319 9
104 582 9
109 995 9
126 1383 9
126 1146 9
132 992 9
134 1284 9
143 1322 9
148 564 9
149 576 9
149 704 9
152 1028 9
153 361 9
164 1211 9
166 961 9
171 1392 9
173 907 9
178 1364 9
179 697 9
187 372 9
190 758 9
194 1201 9
209 1343 9
211 547 9
225 1229 9
231 1184 9
232 1180 9
240 1234 9
241 936 9
252 1394 9
257 677 9
261 1223 9
274 791 9
280 299 9
287 1392 9
293 440 9
297 464 9
298 1274 9
304 1119 9
309 716 9
313 1185 9
318 1392 9
319 379 9
328 357 9
334 1258 9
343 974 9
352 1439 9
367 896 9
378 951 9
384 1288 9
384 672 9
387 1458 9
396 848 9
398 869 9
402 781 9
402 1178 9
408 722 9
410 699 9
416 467 9
420 1324 9
431 1195 9
432 669 9
434 490 9
441 659 9
441 464 9
444 1060 9
447 1015 9
449 957 9
455 1134 9
456 627 9
457 1261 9
463 621 9
467 533 9
471 886 9
474 1333 9
476 1248 9
482 603 9
482 638 9
488 785 9
495 551 9
504 819 9
519 1221 9
525 921 9
531 1342 9
538 959 9
546 1427 9
562 717 9
567 1243 9
568 846 9
583 900 9
603 716 9
608 916 9
618 1140 9
620 1001 9
632 1214 9
633 859 9
634 888 9
641 1075 9
646 711 9
670 684 9
678 964 9
692 781 9
694 955 9
697 1265 9
698 778 9
702 1402 9
724 1222 9
730 1060 9
748 1406 9
756 853 9
760 804 9
774 1379 9
789 1451 9
798 969 9
807 1249 9
820 924 9
840 1112 9
842 1046 9
846 1465 9
853 1181 9
859 1198 9
860 869 9
861 1116 9
873 1351 9
874 1151 9
881 1389 9
885 1407 9
895 1356 9
930 1090 9
940 941 9
941 1421 9
951 1029 9
965 1255 9
966 1268 9
975 1162 9
993 1372 9
996 1254 9
998 1459 9
1016 1123 9
1028 1404 9
1036 1351 9
1046 1191 9
1061 1157 9
1072 1094 9
1078 1384 9
1080 1142 9
1083 1459 9
1089 1449 9
1104 1129 9
1117 1423 9
1119 1220 9
1147 1308 9
1169 1283 9
1170 1348 9
1178 1398 9
1179 1310 9
1193 1428 9
1198 1207 9
1212 1268 9
1247 1408 9
1273 1394 9
1300 1358 9
1302 1349 9
1375 1397 9
1392 1400 9
1422 1459 9
23 844 10
31 851 10
32 262 10
35 618 10
36 340 10
37 1140 10
58 1110 10
62 1460 10
92 1140 10
100 776 10
129 267 10
132 159 10
134 863 10
134 603 10
149 885 10
163 1251 10
165 716 10
167 231 10
173 781 10
182 1478 10
188 541 10
195 712 10
219 1217 10
220 751 10
221 1370 10
230 1436 10
244 533 10
245 513 10
257 974 10
260 1398 10
274 1104 10
322 1402 10
323 1214 10
328 1065 10
330 897 10
343 891 10
348 559 10
397 752 10
405 797 10
413 814 10
470 774 10
475 596 10
479 1388 10
481 976 10
490 1479 10
494 499 10
520 864 10
523 561 10
533 1426 10
533 1229 10
545 1215 10
546 945 10
549 855 10
550 1163 10
551 1275 10
561 1055 10
601 637 10
603 981 10
620 1476 10
626 977 10
657 1468 10
664 1129 10
687 1248 10
768 867 10
781 1061 10
792 1300 10
933 1135 10
941 1112 10
952 1474 10
961 1337 10
1174 1462 10
1181 1216 10
1215 1474 10
1255 1453 10
1386 1419 10
0 591 11
2 1123 11
18 1233 11
18 762 11
34 493 11
41 294 11
42 925 11
42 1372 11
45 1172 11
49 1425 11
52 1294 11
53 1157 11
54 1165 11
56 911 11
69 242 11
70 506 11
72 1322 11
86 230 11
87 326 11
88 456 11
101 1057 11
105 627 11
112 523 11
116 119 11
120 1266 11
123 1347 11
136 290 11
140 416 11
141 190 11
148 789 11
157 1132 11
161 1464 11
162 880 11
166 1337 11
169 755 11
171 196 11
175 1340 11
182 702 11
194 937 11
209 577 11
212 229 11
223 914 11
225 623 11
234 800 11
243 380 11
249 1250 11
249 690 11
251 724 11
258 810 11
259 595 11
262 947 11
262 961 11
271 698 11
275 793 11
285 1371 11
293 574 11
297 1279 11
305 547 11
319 703 11
326 1202 11
326 623 11
326 561 11
329 357 11
330 777 11
332 602 11
342 724 11
344 979 11
350 1178 11
363 691 11
367 1439 11
367 967 11
384 1101 11
388 458 11
391 1075 11
393 958 11
394 463 11
397 618 11
398 1191 11
403 634 11
404 1415 11
408 562 11
417 789 11
419 1186 11
426 796 11
452 990 11
453 550 11
455 717 11
456 1011 11
459 1017 11
462 1427 11
462 739 11
472 1316 11
475 1304 11
492 898 11
498 849 11
500 593 11
504 595 11
508 906 11
511 933 11
516 1094 11
530 1327 11
535 736 11
537 1132 11
539 827 11
540 1253 11
542 670 11
548 1313 11
549 638 11
559 572 11
574 662 11
592 622 11
593 756 11
600 708 11
607 923 11
617 699 11
620 1474 11
638 1256 11
639 962 11
646 747 11
649 1429 11
658 849 11
668 1189 11
668 839 11
677 899 11
681 1265 11
691 1247 11
695 815 11
697 1065 11
700 1128 11
724 1457 11
733 1230 11
736 1233 11
737 965 11
742 985 11
743 1333 11
750 1185 11
760 927 11
763 1296 11
772 785 11
781 891 11
781 1256 11
789 1200 11
802 1318 11
809 1165 11
815 1079 11
828 1419 11
829 929 11
836 1462 11
839 1002 11
843 1457 11
847 1474 11
867 1196 11
876 1290 11
898 991 11
899 978 11
912 1421 11
915 1334 11
939 1452 11
948 1389 11
973 1384 11
1020 1158 11
1023 1031 11
1029 1410 11
1033 1479 11
1046 1070 11
1064 1150 11
1099 1194 11
1111 1456 11
1122 1369 11
1124 1362 11
1135 1147 11
1135 1299 11
1140 1355 11
1150 1467 11
1162 1418 11
1191 1410 11
1238 1279 11
1306 1355 11
1322 1477 11
1339 1475 11
1363 1472 11
1391 1407 11
1445 1472 11
1453 1473 11
3 23 12
5 1374 12
13 889 12
36 948 12
38 1135 12
45 1303 12
53 160 12
63 692 12
69 1101 12
75 773 12
83 802 12
90 304 12
93 125 12
97 884 12
100 843 12
117 1357 12
130 960 12
154 910 12
188 1051 12
216 955 12
233 362 12
234 600 12
256 1384 12
258 1347 12
268 791 12
286 1299 12
291 1360 12
292 603 12
298 724 12
306 365 12
307 330 12
309 1395 12
315 891 12
318 1414 12
319 388 12
328 509 12
330 1135 12
346 1242 12
348 357 12
349 575 12
355 478 12
356 1127 12
366 1084 12
396 1101 12
396 831 12
401 1420 12
403 1213 12
421 1206 12
447 597 12
450 1360 12
461 798 12
472 1012 12
479 1121 12
483 1199 12
483 1388 12
496 926 12
501 633 12
514 631 12
520 1313 12
556 575 12
562 698 12
566 788 12
589 1216 12
604 1155 12
606 1059 12
640 1224 12
640 924 12
643 967 12
650 1187 12
653 1417 12
659 1135 12
664 1081 12
675 844 12
687 1476 12
688 1421 12
713 1396 12
723 1344 12
797 1083 12
813 1034 12
818 1090 12
830 1093 12
846 1105 12
854 1427 12
866 1155 12
898 956 12
902 1342 12
904 1281 12
915 932 12
973 1136 12
1021 1163 12
1028 1381 12
1030 1235 12
1039 1234 12
1082 1210 12
1086 1316 12
1087 1280 12
1111 1445 12
1123 1439 12
1128 1225 12
1143 1301 12
1184 1387 12
1194 1381 12
1213 1450 12
1312 1399 12
1320 1469 12
1321 1437 12
1365 1382 12
1458 1471 12
40 1163 13
66 1008 13
94 863 13
98 1432 13
107 1338 13
113 906 13
122 1270 13
130 1369 13
138 590 13
150 950 13
163 1315 13
169 1394 13
175 727 13
214 1457 13
276 525 13
280 477 13
303 346 13
349 1109 13
391 1065 13
449 1298 13
460 1118 13
489 1467 13
577 782 13
680 1072 13
685 1293 13
707 1350 13
948 1024 13
960 1009 13
971 1275 13
1 1136 14
9 491 14
14 382 14
22 242 14
24 1174 14
36 1345 14
38 130 14
40 319 14
42 1332 14
55 765 14
55 1111 14
57 930 14
60 693 14
62 236 14
62 615 14
65 740 14
75 817 14
80 244 14
81 723 14
83 118 14
85 1431 14
95 723 14
97 291 14
97 980 14
99 192 14
102 692 14
104 940 14
106 433 14
120 1123 14
122 333 14
134 284 14
139 633 14
149 760 14
152 1353 14
156 318 14
158 650 14
160 1158 14
161 261 14
167 940 14
172 1249 14
178 237 14
180 1175 14
189 1356 14
190 1395 14
192 1302 14
197 319 14
199 1443 14
203 631 14
204 981 14
208 1120 14
209 274 14
225 1003 14
227 643 14
229 1308 14
241 692 14
248 579 14
249 257 14
259 786 14
259 1055 14
261 971 14
264 496 14
264 942 14
267 576 14
274 615 14
279 675 14
282 1228 14
285 521 14
285 1126 14
294 1067 14
294 475 14
299 454 14
301 1195 14
302 961 14
304 1157 14
307 813 14
307 463 14
314 903 14
316 1402 14
320 516 14
323 880 14
330 636 14
331 1469 14
334 1437 14
348 1351 14
356 1343 14
357 1007 14
376 1380 14
377 837 14
381 1009 14
391 1367 14
399 1227 14
407 1336 14
419 987 14
420 940 14
420 1205 14
424 1164 14
439 1143 14
451 1011 14
452 1301 14
456 1139 14
457 867 14
458 1376 14
468 1003 14
470 1428 14
473 572 14
473 1326 14
474 1145 14
477 887 14
495 811 14
495 1205 14
505 536 14
508 911 14
517 899 14
521 671 14
521 789 14
524 1001 14
528 1042 14
530 768 14
533 1160 14
552 629 14
558 1179 14
559 643 14
565 838 14
568 901 14
569 1395 14
572 1088 14
576 1116 14
588 1063 14
590 843 14
590 1144 14
591 1378 14
599 1366 14
605 1465 14
618 1406 14
629 1033 14
631 701 14
632 1328 14
638 786 14
645 985 14
656 1070 14
667 995 14
669 787 14
684 774 14
702 1043 14
703 1057 14
706 749 14
708 785 14
710 1230 14
720 917 14
726 803 14
732 938 14
746 1218 14
752 891 14
770 1345 14
791 987 14
791 880 14
792 892 14
795 1195 14
799 1214 14
804 833 14
806 1398 14
818 940 14
833 1154 14
836 1084 14
841 1156 14
868 1291 14
872 1284 14
875 1194 14
877 1221 14
879 1166 14
888 927 14
905 1463 14
910 1120 14
921 1204 14
937 1006 14
940 1166 14
949 1222 14
982 1424 14
995 1350 14
999 1386 14
1003 1420 14
1046 1259 14
1053 1331 14
1098 1269 14
1120 1437 14
1135 1360 14
1140 1459 14
1150 1419 14
1178 1223 14
1226 1457 14
1226 1408 14
1287 1308 14
1303 1442 14
7 776 15
17 153 15
22 1117 15
41 1191 15
43 691 15
45 362 15
57 1048 15
59 541 15
62 497 15
66 634 15
67 723 15
69 634 15
75 645 15
76 973 15
78 570 15
92 915 15
92 1060 15
94 790 15
104 866 15
111 1222 15
113 1263 15
117 550 15
120 1236 15
121 1199 15
138 444 15
144 1197 15
152 932 15
152 353 15
165 1195 15
169 1355 15
191 1258 15
193 1361 15
196 754 15
225 931 15
231 491 15
233 347 15
247 1121 15
252 1079 15
277 830 15
278 1225 15
281 981 15
298 941 15
313 961 15
316 1167 15
321 713 15
361 788 15
367 716 15
380 1157 15
382 1170 15
384 1242 15
386 710 15
392 949 15
397 887 15
412 930 15
413 733 15
414 499 15
428 1161 15
430 840 15
440 1140 15
440 1165 15
461 678 15
490 592 15
493 990 15
502 907 15
523 890 15
585 599 15
592 1380 15
603 1453 15
605 1112 15
607 881 15
611 1197 15
636 1224 15
645 1080 15
646 872 15
657 924 15
680 743 15
690 978 15
693 1428 15
699 1043 15
782 1427 15
789 878 15
802 909 15
818 1116 15
834 923 15
835 895 15
850 1096 15
887 1082 15
897 1032 15
921 1432 15
921 1425 15
927 1197 15
946 1405 15
948 1382 15
959 1119 15
960 1170 15
986 1211 15
1007 1370 15
1063 1399 15
1099 1417 15
1151 1205 15
1154 1288 15
1184 1403 15
1218 1304 15
1234 1274 15
1242 1424 15
1378 1429 15
20 259 16
25 305 16
25 1427 16
27 269 16
54 660 16
58 869 16
74 1463 16
75 556 16
76 118 16
86 1431 16
94 1190 16
119 1262 16
128 540 16
140 1080 16
141 250 16
165 1053 16
168 1109 16
175 615 16
177 1403 16
217 1192 16
231 1077 16
243 1009 16
258 500 16
272 1012 16
277 867 16
279 658 16
281 364 16
283 338 16
310 807 16
324 743 16
324 783 16
360 700 16
401 684 16
471 900 16
479 755 16
491 1235 16
530 1013 16
564 1174 16
573 1340 16
607 1021 16
618 1318 16
623 961 16
630 894 16
633 949 16
659 707 16
677 754 16
721 801 16
735 1095 16
755 770 16
804 1189 16
805 1452 16
813 948 16
829 905 16
861 1339 16
924 1228 16
948 1021 16
962 1436 16
1053 1231 16
1092 1095 16
1112 1473 16
1237 1433 16
1243 1428 16
1351 1412 16
1393 1471 16
5 1171 17
5 984 17
14 258 17
24 689 17
24 604 17
31 986 17
41 269 17
46 1045 17
56 541 17
72 233 17
95 1382 17
115 1326 17
143 1404 17
158 922 17
168 1209 17
174 281 17
181 1111 17
190 502 17
220 899 17
227 1003 17
231 1175 17
239 888 17
294 1180 17
298 404 17
306 1060 17
306 540 17
307 690 17
321 467 17
324 1431 17
339 1169 17
388 552 17
395 1029 17
408 893 17
409 610 17
409 1039 17
418 691 17
435 705 17
441 777 17
446 563 17
451 484 17
463 709 17
484 938 17
488 1357 17
559 855 17
591 706 17
660 837 17
671 832 17
683 1421 17
684 817 17
697 1335 17
734 750 17
756 950 17
759 1038 17
846 1083 17
902 912 17
952 1059 17
952 1263 17
964 1273 17
974 1172 17
1038 1141 17
1091 1110 17
1094 1300 17
1176 1337 17
1250 1349 17
1292 1410 17
1310 1460 17
1451 1465 17
2 493 18
23 1020 18
28 859 18
30 1371 18
32 732 18
34 52 18
72 438 18
107 392 18
122 1231 18
127 479 18
141 1001 18
142 634 18
142 362 18
143 479 18
157 409 18
175 1020 18
187 1349 18
196 493 18
202 402 18
229 369 18
243 506 18
261 740 18
275 1094 18
424 551 18
431 700 18
435 1477 18
460 1388 18
488 1223 18
508 877 18
520 1118 18
525 1169 18
567 1391 18
571 827 18
594 633 18
609 865 18
613 1278 18
614 1023 18
675 1117 18
692 1406 18
714 1405 18
749 1250 18
766 1273 18
793 1283 18
801 1412 18
803 876 18
826 837 18
858 1196 18
957 1313 18
1173 1371 18
1202 1311 18
1207 1235 18
1248 1408 18
1 376 19
14 1089 19
15 1397 19
20 734 19
28 669 19
32 322 19
34 467 19
38 203 19
41 1382 19
47 495 19
51 279 19
56 128 19
62 478 19
72 939 19
72 1327 19
73 1111 19
74 92 19
75 1171 19
80 1046 19
84 668 19
85 192 19
89 1015 19
98 1371 19
100 773 19
104 291 19
109 1240 19
118 307 19
149 1022 19
150 245 19
156 764 19
169 551 19
172 1023 19
173 1072 19
187 707 19
190 1291 19
191 395 19
194 374 19
196 1319 19
198 815 19
200 1406 19
205 255 19
209 311 19
216 1092 19
223 1077 19
233 937 19
239 384 19
240 746 19
245 789 19
247 566 19
250 1364 19
279 1074 19
302 700 19
304 1179 19
313 1318 19
325 1389 19
345 1038 19
351 691 19
361 465 19
364 747 19
369 1246 19
374 563 19
382 856 19
390 1141 19
400 542 19
401 1149 19
403 874 19
404 1017 19
410 1247 19
415 708 19
433 979 19
435 755 19
439 743 19
444 479 19
460 1405 19
476 1289 19
482 1062 19
482 1189 19
485 764 19
493 847 19
498 991 19
510 1056 19
512 1061 19
522 1326 19
543 630 19
553 847 19
561 1170 19
564 1115 19
565 1111 19
565 804 19
576 1476 19
593 1045 19
608 643 19
615 884 19
625 1052 19
634 1308 19
653 707 19
656 883 19
668 1119 19
668 1295 19
668 735 19
673 724 19
676 716 19
678 910 19
691 1149 19
695 1468 19
718 1015 19
733 1358 19
741 866 19
742 995 19
773 1381 19
794 1031 19
806 1451 19
814 1062 19
824 1186 19
829 1322 19
833 1030 19
849 1028 19
853 1056 19
930 955 19
932 998 19
956 1175 19
958 1086 19
971 1424 19
975 1299 19
982 1291 19
1021 1198 19
1027 1468 19
1045 1335 19
1063 1242 19
1067 1183 19
1093 1395 19
1101 1147 19
1128 1285 19
1132 1476 19
1137 1157 19
1141 1452 19
1147 1202 19
1254 1408 19
1276 1413 19
1305 1331 19
0 964 20
1 651 20
6 347 20
6 297 20
11 1244 20
21 293 20
21 279 20
22 688 20
27 330 20
31 150 20
33 907 20
36 132 20
40 1340 20
42 1115 20
44 685 20
47 297 20
55 1374 20
59 1069 20
64 635 20
72 1012 20
73 1286 20
76 861 20
77 1167 20
79 386 20
82 416 20
83 591 20
84 900 20
92 1459 20
104 672 20
106 505 20
109 553 20
120 260 20
127 1265 20
142 208 20
145 646 20
148 439 20
166 807 20
171 345 20
175 1078 20
181 477 20
191 730 20
195 914 20
202 439 20
213 841 20
213 914 20
216 579 20
230 667 20
230 678 20
248 707 20
256 1417 20
282 805 20
285 624 20
297 1266 20
302 1422 20
308 1021 20
311 1137 20
334 1026 20
342 431 20
352 671 20
356 1124 20
369 1458 20
371 828 20
373 1030 20
376 1146 20
391 1164 20
396 1091 20
401 1296 20
429 707 20
434 550 20
436 673 20
437 890 20
453 1420 20
455 855 20
458 1364 20
461 736 20
466 1434 20
479 680 20
479 945 20
498 563 20
513 585 20
517 1095 20
544 818 20
550 1253 20
550 1026 20
559 1005 20
563 955 20
568 936 20
575 1362 20
576 593 20
578 1008 20
589 1236 20
606 743 20
614 1083 20
622 1349 20
629 988 20
667 893 20
669 1093 20
671 675 20
675 1021 20
682 915 20
684 893 20
686 1320 20
687 900 20
699 1380 20
713 1278 20
725 1153 20
730 1119 20
730 1032 20
743 1198 20
756 1314 20
758 1414 20
791 1282 20
797 1321 20
803 1187 20
835 1038 20
840 1331 20
856 1367 20
860 1172 20
889 1408 20
893 1405 20
913 1318 20
914 1122 20
924 1365 20
973 980 20
982 1201 20
1012 1243 20
1015 1124 20
1084 1252 20
1183 1330 20
1188 1206 20
1206 1369 20
1218 1457 20
1275 1404 20
1286 1455 20
1317 1476 20
2 403 21
8 702 21
13 164 21
14 335 21
15 639 21
20 80 21
25 804 21
31 366 21
40 1349 21
40 615 21
43 1114 21
51 164 21
61 692 21
61 1400 21
61 1159 21
72 802 21
79 1432 21
81 367 21
89 698 21
92 315 21
96 1286 21
97 746 21
100 908 21
104 1401 21
118 1293 21
122 138 21
128 500 21
131 382 21
142 790 21
145 729 21
151 1106 21
153 787 21
163 1139 21
173 654 21
186 362 21
195 937 21
196 1306 21
197 848 21
199 1393 21
205 1050 21
205 1076 21
209 215 21
212 966 21
214 497 21
221 630 21
228 1208 21
230 672 21
230 1030 21
238 642 21
246 509 21
249 561 21
254 329 21
264 423 21
268 1048 21
275 682 21
290 511 21
296 1459 21
299 826 21
299 404 21
302 515 21
303 344 21
314 1184 21
318 631 21
319 1253 21
325 740 21
327 768 21
329 602 21
330 1192 21
332 603 21
343 930 21
344 872 21
352 1206 21
353 384 21
360 1228 21
361 1044 21
362 793 21
365 440 21
374 441 21
382 1158 21
385 727 21
389 739 21
391 1186 21
393 616 21
396 1091 21
403 755 21
404 1211 21
404 1427 21
414 755 21
414 1020 21
419 783 21
420 643 21
421 739 21
423 905 21
429 1025 21
430 1030 21
439 985 21
455 1345 21
460 871 21
467 495 21
474 765 21
475 1141 21
484 705 21
486 1261 21
490 1131 21
493 619 21
497 1211 21
513 557 21
514 515 21
520 1151 21
537 714 21
541 1203 21
549 670 21
573 872 21
575 684 21
576 711 21
580 810 21
591 1128 21
595 974 21
599 841 21
616 1170 21
629 1396 21
632 1053 21
634 704 21
640 1460 21
642 895 21
643 1402 21
644 728 21
644 1022 21
645 858 21
655 1335 21
661 1098 21
674 1345 21
676 894 21
680 1199 21
705 1110 21
711 1123 21
712 985 21
717 916 21
722 917 21
723 1047 21
730 1006 21
734 1298 21
743 1351 21
746 1232 21
757 1412 21
771 838 21
789 895 21
800 1309 21
804 1166 21
806 1185 21
813 1177 21
818 1249 21
819 1288 21
831 922 21
838 1163 21
874 989 21
892 1143 21
901 1304 21
988 1144 21
999 1181 21
1010 1308 21
1048 1311 21
1059 1153 21
1067 1305 21
1087 1286 21
1090 1315 21
1107 1331 21
1141 1148 21
1151 1355 21
1179 1475 21
1205 1330 21
1247 1319 21
1266 1381 21
1289 1418 21
1291 1423 21
1325 1395 21
1335 1351 21
1342 1346 21
1348 1435 21
1366 1457 21
1378 1407 21
1401 1430 21
2 766 22
9 575 22
11 258 22
11 1346 22
20 705 22
31 528 22
32 842 22
40 1228 22
46 141 22
49 624 22
49 549 22
50 1249 22
50 1305 22
57 961 22
75 1370 22
78 353 22
83 1291 22
87 859 22
89 1083 22
90 1248 22
108 1250 22
111 1155 22
119 1064 22
136 453 22
149 1284 22
151 1429 22
154 711 22
161 914 22
165 468 22
168 922 22
170 1095 22
172 1380 22
173 1292 22
173 1062 22
175 957 22
178 1437 22
179 459 22
179 271 22
185 943 22
187 849 22
195 1336 22
209 1022 22
230 1146 22
244 1143 22
247 826 22
254 870 22
256 1364 22
256 346 22
260 486 22
275 954 22
284 1060 22
288 664 22
289 723 22
290 942 22
291 1450 22
294 1343 22
295 781 22
297 1032 22
298 381 22
298 944 22
310 1137 22
334 711 22
340 1018 22
340 988 22
345 872 22
345 819 22
350 1071 22
365 1466 22
387 1216 22
392 1365 22
404 1094 22
408 1269 22
413 1069 22
424 1162 22
425 888 22
425 661 22
436 912 22
457 536 22
463 1327 22
486 1453 22
495 1051 22
497 976 22
499 1314 22
502 1237 22
515 530 22
522 549 22
529 618 22
547 1037 22
554 1359 22
560 754 22
566 1254 22
571 951 22
578 654 22
581 1146 22
587 630 22
592 998 22
605 1410 22
606 938 22
621 822 22
626 846 22
627 1441 22
634 867 22
638 1050 22
651 798 22
671 1335 22
683 1156 22
703 1260 22
709 963 22
718 1007 22
719 1131 22
720 1293 22
725 1089 22
732 1127 22
733 1348 22
760 1418 22
763 1472 22
777 1057 22
792 1044 22
798 1202 22
813 1368 22
815 1281 22
816 1070 22
821 1333 22
845 1280 22
853 1412 22
856 901 22
856 1040 22
859 917 22
880 966 22
881 1117 22
900 1371 22
921 1466 22
938 1303 22
942 1436 22
952 1190 22
980 1441 22
993 1405 22
1007 1385 22
1049 1435 22
1054 1348 22
1064 1392 22
1066 1112 22
1080 1479 22
1083 1233 22
1109 1238 22
1110 1257 22
1159 1312 22
1223 1226 22
1232 1478 22
1236 1448 22
1239 1390 22
1281 1369 22
1293 1327 22
1299 1464 22
1318 1366 22
1318 1410 22
1408 1411 22
1410 1411 22
2 487 23
18 378 23
26 1182 23
34 541 23
38 173 23
44 70 23
49 1007 23
54 58 23
59 183 23
69 499 23
70 771 23
72 1057 23
75 1337 23
90 1341 23
93 619 23
94 334 23
102 847 23
102 801 23
104 863 23
108 1416 23
139 831 23
140 174 23
141 947 23
143 591 23
146 532 23
148 989 23
150 702 23
151 832 23
171 1326 23
186 619 23
188 819 23
191 1413 23
197 941 23
202 1011 23
210 397 23
210 1312 23
214 1025 23
215 1217 23
235 1095 23
239 530 23
244 1013 23
247 390 23
248 382 23
264 851 23
267 782 23
272 1240 23
272 853 23
276 1475 23
291 1068 23
315 1058 23
341 599 23
343 968 23
371 1229 23
376 624 23
381 1126 23
385 1253 23
394 958 23
400 1364 23
421 675 23
429 612 23
429 1004 23
443 1287 23
446 964 23
462 1423 23
469 472 23
472 1460 23
477 1266 23
479 1383 23
489 1277 23
494 967 23
495 756 23
496 657 23
515 1361 23
517 866 23
517 586 23
525 1167 23
543 861 23
558 779 23
567 775 23
568 1444 23
585 905 23
597 836 23
617 694 23
617 1368 23
628 1384 23
630 1105 23
638 1241 23
642 851 23
653 1272 23
668 1411 23
677 1332 23
679 1180 23
694 974 23
697 1173 23
698 745 23
732 1247 23
735 1189 23
736 1210 23
751 1363 23
787 1047 23
799 1227 23
801 994 23
829 854 23
850 1189 23
876 891 23
878 1370 23
879 1305 23
927 1190 23
958 1427 23
959 1238 23
991 1467 23
991 1100 23
996 1094 23
1035 1126 23
1045 1093 23
1046 1302 23
1052 1227 23
1063 1106 23
1091 1148 23
1094 1165 23
1096 1412 23
1104 1110 23
1189 1271 23
1201 1439 23
1202 1256 23
1287 1446 23
1316 1444 23
1349 1445 23
1359 1424 23
1450 1452 23
54 279 24
80 1441 24
93 1091 24
128 442 24
170 275 24
222 1007 24
222 1318 24
266 1357 24
299 1443 24
324 836 24
362 725 24
382 851 24
403 709 24
411 1158 24
415 1104 24
427 986 24
430 1477 24
450 1385 24
470 932 24
478 873 24
481 999 24
500 1091 24
502 805 24
503 536 24
513 715 24
524 1453 24
545 808 24
549 1093 24
602 765 24
621 970 24
720 1227 24
729 915 24
749 1473 24
756 1256 24
803 1453 24
844 1103 24
845 981 24
862 971 24
876 889 24
889 1136 24
902 1095 24
1102 1290 24
1133 1409 24
1167 1471 24
1187 1294 24
1282 1381 24
10 377 25
26 991 25
47 199 25
60 288 25
61 429 25
61 821 25
71 960 25
77 338 25
105 646 25
112 737 25
125 935 25
134 718 25
135 460 25
154 584 25
176 383 25
185 408 25
197 997 25
204 804 25
204 391 25
205 802 25
213 1369 25
231 245 25
238 1443 25
241 935 25
265 1360 25
272 683 25
278 795 25
282 1107 25
284 401 25
286 664 25
288 322 25
288 943 25
290 464 25
295 668 25
299 419 25
306 407 25
317 995 25
335 1354 25
346 483 25
359 388 25
374 1401 25
379 1147 25
386 713 25
429 1028 25
446 791 25
464 934 25
470 1374 25
472 687 25
482 1196 25
494 1431 25
494 1473 25
496 665 25
498 1197 25
502 1114 25
508 879 25
532 691 25
542 574 25
557 675 25
559 1024 25
576 614 25
578 1258 25
583 588 25
615 1123 25
619 817 25
641 1172 25
669 863 25
699 743 25
716 1087 25
716 1404 25
726 1167 25
734 1261 25
746 1296 25
761 1174 25
766 810 25
768 1450 25
848 857 25
883 1431 25
894 932 25
934 1283 25
941 1014 25
1027 1086 25
1039 1139 25
1040 1084 25
1042 1431 25
1055 1273 25
1063 1128 25
1063 1459 25
1097 1286 25
1199 1251 25
1211 1333 25
1236 1402 25
8 476 26
9 994 26
17 1413 26
36 685 26
38 501 26
38 191 26
41 144 26
46 278 26
61 1400 26
66 1150 26
76 591 26
77 643 26
83 996 26
93 798 26
98 1027 26
102 1373 26
109 190 26
118 402 26
123 973 26
131 539 26
145 497 26
154 639 26
187 1075 26
190 248 26
208 354 26
223 965 26
236 1293 26
260 404 26
262 1391 26
275 936 26
285 339 26
287 1049 26
289 977 26
305 1158 26
307 715 26
323 830 26
351 520 26
370 1345 26
381 1202 26
412 751 26
413 1032 26
449 756 26
452 1154 26
460 584 26
474 1158 26
490 618 26
494 1267 26
498 1161 26
521 553 26
530 1084 26
535 625 26
540 1463 26
554 1362 26
574 1043 26
582 897 26
617 1049 26
618 1231 26
629 916 26
666 932 26
681 867 26
690 813 26
732 1039 26
789 929 26
817 1256 26
847 1410 26
847 1329 26
860 897 26
874 955 26
897 1322 26
915 1193 26
927 1150 26
947 1191 26
967 1079 26
967 1440 26
975 1312 26
991 1407 26
1003 1134 26
1007 1078 26
1088 1389 26
1107 1329 26
1149 1390 26
1165 1191 26
1286 1378 26
1288 1374 26
1290 1426 26
1310 1414 26
1373 1436 26
10 515 27
12 1078 27
14 819 27
22 37 27
50 663 27
77 580 27
81 1100 27
83 300 27
86 1171 27
116 424 27
117 498 27
135 482 27
146 1194 27
159 1050 27
163 923 27
169 963 27
174 623 27
181 645 27
185 955 27
215 1100 27
222 347 27
235 856 27
252 982 27
264 524 27
265 595 27
268 659 27
271 507 27
287 1272 27
287 1305 27
325 794 27
372 1397 27
474 1245 27
477 1330 27
480 880 27
510 1268 27
512 1034 27
524 801 27
532 884 27
538 1307 27
555 1065 27
561 836 27
572 738 27
577 893 27
590 1332 27
595 1196 27
601 837 27
603 610 27
628 1305 27
654 898 27
659 739 27
679 1155 27
694 1027 27
713 773 27
718 1318 27
826 935 27
878 1224 27
886 1023 27
904 1447 27
929 956 27
957 1397 27
992 1055 27
992 1314 27
1024 1036 27
1074 1086 27
1088 1242 27
1115 1421 27
1121 1345 27
1152 1415 27
1341 1370 27
0 1034 28
2 308 28
16 351 28
21 34 28
25 849 28
29 305 28
33 42 28
60 1379 28
69 752 28
103 541 28
108 588 28
116 150 28
126 654 28
152 1034 28
170 1446 28
198 461 28
210 862 28
242 1032 28
242 262 28
254 1025 28
358 1052 28
399 542 28
476 504 28
487 1429 28
525 1242 28
556 1334 28
593 1191 28
624 876 28
657 781 28
758 1026 28
774 1347 28
778 1437 28
786 794 28
797 828 28
855 1479 28
868 957 28
869 977 28
934 967 28
980 1373 28
992 1338 28
1009 1045 28
1014 1032 28
1101 1246 28
1198 1266 28
1211 1376 28
1225 1414 28
1321 1354 28
0 783 29
85 1093 29
101 131 29
149 517 29
256 697 29
306 480 29
353 1115 29
458 1011 29
489 1250 29
510 1138 29
539 1012 29
554 830 29
575 921 29
642 1048 29
674 971 29
710 1377 29
865 952 29
865 1263 29
934 1089 29
1046 1262 29
1165 1457 29
70 1102 30
105 940 30
154 575 30
186 775 30
215 1240 30
265 1362 30
401 1277 30
470 1421 30
527 902 30
706 1375 30
766 1004 30
774 1290 30
894 1382 30
7 683 31
488 798 31
991 1221 31
91 906 32
229 1145 32
396 525 32
437 1023 32
618 1056 32
684 691 32
795 1439 32
814 826 32
1012 1173 32
1372 1392 32
126 1406 33
363 1163 33
787 1074 33
23 990 35
816 839 35
1284 1422 35
24 553 36
103 587 36
680 1034 36
1203 1393 36
21 889 37
21 67 40
35 1293 40
64 838 40
147 796 40
169 997 40
253 776 40
287 1425 40
416 1173 40
514 552 40
537 759 40
600 865 40
616 797 40
682 683 40
707 883 40
868 1010 40
0 1388 41
3 381 41
8 232 41
22 188 41
23 591 41
23 146 41
41 867 41
44 1081 41
46 1047 41
65 403 41
79 402 41
86 670 41
94 1417 41
94 1025 41
103 989 41
116 655 41
120 848 41
138 844 41
139 1353 41
168 953 41
180 925 41
187 769 41
188 1454 41
203 1369 41
211 584 41
237 1205 41
241 810 41
264 1153 41
269 1264 41
270 895 41
270 1006 41
290 365 41
293 1218 41
295 460 41
306 1167 41
342 1303 41
351 1035 41
351 1427 41
354 1260 41
360 615 41
365 723 41
379 398 41
382 1256 41
383 649 41
405 1064 41
414 970 41
424 1096 41
433 1207 41
450 1169 41
450 1351 41
464 1135 41
506 573 41
516 1323 41
519 1235 41
531 651 41
540 1366 41
548 880 41
550 875 41
551 1197 41
576 656 41
581 1235 41
581 935 41
602 1137 41
604 1037 41
625 1054 41
639 688 41
660 985 41
676 1004 41
679 783 41
698 1457 41
699 1142 41
702 843 41
720 991 41
759 1123 41
791 1043 41
797 843 41
832 953 41
923 1067 41
928 1305 41
961 1242 41
970 1013 41
992 1237 41
1034 1369 41
1040 1080 41
1054 1133 41
1069 1134 41
1086 1468 41
1091 1154 41
1152 1233 41
1451 1478 41
1 186 42
5 1311 42
5 1336 42
10 256 42
20 448 42
23 393 42
40 1147 42
66 526 42
70 1335 42
74 976 42
81 1340 42
90 108 42
93 1022 42
97 1052 42
102 709 42
105 486 42
106 595 42
115 1060 42
129 561 42
130 1299 42
142 502 42
152 1033 42
158 854 42
163 1336 42
167 1432 42
173 1017 42
176 1052 42
185 859 42
197 1212 42
201 1224 42
204 954 42
206 268 42
207 1041 42
213 1322 42
228 1454 42
242 722 42
242 276 42
245 256 42
246 603 42
259 1140 42
283 528 42
288 1359 42
289 1061 42
295 722 42
296 709 42
297 789 42
312 1201 42
318 1213 42
320 609 42
332 955 42
334 948 42
344 900 42
345 1081 42
348 799 42
349 534 42
350 1283 42
352 499 42
355 1054 42
372 521 42
378 579 42
389 1399 42
392 849 42
403 1189 42
403 536 42
412 877 42
416 797 42
424 471 42
425 1195 42
427 525 42
427 826 42
445 881 42
453 1161 42
455 773 42
456 1440 42
461 472 42
465 739 42
467 1406 42
476 642 42
478 918 42
503 1322 42
529 1231 42
535 845 42
540 1090 42
547 854 42
548 1457 42
549 1041 42
551 1301 42
559 1200 42
559 1467 42
583 942 42
585 1061 42
590 1044 42
599 706 42
604 868 42
608 862 42
631 701 42
632 910 42
632 1445 42
637 1338 42
651 661 42
685 767 42
692 733 42
694 1039 42
702 1163 42
723 1421 42
738 1073 42
745 1128 42
753 1410 42
756 797 42
767 1134 42
808 1138 42
828 1032 42
837 1031 42
838 1020 42
856 1099 42
856 1037 42
877 1151 42
878 1317 42
883 1103 42
883 1231 42
888 1274 42
890 1159 42
898 1302 42
914 1431 42
1005 1372 42
1040 1233 42
1057 1332 42
1068 1111 42
1093 1312 42
1101 1175 42
1118 1299 42
1127 1362 42
1177 1318 42
1180 1425 42
1324 1396 42
13 1032 43
21 1058 43
23 139 43
26 595 43
27 117 43
33 187 43
34 1175 43
54 744 43
61 908 43
65 1463 43
69 594 43
83 946 43
85 217 43
88 1396 43
89 241 43
94 339 43
98 720 43
106 292 43
109 1151 43
123 1243 43
125 1217 43
129 310 43
131 757 43
135 171 43
142 1117 43
143 167 43
155 1440 43
159 666 43
163 340 43
163 604 43
167 1174 43
168 1283 43
176 566 43
177 871 43
186 1364 43
189 365 43
190 728 43
196 900 43
197 1307 43
200 796 43
206 1123 43
214 1144 43
221 780 43
224 944 43
226 1471 43
233 599 43
242 326 43
248 284 43
248 1453 43
253 1361 43
263 857 43
269 1172 43
274 885 43
275 1214 43
282 1057 43
282 1326 43
288 1182 43
292 1045 43
294 418 43
294 621 43
310 701 43
317 405 43
320 329 43
326 883 43
329 836 43
330 1280 43
355 423 43
374 980 43
374 824 43
384 1415 43
393 540 43
394 1055 43
406 824 43
409 565 43
411 1217 43
418 1463 43
425 1295 43
436 1428 43
444 1281 43
449 1267 43
457 464 43
468 812 43
469 1372 43
474 818 43
476 1415 43
492 636 43
492 947 43
503 741 43
510 726 43
520 753 43
527 925 43
531 978 43
538 629 43
540 619 43
545 930 43
546 1366 43
548 640 43
549 1196 43
551 811 43
559 832 43
568 1191 43
569 1183 43
600 1178 43
605 916 43
609 1397 43
622 674 43
626 1179 43
636 1352 43
640 794 43
642 1468 43
663 1200 43
684 1298 43
689 1449 43
696 1416 43
698 813 43
708 1046 43
720 1366 43
743 838 43
748 963 43
789 1451 43
794 851 43
795 1270 43
800 991 43
815 1293 43
825 1035 43
830 1134 43
853 1011 43
879 1116 43
893 1268 43
910 1204 43
912 1056 43
913 1450 43
920 1087 43
928 1326 43
939 1476 43
956 1087 43
961 1096 43
964 1080 43
965 984 43
970 1035 43
1004 1457 43
1004 1478 43
1008 1172 43
1017 1067 43
1022 1315 43
1031 1259 43
1070 1131 43
1073 1174 43
1089 1472 43
1116 1462 43
1137 1216 43
1138 1370 43
1142 1146 43
1147 1199 43
1175 1308 43
1180 1218 43
1200 1451 43
1205 1305 43
1245 1263 43
1247 1387 43
1314 1330 43
1338 1414 43
1355 1453 43
15 1003 44
53 914 44
83 612 44
83 789 44
116 197 44
122 1447 44
147 880 44
149 1179 44
164 193 44
167 709 44
173 640 44
180 1124 44
193 368 44
206 1131 44
219 382 44
269 530 44
282 874 44
290 979 44
295 898 44
306 642 44
330 849 44
371 650 44
388 888 44
388 463 44
449 783 44
473 1013 44
476 1431 44
476 912 44
530 1471 44
547 1432 44
630 1067 44
644 1254 44
672 869 44
711 1335 44
794 1193 44
816 1436 44
947 1385 44
1038 1372 44
0 251 45
1 1381 45
3 44 45
4 127 45
15 584 45
19 1335 45
20 740 45
21 913 45
23 805 45
26 189 45
28 561 45
30 1375 45
33 1290 45
33 62 45
38 1144 45
50 566 45
57 1158 45
58 773 45
60 457 45
64 449 45
69 559 45
73 595 45
82 1444 45
96 1034 45
104 1051 45
106 894 45
115 1429 45
117 882 45
125 1026 45
155 1196 45
171 1401 45
180 387 45
185 193 45
189 1070 45
192 1125 45
195 1228 45
198 415 45
203 813 45
204 996 45
213 963 45
214 358 45
215 334 45
222 861 45
233 812 45
249 759 45
251 400 45
263 930 45
287 1097 45
292 1374 45
296 445 45
296 1341 45
300 1202 45
313 1228 45
313 493 45
314 564 45
334 1443 45
334 605 45
346 1345 45
352 1263 45
366 916 45
367 1406 45
369 1206 45
374 487 45
385 560 45
401 850 45
428 481 45
430 1397 45
432 815 45
444 947 45
450 1307 45
454 778 45
457 700 45
464 1074 45
484 925 45
485 855 45
499 1207 45
505 1200 45
505 1250 45
511 964 45
513 553 45
522 600 45
525 677 45
533 1072 45
541 1089 45
549 1139 45
575 1175 45
575 626 45
576 968 45
577 1023 45
593 830 45
598 643 45
617 1034 45
632 958 45
638 1077 45
639 904 45
643 1312 45
659 1300 45
664 1234 45
666 988 45
672 1305 45
684 1304 45
693 853 45
709 1220 45
735 1310 45
754 1346 45
761 933 45
768 822 45
789 1164 45
805 972 45
814 1129 45
848 1470 45
855 1249 45
878 1217 45
880 1058 45
890 1337 45
903 1119 45
962 1281 45
990 1227 45
994 1309 45
1000 1368 45
1011 1341 45
1063 1124 45
1100 1145 45
1231 1367 45
1236 1468 45
1264 1390 45
1306 1354 45
1335 1377 45
11 586 46
12 1136 46
17 109 46
18 164 46
26 995 46
29 1478 46
30 724 46
36 259 46
43 652 46
64 577 46
68 1238 46
70 292 46
78 780 46
80 1205 46
84 593 46
95 960 46
102 1414 46
103 871 46
104 584 46
116 734 46
118 551 46
118 1357 46
120 936 46
121 1029 46
122 1157 46
125 870 46
125 188 46
125 334 46
134 1330 46
143 861 46
146 1355 46
150 1141 46
160 570 46
161 1202 46
162 1140 46
166 1053 46
168 760 46
174 414 46
179 439 46
182 469 46
183 208 46
186 959 46
187 285 46
191 1416 46
193 260 46
195 1239 46
202 1156 46
206 1045 46
208 368 46
211 283 46
215 1271 46
227 703 46
230 630 46
237 1079 46
249 1179 46
259 916 46
263 392 46
269 858 46
269 1409 46
278 564 46
289 1240 46
294 1415 46
319 1038 46
327 1100 46
327 731 46
344 369 46
349 1452 46
361 852 46
361 1274 46
362 1475 46
366 516 46
367 1265 46
377 499 46
382 510 46
387 397 46
393 904 46
395 495 46
401 778 46
409 1096 46
413 446 46
422 980 46
434 1100 46
434 1372 46
441 447 46
444 590 46
449 497 46
466 1128 46
470 1446 46
474 1050 46
477 1373 46
479 908 46
479 1146 46
481 1280 46
482 1070 46
486 703 46
509 902 46
510 1352 46
513 1301 46
520 622 46
550 695 46
557 884 46
572 929 46
576 1433 46
578 598 46
579 729 46
585 1096 46
606 1294 46
619 983 46
624 1216 46
633 1283 46
644 1016 46
674 1391 46
724 1357 46
736 846 46
750 1251 46
752 1182 46
761 1151 46
767 1392 46
770 1194 46
777 1040 46
788 1328 46
788 1229 46
791 927 46
794 1301 46
800 869 46
808 902 46
816 1381 46
867 1364 46
879 1065 46
890 1330 46
921 1393 46
922 1402 46
933 1353 46
943 1238 46
963 1095 46
993 1040 46
1007 1269 46
1014 1178 46
1020 1384 46
1027 1260 46
1030 1339 46
1046 1453 46
1057 1163 46
1084 1435 46
1104 1264 46
1144 1252 46
1145 1466 46
1177 1384 46
1204 1470 46
1216 1316 46
1232 1298 46
1243 1455 46
8 1310 47
19 1372 47
27 441 47
31 790 47
33 1032 47
35 959 47
47 501 47
47 693 47
64 1188 47
69 1003 47
82 1026 47
87 1296 47
87 944 47
97 1083 47
98 706 47
113 276 47
116 1340 47
128 864 47
129 1276 47
135 752 47
135 343 47
139 273 47
142 830 47
153 188 47
159 1455 47
181 344 47
187 584 47
202 438 47
207 512 47
218 442 47
218 928 47
218 596 47
221 661 47
226 229 47
241 399 47
245 748 47
258 326 47
266 332 47
270 380 47
271 1228 47
276 974 47
277 682 47
277 977 47
278 312 47
292 1109 47
298 1283 47
308 1441 47
312 1445 47
340 1318 47
345 487 47
348 863 47
356 1080 47
357 926 47
362 381 47
364 607 47
368 477 47
385 1199 47
389 967 47
399 1106 47
409 1393 47
412 1238 47
417 553 47
424 610 47
426 806 47
438 657 47
438 563 47
456 1203 47
461 516 47
490 604 47
494 672 47
494 1411 47
500 614 47
500 1071 47
509 1344 47
517 1010 47
531 789 47
557 888 47
561 1159 47
588 1359 47
614 1371 47
619 805 47
622 739 47
631 841 47
705 759 47
714 1157 47
738 810 47
740 934 47
743 1344 47
749 1124 47
781 1297 47
791 1208 47
803 984 47
829 860 47
853 947 47
857 1426 47
862 1285 47
907 1312 47
911 926 47
919 1081 47
932 1119 47
949 1371 47
951 1039 47
958 1076 47
971 1383 47
972 1363 47
1003 1400 47
1004 1153 47
1026 1325 47
1031 1239 47
1145 1156 47
1194 1323 47
1209 1440 47
1256 1461 47
1374 1399 47
1384 1397 47
17 20 48
25 288 48
27 1417 48
37 1086 48
43 285 48
44 441 48
51 132 48
61 117 48
74 1289 48
74 1256 48
107 1151 48
120 550 48
130 1411 48
139 1127 48
155 630 48
165 944 48
167 272 48
169 1105 48
179 1282 48
185 1136 48
186 993 48
190 861 48
201 389 48
201 919 48
204 514 48
205 1425 48
205 1271 48
219 479 48
271 1303 48
275 675 48
278 721 48
283 1033 48
293 1352 48
307 481 48
310 800 48
313 408 48
326 572 48
327 1107 48
342 755 48
353 1020 48
363 366 48
382 843 48
390 1258 48
390 827 48
402 914 48
412 1420 48
429 730 48
431 1035 48
435 893 48
456 477 48
503 1090 48
517 751 48
519 972 48
534 674 48
541 1460 48
552 861 48
595 1351 48
605 841 48
620 712 48
632 1138 48
642 974 48
665 1174 48
701 1220 48
734 1001 48
750 1307 48
759 1061 48
775 1077 48
830 1390 48
864 1464 48
870 1070 48
872 1340 48
961 1281 48
979 1439 48
1012 1202 48
1043 1045 48
1066 1448 48
1097 1166 48
1117 1298 48
1137 1269 48
1154 1233 48
1157 1466 48
1168 1268 48
1176 1269 48
1188 1421 48
1368 1401 48
30 888 49
50 187 49
55 266 49
111 979 49
116 1096 49
150 153 49
249 1017 49
283 705 49
293 1470 49
310 582 49
416 855 49
503 1157 49
512 730 49
524 826 49
575 993 49
580 1314 49
587 676 49
605 793 49
618 1116 49
619 792 49
623 962 49
629 1390 49
639 1468 49
692 715 49
755 1021 49
765 986 49
789 978 49
828 1365 49
953 1258 49
953 1263 49
978 1196 49
1023 1131 49
1062 1138 49
11 1232 50
12 809 50
28 364 50
34 786 50
35 574 50
51 1363 50
67 629 50
71 1346 50
74 919 50
83 548 50
156 925 50
160 1186 50
179 535 50
193 411 50
226 828 50
228 872 50
263 1356 50
277 1221 50
279 836 50
292 1224 50
318 427 50
324 1467 50
329 551 50
342 1086 50
342 637 50
361 1143 50
378 1364 50
420 1185 50
422 482 50
422 854 50
429 1293 50
458 847 50
467 683 50
476 669 50
511 701 50
519 774 50
521 679 50
540 1138 50
543 1062 50
580 814 50
602 1184 50
605 928 50
613 860 50
627 829 50
653 958 50
669 688 50
678 705 50
719 1038 50
721 1175 50
744 1453 50
774 872 50
780 1115 50
797 1105 50
812 831 50
818 1472 50
828 1142 50
832 1204 50
845 1331 50
872 1335 50
894 1178 50
902 1336 50
920 1203 50
993 1446 50
1005 1318 50
1025 1244 50
1108 1158 50
11 580 51
19 181 51
26 97 51
28 1255 51
29 129 51
43 677 51
49 1423 51
53 1227 51
53 162 51
81 1397 51
82 767 51
104 744 51
107 759 51
110 217 51
110 537 51
117 1060 51
132 407 51
133 335 51
142 1178 51
143 986 51
156 1052 51
176 764 51
187 461 51
195 914 51
196 1007 51
199 305 51
205 419 51
211 439 51
230 769 51
265 965 51
325 396 51
334 782 51
343 945 51
348 761 51
375 658 51
380 951 51
385 493 51
388 979 51
406 574 51
428 523 51
453 897 51
540 845 51
549 1082 51
565 1323 51
617 880 51
641 1240 51
665 864 51
694 1345 51
722 895 51
725 785 51
728 1195 51
735 950 51
739 912 51
763 1078 51
783 933 51
787 790 51
846 1420 51
852 1370 51
860 978 51
904 1055 51
909 1428 51
981 1100 51
1022 1352 51
1081 1174 51
1125 1143 51
29 903 52
65 1374 52
99 1120 52
114 658 52
135 1221 52
136 628 52
172 1454 52
181 567 52
279 1328 52
294 1473 52
297 464 52
408 625 52
489 1218 52
677 920 52
688 1263 52
728 1339 52
851 1212 52
999 1069 52
1 663 53
26 414 53
102 499 53
106 219 53
111 1393 53
143 1230 53
156 1158 53
159 630 53
172 1282 53
205 374 53
210 223 53
215 1349 53
241 985 53
255 932 53
267 997 53
321 1451 53
338 1096 53
339 1218 53
342 579 53
388 943 53
439 497 53
565 1072 53
581 681 53
584 1474 53
591 964 53
599 1035 53
683 1467 53
734 823 53
767 832 53
784 837 53
887 1318 53
969 1295 53
973 1000 53
988 1064 53
1002 1199 53
1259 1288 53
1305 1398 53
19 567 54
19 678 54
25 453 54
26 200 54
44 1278 54
60 220 54
105 1327 54
109 973 54
118 908 54
120 467 54
121 145 54
160 1467 54
165 987 54
166 1422 54
170 856 54
187 472 54
195 1017 54
247 480 54
298 343 54
336 525 54
339 491 54
355 751 54
361 1225 54
428 984 54
437 912 54
438 1403 54
452 622 54
457 924 54
473 681 54
506 942 54
520 1088 54
525 722 54
525 950 54
526 866 54
566 1167 54
567 1292 54
568 804 54
569 827 54
570 1227 54
714 724 54
737 1137 54
754 1265 54
760 785 54
870 973 54
944 1316 54
953 1406 54
989 1407 54
993 1074 54
1005 1180 54
1049 1058 54
1078 1289 54
1116 1329 54
1167 1412 54
1249 1251 54
1321 1386 54
1328 1384 54
6 1329 55
11 279 55
28 1049 55
31 853 55
36 1273 55
46 222 55
54 772 55
56 241 55
76 739 55
77 542 55
81 671 55
87 99 55
89 245 55
92 927 55
106 1216 55
111 598 55
117 441 55
143 1069 55
144 1085 55
145 738 55
148 795 55
151 1117 55
153 914 55
171 836 55
175 196 55
193 1420 55
198 1181 55
208 1004 55
213 408 55
220 764 55
237 1144 55
253 1302 55
258 484 55
258 1181 55
262 484 55
265 955 55
268 708 55
269 1460 55
283 952 55
312 1032 55
330 1234 55
331 881 55
338 1161 55
340 1368 55
346 1143 55
361 363 55
377 1245 55
379 1397 55
398 522 55
399 1214 55
402 684 55
405 1129 55
414 527 55
415 543 55
428 550 55
429 1078 55
455 1185 55
476 1037 55
510 678 55
535 562 55
552 1435 55
558 595 55
569 888 55
595 1121 55
599 1300 55
601 902 55
616 1473 55
646 1220 55
692 1251 55
707 1244 55
721 951 55
766 1033 55
780 1416 55
789 1379 55
790 936 55
846 938 55
854 1190 55
858 1450 55
876 1184 55
881 938 55
886 1076 55
925 1109 55
926 1067 55
942 1299 55
953 1304 55
962 1374 55
995 1435 55
1020 1416 55
1122 1435 55
1154 1290 55
1170 1433 55
1181 1252 55
0 1379 56
9 1359 56
11 1031 56
19 464 56
19 609 56
21 708 56
26 895 56
27 1451 56
35 687 56
36 1216 56
44 320 56
63 1081 56
94 289 56
101 418 56
106 1270 56
106 791 56
122 186 56
135 1256 56
145 1442 56
150 777 56
151 681 56
154 1029 56
155 634 56
160 660 56
164 1293 56
165 1113 56
174 768 56
176 220 56
189 285 56
207 819 56
210 854 56
213 683 56
220 944 56
234 1096 56
237 376 56
240 401 56
244 1243 56
251 1087 56
259 444 56
260 639 56
293 1289 56
311 497 56
314 609 56
328 1275 56
332 1194 56
337 697 56
345 1282 56
346 1277 56
349 875 56
369 791 56
369 955 56
373 1458 56
375 1352 56
381 1248 56
382 1101 56
395 1093 56
396 1312 56
401 1256 56
420 1220 56
422 978 56
423 1139 56
432 1420 56
440 1081 56
451 1294 56
452 1195 56
453 1230 56
466 719 56
466 638 56
479 1397 56
500 1400 56
503 806 56
514 704 56
534 870 56
539 540 56
541 1280 56
577 741 56
587 1167 56
591 755 56
596 994 56
618 971 56
623 1183 56
640 770 56
660 1424 56
662 1326 56
672 1138 56
678 930 56
685 949 56
692 973 56
693 726 56
724 959 56
734 1350 56
753 1091 56
788 1067 56
792 979 56
796 1478 56
799 1207 56
812 1292 56
826 909 56
827 877 56
831 970 56
836 1469 56
863 895 56
877 1038 56
886 1317 56
887 1245 56
896 1249 56
931 947 56
935 1258 56
942 1007 56
943 1210 56
946 1051 56
960 1076 56
968 1230 56
973 1358 56
975 1402 56
978 1037 56
1022 1260 56
1080 1238 56
1145 1243 56
1163 1452 56
1170 1370 56
1238 1359 56
1432 1458 56
1 1380 57
6 1449 57
12 120 57
12 1159 57
14 578 57
15 423 57
17 198 57
33 326 57
38 752 57
48 1261 57
50 150 57
65 1422 57
76 830 57
78 345 57
87 689 57
109 1088 57
110 228 57
113 1063 57
117 1106 57
131 1395 57
134 913 57
150 618 57
169 727 57
248 504 57
260 1105 57
261 602 57
265 1101 57
274 1213 57
279 1171 57
279 610 57
279 680 57
304 907 57
328 518 57
332 1309 57
335 1447 57
348 545 57
354 1106 57
357 789 57
375 1402 57
382 721 57
384 1444 57
390 931 57
392 531 57
415 1363 57
418 823 57
432 1151 57
444 731 57
450 625 57
458 471 57
468 1371 57
482 1219 57
483 1430 57
487 1347 57
490 515 57
506 1467 57
513 1402 57
533 1156 57
577 911 57
618 1326 57
630 756 57
637 1439 57
638 1452 57
652 1086 57
657 706 57
664 860 57
701 1317 57
718 1128 57
719 862 57
745 1451 57
753 996 57
755 784 57
760 1236 57
781 1402 57
782 1326 57
793 1471 57
817 875 57
826 1039 57
840 976 57
868 1163 57
883 981 57
883 1425 57
889 1272 57
915 1152 57
926 1405 57
928 958 57
956 1151 57
960 1201 57
970 985 57
980 1029 57
985 1329 57
1047 1148 57
1052 1229 57
1106 1478 57
1127 1395 57
1155 1349 57
1209 1271 57
1244 1371 57
1291 1437 57
1308 1365 57
1348 1400 57
1359 1381 57
1365 1417 57
1398 1418 57
20 769 58
21 101 58
24 1379 58
29 62 58
36 434 58
47 212 58
54 163 58
55 584 58
55 460 58
58 911 58
61 1428 58
62 217 58
71 80 58
96 358 58
101 924 58
102 727 58
104 481 58
107 282 58
107 375 58
119 538 58
130 693 58
135 1287 58
139 754 58
143 506 58
148 301 58
152 432 58
164 522 58
172 233 58
176 1127 58
195 1312 58
198 275 58
200 505 58
204 752 58
204 440 58
207 665 58
228 1163 58
230 277 58
233 1117 58
237 319 58
262 856 58
265 795 58
270 1382 58
271 1328 58
275 1317 58
292 343 58
306 934 58
317 761 58
333 1324 58
338 1039 58
357 561 58
401 532 58
423 680 58
423 619 58
430 1002 58
434 570 58
466 1354 58
487 786 58
502 1296 58
529 1077 58
529 1381 58
547 1404 58
564 658 58
578 1031 58
581 972 58
584 989 58
594 1214 58
606 1008 58
615 865 58
643 664 58
648 913 58
656 803 58
707 1399 58
731 761 58
745 850 58
746 978 58
748 788 58
782 1083 58
788 1313 58
807 1331 58
832 1156 58
844 1402 58
847 852 58
897 1421 58
905 1409 58
906 1372 58
928 1419 58
959 1475 58
996 1322 58
1002 1203 58
1004 1307 58
1007 1080 58
1093 1200 58
1141 1432 58
1174 1462 58
1183 1428 58
1184 1452 58
1242 1461 58
1292 1472 58
1370 1418 58
9 540 59
13 1322 59
20 321 59
22 632 59
31 985 59
32 1463 59
48 395 59
49 73 59
58 893 59
80 939 59
95 487 59
139 226 59
140 1457 59
146 712 59
162 351 59
190 1445 59
190 1181 59
206 807 59
206 1273 59
210 932 59
211 1427 59
217 435 59
226 749 59
230 1253 59
230 430 59
271 984 59
296 563 59
314 895 59
317 445 59
326 1260 59
329 1385 59
340 1263 59
354 631 59
367 1103 59
399 728 59
406 1324 59
437 713 59
450 1384 59
453 1440 59
457 1349 59
458 637 59
476 1069 59
502 976 59
510 535 59
522 1166 59
527 817 59
532 1157 59
564 1223 59
578 1342 59
594 1139 59
595 1199 59
596 1362 59
601 1396 59
610 1379 59
657 1068 59
711 970 59
727 909 59
762 1384 59
792 979 59
809 973 59
818 1091 59
820 1411 59
839 997 59
844 1025 59
857 1304 59
869 1365 59
879 900 59
923 1087 59
948 1384 59
973 1414 59
991 1142 59
991 1327 59
1017 1246 59
1196 1270 59
1232 1477 59
1279 1301 59
1372 1455 59
1408 1432 59
10 700 60
134 955 60
176 374 60
179 674 60
181 1312 60
205 1106 60
205 988 60
232 1427 60
281 347 60
411 1381 60
501 820 60
504 1450 60
508 1009 60
559 743 60
564 758 60
621 935 60
682 1440 60
745 902 60
800 854 60
928 1384 60
967 1223 60
972 1401 60
1169 1376 60
