0 1 0
0 1418 0
2 5 0
2 4 0
2 3 0
3 4 0
6 7 0
7 8 0
9 16 0
9 15 0
10 11 0
10 33 0
11 12 0
11 14 0
12 16 0
13 16 0
14 16 0
15 16 0
16 53 0
16 34 0
17 19 0
18 19 0
18 35 0
19 45 0
20 22 0
21 22 0
21 31 0
22 50 0
22 31 0
22 32 0
24 25 0
26 58 0
26 55 0
27 28 0
27 29 0
27 30 0
28 30 0
28 44 0
30 49 0
30 44 0
32 51 0
32 50 0
33 34 0
34 53 0
35 36 0
36 285 0
37 39 0
37 38 0
38 44 0
39 54 0
40 49 0
41 43 0
42 46 0
45 48 0
45 47 0
45 46 0
46 48 0
47 48 0
54 55 0
57 58 0
73 582 0
121 844 0
122 1194 0
143 397 0
149 854 0
159 1135 0
168 1260 0
169 1415 0
185 296 0
185 259 0
202 638 0
221 908 0
289 1103 0
297 528 0
310 716 0
320 1191 0
335 1411 0
341 1261 0
352 504 0
361 1232 0
387 559 0
392 1449 0
409 665 0
435 1228 0
506 551 0
508 861 0
516 628 0
524 894 0
537 677 0
556 1223 0
558 958 0
674 1090 0
676 910 0
751 1403 0
774 1317 0
792 1296 0
800 854 0
826 973 0
831 1032 0
833 1262 0
853 1143 0
1022 1403 0
1217 1364 0
1229 1288 0
1232 1256 0
1243 1458 0
1259 1267 0
1391 1443 0
1 12 1
1 65 1
1 64 1
2 59 1
3 63 1
3 75 1
3 84 1
3 8 1
5 69 1
6 61 1
8 75 1
8 61 1
10 58 1
17 67 1
25 46 1
31 58 1
33 75 1
33 59 1
35 46 1
40 84 1
49 860 1
56 1200 1
57 61 1
59 85 1
59 927 1
60 61 1
61 62 1
62 63 1
63 84 1
71 77 1
71 76 1
71 72 1
72 73 1
75 85 1
76 77 1
81 82 1
82 83 1
117 1300 1
140 680 1
156 1299 1
180 1075 1
182 1312 1
191 580 1
197 1265 1
201 930 1
241 693 1
249 718 1
254 945 1
259 1024 1
268 544 1
269 693 1
272 1230 1
289 442 1
311 1216 1
339 348 1
374 411 1
419 1038 1
425 1045 1
432 730 1
473 1302 1
513 1466 1
518 1321 1
545 1241 1
549 1301 1
570 750 1
671 1393 1
839 1110 1
1063 1111 1
1086 1105 1
1131 1453 1
1179 1367 1
1263 1298 1
1289 1390 1
1307 1447 1
1354 1359 1
2 89 2
2 88 2
2 12 2
2 59 2
3 129 2
3 130 2
3 8 2
3 31 2
3 412 2
6 121 2
6 24 2
6 120 2
6 62 2
9 29 2
10 111 2
10 114 2
10 31 2
12 59 2
22 344 2
24 120 2
24 119 2
28 100 2
28 29 2
28 99 2
31 71 2
31 111 2
32 1107 2
35 123 2
35 94 2
35 124 2
35 95 2
35 609 2
40 63 2
40 60 2
51 105 2
59 75 2
60 63 2
61 122 2
63 129 2
68 131 2
68 111 2
69 109 2
69 108 2
70 95 2
70 94 2
81 126 2
81 125 2
81 127 2
86 102 2
86 103 2
86 101 2
90 92 2
90 91 2
90 93 2
92 93 2
92 721 2
94 95 2
96 97 2
98 100 2
98 99 2
99 100 2
101 103 2
101 102 2
102 103 2
103 808 2
104 114 2
104 112 2
108 110 2
111 132 2
113 114 2
114 134 2
114 133 2
116 118 2
117 118 2
119 1387 2
120 121 2
121 136 2
121 137 2
125 127 2
125 126 2
160 957 2
167 479 2
174 422 2
220 1211 2
223 275 2
232 1365 2
240 793 2
282 290 2
318 473 2
348 427 2
363 490 2
389 1282 2
448 1115 2
481 1122 2
507 1179 2
575 922 2
577 634 2
619 1022 2
627 1117 2
631 1292 2
662 1238 2
673 694 2
701 1214 2
710 1042 2
724 1469 2
776 1188 2
802 1307 2
812 870 2
867 1073 2
940 1281 2
970 1337 2
973 1260 2
1196 1216 2
1201 1468 2
1254 1356 2
1307 1309 2
1363 1453 2
2 107 3
2 137 3
2 89 3
10 31 3
12 109 3
24 115 3
25 69 3
28 98 3
29 31 3
31 132 3
32 672 3
35 124 3
56 423 3
59 1279 3
60 96 3
61 97 3
68 110 3
70 73 3
70 94 3
73 94 3
73 143 3
73 76 3
77 1338 3
79 1411 3
81 94 3
86 92 3
90 245 3
92 93 3
92 147 3
93 147 3
101 102 3
102 103 3
106 153 3
108 141 3
108 139 3
110 141 3
110 146 3
111 155 3
111 132 3
112 176 3
115 1235 3
116 574 3
120 141 3
122 142 3
125 132 3
132 145 3
139 140 3
140 141 3
143 192 3
146 150 3
147 153 3
150 154 3
160 349 3
209 345 3
228 1211 3
246 965 3
262 860 3
279 736 3
321 379 3
338 534 3
338 993 3
371 456 3
407 1180 3
450 667 3
490 559 3
550 919 3
553 595 3
580 1076 3
597 1388 3
605 1036 3
679 975 3
783 1329 3
802 1476 3
898 1261 3
963 1111 3
987 1078 3
1008 1478 3
1066 1266 3
1091 1121 3
1263 1387 3
1 60 4
2 88 4
2 137 4
2 12 4
10 166 4
12 137 4
14 15 4
14 68 4
15 24 4
15 68 4
24 68 4
28 29 4
28 90 4
28 93 4
29 155 4
29 31 4
29 102 4
29 103 4
33 879 4
35 94 4
35 149 4
41 660 4
61 154 4
61 158 4
62 115 4
64 156 4
64 124 4
68 124 4
68 156 4
70 94 4
70 707 4
71 227 4
76 643 4
90 92 4
90 115 4
90 91 4
90 151 4
90 93 4
90 229 4
91 167 4
91 93 4
92 163 4
94 165 4
94 149 4
95 124 4
97 159 4
98 164 4
99 513 4
103 155 4
106 135 4
108 110 4
111 114 4
111 112 4
112 114 4
121 148 4
123 165 4
124 157 4
124 156 4
138 166 4
149 156 4
150 158 4
150 1182 4
154 158 4
160 162 4
160 161 4
161 162 4
166 819 4
211 1059 4
235 428 4
238 1460 4
257 1171 4
263 622 4
290 311 4
294 707 4
295 470 4
298 844 4
306 1432 4
331 695 4
347 625 4
352 1350 4
358 1112 4
382 1249 4
395 875 4
429 1292 4
436 923 4
488 1390 4
490 605 4
550 1067 4
593 1119 4
615 951 4
618 895 4
621 1070 4
622 1020 4
747 1044 4
785 1196 4
907 1392 4
909 1154 4
910 1299 4
947 1153 4
963 1285 4
972 1247 4
998 1076 4
1023 1271 4
1030 1380 4
1103 1350 4
1224 1406 4
1276 1417 4
2 89 5
10 155 5
10 31 5
12 149 5
20 196 5
21 168 5
24 1130 5
28 91 5
29 171 5
29 101 5
37 170 5
43 458 5
59 190 5
64 380 5
64 259 5
65 1216 5
92 147 5
94 155 5
94 95 5
97 109 5
97 160 5
101 103 5
102 152 5
102 103 5
103 322 5
108 110 5
111 112 5
120 140 5
123 148 5
124 149 5
138 148 5
147 169 5
150 154 5
157 172 5
160 162 5
167 1014 5
170 171 5
186 1267 5
209 414 5
223 1172 5
233 649 5
252 271 5
264 1247 5
267 1278 5
270 1282 5
276 891 5
306 772 5
307 1423 5
354 1471 5
444 755 5
445 845 5
539 971 5
592 1249 5
615 838 5
647 1250 5
688 920 5
713 1234 5
757 1013 5
790 826 5
825 1011 5
991 1029 5
1000 1189 5
1011 1327 5
1013 1469 5
1321 1341 5
1337 1345 5
10 1168 6
21 174 6
21 175 6
25 448 6
28 106 6
89 107 6
94 95 6
94 121 6
97 160 6
103 488 6
113 768 6
119 142 6
149 165 6
160 162 6
168 841 6
174 175 6
175 1165 6
176 757 6
189 1015 6
189 465 6
192 1177 6
262 498 6
286 1124 6
295 780 6
476 1185 6
489 1187 6
606 738 6
626 1332 6
709 1184 6
710 841 6
730 734 6
730 1056 6
759 1427 6
10 183 7
21 110 7
28 179 7
31 184 7
83 1432 7
88 92 7
105 540 7
110 175 7
115 952 7
121 138 7
169 179 7
169 741 7
172 247 7
179 180 7
183 184 7
188 766 7
206 327 7
247 871 7
299 700 7
305 674 7
312 394 7
377 464 7
392 1022 7
420 623 7
443 933 7
590 684 7
660 858 7
940 1044 7
972 1458 7
973 1244 7
1129 1409 7
1280 1434 7
7 427 8
12 188 8
21 186 8
21 108 8
28 142 8
28 179 8
28 61 8
29 170 8
29 165 8
33 42 8
60 192 8
61 181 8
94 197 8
94 184 8
106 194 8
106 160 8
106 189 8
107 192 8
107 195 8
107 181 8
108 140 8
115 121 8
115 170 8
140 186 8
142 186 8
142 318 8
150 900 8
160 1248 8
179 190 8
180 190 8
185 198 8
191 439 8
199 1213 8
249 865 8
258 1207 8
270 1137 8
286 672 8
308 882 8
323 1013 8
422 1380 8
436 950 8
503 531 8
529 680 8
560 593 8
625 844 8
638 1157 8
664 1219 8
718 1018 8
918 995 8
1123 1253 8
1131 1458 8
1428 1449 8
10 1432 9
12 211 9
12 185 9
12 110 9
12 188 9
12 214 9
12 216 9
12 213 9
12 21 9
15 627 9
15 1313 9
21 92 9
21 216 9
21 209 9
21 110 9
21 231 9
21 188 9
21 213 9
27 1188 9
28 106 9
28 223 9
28 221 9
28 179 9
28 169 9
52 1292 9
61 221 9
61 227 9
61 224 9
61 222 9
70 433 9
72 796 9
88 231 9
88 110 9
92 214 9
92 215 9
92 195 9
92 216 9
92 188 9
92 212 9
92 185 9
92 208 9
92 209 9
92 210 9
99 1473 9
106 224 9
106 191 9
106 169 9
107 238 9
110 231 9
110 216 9
112 199 9
112 225 9
112 226 9
112 201 9
112 200 9
112 180 9
121 211 9
122 477 9
140 170 9
140 186 9
142 202 9
142 203 9
142 190 9
142 170 9
143 237 9
152 239 9
160 194 9
160 217 9
160 207 9
160 229 9
165 213 9
169 190 9
170 204 9
170 186 9
170 203 9
170 235 9
170 205 9
176 212 9
176 208 9
179 221 9
179 224 9
185 195 9
185 211 9
185 214 9
185 213 9
185 559 9
186 190 9
186 206 9
188 210 9
188 216 9
190 231 9
190 230 9
192 195 9
192 230 9
192 218 9
192 219 9
192 217 9
194 229 9
195 214 9
195 230 9
197 226 9
199 201 9
200 225 9
201 225 9
202 204 9
203 204 9
203 205 9
206 207 9
208 212 9
209 215 9
209 216 9
210 215 9
210 216 9
211 214 9
211 213 9
213 214 9
214 230 9
215 216 9
218 219 9
218 220 9
219 233 9
219 232 9
219 220 9
220 233 9
220 232 9
221 224 9
221 222 9
222 224 9
222 227 9
222 861 9
224 234 9
224 227 9
225 226 9
230 231 9
236 237 9
273 469 9
320 1060 9
325 807 9
350 1447 9
411 1337 9
431 906 9
454 503 9
475 1232 9
516 855 9
522 705 9
592 763 9
656 917 9
697 1440 9
699 882 9
708 1439 9
720 1306 9
820 1073 9
823 1058 9
889 1262 9
940 1069 9
966 1445 9
991 1146 9
1042 1305 9
1067 1317 9
1068 1159 9
1096 1248 9
1177 1402 9
1244 1385 9
5 409 10
12 190 10
12 245 10
18 41 10
19 602 10
60 192 10
61 160 10
63 783 10
70 959 10
74 1476 10
88 106 10
88 192 10
92 242 10
92 249 10
92 191 10
101 631 10
106 192 10
106 1436 10
107 238 10
110 230 10
110 1419 10
118 1128 10
142 438 10
152 261 10
176 248 10
187 246 10
190 245 10
191 242 10
191 240 10
191 238 10
195 259 10
217 228 10
220 1144 10
227 265 10
227 1424 10
228 232 10
230 259 10
230 231 10
240 243 10
240 241 10
241 243 10
244 260 10
244 247 10
250 251 10
253 1441 10
254 262 10
255 256 10
259 1193 10
263 264 10
269 579 10
343 994 10
349 1217 10
364 993 10
367 1213 10
369 1012 10
371 704 10
387 977 10
424 661 10
431 1365 10
439 871 10
467 1210 10
494 1466 10
501 1394 10
624 1334 10
641 1209 10
707 1066 10
736 841 10
752 1150 10
809 1106 10
809 825 10
958 1108 10
977 1438 10
982 1260 10
1052 1208 10
1119 1123 10
1223 1431 10
1333 1345 10
1362 1441 10
17 1055 11
43 621 11
49 246 11
58 90 11
60 220 11
60 192 11
60 88 11
61 285 11
82 259 11
83 356 11
85 1085 11
88 192 11
88 231 11
88 230 11
88 220 11
88 303 11
98 824 11
106 283 11
106 282 11
107 320 11
107 321 11
107 318 11
121 324 11
121 327 11
121 325 11
124 884 11
128 1376 11
145 399 11
152 297 11
152 298 11
152 287 11
152 299 11
160 266 11
160 268 11
164 1161 11
170 261 11
170 297 11
176 190 11
176 191 11
179 269 11
179 274 11
179 276 11
179 277 11
186 250 11
190 289 11
190 191 11
190 323 11
190 288 11
191 287 11
191 324 11
191 325 11
191 260 11
192 230 11
192 231 11
195 217 11
201 959 11
205 1128 11
207 325 11
207 324 11
207 282 11
212 1125 11
218 219 11
219 232 11
220 305 11
220 304 11
220 230 11
220 303 11
220 301 11
220 300 11
222 623 11
227 1389 11
230 302 11
230 303 11
230 300 11
241 454 11
245 323 11
246 287 11
246 270 11
246 272 11
246 317 11
246 268 11
246 273 11
246 1419 11
248 323 11
252 329 11
252 292 11
252 291 11
253 271 11
253 270 11
253 286 11
253 285 11
259 296 11
259 295 11
260 261 11
261 322 11
261 297 11
266 268 11
268 269 11
268 270 11
268 271 11
268 272 11
268 273 11
269 285 11
269 271 11
269 272 11
270 272 11
270 285 11
270 273 11
271 272 11
271 273 11
274 275 11
275 281 11
278 279 11
282 283 11
283 312 11
284 285 11
285 286 11
287 297 11
287 298 11
287 317 11
288 289 11
289 974 11
293 294 11
294 297 11
294 315 11
295 296 11
297 298 11
297 315 11
297 299 11
298 299 11
300 301 11
300 303 11
300 304 11
300 305 11
301 304 11
301 302 11
301 305 11
301 613 11
302 304 11
302 305 11
302 303 11
303 304 11
303 305 11
304 305 11
306 309 11
306 308 11
306 310 11
307 309 11
307 310 11
308 310 11
308 309 11
308 1016 11
309 310 11
311 313 11
312 313 11
314 316 11
315 316 11
317 650 11
318 319 11
318 321 11
319 320 11
319 321 11
320 321 11
324 328 11
324 325 11
329 330 11
397 832 11
405 849 11
407 1358 11
411 857 11
463 960 11
470 1211 11
470 1209 11
470 1050 11
494 1228 11
528 899 11
578 812 11
580 860 11
594 748 11
599 1073 11
603 770 11
622 1026 11
631 1353 11
724 1447 11
794 1153 11
826 1423 11
833 1248 11
866 1237 11
886 1151 11
923 934 11
941 996 11
948 1188 11
1057 1327 11
1086 1370 11
1229 1240 11
5 920 12
21 80 12
55 879 12
61 311 12
61 351 12
69 931 12
71 114 12
73 456 12
90 192 12
107 320 12
107 228 12
109 1043 12
126 1387 12
160 735 12
176 245 12
176 327 12
176 350 12
176 354 12
176 349 12
191 941 12
195 360 12
195 358 12
195 737 12
204 1209 12
205 680 12
219 318 12
219 360 12
219 220 12
219 320 12
220 320 12
220 335 12
220 228 12
228 337 12
228 340 12
228 320 12
228 339 12
241 981 12
241 1426 12
245 356 12
260 345 12
260 344 12
276 363 12
276 362 12
276 748 12
279 353 12
295 362 12
297 343 12
297 1014 12
306 348 12
311 352 12
311 351 12
311 541 12
318 360 12
318 347 12
320 335 12
321 339 12
321 341 12
321 337 12
323 349 12
331 332 12
332 1406 12
333 334 12
337 342 12
337 340 12
337 339 12
337 338 12
338 342 12
339 340 12
344 345 12
346 347 12
350 354 12
351 1397 12
361 363 12
361 362 12
362 363 12
364 1120 12
367 368 12
367 369 12
368 370 12
368 369 12
369 370 12
407 862 12
415 795 12
417 501 12
419 1399 12
430 972 12
464 651 12
491 721 12
493 755 12
513 802 12
521 925 12
599 1325 12
617 1363 12
655 1195 12
670 1047 12
683 1462 12
733 1119 12
817 833 12
822 1272 12
857 897 12
881 1370 12
928 1037 12
1084 1291 12
1178 1235 12
1196 1276 12
1345 1379 12
13 200 13
31 1018 13
36 1290 13
105 255 13
121 909 13
138 339 13
152 790 13
156 896 13
167 809 13
181 1103 13
216 458 13
219 228 13
233 1118 13
257 857 13
292 380 13
306 389 13
308 653 13
336 1042 13
351 376 13
365 372 13
384 385 13
386 387 13
389 794 13
531 1285 13
562 653 13
658 875 13
723 1161 13
826 1449 13
925 1428 13
965 1154 13
1030 1171 13
12 518 14
27 1425 14
51 1374 14
52 382 14
59 939 14
61 415 14
73 927 14
123 767 14
129 1229 14
150 460 14
162 1385 14
162 315 14
190 488 14
204 1133 14
219 431 14
242 457 14
242 400 14
252 461 14
252 424 14
256 351 14
256 395 14
256 417 14
256 418 14
256 419 14
256 392 14
260 411 14
265 651 14
272 1327 14
279 362 14
280 365 14
280 362 14
285 1323 14
292 383 14
292 434 14
292 426 14
292 424 14
292 381 14
293 351 14
295 453 14
295 411 14
302 1198 14
306 391 14
310 891 14
311 401 14
311 403 14
311 442 14
320 360 14
320 456 14
323 445 14
323 444 14
324 628 14
324 902 14
331 464 14
331 381 14
335 465 14
338 341 14
341 447 14
341 342 14
341 384 14
342 365 14
345 430 14
345 362 14
345 359 14
347 412 14
347 460 14
347 360 14
348 898 14
351 402 14
353 455 14
353 377 14
354 410 14
354 404 14
354 408 14
355 397 14
359 363 14
359 922 14
360 412 14
360 456 14
360 465 14
361 362 14
361 363 14
362 430 14
362 365 14
365 447 14
366 420 14
366 421 14
366 422 14
366 423 14
377 396 14
378 396 14
378 394 14
378 392 14
381 383 14
383 424 14
389 452 14
391 1283 14
391 1072 14
392 393 14
392 394 14
392 395 14
392 396 14
393 396 14
394 396 14
398 400 14
399 400 14
399 445 14
399 409 14
400 457 14
401 402 14
402 403 14
404 405 14
404 410 14
405 410 14
406 407 14
406 409 14
406 408 14
407 408 14
407 409 14
408 409 14
409 445 14
409 444 14
409 446 14
411 804 14
412 413 14
414 416 14
417 418 14
420 422 14
421 423 14
422 423 14
423 438 14
423 439 14
424 425 14
424 426 14
427 429 14
432 436 14
432 433 14
432 434 14
432 435 14
433 436 14
433 434 14
433 437 14
434 436 14
434 651 14
435 441 14
435 436 14
438 439 14
440 441 14
444 446 14
444 445 14
445 446 14
450 451 14
453 454 14
458 459 14
474 835 14
480 551 14
489 1185 14
494 1005 14
533 912 14
545 938 14
558 1112 14
559 970 14
571 615 14
581 1168 14
596 722 14
617 1222 14
647 939 14
720 770 14
750 1332 14
750 757 14
786 1281 14
844 1343 14
847 953 14
867 1067 14
954 995 14
996 1127 14
1028 1449 14
1042 1163 14
1044 1058 14
1108 1332 14
1146 1371 14
1222 1276 14
1241 1278 14
1352 1375 14
1439 1450 14
6 1031 15
10 977 15
16 1264 15
39 724 15
68 805 15
71 912 15
93 456 15
96 1134 15
121 422 15
179 392 15
204 1324 15
252 488 15
256 442 15
256 473 15
256 418 15
256 283 15
257 939 15
260 469 15
260 468 15
279 345 15
279 475 15
279 361 15
279 495 15
293 475 15
295 453 15
320 493 15
323 334 15
328 1419 15
334 486 15
345 361 15
351 353 15
352 673 15
353 455 15
353 392 15
353 842 15
387 930 15
394 475 15
404 405 15
405 482 15
406 465 15
407 481 15
407 408 15
411 491 15
414 470 15
415 470 15
418 442 15
418 474 15
419 442 15
419 474 15
420 496 15
427 478 15
429 486 15
438 482 15
442 474 15
453 468 15
454 469 15
454 468 15
454 1161 15
455 874 15
465 481 15
469 1319 15
473 474 15
475 480 15
476 477 15
481 487 15
481 501 15
490 492 15
509 654 15
512 1194 15
529 758 15
560 1139 15
561 1186 15
652 1393 15
730 1250 15
751 880 15
752 830 15
771 1026 15
780 1459 15
825 963 15
833 1026 15
894 1092 15
903 1438 15
903 1262 15
905 1089 15
924 1325 15
945 1290 15
946 1002 15
1006 1063 15
1013 1084 15
1151 1295 15
1181 1470 15
1195 1444 15
1216 1447 15
11 381 16
60 76 16
69 1106 16
89 1141 16
111 930 16
191 466 16
242 1390 16
252 488 16
266 1021 16
267 722 16
268 1095 16
275 720 16
292 503 16
310 1439 16
320 530 16
331 516 16
334 438 16
335 339 16
351 416 16
351 402 16
357 399 16
392 492 16
399 444 16
403 507 16
404 522 16
405 438 16
418 571 16
419 507 16
435 550 16
438 502 16
446 534 16
454 491 16
476 728 16
478 1300 16
484 527 16
492 530 16
492 531 16
504 505 16
506 508 16
510 511 16
519 525 16
523 526 16
524 525 16
604 722 16
617 1133 16
646 1171 16
672 1027 16
746 769 16
784 1224 16
800 1095 16
826 1055 16
931 1107 16
972 1131 16
985 1148 16
1008 1270 16
1030 1322 16
1038 1288 16
1136 1414 16
1284 1311 16
1384 1412 16
1 696 17
17 568 17
39 366 17
47 795 17
108 313 17
142 798 17
162 1135 17
171 730 17
185 452 17
202 974 17
205 654 17
213 839 17
213 1188 17
223 830 17
228 365 17
250 566 17
256 866 17
306 639 17
312 1124 17
316 371 17
320 546 17
330 740 17
338 1399 17
350 685 17
354 410 17
356 709 17
366 422 17
382 503 17
382 522 17
398 446 17
399 544 17
401 514 17
404 503 17
419 508 17
441 499 17
447 1411 17
450 510 17
468 780 17
488 1463 17
507 508 17
514 525 17
532 535 17
537 538 17
540 541 17
542 545 17
542 543 17
543 545 17
576 656 17
674 1078 17
675 844 17
764 1325 17
770 1313 17
803 1076 17
808 1024 17
842 1087 17
865 869 17
866 1395 17
925 1422 17
983 1325 17
1220 1294 17
39 761 18
161 1271 18
195 1031 18
205 942 18
286 1125 18
308 401 18
311 1138 18
320 431 18
334 366 18
339 557 18
339 409 18
353 518 18
353 712 18
357 458 18
367 427 18
369 930 18
381 437 18
382 500 18
393 525 18
394 510 18
409 557 18
410 462 18
410 549 18
420 533 18
431 529 18
431 546 18
450 509 18
453 988 18
454 1023 18
460 558 18
462 549 18
467 1335 18
472 552 18
488 552 18
502 525 18
504 553 18
509 510 18
521 552 18
529 546 18
529 533 18
537 551 18
572 956 18
612 1442 18
741 1118 18
768 853 18
771 1169 18
823 874 18
860 1001 18
985 1030 18
1068 1428 18
1097 1316 18
0 67 19
76 497 19
139 1351 19
141 934 19
160 597 19
165 1435 19
174 442 19
226 721 19
250 1250 19
254 841 19
290 821 19
302 1095 19
308 907 19
312 1265 19
320 431 19
320 556 19
331 562 19
331 552 19
335 409 19
339 557 19
339 460 19
347 650 19
350 837 19
353 566 19
353 518 19
353 510 19
366 521 19
366 580 19
366 379 19
367 576 19
367 450 19
370 427 19
374 576 19
379 559 19
381 574 19
381 573 19
383 498 19
387 673 19
394 563 19
400 561 19
400 560 19
400 515 19
400 500 19
403 1025 19
409 557 19
419 514 19
419 578 19
419 577 19
420 533 19
420 570 19
425 427 19
425 592 19
427 450 19
427 555 19
431 556 19
431 546 19
431 537 19
432 448 19
437 583 19
437 559 19
446 460 19
450 509 19
450 576 19
454 533 19
454 561 19
460 557 19
460 465 19
460 561 19
460 536 19
500 560 19
504 553 19
504 510 19
504 1088 19
508 566 19
508 584 19
510 566 19
510 563 19
514 526 19
514 578 19
515 561 19
515 560 19
518 565 19
518 553 19
518 564 19
521 580 19
523 579 19
523 524 19
523 1104 19
524 554 19
526 554 19
533 570 19
533 555 19
533 561 19
533 941 19
537 568 19
543 585 19
543 586 19
546 556 19
547 582 19
552 562 19
552 574 19
552 575 19
553 555 19
554 579 19
558 1347 19
566 585 19
566 584 19
566 567 19
568 569 19
572 573 19
573 574 19
584 585 19
585 586 19
590 872 19
593 1338 19
598 1278 19
627 1029 19
673 920 19
678 743 19
683 728 19
699 963 19
700 1221 19
777 939 19
782 1342 19
803 1424 19
808 847 19
883 1196 19
951 1212 19
1024 1199 19
1034 1117 19
1144 1389 19
1200 1378 19
1224 1308 19
1283 1308 19
1346 1465 19
74 573 20
77 1356 20
93 888 20
139 805 20
152 937 20
165 966 20
175 336 20
204 1156 20
248 1030 20
309 1302 20
320 537 20
320 624 20
330 1395 20
331 521 20
331 574 20
332 967 20
341 902 20
354 602 20
355 465 20
357 602 20
357 610 20
357 608 20
357 609 20
358 928 20
367 576 20
367 635 20
367 593 20
367 427 20
370 424 20
374 593 20
374 604 20
374 427 20
374 424 20
376 627 20
376 458 20
376 614 20
379 1330 20
380 613 20
381 573 20
393 1309 20
394 611 20
394 612 20
394 510 20
425 623 20
425 576 20
425 622 20
425 606 20
446 582 20
450 1197 20
458 614 20
466 594 20
466 557 20
477 1436 20
483 1159 20
508 566 20
508 600 20
510 565 20
510 625 20
510 566 20
516 920 20
517 827 20
518 605 20
518 604 20
518 619 20
518 621 20
521 574 20
524 568 20
526 636 20
533 570 20
536 603 20
552 622 20
552 572 20
552 575 20
552 601 20
561 596 20
561 603 20
561 595 20
565 612 20
565 566 20
565 611 20
566 604 20
572 613 20
572 575 20
572 601 20
572 574 20
574 613 20
574 614 20
576 593 20
582 630 20
584 629 20
584 585 20
585 629 20
587 588 20
587 589 20
587 591 20
587 593 20
588 592 20
588 591 20
588 590 20
589 592 20
589 590 20
590 592 20
590 591 20
591 593 20
598 599 20
602 620 20
604 605 20
608 609 20
608 610 20
609 610 20
615 616 20
631 632 20
631 633 20
668 1136 20
672 1045 20
700 708 20
769 976 20
813 1445 20
816 834 20
873 1451 20
905 1439 20
915 1261 20
946 962 20
1036 1081 20
1052 1401 20
1101 1207 20
1269 1354 20
1296 1372 20
1323 1469 20
1380 1463 20
7 1097 21
18 88 21
36 898 21
40 81 21
45 1035 21
45 906 21
57 156 21
62 225 21
67 1263 21
71 837 21
75 290 21
101 354 21
106 167 21
107 1350 21
110 359 21
166 906 21
170 331 21
191 982 21
191 556 21
195 1183 21
202 932 21
205 1324 21
216 502 21
231 1243 21
245 1198 21
247 540 21
305 445 21
305 924 21
314 660 21
314 653 21
320 686 21
320 694 21
320 638 21
357 640 21
357 680 21
357 657 21
357 446 21
357 671 21
357 639 21
360 984 21
367 581 21
384 945 21
384 404 21
394 650 21
394 510 21
394 652 21
394 653 21
394 654 21
395 882 21
399 764 21
400 689 21
408 1343 21
410 649 21
410 645 21
419 1323 21
431 739 21
446 679 21
448 1265 21
467 1474 21
508 674 21
508 673 21
508 570 21
508 676 21
510 514 21
510 567 21
510 653 21
514 674 21
524 688 21
529 886 21
533 584 21
537 678 21
561 637 21
561 647 21
569 1479 21
569 1197 21
570 676 21
570 584 21
572 670 21
572 669 21
573 643 21
577 584 21
581 635 21
581 637 21
581 590 21
586 993 21
587 639 21
587 606 21
587 592 21
590 635 21
606 640 21
606 639 21
608 641 21
612 654 21
612 651 21
613 643 21
613 641 21
614 803 21
615 658 21
615 659 21
624 638 21
626 781 21
629 691 21
629 682 21
630 645 21
630 649 21
635 686 21
635 637 21
636 666 21
636 667 21
636 668 21
636 665 21
637 686 21
637 687 21
639 641 21
639 640 21
639 671 21
641 642 21
641 643 21
642 643 21
645 648 21
648 649 21
650 655 21
650 652 21
650 654 21
650 651 21
651 652 21
651 654 21
651 655 21
652 655 21
652 670 21
652 669 21
653 660 21
656 945 21
658 659 21
661 662 21
661 663 21
661 664 21
662 663 21
663 664 21
665 666 21
665 668 21
665 667 21
666 667 21
667 668 21
672 673 21
673 674 21
682 691 21
683 685 21
683 1043 21
684 685 21
692 693 21
701 862 21
723 1132 21
765 896 21
785 1289 21
909 1234 21
934 1415 21
1000 1356 21
1295 1305 21
1300 1327 21
1449 1461 21
3 1447 22
50 338 22
55 1053 22
64 831 22
67 711 22
69 355 22
87 711 22
104 907 22
110 587 22
113 345 22
115 399 22
141 249 22
144 494 22
168 1135 22
171 763 22
174 769 22
178 1211 22
223 792 22
224 1307 22
235 656 22
253 1246 22
255 648 22
272 725 22
280 1292 22
281 1355 22
311 1341 22
314 747 22
314 670 22
315 1291 22
320 716 22
320 701 22
327 1447 22
328 625 22
357 561 22
357 734 22
357 649 22
357 647 22
367 747 22
392 896 22
394 720 22
399 457 22
400 743 22
402 1017 22
405 1382 22
431 750 22
433 1171 22
436 1037 22
444 1092 22
475 1291 22
508 726 22
508 723 22
514 737 22
514 725 22
514 722 22
530 582 22
542 812 22
558 1370 22
561 581 22
561 647 22
568 707 22
568 701 22
568 597 22
572 670 22
572 705 22
575 592 22
578 629 22
578 709 22
578 753 22
581 728 22
581 742 22
581 711 22
585 862 22
592 744 22
597 701 22
602 1219 22
616 702 22
622 1123 22
629 753 22
629 674 22
635 849 22
654 722 22
661 1352 22
673 674 22
673 742 22
674 709 22
680 689 22
680 735 22
681 1223 22
682 707 22
683 1000 22
689 735 22
691 741 22
691 738 22
693 731 22
696 698 22
697 728 22
697 710 22
697 698 22
697 727 22
697 699 22
698 727 22
700 755 22
700 756 22
700 701 22
701 717 22
702 703 22
703 704 22
706 708 22
706 709 22
708 742 22
711 728 22
711 742 22
712 714 22
713 714 22
714 715 22
714 1200 22
718 719 22
719 743 22
720 747 22
720 746 22
722 737 22
723 724 22
724 726 22
725 737 22
725 726 22
729 730 22
734 745 22
738 740 22
738 741 22
738 739 22
740 741 22
740 1162 22
741 1245 22
743 745 22
744 781 22
746 747 22
750 751 22
754 805 22
755 756 22
757 758 22
776 877 22
807 1038 22
814 870 22
926 978 22
931 1058 22
1088 1252 22
1106 1259 22
1114 1403 22
1125 1150 22
1192 1339 22
1214 1332 22
1236 1297 22
1254 1376 22
0 19 23
0 983 23
6 1144 23
34 484 23
37 1376 23
44 1258 23
56 547 23
82 426 23
88 1351 23
88 952 23
89 269 23
99 635 23
118 1129 23
139 339 23
146 527 23
160 655 23
160 905 23
167 853 23
167 781 23
183 1170 23
193 1431 23
265 779 23
282 419 23
292 401 23
354 1060 23
357 734 23
357 779 23
357 778 23
357 780 23
357 745 23
357 735 23
367 795 23
369 788 23
372 1144 23
375 1002 23
379 1069 23
400 1233 23
463 1054 23
469 962 23
477 819 23
481 796 23
510 1015 23
513 1286 23
523 707 23
523 792 23
542 879 23
555 1316 23
575 606 23
575 801 23
581 775 23
581 697 23
581 776 23
581 802 23
590 761 23
592 790 23
594 1394 23
599 1294 23
606 794 23
606 803 23
613 790 23
628 795 23
628 782 23
647 788 23
649 770 23
649 864 23
659 1125 23
671 851 23
673 791 23
680 771 23
680 770 23
681 1401 23
697 766 23
697 737 23
697 733 23
705 764 23
706 765 23
707 796 23
712 715 23
713 715 23
714 715 23
716 797 23
716 796 23
727 1186 23
728 766 23
728 776 23
729 745 23
729 780 23
729 778 23
733 766 23
734 743 23
735 736 23
736 788 23
737 791 23
745 781 23
745 779 23
745 778 23
745 777 23
745 780 23
749 796 23
751 796 23
751 797 23
762 763 23
769 786 23
769 772 23
769 785 23
769 770 23
769 831 23
771 773 23
773 784 23
773 785 23
773 786 23
773 787 23
774 775 23
775 776 23
777 779 23
777 778 23
777 781 23
777 780 23
778 781 23
780 781 23
784 787 23
784 786 23
784 785 23
785 786 23
785 787 23
785 869 23
793 794 23
796 797 23
797 799 23
812 1479 23
821 1470 23
831 916 23
901 1265 23
918 1349 23
920 1092 23
946 1295 23
946 1327 23
963 1343 23
1152 1160 23
1186 1250 23
1340 1400 23
22 285 24
88 1339 24
163 1376 24
167 937 24
203 798 24
216 717 24
222 1156 24
230 719 24
328 400 24
330 589 24
335 613 24
342 731 24
408 1005 24
445 518 24
456 890 24
459 702 24
459 790 24
498 897 24
561 963 24
569 1403 24
578 821 24
578 820 24
637 1060 24
647 810 24
680 787 24
682 836 24
712 715 24
715 819 24
718 787 24
728 775 24
754 811 24
755 799 24
763 818 24
763 816 24
769 787 24
777 782 24
785 798 24
807 809 24
808 809 24
813 992 24
820 822 24
820 821 24
823 824 24
825 826 24
826 828 24
827 828 24
830 831 24
837 1390 24
927 1477 24
1001 1476 24
1041 1050 24
3 1020 25
18 483 25
29 588 25
44 587 25
50 1329 25
51 247 25
93 1253 25
102 1352 25
103 1256 25
121 1088 25
138 574 25
147 896 25
150 497 25
156 171 25
161 1374 25
204 1168 25
232 259 25
261 1401 25
378 775 25
431 661 25
431 1086 25
448 1393 25
463 766 25
469 983 25
502 1269 25
522 649 25
553 1309 25
601 1357 25
646 1212 25
680 787 25
689 1240 25
697 774 25
697 856 25
706 707 25
735 838 25
736 858 25
736 857 25
743 838 25
743 777 25
747 852 25
752 826 25
756 839 25
761 837 25
761 782 25
766 782 25
775 858 25
776 835 25
777 838 25
777 831 25
777 877 25
782 795 25
782 836 25
787 842 25
795 836 25
800 853 25
802 834 25
805 814 25
806 832 25
812 844 25
814 815 25
819 863 25
821 1174 25
832 848 25
832 833 25
832 849 25
840 841 25
843 844 25
845 846 25
847 849 25
848 859 25
848 849 25
857 858 25
862 863 25
864 865 25
923 1227 25
954 1440 25
974 986 25
993 1387 25
1041 1247 25
1084 1100 25
1110 1175 25
1133 1178 25
1158 1169 25
1213 1273 25
1308 1372 25
1373 1442 25
12 487 26
18 612 26
27 1122 26
46 773 26
76 289 26
83 267 26
90 838 26
112 905 26
113 1148 26
123 1182 26
127 1168 26
133 328 26
137 342 26
147 1476 26
179 231 26
248 660 26
249 1429 26
295 1271 26
320 1052 26
351 844 26
354 874 26
354 803 26
355 1137 26
382 1403 26
387 553 26
412 862 26
428 894 26
432 1434 26
460 880 26
462 700 26
484 529 26
504 547 26
527 1476 26
543 1231 26
571 1245 26
578 771 26
594 1471 26
667 822 26
674 707 26
674 812 26
678 741 26
680 735 26
680 785 26
695 957 26
706 866 26
706 851 26
707 873 26
707 868 26
714 819 26
714 863 26
728 751 26
730 930 26
733 748 26
743 870 26
752 862 26
752 828 26
755 808 26
755 839 26
755 807 26
761 869 26
763 876 26
763 815 26
766 844 26
775 776 26
777 855 26
777 838 26
786 864 26
800 815 26
803 875 26
807 867 26
807 808 26
810 1031 26
812 868 26
815 1197 26
818 1411 26
820 868 26
825 862 26
826 839 26
838 879 26
844 869 26
850 877 26
851 867 26
855 878 26
858 860 26
860 881 26
870 874 26
870 882 26
895 1132 26
899 1148 26
936 1024 26
954 1462 26
1015 1225 26
1064 1462 26
1122 1259 26
1126 1403 26
1153 1264 26
11 1322 27
20 1451 27
38 614 27
43 423 27
49 1232 27
71 931 27
82 685 27
106 1408 27
169 1034 27
193 616 27
232 1338 27
246 514 27
295 962 27
296 1189 27
298 1169 27
314 847 27
361 835 27
440 1423 27
440 562 27
473 1445 27
502 596 27
512 1286 27
564 1034 27
570 698 27
596 1318 27
673 674 27
681 1209 27
697 872 27
697 836 27
697 1024 27
707 812 27
728 775 27
728 836 27
730 1382 27
735 736 27
752 826 27
759 890 27
761 766 27
763 882 27
763 850 27
768 853 27
768 884 27
777 838 27
787 798 27
802 851 27
803 875 27
826 863 27
831 874 27
831 1445 27
836 872 27
836 878 27
839 894 27
844 851 27
850 875 27
857 858 27
862 944 27
864 871 27
873 895 27
876 885 27
876 888 27
885 886 27
888 1350 27
889 890 27
1059 1277 27
1075 1114 27
1111 1228 27
1140 1299 27
1275 1325 27
1283 1332 27
1368 1451 27
4 735 28
40 727 28
47 67 28
87 521 28
122 1466 28
200 942 28
239 1264 28
252 290 28
278 657 28
317 1143 28
339 1164 28
365 390 28
382 1128 28
396 1426 28
418 1335 28
421 1221 28
424 547 28
450 1295 28
477 966 28
609 1429 28
634 925 28
639 977 28
728 807 28
763 803 28
763 850 28
763 863 28
803 851 28
803 884 28
812 901 28
814 967 28
820 822 28
845 903 28
850 907 28
850 884 28
863 884 28
911 912 28
1018 1241 28
1111 1278 28
6 264 29
71 1333 29
103 1395 29
177 497 29
181 1147 29
219 539 29
242 710 29
252 348 29
339 894 29
348 818 29
374 1188 29
391 1207 29
446 629 29
619 1006 29
629 951 29
644 1171 29
678 1312 29
777 817 29
817 851 29
849 1185 29
866 916 29
906 1259 29
908 909 29
910 914 29
912 921 29
918 919 29
943 1239 29
16 26 30
16 1095 30
299 929 30
319 338 30
410 731 30
433 688 30
443 932 30
534 856 30
576 793 30
624 1454 30
917 919 30
1076 1310 30
90 1019 31
211 955 31
1449 1479 31
63 1351 32
366 960 32
770 1388 32
272 276 33
463 496 33
486 1295 33
512 612 33
871 988 33
113 1255 35
163 698 35
275 1352 35
552 1278 35
966 1275 35
1171 1445 35
227 616 36
563 965 36
124 764 37
95 290 39
227 962 39
8 1004 40
107 1446 40
120 820 40
132 546 40
142 1358 40
258 835 40
261 967 40
311 490 40
404 751 40
405 1473 40
661 1344 40
871 1002 40
932 1110 40
936 1184 40
939 957 40
942 943 40
945 961 40
947 948 40
955 956 40
1203 1308 40
1205 1292 40
1285 1310 40
19 1155 41
29 276 41
158 812 41
194 421 41
199 1109 41
200 1422 41
209 260 41
220 892 41
228 865 41
236 1270 41
278 346 41
282 691 41
296 447 41
310 639 41
320 1077 41
326 1310 41
338 339 41
393 1061 41
401 1189 41
404 970 41
409 1011 41
453 518 41
554 1327 41
570 763 41
605 1459 41
619 801 41
716 1051 41
736 775 41
773 1258 41
777 1054 41
792 1174 41
908 1197 41
930 983 41
930 981 41
931 971 41
931 970 41
931 969 41
933 1438 41
936 972 41
936 967 41
936 984 41
944 976 41
944 975 41
944 974 41
944 973 41
946 1006 41
946 1004 41
946 1003 41
946 1373 41
947 978 41
948 977 41
948 966 41
949 982 41
949 980 41
957 1001 41
957 1002 41
965 1002 41
966 978 41
966 977 41
967 968 41
968 969 41
968 971 41
970 1009 41
973 975 41
976 1009 41
977 1005 41
979 981 41
979 995 41
981 995 41
982 1008 41
984 985 41
985 996 41
992 994 41
992 993 41
993 994 41
994 998 41
996 1012 41
998 999 41
998 1188 41
1000 1001 41
1001 1002 41
1002 1003 41
1011 1086 41
1066 1120 41
1112 1312 41
1140 1362 41
1147 1305 41
1154 1427 41
1169 1209 41
1206 1295 41
1322 1429 41
1356 1379 41
14 617 42
24 924 42
31 630 42
41 47 42
61 756 42
96 1336 42
106 1217 42
127 482 42
140 1435 42
177 295 42
188 1161 42
206 1192 42
245 1112 42
265 457 42
268 962 42
275 1230 42
321 791 42
391 892 42
408 1037 42
411 522 42
423 1243 42
430 562 42
438 772 42
447 806 42
498 1327 42
498 1235 42
500 1121 42
520 868 42
538 929 42
565 1138 42
581 1439 42
585 1005 42
591 613 42
609 1445 42
724 1041 42
727 1372 42
740 766 42
759 1242 42
768 1289 42
852 1057 42
890 1036 42
906 1055 42
920 1247 42
931 968 42
931 998 42
942 1017 42
945 1361 42
949 1019 42
949 1005 42
949 981 42
962 1046 42
962 1051 42
962 1020 42
962 1047 42
962 1045 42
965 1054 42
966 1050 42
968 1014 42
972 1055 42
972 1023 42
976 1027 42
981 1021 42
981 1005 42
981 1018 42
983 1008 42
985 986 42
986 1026 42
986 1025 42
995 1307 42
997 1005 42
998 1030 42
998 1022 42
998 1054 42
998 1048 42
998 999 42
1005 1018 42
1005 1028 42
1008 1033 42
1008 1052 42
1011 1051 42
1011 1049 42
1014 1030 42
1015 1017 42
1015 1016 42
1016 1042 42
1018 1053 42
1018 1022 42
1018 1028 42
1020 1046 42
1020 1045 42
1021 1022 42
1023 1024 42
1024 1035 42
1024 1034 42
1024 1033 42
1024 1032 42
1025 1026 42
1027 1384 42
1029 1030 42
1030 1048 42
1031 1033 42
1031 1032 42
1031 1036 42
1031 1035 42
1032 1052 42
1032 1036 42
1033 1035 42
1033 1034 42
1035 1038 42
1035 1036 42
1038 1039 42
1039 1040 42
1041 1044 42
1041 1043 42
1041 1042 42
1057 1345 42
1400 1406 42
18 1432 43
60 1161 43
69 1346 43
77 509 43
82 513 43
89 492 43
98 1340 43
138 173 43
145 314 43
178 786 43
180 628 43
181 1124 43
193 1213 43
254 987 43
296 396 43
296 655 43
306 1470 43
315 898 43
341 532 43
346 1267 43
355 831 43
406 1462 43
459 505 43
475 1184 43
485 965 43
494 1059 43
511 1162 43
523 902 43
535 1326 43
549 1318 43
595 1046 43
602 824 43
637 1380 43
650 1131 43
713 1410 43
735 977 43
828 912 43
840 920 43
865 1155 43
900 1464 43
901 1250 43
922 1360 43
930 1063 43
930 980 43
930 1065 43
930 1066 43
930 958 43
931 1082 43
932 1225 43
947 1079 43
947 1085 43
958 1063 43
960 1404 43
961 1143 43
962 1046 43
962 1088 43
965 1024 43
965 1038 43
966 1122 43
972 1040 43
976 1109 43
976 1104 43
976 1022 43
980 983 43
980 1005 43
980 1053 43
982 1111 43
983 1005 43
983 1053 43
985 1080 43
985 1025 43
993 1088 43
993 1090 43
993 1091 43
999 1083 43
999 1018 43
999 1079 43
999 1029 43
999 1085 43
999 1108 43
1005 1083 43
1005 1053 43
1005 1117 43
1005 1018 43
1005 1079 43
1005 1085 43
1005 1081 43
1005 1038 43
1006 1098 43
1008 1033 43
1008 1066 43
1011 1114 43
1015 1080 43
1018 1083 43
1018 1082 43
1022 1050 43
1024 1100 43
1024 1099 43
1024 1038 43
1032 1076 43
1032 1095 43
1032 1111 43
1032 1073 43
1032 1072 43
1032 1092 43
1032 1071 43
1033 1063 43
1037 1210 43
1038 1100 43
1038 1072 43
1038 1070 43
1038 1074 43
1038 1069 43
1038 1099 43
1038 1073 43
1038 1071 43
1038 1058 43
1040 1076 43
1040 1056 43
1041 1056 43
1046 1112 43
1046 1088 43
1049 1103 43
1049 1101 43
1049 1051 43
1049 1104 43
1049 1416 43
1053 1108 43
1056 1075 43
1057 1058 43
1057 1059 43
1057 1060 43
1057 1061 43
1057 1062 43
1058 1061 43
1058 1062 43
1058 1059 43
1059 1062 43
1059 1060 43
1060 1061 43
1061 1062 43
1063 1069 43
1064 1065 43
1064 1066 43
1065 1066 43
1070 1074 43
1070 1071 43
1070 1073 43
1071 1074 43
1076 1096 43
1076 1092 43
1077 1079 43
1078 1079 43
1079 1085 43
1081 1082 43
1081 1083 43
1081 1085 43
1082 1083 43
1082 1085 43
1083 1085 43
1086 1087 43
1088 1090 43
1088 1089 43
1088 1091 43
1089 1090 43
1092 1093 43
1092 1095 43
1092 1096 43
1099 1100 43
1099 1106 43
1099 1105 43
1101 1102 43
1101 1103 43
1101 1104 43
1102 1103 43
1113 1114 43
1113 1115 43
1114 1115 43
1289 1399 43
1365 1378 43
52 67 44
66 924 44
83 681 44
87 1068 44
110 275 44
112 797 44
125 1134 44
157 410 44
203 374 44
219 812 44
248 514 44
279 915 44
336 1252 44
363 582 44
393 606 44
411 599 44
426 1112 44
434 612 44
469 1312 44
485 869 44
507 1052 44
525 1049 44
567 1138 44
568 605 44
601 879 44
612 1394 44
617 795 44
689 1240 44
706 1135 44
708 1150 44
757 1033 44
793 1315 44
913 1322 44
947 980 44
947 983 44
983 1133 44
1008 1121 44
1011 1102 44
1011 1132 44
1017 1124 44
1022 1050 44
1032 1126 44
1041 1130 44
1050 1060 44
1050 1059 44
1120 1121 44
1124 1125 44
15 1011 45
22 142 45
24 454 45
67 501 45
77 1347 45
102 1065 45
111 613 45
118 947 45
125 574 45
128 469 45
147 612 45
152 658 45
186 616 45
215 397 45
229 1082 45
260 1387 45
261 845 45
269 412 45
297 1314 45
300 557 45
311 614 45
315 613 45
322 744 45
333 636 45
338 445 45
345 1046 45
345 856 45
377 1478 45
386 992 45
411 415 45
458 746 45
503 1245 45
519 614 45
568 847 45
616 1227 45
644 1303 45
666 1133 45
686 1352 45
693 1066 45
778 1038 45
794 852 45
800 1315 45
809 971 45
862 949 45
870 876 45
972 1146 45
976 1177 45
976 1169 45
983 1176 45
983 1154 45
1011 1181 45
1011 1149 45
1011 1115 45
1017 1124 45
1022 1180 45
1029 1079 45
1029 1151 45
1036 1440 45
1041 1060 45
1041 1132 45
1041 1149 45
1041 1148 45
1041 1147 45
1041 1076 45
1046 1081 45
1056 1104 45
1056 1115 45
1056 1161 45
1056 1157 45
1056 1080 45
1056 1162 45
1057 1081 45
1059 1179 45
1060 1147 45
1060 1161 45
1060 1148 45
1068 1139 45
1068 1138 45
1069 1070 45
1069 1134 45
1074 1076 45
1076 1147 45
1079 1150 45
1080 1162 45
1080 1111 45
1081 1150 45
1081 1153 45
1088 1385 45
1093 1134 45
1104 1161 45
1104 1136 45
1104 1137 45
1110 1124 45
1115 1158 45
1115 1149 45
1125 1132 45
1126 1163 45
1127 1178 45
1127 1135 45
1132 1146 45
1133 1171 45
1133 1170 45
1134 1165 45
1136 1137 45
1139 1140 45
1140 1141 45
1140 1142 45
1141 1142 45
1144 1145 45
1146 1161 45
1147 1148 45
1149 1182 45
1149 1158 45
1150 1166 45
1150 1168 45
1150 1153 45
1153 1168 45
1153 1166 45
1155 1156 45
1156 1160 45
1157 1192 45
1158 1159 45
1166 1168 45
1170 1171 45
1170 1172 45
1171 1172 45
1174 1175 45
1177 1178 45
1180 1181 45
1313 1350 45
1356 1377 45
1398 1464 45
9 1006 46
10 81 46
16 1468 46
23 1068 46
24 587 46
29 53 46
50 313 46
64 865 46
69 623 46
100 194 46
113 210 46
120 249 46
131 1212 46
145 583 46
148 391 46
156 1475 46
156 677 46
161 944 46
165 183 46
172 490 46
187 718 46
192 1162 46
258 1087 46
266 516 46
302 1129 46
310 1070 46
310 557 46
334 663 46
354 1450 46
363 961 46
377 1452 46
431 1394 46
446 922 46
477 684 46
482 1268 46
505 1083 46
509 555 46
524 740 46
531 1284 46
535 801 46
568 903 46
645 746 46
677 694 46
680 1162 46
749 1089 46
760 1017 46
794 1219 46
828 859 46
903 1371 46
909 1152 46
929 996 46
940 944 46
950 1187 46
960 1174 46
972 1183 46
976 1104 46
980 1203 46
983 1203 46
995 1157 46
1008 1051 46
1011 1181 46
1011 1149 46
1026 1120 46
1029 1164 46
1029 1188 46
1029 1205 46
1029 1189 46
1041 1157 46
1041 1193 46
1041 1060 46
1041 1132 46
1041 1174 46
1041 1190 46
1046 1067 46
1048 1239 46
1056 1207 46
1056 1190 46
1056 1146 46
1056 1076 46
1057 1135 46
1060 1201 46
1060 1193 46
1060 1149 46
1063 1069 46
1069 1070 46
1076 1146 46
1076 1193 46
1080 1125 46
1093 1190 46
1093 1191 46
1093 1192 46
1093 1144 46
1093 1134 46
1095 1193 46
1097 1270 46
1102 1178 46
1104 1136 46
1110 1125 46
1111 1162 46
1116 1199 46
1116 1197 46
1132 1148 46
1132 1174 46
1132 1152 46
1133 1172 46
1134 1191 46
1134 1209 46
1135 1185 46
1142 1143 46
1144 1191 46
1146 1192 46
1146 1190 46
1147 1195 46
1147 1193 46
1147 1194 46
1148 1174 46
1148 1152 46
1149 1201 46
1149 1193 46
1150 1198 46
1150 1200 46
1150 1196 46
1150 1197 46
1150 1363 46
1153 1210 46
1156 1185 46
1156 1206 46
1156 1199 46
1163 1202 46
1164 1205 46
1164 1186 46
1164 1189 46
1169 1206 46
1169 1185 46
1180 1181 46
1183 1184 46
1185 1206 46
1186 1188 46
1186 1189 46
1187 1188 46
1188 1189 46
1189 1205 46
1190 1192 46
1190 1191 46
1193 1201 46
1193 1195 46
1196 1197 46
1196 1200 46
1197 1199 46
1197 1198 46
1197 1200 46
1198 1199 46
1198 1200 46
1199 1200 46
1211 1212 46
1238 1429 46
1333 1339 46
1352 1408 46
9 351 47
14 637 47
17 1350 47
21 1422 47
25 1120 47
37 544 47
39 1192 47
67 933 47
90 1276 47
126 159 47
144 1209 47
177 1048 47
210 1015 47
215 1124 47
244 679 47
247 577 47
307 344 47
331 1279 47
411 989 47
448 1161 47
492 1220 47
519 1372 47
522 1110 47
650 1413 47
753 915 47
756 1252 47
780 1200 47
793 1266 47
813 1338 47
858 1214 47
951 1424 47
960 1237 47
960 1184 47
960 1102 47
971 1465 47
990 1141 47
1022 1083 47
1032 1391 47
1063 1069 47
1064 1239 47
1067 1173 47
1079 1234 47
1089 1169 47
1093 1191 47
1093 1190 47
1095 1193 47
1110 1385 47
1121 1128 47
1124 1174 47
1125 1174 47
1127 1205 47
1133 1172 47
1133 1170 47
1134 1190 47
1135 1218 47
1135 1217 47
1139 1143 47
1142 1143 47
1153 1234 47
1153 1227 47
1155 1224 47
1155 1208 47
1155 1225 47
1163 1202 47
1169 1173 47
1170 1171 47
1172 1203 47
1172 1239 47
1183 1211 47
1185 1206 47
1185 1218 47
1186 1189 47
1190 1191 47
1195 1201 47
1198 1199 47
1199 1218 47
1208 1224 47
1210 1236 47
1210 1235 47
1211 1407 47
1220 1222 47
1220 1221 47
1224 1232 47
1224 1225 47
1224 1231 47
1226 1227 47
1226 1228 47
1229 1230 47
1231 1232 47
1235 1236 47
1245 1442 47
1383 1400 47
9 1450 48
18 1068 48
38 953 48
46 252 48
106 282 48
133 1024 48
135 1451 48
138 306 48
201 377 48
222 1171 48
229 1405 48
229 732 48
268 394 48
272 660 48
277 863 48
299 1429 48
343 437 48
370 1127 48
419 829 48
439 1268 48
454 942 48
486 1233 48
529 1453 48
532 1045 48
562 653 48
568 875 48
638 639 48
656 1455 48
678 868 48
695 926 48
751 980 48
795 1188 48
807 1038 48
901 983 48
980 1243 48
1011 1182 48
1011 1137 48
1022 1083 48
1041 1159 48
1063 1069 48
1081 1183 48
1081 1155 48
1081 1224 48
1095 1147 48
1095 1144 48
1102 1178 48
1102 1136 48
1104 1410 48
1120 1173 48
1121 1128 48
1124 1248 48
1125 1248 48
1127 1185 48
1127 1135 48
1133 1172 48
1134 1192 48
1135 1241 48
1135 1199 48
1135 1185 48
1136 1178 48
1137 1182 48
1145 1207 48
1148 1175 48
1154 1249 48
1155 1231 48
1155 1183 48
1158 1159 48
1158 1250 48
1170 1172 48
1171 1172 48
1183 1219 48
1185 1199 48
1185 1241 48
1191 1192 48
1194 1216 48
1197 1200 48
1201 1216 48
1205 1244 48
1221 1222 48
1224 1231 48
1226 1234 48
87 238 49
127 585 49
131 233 49
147 1109 49
155 447 49
163 838 49
179 375 49
313 544 49
330 1410 49
432 1076 49
446 653 49
457 1268 49
474 949 49
562 670 49
597 1036 49
628 1254 49
694 1420 49
702 1139 49
705 877 49
807 1472 49
961 1243 49
1067 1143 49
1070 1242 49
1081 1189 49
1127 1135 49
1128 1252 49
1153 1228 49
1156 1206 49
1187 1204 49
1187 1189 49
1253 1254 49
7 1077 50
20 650 50
23 481 50
52 849 50
77 1145 50
77 540 50
122 1231 50
136 982 50
165 259 50
171 245 50
196 244 50
228 645 50
246 1318 50
249 1121 50
254 274 50
337 1426 50
405 744 50
411 1120 50
437 818 50
439 1169 50
442 1064 50
454 1047 50
491 1212 50
525 561 50
546 970 50
568 939 50
586 801 50
619 1359 50
748 1443 50
804 1316 50
970 1142 50
972 1145 50
1011 1427 50
1012 1025 50
1022 1083 50
1026 1256 50
1111 1134 50
1124 1146 50
1126 1254 50
1126 1258 50
1128 1252 50
1128 1253 50
1139 1392 50
1145 1195 50
1171 1245 50
1173 1206 50
1182 1304 50
1189 1211 50
1189 1244 50
1242 1245 50
1246 1255 50
1249 1256 50
1251 1262 50
1252 1253 50
1263 1264 50
1266 1267 50
1311 1349 50
5 1304 51
33 393 51
39 239 51
41 1036 51
50 853 51
71 1138 51
79 160 51
114 625 51
114 333 51
138 1066 51
145 341 51
162 438 51
188 747 51
226 1257 51
232 716 51
234 442 51
258 1009 51
271 945 51
277 639 51
321 1110 51
334 602 51
394 736 51
410 744 51
481 1033 51
511 745 51
537 1073 51
537 999 51
556 1291 51
559 1229 51
617 646 51
627 1128 51
631 1037 51
648 894 51
681 1278 51
759 1332 51
773 1139 51
773 903 51
782 1096 51
791 844 51
810 1098 51
860 885 51
940 1209 51
971 1248 51
981 1309 51
1022 1156 51
1022 1195 51
1030 1318 51
1067 1257 51
1068 1142 51
1070 1234 51
1070 1242 51
1074 1391 51
1095 1274 51
1108 1131 51
1111 1134 51
1111 1126 51
1111 1280 51
1126 1280 51
1128 1273 51
1134 1280 51
1143 1173 51
1154 1234 51
1156 1257 51
1156 1195 51
1166 1171 51
1178 1279 51
1178 1275 51
1189 1251 51
1189 1235 51
1189 1270 51
1228 1277 51
1228 1233 51
1234 1245 51
1235 1271 51
1242 1269 51
1242 1262 51
1243 1278 51
1245 1272 51
1245 1269 51
1246 1276 51
1250 1275 51
1258 1278 51
1262 1269 51
1262 1272 51
1269 1272 51
1270 1271 51
87 1323 52
96 346 52
164 1014 52
186 1347 52
200 434 52
327 882 52
357 671 52
395 1303 52
507 1329 52
529 1335 52
585 1410 52
694 721 52
857 1045 52
861 1100 52
1280 1284 52
26 1147 53
29 957 53
36 109 53
37 1471 53
119 1301 53
123 1334 53
131 608 53
151 549 53
179 981 53
216 696 53
274 671 53
287 1055 53
360 1368 53
388 1128 53
483 677 53
604 637 53
606 1337 53
608 1441 53
777 1159 53
804 1095 53
825 1429 53
997 1093 53
1022 1156 53
1138 1306 53
1152 1373 53
1156 1266 53
1235 1283 53
1235 1270 53
1243 1269 53
1284 1301 53
1290 1291 53
1293 1295 53
1294 1295 53
13 1366 54
14 841 54
66 1194 54
68 1083 54
92 1467 54
96 1455 54
101 879 54
101 1309 54
116 1398 54
131 1314 54
140 468 54
167 453 54
170 296 54
172 970 54
222 680 54
231 513 54
258 811 54
262 328 54
277 282 54
284 1286 54
353 1430 54
362 1087 54
376 719 54
404 1313 54
411 715 54
486 1280 54
531 709 54
654 1174 54
670 1009 54
671 1218 54
687 986 54
725 875 54
844 1397 54
852 1220 54
869 1101 54
911 1204 54
951 1121 54
1047 1056 54
1108 1426 54
1235 1314 54
1246 1472 54
1262 1331 54
1269 1315 54
1276 1301 54
1283 1330 54
1284 1334 54
1288 1323 54
1294 1295 54
1296 1323 54
1301 1334 54
1310 1313 54
1311 1312 54
1312 1335 54
1313 1337 54
1315 1317 54
1315 1318 54
1315 1319 54
1315 1321 54
1316 1319 54
1325 1326 54
1329 1330 54
1335 1338 54
0 784 55
1 44 55
36 355 55
44 1279 55
45 585 55
49 484 55
60 181 55
149 435 55
149 1059 55
151 972 55
154 1016 55
210 1328 55
231 465 55
250 1293 55
252 614 55
266 722 55
274 1117 55
288 657 55
329 802 55
329 895 55
334 1050 55
343 966 55
410 657 55
438 1214 55
474 1105 55
475 640 55
482 539 55
483 1059 55
499 1228 55
539 1333 55
556 613 55
558 1296 55
579 938 55
627 782 55
668 676 55
736 1303 55
740 1385 55
797 1052 55
801 1401 55
841 879 55
843 951 55
847 1071 55
873 898 55
879 1405 55
896 920 55
903 1040 55
925 1183 55
957 1458 55
978 1158 55
982 1081 55
993 1204 55
1022 1376 55
1156 1310 55
1211 1378 55
1235 1379 55
1253 1320 55
1263 1398 55
1271 1306 55
1271 1334 55
1276 1309 55
1276 1357 55
1283 1356 55
1287 1309 55
1287 1371 55
1290 1466 55
1293 1365 55
1293 1372 55
1293 1352 55
1293 1312 55
1293 1363 55
1295 1371 55
1296 1310 55
1296 1327 55
1296 1350 55
1296 1349 55
1305 1345 55
1306 1355 55
1309 1357 55
1310 1383 55
1312 1372 55
1312 1338 55
1312 1385 55
1315 1344 55
1318 1320 55
1322 1356 55
1322 1329 55
1323 1349 55
1324 1355 55
1326 1330 55
1326 1354 55
1328 1340 55
1329 1330 55
1334 1355 55
1338 1372 55
1338 1363 55
1340 1341 55
1345 1347 55
1346 1348 55
1346 1373 55
1351 1352 55
1352 1353 55
1352 1367 55
1353 1367 55
1359 1360 55
1359 1362 55
1359 1361 55
1363 1366 55
1363 1365 55
1363 1364 55
1366 1381 55
1373 1374 55
1377 1385 55
1379 1382 55
23 1312 56
81 1349 56
100 1031 56
122 1087 56
173 515 56
176 368 56
180 606 56
186 1094 56
196 1053 56
197 638 56
210 342 56
242 551 56
245 1095 56
253 792 56
340 781 56
359 558 56
360 1114 56
361 528 56
368 1001 56
395 923 56
440 1399 56
448 957 56
449 629 56
455 917 56
457 1284 56
462 500 56
473 854 56
481 792 56
549 895 56
754 1144 56
767 854 56
847 1476 56
861 1262 56
1022 1415 56
1026 1377 56
1172 1449 56
1262 1329 56
1262 1370 56
1262 1412 56
1274 1463 56
1276 1295 56
1287 1402 56
1287 1401 56
1288 1410 56
1290 1377 56
1291 1365 56
1295 1309 56
1296 1310 56
1296 1383 56
1305 1348 56
1305 1346 56
1306 1417 56
1306 1408 56
1309 1414 56
1310 1350 56
1310 1383 56
1310 1323 56
1312 1422 56
1312 1376 56
1316 1320 56
1320 1408 56
1324 1354 56
1326 1354 56
1326 1369 56
1329 1370 56
1329 1356 56
1329 1397 56
1330 1396 56
1330 1397 56
1346 1348 56
1346 1409 56
1347 1417 56
1347 1348 56
1347 1408 56
1350 1391 56
1350 1377 56
1357 1401 56
1360 1414 56
1361 1365 56
1366 1419 56
1366 1410 56
1368 1407 56
1371 1421 56
1384 1398 56
1389 1413 56
1391 1392 56
1393 1395 56
1393 1394 56
1403 1405 56
1409 1414 56
1410 1419 56
1410 1411 56
1412 1413 56
1414 1418 56
1415 1416 56
35 1265 57
39 1177 57
48 69 57
52 354 57
60 395 57
69 1408 57
95 658 57
101 613 57
129 1234 57
131 1187 57
203 1319 57
211 1156 57
222 416 57
238 1445 57
238 454 57
251 521 57
283 981 57
287 966 57
297 568 57
300 522 57
314 675 57
332 346 57
366 1403 57
442 697 57
465 500 57
493 956 57
559 786 57
566 1416 57
580 668 57
591 643 57
598 744 57
601 1050 57
630 1249 57
648 980 57
749 973 57
759 1325 57
794 1149 57
808 1466 57
836 902 57
889 1415 57
889 1344 57
970 1038 57
970 973 57
1022 1428 57
1033 1121 57
1176 1426 57
1254 1439 57
1276 1309 57
1276 1362 57
1288 1366 57
1290 1431 57
1296 1310 57
1296 1323 57
1296 1404 57
1305 1346 57
1306 1440 57
1306 1347 57
1309 1362 57
1309 1431 57
1309 1384 57
1309 1418 57
1309 1414 57
1309 1436 57
1310 1404 57
1310 1427 57
1312 1372 57
1312 1416 57
1312 1438 57
1315 1425 57
1320 1417 57
1320 1354 57
1323 1427 57
1328 1384 57
1328 1421 57
1330 1413 57
1330 1431 57
1330 1407 57
1334 1440 57
1334 1361 57
1335 1404 57
1341 1398 57
1341 1346 57
1341 1345 57
1345 1398 57
1346 1398 57
1347 1417 57
1348 1417 57
1355 1408 57
1357 1360 57
1360 1437 57
1361 1437 57
1362 1439 57
1362 1414 57
1362 1409 57
1362 1436 57
1366 1371 57
1366 1404 57
1368 1431 57
1370 1434 57
1372 1416 57
1380 1443 57
1384 1431 57
1389 1412 57
1390 1423 57
1395 1403 57
1399 1428 57
1403 1430 57
1403 1405 57
1405 1429 57
1407 1431 57
1414 1418 57
1414 1436 57
1418 1436 57
1420 1437 57
1424 1425 57
1424 1426 57
1425 1426 57
15 367 58
23 1242 58
28 932 58
40 437 58
57 128 58
63 351 58
70 977 58
75 1351 58
99 693 58
104 1005 58
120 698 58
134 684 58
135 1108 58
164 544 58
168 1418 58
177 785 58
190 744 58
210 388 58
210 988 58
214 433 58
226 565 58
242 635 58
260 1185 58
291 1015 58
322 828 58
338 387 58
362 574 58
369 611 58
412 1380 58
418 1227 58
451 460 58
519 1403 58
540 692 58
549 1342 58
574 1286 58
585 735 58
595 1110 58
596 774 58
623 1322 58
668 1303 58
682 786 58
705 872 58
744 747 58
758 1238 58
818 1012 58
845 1156 58
859 878 58
900 1174 58
904 1373 58
940 1252 58
943 1312 58
950 1235 58
952 1444 58
971 1175 58
978 1312 58
1035 1104 58
1037 1179 58
1186 1268 58
1291 1437 58
1291 1360 58
1305 1306 58
1305 1320 58
1306 1425 58
1309 1446 58
1309 1362 58
1310 1350 58
1316 1322 58
1323 1453 58
1323 1327 58
1323 1410 58
1327 1410 58
1327 1453 58
1329 1354 58
1329 1370 58
1347 1348 58
1350 1462 58
1360 1457 58
1362 1420 58
1362 1418 58
1368 1395 58
1372 1455 58
1372 1400 58
1372 1430 58
1384 1398 58
1400 1430 58
1403 1458 58
1403 1432 58
1414 1436 58
1414 1433 58
1420 1457 58
1423 1432 58
1423 1458 58
1423 1430 58
1425 1449 58
1432 1458 58
1432 1454 58
1433 1447 58
1433 1435 58
1436 1439 58
1438 1445 58
1446 1447 58
1454 1455 58
5 1220 59
11 1121 59
25 300 59
36 856 59
44 1104 59
47 1443 59
93 538 59
140 558 59
176 733 59
249 853 59
280 1193 59
468 1281 59
472 1390 59
480 1260 59
510 513 59
527 624 59
566 1185 59
574 956 59
583 1114 59
690 989 59
765 1127 59
781 987 59
814 938 59
872 959 59
906 1353 59
963 1332 59
964 1084 59
1004 1443 59
1022 1471 59
1160 1463 59
1234 1400 59
1271 1291 59
1316 1319 59
1319 1470 59
1320 1324 59
1320 1355 59
1320 1347 59
1324 1347 59
1324 1467 59
1329 1370 59
1330 1452 59
1334 1400 59
1347 1427 59
1355 1362 59
1357 1439 59
1357 1401 59
1362 1439 59
1368 1472 59
1368 1460 59
1370 1407 59
1372 1400 59
1391 1469 59
1393 1466 59
1401 1447 59
1403 1471 59
1407 1460 59
1413 1465 59
1413 1452 59
1414 1420 59
1417 1464 59
1420 1439 59
1430 1448 59
1449 1465 59
1452 1465 59
1473 1474 59
35 574 60
54 517 60
55 269 60
211 840 60
292 323 60
311 1425 60
416 906 60
427 1116 60
627 1451 60
674 1124 60
750 1298 60
794 1060 60
840 992 60
1151 1426 60
1176 1318 60
1219 1240 60
1348 1355 60
1420 1455 60
