4 1308 0
6 714 0
9 487 0
12 980 0
14 1242 0
16 876 0
27 561 0
31 249 0
33 86 0
38 902 0
38 831 0
46 96 0
56 923 0
65 748 0
66 1350 0
74 238 0
86 1417 0
86 459 0
87 1285 0
90 538 0
90 1367 0
109 1350 0
126 600 0
135 1262 0
136 865 0
145 1423 0
165 1242 0
193 624 0
209 768 0
228 1410 0
230 461 0
269 432 0
277 1077 0
314 1473 0
340 1179 0
356 1472 0
360 964 0
368 1151 0
371 1075 0
371 1430 0
381 958 0
389 660 0
403 1257 0
411 1107 0
439 549 0
452 781 0
499 1161 0
512 1003 0
528 1279 0
543 1236 0
547 1429 0
567 1427 0
573 1421 0
603 637 0
619 747 0
651 783 0
669 1128 0
675 784 0
676 889 0
681 1286 0
689 1333 0
697 1019 0
699 1432 0
702 766 0
733 1348 0
762 1078 0
772 1424 0
792 892 0
801 1436 0
826 992 0
834 1167 0
855 1360 0
894 1159 0
938 948 0
938 1253 0
968 1102 0
996 1231 0
1052 1143 0
1072 1173 0
1073 1130 0
1076 1203 0
1079 1141 0
1101 1155 0
1106 1187 0
1109 1316 0
1206 1370 0
1223 1446 0
1228 1323 0
1318 1320 0
4 809 1
49 1434 1
70 621 1
76 268 1
88 1029 1
98 805 1
107 713 1
116 823 1
116 1314 1
118 726 1
138 857 1
166 1416 1
172 1045 1
177 723 1
180 535 1
206 1469 1
228 1219 1
232 1203 1
241 394 1
244 1396 1
253 963 1
257 680 1
263 1239 1
265 804 1
270 1205 1
274 1023 1
282 569 1
293 740 1
314 1072 1
324 574 1
338 487 1
350 716 1
381 1136 1
418 1053 1
421 860 1
447 483 1
475 1245 1
478 814 1
505 879 1
506 1288 1
540 1274 1
568 748 1
597 931 1
600 982 1
615 1308 1
615 972 1
677 915 1
692 1412 1
709 1167 1
738 903 1
742 951 1
777 1294 1
782 792 1
787 1182 1
827 917 1
837 1399 1
837 1002 1
857 1229 1
932 1372 1
933 1124 1
939 1196 1
973 1347 1
993 1257 1
1059 1351 1
1064 1252 1
1152 1422 1
1181 1376 1
1207 1473 1
1272 1275 1
1336 1427 1
4 250 2
16 1023 2
18 1063 2
34 257 2
52 1248 2
59 915 2
61 454 2
66 909 2
68 1400 2
73 1010 2
82 127 2
104 678 2
108 1422 2
120 560 2
132 1011 2
139 1015 2
143 1048 2
147 243 2
150 1441 2
161 1335 2
162 634 2
163 1243 2
164 985 2
169 513 2
173 1276 2
177 1197 2
177 204 2
180 399 2
192 462 2
197 297 2
200 965 2
203 741 2
206 1395 2
208 544 2
219 1359 2
230 657 2
236 434 2
239 763 2
246 688 2
249 1088 2
251 518 2
256 782 2
260 292 2
264 664 2
266 454 2
276 665 2
291 350 2
293 1112 2
299 919 2
302 1276 2
309 455 2
311 1278 2
315 929 2
326 357 2
326 1038 2
331 1140 2
338 1425 2
339 425 2
340 929 2
341 717 2
350 1211 2
351 1457 2
360 1464 2
371 1127 2
377 929 2
389 1149 2
390 1189 2
399 641 2
408 444 2
410 1401 2
411 829 2
412 1156 2
426 1108 2
434 1173 2
440 1435 2
446 915 2
447 1284 2
467 1393 2
468 1010 2
473 904 2
485 955 2
502 1367 2
503 1348 2
509 1115 2
530 1332 2
555 975 2
580 1021 2
593 811 2
598 1371 2
599 1321 2
613 723 2
615 1085 2
619 1082 2
626 919 2
628 1209 2
628 966 2
630 877 2
639 1438 2
639 976 2
660 1291 2
662 857 2
664 957 2
667 789 2
683 1186 2
686 1411 2
695 1448 2
718 779 2
726 1178 2
740 995 2
750 1390 2
766 1441 2
769 922 2
775 1316 2
779 891 2
785 984 2
818 875 2
835 1198 2
850 918 2
855 1142 2
879 926 2
885 1337 2
890 921 2
896 1044 2
946 1273 2
947 1121 2
979 1293 2
986 1374 2
1000 1276 2
1004 1211 2
1004 1079 2
1015 1242 2
1017 1236 2
1046 1305 2
1073 1421 2
1123 1354 2
1188 1354 2
1190 1279 2
1192 1230 2
1220 1304 2
1256 1413 2
1364 1399 2
1370 1425 2
1395 1466 2
10 1211 3
17 571 3
19 714 3
25 161 3
48 798 3
49 345 3
50 1379 3
55 993 3
65 411 3
67 1021 3
72 500 3
85 1467 3
86 1342 3
87 1161 3
115 1173 3
122 894 3
124 594 3
124 854 3
137 317 3
143 575 3
145 201 3
163 999 3
173 1314 3
185 383 3
203 482 3
209 948 3
216 706 3
220 391 3
221 242 3
221 933 3
229 706 3
270 455 3
271 286 3
271 907 3
276 785 3
288 482 3
290 1042 3
294 389 3
310 1209 3
317 536 3
323 964 3
325 474 3
330 586 3
330 1200 3
349 432 3
352 369 3
361 805 3
384 489 3
387 1068 3
397 408 3
398 1128 3
408 1172 3
421 491 3
427 993 3
435 1336 3
441 840 3
465 503 3
477 872 3
507 1112 3
512 1305 3
537 803 3
561 1019 3
587 1209 3
590 1139 3
590 1069 3
600 1424 3
645 701 3
665 944 3
678 845 3
707 721 3
736 1055 3
781 1353 3
817 1055 3
824 1146 3
844 1333 3
912 1255 3
932 1326 3
958 1402 3
985 1373 3
1043 1056 3
1045 1349 3
1127 1130 3
1146 1435 3
1183 1210 3
1193 1196 3
1211 1442 3
1217 1247 3
1246 1419 3
1284 1456 3
1291 1336 3
1296 1435 3
1369 1459 3
5 1178 4
13 1187 4
20 143 4
40 1113 4
51 1168 4
57 166 4
61 796 4
61 261 4
91 869 4
105 1194 4
108 1160 4
125 942 4
131 1023 4
137 1383 4
147 436 4
163 931 4
173 748 4
186 1311 4
212 410 4
216 790 4
219 737 4
222 580 4
238 1281 4
239 1063 4
244 866 4
250 1144 4
251 446 4
275 472 4
276 467 4
286 411 4
290 1381 4
290 875 4
295 1224 4
324 910 4
328 396 4
356 754 4
371 507 4
403 1343 4
403 1018 4
408 1099 4
419 1406 4
423 433 4
433 1242 4
476 1201 4
486 1024 4
494 1134 4
495 1245 4
508 712 4
533 1169 4
547 1078 4
582 1440 4
586 1133 4
594 733 4
629 930 4
660 1412 4
666 778 4
668 1038 4
698 763 4
706 1450 4
708 1350 4
713 1030 4
764 855 4
774 1200 4
787 1364 4
820 1427 4
827 871 4
835 910 4
865 907 4
876 1063 4
885 1339 4
933 1170 4
944 1458 4
959 1159 4
985 1259 4
1005 1321 4
1041 1048 4
1093 1108 4
1095 1192 4
1105 1353 4
1134 1302 4
1203 1346 4
1206 1405 4
1241 1322 4
1247 1265 4
1307 1319 4
1313 1475 4
1347 1363 4
1358 1430 4
1362 1401 4
0 962 5
61 104 5
65 667 5
71 307 5
76 317 5
78 909 5
85 446 5
97 1038 5
129 547 5
138 166 5
165 751 5
170 1076 5
182 332 5
184 1125 5
185 1142 5
192 1246 5
203 1309 5
226 337 5
229 984 5
231 1155 5
238 252 5
278 369 5
301 1303 5
303 1084 5
345 705 5
388 1243 5
394 654 5
404 1262 5
427 508 5
441 507 5
451 479 5
454 513 5
466 863 5
509 1316 5
513 518 5
518 664 5
526 1303 5
529 562 5
529 1460 5
531 659 5
545 800 5
548 1357 5
572 1381 5
580 1322 5
595 1202 5
613 768 5
624 1338 5
627 1168 5
782 785 5
851 1143 5
870 906 5
931 1073 5
933 998 5
961 1370 5
1003 1213 5
1036 1151 5
1060 1126 5
1299 1472 5
1351 1381 5
10 676 6
12 1349 6
21 712 6
28 309 6
83 327 6
93 596 6
113 820 6
121 1006 6
171 886 6
181 702 6
183 892 6
212 817 6
261 596 6
329 1200 6
358 1449 6
386 968 6
417 1037 6
420 1160 6
439 1130 6
500 875 6
516 681 6
580 848 6
605 1364 6
642 1471 6
651 1261 6
671 869 6
674 928 6
703 1277 6
709 1134 6
730 1125 6
775 1396 6
790 1203 6
793 1353 6
831 1389 6
917 932 6
1047 1208 6
1065 1461 6
1109 1316 6
1117 1356 6
1135 1170 6
1325 1469 6
3 190 7
36 79 7
48 409 7
53 734 7
60 733 7
62 330 7
72 1017 7
135 304 7
154 864 7
157 803 7
167 1439 7
176 1249 7
200 701 7
234 1176 7
320 439 7
346 626 7
367 1140 7
383 1354 7
416 1210 7
446 958 7
457 1369 7
461 1029 7
466 1165 7
467 1085 7
521 1298 7
543 1279 7
558 716 7
570 1053 7
601 723 7
605 626 7
607 615 7
631 922 7
653 979 7
666 1210 7
694 1472 7
711 1187 7
738 872 7
745 1431 7
774 1194 7
786 1379 7
805 914 7
807 1307 7
811 1393 7
944 1253 7
1167 1323 7
5 894 8
6 162 8
31 905 8
36 635 8
41 953 8
44 107 8
76 166 8
78 449 8
78 1245 8
87 1333 8
100 871 8
106 480 8
118 523 8
128 825 8
132 893 8
134 639 8
141 963 8
171 1098 8
188 1019 8
192 1214 8
204 1171 8
219 1469 8
238 332 8
244 1299 8
257 1445 8
281 286 8
281 995 8
281 876 8
292 510 8
299 1052 8
324 995 8
324 595 8
349 372 8
354 665 8
369 477 8
374 469 8
392 1311 8
418 509 8
428 547 8
464 1432 8
469 939 8
476 650 8
500 1116 8
534 1461 8
539 761 8
543 1076 8
567 1421 8
583 849 8
603 1031 8
633 1375 8
641 748 8
642 1058 8
656 1015 8
675 1227 8
676 1086 8
782 801 8
814 996 8
834 1178 8
848 911 8
859 1412 8
889 1177 8
941 1160 8
942 1289 8
959 1036 8
1065 1418 8
1146 1340 8
1 1174 9
4 501 9
8 411 9
8 413 9
11 620 9
19 1220 9
19 996 9
21 1324 9
26 224 9
29 1066 9
30 349 9
34 1214 9
40 202 9
41 570 9
46 295 9
55 1098 9
61 804 9
76 1341 9
80 815 9
83 487 9
83 1016 9
87 584 9
101 124 9
107 305 9
108 1201 9
112 1172 9
116 841 9
126 1292 9
129 1317 9
130 675 9
135 1286 9
141 213 9
141 836 9
143 155 9
150 1424 9
156 1017 9
168 956 9
171 187 9
176 1021 9
177 1355 9
179 1077 9
187 332 9
191 811 9
194 1403 9
203 783 9
204 875 9
205 972 9
208 707 9
209 895 9
210 529 9
232 233 9
234 760 9
238 833 9
238 1116 9
241 284 9
241 249 9
241 1472 9
241 571 9
244 1229 9
263 955 9
266 688 9
268 611 9
270 1302 9
280 502 9
294 383 9
297 903 9
304 491 9
329 902 9
332 854 9
346 1416 9
350 1429 9
353 769 9
368 1453 9
369 426 9
370 651 9
370 1141 9
378 1186 9
380 1005 9
387 833 9
387 970 9
392 946 9
394 859 9
399 1196 9
408 1201 9
419 1251 9
425 1125 9
435 765 9
439 583 9
440 1115 9
465 521 9
488 1026 9
488 1435 9
497 1120 9
498 1202 9
499 1426 9
501 1316 9
501 1404 9
502 694 9
514 678 9
521 606 9
522 1477 9
530 627 9
534 934 9
537 1234 9
537 836 9
550 1174 9
551 1405 9
557 798 9
564 1203 9
565 1019 9
568 704 9
576 686 9
586 712 9
594 763 9
600 1372 9
602 1455 9
610 932 9
610 1318 9
627 1210 9
634 1196 9
638 1313 9
643 1327 9
652 1461 9
661 1192 9
677 968 9
690 1170 9
692 1369 9
699 1432 9
710 826 9
713 1237 9
720 916 9
722 1218 9
725 1393 9
729 1176 9
729 986 9
731 1047 9
739 1366 9
748 872 9
751 1197 9
754 1299 9
754 779 9
761 1060 9
783 1181 9
790 806 9
803 1064 9
832 1142 9
838 1173 9
841 1400 9
855 1102 9
866 1023 9
876 1109 9
892 1468 9
893 1344 9
904 955 9
917 1110 9
923 1213 9
924 1383 9
932 1435 9
940 1063 9
944 1240 9
945 990 9
1019 1433 9
1021 1036 9
1049 1329 9
1053 1057 9
1059 1272 9
1066 1086 9
1080 1117 9
1081 1462 9
1099 1455 9
1109 1376 9
1110 1358 9
1145 1270 9
1151 1257 9
1199 1214 9
1214 1466 9
1217 1401 9
1226 1265 9
1279 1343 9
1350 1440 9
1410 1423 9
6 44 10
10 217 10
11 969 10
24 137 10
31 750 10
52 822 10
62 1256 10
69 280 10
70 388 10
74 448 10
91 1044 10
95 206 10
123 302 10
124 536 10
125 1197 10
141 1374 10
188 269 10
206 625 10
214 932 10
218 280 10
233 694 10
240 363 10
296 821 10
299 1001 10
314 1004 10
315 523 10
317 1441 10
362 1037 10
373 1170 10
381 925 10
387 1133 10
423 533 10
447 1128 10
461 875 10
462 469 10
468 756 10
505 1020 10
612 1078 10
613 1165 10
618 1294 10
621 1147 10
626 850 10
686 1472 10
714 1166 10
738 941 10
764 1045 10
771 1399 10
793 1051 10
808 1062 10
829 1164 10
838 1436 10
867 1233 10
882 1352 10
957 1450 10
970 1043 10
1066 1071 10
1172 1351 10
1175 1428 10
1179 1339 10
1246 1395 10
0 1108 11
0 149 11
1 352 11
4 439 11
4 395 11
8 90 11
10 474 11
18 1447 11
18 231 11
19 1358 11
20 556 11
21 959 11
21 1194 11
23 663 11
24 1115 11
26 215 11
27 1473 11
27 119 11
33 133 11
35 946 11
46 297 11
55 574 11
56 1470 11
68 1338 11
81 118 11
87 1182 11
88 426 11
93 826 11
101 124 11
102 622 11
104 242 11
105 768 11
109 1416 11
110 789 11
111 1289 11
115 529 11
115 1089 11
117 770 11
121 1163 11
123 245 11
124 1044 11
124 472 11
126 1198 11
129 191 11
138 203 11
143 1475 11
149 716 11
153 1072 11
154 267 11
158 409 11
165 888 11
165 220 11
165 633 11
169 1190 11
175 624 11
179 866 11
181 1392 11
181 1448 11
185 217 11
185 1220 11
203 711 11
204 533 11
204 1276 11
205 426 11
209 1356 11
216 516 11
226 712 11
231 564 11
232 1112 11
233 1467 11
247 362 11
269 333 11
272 366 11
303 977 11
304 1312 11
317 978 11
317 692 11
325 1133 11
333 978 11
335 1070 11
339 595 11
340 1267 11
343 695 11
344 942 11
344 1392 11
345 1194 11
353 1431 11
364 1170 11
365 1369 11
373 609 11
375 1037 11
378 487 11
385 975 11
385 491 11
389 814 11
390 397 11
391 700 11
400 1010 11
410 589 11
416 1417 11
421 442 11
428 783 11
433 1297 11
435 1306 11
438 1361 11
443 635 11
444 822 11
444 815 11
454 546 11
455 825 11
456 1275 11
458 548 11
459 1066 11
460 867 11
461 1090 11
480 641 11
489 1209 11
492 969 11
494 662 11
496 618 11
504 1123 11
512 1446 11
522 765 11
525 1399 11
535 873 11
539 1296 11
544 1066 11
548 964 11
567 847 11
569 817 11
572 1002 11
606 911 11
608 1024 11
609 777 11
620 1059 11
621 773 11
629 1432 11
636 799 11
641 1006 11
643 1109 11
646 870 11
650 1360 11
654 910 11
655 932 11
663 1073 11
677 1212 11
682 1353 11
699 965 11
715 972 11
716 1410 11
723 776 11
728 1146 11
736 1439 11
737 1266 11
747 974 11
747 1230 11
750 1210 11
765 1021 11
767 1007 11
770 1155 11
795 1383 11
802 877 11
824 1096 11
858 1470 11
864 1090 11
864 1030 11
866 1289 11
869 1425 11
872 1104 11
873 1459 11
880 1268 11
892 1016 11
904 1033 11
917 1259 11
920 1377 11
922 983 11
938 1184 11
942 1087 11
955 1257 11
955 1320 11
955 1272 11
993 1466 11
997 1330 11
1000 1216 11
1018 1385 11
1024 1350 11
1049 1264 11
1052 1230 11
1075 1143 11
1076 1333 11
1080 1341 11
1131 1303 11
1160 1381 11
1170 1266 11
1183 1321 11
1193 1293 11
1194 1220 11
1196 1230 11
1204 1263 11
1206 1233 11
1212 1426 11
1213 1379 11
1251 1372 11
1262 1401 11
1274 1460 11
1280 1399 11
1330 1376 11
1332 1410 11
1357 1465 11
0 719 12
4 1169 12
5 924 12
7 1344 12
11 641 12
34 1406 12
46 459 12
48 1276 12
56 1338 12
89 389 12
90 1358 12
118 623 12
120 577 12
121 1061 12
163 236 12
181 1141 12
195 918 12
197 812 12
199 868 12
215 1196 12
219 366 12
240 1437 12
250 513 12
253 1241 12
254 949 12
258 1304 12
273 839 12
276 1090 12
277 1450 12
281 1176 12
285 954 12
287 877 12
309 1234 12
312 1137 12
344 1425 12
363 1200 12
374 1374 12
397 909 12
403 1050 12
406 1140 12
413 1386 12
425 1234 12
425 1256 12
427 830 12
443 485 12
457 535 12
459 658 12
463 1464 12
488 618 12
493 1142 12
495 830 12
499 868 12
508 1113 12
512 1435 12
514 1186 12
530 539 12
542 1460 12
543 835 12
544 1152 12
548 1203 12
557 768 12
567 1359 12
580 699 12
585 1226 12
607 752 12
616 1182 12
629 1207 12
637 1395 12
638 1463 12
650 693 12
669 855 12
671 797 12
689 1101 12
702 818 12
706 1248 12
724 1174 12
739 750 12
784 1126 12
787 1239 12
811 827 12
848 1199 12
854 1359 12
866 1238 12
870 930 12
870 904 12
871 1455 12
901 928 12
908 1316 12
916 1458 12
917 1378 12
918 1346 12
961 1402 12
1041 1073 12
1044 1353 12
1059 1264 12
1131 1458 12
1206 1360 12
1209 1449 12
1210 1325 12
1226 1386 12
1261 1314 12
24 31 13
45 367 13
63 144 13
112 989 13
181 776 13
192 693 13
231 1280 13
234 330 13
243 993 13
255 998 13
256 893 13
264 434 13
289 514 13
333 786 13
423 834 13
451 608 13
522 1184 13
574 1009 13
635 1372 13
707 1173 13
774 1030 13
799 945 13
807 1167 13
840 1033 13
871 1324 13
873 1075 13
968 1024 13
988 1083 13
995 1459 13
1225 1235 13
1256 1435 13
4 759 14
9 1034 14
9 261 14
10 1301 14
19 1018 14
23 1101 14
24 437 14
30 261 14
34 108 14
35 640 14
38 1431 14
51 601 14
54 922 14
60 470 14
64 1006 14
69 1245 14
70 304 14
81 98 14
89 1173 14
99 1339 14
101 1070 14
105 522 14
115 638 14
117 1217 14
119 189 14
122 492 14
135 810 14
138 404 14
139 366 14
144 1450 14
145 432 14
145 758 14
160 1083 14
163 582 14
163 237 14
168 543 14
171 985 14
174 1227 14
176 318 14
180 324 14
181 418 14
187 593 14
198 348 14
206 860 14
207 925 14
219 1144 14
221 915 14
224 1473 14
231 537 14
238 379 14
250 1452 14
257 1211 14
262 1096 14
266 444 14
272 342 14
273 1246 14
277 484 14
281 660 14
281 1138 14
285 642 14
290 512 14
294 1421 14
301 1394 14
307 1335 14
310 1081 14
317 404 14
325 486 14
334 1172 14
334 1073 14
342 660 14
345 1410 14
349 1205 14
355 1155 14
359 651 14
366 1441 14
383 424 14
395 1238 14
401 819 14
408 1223 14
419 1274 14
420 442 14
429 1362 14
432 1197 14
434 620 14
437 1001 14
440 983 14
453 1293 14
462 694 14
470 1214 14
471 617 14
472 1248 14
472 1297 14
475 1123 14
477 1224 14
485 1214 14
489 964 14
506 1465 14
511 1376 14
515 1128 14
517 659 14
518 893 14
528 1267 14
531 1060 14
532 1469 14
534 753 14
535 736 14
544 1329 14
544 1260 14
552 1191 14
565 722 14
575 889 14
594 1434 14
605 928 14
630 1411 14
636 1120 14
646 1467 14
657 1420 14
672 1138 14
674 1259 14
680 947 14
685 1385 14
703 1292 14
712 1067 14
713 723 14
723 1053 14
735 740 14
741 877 14
743 947 14
749 994 14
756 883 14
772 834 14
780 1122 14
781 1126 14
794 1112 14
804 902 14
824 1289 14
828 952 14
834 1027 14
844 883 14
857 1404 14
864 1278 14
867 1337 14
879 1465 14
881 1353 14
894 1308 14
903 982 14
916 985 14
945 1377 14
948 1119 14
960 1259 14
962 1145 14
976 1380 14
998 1250 14
1004 1459 14
1007 1026 14
1010 1287 14
1020 1342 14
1032 1043 14
1039 1446 14
1054 1084 14
1071 1124 14
1103 1220 14
1112 1276 14
1125 1248 14
1126 1344 14
1134 1164 14
1141 1223 14
1154 1188 14
1160 1172 14
1184 1281 14
1203 1476 14
1247 1454 14
1265 1335 14
1282 1465 14
1290 1385 14
1306 1338 14
1358 1421 14
4 1282 15
31 1153 15
33 661 15
43 350 15
63 967 15
64 328 15
91 1426 15
104 1114 15
139 306 15
170 719 15
173 1362 15
174 1233 15
187 660 15
189 732 15
196 1074 15
214 327 15
220 1408 15
230 1466 15
237 827 15
248 1363 15
266 450 15
273 974 15
274 302 15
275 786 15
276 525 15
276 334 15
278 496 15
287 1374 15
288 1445 15
296 531 15
310 1336 15
319 717 15
320 613 15
361 1148 15
361 492 15
365 459 15
377 1373 15
383 529 15
387 783 15
394 701 15
397 479 15
406 1232 15
411 1093 15
416 1325 15
439 743 15
457 1354 15
458 523 15
466 773 15
474 1235 15
480 506 15
486 1136 15
524 987 15
546 1086 15
580 1229 15
583 1097 15
595 1176 15
599 675 15
607 1445 15
630 1263 15
641 697 15
650 1275 15
673 1234 15
675 1164 15
692 1177 15
706 1006 15
724 1036 15
753 939 15
768 1285 15
781 1109 15
801 1145 15
805 1158 15
815 995 15
817 986 15
826 884 15
849 1064 15
856 962 15
869 1012 15
875 1135 15
894 988 15
900 1096 15
928 1025 15
930 1445 15
952 1408 15
964 1311 15
986 1397 15
1043 1353 15
1095 1173 15
1154 1301 15
1166 1260 15
1169 1315 15
1191 1298 15
1219 1296 15
1234 1267 15
1408 1442 15
3 284 16
8 734 16
35 1470 16
40 918 16
47 199 16
48 695 16
49 313 16
63 111 16
79 1118 16
85 1308 16
104 1137 16
118 1007 16
128 1252 16
129 1188 16
131 554 16
134 701 16
146 545 16
164 1217 16
169 1376 16
173 1437 16
175 980 16
185 1109 16
188 524 16
200 387 16
202 1032 16
215 567 16
269 303 16
311 1089 16
323 1089 16
326 1430 16
329 1321 16
367 1424 16
378 765 16
380 1356 16
386 910 16
392 1170 16
399 414 16
440 1156 16
462 938 16
474 1009 16
499 1041 16
509 713 16
511 1159 16
512 686 16
523 525 16
524 605 16
530 1020 16
554 1323 16
558 1085 16
599 783 16
600 1170 16
654 978 16
657 927 16
666 1248 16
720 1096 16
735 1378 16
738 975 16
746 1421 16
757 1410 16
794 1202 16
796 1285 16
816 1452 16
839 1201 16
844 1213 16
861 1190 16
863 1143 16
868 1250 16
892 1031 16
894 1328 16
895 1428 16
897 1227 16
921 1100 16
935 1195 16
966 997 16
966 1356 16
1029 1340 16
1040 1166 16
1048 1159 16
1057 1370 16
1200 1329 16
1217 1437 16
1373 1465 16
1445 1465 16
1 297 17
24 1224 17
26 1046 17
67 1216 17
81 200 17
93 862 17
103 850 17
114 484 17
121 337 17
126 259 17
134 863 17
138 1179 17
159 1068 17
202 1221 17
204 492 17
220 594 17
229 1253 17
235 402 17
235 780 17
238 1476 17
244 1102 17
248 844 17
266 1079 17
286 559 17
295 1401 17
354 1181 17
360 1314 17
380 604 17
389 997 17
404 794 17
440 778 17
446 669 17
455 918 17
472 1247 17
476 489 17
477 1240 17
502 828 17
504 949 17
563 1229 17
572 1358 17
603 998 17
616 896 17
619 1442 17
624 763 17
648 1169 17
660 736 17
680 1452 17
681 1006 17
721 872 17
758 1156 17
821 1412 17
835 1322 17
835 1442 17
930 983 17
946 1231 17
959 1106 17
1039 1105 17
1144 1306 17
1189 1300 17
1249 1338 17
1284 1455 17
1322 1425 17
1419 1428 17
53 555 18
58 605 18
59 1320 18
62 931 18
69 499 18
80 450 18
85 564 18
85 1265 18
85 550 18
90 460 18
100 1014 18
101 592 18
114 313 18
116 1079 18
124 1028 18
126 1316 18
130 1067 18
134 738 18
146 419 18
159 871 18
167 1223 18
172 1437 18
178 529 18
178 394 18
190 1330 18
193 234 18
197 1172 18
230 1387 18
246 404 18
299 777 18
305 646 18
314 590 18
333 819 18
339 870 18
346 1114 18
379 583 18
380 975 18
385 1416 18
389 497 18
409 689 18
477 719 18
479 602 18
489 862 18
493 604 18
516 729 18
541 1114 18
548 641 18
550 1249 18
556 726 18
581 1404 18
588 687 18
597 1135 18
607 1022 18
609 766 18
635 726 18
651 1164 18
699 1018 18
723 806 18
760 1187 18
818 1258 18
825 1192 18
828 881 18
839 1335 18
854 1447 18
874 1095 18
942 1071 18
948 975 18
1034 1201 18
1036 1411 18
1052 1263 18
1199 1462 18
1204 1345 18
1247 1328 18
1266 1389 18
0 239 19
2 255 19
13 1364 19
17 622 19
19 1265 19
21 910 19
23 240 19
24 799 19
40 372 19
43 92 19
48 841 19
72 1413 19
87 226 19
97 1472 19
101 1053 19
119 1028 19
119 1178 19
119 796 19
122 675 19
127 817 19
128 416 19
129 968 19
162 762 19
179 835 19
188 1112 19
199 432 19
200 443 19
201 562 19
229 705 19
230 395 19
233 653 19
235 479 19
239 742 19
251 774 19
253 593 19
273 818 19
284 1369 19
287 566 19
289 1080 19
295 1006 19
305 1206 19
333 1155 19
340 817 19
345 1317 19
352 806 19
356 822 19
359 771 19
368 1121 19
371 1240 19
372 1289 19
384 551 19
393 1314 19
393 886 19
398 748 19
409 1010 19
413 796 19
418 798 19
423 497 19
428 1135 19
440 904 19
448 1361 19
448 1049 19
450 914 19
464 1130 19
467 1165 19
480 1476 19
481 854 19
487 873 19
499 666 19
506 1218 19
512 1168 19
524 708 19
543 864 19
546 740 19
546 959 19
546 1281 19
558 1260 19
597 1394 19
605 1223 19
623 976 19
641 983 19
648 1311 19
650 1033 19
658 682 19
660 1288 19
667 1231 19
699 891 19
707 1046 19
716 1346 19
718 947 19
734 1302 19
736 863 19
773 1451 19
777 1082 19
778 1075 19
816 1126 19
825 1328 19
837 1001 19
838 1451 19
845 1394 19
850 1189 19
852 1052 19
870 1001 19
888 1125 19
900 1022 19
913 1092 19
914 1088 19
928 1053 19
947 1065 19
954 1124 19
967 1411 19
973 1087 19
976 1341 19
1001 1091 19
1011 1188 19
1026 1078 19
1027 1373 19
1037 1225 19
1056 1212 19
1066 1163 19
1067 1143 19
1074 1206 19
1138 1298 19
1143 1155 19
1150 1438 19
1152 1173 19
1280 1286 19
1305 1463 19
1327 1395 19
0 467 20
10 220 20
13 871 20
13 628 20
18 953 20
24 162 20
28 169 20
32 261 20
32 690 20
33 1349 20
35 1338 20
37 663 20
46 475 20
46 307 20
53 251 20
53 929 20
61 1175 20
64 544 20
75 190 20
80 165 20
80 1396 20
84 840 20
85 1357 20
93 170 20
93 892 20
93 1403 20
100 588 20
105 1320 20
115 1013 20
116 1162 20
122 465 20
135 1221 20
143 1454 20
143 1247 20
144 906 20
150 718 20
151 629 20
153 505 20
157 833 20
158 607 20
159 1048 20
169 341 20
177 909 20
181 905 20
184 241 20
189 494 20
190 236 20
208 1072 20
210 1153 20
213 1129 20
216 1321 20
219 865 20
228 362 20
230 277 20
230 1134 20
238 527 20
244 628 20
247 1149 20
257 1433 20
268 345 20
281 878 20
291 1248 20
292 1286 20
294 784 20
296 715 20
297 434 20
303 381 20
307 903 20
310 812 20
319 1026 20
325 1123 20
326 863 20
335 671 20
344 486 20
351 1095 20
363 866 20
366 978 20
383 737 20
393 1418 20
397 410 20
406 1116 20
414 1119 20
417 1181 20
420 1362 20
444 1264 20
446 1357 20
446 1146 20
453 1187 20
454 658 20
455 692 20
456 1391 20
458 1437 20
460 1132 20
469 679 20
472 623 20
483 1377 20
486 658 20
490 812 20
492 983 20
510 641 20
511 764 20
512 851 20
513 1066 20
533 552 20
533 619 20
538 1255 20
543 1150 20
565 743 20
576 608 20
586 894 20
589 1354 20
590 1170 20
600 1400 20
620 955 20
623 834 20
624 639 20
629 1305 20
632 1206 20
644 1226 20
646 687 20
649 1435 20
653 1103 20
657 1466 20
681 984 20
682 709 20
709 849 20
709 1245 20
719 1102 20
742 1195 20
742 1388 20
756 1176 20
764 1442 20
764 988 20
766 816 20
770 842 20
774 955 20
777 1418 20
796 1145 20
806 1452 20
819 1161 20
819 1444 20
820 949 20
857 1183 20
866 908 20
871 1396 20
892 1182 20
911 1080 20
912 1087 20
950 1265 20
980 996 20
988 1119 20
988 1468 20
1004 1409 20
1090 1092 20
1101 1344 20
1108 1297 20
1129 1358 20
1180 1422 20
1190 1323 20
1227 1294 20
1266 1368 20
1268 1384 20
1288 1360 20
1342 1377 20
1406 1408 20
1446 1469 20
0 115 21
4 726 21
5 664 21
6 749 21
14 765 21
17 1184 21
26 644 21
30 563 21
30 263 21
36 283 21
36 605 21
47 455 21
54 674 21
61 171 21
61 69 21
66 1168 21
66 575 21
80 120 21
80 557 21
81 663 21
82 932 21
85 1278 21
89 756 21
90 387 21
96 1167 21
98 251 21
105 217 21
106 243 21
121 441 21
124 459 21
126 560 21
128 1365 21
130 1178 21
138 446 21
141 430 21
149 633 21
150 849 21
165 791 21
166 541 21
170 1319 21
175 421 21
185 974 21
190 1038 21
201 422 21
202 531 21
203 974 21
206 895 21
210 340 21
215 661 21
243 582 21
286 1186 21
287 1464 21
288 1107 21
301 640 21
331 416 21
335 453 21
335 1139 21
346 674 21
361 943 21
370 1183 21
370 661 21
390 467 21
390 771 21
396 687 21
398 456 21
404 1014 21
410 1249 21
417 520 21
428 1019 21
430 631 21
432 1017 21
440 1263 21
444 1425 21
470 959 21
470 1381 21
471 926 21
474 992 21
476 872 21
481 1219 21
489 1078 21
498 733 21
499 1250 21
505 530 21
506 1375 21
510 1149 21
512 941 21
519 592 21
531 795 21
535 984 21
537 726 21
547 931 21
550 558 21
565 1277 21
584 972 21
598 1145 21
600 1386 21
600 1404 21
603 621 21
603 712 21
605 999 21
605 1051 21
609 867 21
614 945 21
624 753 21
630 1229 21
637 778 21
639 666 21
659 972 21
664 1022 21
667 1237 21
668 686 21
675 729 21
677 1208 21
677 1314 21
684 1071 21
684 960 21
692 1038 21
693 755 21
706 746 21
710 1190 21
713 1124 21
714 735 21
729 1342 21
747 1126 21
748 802 21
752 1004 21
779 1060 21
783 1328 21
784 1133 21
788 1456 21
790 1447 21
817 1373 21
822 1367 21
858 1358 21
877 1074 21
881 1342 21
893 1165 21
899 959 21
910 1179 21
923 1192 21
938 1011 21
952 1007 21
959 1032 21
972 1326 21
985 1073 21
1004 1251 21
1010 1279 21
1029 1110 21
1030 1244 21
1033 1269 21
1042 1096 21
1053 1274 21
1083 1142 21
1100 1273 21
1120 1205 21
1122 1330 21
1126 1477 21
1142 1384 21
1155 1194 21
1157 1442 21
1158 1261 21
1199 1244 21
1203 1380 21
1204 1367 21
1205 1338 21
1214 1294 21
1249 1387 21
1295 1375 21
1317 1423 21
1364 1383 21
0 1357 22
7 675 22
11 130 22
11 364 22
12 1311 22
15 365 22
21 182 22
30 1325 22
45 963 22
49 230 22
58 81 22
60 1476 22
72 1414 22
80 578 22
86 969 22
87 525 22
98 765 22
102 1255 22
113 527 22
119 646 22
130 833 22
142 435 22
142 965 22
144 242 22
150 215 22
156 993 22
158 731 22
164 783 22
165 969 22
168 259 22
170 702 22
189 1229 22
195 1133 22
205 1282 22
209 1073 22
216 273 22
230 501 22
268 959 22
271 1003 22
273 649 22
276 938 22
278 961 22
279 1018 22
282 1392 22
296 370 22
308 1059 22
309 315 22
312 442 22
312 512 22
328 762 22
332 647 22
334 671 22
341 798 22
353 390 22
366 704 22
370 809 22
372 1313 22
397 603 22
403 1081 22
410 1154 22
411 558 22
412 1254 22
422 973 22
426 828 22
432 719 22
441 487 22
445 583 22
448 1477 22
453 1370 22
480 974 22
482 1317 22
482 1390 22
483 1394 22
487 700 22
488 892 22
492 729 22
508 1308 22
526 843 22
528 609 22
530 921 22
534 1402 22
536 901 22
552 854 22
555 1341 22
573 1444 22
579 1390 22
585 873 22
592 622 22
597 1373 22
627 1052 22
631 926 22
633 1162 22
643 1293 22
670 1419 22
671 1281 22
679 812 22
689 1087 22
705 998 22
706 707 22
720 815 22
725 1189 22
733 1094 22
737 1233 22
743 928 22
749 915 22
757 895 22
760 1073 22
763 1239 22
764 1232 22
785 1374 22
787 837 22
800 1172 22
804 934 22
805 1440 22
809 991 22
812 1327 22
814 1024 22
827 967 22
828 1286 22
832 1430 22
841 1156 22
882 1111 22
890 1239 22
892 966 22
908 1274 22
938 1097 22
947 1164 22
1002 1180 22
1010 1106 22
1012 1400 22
1048 1157 22
1078 1285 22
1125 1319 22
1131 1189 22
1159 1247 22
1183 1192 22
1221 1257 22
1230 1363 22
1250 1432 22
1274 1411 22
1288 1399 22
1289 1444 22
1396 1459 22
1415 1417 22
2 670 23
4 715 23
5 1006 23
7 653 23
16 775 23
17 1232 23
44 882 23
46 397 23
47 261 23
52 106 23
57 798 23
62 1342 23
66 341 23
70 313 23
73 152 23
78 1310 23
82 671 23
92 1458 23
101 177 23
115 699 23
117 557 23
118 707 23
120 861 23
123 667 23
124 598 23
145 602 23
157 883 23
167 388 23
175 952 23
177 193 23
177 1379 23
184 1404 23
196 1311 23
203 424 23
204 839 23
208 242 23
216 1436 23
222 870 23
226 1208 23
235 725 23
237 1146 23
237 581 23
244 1478 23
246 787 23
250 1064 23
250 1070 23
274 380 23
280 794 23
294 486 23
304 1449 23
306 673 23
310 827 23
317 392 23
323 821 23
324 721 23
341 1121 23
351 759 23
366 369 23
373 425 23
377 983 23
379 1219 23
380 439 23
384 992 23
399 683 23
400 904 23
411 1157 23
418 1030 23
418 926 23
424 780 23
428 806 23
438 1385 23
456 458 23
469 1282 23
480 852 23
500 935 23
516 801 23
517 1108 23
530 1217 23
531 1121 23
535 1182 23
565 1053 23
586 668 23
597 1092 23
605 1295 23
612 1058 23
627 744 23
638 963 23
640 1140 23
646 879 23
667 672 23
680 773 23
693 1147 23
702 1239 23
712 1324 23
727 1052 23
736 1403 23
739 1183 23
760 1275 23
769 1399 23
771 1407 23
788 972 23
840 1246 23
846 1046 23
855 912 23
862 1379 23
863 982 23
878 1055 23
880 1272 23
887 898 23
887 1286 23
915 1214 23
919 1459 23
932 1345 23
939 1001 23
950 1259 23
972 979 23
978 1417 23
983 1246 23
983 995 23
993 1159 23
1025 1112 23
1025 1404 23
1030 1459 23
1035 1291 23
1078 1452 23
1106 1140 23
1136 1466 23
1160 1273 23
1271 1313 23
1305 1401 23
1324 1431 23
1386 1468 23
2 723 24
12 836 24
18 459 24
25 1220 24
26 553 24
40 607 24
58 670 24
62 604 24
65 1018 24
98 645 24
112 230 24
125 894 24
133 1053 24
133 814 24
158 459 24
175 537 24
246 416 24
256 483 24
287 1252 24
292 954 24
298 1415 24
369 980 24
370 1314 24
373 1020 24
373 1093 24
380 416 24
386 1071 24
387 1056 24
402 1309 24
406 899 24
407 1308 24
410 1191 24
493 1459 24
507 750 24
526 1017 24
554 1203 24
557 801 24
567 986 24
611 1263 24
612 951 24
623 1266 24
702 728 24
709 1249 24
720 1173 24
729 1432 24
737 1078 24
771 1426 24
776 1236 24
834 1051 24
895 934 24
962 1478 24
968 1052 24
979 1376 24
1053 1193 24
1067 1394 24
1086 1338 24
1094 1144 24
1097 1108 24
1118 1449 24
1267 1465 24
3 1359 25
9 814 25
14 749 25
24 455 25
34 797 25
36 367 25
37 137 25
50 244 25
53 1134 25
57 1000 25
58 777 25
81 294 25
92 458 25
101 928 25
109 185 25
109 452 25
117 796 25
137 756 25
150 816 25
158 325 25
160 391 25
174 1134 25
195 1197 25
202 692 25
203 1357 25
205 314 25
215 452 25
228 740 25
241 618 25
246 1308 25
249 685 25
259 975 25
261 1224 25
262 320 25
265 1011 25
265 791 25
271 1313 25
295 711 25
305 1408 25
327 945 25
328 680 25
354 596 25
365 1447 25
371 924 25
415 631 25
417 1329 25
419 497 25
437 703 25
444 1221 25
470 858 25
471 909 25
475 851 25
478 952 25
478 1241 25
503 1441 25
505 1197 25
525 534 25
534 590 25
552 756 25
563 653 25
564 1299 25
574 1460 25
579 1172 25
601 608 25
653 741 25
653 1198 25
668 826 25
686 972 25
690 1195 25
694 1342 25
705 1229 25
720 1056 25
758 1258 25
799 1102 25
812 1113 25
819 997 25
834 900 25
847 850 25
863 1433 25
864 958 25
896 1042 25
904 1191 25
970 1289 25
974 1018 25
1003 1456 25
1013 1146 25
1072 1198 25
1075 1081 25
1116 1278 25
1123 1141 25
1130 1372 25
1152 1280 25
1163 1432 25
1187 1306 25
1203 1362 25
1208 1412 25
1330 1344 25
1405 1454 25
11 1011 26
17 653 26
18 660 26
18 546 26
19 1274 26
21 137 26
27 1435 26
29 1042 26
31 985 26
42 377 26
42 236 26
50 448 26
72 945 26
77 1223 26
85 1195 26
87 1027 26
91 1365 26
97 446 26
100 462 26
103 487 26
119 841 26
126 697 26
142 1104 26
143 530 26
150 1316 26
156 1088 26
173 397 26
184 1250 26
195 542 26
202 1149 26
204 885 26
234 1414 26
236 1044 26
240 369 26
240 371 26
243 456 26
249 1315 26
269 1313 26
270 527 26
278 381 26
285 649 26
294 1441 26
295 790 26
305 713 26
314 753 26
321 794 26
333 1000 26
338 885 26
360 1014 26
378 392 26
387 442 26
422 1432 26
445 884 26
445 1469 26
485 1341 26
492 599 26
494 860 26
512 656 26
516 652 26
519 778 26
524 1065 26
529 991 26
532 1068 26
540 1436 26
555 1477 26
589 1377 26
591 1055 26
595 1059 26
619 818 26
661 710 26
664 1075 26
685 904 26
693 1413 26
721 936 26
732 861 26
735 1453 26
745 1154 26
790 1140 26
814 1366 26
822 1188 26
850 1282 26
929 1226 26
941 1057 26
946 1258 26
967 1384 26
985 1039 26
1024 1477 26
1049 1282 26
1136 1166 26
1193 1395 26
1332 1433 26
1365 1447 26
1418 1437 26
0 1330 27
11 627 27
25 1229 27
26 269 27
40 699 27
41 97 27
50 887 27
68 712 27
78 1420 27
106 1207 27
111 289 27
120 1179 27
139 1343 27
155 700 27
168 739 27
180 328 27
185 191 27
207 994 27
261 478 27
266 607 27
279 1295 27
282 934 27
292 1360 27
294 1336 27
321 1258 27
336 431 27
360 1443 27
376 1312 27
382 1049 27
414 755 27
420 1434 27
450 584 27
475 822 27
481 1087 27
491 686 27
496 683 27
528 1207 27
531 539 27
539 1150 27
543 548 27
556 1308 27
567 789 27
583 840 27
585 1413 27
589 1423 27
599 1154 27
609 840 27
619 1435 27
627 887 27
688 706 27
700 1075 27
726 1445 27
730 967 27
767 1191 27
783 1226 27
789 1306 27
806 1313 27
819 855 27
840 1361 27
866 974 27
874 1291 27
940 1468 27
974 1000 27
981 1453 27
986 1477 27
1048 1210 27
1079 1343 27
1084 1191 27
1120 1125 27
1150 1259 27
1211 1450 27
1336 1423 27
1456 1475 27
0 340 28
2 1462 28
24 665 28
42 1306 28
72 254 28
76 1220 28
82 912 28
91 234 28
94 1178 28
95 444 28
111 438 28
145 457 28
180 802 28
186 835 28
199 811 28
205 1015 28
210 1204 28
224 1011 28
259 979 28
264 702 28
276 1390 28
288 1100 28
332 1375 28
362 1452 28
388 579 28
494 884 28
531 983 28
578 786 28
586 1018 28
631 1464 28
639 897 28
700 725 28
709 1455 28
723 1479 28
910 1186 28
948 996 28
1041 1327 28
1124 1304 28
1133 1297 28
1198 1419 28
1244 1448 28
1300 1316 28
1330 1409 28
1356 1448 28
97 1196 29
101 982 29
171 1392 29
177 1021 29
182 758 29
214 636 29
305 415 29
362 894 29
429 961 29
499 1403 29
513 1129 29
517 891 29
575 1163 29
784 1103 29
902 1330 29
1110 1438 29
1188 1385 29
1356 1425 29
5 1068 30
23 1368 30
144 395 30
327 867 30
518 1279 30
522 987 30
639 1286 30
642 1248 30
781 907 30
806 1157 30
1074 1238 30
1084 1129 30
21 715 31
460 1416 31
470 766 31
96 895 32
171 403 32
261 948 32
292 826 32
390 920 32
634 1290 32
422 481 33
817 1415 33
40 1398 34
311 1468 35
412 1347 35
821 902 36
842 1160 36
1219 1349 37
209 1445 38
33 271 40
35 565 40
101 154 40
156 624 40
182 460 40
192 641 40
201 1440 40
226 839 40
235 623 40
363 1366 40
374 1075 40
523 1087 40
530 1381 40
541 771 40
691 1037 40
827 1126 40
871 1167 40
935 1473 40
986 1476 40
1014 1172 40
11 89 41
17 331 41
18 710 41
22 580 41
22 299 41
31 948 41
32 618 41
33 1074 41
43 1176 41
44 675 41
54 169 41
56 335 41
57 1315 41
64 1227 41
64 767 41
72 937 41
81 268 41
82 1233 41
95 229 41
115 205 41
144 1323 41
145 813 41
148 1052 41
151 1459 41
184 873 41
187 1258 41
203 1171 41
206 754 41
217 886 41
245 1267 41
255 1017 41
258 337 41
266 551 41
274 316 41
282 482 41
286 442 41
297 1151 41
300 699 41
306 1098 41
315 1424 41
319 573 41
328 1114 41
352 1282 41
368 699 41
406 1044 41
418 1026 41
420 869 41
420 614 41
441 573 41
486 946 41
487 1123 41
519 1318 41
541 1386 41
542 1396 41
544 1074 41
557 1392 41
558 960 41
591 685 41
628 1156 41
635 950 41
637 690 41
659 809 41
662 1240 41
669 1182 41
686 1443 41
694 1425 41
695 756 41
703 889 41
723 1023 41
750 855 41
758 901 41
823 1310 41
824 1127 41
836 1332 41
838 1095 41
860 1249 41
874 888 41
889 1475 41
929 1176 41
938 975 41
991 1212 41
993 994 41
1011 1041 41
1026 1252 41
1029 1204 41
1056 1217 41
1100 1409 41
1151 1445 41
1176 1288 41
1278 1429 41
1306 1315 41
1330 1404 41
3 751 42
3 1387 42
23 1045 42
45 1443 42
63 338 42
69 439 42
72 578 42
80 963 42
82 840 42
84 1021 42
86 746 42
95 99 42
106 1186 42
109 1274 42
119 1137 42
120 744 42
122 139 42
133 1154 42
134 1312 42
135 608 42
150 1271 42
151 1142 42
172 237 42
180 1351 42
182 1359 42
183 1432 42
190 330 42
195 1282 42
211 1254 42
217 658 42
218 444 42
223 417 42
232 1410 42
235 1373 42
257 798 42
259 1108 42
259 664 42
269 1334 42
278 485 42
293 1447 42
296 381 42
303 1067 42
309 428 42
314 467 42
316 697 42
317 1171 42
338 1120 42
369 1347 42
374 485 42
377 1063 42
383 1119 42
402 1463 42
404 722 42
409 1093 42
417 460 42
423 495 42
426 839 42
442 490 42
460 1299 42
462 638 42
469 636 42
477 633 42
484 617 42
489 1167 42
492 816 42
511 960 42
517 763 42
524 551 42
547 1036 42
549 749 42
552 1368 42
559 1459 42
561 1306 42
572 668 42
583 668 42
585 760 42
587 602 42
598 1082 42
649 1145 42
651 1292 42
653 843 42
658 970 42
661 710 42
662 1126 42
663 1041 42
666 1324 42
668 925 42
670 1232 42
691 1217 42
704 1204 42
705 823 42
723 1169 42
733 1148 42
734 1009 42
758 1328 42
760 1281 42
773 1401 42
792 891 42
823 1454 42
833 985 42
837 1019 42
843 1403 42
855 1110 42
859 1278 42
878 1113 42
889 908 42
892 1073 42
908 1462 42
916 1044 42
924 1411 42
962 1279 42
1055 1366 42
1065 1334 42
1084 1342 42
1093 1103 42
1095 1353 42
1097 1219 42
1111 1478 42
1116 1124 42
1162 1291 42
1188 1343 42
1208 1209 42
1217 1238 42
1223 1374 42
1223 1228 42
5 795 43
7 549 43
11 1330 43
23 823 43
23 377 43
34 146 43
39 464 43
40 910 43
42 1385 43
43 133 43
43 1285 43
44 1393 43
54 1319 43
61 403 43
64 244 43
67 509 43
70 172 43
80 1434 43
83 1447 43
91 1361 43
93 950 43
114 947 43
115 1181 43
121 446 43
125 310 43
126 725 43
127 402 43
134 244 43
138 878 43
139 1334 43
146 374 43
150 613 43
163 687 43
163 1425 43
164 946 43
178 1286 43
181 232 43
186 1250 43
191 768 43
196 242 43
214 746 43
232 889 43
243 1391 43
247 1277 43
265 1454 43
265 1413 43
268 928 43
268 1129 43
273 1450 43
274 435 43
275 1277 43
277 1193 43
278 1186 43
283 1091 43
285 676 43
287 858 43
287 348 43
303 840 43
307 893 43
307 1069 43
308 1431 43
315 561 43
317 478 43
322 1291 43
325 1232 43
326 1288 43
328 809 43
329 817 43
330 636 43
331 1233 43
336 1464 43
341 1422 43
341 1220 43
342 689 43
348 831 43
353 801 43
353 876 43
361 1121 43
363 1166 43
366 950 43
367 849 43
368 487 43
370 1469 43
373 850 43
374 809 43
386 1043 43
390 432 43
399 1181 43
412 1176 43
414 824 43
421 671 43
423 470 43
438 446 43
452 1447 43
453 1133 43
454 535 43
462 924 43
474 1105 43
505 1326 43
516 593 43
523 613 43
529 708 43
534 954 43
553 1126 43
553 1251 43
575 1259 43
581 638 43
586 1133 43
609 1156 43
612 1245 43
614 1073 43
622 1278 43
637 889 43
649 821 43
650 1436 43
657 1361 43
665 1125 43
680 1006 43
682 849 43
682 985 43
706 854 43
713 1013 43
716 1319 43
747 937 43
770 1274 43
774 787 43
781 784 43
790 938 43
790 1471 43
803 1179 43
807 826 43
808 924 43
845 1396 43
857 1141 43
859 1262 43
869 1187 43
877 1085 43
886 1369 43
889 1128 43
895 1048 43
898 1110 43
906 1159 43
909 1157 43
914 1213 43
916 1171 43
938 1392 43
975 1237 43
988 1196 43
1003 1436 43
1013 1367 43
1013 1391 43
1017 1138 43
1018 1083 43
1032 1432 43
1040 1129 43
1043 1283 43
1043 1463 43
1044 1140 43
1051 1058 43
1076 1138 43
1077 1268 43
1099 1257 43
1110 1473 43
1113 1308 43
1126 1212 43
1138 1302 43
1155 1258 43
1183 1393 43
1204 1387 43
1206 1478 43
1222 1224 43
1234 1375 43
1246 1309 43
1310 1424 43
1318 1464 43
1375 1449 43
1385 1424 43
1419 1467 43
1445 1469 43
39 1470 44
63 571 44
105 1048 44
112 1119 44
128 134 44
129 165 44
151 548 44
152 998 44
220 1169 44
222 1456 44
232 1422 44
232 952 44
242 1044 44
245 1238 44
325 1325 44
342 766 44
355 865 44
359 943 44
363 1040 44
368 400 44
372 945 44
383 523 44
406 725 44
462 784 44
491 568 44
506 598 44
539 640 44
558 858 44
588 1152 44
595 1189 44
634 747 44
657 853 44
681 780 44
738 1039 44
849 863 44
851 1360 44
1117 1200 44
1131 1386 44
1200 1383 44
5 1223 45
19 756 45
25 745 45
35 967 45
41 68 45
61 1363 45
61 210 45
81 205 45
84 908 45
86 1258 45
88 314 45
95 591 45
96 1094 45
97 596 45
102 823 45
103 734 45
115 1190 45
115 588 45
118 1340 45
119 1126 45
120 213 45
122 546 45
126 138 45
132 1297 45
144 275 45
145 986 45
157 1414 45
157 259 45
163 735 45
165 940 45
165 477 45
166 782 45
168 795 45
168 1430 45
185 1212 45
187 1149 45
191 414 45
194 866 45
196 1343 45
204 803 45
205 901 45
211 1308 45
214 1465 45
220 341 45
225 235 45
230 558 45
231 690 45
241 998 45
249 573 45
256 962 45
265 1333 45
273 765 45
288 569 45
289 1107 45
298 1143 45
300 1460 45
301 857 45
305 606 45
319 1298 45
325 1270 45
335 820 45
343 432 45
349 680 45
354 645 45
366 740 45
370 786 45
381 898 45
382 1036 45
388 668 45
388 1131 45
388 898 45
395 440 45
399 1174 45
403 786 45
404 587 45
407 518 45
413 466 45
413 1101 45
427 1068 45
430 466 45
436 957 45
442 526 45
443 697 45
445 959 45
446 1201 45
448 1333 45
460 1447 45
468 658 45
489 785 45
509 782 45
514 1405 45
519 815 45
522 869 45
527 586 45
528 1373 45
529 1090 45
535 1321 45
536 1102 45
537 813 45
539 758 45
545 1194 45
548 1006 45
561 1332 45
562 807 45
563 581 45
568 1182 45
573 1267 45
585 1232 45
636 976 45
637 655 45
643 1085 45
651 756 45
657 844 45
662 923 45
685 1361 45
697 1186 45
697 1289 45
716 908 45
723 1098 45
733 801 45
744 1301 45
748 863 45
756 1170 45
827 1438 45
841 1018 45
866 1152 45
868 1191 45
890 1326 45
891 1091 45
897 1046 45
901 1243 45
907 1016 45
917 1269 45
928 1098 45
952 1377 45
957 1131 45
959 1217 45
980 1242 45
986 1378 45
1001 1402 45
1051 1357 45
1088 1403 45
1089 1165 45
1135 1304 45
1139 1420 45
1161 1361 45
1242 1413 45
1255 1257 45
1321 1353 45
1428 1469 45
0 431 46
3 39 46
10 139 46
22 875 46
30 380 46
34 212 46
42 301 46
43 418 46
43 515 46
47 1187 46
51 1277 46
59 360 46
71 890 46
72 657 46
82 1231 46
83 169 46
83 803 46
84 941 46
92 1285 46
96 302 46
96 475 46
102 335 46
108 1115 46
112 1180 46
117 753 46
125 1316 46
125 1109 46
128 607 46
136 469 46
138 425 46
149 614 46
154 214 46
165 225 46
168 614 46
169 705 46
176 492 46
177 486 46
178 1108 46
180 756 46
191 793 46
196 315 46
201 1211 46
205 1346 46
206 380 46
212 412 46
212 414 46
216 303 46
216 1142 46
216 382 46
226 378 46
238 1452 46
243 430 46
251 726 46
255 960 46
263 1448 46
295 1267 46
306 977 46
310 773 46
374 1402 46
381 911 46
385 468 46
392 1144 46
394 1274 46
399 500 46
400 1191 46
404 707 46
419 1267 46
423 957 46
424 1170 46
443 1222 46
447 1234 46
449 720 46
454 542 46
463 1031 46
468 1374 46
471 1398 46
473 559 46
476 1072 46
485 777 46
491 1389 46
503 816 46
504 683 46
505 1426 46
505 1213 46
519 1219 46
525 531 46
526 646 46
538 1447 46
564 590 46
571 1143 46
585 763 46
586 1078 46
613 1059 46
648 1137 46
651 1347 46
653 941 46
654 1110 46
656 717 46
663 738 46
676 1068 46
685 832 46
686 922 46
689 1478 46
716 1402 46
718 1086 46
721 928 46
745 951 46
750 1358 46
763 998 46
793 1367 46
794 991 46
803 1462 46
830 976 46
837 1134 46
870 1421 46
898 1395 46
932 1097 46
938 1185 46
964 1417 46
984 1407 46
991 1264 46
1023 1027 46
1026 1444 46
1031 1073 46
1043 1467 46
1083 1301 46
1103 1203 46
1135 1309 46
1154 1417 46
1159 1255 46
1176 1277 46
1239 1367 46
1253 1396 46
1254 1374 46
1257 1393 46
1292 1328 46
1383 1410 46
5 582 47
13 1002 47
13 524 47
30 974 47
36 1310 47
39 707 47
63 802 47
70 560 47
71 523 47
73 365 47
87 493 47
97 1469 47
99 1059 47
101 1371 47
103 361 47
106 1141 47
106 332 47
107 897 47
107 150 47
109 590 47
121 437 47
125 511 47
137 330 47
142 383 47
147 1144 47
147 1151 47
164 589 47
171 667 47
190 999 47
196 426 47
205 861 47
205 1437 47
206 1367 47
210 438 47
222 852 47
243 1176 47
249 416 47
257 634 47
264 899 47
284 1005 47
297 773 47
307 542 47
310 1137 47
312 397 47
314 780 47
316 1060 47
317 654 47
321 394 47
327 1227 47
328 729 47
332 557 47
333 793 47
337 1399 47
356 939 47
378 884 47
378 1389 47
383 687 47
388 1174 47
396 788 47
399 715 47
407 533 47
418 730 47
440 973 47
459 1392 47
470 1150 47
477 1198 47
494 1416 47
501 515 47
511 1283 47
516 1441 47
518 618 47
518 566 47
527 1258 47
531 730 47
534 1069 47
536 871 47
544 1236 47
555 1076 47
564 1109 47
577 1075 47
591 1156 47
607 1357 47
623 1233 47
658 1226 47
665 1001 47
684 765 47
684 1143 47
690 1253 47
699 1027 47
700 1422 47
731 1359 47
749 770 47
750 862 47
763 1287 47
767 1309 47
782 828 47
786 879 47
838 1455 47
847 1387 47
852 1290 47
875 1164 47
907 1285 47
920 1091 47
925 1079 47
942 1222 47
967 1458 47
988 1163 47
1000 1168 47
1033 1035 47
1046 1156 47
1053 1427 47
1119 1240 47
1225 1384 47
1282 1346 47
1329 1430 47
1359 1475 47
1364 1411 47
1384 1395 47
23 507 48
35 236 48
38 683 48
51 1062 48
59 434 48
82 908 48
84 546 48
86 659 48
110 1171 48
111 1153 48
118 1262 48
120 710 48
124 386 48
129 594 48
142 801 48
145 460 48
154 1269 48
158 705 48
166 1469 48
169 174 48
191 585 48
210 499 48
211 284 48
214 1015 48
238 329 48
248 414 48
253 754 48
254 1142 48
273 451 48
275 1407 48
275 934 48
285 485 48
312 467 48
318 820 48
324 1178 48
327 362 48
327 1209 48
337 1184 48
343 646 48
345 876 48
346 459 48
370 1051 48
389 898 48
394 616 48
397 703 48
399 1383 48
402 1322 48
413 954 48
431 557 48
434 661 48
451 1361 48
452 1201 48
453 463 48
454 1278 48
464 1075 48
483 636 48
496 1016 48
506 1237 48
509 1229 48
512 1330 48
520 691 48
520 1314 48
544 1353 48
545 883 48
554 696 48
572 1090 48
573 1157 48
582 1395 48
632 1022 48
632 1116 48
633 1137 48
640 869 48
643 690 48
665 1302 48
685 1030 48
687 1283 48
697 1385 48
707 1479 48
719 1163 48
775 1147 48
787 1422 48
787 1464 48
811 1320 48
816 901 48
817 1134 48
827 1114 48
836 1338 48
842 912 48
863 1318 48
875 1188 48
889 1104 48
891 1315 48
967 1395 48
967 1159 48
974 1360 48
976 1409 48
985 993 48
1002 1204 48
1014 1455 48
1019 1028 48
1031 1420 48
1042 1216 48
1123 1464 48
1194 1459 48
1289 1384 48
1290 1325 48
1435 1451 48
18 1313 49
33 593 49
129 754 49
134 655 49
166 400 49
169 907 49
247 560 49
287 1049 49
302 510 49
320 1384 49
370 1296 49
380 977 49
458 873 49
474 1160 49
476 1056 49
702 1071 49
761 890 49
775 1273 49
780 1290 49
798 1221 49
812 1367 49
907 1367 49
970 1143 49
1031 1463 49
1173 1445 49
7 218 50
18 1333 50
19 1298 50
37 499 50
37 114 50
39 1436 50
50 788 50
57 537 50
63 601 50
80 568 50
87 950 50
88 526 50
100 300 50
102 1477 50
115 486 50
150 1154 50
151 805 50
169 1385 50
170 527 50
185 732 50
190 208 50
196 1017 50
206 734 50
207 1350 50
217 1369 50
219 1124 50
228 573 50
235 594 50
247 885 50
251 1089 50
259 960 50
266 750 50
272 467 50
286 1201 50
307 757 50
314 1182 50
320 1209 50
321 983 50
324 1075 50
349 1428 50
349 1162 50
373 492 50
380 867 50
395 1422 50
401 585 50
423 1242 50
455 1454 50
463 1456 50
556 1417 50
570 1025 50
576 679 50
584 592 50
590 1160 50
622 1339 50
635 1115 50
637 739 50
646 889 50
681 1315 50
695 1103 50
705 1409 50
707 1425 50
708 906 50
733 900 50
807 1284 50
816 1405 50
824 1112 50
853 1188 50
882 1279 50
990 1441 50
1089 1434 50
1105 1409 50
1157 1229 50
1163 1234 50
1233 1445 50
1347 1353 50
23 258 51
36 123 51
67 319 51
67 1380 51
73 648 51
126 1443 51
139 1014 51
164 772 51
167 1249 51
170 192 51
173 1390 51
179 448 51
189 624 51
193 375 51
195 925 51
199 243 51
216 1210 51
219 1177 51
232 1034 51
239 1251 51
243 866 51
243 1469 51
259 939 51
270 984 51
275 1111 51
293 386 51
315 1243 51
338 736 51
338 901 51
361 365 51
362 850 51
364 957 51
366 639 51
374 687 51
380 517 51
406 1444 51
407 1004 51
430 1037 51
457 539 51
460 1433 51
462 712 51
479 578 51
510 1143 51
527 1058 51
532 1331 51
542 850 51
572 1131 51
577 1214 51
589 1060 51
603 1455 51
612 1073 51
643 926 51
697 1274 51
704 863 51
723 1090 51
764 1103 51
767 1037 51
777 791 51
779 982 51
789 990 51
792 968 51
828 935 51
835 980 51
835 1186 51
844 1147 51
882 1218 51
911 1074 51
926 1247 51
963 1125 51
1005 1410 51
1015 1332 51
1042 1077 51
1074 1086 51
1171 1329 51
1262 1311 51
1312 1401 51
1382 1393 51
76 689 52
180 1237 52
199 1014 52
350 1140 52
362 572 52
419 812 52
425 509 52
458 535 52
466 1083 52
593 1203 52
626 1314 52
646 1092 52
657 658 52
712 878 52
770 1050 52
838 1053 52
917 918 52
961 1374 52
1169 1347 52
8 176 53
44 47 53
50 966 53
66 933 53
85 552 53
157 1355 53
195 341 53
214 313 53
222 1016 53
305 1181 53
309 1126 53
325 1450 53
436 990 53
437 1373 53
443 787 53
445 1111 53
510 741 53
546 1220 53
606 1049 53
744 1116 53
881 1256 53
1234 1327 53
1240 1406 53
12 645 54
20 434 54
20 802 54
53 85 54
74 482 54
74 715 54
95 1292 54
112 388 54
121 885 54
171 364 54
181 309 54
207 1277 54
207 1413 54
218 1232 54
282 867 54
312 555 54
321 648 54
400 669 54
412 1466 54
421 1211 54
437 766 54
455 922 54
455 1117 54
462 754 54
480 671 54
515 1239 54
536 587 54
578 1318 54
608 873 54
633 1020 54
656 1167 54
657 1260 54
660 1434 54
699 860 54
718 907 54
730 1228 54
739 1360 54
747 947 54
830 905 54
864 1006 54
892 1110 54
899 1346 54
1052 1313 54
1081 1444 54
1090 1224 54
1169 1396 54
1 1420 55
2 400 55
4 84 55
6 1457 55
8 1418 55
40 586 55
41 1227 55
42 716 55
44 217 55
49 113 55
52 1374 55
56 847 55
70 440 55
77 874 55
81 1026 55
83 564 55
91 486 55
98 1126 55
99 220 55
112 728 55
116 735 55
121 1369 55
136 928 55
136 657 55
141 592 55
144 505 55
148 455 55
151 530 55
151 682 55
153 601 55
157 304 55
161 846 55
168 1332 55
170 273 55
170 1414 55
172 225 55
181 362 55
183 1019 55
186 1323 55
188 691 55
193 1041 55
200 1427 55
201 1086 55
202 277 55
205 822 55
215 952 55
221 563 55
241 1037 55
241 280 55
262 445 55
315 683 55
321 1256 55
326 778 55
327 1276 55
331 998 55
341 1241 55
353 1104 55
360 503 55
409 915 55
424 1014 55
428 1274 55
434 1023 55
439 1233 55
441 1292 55
447 925 55
450 1002 55
453 1279 55
455 1410 55
461 1071 55
465 628 55
469 962 55
472 709 55
475 664 55
486 601 55
503 1129 55
517 1025 55
525 912 55
532 849 55
546 1412 55
576 759 55
579 1368 55
590 1029 55
592 1267 55
597 1040 55
600 702 55
606 1125 55
609 638 55
620 1476 55
652 882 55
664 1047 55
666 962 55
678 1457 55
680 1280 55
688 822 55
696 1095 55
699 908 55
705 996 55
734 812 55
736 1327 55
741 1138 55
768 889 55
768 970 55
784 1471 55
786 1221 55
795 1439 55
796 1268 55
803 1167 55
808 1363 55
835 885 55
869 1328 55
876 1436 55
877 1134 55
1033 1282 55
1044 1435 55
1055 1268 55
1061 1214 55
1106 1324 55
1121 1284 55
1140 1272 55
1195 1221 55
1257 1437 55
1374 1421 55
15 705 56
19 1262 56
20 1084 56
23 863 56
25 594 56
30 735 56
32 527 56
43 800 56
55 1439 56
79 899 56
92 839 56
92 903 56
97 735 56
103 929 56
124 889 56
134 713 56
135 173 56
148 1123 56
158 588 56
158 187 56
161 990 56
167 1365 56
174 1021 56
181 1118 56
183 1020 56
191 895 56
194 398 56
216 314 56
219 336 56
226 1237 56
228 1245 56
240 1081 56
242 437 56
246 798 56
252 1447 56
257 484 56
258 1444 56
266 1076 56
277 1186 56
291 674 56
301 468 56
302 493 56
302 536 56
303 725 56
314 372 56
317 644 56
318 1090 56
327 725 56
344 1285 56
345 366 56
352 713 56
353 374 56
410 1146 56
411 722 56
412 996 56
427 785 56
447 1314 56
451 1344 56
454 1105 56
470 713 56
482 684 56
510 521 56
510 1254 56
524 1400 56
525 966 56
531 982 56
557 725 56
560 760 56
576 1018 56
583 951 56
603 1220 56
607 902 56
617 695 56
631 1176 56
636 716 56
656 1451 56
666 1233 56
671 1045 56
681 932 56
705 1035 56
707 1266 56
712 1123 56
718 1435 56
748 981 56
766 967 56
784 1220 56
835 1371 56
854 1262 56
868 1102 56
870 878 56
900 1197 56
905 1324 56
932 1093 56
951 1416 56
958 1290 56
1006 1261 56
1030 1283 56
1036 1086 56
1045 1253 56
1060 1190 56
1159 1232 56
1250 1391 56
1298 1465 56
1345 1414 56
2 406 57
2 910 57
6 1354 57
17 1215 57
32 651 57
46 1048 57
49 446 57
51 1196 57
69 954 57
78 983 57
98 493 57
98 648 57
112 1341 57
120 582 57
131 869 57
135 947 57
147 1113 57
165 379 57
166 370 57
180 359 57
182 812 57
189 1468 57
194 725 57
215 1138 57
229 1317 57
237 802 57
243 945 57
243 410 57
249 1006 57
256 1080 57
256 735 57
258 1083 57
259 882 57
269 917 57
273 626 57
276 767 57
280 897 57
291 1264 57
296 611 57
308 410 57
314 1401 57
321 564 57
328 930 57
328 1229 57
329 428 57
347 1147 57
352 1436 57
353 502 57
357 1111 57
357 711 57
369 642 57
370 1044 57
374 564 57
377 1081 57
382 541 57
393 1087 57
395 621 57
399 713 57
400 490 57
413 1023 57
414 1286 57
423 620 57
427 799 57
427 1139 57
485 814 57
493 1465 57
499 1414 57
506 1040 57
507 1339 57
518 722 57
531 1271 57
542 1268 57
547 1315 57
569 1235 57
571 773 57
575 984 57
575 742 57
588 1195 57
590 1406 57
609 1383 57
633 1457 57
636 1456 57
651 1434 57
657 1378 57
663 1194 57
690 1185 57
693 1023 57
697 970 57
715 1400 57
726 984 57
735 1355 57
747 1433 57
788 1201 57
810 1023 57
834 1470 57
853 1334 57
863 1351 57
868 1004 57
894 1451 57
904 1420 57
908 1138 57
911 1223 57
925 1187 57
947 1202 57
956 1057 57
974 1036 57
996 1010 57
1004 1393 57
1006 1326 57
1075 1261 57
1120 1208 57
1129 1244 57
1204 1256 57
1241 1386 57
1287 1402 57
24 966 58
47 52 58
59 420 58
71 1013 58
105 669 58
109 197 58
121 1281 58
125 860 58
127 1281 58
136 149 58
151 1046 58
154 331 58
160 670 58
164 705 58
168 805 58
182 562 58
184 417 58
190 1371 58
195 479 58
201 1077 58
204 1208 58
205 1034 58
214 363 58
217 386 58
222 808 58
229 671 58
239 1370 58
259 1463 58
264 680 58
268 814 58
268 1198 58
297 1026 58
300 993 58
319 706 58
319 1226 58
324 1334 58
331 549 58
333 1467 58
366 487 58
366 496 58
382 1161 58
393 516 58
416 1100 58
417 1424 58
424 803 58
435 920 58
438 1104 58
440 673 58
468 1387 58
505 694 58
513 1388 58
514 1447 58
533 1234 58
558 1118 58
562 1242 58
564 1143 58
579 812 58
627 1130 58
643 1077 58
656 1046 58
661 991 58
662 1467 58
672 1239 58
688 1316 58
690 1037 58
710 763 58
715 1430 58
787 1117 58
797 1252 58
810 1042 58
842 1433 58
856 1001 58
865 1009 58
873 1445 58
879 1328 58
907 1116 58
907 1366 58
910 1407 58
934 1040 58
977 1239 58
1006 1394 58
1030 1387 58
1038 1095 58
1041 1471 58
1086 1246 58
1108 1121 58
1180 1310 58
1208 1340 58
1229 1374 58
1367 1399 58
1413 1422 58
1 494 59
1 131 59
4 874 59
5 31 59
13 564 59
27 207 59
29 759 59
38 153 59
38 42 59
43 1196 59
51 1428 59
68 1368 59
75 375 59
88 134 59
95 301 59
105 928 59
112 142 59
117 749 59
130 850 59
132 402 59
140 539 59
148 1220 59
151 1327 59
153 1263 59
164 182 59
168 188 59
174 1411 59
179 505 59
187 687 59
191 326 59
197 334 59
198 602 59
199 237 59
200 1305 59
209 748 59
210 665 59
211 662 59
225 741 59
226 1366 59
252 1182 59
254 1051 59
257 1453 59
265 720 59
275 940 59
282 1014 59
282 297 59
321 841 59
363 1112 59
416 1224 59
418 1298 59
419 524 59
435 843 59
462 750 59
464 724 59
467 860 59
525 1008 59
552 1179 59
556 1407 59
558 1069 59
570 1100 59
585 1150 59
596 810 59
610 1097 59
621 1260 59
666 1314 59
666 1002 59
689 1000 59
717 1016 59
721 1025 59
780 1376 59
795 919 59
811 851 59
841 1329 59
895 1357 59
902 951 59
945 1108 59
976 995 59
1011 1378 59
1021 1292 59
1051 1110 59
1099 1356 59
1131 1274 59
1291 1417 59
1388 1471 59
1 288 60
19 1448 60
50 569 60
52 1183 60
117 621 60
204 1105 60
223 904 60
232 827 60
250 572 60
281 1168 60
400 423 60
510 555 60
563 1011 60
654 724 60
707 747 60
712 977 60
768 1461 60
912 1319 60
953 1309 60
1046 1304 60
1228 1391 60
