3 418 0
7 171 0
10 1065 0
12 16 0
20 156 0
20 732 0
54 1180 0
65 650 0
65 247 0
77 892 0
83 143 0
86 830 0
108 175 0
116 936 0
123 433 0
125 489 0
127 220 0
129 1090 0
138 1041 0
143 164 0
147 401 0
150 620 0
156 945 0
160 864 0
161 316 0
196 1469 0
212 797 0
216 1321 0
221 1444 0
222 407 0
228 972 0
229 483 0
240 1366 0
249 776 0
255 1070 0
256 360 0
270 1394 0
285 743 0
302 662 0
337 522 0
339 1170 0
358 1307 0
363 616 0
369 778 0
380 696 0
386 517 0
413 1177 0
427 1053 0
440 491 0
467 1013 0
471 1374 0
492 578 0
502 1089 0
504 1225 0
521 868 0
524 543 0
576 1223 0
583 1318 0
604 1097 0
608 1256 0
625 747 0
628 1044 0
660 1375 0
706 1238 0
747 1248 0
749 1009 0
795 831 0
816 890 0
857 989 0
886 1382 0
996 1190 0
1002 1441 0
1021 1241 0
1065 1262 0
1134 1163 0
1274 1318 0
1278 1422 0
12 271 1
21 1291 1
30 484 1
37 499 1
40 214 1
52 937 1
60 548 1
70 381 1
84 559 1
100 189 1
100 622 1
104 997 1
113 1076 1
131 718 1
149 1250 1
153 484 1
164 1079 1
168 531 1
183 898 1
190 402 1
241 1478 1
261 604 1
261 871 1
284 800 1
287 586 1
317 416 1
324 801 1
324 1315 1
328 980 1
359 1434 1
365 616 1
367 1273 1
375 598 1
378 1176 1
396 750 1
396 870 1
399 488 1
403 1465 1
408 1442 1
410 826 1
415 814 1
420 845 1
435 511 1
480 528 1
538 772 1
579 1468 1
603 847 1
606 771 1
614 1187 1
626 870 1
690 1003 1
710 959 1
791 1109 1
810 971 1
826 969 1
860 1088 1
886 1417 1
933 1348 1
942 1212 1
948 1267 1
1001 1032 1
1011 1046 1
1041 1325 1
1077 1146 1
1109 1449 1
1149 1331 1
1150 1430 1
1152 1469 1
1230 1427 1
1236 1358 1
1266 1376 1
1282 1370 1
1389 1479 1
1 602 2
5 390 2
8 1165 2
9 1377 2
10 1427 2
10 160 2
18 747 2
20 76 2
34 1347 2
35 40 2
41 1355 2
51 113 2
51 355 2
52 532 2
57 1470 2
60 934 2
74 1419 2
78 1452 2
83 800 2
88 326 2
98 837 2
102 329 2
103 1431 2
105 505 2
115 1202 2
115 505 2
116 144 2
117 670 2
126 1055 2
133 1248 2
134 1143 2
134 347 2
146 678 2
150 386 2
159 1252 2
164 638 2
170 1392 2
170 241 2
174 857 2
182 423 2
188 520 2
202 1243 2
207 720 2
210 930 2
211 977 2
216 589 2
232 795 2
235 1248 2
244 702 2
246 720 2
246 649 2
247 291 2
250 964 2
267 1326 2
267 1403 2
281 657 2
288 673 2
308 1056 2
329 551 2
332 887 2
348 356 2
358 1185 2
364 1344 2
378 1440 2
395 617 2
426 798 2
430 1438 2
434 1364 2
435 791 2
435 993 2
443 561 2
448 592 2
456 1467 2
481 922 2
492 1467 2
494 739 2
496 1039 2
497 843 2
499 1013 2
501 1113 2
515 1059 2
524 1440 2
534 899 2
545 854 2
552 969 2
553 558 2
560 730 2
564 820 2
570 1328 2
574 1126 2
583 899 2
594 1134 2
602 1251 2
610 1421 2
615 910 2
617 1028 2
619 1157 2
623 1144 2
623 771 2
683 933 2
683 1437 2
701 1438 2
728 995 2
729 1379 2
733 1161 2
756 1177 2
760 987 2
768 1240 2
771 1420 2
776 1050 2
784 854 2
797 1428 2
822 827 2
830 1303 2
857 1188 2
864 1410 2
882 1157 2
893 982 2
900 1414 2
924 1354 2
924 946 2
1003 1247 2
1022 1285 2
1043 1372 2
1050 1268 2
1072 1169 2
1106 1325 2
1110 1420 2
1130 1131 2
1140 1374 2
1243 1262 2
1270 1320 2
1338 1407 2
3 900 3
5 468 3
7 337 3
21 1034 3
25 899 3
33 1200 3
50 488 3
54 444 3
64 1022 3
65 1090 3
68 1428 3
88 1021 3
92 1060 3
98 324 3
113 779 3
135 992 3
165 743 3
168 566 3
169 1223 3
173 1471 3
182 660 3
188 471 3
197 318 3
207 1134 3
265 700 3
270 503 3
277 996 3
284 1460 3
284 1127 3
285 744 3
292 1460 3
293 1149 3
295 610 3
296 1244 3
300 389 3
320 1370 3
326 966 3
356 695 3
381 1017 3
397 634 3
399 1420 3
408 717 3
408 497 3
410 1295 3
417 1215 3
426 771 3
434 915 3
441 1115 3
469 1313 3
482 1351 3
484 1426 3
492 1231 3
501 691 3
509 885 3
517 1322 3
544 1303 3
548 1135 3
556 1191 3
579 1369 3
585 1038 3
591 916 3
598 1442 3
599 610 3
622 653 3
625 1227 3
699 832 3
702 1210 3
712 905 3
726 803 3
737 1105 3
744 767 3
748 754 3
753 1143 3
759 1436 3
812 1464 3
842 1017 3
872 1148 3
913 1091 3
925 1449 3
981 1261 3
1015 1348 3
1062 1251 3
1069 1369 3
1111 1393 3
1124 1195 3
1132 1438 3
1137 1411 3
1187 1305 3
1248 1273 3
1305 1403 3
1393 1476 3
1 759 4
1 1358 4
10 404 4
14 732 4
14 30 4
15 340 4
41 1078 4
44 581 4
44 510 4
58 319 4
63 487 4
76 1283 4
85 594 4
87 1144 4
90 763 4
92 93 4
92 1138 4
93 612 4
96 1205 4
99 932 4
101 1053 4
103 675 4
107 1263 4
122 1217 4
132 680 4
148 1205 4
159 746 4
168 371 4
171 1321 4
196 307 4
203 1236 4
207 1054 4
210 1119 4
216 242 4
222 257 4
239 607 4
252 968 4
287 1226 4
292 927 4
308 1374 4
318 1048 4
326 793 4
326 342 4
339 632 4
358 610 4
383 931 4
393 505 4
406 500 4
440 918 4
445 1467 4
453 1350 4
467 543 4
486 1041 4
487 1054 4
499 1381 4
518 546 4
534 608 4
552 766 4
572 1022 4
581 1367 4
586 910 4
606 742 4
617 807 4
629 887 4
632 753 4
640 1365 4
648 1234 4
658 1023 4
667 1137 4
672 1194 4
677 1108 4
733 1090 4
739 1080 4
757 1473 4
761 1468 4
777 814 4
793 1307 4
897 1427 4
899 1012 4
902 1167 4
907 1318 4
930 1072 4
951 1450 4
966 1433 4
969 1073 4
982 1150 4
1097 1153 4
1097 1141 4
1111 1240 4
1134 1348 4
1146 1432 4
1164 1233 4
1177 1255 4
1204 1362 4
1251 1405 4
1286 1358 4
1305 1417 4
2 327 5
32 1239 5
39 910 5
55 1170 5
55 251 5
65 1268 5
66 649 5
68 994 5
82 716 5
134 1209 5
141 1137 5
197 1149 5
214 226 5
224 1237 5
229 1311 5
240 1013 5
281 1126 5
288 1052 5
290 338 5
300 1466 5
303 388 5
312 1306 5
313 671 5
376 708 5
382 1366 5
382 603 5
396 827 5
459 1359 5
461 619 5
465 1125 5
537 1292 5
538 1156 5
547 1275 5
569 1351 5
680 1418 5
680 790 5
708 1337 5
749 1156 5
752 1453 5
775 1317 5
790 1401 5
796 842 5
811 1253 5
883 1211 5
1023 1400 5
1030 1422 5
1055 1458 5
1084 1338 5
1151 1405 5
1209 1436 5
1305 1417 5
1331 1459 5
1369 1434 5
6 836 6
24 356 6
27 104 6
91 272 6
96 352 6
132 1462 6
142 433 6
160 422 6
200 280 6
210 743 6
229 600 6
236 1242 6
249 830 6
263 433 6
280 590 6
354 1187 6
365 434 6
371 863 6
384 1387 6
427 1158 6
429 1040 6
460 620 6
488 871 6
519 1399 6
542 758 6
595 890 6
620 1088 6
683 736 6
718 1369 6
823 1002 6
839 1399 6
862 999 6
882 1174 6
924 1002 6
973 1378 6
977 1275 6
1002 1445 6
1003 1285 6
34 623 7
85 130 7
101 1225 7
140 1079 7
152 1119 7
187 299 7
204 1134 7
257 1262 7
293 314 7
311 1294 7
329 938 7
376 478 7
384 1377 7
413 1422 7
433 1070 7
462 1347 7
472 740 7
482 1295 7
615 921 7
669 886 7
717 947 7
788 1235 7
826 1265 7
835 843 7
839 1126 7
940 1100 7
0 565 8
15 1273 8
32 768 8
68 444 8
69 696 8
93 608 8
95 348 8
106 699 8
106 1012 8
141 614 8
177 1107 8
178 1365 8
233 1201 8
249 1268 8
277 934 8
279 778 8
325 392 8
327 1479 8
344 1320 8
352 1108 8
360 667 8
417 1241 8
431 1000 8
431 1321 8
441 1453 8
477 604 8
488 958 8
506 1072 8
526 1409 8
540 669 8
601 1081 8
615 670 8
624 986 8
729 1415 8
758 1039 8
759 1162 8
816 1118 8
994 1142 8
1010 1068 8
1047 1339 8
1154 1323 8
1160 1233 8
1180 1227 8
1189 1271 8
1 305 9
1 681 9
2 914 9
5 29 9
12 59 9
13 1289 9
18 1317 9
18 788 9
24 1046 9
27 480 9
32 1197 9
36 1245 9
39 326 9
42 774 9
43 1421 9
46 288 9
53 972 9
53 1139 9
54 412 9
57 274 9
62 1051 9
70 1248 9
72 1059 9
77 1091 9
78 524 9
87 283 9
92 1049 9
96 636 9
103 1320 9
109 1402 9
112 820 9
131 897 9
134 788 9
138 722 9
140 1054 9
144 480 9
144 850 9
170 257 9
174 648 9
188 1476 9
191 1440 9
194 1080 9
199 1131 9
203 214 9
207 1329 9
210 297 9
214 1204 9
217 810 9
225 1183 9
235 1159 9
240 1069 9
243 928 9
264 293 9
268 1218 9
270 836 9
270 1475 9
296 723 9
299 1100 9
315 359 9
320 414 9
331 957 9
333 1190 9
333 565 9
356 461 9
358 1018 9
381 997 9
383 555 9
387 1040 9
388 1321 9
393 1232 9
394 875 9
394 561 9
398 880 9
398 490 9
410 659 9
411 729 9
417 1134 9
419 1085 9
422 1084 9
422 1230 9
426 1245 9
426 1430 9
436 467 9
441 1452 9
443 880 9
452 1222 9
454 1373 9
459 699 9
460 546 9
465 649 9
486 570 9
496 667 9
497 1023 9
503 1217 9
505 885 9
512 932 9
517 589 9
519 910 9
523 1307 9
532 843 9
543 1045 9
546 790 9
558 939 9
568 1012 9
585 736 9
591 831 9
608 1386 9
614 1301 9
615 775 9
616 918 9
625 1439 9
625 769 9
628 764 9
647 753 9
656 1475 9
658 789 9
658 1345 9
660 1271 9
666 963 9
667 910 9
678 1333 9
695 808 9
697 781 9
705 1026 9
720 1036 9
771 953 9
772 1093 9
777 1196 9
810 1165 9
813 1308 9
852 1172 9
858 1215 9
860 1356 9
861 1084 9
872 1171 9
873 1037 9
887 1098 9
889 1166 9
890 992 9
898 1162 9
900 1068 9
912 1085 9
919 1227 9
929 1346 9
941 1018 9
943 1298 9
945 1205 9
952 1114 9
964 1085 9
988 1267 9
994 1045 9
1035 1101 9
1055 1454 9
1107 1122 9
1122 1260 9
1148 1415 9
1211 1276 9
1248 1287 9
1316 1342 9
4 783 10
21 1049 10
26 393 10
35 1041 10
53 526 10
57 436 10
63 1339 10
74 1281 10
106 171 10
108 1434 10
134 1362 10
168 831 10
171 727 10
180 1067 10
194 640 10
208 833 10
211 569 10
220 777 10
230 1390 10
231 804 10
241 767 10
243 603 10
245 549 10
246 1304 10
247 775 10
250 697 10
258 1299 10
264 1117 10
282 1022 10
301 354 10
304 968 10
305 1394 10
322 568 10
329 1011 10
340 366 10
353 657 10
364 1475 10
366 542 10
370 889 10
373 452 10
390 892 10
394 766 10
416 1226 10
444 747 10
472 760 10
476 1255 10
530 610 10
543 800 10
564 804 10
592 781 10
608 1119 10
649 1205 10
651 960 10
664 1115 10
667 1011 10
680 748 10
698 861 10
723 1132 10
748 1132 10
779 1366 10
824 952 10
866 1069 10
882 1159 10
909 1020 10
990 1200 10
992 1045 10
1037 1254 10
1060 1106 10
1118 1388 10
1183 1236 10
1197 1217 10
1209 1388 10
1265 1308 10
1275 1438 10
6 62 11
11 261 11
12 1466 11
13 821 11
13 1022 11
13 1024 11
13 155 11
14 535 11
15 315 11
16 36 11
25 847 11
30 789 11
35 563 11
41 291 11
45 272 11
46 181 11
48 1362 11
50 1451 11
56 469 11
59 575 11
63 284 11
67 1184 11
68 254 11
73 669 11
79 1289 11
87 1352 11
87 359 11
90 1068 11
94 590 11
97 896 11
125 1230 11
128 586 11
130 264 11
131 673 11
144 274 11
146 1294 11
152 395 11
155 1235 11
158 1178 11
162 1036 11
167 265 11
168 1102 11
170 1421 11
172 981 11
172 409 11
175 332 11
178 869 11
182 604 11
188 1473 11
191 414 11
195 647 11
200 542 11
216 517 11
221 1431 11
222 738 11
226 1066 11
228 502 11
229 746 11
231 583 11
232 766 11
234 565 11
242 730 11
242 1205 11
249 549 11
259 1437 11
259 1260 11
259 782 11
275 1404 11
276 444 11
279 773 11
283 868 11
292 1017 11
293 835 11
294 1277 11
296 1479 11
296 564 11
299 775 11
300 301 11
304 1176 11
316 1223 11
325 524 11
326 985 11
329 664 11
340 986 11
341 1397 11
345 1257 11
347 1202 11
356 1452 11
373 403 11
376 705 11
383 1407 11
389 547 11
405 708 11
408 1356 11
412 1387 11
417 845 11
427 994 11
435 1118 11
445 737 11
447 655 11
449 951 11
451 839 11
461 959 11
465 700 11
466 896 11
467 493 11
472 497 11
477 1055 11
482 925 11
483 659 11
496 827 11
500 980 11
500 1171 11
501 1380 11
513 877 11
515 734 11
516 663 11
517 728 11
518 773 11
524 874 11
529 1105 11
542 1477 11
546 1282 11
550 841 11
551 728 11
566 925 11
573 1348 11
577 894 11
578 801 11
584 1206 11
587 877 11
589 1013 11
594 1449 11
599 1387 11
603 1402 11
609 1186 11
613 1194 11
617 1468 11
625 1423 11
625 993 11
636 847 11
643 1171 11
649 1269 11
661 1415 11
669 1335 11
677 1041 11
690 715 11
710 1274 11
726 1381 11
738 1206 11
742 1180 11
787 1232 11
795 1251 11
798 838 11
818 1138 11
823 1384 11
830 1337 11
837 1283 11
858 1187 11
866 1140 11
878 1257 11
878 967 11
879 1074 11
884 1131 11
885 1182 11
913 1067 11
922 1238 11
930 1128 11
944 1003 11
946 1326 11
951 1251 11
975 1177 11
980 1352 11
981 1398 11
984 1064 11
984 1219 11
984 1257 11
984 1348 11
986 1321 11
991 1076 11
994 1267 11
996 1396 11
1012 1180 11
1020 1335 11
1030 1372 11
1035 1038 11
1056 1296 11
1069 1285 11
1075 1230 11
1077 1184 11
1079 1476 11
1115 1192 11
1174 1326 11
1187 1299 11
1202 1264 11
1246 1410 11
1283 1455 11
1328 1409 11
1414 1472 11
1 267 12
9 913 12
10 999 12
23 1078 12
24 1199 12
29 268 12
40 107 12
43 138 12
45 1059 12
58 1312 12
60 841 12
62 273 12
62 1038 12
67 75 12
71 836 12
73 984 12
74 728 12
75 378 12
80 421 12
107 1240 12
149 183 12
157 304 12
158 433 12
158 933 12
165 1429 12
166 407 12
169 718 12
178 693 12
182 402 12
195 394 12
198 541 12
204 540 12
210 1361 12
243 392 12
259 1214 12
279 1267 12
286 1339 12
288 638 12
302 1344 12
309 980 12
315 1226 12
325 1131 12
345 842 12
373 1084 12
375 1131 12
387 1240 12
392 539 12
402 1337 12
424 632 12
435 629 12
441 1154 12
443 985 12
454 682 12
458 771 12
459 1441 12
477 688 12
481 1064 12
507 1361 12
507 1341 12
559 1466 12
587 1019 12
594 632 12
596 1477 12
648 1454 12
652 1060 12
664 1479 12
669 877 12
676 1247 12
691 1335 12
773 902 12
792 1428 12
794 1176 12
821 1155 12
837 1296 12
854 1394 12
867 940 12
879 1112 12
910 1394 12
918 1307 12
935 1347 12
937 1475 12
949 1066 12
982 1031 12
986 1239 12
1030 1195 12
1052 1056 12
1066 1090 12
1110 1414 12
1128 1158 12
1155 1205 12
1380 1441 12
5 458 13
42 1416 13
87 1091 13
96 349 13
101 1364 13
107 1243 13
107 1386 13
122 622 13
135 1208 13
144 283 13
198 763 13
204 909 13
205 467 13
232 1121 13
236 1128 13
355 1232 13
405 1342 13
499 1304 13
596 938 13
616 874 13
685 1082 13
764 912 13
831 1133 13
850 1029 13
965 1185 13
970 1263 13
994 1406 13
1005 1037 13
1280 1299 13
1280 1352 13
1284 1397 13
0 359 14
10 1079 14
15 1158 14
25 708 14
25 769 14
34 1215 14
34 1011 14
38 741 14
46 519 14
52 766 14
54 728 14
55 1111 14
61 241 14
64 290 14
64 1215 14
64 353 14
75 1195 14
78 180 14
89 462 14
90 640 14
92 711 14
93 1290 14
101 229 14
105 1454 14
113 986 14
116 520 14
116 665 14
117 671 14
118 944 14
118 838 14
129 429 14
131 1441 14
135 685 14
143 1425 14
148 704 14
150 942 14
158 345 14
163 1323 14
165 1296 14
176 580 14
177 864 14
179 966 14
183 292 14
189 1247 14
193 969 14
197 270 14
207 1077 14
212 1382 14
216 1279 14
224 501 14
226 1365 14
237 780 14
239 997 14
239 1036 14
246 1418 14
254 1078 14
254 869 14
255 1154 14
255 920 14
261 1274 14
263 324 14
271 1440 14
275 894 14
275 1467 14
277 409 14
283 960 14
283 819 14
288 1125 14
291 875 14
296 565 14
306 709 14
308 1321 14
327 1133 14
331 1203 14
333 520 14
334 1211 14
335 676 14
342 1128 14
347 655 14
353 1247 14
353 531 14
356 894 14
371 694 14
373 1475 14
382 1320 14
392 491 14
393 1027 14
396 667 14
399 951 14
402 448 14
406 1137 14
408 566 14
413 1307 14
420 1214 14
420 731 14
431 963 14
444 1172 14
460 1043 14
463 1165 14
470 908 14
480 555 14
488 1460 14
493 565 14
496 831 14
501 545 14
505 1265 14
507 1353 14
510 685 14
515 1462 14
522 1297 14
530 843 14
532 971 14
538 885 14
546 1281 14
547 936 14
552 1140 14
559 1183 14
562 1100 14
563 1376 14
564 1241 14
568 752 14
570 769 14
578 696 14
588 642 14
600 1032 14
620 1156 14
629 955 14
644 817 14
650 962 14
653 1172 14
663 1370 14
681 1465 14
682 1141 14
686 915 14
724 1172 14
732 769 14
770 795 14
774 813 14
781 1463 14
823 1394 14
857 1033 14
865 1242 14
879 1444 14
885 1318 14
902 1303 14
912 1382 14
922 933 14
933 1110 14
942 1376 14
959 1083 14
977 1092 14
991 996 14
995 1441 14
1008 1309 14
1009 1453 14
1018 1063 14
1037 1167 14
1043 1134 14
1046 1108 14
1049 1140 14
1067 1403 14
1072 1381 14
1073 1372 14
1077 1451 14
1090 1252 14
1090 1360 14
1092 1261 14
1098 1106 14
1107 1372 14
1109 1233 14
1132 1276 14
1148 1440 14
1152 1354 14
1162 1443 14
1185 1477 14
1185 1265 14
1223 1438 14
1248 1306 14
1256 1422 14
1261 1351 14
1271 1391 14
1296 1423 14
1305 1443 14
1312 1374 14
1395 1442 14
1456 1479 14
8 1100 15
21 561 15
24 1155 15
28 524 15
33 919 15
35 1147 15
37 878 15
38 520 15
54 1173 15
56 678 15
63 1135 15
89 1395 15
103 360 15
109 676 15
113 810 15
116 1217 15
124 358 15
129 819 15
158 1106 15
160 801 15
165 584 15
170 1001 15
172 1268 15
178 720 15
180 1445 15
187 216 15
189 332 15
189 421 15
190 1124 15
199 895 15
218 388 15
221 605 15
229 1088 15
245 1235 15
258 737 15
273 1276 15
298 1212 15
311 1476 15
332 1309 15
333 1397 15
342 876 15
347 842 15
352 693 15
354 931 15
366 859 15
384 1425 15
385 1054 15
400 754 15
422 1394 15
428 879 15
449 1140 15
456 614 15
463 724 15
472 720 15
478 1207 15
479 1033 15
480 1167 15
481 522 15
505 818 15
509 1420 15
509 1033 15
521 706 15
533 948 15
558 1366 15
567 628 15
576 1082 15
652 1473 15
667 1083 15
689 1235 15
715 789 15
717 1422 15
735 1452 15
754 1271 15
764 1201 15
774 1025 15
784 1097 15
789 880 15
834 1369 15
834 1435 15
846 1384 15
894 1095 15
909 918 15
926 1167 15
927 1089 15
956 1189 15
1018 1142 15
1035 1320 15
1051 1197 15
1054 1198 15
1059 1396 15
1064 1311 15
1137 1222 15
1144 1342 15
1155 1455 15
1209 1278 15
1225 1471 15
1295 1399 15
1348 1420 15
23 870 16
25 1349 16
30 848 16
32 632 16
43 1253 16
57 1379 16
70 550 16
81 390 16
88 1478 16
88 1185 16
95 661 16
103 248 16
118 674 16
121 327 16
167 726 16
191 1406 16
199 526 16
208 845 16
234 1107 16
241 585 16
253 380 16
256 598 16
268 800 16
271 1403 16
272 785 16
274 1235 16
282 1101 16
286 1078 16
298 656 16
303 314 16
305 940 16
326 1424 16
337 746 16
345 878 16
345 1444 16
359 1140 16
362 900 16
379 943 16
412 707 16
426 690 16
444 626 16
449 1475 16
467 1111 16
503 716 16
516 534 16
520 1137 16
521 1310 16
543 923 16
544 860 16
600 1235 16
611 1405 16
641 1131 16
651 954 16
653 1355 16
658 1211 16
666 731 16
688 1347 16
692 1150 16
712 1439 16
720 984 16
729 1119 16
741 1260 16
741 975 16
743 1244 16
780 908 16
823 952 16
848 1158 16
851 939 16
894 1134 16
909 1200 16
916 926 16
940 1196 16
981 1057 16
986 1414 16
1109 1222 16
1124 1330 16
1141 1194 16
1197 1334 16
1251 1440 16
15 851 17
17 171 17
31 589 17
60 1130 17
100 1166 17
105 314 17
109 677 17
148 1122 17
149 531 17
149 868 17
153 1381 17
156 1342 17
164 1040 17
169 532 17
171 422 17
174 910 17
184 410 17
193 932 17
200 317 17
204 1237 17
204 999 17
205 945 17
206 678 17
216 1024 17
219 1342 17
221 1411 17
236 455 17
251 899 17
255 631 17
255 655 17
266 1379 17
272 738 17
281 1307 17
284 507 17
306 700 17
308 1418 17
346 1369 17
373 761 17
411 1190 17
421 665 17
423 1327 17
430 833 17
437 851 17
444 1290 17
538 705 17
541 1002 17
560 564 17
561 993 17
571 1130 17
581 1456 17
588 1222 17
594 1063 17
601 1039 17
646 722 17
663 1469 17
707 926 17
816 996 17
883 1147 17
924 1109 17
950 1101 17
996 1352 17
1136 1342 17
1210 1478 17
1262 1429 17
2 828 18
37 1343 18
61 176 18
64 562 18
77 318 18
83 1289 18
97 1415 18
106 1479 18
122 664 18
137 613 18
178 1146 18
197 381 18
238 1280 18
239 1069 18
249 418 18
261 322 18
274 900 18
306 1128 18
318 1454 18
323 645 18
351 910 18
351 1396 18
362 920 18
373 718 18
386 647 18
387 935 18
389 1372 18
399 830 18
403 1207 18
412 929 18
412 465 18
415 809 18
421 1286 18
438 803 18
445 928 18
449 1317 18
471 1439 18
493 650 18
505 1314 18
546 1180 18
565 752 18
565 1053 18
567 1372 18
581 1299 18
586 1078 18
625 1333 18
633 1114 18
639 1104 18
685 863 18
696 923 18
720 1318 18
723 1471 18
831 1418 18
852 1192 18
854 916 18
909 1037 18
928 957 18
960 1129 18
970 1228 18
1084 1301 18
1103 1391 18
1112 1161 18
1116 1439 18
1377 1428 18
9 887 19
9 813 19
10 565 19
17 386 19
35 1458 19
36 742 19
76 113 19
85 273 19
86 1074 19
98 1079 19
104 349 19
110 525 19
112 280 19
115 1454 19
116 1168 19
120 310 19
122 998 19
123 159 19
133 1035 19
141 1178 19
145 449 19
148 1218 19
154 1459 19
155 402 19
155 1455 19
155 1313 19
158 167 19
162 490 19
163 509 19
164 930 19
168 838 19
176 898 19
184 874 19
192 1081 19
199 1137 19
204 1323 19
209 287 19
220 556 19
232 1053 19
236 1228 19
245 562 19
248 616 19
251 592 19
253 663 19
274 403 19
283 1281 19
286 759 19
312 849 19
319 740 19
323 1065 19
332 838 19
336 837 19
344 1231 19
352 1329 19
356 411 19
364 1076 19
375 869 19
431 1052 19
439 819 19
449 1330 19
458 719 19
498 564 19
506 918 19
510 1128 19
511 1266 19
515 745 19
518 808 19
559 1163 19
561 827 19
574 857 19
588 1331 19
598 1429 19
601 678 19
601 850 19
619 1097 19
622 1291 19
629 794 19
629 802 19
646 970 19
659 1417 19
677 1440 19
681 843 19
688 1214 19
697 912 19
700 855 19
704 1097 19
708 995 19
715 1294 19
720 1340 19
727 775 19
738 1365 19
749 1440 19
751 1157 19
776 1067 19
837 1317 19
842 1402 19
855 1202 19
857 1438 19
874 1010 19
881 975 19
890 1157 19
904 1184 19
918 1454 19
933 1131 19
938 1012 19
947 1074 19
960 1230 19
986 1168 19
989 1230 19
993 994 19
1030 1266 19
1057 1361 19
1107 1279 19
1112 1215 19
1125 1153 19
1251 1288 19
1393 1454 19
4 971 20
6 1471 20
8 1341 20
13 494 20
31 790 20
34 294 20
36 444 20
41 557 20
53 841 20
68 111 20
81 1094 20
102 658 20
102 819 20
119 1029 20
135 987 20
136 915 20
138 606 20
140 829 20
152 248 20
166 412 20
168 230 20
174 575 20
176 1110 20
176 456 20
177 1015 20
177 1428 20
190 343 20
203 246 20
215 466 20
223 591 20
230 548 20
232 1201 20
233 599 20
249 422 20
258 649 20
287 696 20
292 1414 20
294 1199 20
295 1368 20
312 1231 20
312 1052 20
314 1244 20
315 1070 20
327 638 20
329 1097 20
330 1194 20
330 427 20
341 368 20
346 488 20
351 654 20
365 1208 20
365 872 20
371 376 20
371 478 20
372 1313 20
375 535 20
387 753 20
395 1234 20
406 1191 20
408 899 20
412 912 20
413 1048 20
418 1325 20
418 919 20
423 1419 20
430 778 20
450 1349 20
461 1419 20
462 1459 20
478 828 20
497 1466 20
502 614 20
504 1323 20
507 1191 20
517 1457 20
527 834 20
531 567 20
538 786 20
545 1196 20
559 882 20
561 1083 20
569 981 20
574 682 20
578 828 20
592 1057 20
633 1157 20
642 986 20
644 810 20
648 1367 20
649 1465 20
651 791 20
656 892 20
668 1053 20
677 1120 20
679 708 20
680 1477 20
703 1240 20
706 1117 20
718 1245 20
720 1367 20
743 1410 20
749 1340 20
756 795 20
766 1203 20
767 977 20
774 848 20
776 1155 20
781 1441 20
786 1235 20
792 1391 20
796 1460 20
796 1137 20
832 987 20
840 1154 20
842 1094 20
844 1478 20
845 1160 20
846 1154 20
857 954 20
875 1220 20
885 1201 20
905 981 20
907 911 20
917 1122 20
945 964 20
978 1267 20
1040 1270 20
1076 1331 20
1078 1096 20
1093 1178 20
1109 1203 20
1121 1305 20
1122 1172 20
1124 1132 20
1138 1370 20
1159 1460 20
1184 1447 20
1188 1446 20
1275 1472 20
1283 1388 20
1298 1425 20
1309 1342 20
1315 1327 20
1320 1439 20
1351 1407 20
11 253 21
15 110 21
22 1029 21
40 129 21
50 980 21
54 637 21
55 564 21
56 1409 21
58 1389 21
60 201 21
62 1067 21
63 439 21
64 497 21
65 1032 21
65 859 21
68 571 21
73 1049 21
77 1296 21
79 924 21
80 918 21
82 1143 21
84 972 21
87 996 21
89 1345 21
93 101 21
96 527 21
96 1215 21
106 1349 21
113 896 21
117 730 21
122 413 21
123 190 21
125 1311 21
127 715 21
130 1333 21
139 1054 21
151 593 21
151 1116 21
152 283 21
152 395 21
156 1000 21
157 1105 21
164 478 21
164 1128 21
166 642 21
176 1223 21
182 202 21
187 1375 21
190 1021 21
195 218 21
197 606 21
199 408 21
201 1396 21
209 760 21
217 620 21
218 803 21
223 307 21
233 863 21
235 799 21
242 1341 21
251 488 21
260 797 21
268 1038 21
269 1398 21
271 848 21
271 953 21
276 1072 21
283 1045 21
293 706 21
307 456 21
310 779 21
327 1050 21
327 567 21
353 1138 21
357 680 21
358 810 21
373 511 21
374 793 21
383 899 21
409 546 21
410 648 21
417 672 21
432 814 21
451 1154 21
459 672 21
467 692 21
476 1010 21
481 1284 21
489 583 21
499 666 21
501 737 21
507 1042 21
511 1108 21
530 924 21
537 909 21
538 1309 21
539 1253 21
545 1195 21
545 1135 21
551 1373 21
555 587 21
559 877 21
563 1129 21
566 738 21
570 695 21
573 643 21
581 686 21
581 792 21
584 1120 21
595 1290 21
606 1070 21
613 1217 21
628 1064 21
655 683 21
667 1328 21
677 1479 21
679 725 21
684 868 21
686 1204 21
692 994 21
692 847 21
693 794 21
696 1218 21
698 1341 21
700 1301 21
705 942 21
723 1113 21
724 1257 21
733 739 21
736 1422 21
750 1449 21
762 858 21
772 1256 21
772 819 21
779 1111 21
799 1221 21
825 1071 21
828 986 21
835 995 21
842 1469 21
843 1298 21
851 958 21
854 1068 21
862 1155 21
879 930 21
911 1217 21
917 1270 21
939 1340 21
939 1013 21
954 1152 21
955 959 21
977 1412 21
993 1093 21
996 1102 21
1002 1294 21
1007 1294 21
1029 1420 21
1031 1443 21
1060 1316 21
1082 1183 21
1088 1101 21
1106 1388 21
1108 1211 21
1136 1472 21
1138 1332 21
1141 1313 21
1146 1251 21
1151 1413 21
1173 1298 21
1184 1263 21
1236 1455 21
1307 1457 21
1348 1361 21
1 41 22
3 612 22
4 691 22
7 278 22
14 295 22
20 396 22
24 500 22
26 882 22
27 192 22
27 923 22
30 1409 22
33 324 22
39 1161 22
46 403 22
50 556 22
51 1081 22
55 75 22
61 84 22
91 1189 22
94 1313 22
97 1172 22
100 491 22
102 825 22
108 119 22
113 153 22
113 411 22
121 1163 22
122 879 22
129 781 22
130 274 22
131 648 22
138 646 22
138 1222 22
145 592 22
168 1072 22
179 891 22
187 791 22
187 1148 22
189 1380 22
191 1447 22
193 1421 22
198 390 22
200 883 22
209 1171 22
212 1294 22
218 362 22
227 1067 22
228 859 22
231 1447 22
234 821 22
255 1099 22
255 546 22
258 1027 22
263 911 22
270 358 22
271 1421 22
279 813 22
284 903 22
287 749 22
299 1212 22
310 1101 22
314 1191 22
318 923 22
322 651 22
326 426 22
327 626 22
328 1355 22
339 1376 22
348 560 22
359 568 22
360 1460 22
362 686 22
364 1263 22
378 1130 22
387 860 22
387 1430 22
393 828 22
401 912 22
423 790 22
426 1417 22
427 1459 22
436 705 22
437 548 22
441 494 22
445 836 22
456 985 22
471 1419 22
491 633 22
500 1427 22
501 1234 22
510 1098 22
513 524 22
513 550 22
516 1134 22
531 1330 22
531 1467 22
552 946 22
567 903 22
570 599 22
590 1320 22
591 1463 22
604 1467 22
618 650 22
620 1058 22
641 805 22
645 1362 22
646 1419 22
649 1103 22
651 923 22
658 664 22
661 1340 22
678 1185 22
695 866 22
701 1172 22
728 1273 22
733 890 22
740 1286 22
742 1007 22
743 852 22
763 1053 22
774 938 22
780 1288 22
794 1341 22
796 1106 22
796 1346 22
796 986 22
812 1155 22
821 1320 22
843 1249 22
853 1412 22
857 1188 22
866 1332 22
871 1120 22
875 1162 22
888 1346 22
898 982 22
911 1208 22
923 1206 22
928 1439 22
934 1124 22
947 1233 22
953 1143 22
960 1205 22
1008 1382 22
1015 1391 22
1021 1303 22
1039 1351 22
1040 1201 22
1042 1359 22
1101 1150 22
1131 1356 22
1150 1163 22
1187 1273 22
1217 1252 22
1282 1288 22
1333 1345 22
21 1057 23
27 201 23
29 1435 23
31 237 23
33 497 23
37 927 23
38 1261 23
39 1188 23
45 104 23
46 223 23
48 1347 23
52 1074 23
53 857 23
56 818 23
64 1438 23
68 1281 23
85 1101 23
87 903 23
98 1404 23
105 1165 23
106 663 23
107 425 23
110 1132 23
114 662 23
122 1391 23
123 198 23
159 1214 23
164 328 23
169 589 23
171 1244 23
176 957 23
180 1027 23
190 1239 23
195 1470 23
196 773 23
198 745 23
203 1046 23
209 836 23
219 431 23
227 1188 23
228 802 23
229 1349 23
237 487 23
240 293 23
255 776 23
274 564 23
286 858 23
294 944 23
300 1205 23
301 725 23
314 1237 23
331 645 23
337 592 23
340 1437 23
351 1355 23
353 703 23
353 796 23
358 991 23
361 1149 23
367 1279 23
374 618 23
377 402 23
379 915 23
381 758 23
381 1100 23
390 1018 23
394 902 23
400 750 23
400 1437 23
401 624 23
408 1077 23
426 1400 23
433 1049 23
451 833 23
454 1130 23
458 751 23
473 933 23
478 667 23
478 1463 23
481 1446 23
487 619 23
506 1263 23
513 515 23
531 641 23
560 685 23
572 1075 23
578 1367 23
579 1417 23
623 669 23
644 1382 23
650 1108 23
655 1092 23
667 1169 23
685 873 23
717 737 23
721 1135 23
733 1201 23
733 1054 23
739 822 23
745 845 23
755 757 23
780 967 23
797 1062 23
799 872 23
803 1438 23
812 1321 23
829 1415 23
833 1144 23
851 983 23
901 1132 23
909 1135 23
911 1059 23
926 1148 23
991 1439 23
1000 1237 23
1012 1188 23
1027 1164 23
1043 1173 23
1054 1391 23
1065 1153 23
1122 1335 23
1129 1251 23
1131 1446 23
1205 1420 23
1206 1364 23
1219 1400 23
1236 1466 23
1254 1300 23
1374 1434 23
18 1368 24
40 1267 24
49 1017 24
62 1034 24
129 201 24
149 584 24
178 1452 24
179 521 24
195 1454 24
203 695 24
219 605 24
226 566 24
245 303 24
325 1257 24
373 846 24
398 969 24
403 741 24
417 1306 24
471 1267 24
513 1236 24
537 838 24
574 1138 24
606 1086 24
621 901 24
624 779 24
717 1268 24
720 1108 24
735 849 24
757 1057 24
769 1395 24
809 872 24
812 1197 24
813 1428 24
821 1347 24
841 1316 24
913 1092 24
1033 1368 24
1254 1477 24
2 1178 25
2 903 25
24 634 25
24 865 25
25 1261 25
29 147 25
40 863 25
76 189 25
92 964 25
94 880 25
106 386 25
113 544 25
117 1215 25
125 982 25
148 610 25
149 1453 25
168 959 25
170 419 25
185 315 25
191 610 25
203 907 25
210 1012 25
223 1120 25
232 312 25
235 636 25
272 1404 25
274 592 25
275 680 25
294 820 25
295 516 25
308 407 25
333 973 25
346 1147 25
348 1077 25
358 980 25
367 473 25
400 615 25
402 725 25
421 1147 25
438 724 25
445 1389 25
453 570 25
454 1121 25
470 965 25
471 514 25
482 575 25
511 1451 25
522 901 25
522 1271 25
522 1090 25
527 1406 25
536 1024 25
537 699 25
549 1287 25
551 806 25
570 813 25
571 1224 25
583 939 25
609 1348 25
615 1031 25
616 697 25
618 1410 25
630 1350 25
678 891 25
700 977 25
700 1425 25
778 1291 25
802 1041 25
821 1363 25
835 969 25
839 1340 25
843 1188 25
846 1188 25
861 1033 25
938 1201 25
941 1016 25
1110 1401 25
1118 1337 25
1169 1333 25
1186 1247 25
1230 1476 25
1296 1379 25
1302 1378 25
1 821 26
15 1128 26
18 911 26
20 679 26
28 1012 26
40 332 26
45 745 26
49 613 26
55 743 26
56 787 26
58 258 26
60 1253 26
74 275 26
79 1171 26
84 482 26
89 407 26
115 1096 26
144 193 26
157 1059 26
164 485 26
179 940 26
189 647 26
192 1070 26
193 975 26
195 704 26
201 1088 26
205 638 26
206 1388 26
207 1182 26
208 505 26
247 1429 26
265 1040 26
272 416 26
276 860 26
302 827 26
322 648 26
326 1091 26
337 1296 26
339 1392 26
346 791 26
363 862 26
372 577 26
373 990 26
381 988 26
386 832 26
403 489 26
403 1458 26
406 779 26
410 952 26
415 1017 26
426 720 26
446 486 26
460 800 26
470 1204 26
478 479 26
511 1144 26
513 776 26
521 1403 26
547 1307 26
554 903 26
577 1246 26
578 1474 26
602 1165 26
606 1395 26
634 688 26
646 1054 26
652 858 26
659 837 26
682 1288 26
706 1086 26
728 925 26
749 1135 26
816 1389 26
819 910 26
841 928 26
881 1032 26
885 1420 26
909 1007 26
912 1338 26
922 1203 26
939 1040 26
1001 1308 26
1004 1424 26
1108 1176 26
1208 1295 26
1396 1398 26
1433 1446 26
16 352 27
17 1466 27
18 1372 27
21 1332 27
22 673 27
22 661 27
30 1030 27
33 1417 27
37 1168 27
40 162 27
55 632 27
58 476 27
70 1184 27
73 956 27
73 980 27
76 699 27
83 166 27
97 1271 27
97 393 27
108 694 27
119 1105 27
124 1081 27
134 758 27
134 671 27
138 775 27
140 275 27
144 419 27
171 684 27
174 927 27
178 768 27
189 381 27
193 1165 27
194 1114 27
202 1087 27
221 402 27
243 884 27
285 287 27
326 468 27
327 1090 27
339 1152 27
411 1228 27
411 675 27
412 564 27
416 563 27
417 1439 27
438 1454 27
443 1258 27
450 593 27
454 572 27
456 587 27
458 730 27
468 1177 27
471 525 27
490 666 27
503 1035 27
522 579 27
528 574 27
535 1020 27
535 880 27
540 1124 27
581 828 27
634 721 27
641 1010 27
642 1256 27
652 839 27
653 1284 27
658 1332 27
689 693 27
707 837 27
750 1230 27
786 866 27
798 974 27
872 1112 27
886 899 27
886 1050 27
896 1476 27
958 970 27
967 1167 27
1026 1115 27
1156 1301 27
1181 1387 27
1232 1351 27
1239 1257 27
1273 1460 27
1413 1478 27
6 155 28
28 1347 28
35 762 28
56 141 28
92 1425 28
108 1082 28
108 206 28
114 541 28
119 273 28
127 343 28
139 741 28
157 733 28
157 1161 28
185 446 28
210 1315 28
227 703 28
256 852 28
269 728 28
344 1015 28
376 779 28
379 1469 28
401 615 28
417 831 28
430 842 28
452 723 28
453 867 28
455 506 28
474 835 28
477 1160 28
486 747 28
500 823 28
575 611 28
578 1118 28
588 1296 28
589 1390 28
589 743 28
591 1247 28
614 1080 28
684 972 28
710 1095 28
742 833 28
751 1256 28
765 1132 28
769 1230 28
818 1397 28
842 1091 28
844 1084 28
860 1028 28
863 1143 28
1004 1253 28
1024 1049 28
1087 1312 28
1089 1436 28
1246 1345 28
1332 1416 28
1353 1377 28
12 814 29
14 1200 29
33 841 29
47 883 29
62 929 29
95 837 29
129 644 29
130 1405 29
164 1133 29
173 1206 29
176 1111 29
194 1452 29
203 367 29
224 800 29
239 783 29
304 1279 29
309 547 29
362 1328 29
378 1456 29
456 1176 29
552 1196 29
554 640 29
647 761 29
745 1117 29
801 1232 29
813 844 29
999 1151 29
1008 1189 29
1065 1254 29
1169 1419 29
1401 1411 29
26 579 30
177 249 30
235 1204 30
240 1100 30
240 719 30
246 807 30
263 679 30
270 693 30
285 1254 30
289 572 30
340 1362 30
358 982 30
375 464 30
498 1141 30
547 1462 30
624 1305 30
667 1292 30
673 1118 30
941 1450 30
1047 1050 30
1327 1442 30
39 1123 31
799 1235 31
165 285 32
299 730 32
335 769 32
671 1013 32
926 1273 32
522 962 33
421 470 34
501 1169 35
441 968 36
698 1212 36
1215 1247 36
1143 1409 37
1215 1297 38
314 350 39
3 794 40
66 758 40
142 393 40
146 1035 40
162 275 40
217 836 40
288 449 40
297 1237 40
374 971 40
433 571 40
462 1399 40
483 917 40
484 1375 40
494 594 40
522 1172 40
607 1060 40
637 1353 40
639 1037 40
649 823 40
907 1134 40
921 1066 40
977 1330 40
1003 1432 40
25 1213 41
40 1117 41
47 1402 41
68 223 41
93 691 41
96 470 41
99 185 41
114 369 41
119 1084 41
122 1326 41
132 634 41
150 281 41
158 604 41
162 1229 41
171 1241 41
180 1133 41
190 1365 41
193 727 41
213 816 41
216 218 41
226 765 41
229 1230 41
241 368 41
242 754 41
261 1021 41
276 1426 41
276 1308 41
287 549 41
300 821 41
305 1197 41
362 1393 41
368 983 41
390 723 41
408 752 41
416 1194 41
421 1475 41
426 850 41
427 775 41
441 1254 41
461 854 41
533 1399 41
543 1074 41
549 1476 41
551 649 41
553 1457 41
561 934 41
626 1336 41
639 1395 41
639 714 41
651 975 41
656 1016 41
662 839 41
667 1467 41
671 1339 41
676 894 41
724 846 41
726 1158 41
763 765 41
781 798 41
784 1050 41
795 969 41
830 1449 41
856 1378 41
868 983 41
959 1250 41
961 1298 41
972 1118 41
1001 1041 41
1003 1204 41
1008 1198 41
1062 1202 41
1101 1439 41
1103 1203 41
1120 1447 41
1145 1329 41
1148 1313 41
1175 1251 41
0 247 42
3 306 42
4 821 42
19 269 42
23 1206 42
27 1468 42
34 184 42
34 470 42
38 243 42
38 314 42
54 540 42
59 1368 42
72 454 42
73 964 42
74 873 42
83 415 42
87 821 42
92 856 42
93 1471 42
99 413 42
117 838 42
125 909 42
134 1005 42
148 1405 42
186 1093 42
187 1047 42
188 1298 42
192 1260 42
222 674 42
246 868 42
250 980 42
254 471 42
277 281 42
296 406 42
304 1216 42
306 327 42
322 403 42
332 511 42
337 1116 42
359 684 42
374 968 42
394 1050 42
408 963 42
488 1366 42
502 1187 42
506 1066 42
515 899 42
515 1091 42
527 1463 42
530 687 42
535 660 42
546 731 42
553 640 42
556 775 42
562 1373 42
564 768 42
584 933 42
591 1039 42
597 638 42
611 819 42
622 980 42
651 903 42
653 1203 42
653 791 42
691 1396 42
694 1260 42
703 1458 42
705 1294 42
707 1220 42
712 1266 42
717 734 42
730 1129 42
738 1292 42
751 1229 42
756 1080 42
772 873 42
776 1267 42
778 1147 42
796 1192 42
810 1401 42
824 977 42
824 1053 42
825 1031 42
837 1303 42
878 902 42
880 1205 42
920 1477 42
945 1047 42
987 1363 42
1015 1394 42
1059 1067 42
1075 1423 42
1100 1179 42
1116 1435 42
1140 1278 42
1151 1424 42
1160 1305 42
1265 1331 42
1354 1449 42
4 289 43
7 745 43
10 686 43
15 18 43
15 498 43
16 522 43
19 1075 43
20 505 43
24 1176 43
28 854 43
32 119 43
37 708 43
42 395 43
42 695 43
49 430 43
56 349 43
58 379 43
62 245 43
64 141 43
65 844 43
73 1350 43
80 1005 43
86 694 43
91 197 43
95 1388 43
95 869 43
95 887 43
98 291 43
103 533 43
103 279 43
108 242 43
109 561 43
109 569 43
110 590 43
114 1171 43
125 1243 43
127 560 43
128 1315 43
129 487 43
135 402 43
137 1243 43
138 1415 43
138 1243 43
139 1026 43
144 463 43
155 569 43
161 1047 43
165 195 43
165 1012 43
167 504 43
170 1277 43
178 977 43
180 866 43
183 1077 43
185 251 43
207 1046 43
209 714 43
212 1305 43
219 387 43
222 234 43
224 1173 43
232 884 43
240 923 43
265 691 43
266 443 43
269 790 43
279 457 43
282 1334 43
284 1307 43
289 1451 43
290 700 43
292 912 43
294 403 43
296 1226 43
298 1357 43
304 1361 43
307 394 43
309 945 43
313 907 43
318 1465 43
318 1253 43
321 1181 43
326 1354 43
327 1311 43
330 903 43
336 1075 43
338 1425 43
343 1402 43
344 656 43
347 1163 43
349 1439 43
351 779 43
365 707 43
368 553 43
378 1053 43
380 979 43
384 930 43
390 604 43
392 965 43
402 922 43
402 1447 43
419 1268 43
426 1228 43
432 542 43
432 911 43
444 624 43
449 993 43
452 741 43
453 688 43
454 1024 43
458 1302 43
463 1051 43
466 1445 43
477 771 43
489 962 43
493 1070 43
495 1286 43
507 1369 43
508 885 43
517 589 43
521 1366 43
531 750 43
536 832 43
538 1290 43
543 1128 43
560 798 43
561 1186 43
563 719 43
566 1399 43
567 1161 43
569 1154 43
575 930 43
589 1146 43
603 1042 43
625 981 43
654 850 43
662 1089 43
666 1225 43
677 870 43
685 1187 43
687 1283 43
718 1272 43
718 949 43
719 930 43
719 833 43
736 1128 43
741 915 43
745 1285 43
751 892 43
757 1478 43
767 1040 43
788 870 43
789 855 43
797 948 43
811 1253 43
820 1080 43
821 1032 43
825 941 43
826 906 43
867 986 43
881 1240 43
882 1097 43
885 1167 43
886 1057 43
919 1223 43
936 1249 43
936 1039 43
942 1014 43
971 1355 43
1017 1272 43
1029 1181 43
1029 1192 43
1040 1372 43
1041 1159 43
1042 1442 43
1043 1360 43
1058 1188 43
1071 1475 43
1089 1104 43
1100 1239 43
1115 1357 43
1128 1205 43
1134 1430 43
1134 1272 43
1144 1292 43
1152 1436 43
1218 1346 43
1265 1286 43
1288 1408 43
1304 1357 43
1334 1398 43
1376 1415 43
24 1132 44
28 560 44
59 844 44
61 392 44
82 995 44
106 949 44
126 1457 44
147 381 44
148 1082 44
192 996 44
200 1293 44
204 1313 44
212 913 44
219 687 44
290 738 44
308 948 44
399 1401 44
429 461 44
439 701 44
441 505 44
462 697 44
466 998 44
486 952 44
526 828 44
586 738 44
625 705 44
629 1015 44
635 707 44
637 1090 44
661 769 44
663 1326 44
670 1146 44
769 1246 44
831 1433 44
856 1433 44
866 1320 44
876 982 44
896 1048 44
913 1440 44
915 1412 44
918 1376 44
940 985 44
1001 1122 44
1317 1373 44
1333 1433 44
2 446 45
3 899 45
11 288 45
12 1203 45
15 355 45
18 1249 45
27 1473 45
33 322 45
51 572 45
54 973 45
57 710 45
58 453 45
61 669 45
62 240 45
63 450 45
65 355 45
73 477 45
74 1328 45
75 686 45
77 1382 45
85 1087 45
86 459 45
101 560 45
106 635 45
116 1309 45
120 154 45
121 471 45
131 142 45
148 1169 45
155 348 45
160 686 45
165 1299 45
173 1184 45
181 1414 45
205 816 45
208 515 45
220 1157 45
228 510 45
241 1425 45
247 674 45
255 1041 45
260 1319 45
263 1287 45
264 783 45
277 564 45
285 1394 45
296 625 45
318 617 45
332 420 45
333 1256 45
338 1277 45
340 1007 45
341 751 45
350 1097 45
358 572 45
368 1196 45
372 790 45
375 763 45
376 1197 45
385 1387 45
394 597 45
398 1363 45
400 617 45
405 1368 45
407 509 45
447 1457 45
465 761 45
470 1451 45
472 650 45
478 668 45
486 731 45
491 1293 45
492 1189 45
495 524 45
496 603 45
500 1111 45
501 512 45
514 1435 45
520 539 45
523 1066 45
524 1189 45
529 1113 45
531 1053 45
549 672 45
556 949 45
559 877 45
568 776 45
571 646 45
576 851 45
584 1349 45
605 1402 45
610 942 45
620 1294 45
626 1267 45
627 633 45
633 1430 45
636 1049 45
654 893 45
658 928 45
666 1451 45
674 976 45
713 1039 45
725 818 45
729 1123 45
736 998 45
741 1269 45
758 1015 45
768 827 45
771 937 45
779 1277 45
793 1026 45
808 1260 45
810 1272 45
837 965 45
849 1008 45
874 1465 45
895 1004 45
898 1398 45
954 1457 45
954 971 45
971 1077 45
995 1228 45
1027 1078 45
1069 1286 45
1073 1400 45
1073 1387 45
1178 1444 45
1182 1438 45
1190 1277 45
1205 1460 45
1266 1369 45
1268 1420 45
1296 1475 45
15 206 46
33 1442 46
36 1187 46
41 951 46
43 443 46
44 594 46
61 1367 46
61 1435 46
62 320 46
66 1397 46
69 1418 46
91 1387 46
92 1406 46
99 687 46
101 1144 46
105 699 46
111 995 46
114 169 46
116 510 46
122 411 46
138 617 46
138 418 46
138 1176 46
138 481 46
138 211 46
141 632 46
142 1007 46
144 472 46
148 1403 46
149 1201 46
153 804 46
154 1282 46
161 875 46
164 277 46
174 674 46
188 1304 46
189 462 46
190 1165 46
194 527 46
211 830 46
221 1395 46
221 531 46
223 898 46
224 1157 46
230 611 46
240 1259 46
269 292 46
270 1157 46
274 275 46
283 835 46
295 898 46
326 687 46
327 496 46
334 939 46
340 1029 46
363 972 46
383 608 46
385 1137 46
400 1104 46
400 1398 46
409 939 46
410 899 46
411 1323 46
424 1239 46
441 953 46
444 870 46
454 1172 46
457 1207 46
460 628 46
464 1140 46
480 1408 46
482 1382 46
486 1254 46
496 1141 46
499 671 46
518 1362 46
523 1329 46
526 737 46
529 1159 46
546 1464 46
564 1293 46
572 843 46
590 1340 46
600 1038 46
601 979 46
605 667 46
608 1213 46
608 649 46
619 705 46
621 793 46
643 1074 46
643 1261 46
661 1141 46
669 776 46
688 1327 46
694 1385 46
699 1040 46
704 1367 46
716 1035 46
719 1004 46
728 746 46
742 1297 46
806 833 46
823 1408 46
826 1412 46
833 988 46
839 1247 46
839 1468 46
841 1262 46
843 1449 46
844 1229 46
851 989 46
854 948 46
862 973 46
876 1066 46
893 957 46
901 1129 46
919 995 46
931 1254 46
936 1229 46
938 1270 46
943 1367 46
945 1309 46
970 1080 46
984 1243 46
992 1347 46
1009 1209 46
1019 1413 46
1025 1181 46
1029 1203 46
1050 1388 46
1054 1460 46
1067 1257 46
1086 1419 46
1107 1300 46
1156 1185 46
1164 1186 46
1233 1308 46
1235 1454 46
1279 1421 46
1282 1346 46
1290 1387 46
1446 1475 46
2 1008 47
12 1136 47
16 193 47
25 285 47
25 943 47
40 767 47
45 652 47
63 147 47
73 1460 47
90 788 47
98 796 47
99 1003 47
124 226 47
138 1104 47
157 861 47
161 742 47
161 1275 47
169 1004 47
177 683 47
188 950 47
189 481 47
197 600 47
198 1063 47
201 410 47
201 498 47
203 1415 47
203 493 47
208 1146 47
214 254 47
225 1164 47
226 889 47
229 1177 47
231 850 47
242 572 47
243 1278 47
279 964 47
289 1124 47
292 458 47
312 1141 47
326 850 47
327 604 47
360 1431 47
392 872 47
399 863 47
401 539 47
410 708 47
444 1241 47
445 797 47
468 1094 47
471 1176 47
481 1081 47
484 1100 47
500 629 47
503 860 47
527 572 47
547 1370 47
562 1377 47
564 598 47
571 650 47
577 1462 47
595 1268 47
600 1453 47
601 707 47
617 1122 47
628 1382 47
640 763 47
645 1107 47
648 906 47
648 975 47
650 722 47
659 1267 47
690 1354 47
693 875 47
699 1291 47
709 1286 47
711 1422 47
721 903 47
770 816 47
772 942 47
839 1454 47
855 1222 47
861 916 47
911 1414 47
933 946 47
954 992 47
988 989 47
1023 1157 47
1037 1237 47
1063 1187 47
1068 1311 47
1082 1342 47
1154 1169 47
1155 1379 47
1190 1374 47
1227 1258 47
1234 1276 47
1254 1286 47
1384 1454 47
1 143 48
21 141 48
39 192 48
41 401 48
42 839 48
60 544 48
62 1439 48
73 276 48
80 1083 48
89 181 48
132 991 48
138 493 48
149 266 48
173 1374 48
182 242 48
198 455 48
201 1077 48
224 387 48
239 384 48
242 1074 48
258 713 48
262 1011 48
264 1111 48
268 326 48
275 500 48
277 540 48
305 812 48
306 910 48
316 357 48
339 526 48
373 483 48
373 535 48
402 612 48
408 672 48
415 1009 48
446 939 48
447 1097 48
465 470 48
467 759 48
467 1131 48
477 1444 48
489 1354 48
498 1240 48
507 1074 48
517 1276 48
518 627 48
551 1359 48
552 908 48
564 1421 48
592 1044 48
595 1031 48
628 1003 48
630 1463 48
633 984 48
633 1045 48
646 1442 48
666 926 48
691 1190 48
738 1418 48
741 1207 48
743 944 48
760 1290 48
772 791 48
797 1414 48
806 977 48
815 1072 48
820 1116 48
825 1241 48
836 1258 48
841 1051 48
894 1377 48
910 1314 48
926 1314 48
944 1408 48
960 1219 48
964 1026 48
979 1249 48
1016 1447 48
1064 1096 48
1094 1203 48
1155 1165 48
1162 1369 48
1223 1239 48
1282 1326 48
11 391 49
37 439 49
43 235 49
65 1456 49
68 225 49
147 1308 49
169 1410 49
174 1390 49
186 1158 49
229 367 49
235 1072 49
267 950 49
277 372 49
376 531 49
623 1048 49
765 1311 49
869 1453 49
901 1475 49
924 1185 49
1007 1254 49
1091 1158 49
1102 1183 49
1197 1457 49
1225 1263 49
1297 1315 49
1361 1376 49
8 91 50
22 894 50
33 905 50
40 754 50
43 577 50
53 1221 50
59 1008 50
62 553 50
68 246 50
87 207 50
101 439 50
139 932 50
165 1215 50
166 178 50
204 1306 50
210 849 50
272 722 50
274 1007 50
284 1450 50
290 1394 50
333 519 50
340 1037 50
345 1428 50
372 1358 50
437 443 50
448 1011 50
456 1337 50
478 768 50
490 565 50
546 692 50
555 778 50
561 1400 50
608 1346 50
611 992 50
614 1048 50
637 1209 50
661 739 50
694 1343 50
715 848 50
733 1080 50
789 856 50
836 1192 50
856 1280 50
866 1408 50
911 958 50
941 1141 50
964 1400 50
1036 1415 50
1060 1114 50
1092 1210 50
1111 1191 50
1114 1403 50
1146 1421 50
1164 1235 50
1188 1451 50
20 1475 51
20 1351 51
71 155 51
88 542 51
108 955 51
110 1376 51
113 710 51
133 549 51
136 313 51
161 706 51
162 1234 51
167 351 51
172 1032 51
208 306 51
211 612 51
216 1403 51
227 962 51
229 264 51
256 697 51
273 1475 51
290 1414 51
342 583 51
346 642 51
348 901 51
361 1338 51
373 715 51
416 838 51
417 479 51
433 1167 51
470 830 51
495 800 51
497 814 51
516 778 51
525 1290 51
533 668 51
548 732 51
618 1458 51
674 1227 51
683 722 51
693 788 51
747 1072 51
785 788 51
813 1154 51
817 1093 51
831 950 51
892 1185 51
896 1274 51
936 1216 51
1001 1199 51
1002 1177 51
1021 1167 51
1047 1066 51
1067 1314 51
1112 1116 51
12 615 52
124 458 52
139 1274 52
145 668 52
251 384 52
268 1017 52
289 929 52
293 695 52
423 545 52
432 1053 52
447 1460 52
451 1050 52
482 575 52
484 1412 52
576 875 52
590 736 52
604 1418 52
665 781 52
681 1294 52
721 987 52
731 937 52
1006 1404 52
1034 1293 52
1114 1285 52
1232 1451 52
46 478 53
59 663 53
85 737 53
113 1340 53
116 180 53
143 962 53
187 524 53
196 939 53
226 1192 53
320 1029 53
340 853 53
407 916 53
432 503 53
441 662 53
457 1259 53
490 1267 53
536 843 53
587 765 53
616 1473 53
621 1231 53
644 1372 53
681 1348 53
722 1033 53
740 758 53
741 1443 53
746 809 53
871 1067 53
879 999 53
932 1022 53
940 1027 53
1014 1244 53
1024 1107 53
1028 1253 53
1033 1243 53
1140 1311 53
1195 1229 53
1389 1424 53
12 1473 54
18 1377 54
52 1310 54
85 991 54
112 399 54
122 125 54
127 932 54
133 783 54
134 1007 54
143 537 54
148 586 54
151 668 54
161 538 54
164 1000 54
174 754 54
184 864 54
185 679 54
192 1446 54
245 713 54
249 559 54
270 1257 54
271 357 54
273 447 54
276 1470 54
277 1243 54
315 1180 54
328 428 54
334 1190 54
339 910 54
343 982 54
346 746 54
355 451 54
366 789 54
386 1389 54
392 785 54
422 441 54
423 805 54
474 1115 54
494 767 54
499 938 54
594 703 54
622 1081 54
676 1321 54
684 1199 54
687 884 54
721 906 54
722 952 54
734 742 54
794 1259 54
819 1257 54
821 1383 54
870 1123 54
903 1166 54
941 1379 54
952 1130 54
969 1430 54
1019 1200 54
1047 1118 54
1068 1075 54
1215 1391 54
1301 1355 54
1339 1359 54
1 891 55
4 1162 55
17 1159 55
21 834 55
24 1441 55
27 1467 55
29 114 55
38 929 55
52 1413 55
76 1248 55
84 300 55
89 1086 55
98 136 55
99 1028 55
118 1007 55
126 1120 55
135 1294 55
137 229 55
142 1291 55
147 1380 55
149 1032 55
151 803 55
155 611 55
167 499 55
169 1251 55
171 373 55
173 1412 55
189 1283 55
190 942 55
218 662 55
227 308 55
230 1476 55
236 1077 55
246 934 55
289 641 55
295 471 55
300 643 55
310 783 55
310 978 55
318 893 55
331 494 55
336 1019 55
337 673 55
356 600 55
361 1049 55
366 497 55
378 1140 55
378 1201 55
394 615 55
400 1246 55
404 1188 55
408 910 55
414 477 55
418 1027 55
420 1363 55
426 1198 55
426 1295 55
430 529 55
432 843 55
435 1435 55
439 900 55
454 645 55
456 814 55
461 1011 55
462 867 55
465 997 55
477 1426 55
477 1139 55
480 1061 55
495 1263 55
501 662 55
510 900 55
520 1249 55
520 760 55
532 661 55
534 1262 55
537 1393 55
540 591 55
541 839 55
562 1084 55
562 834 55
569 1295 55
596 632 55
599 1098 55
615 773 55
644 1174 55
670 1330 55
675 1074 55
693 1397 55
696 1199 55
698 754 55
726 847 55
740 1015 55
745 892 55
763 961 55
769 1126 55
772 936 55
792 1052 55
808 930 55
817 1457 55
821 1287 55
833 1090 55
834 1091 55
862 1440 55
885 1104 55
887 976 55
894 922 55
903 960 55
920 1204 55
926 1265 55
929 1173 55
977 1073 55
989 1337 55
998 1367 55
1092 1177 55
1173 1414 55
1174 1447 55
1183 1187 55
1192 1277 55
1258 1275 55
1295 1375 55
1317 1434 55
1321 1366 55
12 1306 56
13 984 56
14 1448 56
19 1139 56
23 1109 56
27 864 56
37 975 56
56 1125 56
77 426 56
82 200 56
83 1032 56
87 1057 56
97 1188 56
101 1148 56
102 493 56
123 635 56
128 444 56
129 358 56
132 251 56
136 973 56
137 234 56
141 958 56
142 361 56
151 405 56
153 791 56
161 1066 56
195 1140 56
195 566 56
202 289 56
211 282 56
215 1401 56
216 1313 56
228 1469 56
236 1388 56
242 534 56
245 1328 56
264 992 56
277 1213 56
279 377 56
282 1096 56
286 378 56
305 1226 56
324 835 56
332 414 56
333 1115 56
360 1004 56
374 1283 56
377 669 56
381 415 56
401 521 56
403 496 56
404 1047 56
421 1446 56
428 1341 56
436 881 56
436 716 56
444 1012 56
444 596 56
448 1113 56
456 872 56
460 487 56
463 786 56
483 567 56
485 1430 56
489 828 56
502 1065 56
510 746 56
511 1024 56
527 1342 56
532 995 56
534 871 56
554 590 56
565 1301 56
590 929 56
603 1195 56
604 767 56
626 896 56
642 1378 56
658 1161 56
665 1139 56
674 1293 56
683 776 56
690 884 56
708 1001 56
713 956 56
716 1435 56
757 1476 56
767 849 56
806 1002 56
815 1008 56
824 1171 56
825 1274 56
836 1074 56
837 1054 56
844 1192 56
851 1318 56
890 1432 56
892 1397 56
894 1084 56
906 1261 56
915 1334 56
918 1308 56
918 1225 56
940 986 56
957 1259 56
964 1224 56
998 1138 56
1067 1220 56
1098 1444 56
1164 1333 56
1167 1230 56
1182 1247 56
1211 1464 56
1282 1448 56
1296 1320 56
18 969 57
18 1355 57
26 797 57
29 461 57
30 428 57
32 534 57
39 286 57
39 907 57
44 735 57
46 1468 57
56 769 57
58 1469 57
60 394 57
66 858 57
72 556 57
84 743 57
85 869 57
87 488 57
94 1380 57
98 1195 57
113 1093 57
113 1357 57
122 462 57
133 804 57
134 1106 57
139 300 57
141 451 57
141 1019 57
151 1258 57
155 1080 57
156 366 57
172 462 57
179 916 57
184 396 57
185 1377 57
186 853 57
187 1201 57
194 253 57
195 294 57
202 427 57
204 391 57
246 815 57
246 558 57
270 983 57
277 1130 57
299 477 57
318 1184 57
319 841 57
322 987 57
330 953 57
336 383 57
357 1150 57
364 1391 57
372 968 57
392 1413 57
395 408 57
397 971 57
409 1332 57
415 1397 57
435 886 57
448 1004 57
450 819 57
468 1337 57
482 836 57
507 1220 57
508 672 57
512 982 57
513 700 57
518 1428 57
520 1453 57
559 1261 57
587 647 57
593 1375 57
602 795 57
613 852 57
616 906 57
621 812 57
643 1232 57
649 1145 57
667 1301 57
668 1205 57
675 702 57
683 731 57
687 1069 57
731 866 57
736 951 57
741 1458 57
745 788 57
756 1056 57
761 1097 57
810 1409 57
814 1323 57
825 1350 57
844 1205 57
847 1039 57
857 1230 57
896 1104 57
948 973 57
992 1244 57
995 1180 57
1013 1243 57
1014 1463 57
1068 1104 57
1146 1427 57
1151 1330 57
1193 1274 57
1198 1358 57
1264 1443 57
1289 1467 57
1297 1432 57
1299 1456 57
1305 1374 57
16 94 58
27 178 58
52 1475 58
52 1183 58
75 302 58
86 552 58
90 97 58
91 989 58
133 1199 58
145 1234 58
176 547 58
185 302 58
189 1252 58
189 1180 58
193 252 58
197 857 58
198 512 58
210 314 58
220 585 58
230 779 58
234 689 58
243 1468 58
247 441 58
268 786 58
276 1118 58
283 708 58
293 1436 58
293 974 58
295 1406 58
296 808 58
305 1366 58
308 1248 58
316 726 58
316 886 58
322 1371 58
338 582 58
348 660 58
355 678 58
362 1276 58
366 1000 58
366 453 58
371 1139 58
379 464 58
397 688 58
423 637 58
435 756 58
454 793 58
483 977 58
493 1178 58
499 1224 58
500 1273 58
507 987 58
509 681 58
509 603 58
514 717 58
548 788 58
575 1039 58
602 1433 58
611 631 58
613 991 58
628 1234 58
635 1200 58
642 1451 58
645 913 58
657 815 58
666 823 58
689 1092 58
689 924 58
691 768 58
695 1071 58
704 1286 58
713 759 58
726 1029 58
734 798 58
791 1303 58
827 1200 58
831 929 58
835 1210 58
839 860 58
876 1446 58
893 1334 58
948 1367 58
948 1344 58
953 1434 58
976 1045 58
1018 1222 58
1021 1224 58
1025 1273 58
1028 1253 58
1029 1245 58
1062 1381 58
1078 1096 58
1223 1230 58
1224 1268 58
1335 1387 58
1349 1379 58
1403 1458 58
1429 1430 58
5 290 59
8 88 59
78 166 59
94 1391 59
104 1033 59
113 644 59
117 1017 59
122 901 59
125 997 59
138 603 59
174 347 59
179 790 59
188 322 59
202 1191 59
204 1264 59
229 1143 59
244 540 59
250 1225 59
261 956 59
294 634 59
300 523 59
313 848 59
323 902 59
326 1368 59
334 630 59
350 979 59
355 921 59
360 1335 59
370 924 59
391 576 59
392 841 59
396 1063 59
408 1311 59
411 527 59
415 468 59
430 754 59
446 913 59
455 1335 59
534 1229 59
562 1344 59
571 848 59
594 1244 59
594 638 59
602 1193 59
633 1132 59
639 1228 59
640 944 59
688 832 59
697 1238 59
708 772 59
757 1377 59
766 1219 59
778 1310 59
806 1171 59
814 1122 59
825 1394 59
845 1313 59
868 1191 59
929 1286 59
949 1253 59
1023 1332 59
1071 1412 59
1108 1314 59
1291 1477 59
1305 1463 59
1405 1442 59
54 324 60
63 1307 60
140 504 60
142 495 60
159 227 60
182 1479 60
202 1270 60
290 415 60
312 375 60
315 563 60
327 831 60
343 536 60
370 1232 60
388 1076 60
453 1118 60
455 976 60
536 1005 60
589 935 60
601 1442 60
687 1394 60
731 923 60
740 1212 60
863 928 60
930 1210 60
943 1156 60
957 1371 60
974 1405 60
1163 1347 60
1171 1426 60
1281 1384 60
