9 1010 0
18 956 0
25 214 0
26 1339 0
27 1210 0
27 1180 0
27 160 0
32 1356 0
42 1381 0
55 928 0
69 999 0
92 1228 0
101 1131 0
102 668 0
118 863 0
141 740 0
141 1389 0
148 1262 0
152 658 0
153 1479 0
155 362 0
164 1059 0
181 1363 0
192 980 0
198 690 0
204 1000 0
215 1018 0
223 1219 0
248 1234 0
250 699 0
252 1275 0
253 814 0
263 555 0
282 391 0
288 571 0
289 846 0
292 1076 0
312 1170 0
326 848 0
348 494 0
358 1116 0
365 598 0
395 697 0
410 1000 0
410 1152 0
415 856 0
416 548 0
424 531 0
445 1374 0
445 1440 0
454 472 0
468 595 0
472 1090 0
472 1011 0
479 1419 0
480 1130 0
488 748 0
492 885 0
501 887 0
515 1469 0
518 1320 0
527 642 0
529 624 0
543 1456 0
554 836 0
561 1441 0
563 1162 0
579 1418 0
583 943 0
591 1250 0
595 1186 0
595 1252 0
610 779 0
621 1290 0
632 846 0
638 1250 0
648 1422 0
680 1275 0
685 847 0
706 1468 0
715 758 0
727 879 0
739 968 0
740 1160 0
746 980 0
769 1465 0
777 1089 0
814 1402 0
833 1399 0
836 1443 0
837 906 0
837 1266 0
911 1331 0
912 1344 0
967 1204 0
1068 1363 0
1074 1386 0
1085 1456 0
1086 1159 0
1160 1256 0
1183 1218 0
1191 1284 0
1209 1356 0
1324 1382 0
1370 1396 0
26 957 1
40 865 1
40 847 1
56 897 1
99 586 1
112 1383 1
114 621 1
126 1457 1
133 1274 1
152 892 1
160 1379 1
178 739 1
188 1422 1
188 711 1
195 1055 1
205 442 1
240 806 1
246 1028 1
253 642 1
285 1104 1
290 652 1
315 1451 1
327 1422 1
329 1011 1
333 350 1
338 1246 1
360 1322 1
389 1423 1
393 716 1
398 983 1
399 607 1
422 735 1
424 972 1
424 1081 1
438 493 1
446 1048 1
474 957 1
485 670 1
500 1284 1
505 613 1
528 1109 1
560 908 1
574 739 1
596 655 1
617 1132 1
682 1404 1
694 1109 1
711 840 1
714 980 1
717 1095 1
727 905 1
735 1365 1
766 1322 1
780 1183 1
794 818 1
795 1243 1
804 1219 1
806 1236 1
807 1247 1
824 1159 1
830 1242 1
830 1192 1
836 1265 1
871 1096 1
881 1320 1
980 1359 1
1014 1143 1
1097 1131 1
1293 1318 1
2 1135 2
5 1224 2
9 401 2
14 98 2
20 99 2
28 1342 2
28 216 2
34 528 2
34 1353 2
35 344 2
41 1417 2
54 80 2
60 793 2
65 849 2
69 1197 2
72 1028 2
82 655 2
83 273 2
91 826 2
102 1104 2
106 978 2
110 1460 2
112 307 2
117 955 2
125 203 2
133 1008 2
135 543 2
137 469 2
150 371 2
156 1089 2
169 886 2
169 1124 2
186 500 2
191 350 2
205 1169 2
219 1051 2
231 355 2
238 846 2
240 586 2
255 379 2
264 831 2
278 1211 2
281 706 2
293 351 2
294 709 2
305 1189 2
309 1321 2
318 638 2
353 747 2
370 629 2
375 588 2
377 1135 2
382 965 2
387 686 2
396 412 2
407 981 2
411 1155 2
416 939 2
427 917 2
437 1157 2
449 568 2
452 1197 2
469 1378 2
471 769 2
482 805 2
486 1099 2
495 1157 2
502 542 2
514 1425 2
517 852 2
521 875 2
534 1219 2
538 1281 2
539 1475 2
574 1456 2
592 1421 2
597 1028 2
604 1236 2
612 1193 2
619 642 2
627 791 2
636 1287 2
649 953 2
657 896 2
659 1452 2
659 686 2
667 1287 2
677 1062 2
689 1311 2
692 963 2
697 1256 2
710 1231 2
715 1038 2
733 1124 2
735 1459 2
738 1279 2
759 1273 2
766 1061 2
771 1331 2
778 837 2
784 1266 2
793 1364 2
795 1095 2
796 1146 2
798 1362 2
805 1182 2
839 1331 2
840 1371 2
842 1160 2
861 1338 2
862 1443 2
897 984 2
897 1367 2
902 1468 2
916 1147 2
934 1456 2
935 1318 2
938 1459 2
938 1326 2
959 1102 2
961 1053 2
963 1027 2
966 1186 2
981 1396 2
1000 1365 2
1029 1456 2
1054 1377 2
1054 1175 2
1118 1325 2
1121 1427 2
1133 1332 2
1154 1198 2
1240 1444 2
1274 1478 2
1375 1389 2
1395 1448 2
12 1167 3
18 103 3
25 1080 3
31 586 3
53 966 3
101 305 3
106 503 3
106 562 3
114 1060 3
115 201 3
125 146 3
136 172 3
140 1464 3
186 207 3
189 1399 3
192 678 3
198 322 3
200 573 3
210 1441 3
212 1372 3
215 868 3
215 742 3
218 462 3
220 1146 3
222 597 3
224 1289 3
225 1269 3
227 761 3
230 437 3
240 707 3
243 1078 3
255 974 3
264 1447 3
277 614 3
296 1227 3
298 358 3
316 1096 3
322 1085 3
334 1066 3
338 912 3
338 486 3
355 707 3
356 1289 3
363 493 3
363 1438 3
383 1348 3
387 896 3
394 773 3
411 508 3
415 1417 3
426 1373 3
428 455 3
461 615 3
464 1006 3
471 1292 3
493 1295 3
508 1127 3
574 994 3
577 903 3
602 984 3
607 694 3
613 650 3
620 682 3
631 1339 3
643 854 3
650 1343 3
657 1469 3
666 1045 3
742 920 3
747 775 3
751 773 3
761 1449 3
790 1398 3
801 1027 3
860 1100 3
874 1476 3
875 1026 3
898 1156 3
930 1335 3
966 1047 3
973 1155 3
979 1204 3
981 1162 3
986 1004 3
1014 1294 3
1155 1460 3
1169 1358 3
1342 1438 3
11 1396 4
26 415 4
30 1203 4
38 792 4
40 1253 4
42 845 4
42 1358 4
49 785 4
55 782 4
71 310 4
73 91 4
76 734 4
76 962 4
86 755 4
87 709 4
104 698 4
109 1387 4
113 370 4
116 126 4
120 981 4
144 1053 4
164 738 4
170 307 4
172 874 4
174 1001 4
181 363 4
195 696 4
213 679 4
214 231 4
222 696 4
224 822 4
226 510 4
226 692 4
238 318 4
255 1329 4
264 619 4
271 841 4
277 1055 4
278 1359 4
282 763 4
294 818 4
301 436 4
302 1193 4
305 754 4
311 1046 4
362 1280 4
369 545 4
395 1224 4
395 1281 4
415 956 4
419 1449 4
427 1436 4
430 945 4
433 578 4
457 1315 4
469 1134 4
470 1470 4
474 1357 4
476 1414 4
507 1246 4
509 698 4
510 615 4
512 1426 4
518 545 4
525 1150 4
531 1151 4
545 608 4
550 1068 4
578 1347 4
584 983 4
600 1235 4
606 847 4
610 1145 4
619 1182 4
624 1305 4
629 1281 4
632 1258 4
648 870 4
654 1394 4
655 940 4
655 1033 4
664 879 4
674 1150 4
679 982 4
682 695 4
687 1404 4
692 1358 4
725 1145 4
744 1222 4
746 1306 4
768 1077 4
780 1252 4
848 1149 4
862 1431 4
883 1277 4
935 1450 4
985 1424 4
1022 1417 4
1029 1142 4
1066 1411 4
1116 1213 4
1144 1156 4
1267 1450 4
1284 1431 4
1285 1303 4
1323 1386 4
1384 1399 4
0 1468 5
5 808 5
64 450 5
69 300 5
82 1263 5
90 101 5
96 539 5
108 1068 5
125 1010 5
160 188 5
169 1410 5
174 209 5
193 838 5
199 1392 5
216 448 5
217 1331 5
234 359 5
245 354 5
253 1459 5
263 535 5
268 415 5
293 1017 5
327 1151 5
357 1137 5
359 1003 5
378 1167 5
380 603 5
386 1209 5
420 700 5
422 973 5
464 856 5
483 550 5
562 715 5
569 639 5
588 731 5
605 776 5
644 1094 5
682 1462 5
687 1084 5
687 1023 5
692 1298 5
722 951 5
795 1323 5
799 1055 5
944 1257 5
979 1417 5
1006 1104 5
1013 1072 5
1058 1301 5
1097 1393 5
1107 1251 5
1151 1303 5
1201 1279 5
1214 1285 5
1400 1462 5
1 743 6
30 583 6
33 996 6
66 1143 6
88 623 6
96 1261 6
159 1153 6
164 1094 6
166 327 6
181 999 6
191 1197 6
192 322 6
212 1089 6
213 1343 6
226 853 6
232 530 6
239 1411 6
275 1448 6
291 457 6
347 1223 6
390 462 6
417 1272 6
423 911 6
436 574 6
452 1419 6
455 873 6
484 1297 6
521 1349 6
560 1031 6
595 730 6
655 1354 6
663 947 6
676 1392 6
685 1150 6
708 1183 6
708 1247 6
731 1359 6
801 1235 6
892 1104 6
1093 1295 6
1146 1220 6
17 444 7
21 640 7
71 262 7
80 1294 7
152 268 7
270 1399 7
289 632 7
293 779 7
297 999 7
359 1475 7
369 666 7
377 483 7
380 1056 7
386 1456 7
430 660 7
452 506 7
474 775 7
476 573 7
487 1058 7
529 534 7
532 733 7
542 1349 7
575 1210 7
579 721 7
616 912 7
697 1289 7
726 1453 7
746 988 7
770 1170 7
857 1241 7
935 1216 7
938 1087 7
953 957 7
1003 1323 7
1053 1087 7
1151 1350 7
1243 1328 7
1258 1369 7
1292 1406 7
1343 1456 7
50 791 8
54 1084 8
58 587 8
63 1089 8
95 1036 8
114 230 8
115 1239 8
126 474 8
126 375 8
153 801 8
164 244 8
199 394 8
212 1151 8
217 876 8
251 437 8
282 752 8
285 883 8
295 1227 8
336 1405 8
338 1101 8
351 608 8
405 1116 8
410 1466 8
428 1053 8
456 699 8
497 1460 8
498 1451 8
532 533 8
572 1194 8
601 870 8
608 756 8
615 804 8
619 977 8
638 1403 8
652 770 8
660 1235 8
721 1019 8
731 899 8
777 1304 8
798 1238 8
808 1471 8
829 1118 8
837 1042 8
838 1026 8
887 1089 8
905 1171 8
911 1007 8
932 1017 8
956 1128 8
1010 1098 8
1017 1290 8
1099 1466 8
1248 1413 8
2 1058 9
8 484 9
15 531 9
16 1130 9
21 1233 9
22 1135 9
28 197 9
29 675 9
30 1476 9
30 1006 9
31 993 9
34 551 9
52 394 9
52 1463 9
57 62 9
61 1376 9
70 150 9
79 1011 9
96 1069 9
106 207 9
111 395 9
115 538 9
121 1125 9
125 508 9
137 1045 9
141 1023 9
142 456 9
143 1290 9
147 362 9
148 710 9
156 263 9
157 530 9
159 1240 9
161 632 9
171 325 9
172 1166 9
173 1477 9
182 348 9
184 903 9
194 1047 9
206 230 9
208 1285 9
210 823 9
213 1268 9
217 1257 9
218 1135 9
223 1059 9
231 1394 9
235 773 9
257 354 9
262 854 9
273 652 9
274 1157 9
275 599 9
279 1093 9
279 777 9
279 425 9
280 773 9
284 976 9
284 1339 9
286 1234 9
292 796 9
294 1072 9
297 883 9
298 1108 9
305 1398 9
306 1283 9
319 1002 9
323 984 9
332 657 9
337 769 9
339 1055 9
342 1422 9
348 1360 9
362 718 9
363 566 9
365 701 9
366 601 9
378 808 9
389 467 9
400 999 9
415 1287 9
419 1442 9
422 1184 9
422 1053 9
423 462 9
441 1443 9
446 652 9
451 570 9
464 990 9
464 888 9
472 1091 9
479 649 9
484 1331 9
489 1311 9
503 1181 9
517 1044 9
529 946 9
536 1223 9
536 567 9
540 612 9
541 563 9
547 933 9
555 841 9
556 897 9
559 1290 9
562 900 9
563 1100 9
563 1166 9
591 1389 9
603 734 9
608 1020 9
615 1410 9
623 796 9
632 903 9
636 1081 9
636 821 9
641 1237 9
651 824 9
657 782 9
659 837 9
674 1286 9
687 1312 9
690 1372 9
690 1438 9
701 1381 9
702 926 9
724 1283 9
730 1306 9
741 986 9
746 1467 9
753 995 9
760 1050 9
776 1088 9
782 1254 9
808 1034 9
812 819 9
822 1059 9
823 1153 9
824 919 9
824 1146 9
830 1326 9
831 1323 9
834 910 9
850 1075 9
852 1178 9
855 1389 9
860 998 9
861 1019 9
868 951 9
884 1348 9
887 1381 9
888 1132 9
926 1379 9
936 1145 9
941 1407 9
945 1083 9
950 989 9
963 1272 9
974 1243 9
988 1320 9
1004 1460 9
1013 1373 9
1018 1291 9
1019 1219 9
1056 1151 9
1069 1102 9
1078 1122 9
1085 1333 9
1106 1420 9
1115 1253 9
1116 1317 9
1120 1413 9
1132 1459 9
1139 1385 9
1151 1416 9
1174 1465 9
1207 1436 9
1211 1293 9
1264 1334 9
1298 1459 9
1318 1386 9
1330 1365 9
1346 1424 9
1387 1466 9
1 237 10
9 424 10
55 245 10
62 1416 10
87 155 10
92 308 10
94 1432 10
103 384 10
121 685 10
127 397 10
140 1283 10
143 956 10
147 914 10
148 1357 10
151 255 10
163 1155 10
164 969 10
165 1432 10
168 995 10
173 553 10
202 1210 10
229 1233 10
251 629 10
263 391 10
277 1236 10
315 728 10
333 1428 10
343 586 10
347 869 10
363 878 10
375 475 10
380 1360 10
389 408 10
404 1292 10
426 1036 10
432 681 10
446 967 10
470 520 10
486 951 10
516 1462 10
555 696 10
558 1212 10
562 1240 10
568 924 10
595 1241 10
611 631 10
616 1258 10
626 1052 10
628 862 10
637 1369 10
648 1154 10
669 707 10
669 830 10
687 1108 10
694 1302 10
700 733 10
765 942 10
800 1315 10
824 1447 10
829 986 10
839 1428 10
855 1349 10
866 1053 10
876 1095 10
905 1005 10
946 947 10
952 1349 10
961 1117 10
1008 1267 10
1013 1407 10
1014 1178 10
1066 1175 10
1078 1092 10
1118 1370 10
1122 1282 10
1131 1169 10
1151 1240 10
1244 1444 10
1254 1286 10
1261 1384 10
2 1414 11
4 391 11
6 1229 11
13 661 11
18 1161 11
23 625 11
24 179 11
25 1195 11
31 782 11
38 1049 11
40 1061 11
40 256 11
44 1301 11
47 1147 11
49 387 11
51 91 11
51 658 11
52 1382 11
61 612 11
62 928 11
67 1128 11
67 638 11
68 808 11
68 284 11
76 745 11
78 148 11
83 492 11
92 807 11
93 617 11
116 1213 11
123 341 11
124 488 11
126 287 11
128 876 11
144 1403 11
147 708 11
148 1399 11
152 745 11
157 532 11
161 555 11
165 262 11
169 1262 11
175 290 11
187 264 11
188 807 11
196 863 11
198 1040 11
199 892 11
214 863 11
219 732 11
220 1310 11
220 704 11
229 1372 11
235 398 11
236 367 11
241 943 11
244 845 11
250 658 11
253 726 11
253 982 11
255 674 11
260 1102 11
266 941 11
268 1410 11
272 847 11
285 465 11
288 664 11
291 312 11
292 1263 11
292 575 11
293 1398 11
298 1171 11
306 1310 11
307 882 11
316 1228 11
318 1061 11
320 1075 11
324 1123 11
334 867 11
338 583 11
339 974 11
341 746 11
344 1070 11
345 780 11
354 1301 11
362 935 11
370 1182 11
384 1398 11
403 1037 11
417 962 11
426 535 11
428 1082 11
447 1392 11
452 1114 11
457 751 11
461 691 11
468 1215 11
470 1083 11
475 1384 11
478 591 11
479 631 11
485 1109 11
488 650 11
490 859 11
495 704 11
507 945 11
508 784 11
521 891 11
523 1348 11
525 741 11
530 1474 11
534 1360 11
549 1232 11
558 1233 11
564 1244 11
566 1102 11
570 1199 11
571 1155 11
591 1077 11
615 1102 11
627 956 11
629 1226 11
630 980 11
632 959 11
653 803 11
707 1457 11
716 831 11
716 1353 11
736 1072 11
739 1434 11
749 1393 11
753 1231 11
763 977 11
765 794 11
770 1093 11
773 833 11
782 785 11
785 1259 11
794 886 11
795 1296 11
801 1445 11
801 816 11
833 896 11
834 1477 11
839 959 11
844 1253 11
846 1040 11
848 857 11
864 1393 11
870 1042 11
874 1069 11
880 884 11
880 1425 11
880 940 11
882 1009 11
885 941 11
909 987 11
916 1358 11
924 1171 11
940 1123 11
950 1152 11
968 1060 11
977 1210 11
981 1130 11
993 1387 11
1004 1227 11
1007 1014 11
1031 1274 11
1072 1248 11
1080 1430 11
1080 1154 11
1153 1371 11
1167 1190 11
1173 1220 11
1178 1309 11
1184 1284 11
1189 1336 11
1248 1270 11
1264 1413 11
1389 1441 11
1395 1445 11
1404 1428 11
6 1441 12
8 819 12
10 1082 12
13 1284 12
18 328 12
26 379 12
27 745 12
28 772 12
30 973 12
57 1249 12
82 660 12
86 1477 12
87 735 12
89 556 12
92 746 12
99 821 12
100 470 12
116 1081 12
125 1172 12
126 1358 12
140 226 12
143 559 12
146 1471 12
150 734 12
158 411 12
179 506 12
180 648 12
182 826 12
198 385 12
211 919 12
222 316 12
226 936 12
227 479 12
241 1340 12
262 796 12
272 1125 12
276 416 12
296 1164 12
302 341 12
306 1139 12
311 323 12
311 475 12
324 1069 12
351 521 12
368 533 12
379 816 12
380 529 12
381 741 12
386 1197 12
420 1204 12
425 1150 12
430 1182 12
430 1274 12
443 821 12
450 1268 12
464 1428 12
466 1386 12
467 1216 12
469 1463 12
471 670 12
475 993 12
479 686 12
483 884 12
495 501 12
499 1371 12
501 1357 12
502 612 12
503 955 12
505 1320 12
525 1087 12
557 1029 12
573 1358 12
574 593 12
576 1122 12
580 831 12
588 620 12
593 986 12
600 786 12
606 965 12
624 690 12
644 1418 12
654 1451 12
661 1127 12
690 1464 12
710 1319 12
714 1434 12
724 1282 12
736 1143 12
740 1388 12
749 1277 12
760 1192 12
823 1327 12
839 1098 12
839 1332 12
852 1443 12
853 1006 12
865 1235 12
876 1147 12
909 1281 12
919 1159 12
922 967 12
951 1364 12
982 1253 12
984 1182 12
985 1251 12
1005 1167 12
1030 1246 12
1069 1254 12
1094 1325 12
1107 1127 12
1112 1440 12
1125 1380 12
1137 1468 12
1266 1470 12
1285 1379 12
1323 1387 12
1 792 13
3 579 13
27 120 13
59 482 13
77 824 13
85 175 13
98 852 13
113 1217 13
158 480 13
228 751 13
250 1431 13
347 1421 13
422 1344 13
470 1305 13
501 546 13
501 678 13
514 1374 13
556 1176 13
586 1274 13
664 1078 13
685 970 13
823 1309 13
829 1205 13
852 914 13
943 1029 13
1050 1446 13
1064 1479 13
8 231 14
8 744 14
8 268 14
13 930 14
15 874 14
23 636 14
26 1384 14
40 424 14
40 1456 14
41 827 14
43 602 14
44 986 14
46 49 14
50 710 14
51 847 14
60 657 14
61 1428 14
63 791 14
69 879 14
76 537 14
80 774 14
81 476 14
83 847 14
89 1207 14
90 248 14
91 1339 14
91 510 14
92 562 14
94 834 14
94 931 14
95 555 14
98 340 14
98 1400 14
113 962 14
113 518 14
114 1094 14
115 436 14
115 1217 14
116 643 14
116 206 14
117 735 14
129 1249 14
132 1155 14
136 1419 14
143 1436 14
148 268 14
150 659 14
157 1138 14
158 1270 14
161 1422 14
168 546 14
168 642 14
178 1174 14
182 906 14
186 1083 14
187 235 14
195 525 14
202 1180 14
209 299 14
212 769 14
216 1030 14
220 1398 14
223 953 14
244 743 14
258 672 14
284 919 14
295 1025 14
298 1138 14
302 1454 14
312 532 14
313 698 14
318 407 14
320 1218 14
322 965 14
326 810 14
331 1040 14
331 370 14
343 1467 14
347 908 14
351 525 14
354 453 14
362 584 14
364 1347 14
365 721 14
372 1105 14
380 591 14
382 780 14
382 1206 14
385 1433 14
399 1414 14
404 1460 14
406 1197 14
409 1226 14
414 1188 14
416 1003 14
419 1221 14
438 1311 14
440 1393 14
445 1337 14
445 1437 14
451 679 14
452 1313 14
455 1048 14
455 897 14
459 1125 14
480 1465 14
511 953 14
524 1230 14
526 1059 14
527 865 14
539 1107 14
546 919 14
549 1360 14
552 629 14
552 880 14
559 1423 14
568 1463 14
569 1030 14
575 1008 14
582 1269 14
585 1163 14
589 1407 14
590 714 14
603 834 14
604 764 14
613 705 14
638 966 14
639 678 14
645 1193 14
651 845 14
659 752 14
667 1068 14
669 904 14
672 1401 14
685 702 14
697 1366 14
700 1037 14
701 913 14
716 1033 14
723 932 14
725 1374 14
738 1030 14
739 930 14
746 766 14
755 1452 14
768 1179 14
779 1066 14
784 1302 14
799 1051 14
804 1122 14
806 1309 14
809 1060 14
818 1291 14
825 1404 14
828 870 14
834 1212 14
835 1311 14
854 1172 14
868 1316 14
871 979 14
872 1387 14
881 1023 14
882 1333 14
885 1422 14
900 1048 14
904 994 14
915 1001 14
933 1437 14
935 1020 14
962 1411 14
1008 1228 14
1021 1400 14
1042 1346 14
1053 1063 14
1056 1367 14
1059 1211 14
1068 1088 14
1085 1194 14
1089 1293 14
1099 1440 14
1114 1333 14
1121 1395 14
1122 1245 14
1147 1315 14
1151 1342 14
1189 1430 14
1195 1409 14
1225 1334 14
1250 1346 14
1262 1268 14
1432 1434 14
10 345 15
13 644 15
24 1140 15
44 1387 15
46 78 15
48 1095 15
49 1395 15
64 1275 15
67 312 15
68 834 15
70 817 15
79 1446 15
94 439 15
96 1057 15
97 1235 15
99 1103 15
101 375 15
105 1017 15
112 359 15
113 1309 15
113 502 15
120 992 15
147 301 15
149 971 15
150 963 15
168 300 15
172 750 15
176 1362 15
185 1474 15
185 958 15
190 412 15
194 1375 15
200 373 15
209 465 15
214 1259 15
223 1215 15
224 399 15
236 834 15
245 1312 15
251 407 15
261 388 15
267 1210 15
271 898 15
278 297 15
280 1384 15
283 892 15
285 528 15
288 1364 15
308 1019 15
309 1136 15
317 500 15
325 483 15
328 624 15
338 1155 15
344 1461 15
350 397 15
351 1099 15
356 1326 15
362 383 15
362 870 15
366 589 15
383 896 15
386 851 15
388 996 15
392 597 15
392 740 15
400 614 15
404 1441 15
422 927 15
439 1216 15
446 1340 15
453 1339 15
463 1025 15
470 1200 15
478 1216 15
490 828 15
505 1096 15
512 914 15
518 602 15
535 1274 15
547 1132 15
548 1432 15
568 1476 15
572 996 15
574 1101 15
597 981 15
607 1469 15
624 787 15
632 905 15
661 1016 15
666 1154 15
708 1431 15
716 1377 15
721 783 15
723 1283 15
731 1211 15
739 1275 15
769 1296 15
776 1355 15
780 1064 15
796 1090 15
809 1050 15
856 1025 15
859 901 15
917 1464 15
931 1097 15
939 1348 15
946 1302 15
951 1434 15
969 1251 15
998 1348 15
1020 1264 15
1040 1243 15
1094 1303 15
1095 1351 15
1098 1132 15
1099 1208 15
1176 1421 15
1194 1225 15
1197 1376 15
1272 1355 15
1301 1330 15
1351 1439 15
1356 1454 15
2 212 16
13 702 16
27 1472 16
35 814 16
37 1078 16
38 788 16
47 367 16
50 962 16
63 1224 16
67 329 16
73 854 16
76 252 16
79 472 16
110 1091 16
110 734 16
115 720 16
122 324 16
139 1183 16
141 1443 16
147 1428 16
151 1318 16
180 866 16
194 640 16
196 252 16
218 1396 16
225 1131 16
228 668 16
289 1080 16
297 655 16
297 730 16
303 777 16
303 319 16
308 455 16
323 1024 16
344 382 16
386 1215 16
389 676 16
396 450 16
477 1181 16
481 1414 16
504 811 16
515 605 16
520 986 16
524 545 16
532 1113 16
565 751 16
610 641 16
614 905 16
661 1076 16
666 1314 16
667 807 16
671 864 16
721 1245 16
723 1442 16
729 1334 16
751 881 16
902 1391 16
979 1148 16
986 1261 16
1007 1402 16
1010 1438 16
1071 1205 16
1133 1439 16
1138 1440 16
1174 1198 16
1229 1350 16
1248 1416 16
1294 1434 16
1326 1350 16
1364 1455 16
23 603 17
48 681 17
56 691 17
77 496 17
99 514 17
121 556 17
140 1313 17
142 347 17
156 684 17
171 954 17
219 766 17
235 338 17
251 1056 17
255 1053 17
263 1462 17
267 529 17
267 1136 17
269 1358 17
285 988 17
309 539 17
310 980 17
319 957 17
320 1207 17
347 386 17
357 1099 17
361 454 17
367 592 17
382 1120 17
389 556 17
449 531 17
459 1074 17
508 1292 17
509 572 17
575 742 17
602 961 17
619 958 17
668 718 17
679 1361 17
691 1400 17
693 1231 17
709 727 17
737 1399 17
856 974 17
876 935 17
891 931 17
961 1296 17
980 1275 17
1029 1242 17
1183 1478 17
10 198 18
11 515 18
11 1017 18
21 869 18
23 1070 18
52 1132 18
52 756 18
64 537 18
66 668 18
71 1425 18
92 1153 18
98 530 18
99 1073 18
101 865 18
104 919 18
108 454 18
119 1185 18
128 423 18
131 914 18
147 1262 18
162 1353 18
164 1107 18
235 1459 18
247 1346 18
259 590 18
271 1067 18
279 437 18
337 1460 18
338 1029 18
348 402 18
406 918 18
408 1436 18
414 1130 18
414 1379 18
426 1327 18
439 925 18
439 793 18
443 503 18
447 636 18
457 1318 18
462 1401 18
479 1166 18
485 1289 18
546 741 18
555 1101 18
561 603 18
568 1183 18
578 812 18
581 1129 18
588 1226 18
612 879 18
665 775 18
668 701 18
709 1220 18
710 1090 18
721 808 18
736 1391 18
775 930 18
811 1348 18
837 1198 18
843 1397 18
870 1348 18
889 931 18
913 984 18
1004 1070 18
1069 1442 18
1088 1125 18
1164 1364 18
1244 1462 18
1257 1328 18
1345 1449 18
2 1380 19
6 832 19
6 1204 19
7 558 19
17 1200 19
22 766 19
22 1196 19
27 1038 19
31 1395 19
34 970 19
42 137 19
43 363 19
48 715 19
74 899 19
76 1260 19
80 157 19
84 364 19
92 1138 19
96 565 19
115 1224 19
116 186 19
118 1359 19
130 858 19
140 900 19
159 1189 19
164 755 19
171 1006 19
176 726 19
178 1174 19
180 594 19
182 811 19
183 1168 19
188 563 19
189 961 19
196 605 19
199 1190 19
204 1240 19
206 1419 19
209 921 19
214 605 19
215 490 19
219 810 19
228 1461 19
229 864 19
230 675 19
233 624 19
235 1254 19
242 446 19
243 1479 19
264 1099 19
268 1085 19
276 788 19
277 724 19
277 1410 19
283 1434 19
284 1300 19
291 639 19
297 883 19
298 997 19
302 703 19
306 1186 19
316 551 19
319 977 19
320 1035 19
325 545 19
331 1285 19
343 749 19
344 1291 19
344 474 19
353 846 19
358 1038 19
362 729 19
370 427 19
376 1077 19
377 1443 19
382 1306 19
397 606 19
410 1246 19
413 1454 19
421 1281 19
440 1077 19
448 635 19
448 985 19
468 875 19
488 699 19
500 1103 19
510 660 19
514 882 19
545 1385 19
547 1236 19
549 996 19
550 1124 19
555 806 19
570 1477 19
593 975 19
600 1424 19
607 852 19
625 729 19
652 1434 19
666 961 19
672 1232 19
691 1063 19
700 1432 19
701 839 19
751 931 19
756 1456 19
767 1109 19
791 1220 19
793 812 19
814 1157 19
819 879 19
838 1383 19
854 914 19
872 945 19
875 1064 19
889 1433 19
901 1427 19
918 1139 19
920 1110 19
930 1134 19
934 1367 19
934 1297 19
941 1418 19
943 1381 19
980 1171 19
983 1431 19
1009 1253 19
1012 1244 19
1067 1236 19
1086 1353 19
1096 1215 19
1097 1325 19
1134 1313 19
1141 1195 19
1147 1330 19
1168 1338 19
1215 1281 19
1217 1222 19
1343 1437 19
6 97 20
15 1145 20
15 938 20
34 795 20
41 964 20
44 1009 20
44 1397 20
48 210 20
57 1397 20
61 85 20
64 672 20
72 254 20
76 1370 20
81 389 20
82 1140 20
110 879 20
111 1377 20
112 370 20
112 683 20
114 1247 20
115 164 20
120 646 20
124 550 20
125 408 20
130 1240 20
156 1462 20
159 1439 20
161 925 20
163 1252 20
174 568 20
183 269 20
187 868 20
191 1009 20
191 891 20
195 415 20
195 636 20
199 1025 20
200 338 20
207 1091 20
207 1213 20
208 1161 20
222 539 20
223 947 20
240 601 20
255 474 20
258 284 20
262 450 20
266 1202 20
279 1305 20
286 1376 20
298 500 20
300 1444 20
307 925 20
314 1119 20
320 565 20
326 683 20
327 1000 20
337 920 20
341 1054 20
345 1000 20
348 1023 20
368 896 20
375 477 20
379 1388 20
381 516 20
382 524 20
387 842 20
390 822 20
396 625 20
397 1331 20
403 1289 20
419 803 20
423 737 20
431 594 20
449 579 20
451 1121 20
453 1120 20
471 1422 20
479 1116 20
479 553 20
481 1291 20
489 627 20
490 765 20
503 1297 20
507 992 20
509 636 20
539 1162 20
543 994 20
552 831 20
565 1035 20
579 680 20
582 1159 20
591 1309 20
596 1416 20
615 767 20
621 1347 20
622 1378 20
622 1362 20
622 1099 20
624 753 20
658 1221 20
661 897 20
667 908 20
669 1260 20
680 1128 20
689 1150 20
694 1305 20
695 1408 20
697 1440 20
704 1347 20
711 1185 20
713 1039 20
727 1095 20
757 1292 20
777 1021 20
791 867 20
805 1395 20
815 1391 20
827 899 20
830 927 20
847 1168 20
855 1397 20
859 1421 20
866 1124 20
914 1424 20
926 1443 20
939 1092 20
991 1345 20
1002 1139 20
1012 1369 20
1052 1471 20
1056 1447 20
1074 1236 20
1082 1353 20
1095 1314 20
1128 1183 20
1132 1297 20
1134 1355 20
1137 1297 20
1193 1362 20
1216 1225 20
1223 1281 20
1262 1300 20
1282 1351 20
1429 1434 20
1 50 21
5 17 21
11 1113 21
16 529 21
24 413 21
27 1028 21
28 352 21
42 1075 21
62 375 21
76 759 21
77 166 21
78 109 21
89 889 21
90 929 21
100 1474 21
106 586 21
121 650 21
122 749 21
123 205 21
127 1393 21
129 1179 21
132 338 21
142 905 21
144 1289 21
160 512 21
162 523 21
163 1143 21
165 1321 21
166 218 21
167 342 21
168 1379 21
180 764 21
181 569 21
191 1057 21
191 849 21
198 570 21
199 1091 21
207 1357 21
222 1047 21
228 250 21
231 326 21
234 316 21
236 282 21
240 842 21
242 713 21
245 362 21
256 1452 21
257 1348 21
262 1469 21
270 1069 21
272 913 21
277 1278 21
279 927 21
283 1208 21
285 909 21
296 1447 21
296 1177 21
297 1295 21
307 651 21
309 1313 21
325 1124 21
330 1019 21
333 746 21
333 375 21
334 651 21
345 873 21
351 731 21
357 752 21
361 936 21
367 507 21
382 1130 21
383 545 21
396 753 21
399 1349 21
403 1222 21
406 1420 21
407 1116 21
407 1158 21
428 1409 21
438 740 21
440 583 21
458 1129 21
466 741 21
468 904 21
483 683 21
485 1163 21
487 1154 21
495 1373 21
500 535 21
504 1162 21
512 687 21
513 1203 21
516 669 21
531 690 21
531 775 21
550 735 21
553 1025 21
557 632 21
559 880 21
564 578 21
569 641 21
601 1213 21
605 999 21
621 701 21
657 753 21
658 1068 21
705 881 21
705 1232 21
710 763 21
721 1187 21
735 1327 21
741 1444 21
746 898 21
747 895 21
779 1128 21
782 1211 21
793 1346 21
803 1100 21
841 973 21
841 1082 21
848 965 21
851 1242 21
862 1241 21
863 1149 21
863 1222 21
868 896 21
874 1061 21
881 1447 21
888 1295 21
892 1275 21
895 975 21
905 1060 21
928 1421 21
930 1191 21
932 1449 21
946 1393 21
959 1425 21
960 1432 21
972 1284 21
972 1430 21
981 1191 21
981 1178 21
993 1280 21
995 1129 21
1002 1168 21
1014 1283 21
1025 1304 21
1042 1180 21
1047 1213 21
1069 1426 21
1070 1193 21
1087 1281 21
1102 1316 21
1147 1300 21
1153 1202 21
1194 1457 21
1203 1428 21
1206 1240 21
1229 1264 21
1271 1438 21
1289 1375 21
1314 1410 21
1376 1380 21
9 630 22
13 1451 22
14 502 22
22 314 22
25 401 22
38 1167 22
44 273 22
44 594 22
55 427 22
58 316 22
69 94 22
70 427 22
70 1342 22
71 283 22
82 306 22
90 1311 22
91 678 22
96 287 22
102 692 22
103 1046 22
103 1430 22
105 1109 22
106 382 22
112 460 22
113 945 22
118 260 22
122 1368 22
124 724 22
131 1134 22
134 1359 22
139 377 22
140 611 22
148 1205 22
153 1291 22
169 608 22
174 537 22
180 1313 22
181 1217 22
181 218 22
184 742 22
190 522 22
190 710 22
206 621 22
213 731 22
220 707 22
221 598 22
240 898 22
240 687 22
242 456 22
245 577 22
261 945 22
263 1278 22
267 288 22
282 682 22
290 1418 22
293 690 22
303 1237 22
313 1243 22
318 1175 22
327 458 22
327 347 22
328 521 22
332 734 22
338 445 22
343 1344 22
344 853 22
344 775 22
355 425 22
363 383 22
375 1455 22
379 675 22
383 1350 22
386 667 22
391 1387 22
406 470 22
434 1379 22
438 612 22
438 830 22
441 455 22
443 556 22
450 1201 22
452 869 22
456 785 22
469 521 22
484 592 22
485 941 22
490 813 22
490 582 22
491 1164 22
498 1458 22
499 1442 22
510 967 22
511 1476 22
516 864 22
530 818 22
550 1011 22
557 1065 22
562 1070 22
564 964 22
565 1193 22
584 1150 22
585 869 22
588 1083 22
598 660 22
599 1070 22
600 767 22
602 700 22
606 1249 22
609 982 22
610 1180 22
620 1259 22
630 888 22
634 850 22
672 933 22
681 794 22
682 1146 22
686 1316 22
702 879 22
716 1164 22
722 1375 22
735 1358 22
759 918 22
762 1167 22
771 1046 22
771 1160 22
784 1046 22
792 1189 22
842 934 22
845 1106 22
881 1061 22
888 1239 22
898 1199 22
902 1033 22
905 1003 22
913 1328 22
915 971 22
920 1305 22
927 991 22
941 1410 22
943 1474 22
945 1167 22
955 1202 22
986 1069 22
1006 1055 22
1008 1365 22
1031 1251 22
1050 1390 22
1054 1395 22
1056 1471 22
1068 1395 22
1116 1230 22
1120 1181 22
1146 1295 22
1153 1384 22
1191 1246 22
1194 1479 22
1261 1374 22
1287 1299 22
1304 1465 22
1329 1446 22
0 912 23
2 882 23
15 926 23
17 61 23
18 41 23
26 1464 23
42 628 23
59 1238 23
65 510 23
69 510 23
75 648 23
79 97 23
85 912 23
105 1279 23
123 857 23
126 1030 23
132 1059 23
142 828 23
161 637 23
164 237 23
168 481 23
174 548 23
180 743 23
181 1083 23
182 277 23
183 699 23
183 1316 23
184 1318 23
185 252 23
197 331 23
205 419 23
206 325 23
210 919 23
218 614 23
218 815 23
224 1040 23
228 927 23
234 478 23
240 1398 23
244 1229 23
259 408 23
268 616 23
271 558 23
279 522 23
281 662 23
282 663 23
287 1202 23
294 1101 23
321 1131 23
325 1327 23
333 1078 23
338 473 23
343 1102 23
344 772 23
345 949 23
351 1392 23
354 785 23
367 981 23
368 481 23
370 1301 23
386 1388 23
386 752 23
390 603 23
392 1459 23
394 1158 23
398 875 23
402 1010 23
404 818 23
405 648 23
413 1058 23
417 673 23
420 597 23
425 467 23
431 1464 23
434 1092 23
445 831 23
449 1018 23
450 1178 23
458 512 23
459 747 23
468 1371 23
475 589 23
480 818 23
481 755 23
489 1467 23
501 1471 23
508 949 23
511 1125 23
542 1249 23
552 916 23
553 1289 23
564 1295 23
599 650 23
608 686 23
617 949 23
619 784 23
629 1224 23
644 1195 23
653 1076 23
665 954 23
693 747 23
694 1015 23
720 1291 23
729 1084 23
742 1468 23
759 1053 23
767 1376 23
785 900 23
792 1196 23
792 916 23
809 849 23
814 935 23
850 1108 23
870 1082 23
888 1173 23
893 921 23
932 1363 23
944 1273 23
946 1247 23
959 1294 23
964 1396 23
997 1380 23
1005 1145 23
1007 1160 23
1078 1141 23
1090 1155 23
1111 1181 23
1159 1282 23
1165 1254 23
1214 1370 23
1231 1373 23
1263 1388 23
1285 1400 23
1321 1456 23
1333 1478 23
1432 1465 23
0 1128 24
2 1264 24
3 552 24
12 1206 24
14 1217 24
28 1348 24
38 1252 24
55 717 24
64 1093 24
67 730 24
69 164 24
72 111 24
126 637 24
150 210 24
194 584 24
204 995 24
259 347 24
260 1401 24
262 317 24
272 572 24
305 465 24
350 1114 24
353 1085 24
355 479 24
365 713 24
376 659 24
380 763 24
418 1369 24
478 885 24
493 733 24
532 1342 24
540 672 24
552 645 24
626 1017 24
642 904 24
669 953 24
677 1097 24
718 844 24
751 1332 24
768 1400 24
780 1049 24
887 1352 24
929 1103 24
964 1207 24
1005 1270 24
1011 1234 24
1053 1330 24
1098 1318 24
1110 1129 24
4 1208 25
26 512 25
26 296 25
29 735 25
29 593 25
42 62 25
43 647 25
65 228 25
76 641 25
86 901 25
95 288 25
109 160 25
121 741 25
131 1477 25
140 1256 25
146 1451 25
158 181 25
181 426 25
190 253 25
206 520 25
213 1362 25
214 1321 25
236 749 25
246 255 25
246 666 25
251 1287 25
251 291 25
262 423 25
266 1441 25
291 845 25
296 377 25
297 662 25
301 1360 25
334 1258 25
381 1027 25
401 1117 25
419 572 25
421 1434 25
436 1314 25
447 656 25
456 1342 25
461 474 25
478 639 25
480 1312 25
488 1030 25
490 832 25
508 559 25
513 1016 25
515 929 25
518 807 25
567 1253 25
570 626 25
584 1202 25
592 969 25
614 1307 25
627 1125 25
630 1338 25
642 669 25
663 1180 25
675 957 25
677 1234 25
712 952 25
716 980 25
726 1053 25
738 1197 25
742 879 25
748 1210 25
760 1230 25
773 1042 25
793 1082 25
916 1173 25
918 1306 25
945 1027 25
1021 1202 25
1023 1365 25
1071 1450 25
1099 1278 25
1185 1223 25
1202 1429 25
1203 1471 25
1253 1350 25
1257 1433 25
1348 1432 25
15 417 26
19 75 26
29 1212 26
29 652 26
52 547 26
60 82 26
61 451 26
86 409 26
97 1185 26
105 413 26
107 509 26
114 127 26
117 682 26
129 1384 26
130 1393 26
147 1064 26
174 1064 26
176 778 26
199 604 26
206 657 26
206 1468 26
210 1099 26
219 788 26
227 1372 26
233 256 26
264 520 26
270 1037 26
272 738 26
273 315 26
280 655 26
287 644 26
298 1154 26
318 1079 26
323 869 26
325 333 26
326 735 26
378 745 26
381 1382 26
383 1121 26
385 1235 26
393 1455 26
412 619 26
414 664 26
437 1120 26
438 764 26
440 810 26
501 611 26
503 800 26
506 1380 26
507 662 26
513 626 26
539 1377 26
541 1132 26
546 760 26
548 808 26
562 1360 26
564 1342 26
575 663 26
584 1082 26
585 1435 26
585 708 26
615 1170 26
620 1027 26
631 1265 26
632 970 26
637 1299 26
643 782 26
656 866 26
722 842 26
729 1255 26
756 922 26
757 1008 26
765 1053 26
772 814 26
780 814 26
789 1096 26
795 1478 26
833 1378 26
848 1192 26
875 1345 26
883 909 26
887 1201 26
949 1193 26
978 1334 26
998 1396 26
1002 1257 26
1022 1217 26
1086 1094 26
1094 1176 26
1118 1313 26
1133 1149 26
1148 1240 26
1163 1211 26
1179 1208 26
1237 1265 26
1262 1305 26
13 149 27
21 1286 27
30 1123 27
34 1013 27
38 234 27
59 653 27
83 819 27
95 480 27
120 481 27
123 659 27
128 654 27
138 303 27
145 1399 27
145 388 27
181 1171 27
204 466 27
208 1391 27
234 1393 27
248 943 27
256 1030 27
263 1012 27
279 861 27
288 449 27
290 859 27
326 850 27
327 1078 27
371 1219 27
379 779 27
379 729 27
383 686 27
397 511 27
485 1472 27
517 757 27
522 1087 27
529 1200 27
534 559 27
558 780 27
558 1143 27
564 718 27
582 1362 27
584 1303 27
633 638 27
639 1027 27
662 1071 27
703 1105 27
708 1417 27
786 1413 27
848 928 27
863 1356 27
894 918 27
935 1342 27
973 1305 27
978 1153 27
1020 1339 27
1038 1212 27
1072 1144 27
1118 1325 27
1121 1220 27
1331 1445 27
2 684 28
23 1163 28
32 531 28
50 652 28
51 1366 28
124 748 28
142 1347 28
154 361 28
155 163 28
212 240 28
240 691 28
240 328 28
257 651 28
260 773 28
289 636 28
306 480 28
311 931 28
392 1331 28
397 474 28
422 1177 28
428 640 28
446 1254 28
452 687 28
484 1430 28
513 643 28
517 1094 28
544 816 28
575 597 28
579 1169 28
589 1080 28
593 1145 28
626 1192 28
650 1263 28
659 757 28
664 988 28
747 968 28
772 920 28
792 886 28
930 1339 28
932 1013 28
1035 1260 28
1050 1265 28
1088 1319 28
1193 1229 28
1303 1346 28
6 817 29
91 1356 29
128 247 29
150 1221 29
181 1078 29
181 533 29
205 1091 29
215 579 29
233 351 29
290 458 29
334 677 29
347 1215 29
356 398 29
394 1456 29
400 617 29
447 1082 29
475 581 29
654 879 29
703 1471 29
818 1330 29
959 1427 29
1006 1087 29
1127 1197 29
1190 1239 29
12 254 30
119 724 30
253 1320 30
314 532 30
342 1237 30
366 1359 30
483 973 30
745 1426 30
746 1091 30
977 983 31
191 1303 32
423 662 32
522 1128 32
601 685 32
791 836 32
855 1448 32
43 1005 33
415 1297 33
579 1073 33
588 619 34
101 904 35
352 1367 35
499 1221 35
1056 1370 35
97 120 36
551 636 36
105 998 37
189 1403 37
462 495 37
642 821 37
160 1103 38
159 440 39
305 1233 39
315 680 39
63 1383 40
190 623 40
241 814 40
378 1111 40
380 783 40
414 971 40
422 635 40
453 1094 40
502 891 40
645 704 40
686 1087 40
860 969 40
913 1232 40
926 1206 40
1073 1165 40
3 790 41
27 664 41
29 443 41
30 911 41
41 643 41
41 1211 41
56 387 41
65 400 41
69 504 41
70 939 41
73 395 41
78 742 41
78 336 41
84 269 41
84 921 41
100 1406 41
112 1134 41
118 500 41
123 1103 41
124 1428 41
126 572 41
129 367 41
138 1391 41
138 694 41
159 528 41
182 455 41
183 1049 41
184 222 41
185 558 41
193 270 41
195 297 41
199 565 41
202 1164 41
207 1421 41
226 829 41
243 1076 41
250 1092 41
253 1057 41
258 1465 41
270 1225 41
297 750 41
310 1017 41
320 738 41
345 1259 41
345 852 41
362 1205 41
367 1320 41
374 769 41
380 644 41
401 975 41
407 810 41
416 1296 41
422 789 41
426 691 41
430 1152 41
472 845 41
495 1372 41
512 710 41
522 672 41
537 811 41
538 1416 41
564 644 41
608 1102 41
646 687 41
646 1127 41
668 1313 41
673 1012 41
695 919 41
705 1197 41
746 763 41
809 1278 41
821 1132 41
828 873 41
871 1247 41
926 1130 41
943 1331 41
982 1314 41
985 1457 41
1029 1292 41
1088 1128 41
1112 1117 41
1157 1312 41
1273 1359 41
1289 1325 41
1296 1465 41
1311 1388 41
1340 1427 41
3 355 42
8 1383 42
16 1318 42
17 738 42
19 1134 42
24 571 42
29 1375 42
29 1399 42
29 1323 42
35 478 42
42 123 42
43 631 42
44 323 42
47 149 42
58 112 42
73 1059 42
81 897 42
82 280 42
88 805 42
93 1334 42
118 536 42
119 1287 42
121 133 42
121 488 42
127 183 42
133 652 42
135 755 42
139 1279 42
145 585 42
151 704 42
161 353 42
181 872 42
186 660 42
195 484 42
196 1191 42
200 833 42
208 1432 42
226 337 42
228 1313 42
234 872 42
237 427 42
238 585 42
239 1392 42
241 1158 42
245 648 42
246 1431 42
250 612 42
251 1273 42
263 334 42
268 1385 42
278 912 42
280 323 42
294 521 42
295 1246 42
299 922 42
303 1158 42
305 875 42
309 375 42
313 734 42
358 1376 42
373 1287 42
380 752 42
385 706 42
391 713 42
396 853 42
398 1041 42
400 550 42
417 1360 42
446 1290 42
451 1069 42
461 501 42
474 1306 42
479 1455 42
484 914 42
513 754 42
537 789 42
562 661 42
607 749 42
622 1346 42
641 1453 42
643 1387 42
647 1312 42
650 1462 42
653 1026 42
673 756 42
675 793 42
679 939 42
730 1276 42
733 754 42
755 1466 42
760 1376 42
771 1299 42
773 1380 42
786 1053 42
791 914 42
821 1113 42
825 1424 42
835 1211 42
838 1163 42
841 1303 42
862 953 42
875 1105 42
904 1175 42
981 1294 42
1032 1434 42
1040 1304 42
1053 1134 42
1053 1463 42
1059 1437 42
1065 1310 42
1082 1341 42
1094 1152 42
1145 1411 42
1161 1228 42
1170 1371 42
1177 1413 42
1213 1261 42
1314 1389 42
1318 1384 42
1373 1409 42
1379 1398 42
1396 1407 42
1465 1467 42
2 614 43
3 827 43
5 16 43
8 467 43
16 633 43
18 860 43
19 861 43
23 128 43
37 75 43
39 814 43
39 917 43
47 138 43
49 570 43
50 954 43
50 1195 43
64 162 43
68 85 43
77 854 43
84 822 43
96 623 43
99 1174 43
100 943 43
113 1441 43
119 701 43
122 1235 43
129 876 43
140 764 43
152 346 43
153 753 43
156 1426 43
161 405 43
163 1053 43
169 1318 43
173 643 43
174 1433 43
175 1456 43
187 832 43
188 1142 43
188 1048 43
189 1184 43
199 486 43
199 502 43
207 1283 43
210 1239 43
213 1320 43
221 240 43
238 649 43
245 287 43
268 355 43
274 482 43
277 1026 43
279 1262 43
279 1326 43
282 309 43
293 439 43
297 645 43
302 864 43
306 1260 43
312 897 43
313 364 43
321 1265 43
323 1398 43
327 1447 43
328 1440 43
335 843 43
337 530 43
338 487 43
340 565 43
341 588 43
363 613 43
366 1131 43
372 571 43
377 740 43
385 1226 43
386 1046 43
390 1329 43
392 1423 43
418 568 43
419 993 43
431 545 43
437 672 43
448 1339 43
453 1095 43
479 1257 43
487 781 43
497 1042 43
501 741 43
501 698 43
502 1396 43
503 946 43
510 1312 43
510 1134 43
512 1264 43
521 1318 43
526 610 43
531 1257 43
535 932 43
535 1389 43
549 1271 43
549 838 43
551 1462 43
558 1141 43
560 691 43
561 1211 43
584 1362 43
584 818 43
600 1450 43
628 1192 43
638 1189 43
641 703 43
647 839 43
649 718 43
649 1073 43
651 1255 43
659 719 43
664 1084 43
667 671 43
677 1373 43
680 876 43
691 792 43
700 1000 43
713 1371 43
731 766 43
732 1029 43
740 1325 43
749 992 43
754 1059 43
769 1462 43
769 831 43
788 1280 43
793 1152 43
806 1000 43
810 1250 43
825 1091 43
833 1231 43
851 1017 43
866 1449 43
891 1447 43
899 1374 43
910 1003 43
914 1420 43
925 1402 43
935 1318 43
936 1250 43
941 1413 43
941 1380 43
956 1399 43
976 1447 43
1002 1109 43
1024 1403 43
1047 1449 43
1064 1338 43
1079 1243 43
1091 1283 43
1094 1320 43
1096 1243 43
1104 1456 43
1105 1346 43
1132 1213 43
1152 1476 43
1158 1298 43
1251 1459 43
1316 1465 43
1338 1346 43
1412 1450 43
0 590 44
0 361 44
14 839 44
18 528 44
26 899 44
64 801 44
123 382 44
137 1003 44
153 1269 44
162 226 44
165 435 44
167 342 44
168 317 44
168 1222 44
194 711 44
199 1024 44
242 365 44
243 624 44
250 686 44
257 1011 44
272 1101 44
279 1438 44
312 496 44
378 868 44
385 1016 44
388 1333 44
391 693 44
444 990 44
474 1360 44
498 709 44
547 847 44
552 1248 44
660 1282 44
696 1410 44
724 1227 44
759 911 44
812 833 44
816 898 44
817 1231 44
827 1474 44
885 1466 44
899 1327 44
913 1394 44
1010 1258 44
1238 1280 44
1329 1365 44
0 748 45
7 916 45
8 590 45
10 891 45
15 444 45
17 461 45
17 81 45
25 404 45
25 801 45
26 511 45
32 802 45
34 661 45
52 923 45
63 1470 45
74 1170 45
80 563 45
96 545 45
108 1154 45
115 1285 45
123 415 45
124 775 45
132 1078 45
133 885 45
136 156 45
142 736 45
143 225 45
145 1109 45
152 1022 45
155 1193 45
161 1100 45
164 1097 45
180 464 45
187 1465 45
188 1288 45
197 675 45
203 809 45
208 1066 45
211 907 45
214 1406 45
221 758 45
226 1118 45
226 1369 45
233 1271 45
236 762 45
239 985 45
242 503 45
247 1203 45
254 1102 45
264 1425 45
272 1415 45
282 1114 45
287 778 45
296 344 45
304 741 45
305 445 45
307 1367 45
307 1359 45
309 1202 45
329 1470 45
333 1309 45
353 1097 45
354 1420 45
362 1018 45
374 974 45
376 729 45
376 930 45
377 541 45
393 655 45
402 629 45
403 1130 45
409 1362 45
409 621 45
410 909 45
410 778 45
413 1274 45
422 1004 45
424 910 45
430 602 45
440 895 45
442 1136 45
444 485 45
455 660 45
465 1193 45
466 1225 45
484 678 45
499 1476 45
513 1140 45
530 1138 45
548 903 45
548 1289 45
559 768 45
560 1092 45
561 644 45
568 762 45
570 1471 45
593 735 45
595 1031 45
597 758 45
598 1078 45
600 616 45
602 606 45
625 783 45
626 1441 45
629 634 45
636 1473 45
639 1412 45
661 892 45
662 935 45
678 993 45
682 1309 45
688 1048 45
696 1298 45
701 1450 45
721 1005 45
728 1047 45
759 869 45
766 1023 45
778 1108 45
792 1239 45
822 1029 45
848 1184 45
865 1056 45
868 915 45
881 1264 45
888 1303 45
943 958 45
948 1295 45
966 1286 45
986 1267 45
998 1018 45
1021 1219 45
1024 1257 45
1036 1371 45
1041 1328 45
1075 1157 45
1078 1158 45
1170 1410 45
1196 1315 45
1198 1288 45
1199 1325 45
1207 1323 45
1208 1296 45
1215 1266 45
1268 1321 45
1300 1323 45
1400 1418 45
12 1137 46
17 136 46
18 611 46
20 1357 46
24 1449 46
25 309 46
29 619 46
30 839 46
35 1377 46
41 873 46
45 482 46
48 60 46
54 1171 46
57 714 46
58 389 46
66 1153 46
73 861 46
77 720 46
78 82 46
79 852 46
80 404 46
85 1303 46
90 757 46
93 1115 46
102 1112 46
104 402 46
114 285 46
115 631 46
116 1343 46
121 285 46
122 1414 46
123 1029 46
131 574 46
134 407 46
141 570 46
142 949 46
148 723 46
160 237 46
163 645 46
185 1042 46
186 1392 46
194 1291 46
194 534 46
206 573 46
207 1288 46
209 794 46
213 850 46
215 577 46
231 538 46
235 740 46
235 504 46
239 1366 46
245 456 46
249 896 46
253 1305 46
255 1408 46
256 770 46
260 1135 46
263 1173 46
267 1404 46
276 1466 46
279 951 46
280 706 46
283 796 46
286 1129 46
291 448 46
292 416 46
301 1239 46
321 978 46
324 1232 46
326 590 46
330 988 46
343 841 46
350 935 46
359 1241 46
363 865 46
365 401 46
366 903 46
372 1422 46
376 895 46
380 1474 46
387 763 46
390 550 46
397 542 46
397 1191 46
400 511 46
408 745 46
409 1286 46
410 1179 46
416 736 46
422 1449 46
424 1120 46
435 578 46
437 709 46
444 969 46
458 1081 46
459 1045 46
466 1239 46
474 830 46
480 1149 46
492 1072 46
494 1010 46
498 1026 46
544 746 46
546 828 46
554 1003 46
558 1129 46
564 792 46
566 766 46
566 1258 46
582 1388 46
599 1026 46
602 1073 46
607 1357 46
617 678 46
624 792 46
644 655 46
647 1238 46
651 808 46
653 851 46
654 796 46
698 885 46
705 1332 46
707 1049 46
729 994 46
736 1122 46
764 1033 46
772 1243 46
780 1025 46
782 957 46
794 1296 46
815 1207 46
821 1022 46
837 1443 46
863 1303 46
880 1412 46
898 1276 46
910 1012 46
910 1325 46
921 1073 46
959 1475 46
998 1475 46
1018 1437 46
1051 1075 46
1077 1446 46
1083 1138 46
1091 1457 46
1108 1462 46
1147 1159 46
1195 1254 46
1333 1422 46
3 1008 47
3 1177 47
13 1195 47
15 556 47
16 491 47
27 1262 47
29 849 47
29 629 47
32 435 47
33 271 47
34 295 47
37 1131 47
40 280 47
43 1476 47
52 721 47
54 322 47
99 708 47
109 912 47
122 1244 47
157 551 47
173 1420 47
176 922 47
187 1284 47
190 247 47
197 692 47
203 1404 47
221 1469 47
223 1076 47
225 508 47
232 1192 47
249 1093 47
255 384 47
259 867 47
280 1229 47
289 569 47
305 705 47
320 1213 47
323 1382 47
323 886 47
335 1000 47
342 866 47
357 973 47
368 610 47
370 1423 47
372 1100 47
379 391 47
383 957 47
384 535 47
388 435 47
404 492 47
404 716 47
428 639 47
438 766 47
448 725 47
452 755 47
456 1071 47
463 1219 47
464 523 47
466 1112 47
485 1470 47
508 1095 47
514 1113 47
538 721 47
549 1055 47
576 892 47
576 736 47
592 1116 47
597 1155 47
648 685 47
662 1029 47
675 1096 47
676 1462 47
766 1008 47
779 808 47
795 1367 47
799 1257 47
807 1341 47
832 834 47
834 868 47
838 994 47
838 1094 47
856 1393 47
872 1339 47
873 936 47
881 909 47
885 1042 47
889 1223 47
898 1033 47
904 1466 47
914 1340 47
954 1408 47
964 1419 47
982 1264 47
983 1128 47
996 1322 47
1058 1212 47
1080 1450 47
1088 1447 47
1093 1331 47
1127 1234 47
1156 1185 47
1200 1463 47
1237 1286 47
1255 1404 47
1300 1413 47
1395 1396 47
4 1076 48
7 527 48
17 1175 48
17 226 48
30 685 48
37 305 48
40 683 48
40 1456 48
43 797 48
50 1091 48
53 1290 48
58 1270 48
66 791 48
69 668 48
78 402 48
86 677 48
89 606 48
130 1143 48
136 146 48
162 1365 48
162 1113 48
164 206 48
169 310 48
170 607 48
179 1330 48
183 1292 48
190 447 48
204 1401 48
208 731 48
216 944 48
231 1109 48
236 1320 48
237 803 48
239 1126 48
239 1080 48
276 1247 48
282 327 48
283 1307 48
284 665 48
300 1226 48
307 1205 48
309 745 48
323 1253 48
333 1037 48
340 458 48
387 1203 48
392 1004 48
407 426 48
418 793 48
431 1392 48
443 1080 48
451 1048 48
471 577 48
476 764 48
477 1137 48
485 721 48
516 702 48
524 530 48
528 1128 48
539 1360 48
541 648 48
548 732 48
569 1061 48
590 628 48
602 1309 48
602 817 48
602 1146 48
646 974 48
660 680 48
667 1136 48
675 1029 48
676 946 48
701 1140 48
719 1077 48
763 997 48
771 995 48
777 1233 48
784 894 48
790 818 48
790 959 48
802 1309 48
811 1004 48
820 1460 48
825 1162 48
834 947 48
875 989 48
907 1082 48
927 1247 48
975 1082 48
976 1086 48
1009 1470 48
1020 1451 48
1027 1340 48
1044 1317 48
1065 1289 48
1080 1273 48
1085 1279 48
1130 1203 48
1131 1329 48
1204 1395 48
1243 1403 48
1290 1291 48
1314 1402 48
56 381 49
62 1271 49
87 1434 49
125 739 49
218 710 49
220 511 49
231 1271 49
245 888 49
291 871 49
308 1339 49
337 1437 49
367 1057 49
431 561 49
449 451 49
548 601 49
590 1313 49
607 1021 49
679 826 49
693 1401 49
815 1326 49
848 874 49
922 1282 49
940 1429 49
998 1211 49
1009 1144 49
1200 1381 49
20 1425 50
42 934 50
61 154 50
70 363 50
80 713 50
99 889 50
133 1250 50
182 442 50
190 1007 50
195 991 50
206 416 50
218 990 50
220 243 50
237 1417 50
239 367 50
283 1201 50
290 556 50
291 661 50
364 372 50
385 923 50
450 664 50
469 544 50
480 766 50
495 1169 50
497 1302 50
518 1172 50
533 1100 50
545 1238 50
562 1075 50
577 584 50
586 693 50
614 803 50
661 1379 50
667 729 50
776 1159 50
813 929 50
822 890 50
823 1014 50
883 1337 50
913 1339 50
922 1133 50
1005 1380 50
1016 1036 50
1055 1313 50
1117 1167 50
1300 1340 50
42 48 51
47 927 51
51 1376 51
64 725 51
65 1242 51
86 317 51
88 227 51
123 318 51
127 1106 51
131 997 51
137 389 51
164 981 51
167 916 51
172 1219 51
180 1430 51
198 695 51
205 611 51
229 360 51
232 1299 51
242 827 51
249 1476 51
260 878 51
262 1020 51
294 371 51
299 946 51
305 824 51
324 822 51
338 446 51
347 1416 51
365 1021 51
377 1003 51
386 646 51
398 1476 51
416 601 51
420 559 51
457 1184 51
464 1382 51
482 741 51
520 937 51
535 1456 51
537 626 51
552 1429 51
563 867 51
564 759 51
589 865 51
630 796 51
643 1139 51
683 825 51
751 1135 51
754 1460 51
816 1023 51
839 1315 51
839 1067 51
869 984 51
884 1301 51
887 1094 51
998 1328 51
1011 1416 51
1070 1316 51
1071 1433 51
1089 1263 51
1095 1426 51
1127 1182 51
1181 1276 51
1322 1369 51
1369 1435 51
96 263 52
147 403 52
169 1276 52
170 965 52
208 592 52
219 591 52
258 986 52
283 1315 52
396 1416 52
428 1395 52
565 1471 52
634 1479 52
723 804 52
871 1455 52
924 1154 52
1294 1325 52
10 355 53
15 553 53
16 688 53
48 522 53
85 493 53
148 823 53
205 483 53
247 372 53
275 1065 53
281 1164 53
305 1011 53
311 760 53
347 1057 53
348 816 53
356 1266 53
358 467 53
429 1383 53
447 749 53
457 913 53
556 1391 53
557 608 53
648 977 53
655 1238 53
672 891 53
686 1311 53
765 953 53
797 913 53
805 1116 53
805 1436 53
842 957 53
855 1426 53
932 1412 53
963 1106 53
1088 1215 53
1102 1303 53
1165 1337 53
1173 1407 53
1288 1432 53
7 520 54
61 1477 54
69 1324 54
96 138 54
106 404 54
136 644 54
141 1017 54
169 257 54
174 549 54
186 974 54
187 534 54
206 613 54
208 753 54
212 668 54
218 1388 54
248 1346 54
257 773 54
264 1019 54
266 436 54
344 1267 54
356 687 54
359 793 54
368 878 54
369 646 54
389 697 54
400 963 54
417 657 54
430 877 54
436 1216 54
439 1411 54
448 1026 54
465 749 54
473 1363 54
523 993 54
559 1208 54
579 790 54
598 916 54
611 932 54
622 905 54
646 1105 54
655 1198 54
668 1036 54
672 727 54
686 854 54
696 1232 54
726 1199 54
732 1460 54
751 1095 54
783 952 54
853 1453 54
902 1236 54
905 1237 54
906 1442 54
1033 1236 54
1095 1335 54
1171 1479 54
1218 1360 54
1314 1362 54
1393 1444 54
1436 1451 54
4 1096 55
39 245 55
67 1317 55
69 1405 55
75 125 55
93 274 55
94 298 55
97 933 55
107 1085 55
110 1137 55
112 1467 55
128 849 55
133 975 55
139 1335 55
144 226 55
151 766 55
152 1376 55
157 875 55
163 1088 55
177 1395 55
195 841 55
198 593 55
204 607 55
208 629 55
231 1363 55
236 998 55
251 572 55
274 616 55
275 969 55
290 526 55
291 1331 55
294 1216 55
298 1198 55
304 1042 55
309 942 55
309 1044 55
312 493 55
314 1076 55
317 652 55
320 1204 55
342 695 55
343 782 55
354 1054 55
355 735 55
367 1131 55
384 1134 55
393 1464 55
412 1315 55
414 679 55
419 858 55
458 1105 55
470 574 55
471 1193 55
473 533 55
476 478 55
483 587 55
488 545 55
491 841 55
497 1049 55
505 1289 55
515 1461 55
531 1331 55
536 771 55
561 981 55
565 658 55
565 907 55
570 1273 55
587 1461 55
601 815 55
623 1253 55
626 831 55
626 1107 55
629 766 55
651 668 55
662 838 55
683 892 55
686 1040 55
695 749 55
695 1448 55
702 711 55
705 1241 55
731 1087 55
788 992 55
820 1050 55
866 1379 55
876 1459 55
882 1432 55
887 1285 55
897 1175 55
903 1204 55
971 1223 55
977 1281 55
1053 1464 55
1078 1403 55
1090 1415 55
1094 1422 55
1096 1280 55
1143 1452 55
1157 1473 55
1231 1427 55
1280 1382 55
1291 1304 55
0 290 56
1 551 56
4 45 56
4 284 56
6 539 56
14 732 56
15 1301 56
21 1453 56
23 1080 56
27 444 56
31 767 56
34 1441 56
38 834 56
38 664 56
44 288 56
46 137 56
51 1251 56
61 823 56
65 1166 56
66 162 56
67 1059 56
79 625 56
82 423 56
85 1204 56
94 1242 56
99 542 56
105 399 56
108 1270 56
111 297 56
116 749 56
120 820 56
137 1059 56
146 166 56
154 1054 56
161 430 56
162 1294 56
171 1432 56
175 1173 56
176 342 56
181 1138 56
194 1177 56
196 1042 56
204 1138 56
205 1339 56
205 539 56
208 1362 56
217 533 56
225 354 56
226 881 56
245 1425 56
246 797 56
250 1266 56
254 646 56
270 438 56
276 1316 56
283 738 56
298 1105 56
314 946 56
325 903 56
325 488 56
329 1471 56
333 591 56
374 870 56
379 666 56
379 604 56
381 714 56
384 902 56
387 852 56
391 521 56
392 1296 56
410 838 56
422 818 56
427 824 56
431 1453 56
450 561 56
463 627 56
481 615 56
496 588 56
500 1241 56
502 886 56
503 673 56
531 1320 56
538 1277 56
542 830 56
543 867 56
552 1245 56
566 860 56
568 1401 56
580 1127 56
583 1289 56
598 838 56
602 1194 56
609 1209 56
645 706 56
647 854 56
699 764 56
724 1031 56
744 750 56
748 1020 56
760 1454 56
769 1427 56
821 883 56
856 1347 56
880 1259 56
919 978 56
948 1471 56
952 1200 56
954 1244 56
959 1117 56
971 1218 56
981 1087 56
1004 1042 56
1014 1322 56
1031 1208 56
1043 1309 56
1082 1228 56
1102 1131 56
1182 1265 56
1194 1327 56
1206 1413 56
1297 1446 56
1390 1453 56
13 1192 57
19 983 57
28 49 57
37 840 57
45 1408 57
46 1044 57
48 969 57
51 1005 57
55 61 57
56 349 57
59 1133 57
66 832 57
84 660 57
86 621 57
89 838 57
93 789 57
98 970 57
99 995 57
113 503 57
116 873 57
121 432 57
133 458 57
133 1451 57
141 1051 57
146 423 57
146 466 57
159 923 57
163 803 57
187 1036 57
192 989 57
200 1392 57
201 495 57
209 1465 57
210 684 57
217 552 57
230 1424 57
233 341 57
236 1179 57
238 1190 57
241 715 57
247 873 57
263 685 57
264 974 57
269 1164 57
275 574 57
280 945 57
294 1283 57
315 594 57
332 1248 57
349 547 57
361 547 57
366 1391 57
370 879 57
371 1067 57
372 1312 57
373 974 57
380 856 57
397 771 57
399 950 57
426 1373 57
430 1143 57
463 1408 57
466 1040 57
470 1475 57
480 737 57
482 538 57
489 1296 57
506 1161 57
514 1417 57
520 992 57
539 959 57
545 882 57
558 1366 57
563 1314 57
567 1127 57
574 796 57
578 741 57
585 1448 57
587 1367 57
594 744 57
595 838 57
599 816 57
611 721 57
612 637 57
612 702 57
644 745 57
657 971 57
682 1389 57
705 776 57
707 808 57
717 926 57
728 809 57
742 1439 57
752 909 57
755 938 57
761 1468 57
778 1242 57
781 853 57
788 848 57
805 1264 57
820 1108 57
835 1395 57
839 891 57
840 983 57
852 1087 57
915 1255 57
915 1065 57
929 1340 57
969 1156 57
983 1227 57
990 1121 57
1003 1332 57
1052 1213 57
1057 1073 57
1086 1404 57
1089 1229 57
1117 1155 57
1160 1324 57
1160 1385 57
1290 1419 57
13 1005 58
27 726 58
28 35 58
32 1289 58
36 76 58
47 1387 58
47 275 58
60 721 58
72 364 58
76 994 58
86 834 58
101 1109 58
119 354 58
127 667 58
136 198 58
136 775 58
143 389 58
163 1174 58
174 1477 58
179 738 58
183 1433 58
189 605 58
237 765 58
239 745 58
251 356 58
274 610 58
276 442 58
278 485 58
280 1415 58
288 1050 58
305 781 58
306 1125 58
316 1473 58
321 1408 58
322 1349 58
340 919 58
341 1259 58
343 1083 58
343 1039 58
346 731 58
361 1172 58
368 1154 58
373 880 58
373 779 58
376 1149 58
379 586 58
382 1314 58
392 1387 58
396 1032 58
416 949 58
419 901 58
435 1365 58
463 1199 58
463 1009 58
478 1185 58
490 798 58
493 830 58
505 1320 58
523 1432 58
547 1041 58
556 832 58
564 569 58
565 1342 58
571 654 58
572 1119 58
580 1040 58
584 842 58
599 1028 58
608 807 58
610 1205 58
637 730 58
648 1160 58
656 697 58
665 1112 58
667 1174 58
671 1068 58
706 1342 58
711 839 58
712 1298 58
723 1197 58
836 1353 58
860 872 58
883 1384 58
883 997 58
911 1018 58
913 963 58
932 1269 58
954 1330 58
1047 1263 58
1080 1423 58
1095 1140 58
1102 1194 58
1113 1371 58
1115 1277 58
1128 1197 58
1214 1402 58
1232 1256 58
1250 1294 58
1421 1475 58
1427 1431 58
13 368 59
20 411 59
22 1058 59
30 598 59
47 1010 59
80 273 59
81 295 59
89 1368 59
91 557 59
99 279 59
110 531 59
124 1420 59
128 621 59
137 491 59
141 421 59
216 1015 59
223 415 59
245 618 59
254 307 59
257 1373 59
270 1216 59
275 703 59
279 783 59
282 414 59
299 976 59
304 970 59
311 622 59
325 525 59
334 1304 59
338 1429 59
345 930 59
352 1033 59
368 1404 59
378 681 59
384 685 59
390 843 59
438 1058 59
438 825 59
454 1288 59
477 582 59
484 597 59
486 1234 59
503 1439 59
514 1472 59
526 1209 59
536 1084 59
557 1179 59
567 1154 59
617 1051 59
630 1396 59
644 830 59
675 938 59
753 960 59
765 1061 59
772 1448 59
820 1242 59
832 1423 59
855 1357 59
908 1020 59
919 1346 59
1018 1476 59
1076 1096 59
1320 1369 59
31 1385 60
47 996 60
58 961 60
61 117 60
103 471 60
104 587 60
123 1308 60
163 831 60
189 446 60
238 643 60
258 1437 60
267 435 60
340 529 60
361 1029 60
460 813 60
544 1281 60
560 1288 60
725 1129 60
784 843 60
855 1055 60
998 1257 60
1104 1353 60
1314 1390 60
1428 1429 60
