0 50 0
2 5 0
2 4 0
6 1122 0
9 10 0
10 1407 0
11 15 0
11 12 0
11 14 0
12 13 0
15 16 0
16 34 0
16 761 0
18 35 0
20 21 0
24 25 0
26 55 0
41 42 0
42 1408 0
47 505 0
52 53 0
57 58 0
59 1448 0
67 1259 0
80 229 0
117 1160 0
138 248 0
142 1014 0
174 229 0
178 209 0
179 1194 0
187 1089 0
198 492 0
210 492 0
219 787 0
223 1369 0
233 1419 0
237 494 0
239 1383 0
248 726 0
249 879 0
253 378 0
274 903 0
279 622 0
285 487 0
320 693 0
338 1180 0
339 471 0
343 490 0
345 569 0
346 383 0
351 705 0
352 605 0
383 392 0
387 1267 0
399 686 0
408 1479 0
411 843 0
439 799 0
445 873 0
449 741 0
449 686 0
470 681 0
509 1313 0
510 1026 0
513 1094 0
516 1366 0
518 605 0
527 1444 0
537 992 0
545 1013 0
565 1296 0
569 615 0
638 769 0
639 696 0
642 968 0
661 1118 0
672 1050 0
698 855 0
715 1074 0
716 905 0
746 1068 0
750 1258 0
771 877 0
828 954 0
836 1320 0
846 1320 0
956 1429 0
983 1147 0
1027 1352 0
1049 1300 0
1124 1240 0
1166 1244 0
1192 1370 0
1206 1337 0
1236 1279 0
1292 1405 0
1293 1435 0
1 64 1
1 1285 1
3 85 1
3 61 1
4 1030 1
8 33 1
19 1328 1
31 82 1
33 75 1
33 417 1
40 84 1
40 1070 1
43 563 1
45 487 1
47 72 1
49 1235 1
59 312 1
60 62 1
61 66 1
72 77 1
76 706 1
98 864 1
103 1400 1
118 604 1
123 134 1
132 757 1
153 1162 1
157 808 1
160 843 1
161 738 1
172 1004 1
180 355 1
187 1338 1
192 341 1
202 495 1
223 497 1
223 597 1
258 1401 1
264 541 1
276 1293 1
290 1419 1
297 791 1
328 635 1
361 634 1
362 507 1
389 496 1
393 1133 1
397 668 1
407 538 1
407 790 1
408 425 1
436 827 1
448 1350 1
457 1146 1
470 788 1
507 1051 1
552 821 1
575 1236 1
592 682 1
631 1186 1
684 1442 1
727 1179 1
780 1437 1
786 842 1
802 952 1
821 1123 1
910 984 1
963 1121 1
967 1371 1
1070 1227 1
1110 1233 1
1145 1411 1
1169 1393 1
1238 1426 1
1302 1379 1
2 88 2
3 63 2
7 788 2
10 112 2
10 44 2
13 727 2
23 826 2
26 1247 2
28 29 2
28 98 2
28 91 2
31 104 2
31 112 2
34 958 2
35 123 2
35 94 2
48 1009 2
49 1310 2
57 1182 2
60 1201 2
61 122 2
68 80 2
72 1348 2
76 252 2
81 126 2
81 1199 2
87 777 2
87 968 2
90 239 2
91 93 2
91 92 2
99 106 2
100 231 2
102 103 2
102 982 2
104 133 2
106 135 2
109 110 2
123 1196 2
123 631 2
131 1107 2
147 1202 2
153 479 2
166 767 2
179 324 2
189 944 2
203 711 2
205 655 2
208 1103 2
232 378 2
235 611 2
256 884 2
284 867 2
288 966 2
297 781 2
297 419 2
297 707 2
322 615 2
322 779 2
336 618 2
342 898 2
344 526 2
347 1217 2
350 1345 2
360 592 2
365 830 2
365 743 2
377 513 2
378 1456 2
385 1329 2
414 942 2
417 870 2
445 832 2
453 690 2
465 571 2
469 990 2
485 1282 2
491 726 2
495 1442 2
498 1039 2
500 1224 2
525 677 2
541 920 2
549 689 2
568 1397 2
572 1395 2
573 654 2
589 757 2
646 1193 2
671 1395 2
697 1050 2
716 1324 2
721 1235 2
739 1424 2
741 1361 2
748 823 2
757 831 2
759 1133 2
760 965 2
763 1344 2
786 1459 2
786 852 2
814 1101 2
814 1366 2
831 1458 2
843 1472 2
874 878 2
948 1408 2
951 1115 2
963 1023 2
968 1390 2
992 1063 2
1005 1108 2
1008 1357 2
1031 1468 2
1035 1226 2
1112 1439 2
1216 1366 2
1216 1308 2
1282 1287 2
1286 1446 2
1330 1385 2
21 146 3
31 132 3
36 1134 3
61 146 3
64 548 3
65 193 3
69 131 3
69 924 3
70 94 3
84 341 3
85 578 3
88 416 3
88 586 3
95 275 3
96 177 3
100 1372 3
105 1347 3
108 141 3
109 1152 3
111 1430 3
113 184 3
124 143 3
137 383 3
150 1345 3
172 717 3
185 571 3
228 1419 3
231 803 3
233 1221 3
258 832 3
262 1058 3
263 509 3
276 318 3
279 1194 3
304 1083 3
305 400 3
307 1450 3
327 448 3
335 790 3
353 621 3
363 1233 3
364 512 3
367 452 3
391 697 3
397 1002 3
398 1248 3
440 630 3
461 859 3
466 982 3
486 1233 3
487 1288 3
498 1281 3
509 1237 3
545 608 3
556 785 3
557 1074 3
565 1211 3
597 849 3
606 1183 3
636 813 3
659 1100 3
685 1174 3
705 742 3
706 736 3
708 1319 3
760 772 3
792 1299 3
895 1359 3
980 1095 3
1001 1242 3
1159 1311 3
1298 1402 3
1327 1423 3
1370 1387 3
2 89 4
10 166 4
12 60 4
15 68 4
19 781 4
21 1130 4
25 1313 4
29 155 4
31 102 4
35 149 4
44 249 4
50 678 4
68 157 4
70 1380 4
74 1375 4
86 1410 4
86 287 4
90 91 4
90 93 4
91 167 4
92 574 4
98 164 4
101 102 4
101 1422 4
111 285 4
132 556 4
133 919 4
141 1420 4
145 680 4
146 584 4
154 158 4
160 162 4
160 161 4
167 664 4
175 484 4
181 654 4
208 578 4
220 1182 4
292 602 4
314 630 4
327 361 4
342 683 4
346 1466 4
382 518 4
384 537 4
386 556 4
391 800 4
409 948 4
441 744 4
443 811 4
443 1168 4
461 1383 4
463 798 4
470 1284 4
474 580 4
482 602 4
507 1175 4
523 1348 4
524 972 4
524 601 4
576 927 4
589 829 4
599 820 4
600 1152 4
601 1037 4
629 1444 4
659 1433 4
673 948 4
680 1107 4
681 767 4
684 1437 4
689 1179 4
702 1031 4
716 1107 4
720 1420 4
724 920 4
755 909 4
757 1147 4
764 923 4
864 1000 4
872 1258 4
888 989 4
892 1457 4
893 1362 4
897 1217 4
900 1183 4
1028 1182 4
1044 1123 4
1071 1105 4
1130 1156 4
1156 1443 4
1391 1437 4
14 146 5
24 475 5
29 171 5
50 1261 5
56 333 5
69 110 5
70 123 5
73 1281 5
81 246 5
92 169 5
105 446 5
120 140 5
144 204 5
150 154 5
160 1374 5
170 711 5
185 1105 5
197 315 5
220 1248 5
239 1063 5
241 1021 5
244 1389 5
312 1422 5
324 1389 5
334 540 5
338 1020 5
349 819 5
354 1121 5
363 1264 5
367 1055 5
387 406 5
389 532 5
407 1144 5
409 491 5
430 1105 5
477 1232 5
482 1413 5
556 927 5
562 748 5
578 1254 5
578 875 5
604 946 5
668 946 5
678 769 5
682 1412 5
713 1181 5
733 749 5
738 1039 5
745 1331 5
751 1115 5
816 930 5
867 1039 5
896 1222 5
919 1184 5
942 1292 5
965 1402 5
1019 1342 5
1027 1420 5
1044 1096 5
1157 1357 5
1315 1425 5
69 110 6
88 137 6
94 124 6
110 722 6
122 441 6
126 1384 6
147 265 6
210 1070 6
211 371 6
213 1159 6
314 691 6
363 1338 6
368 1085 6
369 923 6
444 856 6
446 1131 6
464 674 6
471 1324 6
504 1103 6
566 988 6
598 1172 6
621 1260 6
641 1369 6
776 1474 6
802 939 6
806 897 6
812 1360 6
814 1397 6
855 1296 6
896 974 6
903 1314 6
917 1392 6
942 1316 6
1008 1413 6
1149 1288 6
1331 1440 6
1336 1447 6
56 1241 7
65 1094 7
65 288 7
78 1404 7
85 430 7
89 92 7
95 1385 7
109 696 7
121 138 7
146 181 7
163 749 7
164 296 7
200 460 7
226 1296 7
281 1385 7
290 681 7
312 915 7
320 941 7
331 1284 7
335 596 7
338 687 7
405 605 7
409 635 7
471 1046 7
552 1162 7
636 1002 7
690 739 7
862 1337 7
1005 1229 7
1049 1216 7
1121 1265 7
1208 1274 7
10 231 8
17 561 8
21 592 8
21 136 8
30 1072 8
50 733 8
94 197 8
114 800 8
116 1292 8
118 786 8
137 316 8
143 198 8
165 173 8
172 890 8
179 189 8
193 194 8
200 606 8
226 996 8
228 1478 8
294 1019 8
312 340 8
341 462 8
384 962 8
396 1356 8
405 455 8
412 1376 8
421 650 8
438 822 8
444 706 8
467 534 8
490 1205 8
580 824 8
581 1476 8
616 694 8
634 776 8
636 1332 8
676 1220 8
678 1049 8
797 929 8
813 1299 8
836 1414 8
900 1422 8
932 1144 8
966 1139 8
1041 1060 8
1042 1431 8
1053 1235 8
1151 1392 8
1182 1387 8
1235 1380 8
1255 1384 8
1365 1416 8
12 1450 9
27 192 9
28 61 9
42 1007 9
45 1391 9
46 139 9
46 132 9
55 163 9
57 1039 9
58 205 9
61 227 9
61 224 9
64 1473 9
73 438 9
74 1440 9
82 1390 9
88 192 9
89 990 9
92 215 9
92 195 9
92 216 9
92 212 9
92 185 9
92 213 9
97 1375 9
103 480 9
107 659 9
110 216 9
110 747 9
112 201 9
121 211 9
127 350 9
136 207 9
142 190 9
142 204 9
143 263 9
145 775 9
158 1424 9
160 217 9
160 229 9
165 213 9
165 1313 9
169 223 9
173 500 9
174 1359 9
176 208 9
179 223 9
185 211 9
185 213 9
186 190 9
188 205 9
191 203 9
192 230 9
194 328 9
197 917 9
197 1015 9
202 203 9
203 204 9
203 211 9
204 235 9
206 207 9
212 1324 9
213 214 9
219 233 9
219 232 9
220 232 9
225 226 9
226 750 9
233 1182 9
242 1222 9
249 407 9
258 1012 9
262 278 9
294 954 9
296 1049 9
301 694 9
301 1240 9
308 705 9
313 616 9
317 757 9
320 721 9
326 1118 9
329 1392 9
332 889 9
333 854 9
337 522 9
337 1226 9
339 890 9
341 929 9
341 793 9
343 727 9
352 511 9
353 583 9
353 895 9
358 1204 9
366 901 9
372 1035 9
384 1112 9
412 839 9
424 808 9
427 566 9
427 1038 9
430 1220 9
440 1463 9
443 1156 9
455 1250 9
459 892 9
461 650 9
466 1248 9
478 672 9
497 1080 9
521 993 9
534 1132 9
536 856 9
537 1097 9
542 1089 9
552 1161 9
553 710 9
555 663 9
555 946 9
560 698 9
564 855 9
570 844 9
583 1188 9
600 1387 9
607 665 9
613 623 9
616 981 9
647 821 9
653 710 9
653 1337 9
659 685 9
669 1336 9
670 776 9
702 1068 9
702 984 9
707 1422 9
719 1468 9
735 1473 9
737 843 9
742 1437 9
787 1003 9
799 1038 9
822 1009 9
839 1073 9
841 951 9
844 1066 9
879 998 9
880 1271 9
893 1446 9
909 1376 9
913 1285 9
928 1040 9
957 1312 9
957 1147 9
963 1014 9
971 1449 9
978 1106 9
979 1334 9
990 1090 9
997 1136 9
998 1088 9
1008 1416 9
1013 1188 9
1056 1295 9
1056 1059 9
1080 1448 9
1135 1190 9
1176 1274 9
1183 1377 9
1202 1258 9
1211 1269 9
1416 1464 9
23 1176 10
38 1172 10
42 855 10
52 1430 10
58 559 10
77 1073 10
92 739 10
95 702 10
97 101 10
98 183 10
101 1083 10
123 994 10
152 263 10
155 1000 10
156 851 10
173 961 10
187 246 10
187 1267 10
191 240 10
194 1461 10
202 793 10
202 555 10
213 505 10
217 228 10
237 1083 10
246 265 10
254 289 10
255 866 10
261 263 10
263 488 10
266 911 10
291 430 10
293 657 10
304 974 10
331 896 10
362 1443 10
363 607 10
364 639 10
375 966 10
398 493 10
409 790 10
418 1347 10
427 748 10
454 773 10
491 630 10
497 858 10
511 576 10
533 1214 10
535 1159 10
541 1011 10
545 777 10
550 1133 10
560 1053 10
566 905 10
593 1300 10
619 903 10
643 715 10
668 1202 10
679 977 10
686 1467 10
707 926 10
744 961 10
774 866 10
803 838 10
803 934 10
858 886 10
861 1144 10
874 1236 10
876 996 10
915 1163 10
978 1286 10
997 1443 10
1045 1084 10
1145 1177 10
1148 1381 10
1297 1345 10
1399 1460 10
10 1195 11
12 188 11
18 860 11
22 352 11
26 493 11
35 710 11
38 1225 11
40 174 11
56 1228 11
69 1047 11
75 231 11
77 1308 11
80 830 11
80 802 11
83 289 11
88 230 11
88 303 11
107 320 11
107 321 11
107 1415 11
107 1117 11
111 1075 11
114 183 11
117 594 11
120 849 11
120 557 11
121 324 11
121 327 11
121 325 11
121 207 11
121 191 11
123 301 11
128 903 11
137 1058 11
138 1103 11
147 1240 11
152 287 11
152 299 11
152 294 11
166 1408 11
166 656 11
169 877 11
170 260 11
175 930 11
176 1214 11
179 269 11
179 276 11
185 1067 11
189 1212 11
190 289 11
190 201 11
191 207 11
191 325 11
194 232 11
196 894 11
207 324 11
207 584 11
212 568 11
216 1416 11
219 232 11
220 304 11
220 230 11
224 854 11
230 302 11
230 305 11
230 300 11
235 531 11
235 1371 11
246 317 11
248 1046 11
257 1229 11
259 296 11
259 649 11
260 287 11
261 297 11
268 273 11
275 1246 11
278 279 11
286 1337 11
287 317 11
288 289 11
288 1027 11
291 551 11
294 297 11
294 566 11
295 296 11
295 714 11
297 298 11
300 301 11
300 304 11
300 302 11
302 305 11
302 303 11
306 308 11
307 308 11
307 309 11
307 310 11
312 995 11
315 316 11
319 321 11
328 1021 11
329 725 11
331 1429 11
334 1039 11
341 776 11
344 1324 11
350 1400 11
354 1149 11
366 1450 11
367 1328 11
391 590 11
396 1266 11
410 967 11
424 530 11
432 1338 11
440 527 11
441 825 11
441 573 11
450 1313 11
488 1214 11
510 1009 11
512 1130 11
521 746 11
537 925 11
539 1360 11
540 1006 11
540 972 11
552 1147 11
554 749 11
567 849 11
582 879 11
583 815 11
583 607 11
587 880 11
589 944 11
597 1025 11
610 1072 11
622 1308 11
626 785 11
645 931 11
651 1036 11
651 1275 11
660 847 11
666 998 11
675 1216 11
695 1446 11
697 1160 11
711 734 11
726 1050 11
735 1405 11
740 838 11
768 1318 11
771 1368 11
785 901 11
795 1098 11
797 1262 11
806 1301 11
810 936 11
825 1346 11
854 1415 11
872 939 11
875 1372 11
885 992 11
900 925 11
907 1376 11
934 981 11
940 1365 11
947 1437 11
974 1111 11
981 1227 11
1004 1285 11
1032 1041 11
1033 1249 11
1044 1296 11
1075 1404 11
1093 1401 11
1125 1317 11
1173 1327 11
1185 1365 11
1213 1474 11
1239 1245 11
1250 1458 11
1253 1375 11
1257 1377 11
1269 1346 11
1349 1474 11
1378 1477 11
1430 1438 11
1441 1459 11
0 1192 12
25 1200 12
28 1298 12
30 105 12
55 747 12
56 1154 12
60 863 12
63 561 12
80 979 12
84 529 12
85 165 12
86 390 12
89 820 12
107 220 12
107 1451 12
110 1264 12
117 1284 12
130 1390 12
131 728 12
135 462 12
139 599 12
146 708 12
154 988 12
166 1071 12
168 276 12
176 245 12
195 358 12
195 357 12
214 615 12
218 1428 12
219 320 12
220 335 12
228 337 12
243 449 12
251 628 12
260 321 12
260 344 12
260 1096 12
276 363 12
279 385 12
283 1386 12
311 488 12
317 1242 12
318 360 12
320 335 12
327 366 12
338 838 12
339 341 12
344 345 12
350 354 12
360 1428 12
361 363 12
368 370 12
369 370 12
379 1141 12
382 1089 12
386 1423 12
422 529 12
424 1343 12
425 1395 12
428 1098 12
437 1466 12
459 1398 12
482 1423 12
504 588 12
526 1027 12
536 576 12
560 832 12
582 1123 12
591 1328 12
599 1223 12
608 1205 12
616 850 12
617 731 12
637 1404 12
645 754 12
648 1281 12
650 1227 12
733 950 12
733 1390 12
749 889 12
763 1207 12
788 813 12
803 970 12
821 886 12
828 947 12
850 1241 12
862 1078 12
898 1104 12
910 1420 12
1003 1403 12
1015 1168 12
1037 1116 12
1060 1311 12
1061 1282 12
1088 1255 12
1091 1393 12
1123 1331 12
1131 1433 12
1208 1393 12
1236 1298 12
1248 1400 12
1322 1468 12
1328 1397 12
1335 1380 12
1366 1409 12
25 498 13
87 332 13
173 1418 13
173 206 13
187 1014 13
192 1408 13
202 1229 13
234 421 13
271 594 13
291 1232 13
298 569 13
327 525 13
384 876 13
390 1411 13
419 1445 13
460 994 13
463 1145 13
481 897 13
541 1040 13
557 1077 13
593 1130 13
618 1404 13
628 762 13
698 884 13
700 1351 13
778 1069 13
794 933 13
892 1150 13
907 973 13
914 1065 13
915 1098 13
920 1456 13
949 1196 13
951 1166 13
963 1082 13
1072 1115 13
1139 1411 13
1310 1456 13
2 600 14
8 1340 14
11 594 14
18 772 14
20 462 14
23 137 14
29 993 14
29 101 14
29 786 14
34 230 14
46 287 14
51 1476 14
52 1369 14
59 1120 14
61 415 14
62 799 14
65 133 14
71 832 14
83 1405 14
86 1343 14
93 637 14
96 1346 14
101 262 14
105 1325 14
111 255 14
113 749 14
118 451 14
128 1088 14
131 960 14
133 668 14
135 555 14
140 804 14
140 1225 14
142 778 14
143 283 14
148 1389 14
150 856 14
155 706 14
158 1025 14
159 1179 14
167 247 14
172 904 14
176 625 14
184 1060 14
186 1111 14
196 1082 14
197 910 14
199 912 14
203 1028 14
204 608 14
221 697 14
233 1395 14
240 712 14
242 1323 14
248 1244 14
249 656 14
249 467 14
256 418 14
260 411 14
263 627 14
279 362 14
279 673 14
283 1415 14
285 952 14
288 1167 14
292 381 14
296 1316 14
311 401 14
311 442 14
316 643 14
320 456 14
323 425 14
331 383 14
338 587 14
340 342 14
342 447 14
345 363 14
349 1106 14
351 448 14
353 455 14
353 442 14
354 407 14
354 405 14
359 430 14
359 363 14
360 412 14
361 1221 14
366 423 14
366 402 14
369 681 14
377 396 14
378 393 14
378 392 14
383 424 14
388 427 14
394 396 14
400 794 14
401 402 14
406 407 14
406 409 14
408 409 14
409 445 14
409 444 14
410 1009 14
412 1388 14
414 416 14
415 416 14
421 439 14
421 1449 14
422 423 14
433 441 14
435 436 14
438 439 14
459 1222 14
470 1104 14
483 646 14
485 756 14
487 1265 14
490 1187 14
524 1449 14
524 697 14
535 1009 14
550 1443 14
550 574 14
556 855 14
564 1098 14
578 1169 14
586 888 14
586 1257 14
592 1294 14
599 1331 14
607 1366 14
611 729 14
626 1147 14
642 933 14
665 734 14
667 1270 14
681 866 14
682 822 14
700 1148 14
709 1119 14
748 837 14
759 816 14
767 987 14
776 920 14
794 958 14
796 833 14
805 822 14
815 1444 14
816 976 14
838 1459 14
849 1445 14
852 1164 14
861 1058 14
874 971 14
907 946 14
922 1365 14
961 1060 14
977 1388 14
985 1469 14
1021 1240 14
1084 1142 14
1105 1219 14
1131 1327 14
1148 1188 14
1160 1187 14
1162 1445 14
1177 1458 14
1182 1286 14
1187 1257 14
1267 1300 14
1316 1419 14
1329 1441 14
1 272 15
2 757 15
14 664 15
27 244 15
33 54 15
42 1073 15
50 443 15
51 1274 15
71 1020 15
74 490 15
83 1174 15
86 1080 15
91 1155 15
99 1167 15
104 216 15
113 1109 15
115 1394 15
115 427 15
126 1083 15
130 787 15
130 791 15
131 331 15
142 1175 15
143 484 15
144 291 15
147 202 15
160 281 15
174 674 15
182 280 15
193 848 15
195 815 15
212 365 15
217 528 15
237 1228 15
256 419 15
256 418 15
266 1393 15
279 467 15
279 361 15
280 351 15
289 643 15
291 681 15
293 475 15
293 990 15
297 389 15
300 774 15
319 1187 15
320 493 15
320 491 15
325 683 15
327 355 15
341 447 15
342 485 15
343 1210 15
344 467 15
344 430 15
344 361 15
348 809 15
361 430 15
365 543 15
369 1326 15
370 1371 15
388 751 15
388 1080 15
399 693 15
412 957 15
414 415 15
415 1149 15
418 442 15
419 442 15
433 993 15
441 488 15
453 468 15
454 469 15
465 481 15
469 1113 15
475 480 15
476 543 15
480 1103 15
483 1450 15
484 1470 15
488 1427 15
495 1455 15
497 1178 15
498 507 15
499 645 15
503 718 15
508 980 15
527 1363 15
536 1055 15
539 728 15
543 1237 15
565 700 15
566 649 15
570 1335 15
589 664 15
596 1229 15
598 728 15
598 1413 15
602 1112 15
614 1435 15
616 626 15
619 696 15
619 1216 15
641 938 15
651 909 15
658 850 15
666 974 15
699 1155 15
703 1030 15
739 1104 15
763 1347 15
769 1295 15
770 882 15
780 1440 15
802 1274 15
806 1369 15
814 1349 15
833 1159 15
841 1142 15
862 1308 15
910 1427 15
982 1054 15
1010 1231 15
1025 1068 15
1040 1464 15
1043 1060 15
1068 1174 15
1126 1230 15
1130 1238 15
1131 1219 15
1178 1228 15
1201 1210 15
1207 1376 15
1231 1375 15
1235 1285 15
1270 1324 15
6 817 16
6 113 16
7 1360 16
8 1438 16
36 361 16
37 41 16
48 596 16
50 854 16
50 221 16
86 179 16
96 274 16
184 1341 16
205 1471 16
222 972 16
223 566 16
224 1317 16
233 1253 16
237 1199 16
254 486 16
305 388 16
340 942 16
347 1432 16
351 402 16
359 524 16
366 422 16
366 631 16
368 561 16
378 866 16
382 1349 16
386 1437 16
433 533 16
441 487 16
460 515 16
492 531 16
498 1215 16
512 513 16
517 519 16
519 525 16
523 526 16
554 969 16
560 1159 16
563 1163 16
624 1275 16
625 1035 16
635 959 16
637 788 16
644 691 16
646 1463 16
765 1296 16
768 1171 16
772 881 16
859 1255 16
924 1380 16
1003 1169 16
1025 1208 16
1066 1077 16
1068 1176 16
1074 1244 16
1142 1429 16
1142 1422 16
1178 1413 16
1225 1348 16
1236 1260 16
1316 1427 16
22 193 17
23 1332 17
24 1086 17
44 983 17
47 1411 17
63 829 17
70 1441 17
107 678 17
135 164 17
179 1423 17
180 829 17
191 1252 17
199 521 17
213 1048 17
225 1308 17
245 1046 17
247 333 17
256 419 17
259 791 17
295 1354 17
314 1062 17
334 405 17
357 1121 17
359 553 17
372 451 17
373 1081 17
427 1043 17
443 460 17
479 542 17
485 1333 17
521 686 17
523 1216 17
532 535 17
534 830 17
547 548 17
588 743 17
592 1421 17
595 924 17
633 857 17
657 874 17
687 1357 17
718 1036 17
762 1228 17
796 885 17
845 1217 17
859 1308 17
880 1438 17
895 1240 17
902 1236 17
916 1180 17
953 1430 17
961 977 17
965 1005 17
968 1263 17
968 1380 17
968 1129 17
994 1467 17
1035 1183 17
1036 1143 17
1078 1142 17
1181 1184 17
1387 1403 17
35 1332 18
40 617 18
48 737 18
49 550 18
62 335 18
87 879 18
94 616 18
108 1139 18
117 1325 18
131 866 18
144 861 18
165 473 18
182 829 18
187 299 18
202 837 18
207 979 18
228 487 18
232 539 18
234 351 18
246 864 18
254 396 18
268 318 18
275 460 18
278 793 18
300 1011 18
304 1462 18
334 357 18
335 409 18
339 557 18
353 518 18
357 1268 18
381 437 18
382 965 18
403 616 18
407 1408 18
409 557 18
462 549 18
475 1379 18
480 636 18
499 1059 18
513 1043 18
515 536 18
526 554 18
537 551 18
558 1138 18
576 1157 18
594 936 18
596 1150 18
614 1096 18
622 626 18
640 1461 18
648 1305 18
656 775 18
665 714 18
758 851 18
782 1305 18
809 1190 18
810 873 18
860 1436 18
991 1302 18
991 1073 18
1070 1110 18
1098 1385 18
1139 1216 18
1336 1381 18
9 970 19
10 253 19
19 1422 19
33 794 19
36 314 19
53 70 19
58 547 19
63 123 19
64 1001 19
77 1449 19
78 1476 19
80 1120 19
85 1381 19
99 1221 19
104 288 19
128 1315 19
134 791 19
141 303 19
150 682 19
151 667 19
159 197 19
166 947 19
169 178 19
178 692 19
178 338 19
178 367 19
182 246 19
212 823 19
225 432 19
233 1113 19
240 1422 19
250 298 19
254 597 19
255 1376 19
272 1245 19
297 852 19
305 1342 19
306 682 19
309 956 19
311 974 19
318 1384 19
333 863 19
366 559 19
366 379 19
367 576 19
367 450 19
372 659 19
378 935 19
379 437 19
379 559 19
394 510 19
394 509 19
400 561 19
400 515 19
409 557 19
420 533 19
445 1086 19
454 561 19
459 1023 19
460 557 19
464 1346 19
470 1323 19
479 667 19
498 1112 19
510 566 19
510 563 19
514 554 19
515 561 19
516 800 19
518 565 19
526 554 19
533 571 19
540 578 19
541 579 19
552 575 19
553 581 19
554 579 19
568 569 19
570 1124 19
578 711 19
579 1478 19
584 1394 19
595 1083 19
611 672 19
612 1092 19
643 1314 19
658 984 19
659 1466 19
673 1211 19
678 1193 19
692 1025 19
697 1399 19
753 923 19
798 1079 19
824 1297 19
840 1183 19
854 1013 19
854 944 19
860 989 19
891 1379 19
916 1073 19
939 1360 19
977 1377 19
999 1013 19
1014 1390 19
1032 1062 19
1052 1432 19
1138 1375 19
1166 1243 19
1244 1445 19
1263 1297 19
1384 1450 19
0 1196 20
15 90 20
28 471 20
41 401 20
68 1291 20
68 814 20
72 942 20
74 1240 20
78 169 20
90 609 20
92 699 20
97 133 20
98 932 20
101 516 20
118 351 20
127 652 20
139 562 20
140 989 20
141 585 20
143 850 20
148 1314 20
162 1064 20
171 816 20
177 1292 20
178 351 20
194 1291 20
207 1378 20
215 1073 20
229 504 20
236 1362 20
242 817 20
242 1176 20
253 590 20
262 982 20
270 865 20
275 881 20
275 1390 20
276 855 20
278 588 20
279 1253 20
299 405 20
301 1130 20
320 624 20
320 638 20
324 1166 20
329 538 20
336 375 20
347 1258 20
354 602 20
355 465 20
357 602 20
366 607 20
367 593 20
368 1414 20
370 378 20
370 715 20
376 627 20
378 572 20
379 895 20
381 1109 20
387 588 20
388 881 20
393 962 20
410 602 20
410 752 20
416 484 20
443 560 20
466 594 20
468 1208 20
469 881 20
487 1027 20
508 1250 20
510 625 20
512 1181 20
517 633 20
524 626 20
524 1066 20
526 1262 20
543 796 20
550 1079 20
552 601 20
565 612 20
574 614 20
584 629 20
587 592 20
588 996 20
589 592 20
589 590 20
590 591 20
591 593 20
594 1145 20
597 783 20
605 621 20
606 623 20
608 610 20
608 1078 20
611 612 20
614 1270 20
624 625 20
640 933 20
649 992 20
662 1376 20
667 901 20
697 824 20
700 1044 20
731 841 20
744 1194 20
762 991 20
777 1114 20
779 911 20
780 1093 20
787 921 20
789 914 20
791 1041 20
793 1376 20
796 1244 20
804 1390 20
810 1158 20
819 1364 20
867 1140 20
879 973 20
891 1231 20
915 1430 20
934 1363 20
936 1212 20
942 1426 20
967 1266 20
978 1346 20
997 1167 20
997 1202 20
1001 1080 20
1005 1190 20
1008 1094 20
1029 1154 20
1075 1119 20
1082 1416 20
1090 1442 20
1137 1345 20
1143 1372 20
1184 1433 20
1202 1422 20
1235 1418 20
1236 1326 20
1245 1439 20
1252 1370 20
6 1414 21
6 780 21
7 1068 21
11 447 21
18 282 21
19 1119 21
21 495 21
21 1388 21
29 506 21
33 1174 21
37 1111 21
46 938 21
47 443 21
54 795 21
54 1005 21
55 1017 21
63 1379 21
68 1045 21
72 1027 21
81 844 21
84 724 21
86 951 21
89 312 21
91 172 21
96 1310 21
117 1207 21
126 913 21
128 582 21
134 1278 21
136 1324 21
141 1475 21
145 475 21
147 827 21
160 355 21
163 1295 21
167 294 21
168 829 21
178 513 21
186 992 21
193 678 21
199 579 21
204 571 21
205 1050 21
206 692 21
207 320 21
230 887 21
230 1449 21
234 636 21
234 1064 21
254 1306 21
297 823 21
298 672 21
311 347 21
312 771 21
314 653 21
316 985 21
319 627 21
322 787 21
338 1016 21
350 468 21
357 640 21
357 679 21
361 1086 21
371 403 21
373 1171 21
379 1005 21
394 650 21
395 577 21
397 1002 21
403 1360 21
413 614 21
434 542 21
436 1479 21
446 679 21
448 1244 21
453 849 21
468 719 21
472 816 21
473 718 21
479 1461 21
502 760 21
508 674 21
516 689 21
542 981 21
556 1234 21
558 912 21
561 603 21
577 639 21
581 637 21
581 590 21
581 1456 21
587 639 21
590 635 21
594 965 21
596 1061 21
606 1278 21
612 654 21
612 651 21
615 929 21
616 646 21
629 938 21
639 640 21
639 671 21
640 641 21
641 642 21
641 643 21
642 671 21
644 645 21
645 649 21
648 649 21
648 800 21
649 1392 21
651 655 21
652 670 21
662 663 21
666 668 21
667 668 21
672 762 21
674 684 21
681 682 21
688 1225 21
693 1333 21
698 781 21
705 1453 21
710 1269 21
739 1148 21
759 1152 21
768 1260 21
770 932 21
796 1026 21
822 1201 21
845 1432 21
846 1124 21
862 1412 21
874 1467 21
882 1020 21
908 1390 21
917 1092 21
930 1150 21
961 1235 21
965 1248 21
972 1116 21
979 1341 21
984 1047 21
989 1178 21
1026 1381 21
1034 1234 21
1039 1295 21
1055 1122 21
1072 1395 21
1112 1181 21
1116 1119 21
1134 1301 21
1160 1178 21
11 179 22
11 1301 22
11 438 22
38 946 22
41 1243 22
43 1394 22
50 567 22
51 142 22
65 1465 22
66 671 22
82 415 22
87 250 22
88 765 22
90 520 22
95 217 22
97 1432 22
106 394 22
106 839 22
114 1327 22
119 132 22
128 523 22
136 563 22
137 231 22
140 1237 22
140 736 22
146 619 22
166 1101 22
170 419 22
199 299 22
204 597 22
207 1254 22
208 1157 22
216 368 22
219 319 22
230 1180 22
234 693 22
242 1342 22
255 270 22
260 952 22
273 1174 22
281 1211 22
291 332 22
301 554 22
314 670 22
320 717 22
342 1035 22
347 371 22
348 396 22
352 738 22
357 743 22
357 649 22
362 1165 22
372 682 22
399 1066 22
400 743 22
401 658 22
406 957 22
420 1071 22
421 909 22
427 460 22
446 1114 22
449 946 22
458 732 22
463 1151 22
468 1257 22
487 1478 22
492 911 22
497 1033 22
501 1288 22
514 737 22
514 725 22
514 722 22
517 816 22
531 917 22
538 654 22
545 1122 22
561 697 22
568 710 22
568 682 22
568 597 22
570 1248 22
572 573 22
572 670 22
578 753 22
589 673 22
597 700 22
600 1294 22
607 657 22
617 1363 22
620 794 22
622 755 22
642 849 22
642 1032 22
646 1397 22
648 721 22
654 721 22
669 756 22
670 705 22
673 709 22
673 711 22
682 787 22
691 742 22
696 699 22
697 727 22
698 727 22
700 701 22
706 707 22
709 753 22
711 742 22
713 714 22
720 746 22
721 722 22
723 725 22
725 737 22
734 745 22
738 739 22
741 1024 22
745 1116 22
746 747 22
755 756 22
757 758 22
764 1466 22
800 1245 22
821 1154 22
836 1262 22
867 1378 22
884 1397 22
891 1468 22
893 1221 22
901 1474 22
935 995 22
953 1381 22
955 960 22
959 1235 22
970 1194 22
991 1433 22
1025 1060 22
1025 1421 22
1038 1302 22
1059 1100 22
1062 1371 22
1078 1216 22
1081 1196 22
1082 1301 22
1153 1468 22
1169 1283 22
1204 1342 22
1222 1247 22
1271 1360 22
1281 1445 22
1315 1389 22
1328 1377 22
7 336 23
8 1445 23
12 822 23
14 284 23
19 675 23
20 1045 23
21 706 23
23 817 23
36 669 23
39 1463 23
42 710 23
43 1093 23
45 801 23
48 1036 23
58 493 23
60 1369 23
69 523 23
95 317 23
103 1203 23
113 147 23
114 348 23
117 198 23
131 365 23
173 525 23
173 1087 23
179 450 23
183 969 23
186 193 23
194 457 23
194 856 23
194 648 23
206 663 23
206 894 23
243 1365 23
249 368 23
256 787 23
260 1329 23
267 451 23
272 639 23
273 622 23
273 333 23
291 651 23
310 595 23
345 1320 23
357 777 23
361 1370 23
366 390 23
377 602 23
398 1352 23
407 815 23
411 496 23
422 1399 23
424 530 23
429 781 23
431 679 23
434 974 23
439 1225 23
452 1202 23
460 819 23
477 697 23
492 825 23
529 759 23
535 838 23
535 981 23
541 1123 23
560 805 23
560 1257 23
572 589 23
575 606 23
575 801 23
576 875 23
580 1395 23
581 697 23
581 802 23
581 748 23
592 790 23
606 613 23
606 793 23
618 1371 23
622 1206 23
626 1102 23
637 1418 23
642 1168 23
647 788 23
665 1231 23
689 723 23
691 1278 23
697 737 23
704 1434 23
705 764 23
707 792 23
726 1134 23
728 775 23
728 1303 23
735 788 23
737 791 23
745 781 23
750 1176 23
752 799 23
770 772 23
774 776 23
774 775 23
779 780 23
784 787 23
793 794 23
820 1069 23
873 1386 23
903 1408 23
911 1011 23
912 1332 23
925 1133 23
929 950 23
938 1152 23
943 969 23
952 1049 23
967 1301 23
977 1289 23
983 1231 23
992 1319 23
992 1403 23
1057 1202 23
1064 1267 23
1093 1328 23
1219 1343 23
1306 1414 23
1308 1441 23
1369 1450 23
6 940 24
15 1311 24
22 498 24
63 1400 24
78 685 24
104 1063 24
118 306 24
119 1161 24
123 1038 24
150 1096 24
207 1310 24
209 1139 24
243 1437 24
256 1135 24
257 902 24
285 740 24
285 1468 24
305 475 24
331 1115 24
411 1135 24
427 815 24
490 1420 24
500 532 24
515 882 24
535 985 24
565 1017 24
591 695 24
632 975 24
649 920 24
713 990 24
771 968 24
773 1171 24
777 782 24
779 917 24
786 798 24
791 1398 24
804 805 24
817 882 24
819 1399 24
820 822 24
853 1224 24
963 1122 24
965 1467 24
973 1053 24
987 1479 24
994 1072 24
1033 1235 24
1171 1428 24
1174 1452 24
1238 1318 24
1410 1477 24
8 536 25
8 117 25
14 829 25
31 823 25
40 325 25
42 374 25
55 796 25
60 1052 25
60 862 25
60 1301 25
83 266 25
89 803 25
103 1337 25
109 574 25
123 483 25
136 458 25
148 541 25
150 1387 25
162 954 25
180 1070 25
207 647 25
221 701 25
223 398 25
228 1204 25
247 431 25
255 846 25
275 657 25
278 804 25
297 589 25
320 385 25
331 627 25
343 380 25
353 561 25
376 1053 25
378 1381 25
391 1467 25
397 1200 25
424 668 25
445 587 25
454 898 25
458 735 25
462 1361 25
463 1047 25
464 1457 25
482 1267 25
489 741 25
502 655 25
544 1126 25
578 1027 25
581 589 25
614 676 25
626 1368 25
632 1346 25
675 687 25
685 1148 25
696 949 25
697 775 25
700 757 25
707 851 25
735 743 25
751 756 25
755 839 25
756 839 25
760 1182 25
761 1200 25
782 795 25
782 836 25
790 1239 25
798 1445 25
800 853 25
802 834 25
810 1257 25
839 1052 25
850 1143 25
865 1005 25
923 1405 25
940 1128 25
965 1210 25
978 1018 25
982 1205 25
995 1438 25
1002 1294 25
1046 1407 25
1059 1375 25
1255 1377 25
1256 1406 25
1265 1281 25
1361 1420 25
1 56 26
24 869 26
25 456 26
26 249 26
29 330 26
35 1307 26
37 1154 26
38 824 26
39 999 26
52 959 26
57 1394 26
65 249 26
68 417 26
69 598 26
76 908 26
95 546 26
96 513 26
102 549 26
109 243 26
114 1240 26
121 1303 26
123 551 26
124 403 26
132 986 26
132 645 26
133 297 26
156 356 26
158 1328 26
180 556 26
193 516 26
206 1337 26
209 406 26
223 666 26
244 844 26
253 1461 26
261 980 26
266 910 26
281 1317 26
285 912 26
298 1026 26
320 1000 26
345 371 26
390 555 26
400 1393 26
423 469 26
448 1184 26
452 796 26
454 1275 26
461 905 26
463 1225 26
468 590 26
476 1225 26
488 676 26
498 925 26
522 866 26
553 987 26
600 1459 26
605 889 26
636 804 26
636 943 26
641 952 26
663 700 26
682 938 26
696 1209 26
697 872 26
707 812 26
709 868 26
718 1239 26
728 776 26
733 925 26
735 871 26
735 1108 26
761 869 26
761 812 26
777 838 26
790 1470 26
817 971 26
823 1316 26
831 874 26
832 844 26
833 848 26
836 872 26
839 1038 26
853 898 26
854 1196 26
860 881 26
879 894 26
932 1010 26
948 1135 26
951 1165 26
973 1286 26
985 1438 26
1074 1271 26
1094 1477 26
1117 1245 26
1120 1227 26
1161 1367 26
1175 1290 26
1218 1219 26
1233 1250 26
1322 1393 26
7 772 27
18 666 27
27 847 27
29 918 27
39 885 27
42 354 27
46 762 27
49 786 27
57 1021 27
66 1391 27
79 1007 27
87 426 27
89 699 27
125 289 27
128 1102 27
135 605 27
140 1336 27
152 1170 27
157 282 27
162 1271 27
191 930 27
193 449 27
222 757 27
234 614 27
236 324 27
246 634 27
253 892 27
254 940 27
262 1174 27
267 874 27
294 548 27
323 443 27
348 632 27
365 720 27
402 1106 27
412 1412 27
428 966 27
434 1371 27
454 1052 27
460 1278 27
472 1208 27
509 551 27
527 618 27
530 1034 27
536 1163 27
538 1145 27
546 1411 27
568 1301 27
591 945 27
605 975 27
621 788 27
631 1457 27
636 669 27
644 812 27
658 1137 27
674 1429 27
675 1124 27
680 685 27
693 1006 27
728 776 27
728 756 27
768 853 27
777 838 27
796 1308 27
810 1354 27
826 1410 27
831 896 27
836 872 27
846 1387 27
854 1391 27
882 896 27
924 1256 27
957 1357 27
1062 1152 27
1068 1322 27
1157 1346 27
1209 1330 27
1218 1275 27
1240 1243 27
4 419 28
21 230 28
76 1445 28
80 353 28
89 513 28
93 637 28
98 1468 28
101 175 28
119 408 28
126 1451 28
128 876 28
146 1144 28
200 484 28
211 1232 28
215 545 28
259 1199 28
271 281 28
322 740 28
392 1216 28
393 1148 28
437 948 28
452 963 28
494 1237 28
503 1205 28
506 693 28
510 1048 28
513 1364 28
517 1128 28
528 1387 28
529 536 28
544 1257 28
547 1180 28
569 661 28
581 1335 28
589 1190 28
682 734 28
728 1128 28
743 946 28
812 901 28
817 863 28
844 956 28
863 1459 28
876 1326 28
886 906 28
1080 1272 28
1120 1357 28
1231 1448 28
1372 1426 28
27 431 29
43 503 29
78 1386 29
78 1398 29
116 603 29
128 570 29
138 1358 29
141 1340 29
164 525 29
196 962 29
199 277 29
250 286 29
257 1120 29
280 1179 29
295 679 29
321 1002 29
373 1268 29
432 1127 29
457 562 29
463 544 29
472 1331 29
476 599 29
599 618 29
601 1345 29
655 986 29
675 1388 29
726 832 29
918 1140 29
959 1196 29
974 1148 29
1013 1233 29
1161 1170 29
1399 1436 29
10 949 30
124 1050 30
143 1289 30
153 1376 30
206 1122 30
281 489 30
292 620 30
347 1136 30
386 1151 30
402 605 30
594 829 30
779 1426 30
487 1078 31
593 1017 31
856 1278 31
866 1408 31
1038 1348 31
1056 1324 31
171 416 32
179 696 32
345 755 32
433 1014 32
170 1316 33
208 1153 34
730 1003 34
982 1419 34
128 1385 35
353 1268 35
598 701 35
619 797 35
662 695 35
695 1257 35
698 1373 35
288 647 37
323 1186 37
545 1364 37
12 1338 39
88 239 39
252 965 39
15 1355 40
100 955 40
114 921 40
128 952 40
129 1444 40
181 451 40
205 1445 40
256 948 40
274 912 40
283 294 40
336 1204 40
408 1424 40
517 817 40
720 997 40
783 1375 40
855 991 40
907 917 40
928 1408 40
960 1065 40
1253 1422 40
1284 1476 40
9 1295 41
16 18 41
17 60 41
24 31 41
25 1118 41
25 1057 41
25 1046 41
26 837 41
47 781 41
72 452 41
89 1080 41
97 779 41
98 1469 41
111 915 41
139 1460 41
148 215 41
156 807 41
177 186 41
180 1440 41
194 710 41
200 721 41
206 461 41
207 420 41
211 346 41
212 231 41
244 1255 41
245 932 41
251 483 41
273 492 41
275 509 41
281 1086 41
296 387 41
311 1189 41
407 651 41
459 1154 41
462 793 41
473 1213 41
498 956 41
518 651 41
525 648 41
526 851 41
530 650 41
537 1385 41
544 1223 41
569 1267 41
582 755 41
584 1096 41
590 1042 41
601 1376 41
613 1258 41
620 646 41
663 1379 41
664 875 41
744 1199 41
762 1188 41
792 1290 41
794 1016 41
798 950 41
799 1062 41
819 1336 41
828 1056 41
841 921 41
850 1392 41
909 1451 41
931 970 41
931 969 41
936 969 41
939 987 41
946 1006 41
947 978 41
948 966 41
957 1001 41
968 969 41
969 1391 41
977 978 41
989 991 41
994 999 41
1000 1002 41
1007 1397 41
1031 1442 41
1031 1377 41
1048 1245 41
1204 1382 41
1242 1300 41
1270 1414 41
1284 1356 41
1291 1342 41
1337 1399 41
0 310 42
2 414 42
8 1338 42
17 923 42
18 50 42
30 1371 42
32 910 42
38 123 42
40 956 42
41 494 42
45 1374 42
49 423 42
54 1389 42
55 577 42
79 547 42
81 712 42
85 777 42
86 801 42
97 1259 42
102 435 42
150 310 42
151 1435 42
162 1108 42
168 389 42
186 1348 42
202 1181 42
214 720 42
249 365 42
262 1315 42
265 671 42
270 633 42
271 438 42
278 1396 42
279 973 42
302 700 42
310 742 42
327 540 42
332 795 42
341 494 42
352 1365 42
358 1195 42
377 656 42
381 1042 42
398 750 42
398 505 42
402 1088 42
414 843 42
455 824 42
456 516 42
457 1092 42
471 748 42
478 570 42
482 672 42
504 720 42
525 944 42
530 816 42
538 1453 42
549 1394 42
550 1309 42
555 562 42
575 801 42
578 1341 42
585 1231 42
602 971 42
610 1464 42
627 660 42
632 797 42
633 963 42
635 1165 42
652 751 42
666 757 42
668 1391 42
698 1458 42
700 889 42
702 825 42
704 794 42
707 1183 42
723 1147 42
752 1067 42
792 1022 42
805 1154 42
814 1095 42
820 1213 42
822 1403 42
833 931 42
834 1310 42
849 1033 42
876 921 42
886 1333 42
886 991 42
899 1475 42
908 1020 42
919 1234 42
930 983 42
936 1240 42
942 1016 42
942 1017 42
949 981 42
962 1205 42
966 1050 42
977 1297 42
985 1026 42
985 986 42
988 1178 42
997 1018 42
1002 1139 42
1008 1033 42
1008 1032 42
1008 1052 42
1014 1054 42
1014 1446 42
1018 1053 42
1020 1045 42
1023 1024 42
1024 1038 42
1029 1030 42
1032 1034 42
1033 1052 42
1035 1038 42
1037 1038 42
1041 1044 42
1046 1047 42
1047 1084 42
1059 1406 42
1079 1125 42
1081 1289 42
1091 1442 42
1134 1441 42
1201 1212 42
1240 1457 42
1260 1450 42
1352 1455 42
1390 1440 42
0 1058 43
11 1115 43
18 1299 43
20 1369 43
38 743 43
46 1196 43
57 924 43
61 426 43
64 548 43
76 481 43
88 310 43
90 504 43
96 1191 43
103 1058 43
109 1012 43
116 941 43
124 568 43
128 959 43
134 610 43
136 309 43
148 1144 43
152 990 43
153 258 43
165 661 43
168 274 43
176 1473 43
178 815 43
179 503 43
179 295 43
191 840 43
197 303 43
239 713 43
254 1463 43
260 358 43
266 1080 43
266 595 43
274 345 43
284 1153 43
286 637 43
305 596 43
306 672 43
308 844 43
315 882 43
320 634 43
320 1354 43
321 1216 43
336 1226 43
337 1008 43
338 778 43
345 1230 43
356 1033 43
365 934 43
371 1436 43
377 671 43
386 1213 43
393 1355 43
395 660 43
397 1176 43
404 1112 43
407 742 43
434 858 43
446 1124 43
449 718 43
457 1236 43
469 1232 43
473 833 43
476 970 43
482 1222 43
483 1200 43
485 574 43
513 947 43
514 1232 43
515 1324 43
531 580 43
546 1076 43
547 681 43
550 830 43
556 1439 43
563 808 43
563 1056 43
574 718 43
575 1109 43
597 1381 43
598 1179 43
613 772 43
622 911 43
628 678 43
631 1021 43
636 1045 43
643 1130 43
649 1182 43
659 739 43
673 1216 43
674 1165 43
686 710 43
690 1237 43
703 956 43
708 1466 43
711 1313 43
717 1437 43
720 778 43
730 743 43
731 949 43
732 1304 43
736 750 43
739 918 43
747 811 43
752 1349 43
754 1320 43
777 968 43
815 1451 43
820 1018 43
825 1286 43
835 1362 43
838 1451 43
839 880 43
896 1136 43
900 1364 43
922 967 43
928 1353 43
947 1018 43
947 1085 43
958 1033 43
958 1063 43
965 1024 43
970 1219 43
972 1076 43
975 1252 43
993 1090 43
993 1089 43
999 1029 43
1016 1469 43
1024 1100 43
1024 1038 43
1027 1308 43
1028 1151 43
1030 1062 43
1032 1111 43
1032 1074 43
1032 1092 43
1033 1063 43
1033 1239 43
1038 1100 43
1038 1070 43
1038 1074 43
1038 1071 43
1041 1056 43
1049 1104 43
1050 1118 43
1056 1075 43
1057 1062 43
1060 1061 43
1061 1062 43
1063 1069 43
1068 1460 43
1070 1072 43
1073 1074 43
1075 1325 43
1081 1082 43
1081 1084 43
1082 1085 43
1087 1225 43
1092 1095 43
1094 1096 43
1115 1239 43
1161 1164 43
1168 1441 43
1193 1265 43
1220 1279 43
1225 1232 43
1259 1271 43
1281 1407 43
1320 1458 43
1321 1446 43
1326 1406 43
1377 1413 43
126 1207 44
176 513 44
219 1084 44
239 998 44
272 1218 44
279 285 44
298 557 44
318 1475 44
359 724 44
375 827 44
428 442 44
445 533 44
449 1260 44
497 1008 44
527 950 44
558 853 44
586 1232 44
594 1419 44
634 1435 44
648 1018 44
660 1324 44
704 1053 44
710 1300 44
808 835 44
815 1057 44
824 1191 44
839 1403 44
899 1007 44
947 983 44
976 1046 44
976 1102 44
1097 1257 44
4 1170 45
11 790 45
12 658 45
50 98 45
56 727 45
63 840 45
64 1304 45
66 867 45
68 257 45
75 197 45
86 342 45
101 646 45
105 264 45
106 518 45
109 1066 45
110 933 45
116 1161 45
162 376 45
176 1266 45
184 578 45
196 1363 45
200 563 45
209 529 45
213 1455 45
213 810 45
216 509 45
218 1281 45
247 1119 45
248 455 45
253 921 45
255 1437 45
283 795 45
290 1334 45
305 685 45
307 507 45
309 1415 45
309 530 45
315 679 45
320 401 45
349 1447 45
383 1250 45
386 1190 45
392 1364 45
395 911 45
399 1290 45
403 517 45
408 1278 45
416 617 45
451 523 45
457 1346 45
462 1062 45
472 1476 45
477 1454 45
491 1027 45
491 848 45
511 1106 45
529 605 45
533 1124 45
536 681 45
537 1401 45
538 1082 45
568 1447 45
568 735 45
568 655 45
571 733 45
580 1290 45
601 1360 45
607 1010 45
626 1212 45
647 924 45
654 1219 45
674 1194 45
683 1306 45
718 730 45
728 803 45
763 981 45
805 1158 45
834 920 45
858 1042 45
878 1214 45
884 1277 45
912 1226 45
963 1131 45
964 1301 45
965 1037 45
971 988 45
983 1176 45
983 1154 45
991 1369 45
993 1015 45
997 1373 45
1011 1181 45
1014 1139 45
1029 1150 45
1029 1151 45
1046 1081 45
1056 1115 45
1056 1093 45
1056 1161 45
1056 1162 45
1056 1060 45
1063 1237 45
1067 1138 45
1068 1139 45
1101 1199 45
1113 1167 45
1115 1157 45
1124 1174 45
1125 1132 45
1126 1162 45
1133 1171 45
1133 1172 45
1134 1393 45
1138 1139 45
1139 1142 45
1140 1141 45
1142 1143 45
1149 1182 45
1150 1166 45
1150 1153 45
1153 1154 45
1207 1295 45
1216 1367 45
1219 1459 45
1258 1424 45
1258 1454 45
1300 1395 45
1308 1354 45
2 119 46
6 968 46
7 1003 46
13 1419 46
14 647 46
16 447 46
16 815 46
22 1413 46
22 1477 46
32 378 46
48 1022 46
53 1123 46
56 618 46
61 138 46
72 1261 46
73 1337 46
77 1278 46
85 1342 46
95 1162 46
107 307 46
114 924 46
114 681 46
115 1193 46
134 221 46
137 963 46
151 334 46
158 538 46
158 1147 46
182 1011 46
220 361 46
223 1255 46
225 1064 46
235 748 46
241 902 46
244 1296 46
249 1469 46
251 1248 46
285 719 46
294 748 46
295 495 46
299 1180 46
319 653 46
325 682 46
334 1246 46
357 854 46
360 415 46
366 1112 46
370 542 46
376 622 46
378 428 46
389 1133 46
389 1304 46
394 932 46
406 877 46
427 1039 46
454 904 46
469 1301 46
472 1312 46
478 1185 46
478 618 46
478 640 46
485 1085 46
498 1389 46
499 688 46
521 864 46
522 952 46
522 1061 46
529 1271 46
535 1325 46
538 892 46
539 1407 46
540 724 46
540 561 46
552 1377 46
570 694 46
570 1315 46
576 1194 46
581 1392 46
593 1335 46
604 1406 46
616 800 46
631 1157 46
636 1007 46
641 710 46
643 1230 46
672 931 46
689 751 46
692 1291 46
724 1247 46
727 1051 46
728 781 46
756 926 46
765 1351 46
767 815 46
777 1334 46
789 1465 46
791 851 46
795 1238 46
801 987 46
801 856 46
807 1288 46
808 1402 46
828 1267 46
832 1446 46
840 1136 46
852 1204 46
881 1224 46
900 1450 46
903 1248 46
907 1403 46
912 1325 46
912 1184 46
936 1057 46
938 1435 46
972 1184 46
977 1106 46
981 1338 46
984 1251 46
992 1053 46
999 1262 46
1011 1181 46
1025 1449 46
1041 1152 46
1041 1132 46
1055 1200 46
1056 1076 46
1066 1067 46
1068 1143 46
1069 1070 46
1076 1146 46
1076 1201 46
1106 1247 46
1121 1163 46
1133 1172 46
1134 1209 46
1144 1192 46
1144 1191 46
1146 1190 46
1148 1174 46
1148 1152 46
1150 1199 46
1152 1471 46
1156 1169 46
1156 1420 46
1164 1187 46
1164 1186 46
1168 1186 46
1169 1185 46
1185 1206 46
1187 1188 46
1193 1194 46
1196 1198 46
1251 1270 46
1317 1454 46
10 806 47
17 283 47
30 723 47
36 1099 47
47 1395 47
47 147 47
50 1025 47
52 462 47
67 234 47
75 885 47
80 1212 47
84 1363 47
99 636 47
119 317 47
124 213 47
127 1343 47
143 663 47
154 1190 47
163 1023 47
181 1027 47
190 499 47
199 650 47
220 563 47
240 797 47
242 1268 47
295 483 47
311 614 47
328 1300 47
330 711 47
336 493 47
337 757 47
354 504 47
358 472 47
362 494 47
378 754 47
382 843 47
401 447 47
408 977 47
420 587 47
430 693 47
451 657 47
456 754 47
459 1293 47
488 783 47
495 1005 47
495 1217 47
537 886 47
572 1402 47
578 822 47
605 609 47
669 804 47
681 1339 47
685 820 47
689 1188 47
703 839 47
735 850 47
735 931 47
810 1360 47
816 1252 47
819 1333 47
856 1139 47
877 978 47
879 1137 47
896 983 47
912 978 47
925 1068 47
942 1303 47
951 1382 47
951 1094 47
962 1299 47
972 1474 47
998 1274 47
1052 1058 47
1063 1069 47
1064 1203 47
1070 1357 47
1079 1234 47
1105 1375 47
1114 1146 47
1117 1180 47
1125 1174 47
1133 1172 47
1136 1137 47
1137 1274 47
1139 1143 47
1142 1143 47
1148 1238 47
1148 1439 47
1152 1193 47
1171 1172 47
1172 1239 47
1175 1238 47
1178 1202 47
1180 1230 47
1199 1200 47
1206 1448 47
1210 1236 47
1217 1218 47
1221 1222 47
1224 1232 47
1226 1228 47
1227 1228 47
1276 1440 47
1435 1471 47
19 864 48
47 356 48
112 651 48
124 538 48
141 288 48
150 657 48
182 883 48
186 684 48
198 969 48
211 725 48
212 417 48
222 400 48
228 727 48
249 1253 48
259 881 48
266 783 48
274 332 48
311 584 48
316 1294 48
318 738 48
326 1460 48
326 788 48
326 1300 48
374 1090 48
376 400 48
410 1163 48
422 829 48
455 688 48
456 801 48
459 802 48
496 581 48
508 1348 48
509 1324 48
517 527 48
526 633 48
526 1474 48
537 1034 48
576 1375 48
593 940 48
599 1168 48
606 1236 48
633 816 48
638 1273 48
639 1209 48
666 954 48
715 1473 48
716 1061 48
725 1477 48
731 1296 48
735 861 48
736 910 48
832 967 48
843 1364 48
869 1033 48
872 1264 48
883 1234 48
947 1012 48
949 1463 48
957 1362 48
980 1057 48
985 996 48
996 1456 48
999 1136 48
1034 1367 48
1037 1314 48
1048 1231 48
1081 1183 48
1081 1231 48
1095 1144 48
1133 1170 48
1135 1241 48
1136 1178 48
1156 1206 48
1158 1159 48
1166 1458 48
1170 1171 48
1185 1199 48
1187 1205 48
1189 1244 48
1197 1200 48
1213 1249 48
1226 1234 48
1238 1410 48
1273 1396 48
43 1171 49
65 1170 49
89 1134 49
95 525 49
107 1411 49
122 988 49
161 978 49
193 688 49
215 482 49
238 556 49
253 274 49
273 313 49
331 854 49
359 647 49
388 637 49
407 418 49
568 964 49
573 1348 49
642 1364 49
662 1368 49
689 939 49
748 1385 49
941 981 49
980 1243 49
1113 1397 49
1153 1261 49
1225 1338 49
1229 1283 49
9 750 50
15 400 50
27 415 50
36 208 50
84 133 50
113 766 50
133 462 50
140 1046 50
144 425 50
148 696 50
167 1237 50
169 508 50
208 524 50
213 1454 50
224 1353 50
226 732 50
231 536 50
257 1471 50
264 995 50
292 632 50
321 1292 50
322 608 50
330 1032 50
349 1263 50
372 881 50
395 559 50
405 1049 50
416 877 50
434 547 50
486 1145 50
497 813 50
502 738 50
520 634 50
533 544 50
547 1362 50
551 773 50
563 1244 50
627 1016 50
639 1428 50
663 855 50
673 1479 50
705 973 50
715 846 50
778 1449 50
847 1011 50
852 1347 50
964 1460 50
969 1374 50
980 1243 50
995 1343 50
1079 1228 50
1093 1256 50
1109 1184 50
1139 1144 50
1156 1206 50
1255 1283 50
3 923 51
33 728 51
41 1435 51
43 988 51
46 213 51
47 350 51
56 701 51
57 591 51
62 359 51
63 754 51
81 1343 51
86 90 51
94 574 51
116 1375 51
118 1383 51
125 439 51
146 1419 51
185 554 51
188 1185 51
196 756 51
209 1015 51
240 1409 51
267 733 51
273 452 51
309 1447 51
410 753 51
414 563 51
416 461 51
436 717 51
440 1020 51
446 1353 51
446 572 51
478 594 51
494 1398 51
546 1450 51
547 1423 51
572 1097 51
573 598 51
574 973 51
593 1371 51
597 1076 51
622 1014 51
631 867 51
686 1038 51
711 1296 51
739 947 51
761 1015 51
771 885 51
777 779 51
801 1402 51
804 1140 51
832 1081 51
867 1413 51
918 1082 51
925 1058 51
933 1137 51
1022 1195 51
1063 1230 51
1095 1279 51
1178 1266 51
1178 1250 51
1234 1245 51
1235 1354 51
1242 1269 51
1243 1254 51
1272 1470 51
1298 1388 51
120 616 52
186 846 52
218 983 52
221 1409 52
276 599 52
316 1428 52
365 937 52
464 1477 52
506 1148 52
528 753 52
635 836 52
983 1332 52
1003 1414 52
1194 1356 52
1252 1285 52
23 672 53
27 199 53
39 199 53
40 891 53
43 654 53
57 1323 53
74 557 53
79 1382 53
105 701 53
143 601 53
217 1142 53
227 1470 53
241 1162 53
266 1276 53
282 848 53
318 1460 53
320 745 53
325 1251 53
371 974 53
439 1019 53
456 952 53
456 1095 53
480 1428 53
548 759 53
555 1466 53
598 1152 53
816 1216 53
834 1306 53
850 1113 53
852 1319 53
937 1105 53
956 998 53
1010 1138 53
1022 1156 53
1104 1291 53
1186 1462 53
1200 1292 53
1238 1462 53
1253 1409 53
1262 1304 53
1284 1300 53
1349 1433 53
41 254 54
49 1183 54
53 140 54
80 818 54
97 1262 54
104 672 54
114 1155 54
124 172 54
124 529 54
126 610 54
131 1065 54
131 777 54
137 674 54
142 894 54
155 459 54
170 1147 54
181 1067 54
186 971 54
222 367 54
230 835 54
247 461 54
256 1447 54
309 550 54
316 994 54
323 1247 54
333 509 54
340 1393 54
359 919 54
369 616 54
469 1009 54
495 512 54
516 517 54
523 960 54
534 632 54
550 879 54
568 1384 54
568 1288 54
588 1157 54
599 762 54
631 1332 54
773 818 54
791 1232 54
801 845 54
842 1218 54
844 989 54
872 1176 54
961 1170 54
1004 1020 54
1252 1316 54
1301 1334 54
1317 1321 54
0 1216 55
16 124 55
20 1195 55
25 540 55
29 1222 55
31 157 55
55 1110 55
65 1352 55
84 596 55
89 1019 55
97 743 55
121 520 55
127 892 55
132 1033 55
153 332 55
153 158 55
154 364 55
162 962 55
172 1469 55
181 823 55
183 842 55
195 339 55
196 1032 55
204 909 55
238 633 55
241 1009 55
249 730 55
254 1238 55
257 406 55
273 1198 55
280 505 55
294 926 55
307 1387 55
332 927 55
345 1046 55
357 932 55
365 747 55
380 1327 55
390 968 55
392 1468 55
399 626 55
400 424 55
412 886 55
413 529 55
421 707 55
425 642 55
427 647 55
434 446 55
434 1089 55
459 1079 55
461 1033 55
463 1116 55
491 691 55
516 1018 55
535 700 55
540 859 55
541 1093 55
567 937 55
591 953 55
601 823 55
637 761 55
680 979 55
703 1277 55
708 1109 55
742 847 55
755 1440 55
776 1451 55
778 1208 55
778 974 55
812 1268 55
815 1341 55
818 1348 55
847 1108 55
863 1433 55
864 945 55
923 1008 55
990 1109 55
1022 1290 55
1043 1455 55
1061 1405 55
1082 1094 55
1271 1387 55
1293 1312 55
1296 1310 55
1296 1350 55
1296 1349 55
1312 1385 55
1316 1318 55
1324 1355 55
1326 1330 55
1329 1330 55
1332 1389 55
1333 1465 55
1345 1346 55
1345 1420 55
1350 1377 55
1354 1355 55
1364 1366 55
1379 1382 55
8 266 56
31 1155 56
35 1419 56
37 1120 56
43 147 56
49 1414 56
64 921 56
86 788 56
87 664 56
107 1136 56
112 694 56
114 1295 56
118 319 56
136 277 56
138 1269 56
157 633 56
161 367 56
187 684 56
193 525 56
194 512 56
200 259 56
231 686 56
238 727 56
242 1368 56
267 833 56
275 929 56
280 1388 56
320 1471 56
337 1095 56
338 497 56
342 1167 56
363 543 56
366 767 56
390 979 56
396 734 56
406 454 56
411 1136 56
412 848 56
415 882 56
429 1270 56
456 1142 56
462 721 56
465 725 56
494 1246 56
497 1458 56
511 1088 56
512 879 56
521 1176 56
525 732 56
542 1133 56
545 797 56
564 793 56
583 1386 56
591 1257 56
628 872 56
633 1212 56
667 1289 56
689 1057 56
703 934 56
725 1236 56
765 1147 56
773 968 56
813 1393 56
850 1147 56
859 1289 56
867 1170 56
897 1089 56
899 1160 56
913 1396 56
938 1034 56
965 1067 56
975 1438 56
1010 1202 56
1017 1348 56
1019 1355 56
1060 1133 56
1083 1272 56
1122 1179 56
1146 1172 56
1306 1347 56
1309 1418 56
1316 1364 56
1329 1356 56
1329 1396 56
1348 1417 56
1354 1406 56
1360 1420 56
1362 1421 56
1399 1400 56
18 354 57
23 662 57
25 946 57
28 404 57
45 986 57
49 1472 57
53 1230 57
66 406 57
68 875 57
77 106 57
107 1372 57
110 1342 57
112 341 57
118 464 57
160 368 57
166 1104 57
221 841 57
238 1157 57
261 764 57
288 1236 57
298 980 57
302 1130 57
302 812 57
315 1210 57
340 949 57
344 1384 57
347 857 57
350 1002 57
350 714 57
368 747 57
370 505 57
391 1240 57
399 527 57
402 405 57
406 1463 57
412 431 57
435 1478 57
448 1001 57
465 752 57
468 1034 57
470 1121 57
486 1025 57
491 712 57
533 653 57
537 1201 57
562 884 57
568 1250 57
568 1139 57
576 1080 57
586 708 57
589 1327 57
593 693 57
622 1243 57
635 896 57
668 868 57
673 800 57
674 1131 57
678 694 57
694 1007 57
715 1375 57
727 830 57
738 1293 57
747 749 57
754 1241 57
804 1287 57
827 1248 57
850 1027 57
866 1051 57
878 1448 57
886 1335 57
886 1060 57
888 1382 57
906 1322 57
910 990 57
924 1469 57
948 1437 57
953 1251 57
1038 1445 57
1046 1315 57
1078 1164 57
1082 1476 57
1083 1180 57
1111 1330 57
1159 1325 57
1195 1216 57
1276 1362 57
1291 1365 57
1306 1440 57
1310 1427 57
1312 1438 57
1328 1421 57
1346 1398 57
1354 1464 57
1355 1408 57
1362 1414 57
1370 1434 57
1384 1421 57
1409 1439 57
26 756 58
37 126 58
47 674 58
56 813 58
83 346 58
87 1199 58
105 1092 58
171 927 58
188 227 58
208 1399 58
214 1117 58
214 1198 58
217 1147 58
220 884 58
243 1286 58
258 1382 58
261 1429 58
276 527 58
308 944 58
311 916 58
311 1445 58
340 1050 58
354 927 58
374 757 58
378 1200 58
396 1478 58
405 792 58
417 529 58
428 645 58
456 494 58
460 736 58
461 1118 58
480 691 58
482 1230 58
498 1135 58
519 771 58
530 672 58
532 544 58
541 691 58
582 843 58
590 1253 58
614 690 58
630 741 58
634 947 58
667 1011 58
673 682 58
679 1440 58
727 1405 58
730 1014 58
732 976 58
747 1276 58
750 869 58
762 913 58
791 1479 58
797 1197 58
849 1009 58
877 1430 58
892 1342 58
950 955 58
973 1353 58
973 1011 58
983 1355 58
991 1042 58
1001 1176 58
1008 1218 58
1082 1101 58
1093 1469 58
1165 1424 58
1169 1389 58
1204 1223 58
1291 1360 58
1314 1440 58
1315 1322 58
1316 1322 58
1350 1391 58
1356 1420 58
1400 1416 58
1413 1452 58
1436 1439 58
1448 1463 58
8 1315 59
12 299 59
31 1218 59
39 1049 59
49 550 59
87 983 59
106 672 59
127 253 59
128 467 59
140 820 59
142 773 59
164 1379 59
165 725 59
166 396 59
166 1069 59
173 570 59
184 401 59
193 511 59
206 976 59
225 1238 59
227 518 59
287 948 59
323 536 59
339 1152 59
373 421 59
379 410 59
380 1237 59
388 1307 59
391 1161 59
435 1372 59
449 1409 59
487 1326 59
535 1101 59
549 1097 59
551 686 59
572 1467 59
582 1292 59
634 1258 59
638 892 59
657 1000 59
664 1465 59
674 924 59
689 714 59
752 1043 59
854 1472 59
916 1243 59
946 1371 59
985 1059 59
1022 1407 59
1105 1353 59
1316 1470 59
1324 1467 59
1362 1439 59
1391 1469 59
1473 1474 59
20 375 60
21 1009 60
22 202 60
38 420 60
49 227 60
103 205 60
189 194 60
216 1177 60
372 1038 60
450 942 60
695 1413 60
715 1368 60
740 1128 60
762 1125 60
763 786 60
856 1231 60
857 1314 60
912 917 60
1004 1236 60
1240 1463 60
1254 1434 60
1327 1447 60
1344 1356 60
1391 1454 60
1420 1455 60
