0 748 0
2 249 0
10 38 0
13 1475 0
29 185 0
40 440 0
55 572 0
57 338 0
59 853 0
60 456 0
90 724 0
95 881 0
99 1103 0
139 627 0
172 1133 0
172 1241 0
179 823 0
191 1050 0
194 527 0
204 1432 0
207 1320 0
213 986 0
216 371 0
219 930 0
220 606 0
253 1468 0
256 868 0
257 1017 0
267 1139 0
273 1131 0
282 1059 0
292 1027 0
311 383 0
317 346 0
324 723 0
342 1054 0
360 377 0
362 1473 0
368 1116 0
371 1274 0
371 620 0
373 952 0
384 708 0
384 1443 0
387 916 0
388 1100 0
409 1401 0
424 695 0
477 760 0
501 862 0
502 693 0
503 573 0
505 901 0
516 747 0
521 1305 0
602 1339 0
641 1095 0
652 1099 0
671 1005 0
701 942 0
710 1307 0
711 1014 0
711 1308 0
747 1208 0
771 1260 0
788 972 0
788 886 0
797 1127 0
814 1078 0
824 837 0
826 995 0
829 877 0
841 1275 0
843 1272 0
849 937 0
864 1254 0
906 1026 0
960 1284 0
1041 1049 0
1071 1378 0
1106 1304 0
1111 1113 0
1136 1171 0
1147 1393 0
1170 1342 0
1184 1339 0
1187 1364 0
1194 1429 0
1259 1403 0
1272 1431 0
1320 1410 0
1331 1362 0
1403 1426 0
49 1032 1
49 1070 1
74 1191 1
75 508 1
78 158 1
81 1441 1
102 796 1
104 1212 1
105 801 1
124 379 1
127 1101 1
140 1317 1
144 513 1
159 257 1
170 788 1
174 538 1
203 491 1
222 659 1
228 502 1
235 1101 1
237 1432 1
238 734 1
256 849 1
256 1248 1
257 1268 1
259 380 1
274 702 1
280 578 1
289 1302 1
299 1119 1
311 696 1
314 706 1
348 610 1
350 1306 1
354 1472 1
363 427 1
391 582 1
412 987 1
428 1367 1
443 527 1
448 1381 1
477 980 1
482 1085 1
499 1381 1
510 667 1
522 1469 1
525 1267 1
536 1443 1
553 630 1
595 830 1
596 866 1
606 930 1
609 1425 1
643 1357 1
683 979 1
694 971 1
711 1363 1
758 836 1
766 1077 1
773 1139 1
811 1373 1
843 967 1
976 1101 1
1016 1317 1
1024 1210 1
1075 1159 1
1099 1177 1
1185 1246 1
1186 1188 1
1281 1301 1
1376 1417 1
31 463 2
32 846 2
39 543 2
42 1431 2
50 1006 2
57 1337 2
59 511 2
66 1040 2
67 891 2
75 102 2
94 296 2
100 853 2
112 1240 2
112 124 2
113 381 2
119 265 2
143 232 2
149 895 2
152 234 2
157 1286 2
166 1079 2
174 1266 2
178 867 2
180 1111 2
188 1121 2
193 1265 2
213 585 2
213 548 2
215 522 2
218 471 2
223 967 2
225 515 2
226 1153 2
243 725 2
249 813 2
253 1145 2
258 755 2
261 1319 2
265 290 2
269 737 2
282 763 2
287 444 2
288 620 2
304 927 2
311 1250 2
311 902 2
317 1375 2
329 1430 2
335 1421 2
341 784 2
344 576 2
378 500 2
379 1325 2
381 392 2
383 898 2
394 510 2
394 1209 2
403 1380 2
430 1217 2
432 1326 2
445 674 2
445 979 2
478 609 2
480 642 2
488 559 2
493 885 2
513 1017 2
513 1227 2
515 1107 2
531 732 2
539 1420 2
551 687 2
575 1167 2
652 931 2
661 1115 2
664 1329 2
690 725 2
703 834 2
709 1183 2
712 1386 2
716 1254 2
716 1153 2
771 1072 2
780 832 2
787 1221 2
790 1257 2
811 1052 2
813 1434 2
824 829 2
825 1191 2
831 881 2
845 1465 2
853 1415 2
858 1301 2
872 1048 2
885 939 2
917 1243 2
934 1354 2
943 1404 2
977 1362 2
986 993 2
1001 1139 2
1049 1080 2
1054 1190 2
1088 1240 2
1186 1408 2
1218 1440 2
1319 1456 2
1340 1368 2
4 1359 3
25 470 3
25 1254 3
26 1215 3
31 1032 3
45 1074 3
66 200 3
69 723 3
77 558 3
86 402 3
97 793 3
110 317 3
128 1440 3
131 978 3
142 922 3
161 459 3
162 628 3
167 338 3
169 1091 3
185 1462 3
226 689 3
231 468 3
240 1144 3
244 757 3
246 1419 3
250 967 3
285 448 3
294 962 3
296 877 3
316 1021 3
349 1304 3
358 839 3
365 1301 3
369 618 3
372 1403 3
377 735 3
399 781 3
417 888 3
419 537 3
419 916 3
422 498 3
438 793 3
440 757 3
445 1421 3
448 1426 3
454 513 3
492 1301 3
509 1092 3
523 848 3
530 976 3
530 1101 3
531 890 3
561 653 3
567 1339 3
625 968 3
649 1163 3
675 1250 3
694 1385 3
808 1402 3
830 1019 3
857 1448 3
861 1312 3
882 966 3
908 1234 3
935 1040 3
950 1458 3
957 1397 3
958 1216 3
968 1447 3
993 1377 3
1019 1205 3
1029 1042 3
1179 1414 3
1185 1411 3
1188 1264 3
1209 1304 3
1302 1441 3
8 1435 4
10 995 4
15 501 4
29 501 4
34 1010 4
38 809 4
44 86 4
51 1338 4
64 945 4
72 1265 4
86 885 4
92 552 4
100 444 4
101 434 4
107 1217 4
110 1059 4
111 1324 4
137 566 4
139 835 4
152 1147 4
157 309 4
159 510 4
162 405 4
168 328 4
169 953 4
172 837 4
176 582 4
195 551 4
196 716 4
198 667 4
198 1398 4
202 250 4
203 977 4
212 540 4
233 664 4
237 1087 4
238 542 4
240 341 4
242 778 4
249 1250 4
275 993 4
277 367 4
284 909 4
314 1286 4
319 1369 4
335 1084 4
372 1089 4
374 594 4
385 393 4
389 689 4
398 1271 4
407 1070 4
414 591 4
422 873 4
430 470 4
438 1221 4
454 1186 4
461 1253 4
475 1303 4
500 826 4
509 1290 4
562 863 4
565 1025 4
573 645 4
587 683 4
589 974 4
595 788 4
597 828 4
600 831 4
630 718 4
641 1204 4
691 1282 4
712 1115 4
738 854 4
762 1425 4
805 915 4
817 1052 4
852 1338 4
873 887 4
885 1170 4
895 1132 4
910 1420 4
931 1346 4
1027 1357 4
1029 1457 4
1113 1333 4
1180 1434 4
1181 1387 4
1183 1266 4
1263 1479 4
1272 1296 4
1332 1438 4
1365 1368 4
1407 1471 4
28 569 5
38 735 5
43 951 5
53 1240 5
69 1333 5
87 1008 5
88 1074 5
124 570 5
129 214 5
130 930 5
147 438 5
167 1142 5
172 226 5
203 1448 5
215 269 5
224 650 5
230 981 5
242 965 5
272 1149 5
329 1321 5
330 385 5
345 986 5
363 702 5
373 1434 5
401 449 5
410 583 5
410 1100 5
420 1250 5
423 1458 5
426 1052 5
429 1147 5
432 1357 5
448 1319 5
456 1020 5
482 1109 5
490 1270 5
501 1171 5
503 693 5
512 1365 5
514 944 5
535 1026 5
562 592 5
568 574 5
599 848 5
615 732 5
621 795 5
644 827 5
737 1137 5
787 900 5
801 914 5
811 1293 5
837 862 5
857 1286 5
892 934 5
900 1143 5
923 964 5
929 1209 5
931 1392 5
949 1473 5
951 1244 5
1027 1368 5
1051 1388 5
1060 1187 5
1115 1348 5
1147 1338 5
1153 1390 5
1163 1446 5
1209 1225 5
1228 1298 5
1300 1317 5
1330 1347 5
1420 1443 5
22 873 6
35 103 6
42 249 6
45 832 6
59 1006 6
80 1310 6
86 395 6
95 878 6
121 740 6
128 796 6
146 786 6
167 263 6
205 352 6
228 456 6
294 1200 6
300 554 6
332 1427 6
347 683 6
394 1052 6
431 933 6
468 1443 6
508 1397 6
513 719 6
544 1448 6
574 965 6
591 826 6
635 1389 6
688 1123 6
717 800 6
731 937 6
741 947 6
808 1163 6
813 1074 6
852 1448 6
878 1264 6
1028 1354 6
1181 1430 6
1206 1447 6
2 1142 7
30 1296 7
43 283 7
68 373 7
97 674 7
126 492 7
140 770 7
167 501 7
182 1000 7
223 375 7
236 284 7
241 958 7
298 1121 7
312 949 7
376 1248 7
382 752 7
392 1346 7
399 987 7
429 802 7
435 868 7
513 977 7
573 1288 7
605 769 7
610 641 7
659 1357 7
717 969 7
785 1257 7
794 909 7
806 1004 7
830 1142 7
867 1032 7
897 1123 7
926 1311 7
973 1429 7
993 1230 7
1217 1397 7
1279 1423 7
5 983 8
29 1102 8
50 391 8
96 468 8
121 133 8
124 544 8
127 243 8
127 572 8
159 1273 8
169 1145 8
237 1341 8
241 880 8
243 750 8
246 1022 8
260 1447 8
262 1322 8
314 1260 8
324 743 8
324 1342 8
330 1188 8
344 1140 8
393 835 8
399 1411 8
403 560 8
403 611 8
419 1027 8
446 806 8
450 981 8
454 1045 8
468 672 8
495 647 8
501 624 8
517 1473 8
535 868 8
562 1169 8
583 1360 8
595 928 8
615 1219 8
639 1074 8
643 750 8
660 806 8
690 1175 8
691 825 8
705 1148 8
751 1326 8
836 975 8
838 1162 8
863 1079 8
916 1019 8
965 1264 8
1016 1431 8
1050 1085 8
1077 1127 8
1159 1368 8
1218 1420 8
1220 1404 8
1345 1455 8
4 67 9
12 401 9
14 499 9
26 506 9
28 119 9
31 113 9
44 831 9
44 962 9
61 813 9
63 1069 9
63 122 9
65 1080 9
65 362 9
67 1048 9
68 1179 9
75 934 9
80 938 9
89 1353 9
90 1078 9
100 975 9
106 342 9
106 1025 9
113 862 9
117 1051 9
129 718 9
137 387 9
138 1014 9
140 962 9
157 1223 9
158 901 9
161 701 9
162 1262 9
170 1463 9
170 694 9
180 879 9
183 852 9
207 370 9
211 409 9
217 253 9
220 833 9
222 1354 9
229 445 9
229 634 9
249 1082 9
249 250 9
255 994 9
256 681 9
261 1099 9
267 941 9
271 1407 9
283 834 9
283 285 9
296 609 9
300 651 9
313 1054 9
319 1289 9
324 340 9
330 1395 9
331 1019 9
345 1345 9
348 1024 9
350 391 9
351 588 9
365 496 9
366 1216 9
368 976 9
369 1081 9
385 1097 9
391 760 9
400 1448 9
400 1041 9
407 1064 9
411 1209 9
415 1260 9
415 1070 9
433 1209 9
447 684 9
449 1273 9
451 1239 9
451 888 9
463 847 9
464 1257 9
466 886 9
470 546 9
479 778 9
483 1053 9
490 550 9
490 1039 9
501 900 9
508 1096 9
521 582 9
523 968 9
526 1164 9
528 745 9
531 1435 9
534 1198 9
535 706 9
536 673 9
538 924 9
558 1105 9
591 747 9
598 1373 9
602 895 9
612 880 9
619 980 9
633 1149 9
634 1476 9
638 947 9
651 1038 9
654 961 9
657 1283 9
683 945 9
705 743 9
714 1307 9
721 1105 9
724 1062 9
741 1475 9
743 811 9
779 1043 9
783 1474 9
788 1405 9
817 1464 9
821 1022 9
825 1168 9
833 1272 9
852 1085 9
864 1156 9
872 1465 9
874 1221 9
885 1382 9
888 1130 9
893 1097 9
898 1198 9
905 1262 9
913 1402 9
938 1435 9
950 1137 9
969 1065 9
978 1198 9
988 1413 9
988 1170 9
994 1145 9
1016 1117 9
1017 1185 9
1052 1390 9
1059 1314 9
1064 1364 9
1127 1409 9
1169 1367 9
1189 1390 9
1196 1224 9
1199 1379 9
1208 1458 9
1223 1348 9
65 149 10
78 645 10
82 598 10
85 608 10
88 555 10
91 172 10
92 1307 10
114 1289 10
135 408 10
154 486 10
169 787 10
185 219 10
198 907 10
212 441 10
217 1314 10
232 860 10
233 586 10
247 1426 10
258 1264 10
293 1462 10
298 1116 10
315 798 10
329 889 10
342 423 10
343 576 10
350 845 10
364 431 10
375 467 10
420 788 10
428 1212 10
469 1322 10
508 729 10
513 791 10
515 999 10
530 1400 10
532 545 10
549 1158 10
552 792 10
577 1006 10
651 1371 10
656 1218 10
658 777 10
675 1272 10
689 1072 10
736 1034 10
757 1289 10
780 1078 10
786 1378 10
803 1097 10
808 1139 10
843 1275 10
892 936 10
935 1247 10
962 1191 10
979 1327 10
1094 1215 10
1188 1247 10
1192 1261 10
1198 1260 10
1205 1406 10
1207 1281 10
1301 1398 10
1315 1322 10
1421 1458 10
1423 1425 10
1424 1473 10
4 453 11
7 1197 11
12 1348 11
23 980 11
27 649 11
29 682 11
32 210 11
33 1066 11
34 181 11
34 36 11
35 168 11
39 878 11
44 163 11
46 239 11
54 961 11
54 1401 11
56 836 11
57 1331 11
59 235 11
59 1319 11
60 311 11
68 269 11
71 495 11
72 198 11
73 1408 11
78 190 11
82 897 11
84 1342 11
88 981 11
90 576 11
97 981 11
98 957 11
105 589 11
107 580 11
113 973 11
113 383 11
117 599 11
118 955 11
126 1225 11
129 171 11
139 1150 11
140 1209 11
141 1404 11
142 1040 11
146 1446 11
159 1171 11
160 861 11
160 915 11
171 188 11
171 768 11
171 729 11
172 715 11
172 967 11
173 1193 11
174 551 11
174 810 11
176 276 11
177 1379 11
178 906 11
183 1197 11
201 648 11
206 343 11
219 1028 11
219 888 11
221 1134 11
228 786 11
229 557 11
229 1450 11
234 1040 11
239 1110 11
244 1271 11
266 1175 11
266 1076 11
268 401 11
269 841 11
276 1052 11
277 1420 11
283 481 11
289 1183 11
299 1134 11
311 988 11
311 438 11
312 529 11
315 1347 11
328 784 11
329 543 11
346 993 11
353 883 11
361 612 11
369 830 11
371 484 11
372 1265 11
380 1429 11
383 1126 11
383 1199 11
384 735 11
387 721 11
394 615 11
396 826 11
402 477 11
402 742 11
403 529 11
404 1349 11
405 754 11
408 1114 11
411 742 11
416 444 11
416 1330 11
426 1200 11
427 712 11
429 886 11
434 857 11
440 1200 11
446 799 11
450 1186 11
457 732 11
458 1429 11
467 719 11
471 1283 11
475 946 11
475 1277 11
477 984 11
482 1101 11
488 1441 11
494 1088 11
499 660 11
500 763 11
503 721 11
507 1344 11
514 798 11
521 785 11
526 1149 11
535 696 11
548 638 11
564 1010 11
565 1240 11
571 1126 11
576 1106 11
585 1003 11
585 664 11
590 1191 11
592 739 11
611 1056 11
629 1427 11
629 1216 11
640 1210 11
641 720 11
641 957 11
642 1026 11
648 1166 11
676 881 11
689 936 11
700 842 11
725 794 11
736 979 11
744 766 11
781 1389 11
782 808 11
811 1071 11
850 1011 11
879 1262 11
879 1330 11
885 1105 11
890 1132 11
911 1067 11
916 1146 11
922 1197 11
927 1233 11
958 1120 11
967 1222 11
970 1140 11
971 1253 11
982 1244 11
1017 1287 11
1019 1136 11
1054 1256 11
1078 1281 11
1082 1427 11
1096 1230 11
1098 1274 11
1103 1306 11
1108 1304 11
1144 1170 11
1147 1212 11
1215 1348 11
1225 1382 11
1251 1459 11
1284 1351 11
1319 1416 11
1327 1402 11
1342 1377 11
1365 1379 11
1367 1398 11
1405 1461 11
1415 1475 11
15 665 12
21 241 12
34 944 12
35 955 12
42 744 12
49 660 12
53 970 12
54 521 12
57 345 12
67 746 12
67 594 12
69 1082 12
88 1123 12
89 1088 12
95 1307 12
99 497 12
134 1023 12
135 1110 12
140 1234 12
156 1462 12
172 498 12
174 1253 12
187 439 12
217 390 12
227 675 12
229 789 12
231 857 12
235 1012 12
243 735 12
250 1251 12
252 617 12
276 557 12
281 1446 12
291 1047 12
294 769 12
294 890 12
329 361 12
343 1433 12
346 371 12
350 617 12
363 776 12
375 640 12
376 1439 12
378 868 12
387 550 12
391 503 12
394 407 12
400 707 12
401 1250 12
409 473 12
423 1254 12
431 660 12
446 1248 12
447 1420 12
448 1448 12
450 1192 12
452 1179 12
462 638 12
478 1194 12
495 631 12
497 737 12
497 636 12
499 1005 12
510 1470 12
510 1438 12
513 1027 12
515 1460 12
522 660 12
535 1023 12
548 1263 12
550 1051 12
590 661 12
606 1199 12
622 1193 12
627 680 12
657 1329 12
661 1211 12
689 1238 12
698 1474 12
706 1472 12
743 905 12
753 1424 12
798 1079 12
800 894 12
800 1273 12
807 958 12
826 1458 12
828 1219 12
828 847 12
842 1102 12
849 1177 12
890 1230 12
905 1312 12
939 1395 12
963 1098 12
965 1110 12
969 1155 12
982 1234 12
1008 1364 12
1062 1243 12
1068 1143 12
1104 1312 12
1110 1460 12
1118 1318 12
1142 1257 12
1173 1256 12
1203 1360 12
1230 1361 12
1259 1321 12
1289 1441 12
1351 1368 12
1446 1447 12
9 1138 13
32 1302 13
37 900 13
62 739 13
122 1418 13
126 496 13
164 763 13
166 565 13
202 1204 13
202 804 13
257 1155 13
269 1310 13
284 412 13
291 696 13
320 1053 13
355 1224 13
381 718 13
397 1293 13
440 966 13
469 1298 13
470 714 13
486 563 13
610 1343 13
641 1113 13
684 1271 13
688 716 13
735 1013 13
743 1046 13
753 1047 13
817 1433 13
857 1102 13
898 1171 13
921 1060 13
967 1173 13
1056 1447 13
1222 1390 13
2 1472 14
8 156 14
10 863 14
23 1437 14
23 1369 14
26 1171 14
26 1037 14
29 599 14
30 584 14
41 1399 14
42 844 14
43 140 14
45 1275 14
50 200 14
51 880 14
52 668 14
53 1251 14
61 942 14
68 662 14
71 1362 14
72 132 14
75 231 14
76 935 14
77 1302 14
84 168 14
86 989 14
87 152 14
100 306 14
102 538 14
106 157 14
108 1124 14
112 610 14
115 902 14
117 567 14
118 895 14
124 623 14
125 1459 14
134 383 14
144 1243 14
159 862 14
159 1219 14
161 386 14
161 354 14
162 1454 14
165 693 14
165 658 14
175 691 14
176 1003 14
178 677 14
180 410 14
192 1426 14
198 1124 14
200 1189 14
202 1250 14
205 369 14
214 1440 14
217 1028 14
223 296 14
226 1079 14
228 1474 14
229 818 14
233 516 14
234 899 14
241 535 14
242 538 14
246 481 14
248 1309 14
257 1130 14
260 589 14
264 459 14
273 1455 14
277 548 14
280 1167 14
283 1232 14
285 737 14
285 1301 14
288 1373 14
300 485 14
307 1115 14
315 566 14
316 1435 14
323 1117 14
327 900 14
330 331 14
337 611 14
344 1309 14
346 1030 14
348 1299 14
348 978 14
352 1102 14
352 987 14
355 1359 14
356 984 14
364 778 14
367 527 14
368 1013 14
370 626 14
376 1168 14
380 462 14
381 1452 14
405 1379 14
408 536 14
425 1089 14
427 587 14
430 897 14
437 926 14
441 1207 14
446 1452 14
450 553 14
454 1009 14
457 1119 14
458 1076 14
460 921 14
469 1123 14
475 987 14
486 639 14
497 991 14
505 1059 14
505 727 14
506 637 14
506 540 14
510 1284 14
511 1278 14
514 935 14
538 557 14
543 658 14
558 986 14
575 1462 14
596 665 14
621 685 14
623 1287 14
644 905 14
646 1310 14
652 806 14
670 1456 14
678 1330 14
689 1265 14
694 779 14
701 1070 14
708 1160 14
713 991 14
716 1261 14
731 868 14
748 802 14
751 1366 14
773 1312 14
773 1145 14
785 1049 14
785 987 14
793 895 14
811 1211 14
818 1314 14
829 1104 14
834 856 14
847 1266 14
851 1294 14
854 1367 14
888 1091 14
894 925 14
912 1114 14
913 1287 14
922 943 14
928 1082 14
939 1237 14
1018 1247 14
1027 1417 14
1034 1398 14
1064 1230 14
1065 1355 14
1106 1200 14
1106 1393 14
1116 1201 14
1123 1383 14
1127 1478 14
1175 1351 14
1178 1376 14
1217 1413 14
1243 1305 14
1246 1324 14
1298 1337 14
1319 1338 14
1326 1335 14
1327 1454 14
1343 1412 14
3 1154 15
6 1027 15
9 1443 15
25 475 15
39 44 15
53 1392 15
53 885 15
54 252 15
57 465 15
63 669 15
96 839 15
97 452 15
99 612 15
102 241 15
114 581 15
115 1093 15
122 1299 15
124 1177 15
140 406 15
143 1342 15
144 345 15
148 726 15
156 1165 15
156 696 15
160 510 15
162 828 15
164 1177 15
166 434 15
167 175 15
187 1471 15
191 326 15
198 763 15
199 963 15
214 266 15
217 1322 15
238 646 15
242 512 15
254 524 15
264 1223 15
277 1062 15
288 661 15
290 1430 15
294 425 15
305 367 15
307 769 15
312 763 15
314 1389 15
330 1465 15
332 1138 15
339 1459 15
340 621 15
340 736 15
347 1157 15
367 1168 15
372 1004 15
384 1148 15
389 744 15
394 474 15
423 1416 15
427 1349 15
448 524 15
451 715 15
454 1340 15
474 706 15
479 1014 15
479 794 15
490 631 15
492 836 15
494 571 15
494 813 15
510 957 15
519 941 15
524 620 15
529 549 15
536 622 15
563 1220 15
568 846 15
582 1402 15
596 611 15
610 1329 15
612 1353 15
613 709 15
633 800 15
651 869 15
663 989 15
668 745 15
712 1186 15
725 1137 15
735 1330 15
745 1037 15
766 1134 15
799 1115 15
805 1423 15
810 1325 15
819 1076 15
826 1462 15
831 1080 15
835 1093 15
873 1450 15
873 1310 15
919 963 15
926 969 15
938 1134 15
956 1246 15
964 1453 15
973 1462 15
981 1253 15
1008 1475 15
1017 1471 15
1020 1360 15
1041 1377 15
1042 1183 15
1059 1217 15
1060 1127 15
1107 1177 15
1130 1183 15
1223 1414 15
2 7 16
33 406 16
36 628 16
37 352 16
38 1391 16
40 1024 16
42 923 16
45 992 16
55 704 16
58 1325 16
83 1121 16
88 1305 16
109 699 16
114 1155 16
158 895 16
161 550 16
163 659 16
165 1285 16
177 420 16
192 1008 16
198 267 16
200 517 16
260 575 16
272 1090 16
282 428 16
297 382 16
301 910 16
316 1440 16
323 1299 16
358 647 16
367 441 16
375 835 16
388 1241 16
389 578 16
416 720 16
425 927 16
442 1175 16
504 644 16
505 963 16
531 1318 16
536 1305 16
538 1127 16
551 1199 16
570 1192 16
578 1119 16
589 1142 16
597 1352 16
620 880 16
627 630 16
644 763 16
644 976 16
648 823 16
655 696 16
698 1437 16
748 1048 16
810 1133 16
814 1007 16
825 980 16
827 1116 16
851 1138 16
874 1034 16
878 1123 16
886 949 16
892 1248 16
940 1240 16
941 1474 16
946 1164 16
963 1357 16
997 1473 16
1009 1241 16
1071 1161 16
1086 1135 16
1091 1203 16
1101 1327 16
1124 1181 16
1219 1476 16
1256 1392 16
1330 1347 16
1330 1462 16
1340 1393 16
1361 1461 16
8 23 17
16 358 17
19 1261 17
46 1395 17
68 196 17
72 1148 17
101 1465 17
123 1055 17
130 644 17
135 361 17
147 1156 17
152 1470 17
153 513 17
159 1036 17
189 1016 17
190 484 17
200 469 17
222 826 17
224 333 17
265 343 17
284 1463 17
285 1227 17
289 1169 17
290 445 17
300 1414 17
335 1296 17
337 580 17
357 1310 17
393 591 17
396 1314 17
417 559 17
426 789 17
444 1326 17
512 551 17
523 1418 17
525 992 17
564 1007 17
568 1335 17
570 797 17
612 1402 17
612 1141 17
618 989 17
623 704 17
660 1344 17
694 852 17
712 1099 17
726 1424 17
748 1232 17
797 824 17
829 1350 17
847 1380 17
862 879 17
870 959 17
881 1405 17
901 1033 17
920 1355 17
944 1329 17
976 1066 17
1018 1282 17
1056 1312 17
1067 1198 17
1109 1259 17
1118 1175 17
1135 1169 17
1214 1287 17
1214 1256 17
6 53 18
27 940 18
36 1296 18
43 967 18
74 1274 18
76 343 18
95 297 18
131 757 18
131 882 18
152 564 18
154 506 18
213 633 18
213 1294 18
222 1014 18
232 1447 18
280 1135 18
289 936 18
296 1025 18
318 460 18
337 1459 18
341 366 18
345 1336 18
378 456 18
387 1444 18
419 1204 18
444 1029 18
503 647 18
513 1451 18
535 670 18
536 1324 18
542 1132 18
546 1175 18
564 1188 18
565 1295 18
632 1107 18
645 1449 18
694 705 18
704 730 18
877 1402 18
891 1093 18
926 1096 18
935 1147 18
958 1016 18
962 1301 18
1021 1225 18
1035 1219 18
1039 1387 18
1069 1282 18
1114 1186 18
1405 1447 18
17 1154 19
21 1095 19
30 1318 19
34 258 19
49 974 19
62 498 19
70 410 19
74 1031 19
74 166 19
76 982 19
79 769 19
82 188 19
84 1319 19
87 315 19
88 645 19
95 735 19
97 1479 19
100 548 19
108 865 19
108 401 19
113 349 19
126 1463 19
128 145 19
136 401 19
144 703 19
144 967 19
147 150 19
151 762 19
161 795 19
163 1027 19
166 528 19
172 785 19
174 1006 19
191 1176 19
191 1395 19
199 1359 19
224 1245 19
235 949 19
264 515 19
269 1205 19
270 1262 19
276 1475 19
287 1269 19
288 894 19
290 511 19
291 1370 19
296 518 19
299 580 19
301 936 19
305 1348 19
310 541 19
313 586 19
330 593 19
334 594 19
339 648 19
372 588 19
375 752 19
377 607 19
380 1153 19
381 1253 19
382 1253 19
396 574 19
396 1163 19
398 614 19
409 778 19
410 620 19
419 1269 19
425 1060 19
425 1432 19
427 1083 19
443 768 19
444 720 19
451 1099 19
457 854 19
459 1375 19
485 1020 19
493 1268 19
495 1116 19
497 650 19
511 1266 19
513 752 19
513 690 19
516 1066 19
527 1106 19
528 1302 19
534 839 19
534 1232 19
545 1361 19
547 1034 19
555 586 19
557 1037 19
566 1118 19
567 649 19
582 833 19
582 1269 19
589 810 19
590 745 19
603 1444 19
605 924 19
631 1141 19
640 915 19
647 1390 19
653 1455 19
659 1321 19
664 1115 19
703 930 19
713 1190 19
723 996 19
750 941 19
752 914 19
761 1270 19
776 1470 19
806 1450 19
817 885 19
821 1101 19
828 1049 19
832 859 19
856 879 19
873 886 19
877 957 19
879 1255 19
893 1242 19
901 1163 19
912 957 19
926 1197 19
934 1073 19
939 1341 19
963 1389 19
996 1078 19
1050 1131 19
1059 1120 19
1063 1157 19
1074 1166 19
1083 1461 19
1123 1203 19
1129 1197 19
1194 1466 19
1312 1324 19
6 112 20
8 783 20
10 1062 20
11 895 20
19 20 20
26 1440 20
31 600 20
32 1439 20
42 944 20
48 1084 20
54 262 20
58 748 20
73 976 20
75 968 20
78 1088 20
84 892 20
86 748 20
87 1025 20
96 284 20
99 1467 20
104 793 20
107 1284 20
108 573 20
112 648 20
120 1017 20
120 820 20
122 1213 20
138 936 20
140 1235 20
142 770 20
142 205 20
151 709 20
152 1222 20
156 189 20
157 222 20
161 177 20
163 532 20
163 787 20
164 805 20
164 475 20
169 1157 20
172 1470 20
189 311 20
191 941 20
194 1479 20
195 894 20
197 606 20
199 513 20
202 555 20
212 1011 20
213 669 20
213 397 20
216 857 20
219 944 20
223 1426 20
228 367 20
266 800 20
275 737 20
277 569 20
280 564 20
287 1032 20
297 1238 20
297 524 20
303 680 20
306 1457 20
327 805 20
330 904 20
332 1152 20
332 1246 20
342 820 20
356 1477 20
356 1343 20
361 1266 20
369 408 20
370 649 20
374 606 20
391 1473 20
402 1210 20
424 611 20
426 1376 20
434 986 20
442 1055 20
447 753 20
451 751 20
464 1019 20
465 519 20
476 504 20
486 1401 20
492 782 20
497 518 20
497 714 20
506 1020 20
506 1063 20
517 973 20
521 1218 20
522 1273 20
523 912 20
526 686 20
541 1156 20
547 1453 20
553 1059 20
554 620 20
563 1382 20
564 1057 20
572 1062 20
576 883 20
579 714 20
583 1056 20
584 1139 20
589 1404 20
608 1174 20
616 1287 20
641 1270 20
648 1238 20
669 883 20
682 1006 20
684 1441 20
688 700 20
690 1278 20
695 779 20
699 1143 20
699 985 20
702 1408 20
724 770 20
732 852 20
737 793 20
744 900 20
763 1443 20
779 993 20
784 1441 20
787 1111 20
795 1249 20
796 1093 20
823 987 20
826 1010 20
829 929 20
843 1330 20
865 1025 20
905 942 20
914 1286 20
932 1335 20
935 1462 20
968 1229 20
973 1142 20
974 1210 20
1010 1028 20
1048 1161 20
1060 1081 20
1089 1331 20
1095 1195 20
1095 1199 20
1103 1453 20
1115 1230 20
1116 1409 20
1132 1190 20
1138 1344 20
1142 1326 20
1161 1178 20
1168 1219 20
1176 1290 20
1219 1252 20
1227 1286 20
1231 1418 20
1264 1341 20
1359 1399 20
1448 1455 20
13 204 21
20 371 21
23 334 21
26 342 21
41 937 21
57 1228 21
64 591 21
80 139 21
88 507 21
95 575 21
98 346 21
107 1106 21
111 952 21
114 150 21
115 482 21
121 779 21
125 689 21
125 881 21
126 770 21
126 265 21
130 400 21
133 1338 21
136 957 21
138 404 21
141 420 21
142 1339 21
154 673 21
156 785 21
157 313 21
159 499 21
163 685 21
167 1191 21
168 1127 21
169 1475 21
174 1376 21
180 1305 21
182 1319 21
192 455 21
195 969 21
196 1457 21
207 1353 21
212 403 21
216 1070 21
220 482 21
222 1229 21
222 765 21
227 478 21
233 1104 21
237 1280 21
238 1475 21
243 788 21
245 1193 21
253 1256 21
272 910 21
278 470 21
291 558 21
305 738 21
312 954 21
323 359 21
332 792 21
337 529 21
343 1449 21
346 1020 21
347 739 21
347 1225 21
348 1231 21
359 846 21
367 475 21
368 1122 21
368 593 21
373 472 21
378 1461 21
383 565 21
393 989 21
401 555 21
424 500 21
424 1041 21
426 1286 21
434 1076 21
440 1163 21
441 520 21
447 495 21
452 945 21
465 737 21
481 1238 21
488 1377 21
496 915 21
503 1240 21
513 1334 21
520 731 21
522 1069 21
530 1432 21
541 1013 21
551 829 21
552 1280 21
558 855 21
561 1068 21
572 1244 21
580 761 21
584 920 21
595 618 21
599 747 21
603 968 21
610 697 21
613 1468 21
618 939 21
634 1475 21
640 722 21
648 1315 21
683 1318 21
686 788 21
688 953 21
698 706 21
742 1247 21
766 952 21
767 1254 21
767 1178 21
778 1314 21
780 1329 21
793 856 21
799 1319 21
800 949 21
807 888 21
817 1092 21
818 1225 21
821 1116 21
851 1286 21
868 1205 21
877 1232 21
910 1419 21
917 960 21
922 933 21
926 1119 21
955 1462 21
962 1372 21
972 1444 21
977 1225 21
981 1313 21
1027 1378 21
1035 1414 21
1036 1435 21
1046 1065 21
1066 1310 21
1070 1371 21
1078 1389 21
1109 1240 21
1125 1285 21
1127 1364 21
1135 1391 21
1150 1438 21
1156 1363 21
1164 1256 21
1187 1446 21
1194 1216 21
1215 1275 21
1284 1377 21
1284 1390 21
1392 1475 21
1 1411 22
4 387 22
6 142 22
7 556 22
11 245 22
13 614 22
20 1061 22
27 94 22
28 501 22
29 1357 22
31 460 22
31 619 22
39 684 22
53 190 22
55 169 22
77 372 22
77 979 22
89 862 22
92 1393 22
99 993 22
103 800 22
111 433 22
119 1292 22
123 363 22
125 1272 22
127 670 22
128 324 22
131 1349 22
135 1237 22
142 1129 22
148 730 22
150 1370 22
155 1372 22
165 1009 22
173 978 22
175 1023 22
178 924 22
199 757 22
201 524 22
212 1150 22
227 1079 22
255 1317 22
258 1466 22
262 501 22
269 425 22
274 658 22
276 412 22
330 759 22
343 940 22
352 1020 22
361 952 22
364 709 22
369 1383 22
373 1089 22
377 1183 22
378 549 22
378 535 22
380 916 22
383 674 22
384 840 22
401 1384 22
401 1196 22
412 1373 22
417 799 22
422 1313 22
423 1071 22
425 1316 22
426 690 22
427 466 22
428 1472 22
433 885 22
436 1448 22
445 727 22
448 826 22
453 988 22
454 841 22
462 1338 22
479 772 22
494 664 22
497 570 22
500 1213 22
509 750 22
517 1277 22
519 1252 22
525 938 22
530 951 22
533 1294 22
552 741 22
555 625 22
562 729 22
571 677 22
581 1372 22
583 920 22
584 773 22
588 1202 22
601 1198 22
608 1073 22
610 929 22
618 818 22
621 822 22
632 1041 22
635 867 22
638 1033 22
642 1428 22
645 1249 22
650 1393 22
652 967 22
661 1127 22
673 1297 22
674 765 22
688 1209 22
698 1071 22
720 1445 22
733 936 22
745 1304 22
756 941 22
766 1267 22
781 1358 22
815 993 22
819 994 22
828 1420 22
831 1301 22
834 1205 22
841 980 22
841 1410 22
870 1153 22
905 1023 22
910 1107 22
912 1051 22
922 1137 22
931 1076 22
938 1026 22
957 1023 22
963 1427 22
963 978 22
991 1270 22
1005 1458 22
1016 1062 22
1033 1338 22
1062 1389 22
1063 1169 22
1072 1265 22
1157 1354 22
1176 1327 22
1185 1400 22
1193 1214 22
1229 1300 22
1230 1361 22
1242 1346 22
1257 1305 22
1315 1408 22
1346 1404 22
1363 1399 22
19 635 23
24 348 23
24 1385 23
33 1321 23
35 1202 23
36 974 23
55 716 23
59 377 23
72 968 23
73 1060 23
77 1108 23
78 485 23
80 1016 23
82 1129 23
84 1031 23
86 633 23
92 188 23
92 193 23
94 272 23
98 1176 23
98 177 23
104 627 23
138 847 23
149 424 23
149 1409 23
149 1203 23
152 708 23
159 648 23
169 954 23
172 1322 23
173 827 23
192 502 23
192 344 23
194 1252 23
204 1224 23
206 1224 23
209 342 23
218 1477 23
219 306 23
220 1008 23
225 966 23
225 312 23
231 1445 23
233 1409 23
242 783 23
249 1474 23
253 1225 23
258 778 23
261 1258 23
275 531 23
288 1467 23
292 462 23
304 1266 23
304 890 23
310 853 23
311 749 23
312 381 23
313 1224 23
325 855 23
328 1196 23
332 710 23
340 1207 23
351 559 23
359 1254 23
382 727 23
387 1302 23
391 865 23
395 628 23
396 1024 23
408 711 23
418 1440 23
421 520 23
421 1011 23
423 1469 23
432 857 23
438 483 23
442 1417 23
445 733 23
476 1153 23
479 828 23
494 1203 23
506 994 23
518 1013 23
518 864 23
527 622 23
529 1293 23
530 1107 23
556 1146 23
560 818 23
565 1143 23
569 1117 23
593 772 23
605 1037 23
621 917 23
622 698 23
631 1179 23
645 1213 23
652 800 23
677 1254 23
678 1035 23
679 1345 23
692 936 23
744 774 23
777 1063 23
781 1309 23
792 1037 23
816 1231 23
829 1186 23
835 939 23
835 1204 23
914 1264 23
955 1190 23
961 1085 23
993 1238 23
995 1402 23
999 1041 23
1003 1407 23
1010 1132 23
1060 1227 23
1111 1431 23
1150 1412 23
1161 1423 23
1171 1283 23
1174 1394 23
1179 1248 23
1201 1408 23
1204 1466 23
1301 1388 23
16 198 24
24 74 24
45 1006 24
74 780 24
88 399 24
88 1048 24
149 607 24
172 202 24
215 1453 24
235 1420 24
236 357 24
258 785 24
260 681 24
267 698 24
278 707 24
289 1036 24
301 1200 24
321 988 24
347 647 24
369 1063 24
408 1476 24
440 625 24
449 498 24
465 1276 24
516 1331 24
544 572 24
591 1162 24
611 1089 24
612 994 24
627 1231 24
632 1433 24
646 969 24
760 769 24
778 1348 24
821 1365 24
827 1375 24
848 1449 24
892 1361 24
908 1023 24
926 1109 24
965 1389 24
967 1450 24
1019 1477 24
1073 1256 24
1128 1432 24
1133 1381 24
1166 1203 24
1272 1422 24
1419 1465 24
2 776 25
2 259 25
3 424 25
5 883 25
11 906 25
15 1201 25
17 969 25
48 213 25
79 400 25
79 1062 25
86 719 25
109 1312 25
113 806 25
129 950 25
131 617 25
169 1250 25
171 1102 25
172 1419 25
175 827 25
176 910 25
181 555 25
183 1205 25
185 1356 25
185 231 25
188 1114 25
196 1042 25
199 325 25
218 1302 25
223 401 25
240 1382 25
240 702 25
251 975 25
268 1138 25
279 1237 25
280 1259 25
286 1004 25
290 1123 25
302 562 25
347 539 25
353 1047 25
359 649 25
373 513 25
374 1176 25
375 1018 25
394 1150 25
435 1409 25
444 554 25
444 1001 25
454 741 25
455 1213 25
457 592 25
459 603 25
480 562 25
487 1238 25
501 692 25
522 537 25
541 1324 25
547 607 25
603 1101 25
607 1120 25
618 1192 25
620 1107 25
633 1064 25
635 710 25
635 876 25
709 1102 25
725 1082 25
739 1276 25
759 1325 25
769 859 25
775 1289 25
783 852 25
787 869 25
792 1192 25
844 1395 25
925 1055 25
940 1184 25
948 961 25
951 970 25
966 1262 25
979 1058 25
992 1240 25
1026 1202 25
1061 1252 25
1131 1417 25
1209 1300 25
2 1411 26
4 231 26
23 751 26
28 46 26
33 357 26
68 1262 26
75 617 26
77 784 26
87 935 26
98 243 26
109 794 26
116 428 26
120 490 26
134 319 26
151 185 26
176 1132 26
180 1058 26
186 220 26
195 1404 26
230 1352 26
264 1167 26
273 489 26
285 857 26
286 357 26
333 396 26
341 615 26
363 1189 26
378 427 26
385 1464 26
386 550 26
405 1454 26
423 892 26
432 1033 26
503 1235 26
506 1475 26
508 769 26
511 905 26
520 1129 26
521 1058 26
551 1470 26
554 1040 26
565 761 26
590 1033 26
600 1249 26
606 1335 26
624 1393 26
648 1330 26
670 836 26
714 1434 26
771 979 26
785 1456 26
816 994 26
827 1312 26
841 1253 26
847 1454 26
851 1219 26
859 1108 26
876 1387 26
893 1036 26
934 1034 26
936 969 26
970 1148 26
992 1314 26
1019 1073 26
1069 1202 26
1133 1173 26
1138 1260 26
1147 1297 26
1211 1226 26
1214 1371 26
1290 1377 26
3 10 27
27 751 27
29 1347 27
31 908 27
32 384 27
55 653 27
59 771 27
78 1277 27
97 962 27
111 245 27
122 708 27
124 991 27
133 237 27
135 661 27
145 360 27
161 685 27
185 1154 27
189 1183 27
193 1289 27
199 599 27
211 548 27
231 1310 27
246 1447 27
247 989 27
257 1210 27
277 1268 27
285 671 27
318 797 27
339 586 27
403 978 27
417 635 27
449 827 27
457 624 27
463 1316 27
471 1424 27
472 1406 27
474 1415 27
476 563 27
482 1223 27
518 1139 27
539 678 27
541 956 27
565 1237 27
602 1368 27
613 981 27
623 850 27
652 1097 27
658 662 27
670 1359 27
690 1271 27
735 1217 27
743 1464 27
750 840 27
783 891 27
808 1295 27
829 895 27
873 1358 27
874 1056 27
953 1052 27
984 1418 27
1015 1183 27
1054 1152 27
1068 1411 27
1158 1443 27
1222 1283 27
1224 1471 27
1261 1276 27
47 823 28
56 881 28
63 124 28
66 996 28
71 930 28
74 685 28
79 409 28
86 668 28
107 341 28
122 368 28
139 1427 28
192 1151 28
232 294 28
245 542 28
291 946 28
301 1403 28
324 481 28
325 766 28
330 515 28
332 926 28
355 1386 28
359 903 28
393 518 28
406 581 28
443 1199 28
453 773 28
496 514 28
497 597 28
538 922 28
540 922 28
547 1224 28
550 664 28
567 1418 28
572 644 28
572 1022 28
652 1368 28
682 1140 28
724 797 28
732 1472 28
774 995 28
783 1016 28
860 990 28
873 912 28
956 1349 28
968 1091 28
984 1132 28
1047 1292 28
1207 1264 28
1338 1419 28
77 1470 29
111 704 29
137 1048 29
153 851 29
170 967 29
210 1466 29
243 1270 29
243 947 29
288 826 29
411 742 29
430 576 29
469 933 29
517 971 29
561 620 29
564 638 29
573 718 29
601 1120 29
622 757 29
652 1418 29
738 820 29
745 891 29
761 1341 29
803 1208 29
881 1442 29
893 1401 29
962 1160 29
1024 1371 29
1346 1421 29
1379 1442 29
32 388 30
38 542 30
63 824 30
275 826 30
373 1320 30
428 812 30
462 1404 30
520 1384 30
544 1280 30
552 1245 30
567 715 30
626 1393 30
666 774 30
728 775 30
907 1450 30
914 1413 30
1091 1427 30
1171 1381 30
41 1414 31
572 975 31
582 668 31
644 870 31
920 1171 31
17 488 32
185 1423 32
398 611 32
516 1058 32
322 1144 33
410 1306 33
131 1189 34
674 756 34
11 54 35
412 438 35
680 841 35
790 1073 35
990 1020 35
74 1210 36
97 1169 36
135 1080 36
214 279 36
322 614 37
625 1011 37
979 1420 37
12 903 38
23 669 38
301 1082 39
0 1353 40
11 1211 40
28 1451 40
107 1044 40
148 224 40
151 1380 40
152 458 40
167 324 40
180 348 40
220 522 40
233 1387 40
240 523 40
241 266 40
281 1447 40
295 1263 40
315 1466 40
345 938 40
455 535 40
462 1246 40
487 961 40
985 1478 40
1008 1385 40
9 444 41
22 543 41
34 606 41
37 143 41
41 190 41
52 1128 41
53 1165 41
59 527 41
72 628 41
81 1045 41
81 1176 41
103 1416 41
110 957 41
121 561 41
152 1005 41
161 1324 41
162 1446 41
183 982 41
186 983 41
198 1223 41
203 622 41
227 433 41
229 347 41
240 899 41
256 530 41
263 1190 41
284 739 41
285 1086 41
301 802 41
325 927 41
326 1413 41
335 369 41
340 727 41
356 1321 41
393 726 41
394 1301 41
400 1001 41
402 410 41
404 925 41
416 1350 41
425 735 41
430 1385 41
449 1243 41
451 475 41
452 863 41
453 1172 41
457 1239 41
475 1352 41
492 1113 41
492 950 41
499 667 41
503 821 41
503 838 41
519 610 41
542 824 41
556 953 41
557 1284 41
574 1478 41
574 1134 41
597 1026 41
610 1085 41
657 774 41
670 1208 41
705 1091 41
713 1301 41
716 914 41
724 900 41
725 1243 41
732 1323 41
736 805 41
743 1277 41
744 783 41
803 934 41
811 1029 41
823 1047 41
825 1072 41
829 1454 41
834 967 41
839 1278 41
842 897 41
849 1224 41
911 1036 41
917 1261 41
955 1473 41
1015 1292 41
1073 1080 41
1167 1427 41
1182 1349 41
1257 1475 41
1281 1398 41
1361 1392 41
6 628 42
14 112 42
15 1322 42
17 61 42
26 143 42
28 633 42
40 926 42
43 1430 42
59 807 42
70 532 42
75 1212 42
76 829 42
79 1139 42
85 993 42
86 260 42
90 631 42
91 466 42
92 314 42
95 877 42
97 591 42
104 1282 42
110 1137 42
115 1267 42
117 1328 42
120 740 42
125 1179 42
128 508 42
130 1331 42
139 426 42
141 1152 42
162 913 42
169 314 42
178 1012 42
178 413 42
180 648 42
181 1328 42
182 603 42
187 230 42
201 1415 42
219 1267 42
220 529 42
226 710 42
229 1424 42
235 546 42
240 625 42
252 1217 42
253 1151 42
253 384 42
258 1449 42
263 472 42
283 1443 42
283 982 42
291 1228 42
307 343 42
323 1473 42
331 726 42
341 1144 42
344 429 42
353 590 42
355 508 42
357 995 42
369 940 42
370 1420 42
382 945 42
387 1047 42
390 1034 42
410 1212 42
415 446 42
420 1308 42
452 1159 42
475 1399 42
481 1191 42
503 1339 42
516 1374 42
516 946 42
520 1231 42
548 1004 42
561 948 42
572 867 42
574 696 42
575 809 42
578 994 42
584 848 42
596 1107 42
629 837 42
649 1213 42
651 1427 42
662 991 42
669 1102 42
690 1332 42
715 1460 42
728 1270 42
736 1145 42
747 1420 42
748 964 42
755 1150 42
768 1463 42
771 1435 42
779 827 42
815 1179 42
825 957 42
830 1322 42
840 1406 42
847 1465 42
853 1194 42
856 899 42
872 970 42
932 1414 42
937 1445 42
941 1303 42
948 1015 42
978 1351 42
981 1045 42
983 1263 42
995 1227 42
1022 1243 42
1027 1303 42
1031 1054 42
1056 1301 42
1057 1066 42
1078 1377 42
1116 1295 42
1144 1366 42
1162 1380 42
1257 1384 42
1295 1334 42
1313 1396 42
0 345 43
3 23 43
7 287 43
11 321 43
19 1001 43
28 629 43
29 177 43
40 1161 43
42 309 43
43 406 43
44 571 43
51 627 43
56 1393 43
69 225 43
75 959 43
82 726 43
84 1391 43
89 687 43
90 436 43
95 1411 43
96 1401 43
96 1412 43
101 345 43
104 311 43
120 379 43
135 494 43
143 1173 43
143 1067 43
146 514 43
152 1461 43
153 579 43
154 1462 43
157 385 43
161 898 43
163 997 43
179 1426 43
184 545 43
185 900 43
200 430 43
206 337 43
221 918 43
222 326 43
229 1285 43
230 1281 43
233 683 43
233 1152 43
240 910 43
242 1457 43
247 902 43
258 903 43
260 790 43
264 292 43
264 1012 43
267 1062 43
268 1286 43
271 456 43
281 1265 43
299 905 43
300 537 43
302 727 43
302 587 43
303 1077 43
308 506 43
325 1274 43
326 356 43
326 607 43
330 1250 43
335 824 43
364 1434 43
372 1105 43
388 935 43
393 586 43
394 412 43
394 1321 43
397 1476 43
398 784 43
401 509 43
408 920 43
408 1441 43
409 1163 43
412 579 43
412 894 43
415 507 43
423 1412 43
425 1090 43
440 470 43
473 1424 43
484 1441 43
486 1243 43
496 956 43
501 1260 43
502 805 43
520 1080 43
521 1384 43
532 572 43
542 1160 43
553 1306 43
555 744 43
569 1009 43
579 674 43
581 998 43
588 710 43
589 1157 43
589 992 43
590 615 43
591 623 43
604 1354 43
610 1439 43
614 1256 43
614 1196 43
625 1017 43
626 705 43
633 1195 43
638 647 43
640 1090 43
640 927 43
659 1327 43
660 1345 43
664 1131 43
665 1414 43
670 948 43
672 704 43
679 948 43
680 724 43
689 1179 43
689 757 43
702 1046 43
715 1120 43
716 1046 43
725 1164 43
758 1036 43
759 801 43
761 1119 43
762 935 43
770 969 43
777 1015 43
781 979 43
787 811 43
798 1115 43
801 1127 43
809 860 43
809 1342 43
829 930 43
837 1228 43
843 878 43
844 1264 43
844 1439 43
869 1044 43
871 1282 43
884 1050 43
897 1333 43
908 1001 43
911 1346 43
915 942 43
925 1374 43
927 1197 43
930 1002 43
934 955 43
934 1329 43
947 1308 43
949 1460 43
953 1125 43
967 1002 43
982 1270 43
1009 1414 43
1023 1137 43
1030 1163 43
1050 1455 43
1055 1424 43
1058 1332 43
1076 1244 43
1092 1212 43
1098 1364 43
1104 1340 43
1124 1165 43
1193 1400 43
1211 1237 43
1212 1324 43
1235 1446 43
1236 1332 43
1275 1304 43
1350 1393 43
1351 1396 43
1475 1476 43
7 1359 44
31 1235 44
38 310 44
43 488 44
44 1463 44
46 446 44
75 858 44
126 236 44
128 423 44
136 633 44
141 160 44
170 1171 44
174 906 44
183 208 44
208 784 44
220 576 44
255 1124 44
258 1403 44
279 1334 44
292 436 44
300 917 44
307 368 44
314 618 44
321 785 44
327 1180 44
352 481 44
359 1119 44
371 667 44
430 626 44
559 681 44
592 702 44
623 977 44
794 979 44
836 1087 44
960 1256 44
969 1329 44
986 1165 44
1005 1032 44
1081 1116 44
1144 1250 44
1226 1275 44
1279 1415 44
3 388 45
13 778 45
14 26 45
19 958 45
24 580 45
25 510 45
30 1411 45
32 529 45
38 1237 45
38 691 45
38 204 45
57 916 45
77 762 45
96 767 45
101 427 45
114 945 45
122 331 45
123 225 45
134 1204 45
145 481 45
150 1057 45
160 531 45
160 492 45
162 234 45
174 411 45
176 1090 45
178 688 45
181 942 45
182 213 45
188 613 45
205 1036 45
205 748 45
209 1172 45
224 538 45
225 1357 45
233 1015 45
235 1446 45
236 1007 45
237 578 45
238 1097 45
240 1245 45
241 419 45
261 1428 45
273 873 45
274 812 45
277 531 45
278 1353 45
282 888 45
282 1067 45
283 762 45
286 1059 45
291 506 45
295 1232 45
297 1254 45
299 935 45
302 752 45
309 712 45
310 925 45
326 1292 45
327 1115 45
331 776 45
337 798 45
338 1479 45
351 1202 45
352 632 45
356 849 45
380 1022 45
394 494 45
402 549 45
406 1049 45
413 483 45
419 1265 45
425 529 45
432 624 45
432 1251 45
450 656 45
456 1035 45
458 1176 45
460 1305 45
465 1264 45
473 1305 45
478 1400 45
482 643 45
486 1403 45
498 719 45
512 549 45
518 582 45
524 1411 45
533 1209 45
539 1260 45
541 735 45
557 862 45
568 1267 45
571 1243 45
581 1390 45
587 1085 45
598 1319 45
600 1170 45
611 1041 45
634 1451 45
634 648 45
642 870 45
643 848 45
644 1346 45
673 724 45
675 1451 45
677 726 45
679 1264 45
683 832 45
689 1198 45
698 720 45
701 1430 45
730 766 45
731 1079 45
739 901 45
741 1240 45
746 1298 45
748 1016 45
750 1374 45
760 1126 45
768 776 45
806 1416 45
829 1446 45
864 1440 45
893 1080 45
897 1042 45
911 1044 45
915 1096 45
919 1158 45
920 1132 45
930 1276 45
958 1390 45
961 1189 45
972 1060 45
981 1150 45
989 1339 45
1003 1189 45
1010 1109 45
1011 1129 45
1011 1177 45
1044 1059 45
1099 1158 45
1141 1426 45
1176 1182 45
1216 1302 45
1310 1366 45
1328 1466 45
1334 1344 45
1365 1456 45
1392 1405 45
0 428 46
1 952 46
5 62 46
14 159 46
23 186 46
40 594 46
43 1277 46
47 285 46
55 1444 46
63 814 46
71 911 46
77 399 46
81 573 46
105 148 46
107 974 46
109 900 46
116 1087 46
127 792 46
138 144 46
139 293 46
151 665 46
151 1247 46
152 656 46
161 1343 46
162 1342 46
167 859 46
167 1171 46
168 957 46
176 577 46
178 1058 46
180 519 46
189 1263 46
192 624 46
193 1124 46
196 410 46
199 859 46
214 385 46
216 541 46
217 1458 46
217 1387 46
217 1210 46
223 487 46
224 1217 46
227 367 46
232 611 46
237 1227 46
239 1068 46
244 732 46
248 1260 46
252 618 46
254 1291 46
254 811 46
266 859 46
276 1184 46
285 709 46
292 831 46
294 946 46
294 1272 46
297 1214 46
300 320 46
302 444 46
304 511 46
310 1194 46
311 1389 46
313 373 46
319 573 46
321 970 46
329 687 46
336 390 46
337 1275 46
347 888 46
353 569 46
356 942 46
357 805 46
374 667 46
376 792 46
377 1326 46
378 999 46
379 1234 46
391 1271 46
408 451 46
413 511 46
422 1146 46
423 916 46
429 1077 46
443 1329 46
447 1346 46
453 499 46
461 777 46
461 1339 46
475 878 46
479 1335 46
484 997 46
490 746 46
509 1154 46
542 867 46
557 1448 46
557 1434 46
574 1037 46
580 1072 46
580 779 46
605 1048 46
616 1052 46
618 1316 46
636 789 46
639 1205 46
640 672 46
673 1445 46
694 1374 46
703 1151 46
706 855 46
732 1297 46
735 1427 46
742 878 46
747 1203 46
750 1016 46
762 1269 46
789 1411 46
793 804 46
797 1049 46
800 1079 46
811 1335 46
813 1376 46
816 988 46
817 1200 46
831 1067 46
848 1317 46
849 972 46
870 1193 46
883 1007 46
886 1214 46
893 1201 46
917 1078 46
926 944 46
926 1231 46
930 979 46
931 1301 46
980 1103 46
980 1002 46
986 1292 46
1009 1315 46
1056 1145 46
1063 1421 46
1084 1405 46
1086 1130 46
1130 1395 46
1131 1330 46
1141 1479 46
1255 1420 46
1266 1288 46
1297 1442 46
1374 1470 46
5 207 47
16 1321 47
28 1322 47
33 787 47
34 263 47
34 1039 47
39 87 47
45 151 47
66 322 47
82 1149 47
96 812 47
98 475 47
116 299 47
130 870 47
137 769 47
137 722 47
138 270 47
156 444 47
159 1327 47
165 707 47
167 1468 47
168 174 47
172 778 47
172 293 47
195 905 47
206 565 47
207 1375 47
253 836 47
253 648 47
259 1033 47
266 1191 47
268 887 47
270 545 47
289 906 47
292 393 47
299 1390 47
328 1128 47
331 1276 47
360 804 47
384 1111 47
404 871 47
407 798 47
408 494 47
421 900 47
427 755 47
428 1411 47
431 1309 47
444 1287 47
449 618 47
449 540 47
450 1123 47
453 1446 47
459 1020 47
460 1134 47
482 904 47
487 628 47
496 568 47
510 877 47
511 653 47
513 1041 47
543 990 47
547 898 47
556 1105 47
557 721 47
559 1293 47
568 1474 47
575 720 47
576 1362 47
576 1247 47
622 714 47
627 656 47
636 749 47
648 1364 47
651 872 47
678 1334 47
680 1073 47
687 1313 47
689 815 47
689 810 47
697 780 47
718 1047 47
720 1268 47
736 1229 47
745 1251 47
764 1441 47
780 1332 47
787 994 47
789 1369 47
789 1051 47
808 1291 47
823 855 47
904 1330 47
906 1295 47
908 1234 47
973 1165 47
994 1386 47
1036 1314 47
1048 1247 47
1064 1122 47
1065 1079 47
1068 1229 47
1104 1435 47
1151 1402 47
1157 1479 47
1160 1464 47
1168 1310 47
1215 1234 47
1345 1479 47
8 1295 48
13 1009 48
18 1237 48
19 834 48
50 900 48
53 1434 48
54 1171 48
75 1221 48
92 617 48
103 1235 48
103 1393 48
103 340 48
107 674 48
109 669 48
111 703 48
130 202 48
137 466 48
138 901 48
149 1457 48
157 835 48
166 1033 48
166 199 48
185 1203 48
187 450 48
194 1354 48
199 1057 48
199 1109 48
200 803 48
204 1399 48
206 323 48
224 1250 48
236 1258 48
244 893 48
246 374 48
247 661 48
249 1367 48
250 431 48
256 1029 48
259 561 48
261 395 48
273 1478 48
284 938 48
290 1002 48
290 479 48
318 1364 48
321 1136 48
321 619 48
329 1366 48
332 624 48
336 1402 48
364 1178 48
369 1083 48
377 964 48
388 1189 48
390 1400 48
391 628 48
411 912 48
421 1196 48
428 846 48
479 1062 48
484 488 48
496 1125 48
533 671 48
542 1157 48
564 611 48
571 1418 48
575 1037 48
587 1466 48
589 1210 48
590 694 48
590 815 48
620 1461 48
628 950 48
634 1134 48
664 1442 48
671 795 48
672 745 48
673 1476 48
682 925 48
696 1216 48
719 1075 48
720 1068 48
750 924 48
769 1165 48
771 1465 48
775 1021 48
778 786 48
797 823 48
833 881 48
838 1476 48
843 1153 48
868 991 48
907 989 48
922 1187 48
936 1326 48
989 1447 48
1003 1300 48
1066 1276 48
1088 1457 48
1168 1311 48
1187 1416 48
1191 1407 48
1192 1279 48
1222 1402 48
1229 1375 48
1235 1436 48
1269 1354 48
1296 1437 48
1299 1479 48
1341 1431 48
1 364 49
9 973 49
22 1038 49
75 1109 49
106 243 49
126 1168 49
156 895 49
157 1059 49
256 1035 49
274 349 49
293 715 49
299 1130 49
331 870 49
347 721 49
370 1164 49
378 821 49
556 1220 49
565 882 49
624 1207 49
699 1239 49
810 886 49
840 1444 49
858 1189 49
893 1401 49
926 1348 49
946 1113 49
1124 1291 49
1152 1261 49
3 432 50
7 339 50
10 521 50
41 396 50
54 745 50
61 1275 50
63 634 50
65 915 50
90 116 50
91 633 50
113 379 50
117 368 50
128 889 50
159 504 50
178 444 50
199 1297 50
224 1291 50
233 547 50
244 856 50
247 972 50
248 1263 50
252 587 50
258 1219 50
261 620 50
273 1103 50
278 448 50
348 793 50
387 1389 50
391 1148 50
423 454 50
435 1158 50
447 1253 50
469 676 50
501 703 50
524 931 50
530 641 50
614 1370 50
618 809 50
642 1034 50
657 1438 50
698 834 50
702 1046 50
713 1381 50
715 950 50
718 925 50
746 1298 50
746 1217 50
768 911 50
771 1244 50
824 1203 50
842 938 50
852 1377 50
873 1046 50
890 1273 50
941 980 50
955 956 50
980 1006 50
1094 1128 50
1113 1302 50
1144 1421 50
1170 1462 50
30 615 51
42 964 51
54 675 51
55 525 51
59 959 51
75 781 51
82 1335 51
97 648 51
100 1362 51
111 1020 51
151 1219 51
151 447 51
179 465 51
227 1030 51
242 1242 51
256 943 51
261 885 51
268 824 51
281 374 51
284 868 51
298 1258 51
345 1049 51
353 770 51
416 604 51
441 706 51
463 776 51
496 956 51
497 616 51
501 549 51
505 1172 51
549 1404 51
613 913 51
636 1367 51
646 1437 51
646 962 51
656 1015 51
701 1454 51
702 839 51
758 952 51
760 1335 51
773 1467 51
804 994 51
829 933 51
836 900 51
852 856 51
858 1115 51
877 1323 51
904 1229 51
931 1249 51
939 1283 51
971 1084 51
998 1214 51
1064 1116 51
1109 1302 51
1144 1336 51
1160 1465 51
1181 1369 51
1217 1230 51
1239 1354 51
1281 1355 51
1328 1451 51
1344 1479 51
1360 1445 51
1473 1477 51
64 1375 52
65 1450 52
239 717 52
259 1087 52
267 828 52
316 332 52
388 648 52
419 1349 52
473 573 52
520 1180 52
643 929 52
695 1122 52
812 1333 52
30 1349 53
114 1431 53
120 270 53
143 1249 53
193 946 53
223 1340 53
234 303 53
269 447 53
276 418 53
284 1119 53
324 968 53
377 734 53
381 914 53
385 1183 53
389 1125 53
416 1322 53
435 1275 53
451 1223 53
459 799 53
675 865 53
684 881 53
726 845 53
750 1318 53
788 805 53
818 885 53
835 1409 53
840 845 53
841 885 53
920 1076 53
923 1010 53
926 1149 53
1072 1199 53
9 270 54
13 594 54
20 36 54
39 1087 54
41 926 54
102 654 54
118 1392 54
149 282 54
150 349 54
153 191 54
159 293 54
189 290 54
216 1070 54
228 974 54
266 1339 54
290 1320 54
386 889 54
417 959 54
426 515 54
447 486 54
478 1475 54
484 978 54
508 533 54
522 603 54
561 1007 54
581 1216 54
630 879 54
643 1209 54
717 1340 54
779 1232 54
792 1279 54
795 1068 54
806 1154 54
855 1304 54
1027 1249 54
1045 1104 54
1070 1363 54
1117 1297 54
1241 1267 54
1401 1410 54
5 442 55
21 516 55
21 1220 55
22 721 55
26 1342 55
27 1362 55
33 105 55
47 1288 55
63 674 55
66 912 55
69 1164 55
82 409 55
85 935 55
91 849 55
101 339 55
104 1343 55
105 538 55
110 1040 55
124 309 55
128 450 55
136 249 55
136 1465 55
136 340 55
140 595 55
147 738 55
150 487 55
151 480 55
159 701 55
161 338 55
184 423 55
188 304 55
199 1204 55
203 390 55
205 646 55
210 618 55
211 607 55
219 520 55
227 251 55
231 548 55
236 1435 55
239 288 55
255 722 55
256 1301 55
257 328 55
274 1051 55
286 1177 55
288 392 55
305 580 55
313 484 55
314 775 55
316 460 55
319 444 55
326 1464 55
328 342 55
334 941 55
336 1460 55
338 828 55
381 1450 55
396 987 55
411 1461 55
419 1202 55
420 1421 55
423 1129 55
437 549 55
467 1108 55
482 608 55
488 1459 55
494 917 55
514 1410 55
518 1460 55
530 754 55
544 1350 55
553 1397 55
562 1239 55
582 1432 55
592 1323 55
593 1326 55
596 1249 55
609 1292 55
669 1249 55
670 1327 55
677 718 55
697 999 55
738 1376 55
740 1287 55
768 945 55
790 835 55
792 1156 55
796 1222 55
813 940 55
813 1451 55
820 1471 55
874 1034 55
887 1401 55
889 964 55
915 1445 55
932 1317 55
999 1119 55
1051 1245 55
1127 1223 55
1140 1163 55
1149 1463 55
1159 1409 55
1183 1477 55
1196 1317 55
1222 1447 55
1227 1393 55
1234 1252 55
1234 1245 55
1271 1418 55
1319 1374 55
1336 1379 55
1339 1434 55
3 1431 56
7 407 56
8 623 56
14 30 56
30 239 56
46 834 56
50 277 56
52 332 56
62 599 56
71 391 56
72 177 56
90 435 56
93 1391 56
96 781 56
103 647 56
115 1016 56
116 971 56
140 1032 56
146 489 56
147 202 56
147 1452 56
153 728 56
155 512 56
156 1470 56
164 593 56
172 1437 56
172 658 56
177 385 56
183 940 56
185 425 56
204 723 56
208 486 56
209 1031 56
218 1371 56
219 527 56
230 392 56
245 906 56
250 874 56
251 1158 56
259 862 56
266 671 56
267 1275 56
280 882 56
283 1445 56
285 1178 56
292 1039 56
297 676 56
302 1072 56
303 477 56
311 628 56
322 1159 56
331 1012 56
334 1326 56
346 960 56
381 436 56
396 804 56
396 1096 56
399 1308 56
419 840 56
441 1449 56
444 650 56
450 1162 56
453 622 56
460 854 56
461 601 56
469 488 56
474 900 56
490 1172 56
496 1279 56
525 1033 56
528 929 56
545 1262 56
547 1179 56
582 1249 56
583 705 56
586 1272 56
586 1218 56
590 1208 56
609 883 56
634 1285 56
634 851 56
661 1280 56
664 1361 56
696 1134 56
698 1024 56
705 1477 56
719 1061 56
737 804 56
749 801 56
769 845 56
776 1349 56
792 891 56
807 1198 56
811 1195 56
833 885 56
848 1016 56
849 1086 56
852 1150 56
854 1323 56
863 1151 56
868 954 56
884 1271 56
913 1069 56
933 1398 56
942 1347 56
962 1166 56
968 1306 56
1011 1387 56
1071 1469 56
1074 1420 56
1079 1209 56
1082 1148 56
1186 1282 56
1195 1247 56
1199 1257 56
1205 1355 56
1240 1449 56
1 31 57
4 229 57
10 425 57
14 176 57
19 150 57
30 1313 57
41 1082 57
48 1430 57
51 1052 57
57 1030 57
59 256 57
65 1358 57
75 84 57
78 284 57
83 1188 57
85 602 57
86 375 57
93 364 57
95 420 57
101 1376 57
104 1365 57
107 1357 57
121 1462 57
126 311 57
154 842 57
155 526 57
174 358 57
184 336 57
187 1021 57
188 446 57
194 1365 57
197 228 57
216 1115 57
225 587 57
234 1218 57
237 733 57
240 1018 57
264 1012 57
266 283 57
282 417 57
282 1406 57
283 401 57
287 724 57
294 1031 57
319 794 57
322 830 57
374 753 57
386 434 57
390 1469 57
401 673 57
404 486 57
418 656 57
450 974 57
477 664 57
478 1007 57
495 1368 57
508 1138 57
531 705 57
533 951 57
541 578 57
551 972 57
564 973 57
577 1470 57
583 949 57
589 1011 57
592 1347 57
597 1436 57
644 758 57
648 902 57
651 1458 57
665 1283 57
691 1306 57
698 1044 57
699 1010 57
729 936 57
741 1200 57
792 860 57
841 1090 57
858 892 57
879 1243 57
895 1201 57
904 1102 57
949 1330 57
975 1474 57
1019 1349 57
1038 1209 57
1046 1460 57
1127 1132 57
1154 1446 57
1168 1231 57
1188 1353 57
1228 1279 57
1271 1460 57
1280 1323 57
1302 1389 57
1335 1433 57
3 1372 58
16 235 58
18 1084 58
20 1002 58
40 126 58
42 1212 58
53 1325 58
68 560 58
77 1433 58
78 1136 58
86 1162 58
86 295 58
88 701 58
99 150 58
110 876 58
114 438 58
135 1375 58
139 436 58
146 503 58
147 1164 58
150 865 58
165 443 58
171 581 58
180 841 58
194 779 58
196 1184 58
200 1176 58
212 973 58
212 1061 58
213 1178 58
235 412 58
237 769 58
240 1394 58
242 656 58
243 317 58
255 357 58
264 904 58
274 766 58
293 1091 58
308 570 58
323 1075 58
324 1132 58
345 1118 58
345 1226 58
355 1049 58
357 1100 58
367 1367 58
371 648 58
382 793 58
390 652 58
415 1394 58
418 1206 58
420 470 58
435 1390 58
437 1359 58
454 873 58
463 1257 58
484 1468 58
489 1355 58
516 1098 58
528 1345 58
540 1153 58
557 1348 58
560 561 58
584 1340 58
604 1074 58
623 1389 58
654 995 58
661 1303 58
676 1311 58
686 1071 58
690 1046 58
695 860 58
749 1117 58
769 1224 58
770 1387 58
786 1181 58
801 910 58
819 1462 58
847 1434 58
850 1251 58
862 1181 58
865 1278 58
874 1194 58
880 1325 58
947 1140 58
1017 1329 58
1018 1053 58
1023 1402 58
1105 1214 58
10 236 59
28 539 59
37 285 59
55 1075 59
95 736 59
101 938 59
108 1219 59
140 1479 59
140 1378 59
160 1139 59
191 1424 59
221 1392 59
222 463 59
253 1251 59
276 749 59
289 661 59
292 724 59
298 1112 59
298 1237 59
308 575 59
313 464 59
317 379 59
317 1138 59
355 1131 59
356 1079 59
379 1419 59
380 997 59
389 1351 59
391 774 59
392 1085 59
407 1339 59
428 693 59
448 999 59
461 567 59
474 832 59
480 1476 59
498 1338 59
534 1270 59
556 1353 59
569 1065 59
569 988 59
602 1475 59
604 1029 59
625 1244 59
625 1081 59
627 729 59
628 802 59
650 1273 59
669 1187 59
673 1034 59
684 960 59
706 1012 59
711 766 59
728 821 59
744 1156 59
761 1435 59
849 1391 59
852 1236 59
860 1012 59
945 1238 59
985 1353 59
991 1346 59
1038 1290 59
1085 1469 59
1105 1334 59
1307 1341 59
21 1252 60
27 1016 60
38 1032 60
90 777 60
99 1386 60
104 172 60
109 367 60
144 1159 60
162 1226 60
167 750 60
180 1279 60
268 906 60
290 1158 60
291 856 60
382 1207 60
382 880 60
412 497 60
426 1096 60
491 1260 60
553 1123 60
555 1104 60
720 1299 60
997 1442 60
1168 1466 60
