5 851 0
5 84 0
11 802 0
20 1429 0
30 323 0
50 1063 0
53 782 0
53 247 0
80 1148 0
80 123 0
92 1295 0
97 1183 0
103 691 0
106 1384 0
119 334 0
121 453 0
123 670 0
127 172 0
137 893 0
154 434 0
167 587 0
169 910 0
179 938 0
194 508 0
217 308 0
225 737 0
232 912 0
232 1177 0
243 1472 0
251 424 0
262 1220 0
271 1471 0
271 1189 0
282 948 0
301 320 0
319 634 0
338 1249 0
338 878 0
342 1086 0
351 1292 0
375 1026 0
377 1048 0
388 728 0
390 865 0
421 900 0
423 1468 0
424 846 0
424 801 0
428 711 0
434 739 0
471 570 0
484 887 0
513 965 0
527 900 0
537 1378 0
565 1296 0
571 944 0
574 1348 0
581 889 0
594 607 0
621 895 0
628 1191 0
632 969 0
647 873 0
648 1212 0
670 1296 0
670 732 0
684 1460 0
691 1136 0
709 1215 0
720 931 0
723 916 0
729 1173 0
749 1215 0
766 1112 0
788 1149 0
835 887 0
877 997 0
894 977 0
899 1393 0
907 1278 0
909 1270 0
998 1404 0
1021 1341 0
1034 1117 0
1159 1470 0
1189 1373 0
1198 1360 0
1248 1389 0
1272 1338 0
1319 1332 0
11 1047 1
34 652 1
37 1402 1
43 407 1
46 60 1
56 151 1
75 1476 1
83 731 1
84 996 1
91 1217 1
122 623 1
123 1058 1
136 943 1
139 769 1
155 554 1
165 778 1
172 1290 1
193 1304 1
198 729 1
212 1383 1
219 1427 1
221 1396 1
232 1301 1
238 1205 1
255 601 1
257 1110 1
258 364 1
287 1246 1
295 424 1
302 1174 1
317 1090 1
320 1207 1
337 538 1
345 643 1
359 876 1
397 841 1
401 1010 1
423 1267 1
434 799 1
450 651 1
473 1466 1
475 860 1
484 1112 1
486 846 1
497 1240 1
518 1038 1
542 1441 1
542 732 1
577 746 1
617 1015 1
718 1390 1
725 977 1
761 1290 1
769 784 1
789 1045 1
813 837 1
840 854 1
851 1160 1
872 1029 1
893 1038 1
929 1365 1
931 1217 1
941 963 1
948 1138 1
964 1198 1
984 1015 1
1005 1106 1
1025 1200 1
1026 1426 1
1030 1305 1
1032 1147 1
1037 1208 1
1040 1265 1
1085 1124 1
1114 1303 1
1154 1406 1
1163 1335 1
1178 1413 1
1202 1438 1
8 338 2
9 309 2
13 1213 2
14 630 2
16 449 2
19 470 2
37 46 2
63 89 2
63 330 2
68 1138 2
71 777 2
72 593 2
80 445 2
91 1336 2
101 830 2
102 774 2
103 710 2
103 1144 2
106 989 2
115 1119 2
123 188 2
124 978 2
138 544 2
142 787 2
143 1445 2
146 1405 2
152 301 2
153 956 2
165 1277 2
166 1439 2
167 1373 2
183 1255 2
188 663 2
193 1376 2
202 280 2
209 1457 2
233 419 2
238 956 2
248 1474 2
256 1298 2
258 669 2
268 962 2
278 906 2
295 1396 2
299 866 2
302 1429 2
322 649 2
340 639 2
343 645 2
358 646 2
370 938 2
371 434 2
373 1102 2
373 1291 2
381 1137 2
386 487 2
398 1437 2
405 1350 2
407 997 2
409 999 2
412 1429 2
414 462 2
420 1087 2
428 589 2
435 547 2
442 1081 2
444 564 2
453 951 2
463 494 2
475 1453 2
477 1414 2
484 1430 2
500 526 2
513 608 2
521 966 2
521 846 2
529 1137 2
544 1450 2
544 656 2
551 1438 2
551 936 2
572 955 2
575 824 2
603 1034 2
616 1130 2
618 1240 2
644 1184 2
655 957 2
669 765 2
672 1252 2
685 1101 2
697 1064 2
708 820 2
713 1395 2
716 829 2
718 976 2
725 1218 2
727 1026 2
752 1150 2
757 849 2
783 1374 2
793 1123 2
811 1115 2
815 931 2
826 1230 2
838 1324 2
889 1451 2
906 1052 2
914 1179 2
945 1136 2
951 994 2
961 1092 2
993 1096 2
998 1049 2
1009 1292 2
1016 1364 2
1039 1217 2
1059 1415 2
1062 1449 2
1077 1313 2
1100 1179 2
1137 1405 2
1164 1443 2
1204 1464 2
2 1383 3
6 227 3
43 236 3
56 1088 3
67 1226 3
69 726 3
71 821 3
78 871 3
80 498 3
87 1191 3
91 1066 3
91 1386 3
91 730 3
92 1176 3
98 797 3
101 144 3
118 163 3
141 157 3
146 369 3
158 1371 3
176 263 3
183 205 3
191 1117 3
195 895 3
195 1344 3
198 690 3
209 433 3
215 588 3
216 1105 3
225 532 3
265 1414 3
272 763 3
274 538 3
274 962 3
275 1398 3
320 1207 3
339 1325 3
356 1302 3
370 1360 3
408 738 3
444 1412 3
469 570 3
470 1213 3
474 1028 3
494 1061 3
522 989 3
525 1328 3
558 1032 3
558 937 3
560 858 3
602 969 3
607 1085 3
621 832 3
621 777 3
623 1334 3
623 952 3
624 1291 3
631 1125 3
667 933 3
673 784 3
693 1241 3
704 896 3
724 1279 3
727 1145 3
740 1019 3
798 1180 3
800 999 3
831 1383 3
842 1350 3
851 1049 3
879 1139 3
906 954 3
959 1112 3
976 1361 3
1049 1277 3
1092 1143 3
1093 1280 3
1097 1228 3
1111 1128 3
1181 1325 3
1183 1206 3
1186 1189 3
1226 1297 3
1304 1423 3
1320 1418 3
1352 1356 3
21 1220 4
38 617 4
54 761 4
66 979 4
71 1288 4
75 428 4
83 1354 4
88 745 4
89 169 4
95 664 4
115 839 4
126 449 4
134 1374 4
136 1262 4
141 668 4
160 1075 4
167 944 4
170 246 4
215 265 4
219 618 4
230 692 4
243 1330 4
251 735 4
254 1365 4
265 860 4
272 436 4
274 1425 4
323 731 4
325 645 4
327 1244 4
336 597 4
344 932 4
348 1067 4
353 459 4
357 423 4
382 1293 4
391 512 4
394 1016 4
405 1425 4
414 694 4
435 979 4
460 593 4
463 1417 4
464 555 4
466 900 4
483 878 4
488 519 4
495 1069 4
499 1099 4
505 1289 4
506 1444 4
540 1360 4
561 1125 4
565 886 4
568 1217 4
595 1264 4
599 660 4
601 922 4
608 623 4
621 874 4
635 1201 4
654 1284 4
660 817 4
678 968 4
680 1120 4
697 1233 4
705 811 4
716 1373 4
719 1129 4
736 1374 4
739 963 4
745 1309 4
745 1274 4
759 1013 4
763 899 4
782 919 4
791 994 4
823 1031 4
872 1051 4
898 979 4
916 1147 4
919 1374 4
931 1451 4
967 1066 4
1012 1270 4
1032 1149 4
1064 1164 4
1080 1241 4
1087 1352 4
1134 1304 4
1144 1451 4
1154 1209 4
1165 1442 4
1181 1288 4
1210 1431 4
1218 1415 4
1222 1425 4
1304 1351 4
7 892 5
32 705 5
76 1397 5
84 433 5
105 668 5
126 1442 5
128 1421 5
133 557 5
171 564 5
190 546 5
200 201 5
223 294 5
224 840 5
248 509 5
276 783 5
287 387 5
287 633 5
292 1269 5
314 555 5
329 350 5
348 585 5
358 1110 5
370 787 5
388 1331 5
410 1339 5
417 1363 5
454 889 5
544 1277 5
597 728 5
614 890 5
643 720 5
691 719 5
715 908 5
721 728 5
787 1072 5
867 1105 5
867 1004 5
879 967 5
897 1468 5
897 1178 5
929 1093 5
943 1270 5
962 1279 5
1014 1291 5
1021 1357 5
1120 1355 5
1192 1320 5
1218 1269 5
4 585 6
8 671 6
29 429 6
104 1121 6
122 780 6
141 746 6
216 278 6
226 831 6
251 1261 6
291 374 6
300 907 6
302 372 6
306 726 6
317 1233 6
317 1370 6
327 839 6
341 897 6
363 1360 6
434 449 6
477 782 6
513 1469 6
525 966 6
544 793 6
581 972 6
598 881 6
730 1441 6
776 1464 6
784 1262 6
803 1018 6
840 1233 6
843 1344 6
861 871 6
1068 1185 6
1107 1326 6
1163 1167 6
1247 1411 6
1264 1288 6
0 134 7
16 492 7
33 125 7
54 1460 7
58 865 7
67 588 7
78 1006 7
100 840 7
109 1320 7
182 337 7
193 1272 7
220 1109 7
249 1200 7
274 1263 7
314 840 7
330 1054 7
340 1295 7
387 791 7
417 1060 7
496 1219 7
548 1330 7
613 923 7
633 947 7
644 1025 7
696 916 7
765 1061 7
820 1008 7
832 945 7
865 928 7
879 1091 7
1061 1292 7
1067 1343 7
1123 1143 7
1198 1263 7
1313 1341 7
1457 1472 7
1 905 8
11 152 8
35 679 8
52 480 8
56 1326 8
66 413 8
85 1153 8
94 164 8
125 1052 8
126 1214 8
144 1004 8
154 765 8
191 1293 8
195 1161 8
205 910 8
226 752 8
235 1392 8
255 580 8
256 1167 8
298 1016 8
303 1022 8
334 880 8
341 690 8
353 1120 8
354 865 8
371 1395 8
379 1370 8
393 1181 8
393 827 8
397 1273 8
409 1032 8
442 1371 8
463 624 8
465 765 8
498 1380 8
549 866 8
569 1449 8
593 1179 8
611 1447 8
628 1445 8
692 1229 8
693 1057 8
709 841 8
726 1125 8
732 841 8
767 1044 8
777 829 8
811 878 8
917 1305 8
953 1039 8
1075 1169 8
1110 1199 8
1224 1301 8
1 1292 9
1 892 9
2 459 9
5 818 9
6 669 9
6 1286 9
10 951 9
16 435 9
19 879 9
19 558 9
25 1106 9
32 368 9
33 446 9
39 1114 9
40 1015 9
43 443 9
59 214 9
63 130 9
76 817 9
81 1142 9
82 1207 9
85 1108 9
85 744 9
88 421 9
92 635 9
95 776 9
97 244 9
101 1011 9
101 120 9
117 764 9
123 1324 9
130 1055 9
133 218 9
136 1460 9
136 651 9
141 586 9
141 426 9
141 485 9
146 1320 9
147 1403 9
154 751 9
161 425 9
162 1402 9
168 222 9
185 444 9
189 1038 9
190 978 9
193 846 9
195 878 9
195 377 9
197 1212 9
197 1419 9
201 1303 9
202 1000 9
204 992 9
205 1269 9
206 921 9
218 837 9
221 479 9
222 297 9
222 507 9
237 849 9
237 1390 9
239 708 9
249 803 9
251 570 9
253 446 9
257 459 9
261 278 9
267 900 9
282 892 9
284 1147 9
293 1229 9
299 1186 9
300 489 9
307 1158 9
311 578 9
315 900 9
329 730 9
333 653 9
335 636 9
344 1478 9
348 579 9
348 971 9
351 1348 9
355 1047 9
356 895 9
358 1031 9
360 545 9
363 787 9
365 1310 9
387 1416 9
390 1359 9
397 792 9
399 826 9
399 802 9
407 954 9
417 1227 9
423 1069 9
424 517 9
431 469 9
438 721 9
448 1384 9
457 1079 9
465 1006 9
468 801 9
469 713 9
470 689 9
476 632 9
480 710 9
489 725 9
493 1117 9
496 872 9
509 1182 9
512 611 9
524 845 9
529 1322 9
532 564 9
539 1013 9
542 1187 9
543 1130 9
557 1090 9
559 1220 9
559 1404 9
563 928 9
568 1324 9
573 1096 9
583 1182 9
587 954 9
588 1211 9
598 672 9
601 965 9
603 1110 9
607 1067 9
615 995 9
623 1457 9
639 908 9
641 905 9
641 1474 9
643 950 9
648 735 9
677 781 9
685 1338 9
688 1077 9
693 1116 9
718 907 9
719 837 9
719 951 9
732 1111 9
740 1250 9
742 1196 9
746 1162 9
751 1310 9
751 833 9
757 1346 9
761 1255 9
770 1245 9
781 895 9
783 921 9
785 919 9
787 876 9
792 972 9
793 1118 9
806 820 9
808 1391 9
833 1371 9
842 1195 9
843 949 9
847 1128 9
848 946 9
849 1043 9
852 1159 9
871 1205 9
880 1277 9
886 913 9
910 1299 9
913 1021 9
924 1401 9
932 980 9
933 1175 9
937 1329 9
938 1048 9
945 1059 9
955 1270 9
963 1171 9
963 1173 9
973 1396 9
991 1123 9
995 1112 9
998 1444 9
1018 1342 9
1047 1140 9
1052 1265 9
1072 1187 9
1103 1426 9
1131 1272 9
1221 1362 9
1229 1344 9
1232 1275 9
1283 1335 9
1315 1415 9
1380 1453 9
33 540 10
36 703 10
56 1341 10
76 1442 10
85 1206 10
87 1354 10
112 1132 10
126 357 10
135 1131 10
149 359 10
170 926 10
198 295 10
212 727 10
214 1289 10
230 684 10
230 1131 10
231 834 10
233 1001 10
244 1467 10
254 789 10
261 1337 10
264 948 10
304 905 10
344 1369 10
347 1371 10
356 1413 10
357 1470 10
471 881 10
480 1423 10
483 1467 10
490 750 10
502 631 10
525 772 10
529 1434 10
533 1060 10
554 1231 10
616 879 10
676 1016 10
681 865 10
687 941 10
691 874 10
697 964 10
711 1230 10
712 1080 10
717 1392 10
729 1221 10
736 1325 10
736 1224 10
794 865 10
807 933 10
811 878 10
818 1114 10
819 1376 10
849 1096 10
854 1057 10
920 1087 10
921 1063 10
944 1441 10
967 1124 10
992 1324 10
1018 1243 10
1027 1204 10
1050 1256 10
1088 1244 10
1193 1417 10
1197 1380 10
1230 1476 10
1247 1371 10
1264 1286 10
1330 1371 10
4 200 11
9 1192 11
9 74 11
44 1347 11
62 1219 11
63 1367 11
68 341 11
70 1266 11
74 199 11
76 377 11
77 1253 11
79 1198 11
80 104 11
82 679 11
83 792 11
87 237 11
87 650 11
90 1323 11
93 1202 11
95 321 11
96 209 11
97 592 11
99 1365 11
103 1458 11
105 1003 11
107 229 11
108 342 11
116 411 11
122 665 11
125 771 11
127 627 11
138 1216 11
156 374 11
158 228 11
163 227 11
168 849 11
173 728 11
174 903 11
175 1229 11
177 1296 11
179 1082 11
183 373 11
183 272 11
191 215 11
193 1040 11
196 252 11
201 951 11
205 1311 11
218 665 11
219 774 11
221 560 11
223 326 11
226 939 11
229 358 11
249 370 11
258 351 11
262 844 11
267 638 11
274 875 11
274 1280 11
277 430 11
279 540 11
281 746 11
286 692 11
287 1419 11
287 714 11
300 401 11
301 319 11
304 566 11
309 443 11
312 452 11
338 1403 11
338 1414 11
343 608 11
348 786 11
350 870 11
351 1291 11
355 392 11
356 442 11
359 993 11
361 1466 11
362 1284 11
366 889 11
386 1018 11
394 1108 11
395 840 11
398 588 11
403 802 11
420 782 11
428 1148 11
428 905 11
444 1023 11
447 857 11
452 1196 11
470 717 11
472 879 11
472 1409 11
483 1382 11
486 1273 11
489 987 11
498 1332 11
498 1235 11
499 781 11
501 757 11
506 781 11
506 1347 11
507 1179 11
530 1098 11
530 745 11
533 1024 11
537 918 11
544 735 11
551 1237 11
551 1364 11
565 589 11
587 1129 11
589 988 11
591 848 11
600 985 11
600 841 11
603 905 11
606 1014 11
607 978 11
616 916 11
617 1385 11
623 842 11
623 821 11
630 933 11
632 1055 11
644 1373 11
644 1095 11
646 1216 11
650 1381 11
661 954 11
666 1392 11
699 883 11
710 1149 11
715 1354 11
716 1015 11
722 1344 11
734 1342 11
748 1086 11
749 1225 11
749 915 11
750 910 11
750 992 11
756 882 11
757 1405 11
758 1380 11
772 1186 11
772 982 11
783 1302 11
801 1317 11
814 1167 11
836 873 11
846 1317 11
853 1103 11
865 1019 11
879 1479 11
890 1294 11
928 1384 11
931 1229 11
942 1086 11
961 967 11
973 1050 11
979 1046 11
1005 1088 11
1007 1471 11
1018 1438 11
1029 1333 11
1046 1189 11
1116 1226 11
1118 1251 11
1127 1235 11
1151 1370 11
1152 1316 11
1159 1232 11
1182 1398 11
1235 1357 11
1251 1263 11
1265 1273 11
1272 1445 11
1283 1451 11
1308 1338 11
1308 1381 11
1376 1478 11
1384 1386 11
2 1479 12
9 1365 12
19 797 12
20 1030 12
22 866 12
27 1452 12
35 435 12
35 774 12
41 338 12
43 630 12
44 132 12
45 67 12
51 736 12
69 1201 12
75 1117 12
81 770 12
81 870 12
87 1168 12
89 283 12
100 1126 12
109 1138 12
117 570 12
121 138 12
125 555 12
142 756 12
143 450 12
144 196 12
160 1179 12
160 1096 12
160 1043 12
161 382 12
182 1405 12
205 1163 12
217 1040 12
223 502 12
227 970 12
234 427 12
237 606 12
242 377 12
244 403 12
256 463 12
271 1329 12
292 1003 12
293 733 12
297 1176 12
311 475 12
314 1079 12
319 477 12
322 1059 12
325 573 12
337 845 12
349 617 12
354 783 12
354 864 12
366 550 12
372 852 12
415 1462 12
435 1234 12
447 1021 12
463 931 12
466 978 12
476 1344 12
477 1291 12
510 1253 12
520 1094 12
523 1291 12
527 1056 12
562 646 12
568 1120 12
568 1232 12
582 630 12
610 1318 12
611 1397 12
611 624 12
611 1021 12
626 785 12
702 1132 12
706 1041 12
716 1089 12
749 1476 12
758 1120 12
762 910 12
785 1479 12
816 1284 12
820 999 12
823 1408 12
843 1443 12
879 1004 12
898 1125 12
912 1255 12
949 1182 12
954 1292 12
954 1134 12
989 1306 12
1004 1297 12
1009 1206 12
1029 1084 12
1050 1393 12
1066 1209 12
1078 1254 12
1092 1456 12
1112 1368 12
1156 1369 12
1240 1411 12
1246 1341 12
1264 1460 12
1269 1279 12
1354 1382 12
19 207 13
64 425 13
69 312 13
70 294 13
70 901 13
94 1126 13
100 1433 13
123 293 13
127 875 13
129 1463 13
176 838 13
315 811 13
324 1195 13
374 1302 13
382 1148 13
419 1057 13
423 821 13
440 669 13
514 1109 13
522 530 13
610 972 13
729 1430 13
763 1214 13
775 804 13
887 1348 13
900 1131 13
977 1471 13
990 1089 13
993 1155 13
1011 1302 13
1034 1300 13
1055 1324 13
1153 1271 13
1193 1479 13
3 1326 14
10 653 14
12 1449 14
15 516 14
15 401 14
17 90 14
18 546 14
19 1209 14
25 1338 14
34 845 14
37 480 14
39 871 14
39 193 14
45 379 14
48 533 14
60 1028 14
62 586 14
65 450 14
66 384 14
70 592 14
80 1051 14
82 1199 14
83 1111 14
84 249 14
85 253 14
88 337 14
107 158 14
108 466 14
109 135 14
120 257 14
127 589 14
127 1164 14
128 1056 14
137 882 14
138 1358 14
146 1179 14
151 1074 14
161 1217 14
167 1388 14
168 240 14
171 519 14
183 523 14
184 1322 14
189 721 14
191 1392 14
194 639 14
195 348 14
195 981 14
196 290 14
199 321 14
201 1085 14
212 1445 14
221 919 14
227 1268 14
236 1198 14
262 1451 14
267 1306 14
278 436 14
279 528 14
284 1343 14
303 371 14
312 640 14
324 1066 14
326 517 14
326 459 14
335 1045 14
335 1046 14
342 1096 14
343 1461 14
343 361 14
352 975 14
354 669 14
358 588 14
365 1150 14
365 1211 14
367 453 14
370 1280 14
375 768 14
375 1188 14
379 1411 14
379 454 14
386 1221 14
392 1145 14
402 953 14
404 1352 14
410 1248 14
418 838 14
420 966 14
423 905 14
430 678 14
448 1252 14
451 701 14
457 1250 14
457 1172 14
463 1388 14
470 1302 14
472 904 14
494 867 14
494 579 14
496 856 14
500 1413 14
505 1342 14
506 616 14
517 1311 14
520 582 14
523 927 14
532 1082 14
536 1168 14
538 1050 14
544 1056 14
550 1368 14
557 1163 14
561 867 14
565 935 14
572 1043 14
579 858 14
579 1112 14
583 861 14
586 1113 14
593 909 14
603 678 14
617 1404 14
627 1222 14
631 1465 14
644 782 14
646 1060 14
660 1278 14
661 691 14
668 864 14
674 1012 14
694 1183 14
697 1473 14
711 1074 14
718 1122 14
720 849 14
722 1038 14
737 1277 14
740 782 14
743 852 14
766 779 14
767 929 14
769 1184 14
770 935 14
775 1362 14
789 1145 14
802 1298 14
833 1069 14
844 935 14
853 1258 14
865 1230 14
875 1335 14
878 1432 14
888 1264 14
899 1148 14
904 1010 14
905 910 14
908 1181 14
910 1037 14
916 1176 14
927 1457 14
928 1200 14
976 1179 14
994 1268 14
996 1030 14
1019 1100 14
1027 1435 14
1042 1408 14
1084 1454 14
1102 1106 14
1129 1186 14
1149 1236 14
1163 1376 14
1187 1467 14
1189 1454 14
1193 1387 14
1215 1388 14
1223 1336 14
1255 1313 14
1259 1474 14
1268 1323 14
1294 1434 14
1296 1479 14
1329 1413 14
1394 1435 14
1430 1438 14
1 479 15
5 453 15
5 1103 15
9 1252 15
14 124 15
34 690 15
39 566 15
40 458 15
43 303 15
46 143 15
55 1186 15
56 363 15
78 1395 15
87 1364 15
89 204 15
96 367 15
99 988 15
99 909 15
102 1334 15
113 648 15
115 995 15
128 511 15
130 1274 15
138 201 15
139 695 15
152 537 15
182 921 15
185 1214 15
195 1399 15
202 738 15
204 785 15
205 341 15
215 352 15
216 1430 15
221 840 15
222 963 15
223 292 15
230 637 15
235 549 15
239 1269 15
243 1086 15
243 747 15
249 425 15
252 409 15
270 984 15
298 943 15
300 511 15
308 1188 15
309 798 15
312 990 15
326 853 15
340 914 15
345 817 15
355 470 15
388 470 15
398 1102 15
409 434 15
423 1080 15
427 1368 15
429 1076 15
446 557 15
450 511 15
451 1459 15
473 1279 15
480 819 15
489 1371 15
499 816 15
509 1142 15
511 867 15
513 1476 15
531 1367 15
560 1120 15
565 1209 15
565 1028 15
566 1228 15
578 840 15
588 1443 15
608 1255 15
609 1148 15
628 964 15
646 1169 15
650 1330 15
659 904 15
661 732 15
672 1002 15
681 1331 15
684 946 15
686 1321 15
690 891 15
691 1358 15
695 1448 15
718 1319 15
721 1029 15
723 1245 15
730 767 15
748 1400 15
774 1099 15
800 994 15
812 817 15
824 1460 15
872 1449 15
874 1147 15
876 1203 15
889 987 15
905 991 15
913 933 15
929 932 15
929 1446 15
972 1315 15
994 1055 15
1010 1427 15
1094 1392 15
1100 1377 15
1108 1370 15
1113 1114 15
1219 1335 15
18 1269 16
19 170 16
36 1445 16
39 325 16
51 357 16
52 138 16
54 68 16
60 1447 16
60 107 16
64 815 16
65 1087 16
71 425 16
83 374 16
85 1220 16
91 417 16
95 726 16
108 1000 16
122 1381 16
122 565 16
124 630 16
130 462 16
133 1269 16
136 876 16
138 1303 16
177 1344 16
182 690 16
187 661 16
189 984 16
203 660 16
219 907 16
220 1372 16
244 407 16
253 405 16
293 1244 16
295 1252 16
302 967 16
314 1284 16
316 1341 16
324 1221 16
328 1339 16
330 639 16
340 695 16
345 534 16
355 905 16
357 726 16
366 1425 16
379 1285 16
385 511 16
387 1370 16
387 1331 16
388 1215 16
401 703 16
412 860 16
461 1474 16
501 920 16
599 1002 16
600 1143 16
609 1148 16
613 717 16
617 1406 16
646 1030 16
670 1083 16
672 1288 16
683 1166 16
723 982 16
746 989 16
751 899 16
807 1370 16
856 1062 16
862 1167 16
869 1291 16
927 1415 16
947 1089 16
967 1392 16
1074 1163 16
1137 1409 16
1164 1333 16
1224 1329 16
1293 1358 16
0 280 17
5 1243 17
9 1278 17
18 518 17
21 1037 17
104 386 17
146 444 17
169 1158 17
175 1026 17
179 298 17
192 866 17
204 248 17
210 1245 17
221 1154 17
243 1044 17
259 364 17
267 879 17
337 782 17
337 1050 17
342 1049 17
356 1146 17
365 936 17
389 939 17
400 1426 17
406 1153 17
409 723 17
417 996 17
451 1012 17
452 844 17
485 680 17
488 866 17
511 661 17
521 768 17
549 1238 17
583 1317 17
594 693 17
611 1384 17
664 1071 17
712 1231 17
713 1337 17
728 905 17
731 884 17
747 841 17
773 782 17
860 1456 17
890 1283 17
915 1355 17
998 1069 17
1012 1102 17
1299 1451 17
6 782 18
30 564 18
52 1456 18
74 1437 18
86 540 18
87 200 18
103 1350 18
104 931 18
110 1477 18
112 910 18
138 393 18
144 195 18
164 195 18
183 666 18
187 337 18
195 231 18
201 829 18
203 1303 18
221 224 18
225 1022 18
230 265 18
240 385 18
242 535 18
247 616 18
283 1082 18
301 709 18
330 1082 18
343 1183 18
346 1268 18
348 1328 18
364 834 18
369 1384 18
376 761 18
408 569 18
410 1437 18
412 1199 18
428 1325 18
481 765 18
493 1334 18
499 674 18
506 1135 18
526 918 18
579 727 18
588 1378 18
633 1472 18
659 1272 18
686 1378 18
727 951 18
741 1082 18
762 1404 18
777 790 18
785 1478 18
810 1112 18
877 1259 18
913 1458 18
980 1158 18
984 994 18
1049 1194 18
1064 1430 18
1206 1388 18
1224 1347 18
3 1223 19
3 1474 19
6 452 19
11 1171 19
14 255 19
15 361 19
18 130 19
30 861 19
36 358 19
39 186 19
40 312 19
73 1162 19
73 1290 19
75 839 19
78 293 19
88 1418 19
91 830 19
92 406 19
98 497 19
104 517 19
111 1181 19
113 1159 19
120 531 19
125 538 19
127 1095 19
128 385 19
128 1235 19
130 1193 19
136 1041 19
154 260 19
165 1012 19
169 1386 19
174 219 19
176 1148 19
189 921 19
198 359 19
205 1092 19
211 796 19
218 305 19
227 653 19
228 1063 19
245 1394 19
248 1111 19
252 1005 19
255 286 19
255 1162 19
255 1075 19
276 843 19
283 1133 19
285 1455 19
292 374 19
312 483 19
323 924 19
337 1415 19
342 1019 19
345 1388 19
357 1465 19
362 554 19
364 570 19
368 1207 19
375 1244 19
387 1028 19
394 1278 19
399 1423 19
400 877 19
400 501 19
401 1429 19
413 882 19
426 566 19
433 651 19
444 1055 19
446 810 19
448 1441 19
462 1255 19
492 574 19
515 798 19
529 1148 19
548 1080 19
559 1072 19
574 667 19
588 1108 19
600 1262 19
607 1294 19
622 663 19
624 1131 19
637 1086 19
645 1437 19
674 1466 19
675 1415 19
680 1114 19
683 693 19
688 1380 19
690 958 19
706 1326 19
724 975 19
730 1242 19
731 1243 19
761 1316 19
768 1467 19
802 1094 19
805 1110 19
821 1067 19
826 1207 19
832 947 19
845 1338 19
889 971 19
894 1446 19
895 1185 19
897 1134 19
923 1096 19
975 984 19
997 1050 19
998 1294 19
1036 1332 19
1038 1149 19
1042 1377 19
1096 1200 19
1108 1379 19
1109 1385 19
1129 1193 19
1153 1269 19
1215 1231 19
1290 1346 19
1340 1368 19
0 1159 20
5 1123 20
31 1144 20
35 1265 20
37 348 20
40 102 20
42 800 20
46 1070 20
52 801 20
56 1239 20
61 153 20
63 981 20
77 689 20
78 956 20
80 912 20
84 131 20
87 563 20
99 1245 20
102 1175 20
102 450 20
113 575 20
115 585 20
117 856 20
118 993 20
122 1213 20
124 575 20
134 339 20
135 1445 20
146 846 20
149 1289 20
157 1002 20
164 630 20
171 416 20
179 937 20
184 399 20
187 882 20
195 1428 20
195 1306 20
216 786 20
223 279 20
227 1148 20
231 465 20
231 761 20
234 734 20
236 1070 20
242 255 20
246 880 20
250 972 20
254 689 20
254 1187 20
261 1043 20
263 799 20
264 1397 20
265 946 20
287 781 20
303 1303 20
313 333 20
318 1400 20
328 1464 20
330 737 20
335 354 20
340 844 20
364 881 20
366 977 20
371 1409 20
372 1396 20
375 667 20
382 524 20
382 1469 20
400 1078 20
401 978 20
402 808 20
402 704 20
425 700 20
426 1225 20
438 574 20
470 1160 20
474 1138 20
484 1009 20
491 1456 20
492 956 20
502 1038 20
511 1095 20
513 556 20
516 518 20
516 966 20
543 957 20
549 555 20
550 562 20
559 723 20
562 1080 20
563 1453 20
579 1434 20
579 917 20
584 1312 20
595 1470 20
598 1413 20
601 1248 20
609 992 20
626 908 20
631 764 20
637 1143 20
660 724 20
667 1420 20
669 1215 20
677 1144 20
686 740 20
689 1398 20
701 958 20
718 982 20
728 984 20
729 1187 20
734 1191 20
736 820 20
747 917 20
750 782 20
750 928 20
752 1235 20
785 1364 20
787 1371 20
789 1125 20
798 1405 20
823 1424 20
832 1211 20
845 1194 20
858 859 20
873 1175 20
877 915 20
890 979 20
894 1117 20
929 950 20
938 1005 20
941 1370 20
953 1228 20
954 1044 20
965 1100 20
966 1131 20
969 1339 20
991 1264 20
1010 1171 20
1045 1342 20
1046 1215 20
1064 1323 20
1064 1373 20
1068 1248 20
1070 1388 20
1072 1461 20
1092 1391 20
1115 1147 20
1118 1479 20
1122 1226 20
1172 1282 20
1190 1267 20
1196 1411 20
1273 1329 20
1330 1379 20
1388 1421 20
1439 1443 20
1463 1475 20
1 751 21
1 320 21
4 460 21
8 1079 21
16 346 21
18 510 21
22 789 21
23 68 21
23 1308 21
27 186 21
30 1346 21
31 603 21
32 601 21
33 180 21
36 1268 21
45 82 21
45 1466 21
49 1465 21
56 639 21
59 292 21
60 1412 21
68 1207 21
69 143 21
82 462 21
83 1139 21
85 788 21
85 1456 21
88 211 21
88 1251 21
97 249 21
98 789 21
109 632 21
116 201 21
117 1248 21
124 1358 21
130 1094 21
131 149 21
138 424 21
139 334 21
143 507 21
153 1196 21
154 713 21
156 583 21
156 1455 21
167 767 21
168 1424 21
176 763 21
177 733 21
179 777 21
180 1346 21
181 1155 21
193 956 21
194 1212 21
203 1445 21
204 750 21
204 1113 21
207 1372 21
212 1251 21
225 1445 21
234 272 21
237 297 21
251 1188 21
252 315 21
256 1052 21
259 315 21
260 1364 21
262 290 21
264 966 21
269 847 21
270 1466 21
280 623 21
280 856 21
292 345 21
297 466 21
302 1014 21
303 589 21
304 979 21
305 583 21
311 429 21
335 1273 21
350 518 21
351 591 21
361 1052 21
374 890 21
379 610 21
381 417 21
386 615 21
386 1053 21
392 1317 21
395 1471 21
398 501 21
409 1122 21
414 468 21
428 1014 21
430 656 21
440 1421 21
441 1373 21
482 999 21
484 1428 21
491 1048 21
494 804 21
499 935 21
521 1035 21
521 1012 21
529 983 21
543 1008 21
544 852 21
551 734 21
553 1433 21
558 891 21
562 1064 21
565 1240 21
568 597 21
577 914 21
586 644 21
604 1333 21
609 1386 21
636 1306 21
688 815 21
694 1348 21
703 1248 21
704 1465 21
709 1002 21
716 750 21
725 1330 21
759 968 21
761 816 21
770 1378 21
775 1029 21
777 1161 21
813 1213 21
827 1137 21
849 901 21
851 1427 21
855 1018 21
888 1170 21
903 1051 21
918 1111 21
962 1100 21
974 1304 21
983 1084 21
984 1387 21
986 1462 21
988 1450 21
1004 1051 21
1015 1424 21
1015 1170 21
1023 1272 21
1031 1193 21
1049 1332 21
1068 1241 21
1070 1313 21
1078 1181 21
1080 1223 21
1111 1395 21
1121 1219 21
1169 1226 21
1241 1334 21
1247 1287 21
1270 1324 21
1312 1374 21
1374 1466 21
1427 1430 21
5 216 22
6 972 22
8 1327 22
9 1213 22
10 359 22
18 297 22
20 1047 22
24 618 22
34 626 22
36 1417 22
36 45 22
45 519 22
50 371 22
56 227 22
61 1201 22
67 478 22
72 906 22
73 1168 22
76 1301 22
77 1068 22
81 552 22
82 517 22
94 760 22
99 191 22
107 505 22
107 1195 22
113 842 22
116 1009 22
118 962 22
134 367 22
139 834 22
139 660 22
143 1440 22
145 1116 22
149 1002 22
159 415 22
159 1340 22
164 404 22
169 1190 22
170 462 22
170 730 22
176 571 22
177 960 22
178 1300 22
179 641 22
184 308 22
185 1107 22
194 1439 22
196 800 22
199 1460 22
207 384 22
210 794 22
216 589 22
217 914 22
219 928 22
221 1028 22
225 1011 22
226 800 22
231 1304 22
233 608 22
235 1056 22
239 1164 22
242 550 22
258 733 22
260 1127 22
261 678 22
265 597 22
267 719 22
269 958 22
278 340 22
288 824 22
291 1393 22
294 870 22
311 804 22
316 369 22
316 1330 22
320 406 22
330 1262 22
335 933 22
340 975 22
342 1286 22
343 1272 22
349 910 22
352 926 22
352 518 22
365 1375 22
377 716 22
387 1092 22
399 594 22
401 678 22
403 680 22
407 1418 22
407 568 22
426 501 22
430 782 22
447 1115 22
456 1061 22
461 534 22
462 1314 22
464 1011 22
464 574 22
478 1269 22
479 1005 22
481 611 22
483 1438 22
493 1236 22
498 806 22
501 1270 22
508 919 22
508 1449 22
515 1234 22
522 1373 22
535 1199 22
536 1138 22
539 928 22
542 631 22
546 899 22
547 644 22
553 707 22
558 590 22
561 947 22
576 1113 22
582 755 22
583 584 22
588 1128 22
589 1386 22
593 1389 22
597 1209 22
604 687 22
608 649 22
615 1346 22
615 890 22
641 1335 22
645 1426 22
655 933 22
674 850 22
700 1097 22
701 1448 22
703 888 22
705 1248 22
706 1462 22
724 1379 22
730 1270 22
733 1379 22
741 979 22
742 1092 22
751 1264 22
766 1156 22
767 1192 22
784 1037 22
795 1039 22
796 1199 22
803 1156 22
807 1287 22
824 1132 22
831 844 22
844 1460 22
855 1469 22
857 1135 22
871 1235 22
885 939 22
885 1414 22
888 1458 22
890 911 22
891 1324 22
900 1146 22
932 1197 22
932 1347 22
933 1326 22
945 1038 22
965 1019 22
969 1000 22
987 1371 22
1008 1423 22
1009 1039 22
1060 1261 22
1081 1211 22
1088 1123 22
1088 1328 22
1095 1368 22
1129 1476 22
1167 1285 22
1179 1198 22
1194 1328 22
1216 1340 22
1238 1432 22
1273 1462 22
1276 1296 22
1288 1392 22
1293 1442 22
1311 1450 22
1319 1427 22
1326 1478 22
1331 1366 22
1358 1456 22
1370 1453 22
1377 1436 22
5 1116 23
9 220 23
24 1288 23
29 162 23
40 1304 23
46 1475 23
52 794 23
52 917 23
59 782 23
61 531 23
62 1312 23
63 1385 23
64 1160 23
68 724 23
70 618 23
80 114 23
82 498 23
104 398 23
105 586 23
105 738 23
106 1442 23
112 972 23
116 710 23
124 1407 23
128 926 23
149 810 23
166 1413 23
167 655 23
168 1174 23
178 1464 23
185 1040 23
188 1154 23
191 1407 23
195 575 23
204 1414 23
212 559 23
217 728 23
227 250 23
235 770 23
264 1254 23
265 375 23
265 900 23
270 1412 23
271 1345 23
276 497 23
277 284 23
288 573 23
296 449 23
299 1039 23
301 781 23
331 1245 23
337 609 23
348 1139 23
357 730 23
372 1357 23
373 612 23
373 602 23
390 674 23
390 511 23
393 1078 23
406 710 23
425 1445 23
430 646 23
433 512 23
451 930 23
460 1472 23
466 1341 23
470 1075 23
477 1466 23
482 1042 23
493 734 23
521 841 23
532 1462 23
551 888 23
571 1092 23
577 1353 23
602 988 23
602 1153 23
607 1027 23
615 901 23
626 1281 23
634 1031 23
638 1020 23
645 759 23
647 1224 23
655 1418 23
661 1289 23
668 1036 23
683 804 23
689 1371 23
696 966 23
698 1324 23
710 821 23
720 1027 23
722 1029 23
744 1248 23
748 1188 23
764 798 23
771 1281 23
794 1327 23
814 1045 23
815 952 23
817 1430 23
873 1007 23
899 1151 23
899 1456 23
905 1354 23
912 1326 23
916 1479 23
940 1180 23
973 1428 23
978 1110 23
1002 1433 23
1034 1200 23
1042 1421 23
1066 1111 23
1076 1170 23
1078 1191 23
1081 1369 23
1082 1354 23
1084 1257 23
1088 1142 23
1095 1351 23
1116 1395 23
1128 1242 23
1135 1305 23
1159 1192 23
1220 1380 23
1222 1465 23
1225 1461 23
1387 1416 23
2 744 24
16 746 24
34 1037 24
35 1456 24
41 96 24
48 978 24
50 272 24
64 1351 24
121 395 24
130 866 24
138 1459 24
195 903 24
204 838 24
208 386 24
216 483 24
225 806 24
235 503 24
247 1289 24
253 1102 24
296 528 24
305 1451 24
321 872 24
351 671 24
394 978 24
445 1065 24
457 643 24
488 536 24
497 1430 24
515 863 24
522 856 24
526 1076 24
542 966 24
557 895 24
566 1254 24
575 672 24
603 1206 24
619 1244 24
624 1250 24
744 1251 24
773 1063 24
778 1371 24
785 807 24
804 1353 24
808 861 24
854 943 24
857 1333 24
858 1136 24
907 909 24
913 1305 24
963 1225 24
1050 1071 24
1154 1268 24
1215 1430 24
1 910 25
2 1308 25
11 1471 25
38 114 25
45 621 25
46 1031 25
51 1406 25
56 129 25
72 1250 25
73 1470 25
76 156 25
80 629 25
86 1053 25
92 153 25
123 267 25
132 1164 25
135 392 25
150 794 25
153 537 25
164 440 25
181 1423 25
185 301 25
188 1220 25
266 1419 25
272 429 25
292 980 25
314 990 25
335 403 25
359 1268 25
401 547 25
402 801 25
406 975 25
410 550 25
410 1013 25
416 1355 25
423 456 25
429 584 25
430 562 25
467 1292 25
474 640 25
479 1413 25
485 1225 25
491 1246 25
493 953 25
541 1165 25
569 1242 25
581 973 25
613 650 25
622 1314 25
623 1050 25
643 1082 25
647 657 25
671 1115 25
672 824 25
677 1401 25
678 1267 25
685 697 25
704 892 25
709 1308 25
728 889 25
748 1415 25
796 876 25
804 1261 25
822 1346 25
833 1155 25
841 1060 25
852 1348 25
860 1447 25
883 1083 25
896 1195 25
927 1469 25
937 1107 25
1033 1035 25
1044 1319 25
1059 1119 25
1064 1158 25
1084 1238 25
1108 1325 25
1136 1236 25
1179 1195 25
1299 1410 25
1309 1336 25
24 789 26
32 573 26
39 131 26
69 269 26
83 244 26
85 824 26
86 509 26
90 1188 26
100 150 26
108 776 26
108 199 26
120 1345 26
138 817 26
139 406 26
145 359 26
150 235 26
170 497 26
171 1040 26
173 1341 26
186 292 26
194 682 26
198 669 26
220 911 26
227 620 26
230 1254 26
239 1146 26
243 638 26
243 803 26
249 336 26
257 1328 26
268 542 26
270 725 26
277 1141 26
280 983 26
281 723 26
321 1122 26
334 496 26
353 1425 26
354 484 26
364 723 26
365 1007 26
367 1111 26
375 800 26
375 450 26
398 1166 26
400 413 26
401 1476 26
409 644 26
423 936 26
447 772 26
449 683 26
462 1436 26
483 1272 26
488 497 26
495 526 26
522 1221 26
556 1285 26
557 935 26
557 1111 26
579 801 26
604 1220 26
624 873 26
657 1150 26
660 1284 26
668 1172 26
670 835 26
686 929 26
691 1313 26
731 755 26
734 990 26
768 1382 26
788 1378 26
797 1104 26
806 858 26
835 1213 26
840 1185 26
875 954 26
927 1162 26
1009 1386 26
1075 1324 26
1123 1365 26
1167 1208 26
1175 1436 26
1181 1320 26
1201 1215 26
1262 1336 26
1268 1351 26
1369 1370 26
1380 1385 26
1394 1428 26
8 745 27
24 1405 27
50 1063 27
86 869 27
89 881 27
89 115 27
120 657 27
147 1268 27
151 1471 27
179 1104 27
193 1312 27
210 1171 27
215 297 27
218 1393 27
225 530 27
243 765 27
264 1139 27
272 336 27
277 1384 27
280 1345 27
291 1103 27
295 698 27
313 835 27
335 361 27
344 1435 27
347 1047 27
366 719 27
372 673 27
372 1167 27
380 391 27
390 716 27
407 592 27
427 1011 27
431 905 27
441 1291 27
442 546 27
467 879 27
474 858 27
494 1076 27
498 915 27
515 734 27
541 1171 27
545 1178 27
549 1189 27
555 879 27
575 1096 27
594 812 27
606 1009 27
619 1295 27
622 721 27
636 970 27
643 1435 27
650 908 27
670 899 27
678 1340 27
803 1272 27
857 1275 27
899 1251 27
910 1477 27
963 1368 27
1002 1310 27
1005 1091 27
1027 1132 27
1054 1205 27
1074 1277 27
1075 1460 27
1119 1366 27
1139 1176 27
1168 1346 27
1318 1361 27
1377 1444 27
0 1103 28
19 786 28
34 952 28
57 470 28
73 1270 28
82 1063 28
86 827 28
87 1181 28
87 1043 28
133 1253 28
164 212 28
168 524 28
172 667 28
178 826 28
187 250 28
269 581 28
277 596 28
286 911 28
295 805 28
299 331 28
302 475 28
302 853 28
319 758 28
322 1194 28
369 1041 28
406 1034 28
551 835 28
592 1093 28
613 1086 28
663 1407 28
669 1304 28
676 1144 28
698 801 28
715 1088 28
719 866 28
719 920 28
720 1210 28
722 915 28
746 1478 28
757 1080 28
761 1043 28
817 1059 28
832 1221 28
847 1146 28
856 1389 28
961 1375 28
978 1388 28
1081 1119 28
1098 1115 28
1205 1431 28
1210 1378 28
1393 1466 28
8 122 29
28 955 29
46 1128 29
84 363 29
136 340 29
146 270 29
173 199 29
199 207 29
205 435 29
276 847 29
290 868 29
328 1370 29
404 1355 29
417 544 29
449 1472 29
555 1389 29
718 933 29
831 1088 29
892 1413 29
921 1266 29
1029 1037 29
25 1202 30
177 507 30
187 1419 30
225 809 30
255 1299 30
430 1463 30
504 1189 30
543 806 30
571 717 30
586 1372 30
590 1085 30
658 1023 30
676 1087 30
688 1284 30
792 1396 30
806 888 30
845 1324 30
912 1257 30
926 1014 30
954 1096 30
1258 1286 30
1284 1308 30
111 207 31
115 760 31
265 532 31
441 745 31
734 1275 31
913 1054 31
200 719 32
1110 1287 32
1134 1347 32
1402 1464 32
349 1430 33
500 1036 33
928 1162 33
946 981 33
89 381 34
158 344 34
213 431 34
249 983 35
422 1005 35
972 1085 35
1252 1297 35
308 1304 36
327 891 36
468 880 36
679 1284 36
990 1297 36
177 663 37
988 997 37
551 946 39
55 1019 40
57 1365 40
81 752 40
88 93 40
112 1064 40
115 1230 40
156 627 40
211 772 40
245 1074 40
288 1436 40
292 885 40
454 1383 40
475 1328 40
570 1195 40
573 1444 40
685 700 40
694 942 40
722 1002 40
769 1335 40
902 1176 40
939 1169 40
940 1069 40
950 1344 40
977 1406 40
1043 1477 40
1052 1179 40
13 604 41
19 1306 41
40 527 41
48 155 41
52 453 41
54 637 41
57 1176 41
59 494 41
63 228 41
63 731 41
77 364 41
77 1277 41
84 530 41
106 594 41
116 1048 41
119 498 41
131 1000 41
136 793 41
136 787 41
146 329 41
153 1388 41
159 1253 41
164 577 41
171 551 41
178 732 41
178 350 41
187 1136 41
189 966 41
191 401 41
210 1150 41
228 333 41
232 1119 41
237 357 41
244 1082 41
245 1045 41
252 986 41
262 846 41
272 1233 41
292 1383 41
294 793 41
299 902 41
314 937 41
328 510 41
332 1095 41
342 892 41
343 756 41
344 820 41
354 417 41
361 750 41
371 1407 41
378 760 41
383 908 41
391 1038 41
394 1377 41
421 1085 41
422 1133 41
472 865 41
496 1002 41
515 525 41
525 1054 41
541 1457 41
554 1404 41
581 1057 41
584 726 41
599 927 41
602 1019 41
658 1419 41
660 670 41
680 864 41
719 1058 41
791 1113 41
841 1407 41
854 912 41
871 1024 41
883 974 41
903 1068 41
923 1042 41
924 1254 41
928 1297 41
935 1170 41
976 1106 41
1010 1326 41
1081 1095 41
1102 1337 41
1312 1463 41
6 801 42
9 1418 42
11 1268 42
18 878 42
21 1106 42
21 268 42
40 184 42
59 1136 42
65 796 42
66 1108 42
67 1051 42
68 315 42
68 345 42
72 397 42
73 648 42
75 193 42
82 716 42
83 509 42
98 1348 42
99 1210 42
105 122 42
106 903 42
108 1356 42
110 180 42
131 1413 42
131 1296 42
140 591 42
142 325 42
164 1391 42
171 1372 42
171 1385 42
180 1066 42
184 627 42
185 1307 42
187 614 42
189 708 42
190 1416 42
190 1345 42
193 1049 42
194 828 42
202 1064 42
242 1078 42
248 570 42
260 478 42
272 423 42
277 636 42
279 835 42
284 818 42
289 944 42
292 1188 42
293 1336 42
299 1260 42
315 468 42
317 1151 42
339 1323 42
341 541 42
354 615 42
358 1421 42
359 1227 42
361 1035 42
363 719 42
364 528 42
368 1010 42
368 705 42
373 1031 42
386 682 42
389 971 42
390 1053 42
394 396 42
416 1329 42
416 535 42
426 683 42
427 618 42
429 1163 42
435 596 42
438 932 42
438 575 42
441 1074 42
445 448 42
451 1244 42
452 1001 42
461 1107 42
465 1331 42
482 944 42
489 1280 42
490 1277 42
504 1394 42
523 1228 42
544 656 42
544 978 42
556 968 42
565 890 42
568 685 42
586 661 42
629 630 42
636 1098 42
641 708 42
646 766 42
660 852 42
661 1346 42
680 992 42
698 934 42
703 781 42
704 1345 42
731 1089 42
752 1406 42
761 1023 42
771 1118 42
773 982 42
779 959 42
781 1004 42
789 1334 42
823 1207 42
843 1264 42
847 1465 42
855 1279 42
865 889 42
873 886 42
896 1123 42
899 1044 42
911 1311 42
939 990 42
939 1385 42
948 1119 42
950 1239 42
978 1083 42
987 1266 42
996 1132 42
1001 1338 42
1013 1220 42
1024 1113 42
1032 1376 42
1041 1045 42
1054 1076 42
1065 1177 42
1079 1134 42
1095 1097 42
1128 1462 42
1132 1426 42
1178 1226 42
1189 1369 42
1197 1419 42
1277 1295 42
1358 1440 42
1369 1394 42
1417 1426 42
2 327 43
5 1467 43
8 170 43
46 90 43
47 119 43
49 843 43
61 395 43
63 1111 43
63 185 43
67 935 43
72 1071 43
72 183 43
75 934 43
89 871 43
91 831 43
92 1026 43
108 1455 43
109 532 43
110 525 43
117 534 43
126 206 43
126 859 43
127 1385 43
127 315 43
128 510 43
134 137 43
140 975 43
146 1153 43
147 329 43
158 1419 43
159 1359 43
162 1256 43
166 781 43
189 1182 43
200 833 43
207 213 43
212 1301 43
231 928 43
236 1164 43
244 924 43
245 1205 43
246 850 43
247 588 43
254 1450 43
259 962 43
259 1021 43
261 1021 43
262 1419 43
272 1117 43
277 907 43
285 961 43
292 768 43
296 1130 43
297 1122 43
303 473 43
315 938 43
323 1017 43
344 450 43
353 377 43
357 670 43
360 468 43
366 743 43
370 1404 43
378 1465 43
383 560 43
388 1030 43
395 933 43
409 762 43
460 1442 43
462 990 43
464 912 43
466 1195 43
468 746 43
470 822 43
478 966 43
481 1264 43
487 1387 43
493 646 43
499 1241 43
502 915 43
513 712 43
517 1378 43
521 744 43
528 1018 43
537 894 43
538 688 43
563 1231 43
563 1294 43
564 744 43
577 842 43
578 1121 43
587 791 43
591 1040 43
604 987 43
619 1172 43
641 1277 43
642 1465 43
647 1405 43
649 1428 43
651 1470 43
659 1197 43
659 1373 43
676 1478 43
686 1345 43
686 1195 43
687 938 43
690 1323 43
693 846 43
722 1224 43
728 1442 43
732 929 43
732 1125 43
733 1143 43
735 1431 43
735 1056 43
737 757 43
746 856 43
762 1124 43
772 1149 43
777 873 43
780 1098 43
808 1110 43
827 914 43
834 1061 43
837 1330 43
849 986 43
850 1067 43
853 1433 43
856 954 43
867 949 43
880 1213 43
894 939 43
907 1048 43
908 946 43
943 1343 43
944 1275 43
955 1188 43
963 1199 43
976 1336 43
1023 1362 43
1046 1338 43
1051 1200 43
1068 1375 43
1078 1347 43
1079 1293 43
1084 1286 43
1092 1125 43
1131 1403 43
1132 1452 43
1144 1344 43
1149 1198 43
1152 1407 43
1185 1371 43
1201 1255 43
1244 1398 43
1287 1296 43
1321 1427 43
1381 1459 43
1 462 44
39 561 44
164 1453 44
173 712 44
176 510 44
179 536 44
218 1037 44
229 1047 44
249 490 44
269 1363 44
283 1064 44
295 415 44
332 1005 44
399 1409 44
410 783 44
459 479 44
493 1152 44
502 1036 44
543 1026 44
547 1109 44
570 1199 44
581 1002 44
677 701 44
700 835 44
735 1116 44
736 960 44
760 1436 44
815 1279 44
876 1251 44
898 1066 44
934 1142 44
953 995 44
1076 1432 44
1220 1332 44
2 1025 45
3 274 45
8 229 45
16 1037 45
27 872 45
38 950 45
54 801 45
54 293 45
57 1477 45
62 317 45
74 377 45
75 263 45
86 243 45
92 481 45
92 1079 45
99 1033 45
109 780 45
118 602 45
119 1316 45
130 157 45
134 1419 45
140 962 45
141 892 45
146 1168 45
155 579 45
164 1006 45
166 1040 45
177 685 45
177 714 45
182 1224 45
196 1393 45
200 653 45
207 951 45
210 528 45
211 704 45
215 711 45
227 1357 45
256 1295 45
258 1209 45
266 505 45
268 1372 45
273 1244 45
277 545 45
282 1079 45
286 1319 45
286 1124 45
291 1378 45
302 1116 45
307 951 45
326 1064 45
326 1463 45
335 694 45
336 459 45
340 1186 45
348 679 45
353 1245 45
355 929 45
359 475 45
362 739 45
367 821 45
371 1449 45
375 1456 45
386 1411 45
386 1346 45
392 500 45
396 1383 45
415 1420 45
430 1350 45
442 1458 45
451 957 45
453 628 45
460 771 45
465 1253 45
478 1164 45
479 1350 45
493 1137 45
493 524 45
495 902 45
498 693 45
507 1028 45
537 548 45
542 1451 45
558 777 45
567 1061 45
574 746 45
592 752 45
606 1299 45
610 1000 45
620 1018 45
628 1218 45
632 1360 45
650 1476 45
656 1281 45
657 823 45
659 711 45
659 890 45
664 762 45
664 728 45
673 868 45
682 861 45
688 970 45
690 1265 45
690 1457 45
696 805 45
708 1356 45
716 789 45
718 1255 45
731 1060 45
742 1075 45
748 945 45
804 1002 45
821 1416 45
828 856 45
836 991 45
844 850 45
862 1044 45
870 1350 45
874 1252 45
876 1127 45
890 939 45
893 1409 45
908 1390 45
912 1338 45
919 974 45
928 1207 45
960 1245 45
973 1266 45
979 1319 45
996 1461 45
1013 1145 45
1066 1183 45
1179 1340 45
1183 1406 45
1220 1392 45
1240 1392 45
1254 1428 45
1335 1394 45
1410 1457 45
4 207 46
5 1473 46
8 896 46
10 1113 46
20 1285 46
21 1014 46
25 1289 46
28 377 46
39 660 46
49 719 46
63 441 46
74 1036 46
87 1099 46
88 1376 46
128 1091 46
132 194 46
137 844 46
147 681 46
149 1174 46
158 411 46
164 270 46
168 635 46
169 1212 46
181 580 46
182 1008 46
183 784 46
184 688 46
191 534 46
191 962 46
198 1451 46
199 433 46
201 240 46
201 617 46
216 775 46
220 435 46
221 836 46
223 1236 46
223 287 46
223 441 46
226 1378 46
227 549 46
239 1469 46
252 1421 46
268 707 46
276 732 46
285 631 46
287 423 46
295 648 46
295 1029 46
298 620 46
299 1372 46
302 655 46
314 917 46
324 1233 46
325 1367 46
328 617 46
331 972 46
340 1103 46
345 521 46
346 1255 46
349 1224 46
352 934 46
355 1112 46
363 669 46
367 419 46
368 677 46
377 1075 46
377 1248 46
382 1449 46
383 983 46
391 554 46
399 1324 46
408 551 46
410 810 46
412 753 46
427 1203 46
431 785 46
442 976 46
447 523 46
457 908 46
476 737 46
478 674 46
483 744 46
502 687 46
510 1405 46
520 1077 46
539 1287 46
540 840 46
557 961 46
559 1018 46
562 1476 46
568 952 46
576 809 46
596 753 46
605 912 46
616 754 46
618 1191 46
640 1163 46
660 1260 46
684 1430 46
693 912 46
704 872 46
713 830 46
723 1342 46
724 1448 46
725 1145 46
738 1241 46
755 845 46
768 1155 46
773 966 46
779 1230 46
784 1029 46
788 1198 46
803 1156 46
820 1007 46
821 1249 46
844 1046 46
866 1040 46
878 885 46
882 1233 46
886 1234 46
889 1180 46
894 1082 46
897 1279 46
904 1476 46
914 1430 46
929 952 46
964 1463 46
967 1283 46
972 1293 46
976 1436 46
987 1216 46
1038 1247 46
1057 1154 46
1063 1380 46
1086 1346 46
1092 1420 46
1124 1228 46
1124 1197 46
1148 1362 46
1184 1246 46
1238 1343 46
1248 1413 46
1261 1290 46
1287 1470 46
1288 1417 46
1382 1443 46
1400 1443 46
0 1257 47
3 1141 47
7 1103 47
11 453 47
21 726 47
25 982 47
44 260 47
54 1044 47
84 804 47
87 1026 47
88 729 47
91 1368 47
99 502 47
103 526 47
114 1257 47
116 434 47
124 1272 47
133 336 47
134 1082 47
139 771 47
152 1254 47
154 655 47
154 758 47
170 729 47
173 481 47
174 265 47
182 591 47
183 1469 47
195 244 47
213 604 47
215 563 47
222 718 47
227 793 47
229 1176 47
234 389 47
237 361 47
254 569 47
255 1277 47
264 1191 47
265 716 47
271 1242 47
273 769 47
285 457 47
307 349 47
314 388 47
322 1418 47
323 586 47
330 1034 47
336 758 47
336 1016 47
345 911 47
350 1335 47
351 1165 47
357 730 47
371 819 47
384 930 47
390 1301 47
401 800 47
402 1372 47
403 1139 47
410 1236 47
411 684 47
430 624 47
432 789 47
439 1021 47
441 558 47
454 953 47
500 701 47
512 794 47
514 1231 47
530 1423 47
536 829 47
536 602 47
539 1126 47
542 1276 47
543 758 47
550 960 47
561 736 47
565 1275 47
577 1017 47
583 690 47
584 1150 47
622 1238 47
651 1215 47
668 947 47
677 950 47
681 817 47
747 1095 47
760 1052 47
792 821 47
806 1153 47
822 1456 47
828 1249 47
843 1378 47
895 1313 47
956 1198 47
960 1324 47
968 1104 47
972 1311 47
1023 1222 47
1025 1222 47
1051 1329 47
1063 1362 47
1241 1293 47
1257 1426 47
1265 1429 47
1269 1376 47
1335 1417 47
1391 1425 47
1436 1466 47
15 994 48
15 723 48
17 924 48
22 1139 48
26 653 48
33 789 48
74 875 48
84 1411 48
84 901 48
92 280 48
93 771 48
109 448 48
115 703 48
125 435 48
141 1020 48
174 399 48
182 584 48
183 272 48
185 1019 48
202 267 48
203 1112 48
213 527 48
221 931 48
226 664 48
226 1216 48
227 1398 48
228 947 48
230 1440 48
240 1456 48
292 783 48
296 830 48
311 1020 48
316 735 48
322 842 48
353 457 48
356 683 48
368 421 48
389 578 48
417 899 48
418 481 48
436 927 48
438 1070 48
445 757 48
446 1148 48
465 993 48
494 1012 48
497 1430 48
500 868 48
509 710 48
530 854 48
568 929 48
575 1326 48
596 987 48
609 1426 48
614 1409 48
635 1328 48
658 885 48
681 1193 48
687 1312 48
692 1122 48
713 1058 48
716 848 48
732 1158 48
733 776 48
734 1198 48
750 1099 48
756 1215 48
790 898 48
814 1034 48
853 1286 48
856 1431 48
866 949 48
885 1082 48
892 977 48
915 1308 48
928 1136 48
936 996 48
946 989 48
978 1200 48
1007 1095 48
1051 1060 48
1088 1188 48
1234 1447 48
1247 1290 48
1336 1346 48
1402 1451 48
20 1183 49
33 818 49
80 1471 49
153 842 49
184 1208 49
293 561 49
310 1037 49
412 441 49
468 1468 49
509 1051 49
517 519 49
738 862 49
795 903 49
809 1468 49
816 1422 49
983 1156 49
9 406 50
15 973 50
25 893 50
30 958 50
37 1406 50
40 1041 50
43 212 50
66 316 50
90 491 50
100 1415 50
112 770 50
141 507 50
157 1426 50
176 566 50
180 413 50
211 799 50
222 814 50
231 1414 50
245 303 50
245 642 50
275 1468 50
279 1001 50
281 294 50
285 1171 50
290 1361 50
291 1234 50
312 1071 50
379 1180 50
381 795 50
382 641 50
406 1367 50
409 904 50
431 756 50
490 918 50
506 1138 50
518 719 50
521 1030 50
543 748 50
550 774 50
581 671 50
586 659 50
599 654 50
674 999 50
690 999 50
692 1341 50
731 1074 50
826 1373 50
867 918 50
959 1465 50
971 1037 50
1024 1233 50
1083 1149 50
1200 1382 50
1209 1364 50
1236 1315 50
1247 1308 50
1384 1472 50
4 658 51
6 31 51
10 1237 51
18 1208 51
43 98 51
55 571 51
68 1169 51
94 1433 51
99 345 51
117 962 51
128 1362 51
128 333 51
132 1251 51
146 1095 51
152 1029 51
167 500 51
168 647 51
171 815 51
176 1382 51
184 304 51
188 209 51
191 1171 51
203 1367 51
211 243 51
229 1046 51
231 1250 51
232 907 51
233 1201 51
249 981 51
257 1223 51
258 339 51
263 499 51
266 452 51
278 1070 51
285 336 51
285 334 51
306 845 51
308 490 51
318 604 51
334 1275 51
350 494 51
359 1094 51
371 1175 51
384 1448 51
384 787 51
394 1152 51
412 989 51
414 1103 51
419 1265 51
419 899 51
448 1161 51
456 535 51
482 1123 51
487 706 51
496 1117 51
514 882 51
524 1313 51
529 1414 51
549 959 51
577 903 51
579 1404 51
617 1235 51
619 787 51
627 1240 51
645 1261 51
648 1135 51
653 1409 51
668 1123 51
726 1354 51
767 1082 51
768 1292 51
788 975 51
799 1226 51
804 1460 51
809 1323 51
860 1002 51
906 1306 51
918 1319 51
933 1036 51
940 1172 51
1130 1307 51
1166 1401 51
1173 1380 51
1265 1453 51
1288 1416 51
52 168 52
78 393 52
103 129 52
108 870 52
127 164 52
133 218 52
208 933 52
531 933 52
574 1467 52
584 666 52
597 983 52
688 1078 52
698 1092 52
705 1345 52
789 948 52
810 1347 52
936 1170 52
1181 1341 52
5 821 53
5 48 53
43 471 53
92 1055 53
129 361 53
135 1120 53
160 853 53
200 990 53
201 430 53
213 999 53
241 1011 53
252 536 53
274 1349 53
281 964 53
300 1218 53
432 1405 53
490 1094 53
521 679 53
553 827 53
566 677 53
595 1329 53
671 1208 53
803 1268 53
932 1110 53
1203 1259 53
1218 1294 53
1347 1372 53
16 717 54
32 168 54
35 64 54
43 635 54
45 672 54
57 893 54
59 214 54
81 384 54
121 911 54
130 250 54
132 613 54
133 166 54
167 663 54
179 810 54
179 748 54
198 583 54
199 878 54
200 939 54
203 350 54
208 265 54
222 946 54
223 1192 54
226 1174 54
233 908 54
295 948 54
316 1036 54
331 867 54
404 996 54
406 659 54
408 1001 54
413 1358 54
425 656 54
432 1017 54
458 520 54
477 1439 54
488 1155 54
488 511 54
511 1229 54
523 1335 54
530 1000 54
532 1149 54
593 631 54
595 1234 54
597 1416 54
611 1206 54
654 982 54
656 1267 54
661 784 54
663 1144 54
675 770 54
686 1396 54
693 714 54
702 989 54
718 867 54
732 736 54
733 925 54
735 1082 54
769 1329 54
780 1196 54
880 1359 54
907 978 54
921 946 54
955 1400 54
1003 1249 54
1040 1473 54
1098 1263 54
1107 1327 54
1120 1351 54
1285 1416 54
12 128 55
37 722 55
48 1288 55
50 1293 55
52 1441 55
58 1124 55
78 1389 55
91 1473 55
93 771 55
95 1282 55
102 1045 55
117 1479 55
122 1328 55
140 911 55
144 361 55
152 1108 55
163 1348 55
165 914 55
170 806 55
176 901 55
178 643 55
200 1360 55
209 266 55
209 339 55
209 845 55
223 1010 55
230 1398 55
253 1093 55
256 555 55
258 379 55
262 615 55
262 413 55
264 822 55
278 708 55
278 716 55
280 994 55
291 1260 55
302 487 55
303 872 55
311 581 55
328 756 55
333 334 55
350 846 55
354 1415 55
374 731 55
378 1279 55
380 1208 55
381 629 55
397 1156 55
397 976 55
405 849 55
407 909 55
436 640 55
438 1104 55
440 512 55
454 1198 55
468 650 55
470 1268 55
544 1199 55
545 1203 55
546 1000 55
552 915 55
592 1081 55
595 1359 55
613 616 55
640 760 55
640 915 55
643 704 55
665 872 55
701 1047 55
717 987 55
742 1043 55
766 1352 55
786 837 55
804 911 55
819 1314 55
827 852 55
835 1020 55
842 866 55
856 1405 55
862 1396 55
919 1323 55
949 1444 55
963 1410 55
1032 1454 55
1050 1107 55
1143 1423 55
1161 1282 55
1231 1257 55
1239 1279 55
1322 1393 55
4 1383 56
15 1308 56
16 1401 56
17 1125 56
31 1239 56
32 795 56
39 243 56
42 172 56
47 985 56
58 285 56
62 282 56
64 510 56
83 665 56
86 1318 56
89 1344 56
93 533 56
116 1246 56
117 926 56
118 1080 56
123 531 56
132 1154 56
152 1267 56
153 1473 56
157 1204 56
167 920 56
173 1258 56
179 793 56
183 623 56
188 605 56
189 834 56
191 1446 56
195 1104 56
208 886 56
208 458 56
210 353 56
218 703 56
220 963 56
227 1324 56
248 1192 56
252 1183 56
259 1398 56
260 1450 56
281 1465 56
289 1364 56
312 952 56
330 755 56
331 1376 56
346 693 56
352 854 56
368 535 56
376 831 56
383 916 56
384 913 56
426 843 56
433 1272 56
445 1076 56
457 968 56
463 1230 56
467 854 56
468 1402 56
473 760 56
475 904 56
479 1396 56
532 977 56
545 1474 56
567 1056 56
598 892 56
599 1109 56
600 1043 56
602 640 56
611 1297 56
628 654 56
661 996 56
670 1473 56
670 1301 56
680 1288 56
695 1365 56
701 1118 56
725 1426 56
736 1179 56
753 800 56
787 1026 56
851 1285 56
885 914 56
897 1221 56
899 1053 56
903 1067 56
909 1188 56
922 1111 56
927 1065 56
940 1133 56
944 991 56
945 1053 56
946 1033 56
962 1045 56
973 1450 56
1010 1468 56
1020 1085 56
1045 1309 56
1160 1289 56
1161 1348 56
1170 1173 56
1186 1216 56
1261 1404 56
1284 1378 56
0 1025 57
2 1255 57
17 923 57
20 1476 57
34 1186 57
37 421 57
56 651 57
63 1276 57
68 1471 57
69 1072 57
72 701 57
79 1298 57
82 379 57
83 405 57
84 526 57
88 147 57
89 839 57
99 836 57
100 1369 57
102 1369 57
107 710 57
107 529 57
111 370 57
122 666 57
147 151 57
153 859 57
170 730 57
190 191 57
217 490 57
219 1274 57
220 492 57
222 1266 57
237 652 57
241 1213 57
242 916 57
252 787 57
259 305 57
268 1146 57
270 662 57
281 428 57
291 890 57
296 1279 57
303 1469 57
310 551 57
322 1471 57
326 794 57
333 941 57
339 1124 57
351 701 57
366 1101 57
370 1167 57
396 686 57
405 1082 57
417 1133 57
418 778 57
445 890 57
453 1329 57
465 1296 57
466 1360 57
467 830 57
497 1241 57
514 741 57
516 986 57
524 1389 57
528 1297 57
529 1049 57
540 821 57
547 555 57
555 1342 57
561 1347 57
568 712 57
572 732 57
574 747 57
579 936 57
598 1216 57
598 1169 57
602 1280 57
606 739 57
616 1409 57
622 1215 57
625 1221 57
632 1175 57
646 1082 57
652 1032 57
662 1198 57
670 934 57
677 943 57
697 1260 57
710 825 57
716 1416 57
716 1196 57
718 743 57
722 779 57
733 1349 57
735 962 57
767 1289 57
772 1024 57
777 1423 57
778 827 57
784 1326 57
798 1212 57
800 816 57
901 1250 57
902 1301 57
906 1327 57
920 1156 57
930 1268 57
955 1022 57
972 1461 57
981 1180 57
990 1116 57
1046 1105 57
1058 1439 57
1084 1404 57
1136 1453 57
1164 1314 57
1211 1355 57
1244 1291 57
1249 1421 57
1381 1473 57
6 941 58
7 913 58
12 663 58
13 636 58
13 1175 58
27 248 58
33 1221 58
35 885 58
42 706 58
45 853 58
59 960 58
61 1249 58
68 1212 58
69 1042 58
82 433 58
96 1200 58
98 253 58
117 848 58
133 434 58
137 225 58
141 994 58
151 709 58
155 1034 58
156 930 58
158 270 58
160 467 58
186 1208 58
210 750 58
221 818 58
225 364 58
232 1175 58
249 280 58
251 1430 58
253 488 58
266 900 58
270 878 58
271 363 58
272 303 58
276 1081 58
276 367 58
290 346 58
298 713 58
311 720 58
334 552 58
356 725 58
358 568 58
377 865 58
386 545 58
399 1004 58
407 605 58
410 1171 58
427 808 58
445 1043 58
464 1315 58
468 1270 58
486 1346 58
496 560 58
511 1015 58
545 745 58
555 967 58
565 1325 58
571 1397 58
579 617 58
609 1105 58
619 1237 58
646 947 58
653 1412 58
654 1290 58
657 874 58
660 1138 58
674 1354 58
674 1369 58
676 1344 58
693 1017 58
726 1122 58
726 1250 58
730 1058 58
748 894 58
750 805 58
755 934 58
756 1038 58
770 837 58
786 859 58
845 999 58
871 1363 58
882 1011 58
901 1416 58
910 1297 58
916 1415 58
927 1139 58
930 1470 58
958 998 58
976 1397 58
1029 1213 58
1041 1200 58
1066 1405 58
1131 1249 58
1187 1287 58
1190 1450 58
1196 1318 58
4 461 59
11 1067 59
18 869 59
33 1158 59
46 1229 59
71 261 59
71 965 59
76 1384 59
86 1258 59
105 1218 59
139 1470 59
168 1219 59
219 1410 59
235 1315 59
242 1451 59
243 420 59
252 820 59
274 653 59
293 1001 59
297 871 59
304 1177 59
307 1164 59
342 803 59
344 1201 59
354 387 59
359 1366 59
374 621 59
374 584 59
379 675 59
381 1465 59
395 1245 59
399 584 59
415 853 59
421 1189 59
424 709 59
459 1392 59
466 585 59
470 995 59
473 1175 59
480 856 59
500 776 59
517 1334 59
533 1180 59
539 837 59
549 776 59
583 1048 59
598 1234 59
603 1216 59
604 780 59
605 1443 59
617 680 59
690 1208 59
721 856 59
726 1242 59
729 1275 59
741 1222 59
864 1346 59
904 1320 59
976 1087 59
996 1349 59
1026 1136 59
1046 1125 59
1088 1127 59
1111 1330 59
1225 1464 59
15 1431 60
32 293 60
107 485 60
117 963 60
127 1017 60
129 1465 60
176 1080 60
183 833 60
183 314 60
205 824 60
247 1257 60
285 631 60
311 449 60
363 884 60
417 905 60
434 711 60
496 1038 60
518 986 60
534 741 60
572 1014 60
605 817 60
642 1324 60
744 918 60
845 1178 60
1026 1168 60
1108 1249 60
1222 1282 60
