0 1 0
2 5 0
2 4 0
2 3 0
3 4 0
3 56 0
4 5 0
5 1084 0
6 8 0
6 7 0
9 13 0
9 12 0
9 11 0
9 10 0
9 14 0
10 34 0
11 16 0
11 15 0
11 12 0
12 15 0
12 13 0
12 14 0
13 14 0
14 16 0
14 15 0
15 16 0
16 34 0
17 19 0
19 45 0
20 23 0
20 22 0
20 21 0
21 22 0
21 31 0
21 32 0
22 50 0
22 43 0
22 32 0
24 26 0
24 25 0
26 58 0
26 55 0
26 57 0
27 28 0
27 30 0
28 30 0
28 44 0
28 29 0
29 30 0
30 40 0
30 49 0
30 44 0
32 51 0
32 50 0
33 34 0
35 36 0
35 834 0
37 40 0
37 39 0
37 38 0
37 1369 0
38 44 0
39 54 0
40 49 0
41 42 0
46 48 0
47 48 0
52 53 0
54 55 0
81 532 0
107 1039 0
124 424 0
218 885 0
261 343 0
271 494 0
280 1059 0
295 990 0
296 1367 0
335 934 0
335 1463 0
372 807 0
415 1421 0
419 832 0
422 843 0
449 1012 0
486 1044 0
521 627 0
552 1202 0
708 1123 0
736 1112 0
749 995 0
800 1152 0
807 896 0
837 1321 0
887 1358 0
912 937 0
915 1259 0
918 944 0
979 1055 0
1137 1445 0
1208 1279 0
1 65 1
1 64 1
2 59 1
3 63 1
3 75 1
3 62 1
3 84 1
3 33 1
3 61 1
4 5 1
5 69 1
6 61 1
8 75 1
8 62 1
10 31 1
17 580 1
21 29 1
24 69 1
24 1269 1
25 79 1
25 80 1
25 46 1
28 86 1
31 67 1
31 83 1
31 58 1
33 75 1
33 59 1
35 46 1
40 84 1
48 1296 1
49 1151 1
57 68 1
57 61 1
59 75 1
59 85 1
60 62 1
61 63 1
61 126 1
62 75 1
62 85 1
70 72 1
71 76 1
71 73 1
71 72 1
72 76 1
75 85 1
76 77 1
81 83 1
81 82 1
108 290 1
112 1109 1
117 915 1
123 263 1
145 1041 1
158 1078 1
192 203 1
268 934 1
282 813 1
286 500 1
329 1120 1
473 971 1
612 1137 1
622 1464 1
672 788 1
722 992 1
736 1479 1
836 1398 1
865 1284 1
884 921 1
919 1363 1
932 1126 1
985 1134 1
999 1028 1
1043 1163 1
1121 1135 1
0 51 2
2 89 2
2 12 2
3 129 2
3 63 2
3 130 2
3 59 2
3 8 2
3 31 2
6 24 2
6 120 2
6 62 2
8 59 2
10 80 2
10 104 2
10 114 2
10 112 2
10 31 2
12 59 2
22 118 2
23 478 2
24 121 2
24 119 2
25 107 2
28 115 2
28 100 2
28 98 2
28 99 2
28 91 2
31 68 2
31 80 2
31 113 2
31 114 2
31 112 2
35 123 2
35 94 2
35 95 2
35 70 2
40 63 2
40 60 2
51 105 2
59 75 2
60 708 2
63 129 2
63 1464 2
68 80 2
68 131 2
68 111 2
68 254 2
69 108 2
70 95 2
70 94 2
81 126 2
81 125 2
81 127 2
81 128 2
86 103 2
86 101 2
88 89 2
90 91 2
90 93 2
91 93 2
91 92 2
92 93 2
98 100 2
99 100 2
101 103 2
101 102 2
102 103 2
103 104 2
104 133 2
104 112 2
106 130 2
108 109 2
109 110 2
111 132 2
112 873 2
113 114 2
114 133 2
116 118 2
117 118 2
121 136 2
121 137 2
121 695 2
123 124 2
125 128 2
125 126 2
126 128 2
126 127 2
127 128 2
133 134 2
138 886 2
140 477 2
163 1355 2
210 818 2
240 1124 2
241 1477 2
254 868 2
258 283 2
290 869 2
310 1277 2
316 1190 2
328 731 2
332 822 2
334 1209 2
336 1477 2
350 990 2
388 1371 2
493 1151 2
576 1323 2
639 1313 2
640 1313 2
696 1197 2
768 1310 2
773 933 2
789 1347 2
802 920 2
817 854 2
893 1320 2
909 1032 2
1005 1359 2
1090 1362 2
1221 1445 2
1231 1294 2
1 115 3
1 24 3
2 107 3
2 89 3
10 31 3
11 1296 3
12 109 3
24 115 3
24 148 3
25 131 3
29 31 3
31 111 3
31 132 3
31 103 3
35 94 3
35 143 3
35 124 3
48 903 3
53 1192 3
60 96 3
60 1010 3
61 146 3
61 150 3
61 97 3
62 115 3
62 1075 3
68 120 3
68 141 3
68 110 3
69 139 3
69 141 3
69 140 3
69 131 3
69 110 3
69 1254 3
70 94 3
70 149 3
73 94 3
73 143 3
76 143 3
89 109 3
90 121 3
91 93 3
91 115 3
92 93 3
93 147 3
94 124 3
101 102 3
101 103 3
102 152 3
102 103 3
106 147 3
106 135 3
108 141 3
108 140 3
108 139 3
110 141 3
110 120 3
111 155 3
119 144 3
120 141 3
124 143 3
133 1315 3
135 147 3
139 140 3
140 141 3
148 1023 3
150 154 3
168 1151 3
209 1236 3
214 482 3
264 375 3
268 780 3
275 603 3
277 1042 3
314 1285 3
328 600 3
342 1290 3
374 1275 3
385 705 3
429 919 3
432 1073 3
452 977 3
471 762 3
511 1082 3
532 664 3
535 1165 3
540 1067 3
546 1128 3
617 809 3
655 1140 3
789 1291 3
791 961 3
1076 1253 3
1094 1317 3
1317 1391 3
1433 1442 3
2 88 4
2 137 4
2 12 4
10 166 4
10 31 4
12 122 4
12 137 4
12 154 4
14 15 4
24 68 4
28 29 4
29 102 4
31 102 4
35 94 4
35 149 4
42 911 4
54 211 4
56 1116 4
60 121 4
61 154 4
61 158 4
64 68 4
64 124 4
64 157 4
68 157 4
68 124 4
68 156 4
69 141 4
78 161 4
88 108 4
88 464 4
89 137 4
90 92 4
90 115 4
90 91 4
90 151 4
91 167 4
92 163 4
94 165 4
94 991 4
112 114 4
121 148 4
122 142 4
123 148 4
123 156 4
123 149 4
124 157 4
136 447 4
138 166 4
147 1191 4
147 742 4
148 165 4
149 156 4
150 158 4
154 158 4
160 162 4
164 1318 4
186 208 4
208 1476 4
249 1417 4
255 496 4
275 1443 4
279 454 4
295 753 4
320 503 4
322 1298 4
355 912 4
402 434 4
418 1055 4
468 995 4
475 1092 4
481 658 4
496 1239 4
525 1173 4
580 871 4
664 667 4
718 1359 4
746 767 4
947 1437 4
948 1465 4
965 1434 4
1085 1407 4
1090 1146 4
1142 1159 4
1257 1260 4
2 89 5
3 1247 5
10 31 5
12 149 5
12 124 5
23 959 5
28 91 5
29 101 5
29 121 5
29 102 5
42 729 5
62 91 5
69 120 5
70 123 5
70 94 5
70 165 5
92 147 5
97 162 5
97 160 5
100 1310 5
101 152 5
102 152 5
102 103 5
111 114 5
112 114 5
115 151 5
121 148 5
122 154 5
123 148 5
123 165 5
123 138 5
124 149 5
138 148 5
139 140 5
147 169 5
160 162 5
170 171 5
218 812 5
226 1170 5
340 990 5
418 1085 5
448 857 5
503 866 5
511 607 5
608 706 5
618 936 5
635 1436 5
730 1011 5
740 840 5
765 1249 5
795 1042 5
832 1148 5
891 1159 5
967 1233 5
1125 1285 5
1140 1258 5
1196 1421 5
2 89 6
12 143 6
21 174 6
21 175 6
27 461 6
28 106 6
29 170 6
31 166 6
61 106 6
76 1035 6
89 107 6
94 95 6
95 124 6
97 160 6
108 110 6
112 173 6
114 173 6
115 177 6
120 141 6
128 1203 6
146 571 6
149 165 6
149 176 6
152 210 6
172 854 6
174 175 6
177 1104 6
191 1011 6
269 474 6
367 1018 6
387 1373 6
435 790 6
453 784 6
525 1220 6
530 541 6
638 1038 6
644 1073 6
679 1292 6
683 789 6
695 760 6
775 1104 6
887 1013 6
914 1293 6
927 949 6
943 1044 6
947 1186 6
10 184 7
21 110 7
24 110 7
24 395 7
40 214 7
60 181 7
60 162 7
60 182 7
88 92 7
101 112 7
106 142 7
108 120 7
110 165 7
115 180 7
121 138 7
143 354 7
160 162 7
165 725 7
183 184 7
261 264 7
272 479 7
614 1395 7
722 979 7
742 1384 7
791 1142 7
812 1190 7
869 1123 7
1102 1302 7
1149 1163 7
1286 1368 7
1425 1432 7
21 186 8
28 92 8
28 142 8
28 189 8
43 1133 8
57 385 8
58 798 8
60 191 8
61 191 8
61 181 8
88 192 8
97 208 8
106 194 8
106 193 8
106 179 8
107 186 8
107 192 8
107 195 8
115 121 8
115 181 8
120 1109 8
122 384 8
124 856 8
136 842 8
142 179 8
152 180 8
179 189 8
182 220 8
184 197 8
188 196 8
192 195 8
231 592 8
257 872 8
261 552 8
383 960 8
395 691 8
409 1314 8
442 1174 8
443 1165 8
447 679 8
448 1115 8
479 603 8
487 1275 8
495 1437 8
512 1335 8
544 653 8
558 578 8
649 1382 8
711 1354 8
712 1146 8
737 913 8
1257 1437 8
12 211 9
12 185 9
12 110 9
12 188 9
12 215 9
12 195 9
12 213 9
12 92 9
21 215 9
21 216 9
21 209 9
21 230 9
21 110 9
21 231 9
21 188 9
21 210 9
21 213 9
28 106 9
28 223 9
28 179 9
28 61 9
28 169 9
30 628 9
31 606 9
53 652 9
54 414 9
61 221 9
61 227 9
61 224 9
81 746 9
88 231 9
92 214 9
92 195 9
92 216 9
92 212 9
92 176 9
92 211 9
92 185 9
92 208 9
92 209 9
92 210 9
98 219 9
106 224 9
106 234 9
106 223 9
106 191 9
107 238 9
110 231 9
110 215 9
110 188 9
110 216 9
112 226 9
112 201 9
112 200 9
112 180 9
121 211 9
140 186 9
142 203 9
142 190 9
142 204 9
142 170 9
142 205 9
142 169 9
143 237 9
152 239 9
160 194 9
160 217 9
160 207 9
165 213 9
169 223 9
169 190 9
170 204 9
170 186 9
170 203 9
170 235 9
170 205 9
176 212 9
176 208 9
179 221 9
179 222 9
179 223 9
179 224 9
180 225 9
180 201 9
182 808 9
185 195 9
185 213 9
186 231 9
186 190 9
186 206 9
188 215 9
188 216 9
190 231 9
190 230 9
191 203 9
192 195 9
192 230 9
192 217 9
194 229 9
195 214 9
195 230 9
195 211 9
195 213 9
197 226 9
199 200 9
200 201 9
201 225 9
201 228 9
202 204 9
202 205 9
203 204 9
203 205 9
204 235 9
204 205 9
205 235 9
208 212 9
209 215 9
209 210 9
210 215 9
211 214 9
211 213 9
213 214 9
214 230 9
215 216 9
217 220 9
217 219 9
218 219 9
218 220 9
219 233 9
219 232 9
220 233 9
220 232 9
221 224 9
221 222 9
222 224 9
222 227 9
223 430 9
224 234 9
225 226 9
230 231 9
232 233 9
253 336 9
263 332 9
273 791 9
277 1216 9
326 1147 9
334 1019 9
354 1321 9
356 1444 9
388 1029 9
390 639 9
418 1443 9
428 878 9
479 1087 9
490 540 9
561 925 9
596 1446 9
626 725 9
627 782 9
634 716 9
682 1221 9
697 1320 9
702 864 9
747 825 9
757 1414 9
759 1340 9
831 1276 9
861 1478 9
910 1054 9
943 1051 9
955 1479 9
1019 1376 9
1028 1382 9
1111 1124 9
1144 1147 9
3 440 10
12 190 10
60 195 10
61 160 10
64 158 10
73 1436 10
88 106 10
88 192 10
92 242 10
92 191 10
106 191 10
110 230 10
142 1103 10
143 258 10
143 257 10
145 838 10
149 1309 10
152 264 10
152 261 10
154 1223 10
157 1043 10
170 266 10
176 248 10
183 1479 10
187 197 10
187 246 10
190 245 10
191 242 10
191 207 10
191 238 10
195 230 10
195 220 10
207 267 10
217 232 10
217 228 10
228 232 10
230 259 10
230 231 10
240 242 10
244 260 10
246 265 10
246 500 10
250 252 10
250 251 10
254 262 10
257 258 10
261 263 10
263 264 10
347 680 10
382 1126 10
474 1198 10
489 1370 10
569 780 10
595 613 10
638 1464 10
683 804 10
736 787 10
759 953 10
808 1439 10
894 1146 10
935 1235 10
1012 1103 10
1015 1025 10
1296 1314 10
12 188 11
27 501 11
37 113 11
60 220 11
60 192 11
60 88 11
60 195 11
61 269 11
61 285 11
69 643 11
88 231 11
88 301 11
88 230 11
88 220 11
88 303 11
106 283 11
107 320 11
107 319 11
107 321 11
107 318 11
113 680 11
121 324 11
121 325 11
121 207 11
121 191 11
126 1098 11
146 361 11
152 297 11
152 298 11
152 299 11
152 294 11
160 266 11
160 268 11
169 308 11
169 309 11
169 307 11
169 310 11
170 260 11
170 297 11
170 298 11
176 190 11
176 191 11
176 507 11
179 269 11
190 248 11
190 289 11
190 191 11
190 323 11
191 287 11
191 207 11
191 324 11
191 325 11
191 260 11
192 231 11
192 220 11
195 217 11
207 325 11
207 324 11
210 541 11
211 1351 11
212 326 11
217 259 11
218 232 11
219 232 11
220 305 11
220 304 11
220 230 11
220 303 11
220 301 11
220 302 11
220 300 11
222 872 11
222 310 11
223 385 11
228 560 11
230 231 11
230 301 11
230 302 11
230 305 11
230 303 11
231 303 11
231 232 11
240 1009 11
240 1375 11
242 252 11
242 329 11
242 579 11
245 323 11
246 287 11
246 270 11
246 272 11
246 317 11
246 268 11
248 323 11
252 329 11
252 292 11
252 291 11
253 271 11
253 270 11
253 284 11
253 285 11
255 311 11
259 296 11
259 295 11
260 261 11
260 287 11
261 322 11
261 297 11
266 268 11
268 269 11
268 271 11
268 272 11
268 273 11
269 276 11
269 285 11
269 272 11
270 286 11
270 284 11
270 273 11
271 286 11
271 272 11
272 273 11
274 275 11
279 280 11
280 281 11
282 283 11
283 312 11
284 286 11
284 285 11
285 286 11
287 299 11
287 297 11
287 298 11
287 317 11
288 289 11
291 292 11
293 294 11
294 297 11
294 315 11
297 298 11
297 315 11
297 299 11
298 299 11
300 301 11
300 303 11
300 304 11
300 305 11
300 302 11
301 304 11
301 305 11
301 303 11
302 304 11
302 303 11
303 304 11
303 305 11
306 309 11
306 307 11
306 308 11
306 310 11
307 308 11
307 309 11
307 310 11
308 310 11
309 310 11
311 313 11
312 313 11
314 316 11
315 316 11
318 319 11
318 320 11
318 321 11
324 328 11
324 325 11
329 330 11
331 536 11
351 734 11
358 1369 11
421 435 11
449 1287 11
453 892 11
459 1404 11
488 905 11
528 638 11
547 1088 11
553 1104 11
556 1359 11
572 902 11
594 931 11
630 718 11
675 1226 11
738 1014 11
750 945 11
756 1471 11
787 1150 11
806 1392 11
844 1299 11
868 1386 11
900 1301 11
1095 1320 11
1124 1246 11
1166 1366 11
1224 1301 11
46 1052 12
58 757 12
61 352 12
61 359 12
61 351 12
100 655 12
107 320 12
107 220 12
107 335 12
116 1470 12
121 292 12
123 1155 12
134 907 12
146 1344 12
176 245 12
176 327 12
176 350 12
176 354 12
176 349 12
195 360 12
195 358 12
219 318 12
219 360 12
219 320 12
220 360 12
220 318 12
220 320 12
220 335 12
220 228 12
228 337 12
228 340 12
228 320 12
228 321 12
228 339 12
234 1194 12
252 369 12
256 352 12
260 321 12
260 344 12
276 363 12
276 351 12
279 353 12
293 343 12
293 297 12
294 562 12
297 343 12
298 379 12
299 1044 12
306 348 12
311 352 12
311 351 12
318 347 12
320 360 12
320 335 12
321 339 12
321 341 12
321 340 12
323 350 12
337 341 12
337 340 12
337 339 12
337 338 12
338 342 12
339 340 12
344 345 12
346 347 12
353 365 12
354 355 12
357 358 12
361 363 12
361 362 12
367 370 12
367 368 12
369 370 12
369 474 12
372 1189 12
386 1071 12
389 1423 12
496 1147 12
546 1169 12
555 1098 12
575 990 12
597 889 12
636 711 12
646 689 12
706 734 12
883 1065 12
1069 1390 12
1161 1434 12
1215 1307 12
1314 1400 12
1373 1404 12
34 403 13
36 1440 13
131 679 13
153 1413 13
228 360 13
241 1357 13
252 375 13
292 383 13
292 381 13
306 388 13
320 378 13
342 385 13
345 351 13
351 376 13
386 387 13
404 628 13
419 1257 13
422 879 13
573 603 13
663 694 13
701 781 13
777 1362 13
973 1116 13
1233 1311 13
1265 1350 13
1366 1411 13
4 1249 14
10 258 14
25 523 14
30 574 14
61 416 14
61 415 14
74 926 14
80 648 14
91 406 14
113 1377 14
116 253 14
120 1165 14
127 972 14
143 1381 14
149 1077 14
175 584 14
204 1214 14
219 431 14
228 431 14
228 711 14
237 1205 14
242 457 14
242 400 14
252 461 14
252 425 14
256 351 14
256 395 14
256 417 14
256 418 14
256 419 14
256 392 14
260 295 14
260 411 14
270 794 14
272 480 14
276 1356 14
279 365 14
279 362 14
279 280 14
280 365 14
280 362 14
283 580 14
292 434 14
292 424 14
292 381 14
293 374 14
293 351 14
293 1154 14
295 453 14
295 411 14
306 391 14
311 401 14
311 402 14
311 442 14
311 351 14
320 360 14
320 456 14
323 445 14
323 446 14
323 409 14
323 444 14
331 383 14
331 381 14
335 360 14
335 465 14
338 341 14
341 365 14
341 447 14
341 384 14
342 365 14
342 447 14
345 361 14
345 362 14
345 359 14
347 412 14
347 360 14
348 995 14
348 439 14
351 448 14
351 994 14
353 442 14
353 377 14
354 410 14
354 409 14
354 407 14
354 405 14
354 406 14
354 408 14
355 397 14
359 361 14
359 363 14
360 456 14
360 465 14
361 362 14
361 363 14
362 365 14
362 363 14
363 430 14
365 447 14
366 420 14
366 421 14
366 422 14
366 423 14
377 455 14
378 449 14
378 393 14
378 396 14
378 394 14
378 392 14
383 426 14
383 424 14
389 452 14
392 394 14
392 395 14
393 396 14
394 396 14
398 400 14
399 400 14
399 445 14
401 402 14
401 403 14
402 448 14
404 405 14
404 410 14
405 449 14
406 407 14
406 408 14
407 408 14
408 409 14
411 412 14
414 415 14
414 416 14
415 416 14
417 418 14
418 419 14
420 421 14
420 422 14
420 423 14
421 422 14
421 439 14
423 438 14
423 439 14
424 425 14
428 429 14
432 436 14
432 433 14
432 434 14
432 435 14
433 435 14
433 441 14
433 436 14
433 434 14
433 437 14
434 435 14
434 436 14
434 790 14
435 436 14
435 440 14
438 439 14
440 441 14
442 455 14
444 446 14
450 451 14
453 454 14
458 459 14
462 463 14
464 1456 14
476 1006 14
527 1461 14
546 1363 14
573 1306 14
577 888 14
587 798 14
619 1233 14
655 1343 14
705 825 14
841 1209 14
894 1431 14
942 1407 14
950 1218 14
974 1267 14
1018 1037 14
1059 1234 14
1059 1393 14
1133 1271 14
9 767 15
13 219 15
44 844 15
68 907 15
78 1315 15
163 1062 15
233 627 15
252 488 15
256 474 15
256 418 15
260 469 15
260 468 15
279 467 15
279 345 15
279 475 15
279 495 15
279 344 15
292 476 15
293 475 15
295 453 15
295 322 15
306 484 15
306 483 15
311 401 15
320 493 15
320 491 15
320 492 15
344 345 15
344 361 15
345 467 15
345 430 15
345 361 15
347 368 15
351 353 15
353 455 15
353 392 15
361 467 15
371 900 15
392 455 15
394 1058 15
404 405 15
404 760 15
405 482 15
406 407 15
406 465 15
406 408 15
407 465 15
407 481 15
414 470 15
414 415 15
415 470 15
418 442 15
418 473 15
418 474 15
418 419 15
419 442 15
419 473 15
419 474 15
427 478 15
429 486 15
430 467 15
435 477 15
435 476 15
436 594 15
438 482 15
439 489 15
442 473 15
451 1154 15
453 454 15
454 469 15
454 468 15
456 1216 15
458 600 15
462 466 15
465 481 15
471 472 15
473 474 15
476 477 15
481 487 15
484 1003 15
490 491 15
490 492 15
491 492 15
492 493 15
497 498 15
537 1264 15
548 846 15
560 1048 15
616 814 15
690 1022 15
725 1451 15
733 1280 15
903 1079 15
928 1171 15
1020 1186 15
1031 1204 15
1085 1287 15
1226 1322 15
1366 1460 15
1 1316 16
6 1261 16
34 916 16
57 1388 16
60 1107 16
70 675 16
72 558 16
101 1187 16
107 723 16
159 1371 16
236 718 16
252 488 16
252 1182 16
256 353 16
292 503 16
331 516 16
334 405 16
334 438 16
342 532 16
350 860 16
351 416 16
351 525 16
351 402 16
357 399 16
359 524 16
359 526 16
366 422 16
366 405 16
382 404 16
382 522 16
396 1240 16
401 416 16
404 522 16
405 438 16
409 444 16
416 514 16
419 508 16
419 506 16
419 507 16
424 426 16
427 428 16
432 499 16
438 502 16
441 521 16
443 472 16
446 534 16
454 491 16
456 599 16
460 515 16
491 528 16
491 492 16
492 528 16
492 531 16
504 505 16
506 507 16
506 508 16
507 508 16
509 510 16
509 511 16
510 511 16
517 518 16
517 519 16
518 519 16
519 525 16
523 526 16
524 525 16
524 526 16
525 526 16
567 625 16
585 1010 16
612 1292 16
631 1287 16
673 970 16
706 876 16
759 920 16
763 1183 16
811 1216 16
824 1239 16
827 962 16
886 1062 16
907 1227 16
928 1458 16
1156 1427 16
1385 1446 16
29 749 17
51 882 17
64 316 17
66 729 17
87 1210 17
103 1319 17
155 1017 17
162 801 17
194 653 17
196 1037 17
197 540 17
199 1089 17
218 1368 17
267 999 17
278 352 17
320 546 17
331 862 17
334 405 17
339 409 17
354 407 17
354 408 17
357 446 17
366 516 17
385 729 17
399 544 17
400 1056 17
401 514 17
401 416 17
404 522 17
405 438 17
407 408 17
408 410 17
432 499 17
443 515 17
443 460 17
504 970 17
506 1279 17
507 508 17
511 1288 17
515 536 17
516 1306 17
524 526 17
532 535 17
537 538 17
540 541 17
542 545 17
542 543 17
547 548 17
556 1406 17
625 1038 17
664 723 17
699 801 17
770 838 17
828 1072 17
904 982 17
947 1122 17
954 1009 17
15 1143 18
24 856 18
129 1092 18
137 1304 18
176 969 18
210 541 18
228 422 18
301 840 18
315 1389 18
320 431 18
320 546 18
320 537 18
339 409 18
339 556 18
357 446 18
367 427 18
377 996 18
381 437 18
382 500 18
394 450 18
394 509 18
394 510 18
410 462 18
410 549 18
414 662 18
420 533 18
427 555 18
431 529 18
431 546 18
450 510 18
460 536 18
460 515 18
462 549 18
462 466 18
464 552 18
472 552 18
472 488 18
499 565 18
515 529 18
518 542 18
518 1176 18
521 1412 18
523 526 18
524 554 18
526 554 18
529 546 18
529 533 18
537 550 18
537 551 18
589 1280 18
623 634 18
682 993 18
721 1266 18
745 863 18
817 922 18
832 1206 18
889 1129 18
895 1031 18
960 1121 18
991 1004 18
1153 1405 18
1172 1414 18
16 641 19
29 831 19
45 1002 19
69 381 19
73 1404 19
114 590 19
190 476 19
214 357 19
242 1029 19
258 276 19
280 1109 19
303 847 19
318 980 19
320 546 19
320 556 19
324 1450 19
331 575 19
331 562 19
331 552 19
335 409 19
336 1190 19
339 557 19
339 465 19
339 460 19
342 1433 19
353 553 19
353 566 19
353 518 19
353 510 19
366 521 19
366 559 19
366 580 19
366 379 19
367 576 19
367 450 19
370 555 19
370 427 19
370 374 19
379 583 19
380 574 19
381 573 19
394 510 19
394 504 19
394 509 19
394 450 19
400 561 19
400 500 19
409 557 19
419 514 19
419 577 19
420 533 19
420 570 19
427 450 19
427 555 19
431 556 19
431 546 19
431 946 19
437 583 19
437 559 19
444 986 19
446 460 19
450 576 19
454 533 19
454 571 19
454 561 19
460 551 19
460 557 19
460 465 19
460 561 19
461 775 19
465 557 19
494 597 19
500 560 19
504 553 19
504 581 19
507 791 19
509 510 19
509 515 19
510 563 19
514 526 19
514 554 19
514 578 19
515 561 19
515 560 19
518 567 19
518 563 19
518 553 19
518 564 19
523 524 19
523 554 19
524 579 19
524 554 19
526 554 19
533 570 19
533 561 19
534 751 19
543 585 19
543 586 19
546 556 19
552 562 19
552 575 19
553 581 19
553 564 19
554 579 19
565 566 19
566 584 19
566 567 19
576 1122 19
577 578 19
584 585 19
585 586 19
674 1391 19
742 1049 19
784 1024 19
787 850 19
874 1345 19
984 1389 19
1131 1436 19
1174 1409 19
1230 1469 19
1278 1473 19
44 1215 20
62 186 20
65 785 20
97 1390 20
123 903 20
155 526 20
208 428 20
219 550 20
279 647 20
305 653 20
320 537 20
320 624 20
320 638 20
321 803 20
331 574 20
354 400 20
355 465 20
357 400 20
357 610 20
357 609 20
366 606 20
366 607 20
367 576 20
367 635 20
367 427 20
370 374 20
370 378 20
370 424 20
374 576 20
374 593 20
374 604 20
374 427 20
374 424 20
376 627 20
376 458 20
376 614 20
376 379 20
376 609 20
378 572 20
379 609 20
380 613 20
380 572 20
380 574 20
381 573 20
394 612 20
394 565 20
394 510 20
400 602 20
410 602 20
410 620 20
425 623 20
425 576 20
425 622 20
425 606 20
425 552 20
427 576 20
429 1150 20
431 598 20
431 599 20
458 614 20
466 594 20
466 557 20
508 600 20
510 565 20
510 625 20
510 566 20
518 605 20
518 566 20
518 604 20
518 619 20
518 621 20
521 574 20
524 626 20
525 1269 20
526 636 20
533 570 20
536 603 20
537 624 20
552 622 20
552 572 20
552 575 20
552 606 20
552 601 20
559 1092 20
561 596 20
561 603 20
561 595 20
565 566 20
565 611 20
566 605 20
566 604 20
568 626 20
572 613 20
572 575 20
572 601 20
572 574 20
574 613 20
574 614 20
575 601 20
575 840 20
581 628 20
582 630 20
584 629 20
584 585 20
584 637 20
585 629 20
587 588 20
587 589 20
587 590 20
587 591 20
588 589 20
588 592 20
588 593 20
588 591 20
588 590 20
589 593 20
589 592 20
589 590 20
590 591 20
591 592 20
591 593 20
592 593 20
595 596 20
598 599 20
604 605 20
605 621 20
606 622 20
606 623 20
608 609 20
608 610 20
611 612 20
615 616 20
616 618 20
623 1257 20
631 633 20
632 633 20
632 986 20
654 1055 20
723 954 20
724 762 20
726 1161 20
864 923 20
897 1280 20
978 1025 20
979 1183 20
1047 1410 20
1100 1124 20
1107 1243 20
14 586 21
55 155 21
66 1287 21
78 401 21
80 1291 21
84 1289 21
99 1387 21
183 257 21
197 311 21
205 815 21
239 250 21
263 1342 21
283 562 21
314 660 21
314 367 21
314 653 21
316 1172 21
320 686 21
320 694 21
320 638 21
329 774 21
357 640 21
357 679 21
357 680 21
357 657 21
357 446 21
357 671 21
357 639 21
358 1442 21
367 374 21
367 581 21
374 581 21
381 572 21
385 837 21
393 1281 21
394 650 21
394 510 21
394 651 21
394 652 21
394 653 21
394 655 21
394 654 21
400 689 21
404 851 21
410 648 21
410 649 21
410 645 21
424 584 21
445 1067 21
446 680 21
446 679 21
450 815 21
494 1421 21
508 674 21
508 673 21
508 514 21
508 676 21
510 514 21
510 615 21
510 567 21
510 653 21
514 674 21
514 673 21
514 615 21
514 567 21
514 672 21
520 1287 21
523 688 21
523 524 21
524 688 21
533 577 21
533 570 21
533 676 21
537 678 21
542 1075 21
561 647 21
567 615 21
568 678 21
570 676 21
570 584 21
572 652 21
572 670 21
572 669 21
573 643 21
577 584 21
581 686 21
581 628 21
581 635 21
581 637 21
581 590 21
587 639 21
587 640 21
590 635 21
592 606 21
599 602 21
606 640 21
606 639 21
609 1436 21
612 654 21
613 642 21
613 643 21
613 641 21
615 658 21
615 659 21
616 646 21
624 638 21
624 695 21
630 645 21
630 649 21
635 637 21
636 666 21
636 667 21
636 665 21
637 686 21
637 687 21
638 695 21
640 641 21
641 642 21
641 643 21
642 675 21
642 643 21
642 671 21
644 645 21
645 648 21
645 649 21
650 655 21
650 652 21
650 651 21
651 652 21
651 654 21
651 655 21
652 655 21
652 670 21
652 669 21
653 660 21
656 657 21
658 659 21
661 662 21
661 663 21
661 664 21
662 663 21
662 664 21
663 664 21
665 666 21
665 889 21
666 668 21
667 668 21
671 675 21
672 674 21
672 673 21
673 674 21
681 682 21
682 691 21
683 684 21
683 685 21
790 949 21
817 1159 21
894 976 21
933 1116 21
1036 1397 21
1221 1289 21
1232 1436 21
1248 1448 21
1273 1426 21
1353 1374 21
43 1430 22
72 1369 22
80 563 22
102 741 22
121 1138 22
183 1016 22
240 1107 22
258 552 22
284 453 22
294 429 22
303 930 22
309 544 22
313 1246 22
314 746 22
314 747 22
314 367 22
315 679 22
320 688 22
320 716 22
320 1238 22
357 745 22
357 561 22
357 734 22
357 719 22
357 647 22
357 1469 22
362 1168 22
367 747 22
367 746 22
371 1130 22
388 1028 22
394 720 22
400 743 22
400 745 22
416 1076 22
421 1022 22
431 751 22
431 750 22
431 752 22
458 732 22
470 679 22
479 782 22
504 1169 22
508 725 22
508 726 22
508 723 22
514 704 22
514 722 22
546 1472 22
559 836 22
561 711 22
561 697 22
561 710 22
561 647 22
568 701 22
568 597 22
568 706 22
572 705 22
575 744 22
575 592 22
578 709 22
578 753 22
581 728 22
581 742 22
581 673 22
592 744 22
597 700 22
597 701 22
616 704 22
616 703 22
629 709 22
629 753 22
629 674 22
629 706 22
664 1108 22
673 674 22
673 742 22
676 1007 22
680 754 22
680 689 22
680 736 22
680 735 22
682 742 22
682 707 22
682 708 22
689 754 22
689 735 22
691 740 22
691 738 22
693 731 22
696 697 22
696 698 22
696 699 22
697 728 22
697 710 22
697 727 22
698 728 22
698 727 22
700 755 22
700 701 22
701 717 22
701 716 22
702 704 22
702 703 22
703 704 22
706 709 22
707 708 22
708 742 22
709 753 22
711 728 22
711 742 22
712 713 22
712 714 22
712 715 22
713 714 22
713 715 22
714 715 22
716 717 22
719 743 22
720 747 22
720 746 22
721 722 22
723 724 22
723 725 22
723 726 22
724 725 22
724 726 22
727 728 22
729 730 22
733 734 22
734 736 22
734 745 22
735 736 22
738 740 22
738 741 22
738 739 22
740 741 22
743 745 22
746 747 22
750 752 22
750 751 22
751 752 22
751 1040 22
757 758 22
869 948 22
986 1236 22
998 1209 22
1028 1052 22
1103 1370 22
1349 1418 22
1451 1471 22
21 937 23
66 959 23
100 795 23
101 852 23
163 1041 23
228 950 23
256 1256 23
271 915 23
295 552 23
299 1123 23
305 1032 23
355 1382 23
357 729 23
357 680 23
357 734 23
357 779 23
357 778 23
357 780 23
357 745 23
358 1102 23
367 795 23
458 789 23
490 1045 23
504 614 23
511 1024 23
523 707 23
523 792 23
565 1385 23
575 606 23
581 775 23
581 776 23
581 782 23
590 761 23
606 613 23
606 793 23
606 794 23
606 803 23
628 795 23
628 782 23
647 788 23
649 772 23
649 680 23
649 770 23
651 796 23
680 773 23
680 770 23
680 769 23
697 737 23
697 728 23
697 733 23
705 764 23
706 765 23
707 792 23
707 796 23
712 715 23
712 713 23
713 715 23
716 751 23
716 797 23
716 796 23
728 766 23
728 776 23
728 733 23
728 774 23
729 745 23
729 781 23
729 779 23
729 777 23
734 735 23
735 736 23
735 788 23
736 788 23
737 791 23
738 783 23
745 781 23
745 779 23
745 778 23
745 777 23
745 780 23
749 796 23
751 796 23
751 797 23
752 797 23
763 800 23
769 784 23
769 772 23
769 785 23
770 772 23
771 773 23
773 785 23
773 787 23
774 776 23
774 775 23
775 776 23
777 779 23
777 781 23
778 781 23
778 780 23
779 781 23
779 780 23
784 785 23
785 786 23
785 787 23
787 798 23
793 794 23
797 799 23
822 1261 23
858 1055 23
895 1021 23
1098 1283 23
1114 1269 23
34 780 24
81 1276 24
156 1003 24
263 943 24
288 1111 24
300 1230 24
424 1113 24
463 1257 24
488 1238 24
512 699 24
537 779 24
578 822 24
619 1125 24
630 1075 24
635 1133 24
647 810 24
661 1472 24
680 787 24
691 807 24
691 808 24
706 714 24
712 715 24
712 819 24
712 713 24
715 819 24
718 787 24
728 775 24
747 761 24
754 813 24
755 799 24
763 818 24
769 787 24
775 776 24
775 810 24
777 782 24
785 786 24
786 798 24
806 815 24
807 809 24
808 809 24
816 818 24
820 822 24
823 824 24
826 828 24
826 827 24
827 829 24
828 829 24
830 831 24
868 886 24
901 1257 24
951 1130 24
1086 1170 24
1117 1137 24
1120 1405 24
11 303 25
24 723 25
40 287 25
48 1255 25
73 629 25
73 1410 25
119 1370 25
186 925 25
205 815 25
359 980 25
380 638 25
395 764 25
454 561 25
474 1044 25
501 532 25
513 530 25
516 792 25
540 1268 25
549 1317 25
639 681 25
672 1147 25
674 761 25
680 769 25
680 842 25
697 859 25
697 856 25
699 1172 25
702 1243 25
706 707 25
706 851 25
707 851 25
709 820 25
728 775 25
735 838 25
735 743 25
736 775 25
736 857 25
743 838 25
743 777 25
751 755 25
752 826 25
752 854 25
755 839 25
756 839 25
761 782 25
762 962 25
766 782 25
766 836 25
770 861 25
770 787 25
774 775 25
775 776 25
776 835 25
777 831 25
780 913 25
782 795 25
782 836 25
787 840 25
787 842 25
788 1231 25
795 836 25
802 834 25
802 833 25
802 832 25
803 831 25
803 928 25
805 814 25
812 844 25
812 843 25
814 815 25
815 850 25
819 863 25
819 862 25
823 858 25
830 1306 25
832 848 25
832 847 25
832 849 25
838 860 25
847 849 25
848 849 25
851 866 25
855 856 25
857 858 25
862 863 25
864 865 25
1214 1348 25
1336 1466 25
34 1185 26
61 856 26
95 1022 26
137 483 26
165 1248 26
177 225 26
180 411 26
195 309 26
265 1441 26
265 916 26
268 800 26
314 875 26
320 666 26
343 679 26
354 874 26
377 516 26
449 469 26
515 1282 26
673 709 26
674 707 26
674 812 26
680 735 26
697 872 26
705 810 26
706 866 26
706 851 26
707 873 26
707 812 26
709 820 26
709 847 26
709 868 26
714 1112 26
726 845 26
728 836 26
735 871 26
743 870 26
752 862 26
755 808 26
755 867 26
755 807 26
761 869 26
761 812 26
763 877 26
766 844 26
775 776 26
777 838 26
786 864 26
786 787 26
800 815 26
803 875 26
807 867 26
808 867 26
812 873 26
812 868 26
819 863 26
825 862 26
826 839 26
832 848 26
836 858 26
837 847 26
844 869 26
844 848 26
850 877 26
851 866 26
858 881 26
860 879 26
864 871 26
870 882 26
874 882 26
880 881 26
1134 1436 26
1400 1431 26
30 1394 27
43 213 27
47 1226 27
55 1140 27
57 539 27
129 1326 27
131 963 27
132 1292 27
205 1195 27
238 261 27
251 808 27
276 329 27
281 318 27
314 878 27
355 538 27
355 644 27
366 387 27
404 1175 27
412 1430 27
420 746 27
457 1333 27
484 1149 27
593 1066 27
609 1215 27
626 808 27
635 1034 27
641 1028 27
663 903 27
668 871 27
673 674 27
673 709 27
685 1435 27
688 1043 27
689 768 27
697 872 27
706 867 27
707 812 27
717 1125 27
728 775 27
728 776 27
728 836 27
731 1035 27
735 736 27
752 863 27
761 895 27
761 766 27
763 850 27
768 853 27
768 884 27
775 836 27
776 1067 27
779 1159 27
786 897 27
786 865 27
787 887 27
798 887 27
802 844 27
802 812 27
803 875 27
817 875 27
817 847 27
820 893 27
826 863 27
831 882 27
839 894 27
840 1440 27
844 848 27
844 851 27
850 875 27
850 882 27
853 1138 27
857 858 27
864 871 27
873 895 27
876 885 27
876 886 27
882 896 27
885 886 27
887 892 27
1006 1448 27
1016 1238 27
1087 1339 27
1170 1415 27
1246 1317 27
1262 1334 27
17 1368 28
20 1001 28
28 384 28
47 1422 28
159 474 28
188 333 28
218 569 28
326 1467 28
327 383 28
399 429 28
586 1218 28
597 1163 28
604 617 28
624 1057 28
644 883 28
700 1426 28
709 1199 28
728 807 28
743 787 28
756 799 28
763 803 28
763 850 28
763 884 28
763 863 28
777 838 28
787 871 28
797 851 28
803 863 28
803 850 28
808 995 28
812 822 28
817 851 28
820 822 28
820 904 28
822 904 28
833 901 28
845 902 28
850 907 28
850 884 28
853 884 28
863 884 28
880 1055 28
886 907 28
890 902 28
898 899 28
903 910 28
908 909 28
911 912 28
1005 1213 28
1095 1376 28
1174 1365 28
1234 1457 28
1371 1372 28
21 245 29
45 711 29
59 218 29
86 1335 29
143 960 29
267 1142 29
314 404 29
329 1273 29
455 602 29
817 851 29
830 836 29
833 851 29
885 915 29
890 918 29
890 899 29
903 1247 29
908 913 29
909 920 29
912 921 29
1115 1436 29
1329 1364 29
1385 1443 29
16 236 30
21 1454 30
77 160 30
194 407 30
209 1392 30
241 1468 30
433 723 30
708 1136 30
817 885 30
849 1294 30
866 923 30
917 919 30
65 317 31
150 889 31
386 1157 31
286 1119 32
703 762 32
881 905 32
1029 1302 32
108 1165 33
135 1226 33
143 1100 33
778 1076 33
849 935 33
966 1364 33
571 1091 34
73 224 35
322 1095 35
447 753 35
551 826 35
781 1047 35
926 932 35
1291 1316 35
135 891 36
94 632 37
337 1261 37
717 892 37
712 766 38
814 902 38
205 839 39
284 396 39
534 716 39
7 440 40
40 764 40
90 446 40
98 1286 40
191 1077 40
198 1401 40
220 666 40
244 1270 40
691 1070 40
694 942 40
737 1381 40
845 1352 40
896 1147 40
936 966 40
945 961 40
947 948 40
1007 1229 40
1048 1339 40
1085 1301 40
1126 1249 40
35 701 41
69 692 41
118 454 41
119 755 41
123 1274 41
159 580 41
206 1208 41
225 934 41
261 421 41
273 285 41
364 1312 41
449 1199 41
460 751 41
514 898 41
546 781 41
547 561 41
618 837 41
626 1403 41
709 999 41
709 861 41
713 1044 41
716 1289 41
806 1137 41
852 1467 41
858 992 41
930 983 41
931 970 41
931 969 41
931 936 41
936 969 41
936 968 41
936 967 41
939 987 41
944 976 41
944 974 41
946 1009 41
946 1006 41
947 978 41
947 977 41
948 977 41
948 1005 41
949 981 41
949 980 41
949 979 41
952 987 41
957 1000 41
965 1002 41
965 1003 41
966 978 41
966 977 41
967 971 41
968 969 41
969 971 41
973 975 41
977 978 41
979 980 41
979 995 41
982 1008 41
984 986 41
985 986 41
985 996 41
986 996 41
987 988 41
992 993 41
996 1012 41
998 999 41
1000 1002 41
1000 1001 41
1001 1002 41
1002 1003 41
1009 1286 41
1010 1011 41
1173 1249 41
30 824 42
31 741 42
52 736 42
127 1299 42
135 406 42
141 1411 42
163 940 42
222 1356 42
243 993 42
257 296 42
279 930 42
351 503 42
420 1311 42
480 556 42
517 1421 42
532 1456 42
552 1320 42
553 613 42
561 911 42
565 1147 42
579 1321 42
584 977 42
605 1293 42
614 835 42
700 940 42
787 941 42
787 1017 42
791 1208 42
837 1335 42
930 983 42
930 949 42
931 1014 42
931 998 42
942 1016 42
942 1015 42
942 1017 42
947 1013 42
947 998 42
949 1020 42
949 1019 42
949 1005 42
949 981 42
962 1046 42
962 1051 42
962 1047 42
962 1045 42
965 1038 42
966 1050 42
967 1023 42
967 981 42
968 1014 42
972 1055 42
972 1023 42
976 1051 42
976 1049 42
976 1011 42
976 1027 42
981 1021 42
981 1018 42
983 1053 42
983 1447 42
985 1026 42
985 986 42
985 1025 42
986 1025 42
986 1124 42
997 1005 42
997 1028 42
998 1030 42
998 1014 42
998 1054 42
998 1048 42
998 1029 42
998 999 42
1005 1018 42
1005 1028 42
1008 1038 42
1008 1033 42
1008 1052 42
1011 1051 42
1016 1017 42
1016 1042 42
1018 1053 42
1018 1028 42
1020 1046 42
1020 1047 42
1022 1048 42
1022 1030 42
1023 1024 42
1024 1038 42
1024 1034 42
1024 1033 42
1024 1032 42
1025 1026 42
1030 1054 42
1030 1048 42
1031 1034 42
1031 1032 42
1031 1036 42
1031 1035 42
1032 1033 42
1032 1035 42
1032 1034 42
1032 1036 42
1032 1205 42
1033 1052 42
1033 1035 42
1033 1036 42
1034 1035 42
1034 1036 42
1035 1036 42
1037 1038 42
1038 1039 42
1039 1040 42
1041 1044 42
1041 1042 42
1045 1047 42
1045 1046 42
1046 1047 42
1055 1056 42
1244 1381 42
1399 1401 42
3 149 43
95 540 43
97 753 43
105 1139 43
107 226 43
109 632 43
112 948 43
141 406 43
146 371 43
167 1374 43
170 978 43
185 374 43
209 873 43
249 1038 43
285 439 43
285 324 43
349 1381 43
388 796 43
428 1413 43
440 740 43
450 1451 43
461 652 43
476 640 43
484 1176 43
511 572 43
662 937 43
671 1402 43
735 940 43
772 1261 43
775 1049 43
930 1033 43
930 1064 43
930 980 43
930 1008 43
945 1302 43
947 1079 43
947 1085 43
958 1033 43
958 1063 43
958 1008 43
960 1117 43
962 1116 43
962 1046 43
962 1088 43
965 1024 43
965 1038 43
972 1076 43
972 1056 43
976 1109 43
976 1104 43
980 983 43
980 1005 43
980 1053 43
981 1005 43
982 1111 43
983 1005 43
983 1053 43
985 1080 43
985 1025 43
993 1088 43
993 1091 43
993 1089 43
999 1083 43
999 1018 43
999 1079 43
999 1085 43
999 1108 43
999 1081 43
999 1082 43
1005 1053 43
1005 1018 43
1005 1079 43
1005 1085 43
1005 1081 43
1005 1082 43
1005 1038 43
1006 1097 43
1008 1033 43
1008 1063 43
1008 1064 43
1008 1066 43
1011 1113 43
1011 1115 43
1011 1114 43
1015 1080 43
1017 1110 43
1018 1085 43
1018 1050 43
1018 1081 43
1018 1082 43
1022 1050 43
1022 1109 43
1024 1100 43
1024 1099 43
1029 1085 43
1029 1301 43
1032 1076 43
1032 1095 43
1032 1111 43
1032 1074 43
1032 1073 43
1032 1072 43
1032 1071 43
1033 1063 43
1038 1100 43
1038 1072 43
1038 1070 43
1038 1074 43
1038 1069 43
1038 1063 43
1038 1099 43
1038 1058 43
1040 1076 43
1040 1056 43
1041 1056 43
1046 1112 43
1046 1088 43
1049 1103 43
1049 1101 43
1049 1051 43
1049 1104 43
1050 1098 43
1050 1118 43
1050 1097 43
1056 1075 43
1056 1076 43
1057 1058 43
1057 1060 43
1057 1061 43
1057 1062 43
1058 1061 43
1058 1062 43
1058 1060 43
1059 1061 43
1059 1062 43
1060 1061 43
1060 1062 43
1061 1062 43
1063 1069 43
1064 1065 43
1067 1068 43
1068 1107 43
1070 1071 43
1070 1072 43
1070 1073 43
1071 1072 43
1071 1074 43
1072 1074 43
1073 1099 43
1073 1074 43
1076 1094 43
1076 1096 43
1076 1092 43
1077 1078 43
1077 1079 43
1078 1079 43
1079 1085 43
1081 1082 43
1081 1083 43
1081 1084 43
1081 1085 43
1082 1083 43
1082 1085 43
1083 1085 43
1086 1087 43
1088 1089 43
1089 1090 43
1090 1188 43
1092 1093 43
1092 1096 43
1094 1096 43
1097 1098 43
1099 1106 43
1099 1105 43
1101 1102 43
1102 1103 43
1105 1106 43
1113 1114 43
1113 1115 43
1114 1115 43
4 62 44
50 373 44
101 222 44
268 1465 44
278 1432 44
284 1093 44
312 1090 44
318 349 44
374 622 44
406 1044 44
464 579 44
536 919 44
565 977 44
687 1263 44
755 1085 44
850 1292 44
891 1053 44
924 1071 44
936 1446 44
947 980 44
976 1127 44
993 1129 44
993 1029 44
1011 1115 44
1017 1124 44
1025 1095 44
1032 1063 44
1041 1056 44
1041 1119 44
1046 1050 44
1050 1060 44
1067 1122 44
1071 1392 44
1124 1125 44
1203 1330 44
1277 1356 44
32 801 45
80 313 45
101 354 45
109 216 45
166 1345 45
178 1354 45
180 380 45
206 676 45
274 333 45
287 1127 45
302 1409 45
324 619 45
333 1280 45
352 699 45
381 1191 45
400 1293 45
404 952 45
415 614 45
542 732 45
622 797 45
633 778 45
658 1255 45
739 1111 45
780 927 45
782 1060 45
801 1402 45
809 1334 45
811 1350 45
818 1259 45
856 1167 45
938 981 45
946 1116 45
946 1388 45
972 1146 45
976 1177 45
976 1169 45
983 1176 45
983 1154 45
983 1375 45
1011 1159 45
1011 1181 45
1011 1158 45
1011 1115 45
1017 1175 45
1017 1125 45
1017 1124 45
1017 1174 45
1029 1151 45
1036 1054 45
1041 1132 45
1041 1149 45
1041 1148 45
1041 1147 45
1041 1076 45
1041 1146 45
1041 1111 45
1046 1151 45
1046 1081 45
1046 1150 45
1056 1115 45
1056 1093 45
1056 1157 45
1056 1080 45
1056 1162 45
1057 1081 45
1059 1179 45
1059 1472 45
1060 1147 45
1060 1104 45
1060 1161 45
1060 1148 45
1063 1165 45
1063 1070 45
1067 1138 45
1067 1139 45
1068 1139 45
1068 1138 45
1069 1070 45
1069 1134 45
1076 1147 45
1080 1162 45
1080 1111 45
1080 1093 45
1081 1153 45
1081 1154 45
1093 1134 45
1093 1162 45
1093 1095 45
1095 1134 45
1104 1161 45
1104 1136 45
1115 1157 45
1115 1158 45
1115 1149 45
1115 1159 45
1124 1174 45
1124 1148 45
1124 1125 45
1125 1132 45
1125 1148 45
1125 1174 45
1125 1152 45
1126 1163 45
1126 1162 45
1127 1178 45
1127 1177 45
1127 1135 45
1132 1146 45
1133 1171 45
1133 1170 45
1134 1165 45
1135 1136 45
1135 1137 45
1136 1137 45
1138 1139 45
1139 1142 45
1139 1140 45
1140 1143 45
1142 1143 45
1144 1145 45
1146 1161 45
1148 1174 45
1149 1158 45
1150 1167 45
1150 1166 45
1150 1153 45
1153 1168 45
1153 1154 45
1153 1166 45
1153 1167 45
1155 1156 45
1158 1159 45
1162 1163 45
1166 1167 45
1166 1168 45
1167 1168 45
1171 1172 45
1174 1175 45
1177 1178 45
1180 1181 45
1432 1479 45
5 445 46
24 396 46
48 860 46
55 1220 46
86 254 46
120 356 46
125 1004 46
126 768 46
191 1261 46
198 1176 46
276 1418 46
296 1234 46
306 1435 46
349 736 46
352 1346 46
387 1373 46
399 875 46
427 1006 46
446 564 46
461 1325 46
467 1189 46
517 879 46
556 1080 46
572 1024 46
574 1113 46
595 1003 46
653 951 46
679 1438 46
704 775 46
765 1138 46
768 1459 46
773 1091 46
776 926 46
847 1080 46
873 1017 46
892 1071 46
907 1240 46
953 1462 46
960 1174 46
960 1175 46
976 1104 46
980 1203 46
983 1121 46
983 1203 46
1011 1181 46
1011 1180 46
1011 1041 46
1022 1214 46
1029 1164 46
1029 1205 46
1041 1157 46
1041 1193 46
1041 1132 46
1041 1148 46
1041 1174 46
1042 1152 46
1046 1208 46
1056 1207 46
1056 1190 46
1056 1146 46
1057 1185 46
1060 1201 46
1060 1193 46
1060 1076 46
1063 1069 46
1068 1139 46
1069 1070 46
1076 1201 46
1076 1149 46
1093 1190 46
1093 1146 46
1093 1191 46
1093 1192 46
1093 1144 46
1093 1134 46
1095 1193 46
1102 1182 46
1102 1104 46
1111 1162 46
1116 1198 46
1116 1197 46
1120 1400 46
1124 1125 46
1127 1199 46
1132 1148 46
1132 1174 46
1133 1172 46
1134 1192 46
1134 1209 46
1135 1185 46
1139 1142 46
1141 1461 46
1142 1143 46
1144 1192 46
1144 1190 46
1144 1191 46
1144 1146 46
1145 1184 46
1146 1192 46
1146 1190 46
1147 1195 46
1147 1194 46
1148 1174 46
1148 1152 46
1150 1199 46
1150 1200 46
1152 1174 46
1153 1210 46
1153 1357 46
1156 1185 46
1156 1206 46
1156 1199 46
1156 1169 46
1157 1193 46
1157 1182 46
1163 1202 46
1164 1188 46
1164 1187 46
1164 1205 46
1164 1186 46
1164 1189 46
1169 1185 46
1174 1175 46
1178 1182 46
1180 1181 46
1186 1187 46
1186 1188 46
1187 1188 46
1187 1189 46
1188 1189 46
1189 1204 46
1190 1192 46
1190 1191 46
1191 1192 46
1193 1201 46
1193 1195 46
1194 1195 46
1196 1198 46
1196 1197 46
1196 1199 46
1196 1200 46
1197 1199 46
1197 1198 46
1198 1199 46
1198 1200 46
1211 1212 46
1215 1216 46
1323 1326 46
1440 1473 46
1463 1467 46
54 692 47
70 1171 47
77 220 47
159 965 47
175 901 47
189 1292 47
207 1210 47
231 418 47
238 1189 47
243 786 47
286 668 47
303 1295 47
329 622 47
360 381 47
363 613 47
414 556 47
432 657 47
470 939 47
491 664 47
626 628 47
659 1427 47
737 818 47
748 1218 47
757 1194 47
766 968 47
887 1148 47
960 1237 47
960 1184 47
1022 1083 47
1022 1233 47
1046 1233 47
1060 1147 47
1063 1069 47
1064 1203 47
1064 1239 47
1067 1173 47
1067 1169 47
1067 1068 47
1079 1234 47
1079 1153 47
1093 1191 47
1121 1128 47
1124 1125 47
1124 1174 47
1125 1174 47
1133 1171 47
1134 1209 47
1136 1137 47
1139 1143 47
1139 1142 47
1145 1207 47
1148 1238 47
1148 1193 47
1149 1391 47
1152 1193 47
1153 1228 47
1153 1234 47
1153 1226 47
1155 1224 47
1156 1185 47
1162 1223 47
1169 1173 47
1170 1172 47
1171 1172 47
1172 1203 47
1172 1239 47
1183 1211 47
1183 1219 47
1184 1237 47
1185 1206 47
1185 1217 47
1186 1189 47
1186 1205 47
1189 1205 47
1190 1191 47
1198 1199 47
1198 1200 47
1199 1200 47
1199 1218 47
1200 1218 47
1203 1239 47
1208 1224 47
1210 1236 47
1211 1219 47
1220 1222 47
1221 1222 47
1224 1232 47
1226 1228 47
1227 1228 47
1231 1232 47
1238 1240 47
1270 1290 47
13 1428 48
157 387 48
159 897 48
159 1388 48
164 1332 48
343 1071 48
373 705 48
378 885 48
416 600 48
443 663 48
462 1262 48
508 795 48
565 572 48
590 1205 48
601 1181 48
754 888 48
836 1000 48
836 1181 48
877 1168 48
904 1228 48
912 1067 48
922 1054 48
980 1243 48
1011 1182 48
1041 1159 48
1060 1160 48
1081 1183 48
1081 1231 48
1081 1155 48
1081 1224 48
1095 1147 48
1095 1144 48
1102 1178 48
1102 1136 48
1102 1137 48
1102 1143 48
1121 1128 48
1124 1248 48
1125 1248 48
1127 1199 48
1127 1241 48
1127 1185 48
1133 1170 48
1133 1171 48
1134 1247 48
1134 1191 48
1136 1137 48
1137 1182 48
1139 1142 48
1142 1143 48
1143 1178 48
1144 1147 48
1145 1184 48
1148 1240 48
1148 1175 48
1154 1213 48
1154 1249 48
1155 1231 48
1155 1451 48
1156 1206 48
1158 1159 48
1170 1171 48
1171 1172 48
1183 1210 48
1183 1219 48
1185 1199 48
1185 1241 48
1187 1205 48
1187 1189 48
1189 1205 48
1189 1244 48
1191 1192 48
1191 1247 48
1194 1216 48
1194 1201 48
1197 1199 48
1199 1200 48
1205 1244 48
1213 1249 48
1221 1222 48
1224 1231 48
1226 1245 48
19 426 49
40 109 49
242 647 49
275 1303 49
359 1097 49
383 467 49
463 1026 49
509 1134 49
551 1464 49
763 1432 49
977 986 49
980 1243 49
1074 1322 49
1079 1228 49
1081 1189 49
1134 1255 49
1137 1250 49
1149 1166 49
1156 1206 49
1207 1243 49
1270 1447 49
13 1309 50
19 48 50
52 475 50
68 655 50
83 885 50
167 935 50
169 886 50
178 952 50
187 1269 50
216 628 50
247 1142 50
259 1305 50
275 1152 50
302 609 50
359 1102 50
500 886 50
524 1028 50
550 1080 50
588 1435 50
626 1136 50
637 771 50
702 1354 50
709 1404 50
767 1334 50
927 933 50
980 1261 50
1070 1184 50
1079 1228 50
1095 1267 50
1111 1134 50
1124 1146 50
1126 1258 50
1128 1252 50
1137 1156 50
1137 1250 50
1137 1206 50
1145 1195 50
1146 1248 50
1156 1206 50
1169 1257 50
1171 1242 50
1173 1206 50
1184 1209 50
1194 1216 50
1194 1249 50
1213 1314 50
1243 1259 50
1248 1255 50
1249 1256 50
1251 1262 50
1252 1253 50
1254 1258 50
1261 1265 50
1263 1264 50
4 547 51
21 153 51
21 230 51
70 769 51
87 1115 51
120 816 51
150 1218 51
200 1206 51
251 1265 51
273 680 51
275 1176 51
293 743 51
356 1372 51
370 594 51
400 1189 51
416 1201 51
418 655 51
420 826 51
425 832 51
537 677 51
591 911 51
600 1284 51
671 690 51
801 1172 51
820 1165 51
822 1276 51
899 1428 51
977 1191 51
1022 1195 51
1067 1257 51
1070 1242 51
1111 1134 51
1111 1126 51
1111 1280 51
1124 1246 51
1126 1134 51
1126 1280 51
1128 1273 51
1128 1253 51
1142 1173 51
1142 1143 51
1156 1257 51
1156 1195 51
1178 1274 51
1178 1279 51
1178 1268 51
1178 1275 51
1189 1251 51
1189 1235 51
1189 1270 51
1189 1211 51
1194 1234 51
1199 1200 51
1209 1278 51
1209 1297 51
1228 1277 51
1234 1242 51
1234 1262 51
1234 1269 51
1235 1271 51
1235 1270 51
1242 1269 51
1242 1262 51
1243 1252 51
1243 1278 51
1245 1272 51
1246 1276 51
1250 1274 51
1254 1278 51
1254 1258 51
1258 1278 51
1262 1269 51
1262 1272 51
1266 1268 51
1269 1272 51
1270 1271 51
1274 1279 51
1274 1275 51
1280 1281 51
1310 1373 51
59 1207 52
91 686 52
96 762 52
109 1238 52
123 1004 52
179 481 52
256 950 52
341 1288 52
447 798 52
544 1365 52
578 806 52
579 1333 52
673 1023 52
746 798 52
785 1477 52
819 925 52
1022 1156 52
1024 1209 52
1187 1270 52
1235 1283 52
1252 1285 52
1262 1283 52
1271 1282 52
40 773 53
47 1400 53
138 806 53
157 1444 53
217 921 53
257 495 53
359 742 53
396 1233 53
411 522 53
506 1118 53
542 1201 53
587 1096 53
609 720 53
665 1140 53
726 853 53
779 917 53
867 1062 53
909 1161 53
1022 1292 53
1034 1176 53
1098 1415 53
1129 1421 53
1156 1306 53
1200 1292 53
1270 1283 53
1271 1305 53
1276 1289 53
1282 1292 53
1284 1300 53
1287 1289 53
1287 1288 53
1293 1294 53
1297 1298 53
1299 1309 53
1307 1308 53
1355 1469 53
57 808 54
90 298 54
99 1159 54
118 226 54
138 513 54
219 680 54
294 809 54
299 1025 54
326 1208 54
344 1347 54
347 1193 54
351 493 54
388 1328 54
404 1420 54
478 1176 54
586 1323 54
681 1325 54
895 1023 54
1022 1336 54
1038 1465 54
1126 1199 54
1156 1292 54
1156 1311 54
1194 1387 54
1235 1314 54
1252 1316 54
1252 1319 54
1252 1315 54
1258 1360 54
1262 1331 54
1269 1315 54
1284 1301 54
1287 1313 54
1288 1296 54
1292 1311 54
1296 1327 54
1301 1334 54
1310 1388 54
1311 1312 54
1312 1335 54
1312 1336 54
1313 1337 54
1315 1316 54
1315 1317 54
1315 1318 54
1315 1321 54
1315 1320 54
1316 1319 54
1317 1318 54
1318 1320 54
1320 1322 54
1320 1321 54
1324 1326 54
1325 1326 54
1329 1330 54
1331 1332 54
1335 1338 54
38 1001 55
57 61 55
59 1182 55
75 664 55
92 748 55
95 445 55
178 959 55
239 358 55
240 1341 55
240 1248 55
312 703 55
329 524 55
334 1360 55
354 1232 55
405 1011 55
443 1432 55
449 582 55
467 1214 55
471 823 55
472 959 55
480 1446 55
517 1014 55
529 995 55
571 1461 55
609 915 55
661 967 55
708 1068 55
751 1011 55
770 1319 55
785 1455 55
871 1356 55
976 1226 55
1014 1200 55
1096 1181 55
1127 1132 55
1217 1339 55
1235 1379 55
1235 1382 55
1253 1320 55
1271 1355 55
1271 1387 55
1271 1334 55
1276 1357 55
1283 1356 55
1293 1365 55
1293 1372 55
1293 1312 55
1293 1363 55
1295 1371 55
1296 1323 55
1296 1310 55
1296 1350 55
1305 1347 55
1306 1334 55
1309 1362 55
1309 1357 55
1309 1359 55
1310 1383 55
1312 1372 55
1315 1344 55
1316 1318 55
1316 1320 55
1318 1320 55
1322 1356 55
1322 1329 55
1323 1349 55
1324 1355 55
1325 1356 55
1326 1330 55
1326 1354 55
1328 1341 55
1328 1340 55
1329 1330 55
1329 1356 55
1332 1389 55
1334 1355 55
1334 1387 55
1335 1338 55
1338 1372 55
1338 1363 55
1342 1343 55
1345 1348 55
1345 1347 55
1346 1348 55
1350 1377 55
1352 1353 55
1353 1367 55
1354 1355 55
1359 1362 55
1359 1361 55
1363 1364 55
1364 1366 55
1364 1388 55
1369 1370 55
1373 1374 55
1377 1385 55
1378 1379 55
1379 1380 55
30 268 56
32 417 56
32 1444 56
85 551 56
85 1210 56
111 157 56
150 541 56
169 774 56
177 465 56
178 1471 56
180 1094 56
181 1265 56
207 423 56
230 926 56
244 934 56
249 830 56
275 995 56
311 1000 56
322 731 56
360 1065 56
372 748 56
391 425 56
395 992 56
527 655 56
529 753 56
604 1321 56
637 1288 56
752 1421 56
764 1238 56
766 1255 56
813 1363 56
816 1397 56
852 1138 56
856 1149 56
857 1214 56
864 1176 56
942 1401 56
982 1251 56
1022 1415 56
1022 1399 56
1118 1286 56
1262 1329 56
1262 1397 56
1276 1295 56
1283 1288 56
1287 1401 56
1288 1327 56
1288 1410 56
1293 1334 56
1302 1404 56
1305 1409 56
1305 1346 56
1306 1347 56
1306 1417 56
1309 1360 56
1309 1418 56
1310 1350 56
1310 1383 56
1310 1323 56
1312 1422 56
1316 1320 56
1320 1408 56
1323 1350 56
1326 1354 56
1326 1369 56
1328 1362 56
1329 1356 56
1329 1396 56
1329 1330 56
1329 1397 56
1330 1356 56
1330 1396 56
1330 1397 56
1335 1404 56
1345 1398 56
1346 1348 56
1346 1409 56
1347 1417 56
1347 1348 56
1348 1409 56
1348 1417 56
1350 1391 56
1350 1377 56
1354 1406 56
1356 1396 56
1360 1409 56
1360 1420 56
1361 1365 56
1362 1421 56
1366 1419 56
1366 1410 56
1368 1407 56
1370 1397 56
1371 1418 56
1371 1384 56
1374 1398 56
1377 1391 56
1378 1403 56
1384 1421 56
1384 1398 56
1389 1413 56
1389 1412 56
1390 1391 56
1391 1392 56
1393 1395 56
1394 1395 56
1396 1397 56
1399 1400 56
1403 1405 56
1403 1404 56
1409 1414 56
1410 1411 56
1412 1413 56
1414 1418 56
1415 1416 56
2 1011 57
30 1474 57
48 137 57
50 713 57
126 1330 57
136 1028 57
170 1260 57
207 226 57
210 956 57
227 1116 57
317 1202 57
354 1313 57
410 1057 57
434 1086 57
444 882 57
510 776 57
526 1076 57
593 1452 57
680 1246 57
784 1258 57
804 1128 57
842 1456 57
871 1289 57
886 994 57
969 1285 57
986 1374 57
1022 1416 57
1022 1312 57
1022 1428 57
1022 1372 57
1037 1116 57
1185 1350 57
1211 1373 57
1232 1314 57
1276 1362 57
1282 1462 57
1288 1371 57
1288 1366 57
1290 1441 57
1290 1431 57
1290 1368 57
1296 1427 57
1296 1323 57
1296 1404 57
1306 1440 57
1306 1320 57
1309 1362 57
1309 1431 57
1309 1384 57
1309 1414 57
1309 1436 57
1310 1427 57
1310 1323 57
1312 1372 57
1312 1432 57
1312 1438 57
1315 1425 57
1315 1424 57
1315 1426 57
1320 1347 57
1320 1417 57
1320 1354 57
1323 1404 57
1326 1370 57
1326 1329 57
1328 1384 57
1329 1370 57
1329 1434 57
1330 1368 57
1330 1413 57
1330 1431 57
1330 1407 57
1334 1440 57
1334 1361 57
1335 1404 57
1341 1398 57
1341 1346 57
1341 1345 57
1345 1346 57
1346 1354 57
1347 1417 57
1348 1417 57
1350 1391 57
1355 1420 57
1355 1408 57
1357 1433 57
1357 1360 57
1360 1420 57
1360 1437 57
1361 1437 57
1362 1439 57
1362 1414 57
1362 1409 57
1362 1436 57
1366 1371 57
1366 1404 57
1368 1431 57
1370 1434 57
1371 1435 57
1372 1416 57
1380 1429 57
1380 1443 57
1384 1421 57
1389 1412 57
1390 1423 57
1395 1403 57
1403 1430 57
1403 1405 57
1405 1429 57
1407 1413 57
1407 1431 57
1409 1439 57
1413 1431 57
1414 1418 57
1414 1436 57
1416 1428 57
1418 1436 57
1420 1437 57
1421 1442 57
1424 1425 57
1425 1426 57
1429 1443 57
24 862 58
25 382 58
105 920 58
154 1056 58
170 583 58
196 1300 58
228 1457 58
232 1181 58
254 988 58
264 310 58
264 1199 58
294 1304 58
318 754 58
354 1204 58
360 681 58
366 740 58
417 1346 58
424 776 58
428 1470 58
444 1086 58
485 876 58
496 612 58
554 895 58
562 702 58
566 1180 58
613 642 58
636 807 58
646 1107 58
716 803 58
743 1091 58
785 1159 58
827 908 58
1054 1352 58
1205 1252 58
1234 1307 58
1291 1365 58
1305 1320 58
1306 1425 58
1306 1320 58
1306 1347 58
1309 1446 58
1309 1362 58
1309 1447 58
1309 1418 58
1312 1428 58
1316 1322 58
1316 1449 58
1320 1347 58
1320 1348 58
1322 1449 58
1323 1350 58
1323 1453 58
1323 1327 58
1323 1410 58
1327 1459 58
1327 1410 58
1327 1453 58
1329 1354 58
1329 1370 58
1330 1368 58
1347 1348 58
1347 1425 58
1350 1391 58
1350 1445 58
1354 1355 58
1360 1437 58
1362 1420 58
1362 1418 58
1368 1460 58
1368 1395 58
1372 1400 58
1372 1430 58
1372 1454 58
1384 1398 58
1400 1416 58
1400 1430 58
1403 1430 58
1410 1459 58
1413 1452 58
1414 1436 58
1416 1430 58
1416 1428 58
1423 1458 58
1430 1458 58
1430 1432 58
1432 1456 58
1432 1458 58
1433 1447 58
1433 1435 58
1436 1439 58
1438 1445 58
1446 1447 58
1448 1463 58
1450 1451 58
1454 1456 58
3 139 59
36 1196 59
170 358 59
211 1101 59
248 1371 59
253 441 59
321 1360 59
461 588 59
465 1038 59
491 915 59
493 1126 59
576 1290 59
599 605 59
621 1040 59
629 1055 59
654 965 59
727 901 59
1022 1403 59
1022 1405 59
1025 1035 59
1084 1260 59
1315 1329 59
1316 1319 59
1316 1449 59
1319 1470 59
1319 1463 59
1320 1324 59
1320 1417 59
1320 1355 59
1324 1347 59
1324 1467 59
1327 1357 59
1328 1362 59
1330 1465 59
1330 1332 59
1330 1452 59
1334 1400 59
1355 1362 59
1355 1439 59
1357 1414 59
1357 1439 59
1357 1401 59
1362 1439 59
1362 1464 59
1368 1472 59
1368 1460 59
1370 1407 59
1372 1416 59
1393 1466 59
1400 1416 59
1412 1418 59
1413 1465 59
1414 1439 59
1420 1439 59
1473 1474 59
18 149 60
18 944 60
80 499 60
85 711 60
188 1198 60
356 388 60
449 1152 60
480 563 60
526 1055 60
604 1203 60
613 667 60
851 1438 60
1069 1145 60
1079 1311 60
1328 1464 60
1332 1447 60
1334 1407 60
1355 1467 60
1362 1464 60
1420 1455 60
