5 9 0
50 112 0
108 23 0
3 3 1
4 38 1
4 134 1
21 142 1
38 120 1
43 18 1
77 120 1
79 40 1
88 141 1
116 45 1
121 24 1
141 15 1
8 8 2
12 2 2
18 130 2
23 30 2
35 119 2
50 138 2
57 49 2
61 60 2
67 147 2
71 47 2
73 27 2
90 25 2
91 80 2
92 119 2
96 85 2
105 123 2
113 104 2
141 27 2
4 150 3
45 59 3
46 57 3
53 149 3
60 3 3
60 131 3
63 14 3
90 140 3
96 56 3
129 80 3
13 123 4
13 36 4
34 96 4
36 97 4
47 43 4
48 30 4
64 137 4
70 91 4
96 99 4
106 121 4
112 1 4
122 65 4
124 54 4
2 2 5
3 1 5
7 86 5
22 125 5
28 148 5
29 140 5
34 124 5
35 107 5
39 140 5
40 146 5
70 62 5
83 59 5
102 3 5
104 81 5
119 3 5
120 8 5
122 52 5
137 129 5
146 15 5
2 2 6
6 76 6
7 99 6
11 135 6
13 119 6
23 39 6
32 119 6
32 114 6
35 44 6
40 59 6
41 92 6
42 73 6
48 14 6
58 59 6
58 23 6
60 25 6
78 24 6
79 5 6
80 92 6
107 149 6
115 2 6
116 43 6
136 142 6
136 80 6
0 35 7
7 7 7
10 50 7
11 84 7
12 132 7
15 23 7
16 3 7
16 70 7
20 20 7
20 41 7
20 60 7
23 23 7
26 40 7
32 104 7
38 140 7
44 134 7
51 22 7
52 146 7
55 23 7
57 98 7
66 127 7
70 40 7
72 7 7
76 93 7
78 47 7
79 139 7
83 11 7
89 129 7
92 144 7
93 39 7
95 133 7
97 138 7
97 25 7
103 74 7
105 91 7
119 124 7
123 106 7
123 102 7
129 145 7
131 40 7
131 148 7
136 81 7
137 6 7
137 103 7
140 134 7
148 89 7
150 3 7
150 112 7
0 68 8
1 18 8
2 8 8
3 3 8
4 92 8
8 8 8
10 28 8
12 110 8
17 8 8
18 33 8
19 60 8
20 127 8
23 23 8
31 51 8
35 126 8
40 117 8
40 12 8
43 3 8
43 112 8
51 53 8
52 56 8
52 16 8
57 138 8
61 7 8
62 92 8
62 134 8
67 74 8
67 98 8
67 2 8
72 129 8
75 69 8
78 2 8
83 111 8
87 91 8
90 45 8
95 147 8
95 31 8
96 87 8
106 37 8
110 73 8
116 80 8
117 90 8
122 40 8
124 68 8
124 7 8
126 1 8
127 94 8
135 0 8
150 55 8
0 67 9
2 31 9
3 113 9
3 130 9
5 54 9
6 137 9
7 17 9
7 127 9
7 69 9
8 8 9
15 38 9
23 23 9
25 130 9
27 5 9
28 80 9
29 29 9
29 121 9
30 48 9
33 82 9
34 117 9
42 117 9
43 64 9
44 49 9
45 119 9
49 100 9
52 30 9
52 133 9
53 95 9
55 35 9
58 120 9
60 123 9
61 133 9
65 88 9
66 8 9
68 120 9
73 13 9
73 138 9
83 94 9
88 57 9
91 140 9
96 20 9
97 118 9
101 145 9
101 41 9
102 140 9
103 38 9
103 50 9
105 37 9
110 141 9
112 99 9
112 49 9
120 103 9
121 130 9
122 13 9
131 28 9
132 134 9
134 64 9
134 63 9
140 106 9
142 120 9
143 115 9
148 2 9
149 104 9
149 128 9
0 50 10
0 97 10
0 113 10
1 81 10
2 74 10
3 123 10
5 23 10
6 112 10
8 9 10
10 10 10
11 143 10
13 66 10
13 95 10
17 17 10
18 53 10
19 64 10
19 52 10
23 23 10
26 36 10
29 29 10
31 34 10
33 117 10
33 65 10
33 76 10
37 93 10
40 117 10
40 42 10
43 43 10
46 109 10
48 60 10
49 26 10
50 59 10
55 63 10
64 131 10
65 91 10
65 97 10
68 38 10
69 67 10
69 149 10
70 2 10
70 86 10
72 125 10
73 145 10
82 143 10
89 112 10
92 116 10
95 139 10
99 66 10
99 9 10
101 50 10
109 71 10
109 134 10
110 122 10
110 79 10
124 82 10
125 38 10
127 85 10
137 138 10
137 48 10
140 124 10
142 95 10
143 101 10
144 57 10
146 47 10
148 83 10
0 0 11
1 2 11
2 5 11
3 15 11
4 21 11
4 109 11
5 117 11
5 51 11
5 66 11
7 32 11
7 7 11
10 10 11
10 124 11
12 140 11
16 80 11
17 17 11
18 115 11
20 57 11
21 76 11
22 111 11
23 23 11
23 104 11
24 93 11
25 113 11
28 125 11
34 20 11
35 3 11
41 50 11
47 73 11
47 137 11
48 104 11
56 93 11
57 59 11
62 19 11
65 16 11
66 31 11
66 119 11
66 9 11
68 92 11
70 54 11
72 89 11
74 149 11
76 108 11
78 110 11
79 44 11
79 56 11
80 17 11
83 91 11
86 130 11
87 71 11
89 113 11
91 117 11
91 141 11
92 134 11
93 94 11
94 145 11
95 108 11
107 54 11
108 60 11
109 140 11
111 105 11
114 111 11
120 99 11
120 102 11
121 34 11
126 122 11
129 121 11
130 88 11
132 71 11
132 67 11
133 129 11
137 85 11
138 40 11
139 109 11
142 64 11
143 98 11
144 16 11
146 25 11
147 60 11
147 111 11
0 29 12
1 0 12
2 7 12
4 81 12
4 20 12
5 42 12
7 7 12
7 64 12
8 69 12
8 61 12
14 10 12
15 65 12
17 17 12
18 18 12
21 25 12
21 54 12
22 140 12
23 23 12
24 21 12
29 89 12
30 112 12
31 140 12
31 97 12
36 143 12
36 51 12
43 43 12
44 4 12
45 97 12
53 58 12
57 150 12
59 55 12
59 41 12
59 104 12
60 79 12
62 46 12
64 79 12
66 110 12
68 106 12
73 105 12
73 49 12
74 115 12
76 24 12
81 0 12
82 44 12
82 94 12
83 109 12
84 47 12
87 133 12
88 102 12
88 120 12
88 7 12
89 84 12
93 115 12
95 79 12
98 60 12
98 150 12
100 8 12
103 69 12
104 52 12
105 86 12
107 108 12
110 1 12
116 74 12
117 58 12
119 62 12
121 87 12
121 55 12
124 50 12
127 69 12
128 8 12
131 89 12
133 141 12
133 49 12
134 54 12
140 105 12
142 15 12
145 56 12
148 95 12
150 80 12
0 35 13
1 146 13
2 2 13
2 56 13
3 136 13
3 35 13
4 9 13
5 108 13
7 7 13
8 8 13
9 108 13
10 27 13
11 71 13
11 15 13
11 81 13
15 115 13
18 30 13
19 69 13
20 14 13
22 45 13
23 23 13
24 34 13
25 25 13
25 111 13
25 136 13
25 121 13
26 26 13
27 104 13
29 44 13
35 117 13
37 21 13
38 134 13
38 30 13
40 76 13
42 95 13
43 43 13
44 100 13
45 130 13
45 105 13
48 58 13
48 21 13
49 140 13
50 81 13
50 149 13
50 103 13
51 18 13
53 47 13
54 97 13
55 95 13
55 124 13
56 83 13
59 100 13
60 132 13
61 139 13
62 84 13
62 150 13
67 38 13
68 0 13
72 71 13
73 123 13
75 41 13
75 33 13
77 77 13
79 129 13
82 30 13
84 49 13
87 74 13
89 11 13
90 104 13
97 71 13
98 45 13
99 48 13
102 4 13
102 142 13
103 85 13
106 115 13
111 128 13
112 60 13
117 146 13
123 35 13
125 123 13
126 89 13
131 93 13
136 91 13
136 128 13
137 90 13
137 141 13
140 146 13
140 76 13
142 53 13
142 32 13
0 8 14
0 0 14
0 14 14
2 15 14
3 28 14
3 60 14
4 30 14
5 53 14
5 6 14
7 27 14
10 10 14
11 34 14
13 111 14
15 16 14
16 17 14
16 83 14
18 18 14
18 136 14
20 28 14
20 55 14
23 23 14
24 124 14
25 33 14
26 26 14
27 27 14
27 87 14
27 2 14
29 21 14
30 106 14
30 60 14
31 42 14
33 144 14
35 88 14
35 23 14
36 123 14
38 123 14
38 45 14
41 28 14
43 20 14
46 29 14
51 123 14
51 138 14
52 40 14
56 60 14
58 26 14
58 45 14
59 119 14
60 71 14
62 58 14
63 90 14
65 17 14
65 62 14
65 114 14
67 84 14
71 147 14
71 134 14
72 85 14
73 142 14
76 32 14
76 22 14
77 77 14
77 145 14
78 78 14
79 19 14
79 119 14
80 44 14
83 121 14
83 49 14
86 67 14
88 86 14
90 126 14
92 16 14
93 63 14
93 56 14
93 7 14
95 121 14
96 60 14
98 46 14
101 45 14
103 33 14
103 26 14
106 149 14
107 66 14
109 4 14
111 19 14
111 109 14
113 108 14
113 16 14
115 97 14
117 83 14
117 52 14
117 40 14
118 23 14
122 64 14
123 46 14
126 53 14
127 33 14
127 19 14
129 20 14
129 19 14
130 117 14
131 12 14
133 79 14
135 80 14
137 142 14
137 64 14
141 48 14
142 50 14
142 72 14
143 111 14
144 90 14
144 121 14
149 129 14
0 0 15
0 65 15
1 8 15
1 117 15
2 101 15
3 3 15
3 71 15
3 50 15
4 118 15
4 115 15
5 83 15
5 3 15
6 83 15
8 82 15
10 10 15
11 36 15
12 110 15
14 75 15
15 0 15
15 45 15
16 0 15
16 16 15
18 11 15
18 142 15
20 80 15
20 14 15
20 142 15
21 22 15
21 52 15
21 134 15
21 69 15
22 65 15
23 23 15
23 35 15
23 63 15
24 26 15
25 25 15
25 65 15
25 53 15
26 26 15
26 136 15
27 27 15
27 47 15
29 115 15
29 101 15
29 128 15
30 46 15
33 47 15
33 53 15
34 125 15
35 108 15
36 16 15
37 33 15
37 17 15
37 5 15
38 6 15
39 141 15
40 20 15
41 61 15
42 44 15
43 112 15
44 18 15
44 48 15
45 45 15
45 83 15
47 50 15
47 68 15
50 102 15
51 7 15
51 68 15
51 22 15
52 53 15
52 25 15
54 42 15
56 25 15
58 0 15
59 64 15
59 13 15
62 78 15
63 45 15
64 101 15
65 6 15
65 55 15
66 147 15
67 82 15
68 7 15
68 68 15
68 121 15
68 120 15
68 122 15
68 96 15
68 64 15
69 24 15
69 37 15
71 3 15
71 15 15
71 68 15
72 32 15
73 60 15
73 71 15
74 70 15
75 2 15
77 77 15
77 135 15
78 139 15
79 135 15
81 81 15
81 146 15
81 124 15
82 0 15
82 91 15
86 117 15
86 14 15
86 27 15
86 143 15
87 7 15
87 37 15
87 133 15
88 150 15
89 16 15
90 51 15
90 8 15
91 98 15
91 73 15
91 87 15
92 34 15
93 22 15
93 40 15
94 62 15
94 148 15
94 1 15
95 96 15
96 58 15
96 30 15
97 37 15
99 121 15
101 99 15
101 94 15
102 57 15
102 75 15
102 142 15
104 57 15
104 67 15
105 124 15
105 68 15
106 20 15
106 143 15
107 104 15
107 130 15
107 123 15
111 41 15
111 34 15
111 17 15
113 63 15
114 26 15
115 118 15
115 51 15
116 99 15
116 55 15
116 0 15
117 22 15
120 42 15
120 103 15
120 105 15
123 131 15
123 101 15
123 82 15
127 144 15
128 9 15
128 137 15
128 68 15
129 139 15
130 5 15
131 40 15
131 53 15
132 72 15
136 87 15
136 18 15
137 6 15
138 110 15
140 107 15
140 72 15
140 136 15
144 113 15
144 103 15
145 26 15
145 48 15
145 89 15
145 34 15
145 131 15
146 10 15
150 88 15
0 108 16
1 97 16
2 18 16
5 19 16
5 14 16
5 71 16
6 106 16
7 7 16
7 122 16
7 104 16
8 105 16
9 49 16
9 93 16
10 10 16
10 53 16
10 123 16
11 79 16
16 18 16
16 11 16
18 15 16
18 18 16
19 19 16
20 37 16
20 53 16
21 53 16
21 21 16
22 95 16
23 23 16
23 6 16
23 44 16
24 65 16
24 30 16
24 98 16
25 25 16
25 89 16
25 16 16
26 14 16
26 111 16
26 28 16
27 17 16
28 144 16
28 27 16
28 44 16
29 36 16
30 111 16
31 48 16
34 144 16
36 37 16
36 36 16
36 66 16
37 46 16
38 144 16
38 3 16
39 36 16
40 4 16
40 19 16
41 54 16
43 73 16
44 91 16
45 45 16
45 89 16
48 97 16
50 27 16
50 122 16
50 79 16
51 3 16
53 90 16
54 40 16
56 98 16
57 98 16
58 39 16
58 116 16
61 138 16
62 35 16
62 32 16
64 139 16
64 56 16
66 138 16
67 93 16
67 145 16
67 82 16
68 143 16
68 93 16
69 60 16
69 92 16
69 4 16
71 27 16
71 54 16
72 31 16
72 104 16
72 99 16
75 114 16
76 27 16
77 77 16
77 135 16
77 45 16
78 86 16
78 62 16
79 61 16
81 81 16
81 97 16
83 83 16
83 103 16
83 146 16
83 66 16
84 44 16
85 67 16
87 80 16
87 121 16
87 58 16
88 90 16
88 50 16
89 37 16
91 141 16
91 41 16
92 90 16
95 109 16
95 113 16
95 138 16
96 134 16
97 88 16
97 71 16
98 21 16
100 14 16
101 85 16
101 48 16
102 118 16
102 1 16
105 89 16
105 112 16
108 133 16
109 123 16
110 77 16
111 72 16
112 119 16
113 47 16
114 68 16
115 145 16
116 132 16
118 53 16
119 125 16
120 52 16
121 91 16
122 125 16
122 129 16
123 146 16
123 33 16
124 116 16
125 70 16
126 112 16
126 12 16
127 56 16
128 80 16
130 84 16
131 48 16
132 130 16
132 93 16
132 4 16
132 58 16
132 110 16
134 148 16
134 145 16
135 30 16
136 90 16
137 20 16
137 114 16
140 68 16
140 109 16
140 112 16
142 86 16
143 46 16
144 103 16
144 41 16
145 60 16
146 129 16
148 122 16
148 101 16
0 0 17
0 119 17
0 57 17
1 142 17
1 141 17
2 2 17
2 41 17
2 49 17
3 71 17
6 114 17
6 72 17
7 7 17
7 79 17
8 106 17
9 110 17
10 83 17
12 95 17
12 88 17
12 23 17
13 105 17
14 21 17
14 116 17
14 134 17
15 133 17
16 20 17
16 117 17
17 111 17
17 120 17
18 3 17
18 18 17
18 74 17
19 19 17
19 4 17
20 63 17
21 21 17
21 11 17
21 31 17
21 5 17
22 85 17
22 116 17
22 61 17
23 82 17
23 23 17
23 61 17
24 41 17
24 34 17
24 63 17
25 26 17
25 136 17
26 26 17
26 40 17
26 37 17
28 7 17
28 75 17
28 143 17
28 145 17
29 34 17
29 29 17
29 78 17
29 121 17
30 69 17
32 76 17
33 67 17
33 12 17
34 34 17
34 139 17
35 87 17
35 132 17
39 103 17
42 24 17
43 43 17
44 113 17
44 72 17
45 45 17
45 121 17
45 90 17
46 6 17
46 23 17
48 87 17
49 123 17
49 138 17
51 82 17
51 36 17
53 55 17
53 2 17
53 1 17
53 74 17
54 58 17
56 102 17
59 71 17
62 62 17
62 74 17
62 113 17
62 79 17
64 114 17
65 107 17
66 25 17
66 30 17
68 63 17
68 142 17
69 135 17
70 74 17
70 96 17
71 88 17
71 69 17
72 140 17
72 30 17
74 75 17
74 74 17
74 77 17
74 76 17
75 33 17
77 77 17
77 99 17
77 146 17
79 137 17
79 4 17
79 125 17
80 30 17
81 81 17
82 34 17
84 125 17
84 10 17
84 137 17
87 69 17
88 64 17
88 86 17
89 103 17
89 102 17
89 89 17
90 35 17
90 111 17
90 120 17
94 14 17
94 20 17
94 26 17
95 46 17
95 0 17
96 41 17
96 18 17
97 18 17
98 63 17
99 140 17
99 128 17
100 100 17
100 29 17
100 129 17
100 131 17
101 28 17
105 13 17
106 118 17
106 40 17
108 29 17
108 91 17
112 33 17
113 26 17
113 9 17
114 133 17
114 78 17
115 83 17
116 56 17
118 140 17
118 20 17
118 77 17
119 140 17
119 149 17
120 58 17
120 96 17
120 18 17
121 130 17
121 58 17
123 50 17
123 95 17
123 49 17
123 108 17
123 62 17
124 3 17
125 75 17
126 75 17
126 120 17
128 81 17
129 6 17
129 17 17
129 110 17
130 133 17
130 126 17
130 75 17
130 100 17
133 73 17
134 35 17
135 138 17
135 145 17
137 144 17
137 109 17
138 28 17
139 94 17
139 89 17
139 122 17
140 146 17
140 8 17
141 32 17
141 82 17
141 116 17
142 35 17
144 132 17
144 90 17
144 23 17
146 77 17
146 47 17
147 21 17
147 63 17
148 109 17
149 68 17
150 139 17
150 99 17
150 89 17
0 5 18
0 43 18
0 36 18
0 106 18
1 2 18
1 128 18
1 48 18
2 93 18
3 24 18
3 67 18
4 10 18
4 140 18
4 80 18
6 6 18
7 7 18
7 67 18
7 117 18
7 52 18
7 97 18
8 8 18
8 18 18
8 57 18
9 83 18
9 34 18
9 118 18
10 4 18
10 10 18
10 34 18
11 64 18
13 13 18
13 29 18
14 99 18
16 29 18
17 17 18
17 37 18
17 87 18
17 108 18
17 59 18
18 18 18
18 11 18
19 19 18
20 20 18
20 103 18
21 21 18
21 108 18
22 144 18
23 23 18
23 91 18
24 4 18
25 80 18
25 121 18
26 26 18
26 40 18
26 148 18
27 27 18
27 26 18
27 90 18
27 44 18
28 111 18
28 97 18
28 101 18
29 29 18
29 131 18
29 9 18
30 142 18
31 62 18
32 91 18
33 4 18
34 5 18
34 142 18
34 128 18
34 100 18
35 88 18
35 76 18
35 60 18
35 0 18
36 83 18
37 1 18
37 147 18
37 140 18
38 71 18
38 20 18
38 140 18
39 39 18
39 127 18
41 4 18
42 75 18
42 21 18
42 44 18
43 7 18
44 92 18
44 66 18
45 45 18
46 53 18
47 68 18
47 77 18
47 6 18
48 24 18
48 47 18
48 66 18
48 75 18
49 119 18
49 69 18
49 81 18
50 131 18
51 54 18
51 101 18
52 7 18
52 148 18
53 27 18
53 93 18
54 14 18
54 63 18
54 143 18
54 3 18
56 46 18
56 2 18
57 13 18
57 130 18
57 141 18
57 89 18
59 16 18
59 91 18
59 109 18
60 64 18
60 26 18
61 61 18
61 62 18
62 98 18
62 107 18
63 89 18
63 88 18
64 64 18
64 141 18
64 127 18
65 38 18
66 104 18
66 58 18
67 111 18
67 119 18
68 83 18
68 65 18
69 60 18
69 62 18
70 107 18
70 63 18
70 138 18
71 71 18
71 111 18
71 53 18
72 74 18
73 96 18
73 79 18
74 61 18
76 51 18
76 9 18
77 77 18
78 96 18
80 25 18
80 139 18
81 81 18
81 64 18
82 114 18
83 83 18
84 102 18
84 17 18
85 57 18
86 98 18
87 60 18
88 55 18
89 53 18
89 89 18
89 94 18
89 90 18
91 122 18
91 90 18
91 147 18
92 131 18
93 4 18
93 68 18
93 112 18
94 7 18
97 64 18
98 100 18
99 124 18
99 112 18
99 143 18
100 39 18
100 20 18
101 139 18
102 113 18
103 149 18
104 20 18
105 81 18
106 103 18
106 95 18
106 112 18
107 101 18
107 32 18
107 61 18
107 74 18
108 112 18
108 55 18
109 141 18
111 43 18
112 63 18
112 60 18
112 110 18
112 135 18
113 34 18
115 120 18
116 37 18
116 141 18
117 16 18
117 80 18
117 27 18
118 136 18
119 25 18
119 131 18
120 139 18
121 48 18
121 74 18
122 89 18
122 127 18
123 93 18
125 40 18
125 83 18
128 85 18
128 16 18
129 36 18
129 56 18
129 94 18
130 46 18
130 131 18
132 129 18
133 36 18
135 56 18
135 142 18
135 82 18
135 2 18
136 32 18
136 16 18
138 78 18
138 2 18
138 3 18
138 117 18
139 17 18
140 43 18
141 82 18
141 66 18
142 42 18
143 144 18
143 59 18
143 72 18
145 92 18
145 98 18
145 107 18
146 100 18
146 60 18
146 144 18
147 31 18
148 144 18
149 48 18
149 116 18
149 145 18
150 47 18
150 147 18
0 1 19
0 93 19
0 0 19
0 81 19
2 93 19
2 5 19
2 73 19
3 3 19
3 65 19
3 78 19
3 41 19
4 147 19
6 102 19
6 124 19
7 83 19
7 115 19
8 8 19
8 104 19
8 101 19
9 56 19
9 28 19
9 69 19
10 10 19
10 98 19
10 79 19
10 48 19
10 123 19
11 61 19
11 100 19
11 127 19
12 57 19
12 45 19
13 13 19
13 27 19
14 140 19
14 94 19
14 60 19
16 84 19
16 146 19
17 17 19
17 109 19
18 15 19
18 71 19
18 89 19
18 11 19
19 8 19
19 120 19
19 79 19
19 133 19
20 20 19
20 9 19
20 30 19
20 29 19
20 127 19
21 22 19
21 107 19
21 52 19
21 124 19
22 22 19
22 14 19
22 36 19
23 23 19
23 63 19
23 67 19
23 146 19
24 123 19
24 141 19
25 25 19
25 45 19
25 77 19
26 26 19
26 56 19
27 106 19
27 21 19
28 30 19
28 148 19
28 74 19
28 147 19
29 109 19
29 40 19
29 106 19
30 73 19
30 61 19
30 87 19
31 117 19
33 17 19
33 52 19
34 25 19
34 36 19
35 108 19
36 49 19
36 145 19
37 17 19
37 88 19
37 10 19
37 86 19
38 34 19
38 27 19
39 39 19
39 33 19
40 94 19
42 58 19
43 43 19
43 19 19
43 116 19
45 84 19
45 45 19
45 10 19
45 47 19
45 143 19
45 115 19
45 8 19
46 31 19
46 71 19
47 42 19
47 106 19
48 136 19
49 68 19
49 149 19
50 22 19
50 99 19
50 129 19
51 137 19
53 7 19
55 80 19
56 56 19
56 108 19
57 56 19
58 21 19
59 76 19
60 117 19
60 147 19
61 40 19
61 55 19
61 13 19
62 62 19
62 78 19
62 121 19
63 97 19
64 75 19
64 115 19
65 61 19
65 24 19
65 105 19
66 48 19
66 22 19
66 30 19
67 67 19
67 72 19
67 119 19
69 67 19
69 32 19
71 104 19
71 62 19
72 2 19
72 141 19
72 40 19
74 150 19
75 104 19
77 43 19
77 77 19
77 39 19
77 111 19
77 49 19
78 95 19
79 19 19
80 133 19
80 72 19
81 69 19
81 128 19
81 148 19
82 103 19
82 20 19
82 109 19
83 48 19
83 111 19
83 42 19
84 102 19
84 57 19
85 121 19
86 118 19
88 88 19
88 86 19
88 73 19
89 89 19
89 103 19
89 105 19
89 107 19
89 58 19
91 123 19
91 145 19
91 39 19
93 2 19
93 99 19
94 141 19
94 100 19
95 86 19
95 116 19
96 95 19
96 109 19
97 56 19
97 109 19
98 69 19
99 26 19
99 96 19
100 108 19
100 50 19
101 2 19
101 66 19
102 0 19
102 18 19
103 8 19
103 40 19
103 87 19
103 25 19
103 52 19
104 49 19
104 122 19
106 15 19
106 54 19
106 38 19
107 40 19
108 85 19
109 37 19
109 76 19
111 66 19
111 130 19
114 51 19
114 99 19
117 103 19
118 75 19
119 72 19
120 75 19
121 18 19
121 127 19
121 28 19
122 92 19
122 146 19
122 90 19
123 104 19
123 58 19
123 90 19
124 101 19
124 0 19
125 112 19
125 86 19
126 100 19
126 129 19
127 0 19
127 86 19
128 34 19
128 107 19
128 74 19
129 148 19
129 46 19
130 13 19
130 111 19
130 49 19
131 111 19
131 35 19
131 53 19
131 68 19
132 107 19
132 30 19
133 10 19
134 27 19
134 121 19
134 41 19
134 116 19
134 61 19
135 0 19
137 72 19
138 41 19
138 66 19
138 8 19
139 83 19
140 128 19
140 34 19
142 7 19
142 129 19
142 69 19
143 60 19
144 149 19
145 23 19
147 137 19
147 122 19
147 5 19
148 82 19
148 11 19
149 68 19
150 118 19
150 147 19
1 83 20
1 67 20
1 7 20
2 4 20
2 48 20
2 133 20
3 62 20
4 45 20
4 31 20
4 3 20
4 53 20
5 63 20
5 93 20
6 9 20
7 37 20
7 88 20
8 103 20
8 66 20
8 107 20
8 104 20
9 98 20
10 10 20
11 71 20
11 90 20
14 62 20
14 0 20
14 93 20
17 139 20
18 18 20
18 39 20
18 32 20
18 63 20
18 86 20
19 19 20
19 41 20
19 123 20
20 20 20
20 63 20
21 21 20
21 98 20
22 137 20
22 111 20
23 23 20
23 36 20
24 58 20
24 76 20
24 69 20
24 53 20
24 93 20
24 79 20
26 26 20
26 60 20
27 27 20
28 94 20
28 23 20
28 136 20
29 71 20
29 55 20
31 8 20
31 109 20
32 30 20
32 147 20
32 8 20
33 81 20
34 147 20
34 73 20
35 3 20
36 83 20
36 97 20
37 140 20
37 117 20
38 99 20
38 24 20
39 39 20
39 35 20
39 1 20
40 89 20
41 73 20
41 116 20
42 112 20
42 89 20
42 131 20
43 149 20
43 25 20
43 13 20
43 129 20
44 13 20
44 74 20
44 132 20
45 45 20
45 101 20
45 111 20
46 149 20
47 38 20
47 17 20
47 12 20
48 59 20
49 60 20
49 69 20
50 36 20
50 119 20
51 149 20
53 132 20
53 47 20
54 125 20
55 3 20
56 9 20
57 45 20
57 49 20
59 36 20
59 40 20
60 123 20
61 89 20
62 62 20
62 101 20
62 96 20
62 80 20
63 142 20
64 81 20
64 52 20
64 118 20
64 102 20
66 88 20
66 85 20
67 61 20
69 97 20
69 141 20
71 12 20
72 10 20
74 61 20
74 73 20
74 118 20
77 77 20
77 85 20
78 6 20
78 29 20
78 94 20
80 88 20
80 146 20
82 36 20
83 83 20
83 102 20
84 54 20
84 80 20
85 91 20
85 20 20
86 15 20
88 60 20
89 89 20
89 31 20
89 26 20
90 55 20
91 147 20
92 52 20
93 41 20
94 33 20
95 35 20
95 10 20
95 48 20
99 33 20
99 18 20
100 108 20
100 63 20
101 146 20
101 36 20
102 18 20
102 116 20
103 96 20
104 57 20
104 42 20
105 15 20
105 127 20
105 17 20
105 139 20
106 124 20
107 71 20
108 41 20
109 38 20
109 111 20
110 134 20
110 57 20
111 128 20
112 83 20
113 87 20
114 97 20
114 148 20
116 70 20
116 129 20
116 83 20
117 92 20
117 68 20
119 150 20
119 104 20
121 8 20
121 31 20
122 148 20
123 74 20
123 12 20
123 128 20
124 68 20
125 116 20
125 142 20
127 140 20
127 25 20
128 48 20
128 47 20
129 145 20
131 46 20
132 16 20
133 81 20
133 140 20
133 32 20
135 66 20
136 135 20
136 120 20
136 104 20
137 62 20
137 80 20
137 59 20
139 40 20
140 11 20
141 50 20
143 118 20
144 20 20
146 116 20
146 137 20
147 134 20
147 8 20
147 74 20
148 16 20
0 0 21
0 41 21
1 19 21
2 39 21
2 2 21
3 3 21
3 66 21
4 114 21
5 80 21
6 2 21
6 134 21
7 142 21
8 69 21
8 73 21
8 29 21
9 63 21
10 36 21
11 5 21
11 89 21
12 81 21
12 101 21
12 85 21
12 62 21
12 57 21
13 89 21
13 113 21
14 64 21
15 25 21
15 73 21
15 118 21
15 84 21
17 96 21
18 58 21
18 75 21
20 96 21
21 21 21
21 88 21
22 91 21
24 8 21
24 131 21
24 52 21
24 77 21
25 12 21
26 26 21
26 25 21
26 7 21
26 32 21
26 89 21
26 125 21
27 27 21
27 79 21
27 3 21
28 145 21
29 65 21
30 145 21
32 93 21
33 65 21
34 50 21
35 8 21
37 128 21
38 20 21
38 138 21
39 39 21
39 93 21
39 110 21
39 105 21
39 18 21
43 36 21
44 109 21
44 115 21
45 45 21
45 15 21
46 17 21
47 106 21
49 73 21
49 148 21
50 1 21
50 76 21
50 18 21
52 42 21
52 51 21
52 13 21
52 95 21
53 127 21
53 26 21
54 54 21
54 69 21
54 46 21
54 120 21
55 93 21
55 59 21
55 111 21
56 25 21
57 80 21
58 3 21
58 78 21
59 109 21
59 49 21
60 28 21
60 59 21
62 150 21
64 75 21
65 15 21
65 150 21
66 72 21
67 99 21
68 47 21
69 83 21
69 12 21
70 36 21
71 36 21
73 39 21
74 114 21
76 101 21
76 5 21
77 77 21
77 0 21
77 116 21
78 78 21
78 141 21
78 112 21
79 60 21
80 42 21
80 44 21
80 13 21
81 14 21
81 127 21
82 107 21
83 37 21
83 83 21
83 78 21
84 44 21
85 84 21
85 22 21
85 79 21
85 42 21
87 40 21
88 88 21
89 104 21
89 89 21
89 13 21
89 113 21
90 18 21
90 58 21
91 72 21
92 115 21
92 67 21
92 84 21
93 110 21
93 128 21
94 25 21
94 91 21
95 107 21
95 99 21
96 7 21
97 31 21
97 101 21
97 93 21
97 114 21
98 110 21
98 59 21
98 90 21
99 94 21
99 18 21
100 101 21
100 3 21
101 117 21
101 57 21
102 141 21
103 24 21
104 16 21
105 136 21
106 140 21
107 94 21
108 10 21
108 96 21
109 135 21
109 105 21
110 61 21
110 76 21
110 115 21
111 89 21
111 136 21
113 90 21
113 77 21
114 28 21
114 16 21
114 91 21
115 33 21
116 2 21
117 144 21
117 148 21
118 97 21
118 12 21
118 14 21
118 132 21
119 22 21
120 22 21
120 26 21
120 98 21
121 96 21
121 98 21
122 98 21
123 34 21
124 56 21
124 117 21
125 118 21
125 34 21
126 32 21
126 111 21
126 67 21
126 33 21
127 136 21
127 122 21
129 127 21
129 106 21
130 147 21
130 6 21
130 33 21
131 108 21
132 31 21
133 145 21
133 38 21
133 47 21
133 119 21
134 69 21
134 123 21
135 30 21
135 144 21
135 127 21
136 142 21
137 81 21
137 108 21
138 11 21
138 13 21
138 42 21
139 19 21
139 103 21
139 0 21
140 45 21
142 61 21
144 127 21
145 42 21
145 60 21
145 3 21
146 98 21
147 89 21
147 6 21
148 3 21
148 76 21
148 46 21
149 141 21
150 115 21
0 31 22
0 144 22
0 110 22
1 0 22
1 96 22
2 39 22
2 2 22
2 79 22
3 28 22
5 39 22
5 80 22
5 33 22
6 3 22
6 65 22
7 83 22
7 7 22
7 133 22
7 142 22
7 46 22
7 18 22
7 6 22
8 0 22
8 75 22
8 67 22
9 91 22
10 10 22
10 0 22
10 17 22
10 149 22
11 64 22
11 31 22
12 7 22
13 128 22
13 79 22
14 44 22
14 63 22
15 0 22
15 7 22
15 114 22
17 29 22
17 56 22
17 132 22
18 18 22
18 52 22
19 19 22
19 96 22
20 143 22
20 131 22
20 14 22
21 74 22
21 45 22
21 21 22
21 50 22
21 12 22
22 22 22
23 24 22
23 74 22
25 26 22
25 25 22
26 26 22
26 62 22
26 109 22
26 86 22
27 27 22
28 28 22
28 6 22
29 42 22
29 29 22
29 3 22
31 88 22
32 46 22
32 147 22
33 96 22
34 127 22
35 8 22
35 60 22
37 137 22
37 109 22
39 39 22
39 18 22
40 80 22
41 15 22
41 12 22
41 9 22
45 22 22
45 45 22
45 82 22
45 52 22
47 121 22
47 148 22
47 19 22
48 29 22
50 88 22
51 123 22
51 127 22
52 81 22
52 69 22
52 144 22
53 139 22
54 19 22
54 107 22
56 114 22
58 51 22
58 110 22
58 12 22
58 43 22
58 70 22
59 110 22
59 34 22
59 94 22
61 70 22
61 129 22
62 9 22
62 92 22
62 125 22
62 143 22
63 13 22
63 4 22
64 64 22
64 124 22
64 26 22
65 6 22
65 121 22
65 130 22
67 114 22
69 8 22
70 55 22
70 6 22
72 138 22
72 117 22
73 62 22
73 40 22
74 86 22
75 28 22
75 111 22
76 19 22
76 18 22
77 77 22
78 78 22
78 140 22
79 20 22
80 11 22
82 1 22
82 74 22
82 32 22
83 83 22
84 51 22
85 33 22
85 26 22
86 56 22
86 30 22
86 55 22
88 78 22
88 112 22
89 28 22
90 148 22
92 149 22
93 103 22
94 70 22
95 81 22
95 23 22
96 19 22
97 147 22
101 89 22
102 140 22
104 44 22
105 81 22
105 142 22
105 7 22
106 17 22
107 100 22
107 3 22
109 8 22
110 130 22
111 85 22
112 29 22
112 42 22
113 128 22
113 27 22
114 65 22
115 115 22
115 81 22
115 138 22
116 37 22
116 16 22
116 150 22
117 113 22
117 122 22
119 148 22
120 24 22
120 119 22
122 67 22
122 33 22
123 8 22
123 115 22
124 2 22
125 33 22
126 32 22
126 111 22
128 13 22
130 121 22
130 50 22
131 122 22
132 9 22
132 79 22
132 26 22
133 150 22
133 127 22
135 65 22
135 133 22
135 27 22
135 91 22
136 87 22
136 105 22
136 131 22
137 68 22
137 132 22
138 80 22
139 46 22
141 42 22
142 45 22
142 127 22
142 53 22
143 91 22
143 2 22
145 48 22
146 50 22
146 63 22
146 39 22
146 96 22
147 15 22
148 22 22
148 49 22
148 5 22
149 91 22
149 124 22
150 48 22
0 93 23
0 31 23
0 10 23
0 12 23
1 33 23
1 51 23
1 108 23
2 93 23
2 39 23
2 101 23
2 64 23
3 128 23
3 20 23
3 38 23
4 94 23
5 127 23
6 114 23
6 150 23
6 33 23
6 83 23
6 76 23
6 9 23
7 7 23
7 29 23
7 50 23
8 8 23
8 139 23
8 147 23
8 101 23
9 33 23
10 10 23
10 147 23
10 23 23
10 126 23
11 35 23
11 139 23
12 35 23
12 37 23
12 105 23
12 44 23
13 29 23
13 35 23
13 99 23
13 142 23
13 66 23
14 8 23
14 33 23
14 71 23
14 29 23
15 18 23
15 133 23
15 64 23
16 138 23
16 124 23
17 29 23
17 23 23
17 90 23
18 107 23
18 20 23
19 65 23
19 19 23
19 100 23
19 88 23
19 33 23
19 108 23
20 20 23
20 79 23
21 134 23
22 22 23
22 29 23
22 97 23
23 79 23
23 9 23
23 18 23
24 84 23
25 89 23
25 98 23
25 107 23
25 117 23
26 26 23
26 61 23
26 9 23
26 54 23
27 133 23
28 63 23
28 56 23
29 29 23
29 33 23
29 126 23
29 46 23
31 46 23
31 43 23
32 47 23
32 150 23
33 131 23
33 23 23
34 69 23
34 111 23
35 101 23
35 121 23
36 29 23
36 127 23
36 88 23
36 106 23
37 7 23
37 141 23
38 70 23
38 134 23
38 129 23
39 39 23
39 87 23
39 128 23
39 50 23
39 141 23
39 107 23
41 35 23
41 131 23
41 7 23
42 48 23
42 57 23
42 106 23
43 10 23
43 16 23
43 59 23
43 1 23
44 110 23
45 22 23
45 45 23
45 17 23
46 134 23
47 6 23
47 3 23
49 98 23
49 44 23
50 120 23
52 39 23
52 71 23
52 72 23
53 7 23
54 54 23
55 20 23
56 32 23
56 6 23
56 86 23
56 49 23
57 87 23
58 117 23
58 50 23
59 114 23
60 85 23
60 82 23
60 95 23
61 61 23
61 129 23
61 80 23
61 18 23
61 11 23
61 50 23
62 9 23
62 40 23
63 47 23
63 10 23
63 149 23
63 50 23
64 135 23
64 141 23
65 96 23
65 68 23
66 5 23
66 13 23
66 141 23
67 65 23
67 39 23
67 142 23
67 62 23
67 82 23
68 143 23
69 40 23
69 37 23
69 110 23
71 129 23
71 66 23
73 67 23
73 119 23
73 42 23
74 47 23
74 104 23
74 61 23
74 26 23
74 96 23
75 81 23
75 57 23
76 19 23
76 114 23
76 63 23
76 1 23
76 28 23
76 98 23
76 11 23
77 77 23
77 128 23
78 144 23
80 92 23
80 149 23
80 32 23
81 94 23
81 39 23
81 14 23
81 33 23
82 147 23
82 45 23
83 83 23
83 33 23
83 70 23
84 68 23
84 70 23
84 28 23
85 37 23
85 33 23
85 84 23
87 31 23
87 101 23
87 94 23
90 21 23
90 69 23
90 87 23
90 96 23
92 106 23
92 135 23
92 55 23
92 132 23
92 6 23
93 54 23
93 118 23
94 3 23
94 129 23
94 74 23
95 25 23
97 95 23
97 139 23
97 68 23
98 17 23
98 55 23
99 40 23
99 125 23
100 104 23
101 6 23
102 55 23
103 81 23
103 84 23
104 107 23
104 111 23
105 20 23
106 68 23
106 137 23
108 106 23
108 107 23
108 130 23
108 50 23
108 36 23
108 97 23
108 146 23
109 39 23
110 25 23
111 37 23
111 27 23
111 125 23
111 131 23
111 35 23
112 99 23
113 113 23
113 70 23
114 92 23
114 4 23
115 115 23
115 22 23
115 3 23
116 18 23
116 75 23
117 117 23
117 135 23
117 62 23
118 98 23
118 125 23
119 9 23
119 91 23
120 51 23
120 110 23
120 9 23
120 73 23
121 21 23
121 74 23
122 103 23
122 18 23
122 8 23
123 113 23
125 107 23
125 53 23
126 103 23
126 98 23
126 13 23
126 3 23
127 125 23
127 42 23
127 147 23
127 4 23
128 19 23
128 147 23
128 30 23
129 109 23
129 38 23
129 102 23
130 51 23
130 71 23
131 147 23
131 41 23
131 123 23
132 133 23
132 142 23
132 102 23
133 150 23
133 24 23
134 15 23
136 112 23
136 6 23
137 19 23
140 42 23
140 99 23
140 53 23
142 57 23
142 50 23
142 54 23
143 25 23
144 65 23
144 101 23
144 121 23
146 86 23
146 110 23
146 85 23
147 87 23
147 38 23
147 125 23
147 49 23
147 99 23
147 53 23
148 41 23
149 27 23
149 74 23
149 126 23
150 77 23
150 129 23
150 115 23
0 29 24
1 21 24
2 2 24
2 11 24
2 102 24
2 92 24
2 101 24
3 54 24
3 147 24
3 123 24
4 2 24
4 64 24
5 4 24
5 36 24
5 100 24
5 102 24
6 64 24
6 146 24
6 132 24
7 2 24
7 105 24
7 71 24
7 102 24
8 8 24
8 77 24
8 10 24
8 74 24
8 32 24
8 129 24
8 128 24
8 89 24
9 144 24
9 148 24
10 10 24
10 97 24
11 108 24
11 106 24
11 60 24
11 37 24
11 68 24
12 45 24
12 117 24
12 3 24
13 80 24
13 134 24
14 23 24
14 0 24
14 8 24
16 142 24
16 80 24
17 65 24
17 41 24
17 134 24
17 143 24
18 39 24
19 19 24
19 114 24
19 139 24
19 4 24
19 55 24
20 75 24
20 121 24
20 64 24
20 30 24
21 113 24
21 15 24
22 9 24
22 26 24
22 44 24
22 16 24
22 114 24
23 58 24
23 69 24
23 142 24
24 87 24
24 61 24
24 112 24
24 111 24
25 17 24
25 76 24
25 53 24
25 48 24
26 26 24
26 25 24
26 62 24
27 4 24
27 15 24
27 140 24
28 28 24
28 67 24
28 149 24
28 78 24
29 133 24
30 90 24
30 145 24
31 31 24
31 47 24
31 140 24
31 125 24
32 32 24
32 101 24
32 68 24
32 63 24
32 130 24
33 31 24
34 37 24
34 124 24
34 95 24
34 72 24
34 42 24
34 23 24
34 121 24
34 64 24
34 73 24
34 63 24
34 8 24
35 49 24
36 65 24
36 93 24
36 142 24
36 128 24
37 83 24
37 36 24
37 85 24
38 74 24
38 55 24
39 2 24
39 39 24
39 75 24
39 14 24
39 53 24
40 136 24
40 19 24
40 116 24
40 87 24
40 64 24
41 3 24
41 116 24
41 17 24
41 142 24
42 5 24
42 9 24
42 111 24
42 78 24
45 45 24
45 12 24
45 108 24
45 144 24
46 32 24
46 55 24
46 12 24
47 130 24
47 12 24
48 28 24
48 46 24
48 14 24
49 126 24
49 115 24
49 75 24
49 19 24
50 118 24
50 59 24
51 55 24
51 5 24
52 108 24
53 8 24
53 120 24
53 77 24
53 22 24
54 8 24
55 65 24
55 44 24
55 81 24
55 71 24
56 56 24
56 42 24
56 51 24
56 106 24
57 89 24
58 26 24
59 50 24
59 27 24
60 66 24
61 67 24
61 38 24
61 134 24
61 65 24
61 49 24
61 39 24
61 142 24
61 141 24
62 8 24
63 52 24
64 64 24
64 118 24
64 108 24
64 66 24
65 44 24
65 2 24
65 24 24
65 32 24
67 36 24
67 100 24
67 122 24
68 68 24
68 139 24
68 63 24
68 76 24
69 65 24
69 9 24
69 69 24
69 85 24
69 94 24
69 89 24
69 14 24
69 97 24
70 124 24
70 100 24
71 0 24
71 101 24
71 54 24
71 76 24
71 34 24
72 50 24
73 58 24
73 105 24
73 99 24
74 72 24
74 111 24
74 129 24
74 88 24
74 114 24
75 8 24
75 10 24
75 74 24
76 50 24
76 27 24
76 76 24
76 25 24
76 59 24
76 133 24
76 134 24
77 77 24
77 74 24
77 115 24
77 110 24
77 21 24
79 14 24
79 25 24
79 1 24
80 1 24
81 131 24
81 100 24
81 142 24
82 145 24
82 130 24
82 73 24
82 76 24
83 83 24
83 145 24
83 88 24
83 147 24
84 133 24
84 141 24
84 43 24
85 5 24
85 0 24
86 60 24
86 14 24
87 68 24
87 43 24
88 88 24
88 65 24
88 61 24
88 83 24
88 59 24
89 150 24
89 118 24
89 27 24
90 66 24
91 61 24
94 33 24
94 140 24
95 73 24
95 150 24
95 98 24
96 57 24
96 28 24
96 130 24
96 124 24
96 64 24
97 134 24
98 70 24
98 65 24
99 44 24
100 96 24
100 132 24
100 126 24
101 119 24
101 15 24
101 108 24
102 122 24
102 18 24
102 4 24
102 86 24
103 110 24
103 22 24
104 126 24
104 143 24
104 74 24
104 101 24
104 54 24
104 63 24
104 7 24
105 79 24
105 145 24
107 94 24
107 106 24
107 90 24
107 43 24
107 42 24
108 106 24
108 97 24
109 74 24
109 57 24
110 17 24
110 120 24
111 54 24
111 48 24
111 109 24
111 98 24
111 57 24
111 145 24
112 56 24
112 65 24
112 140 24
112 9 24
112 110 24
112 20 24
113 47 24
113 124 24
113 4 24
113 78 24
113 68 24
115 115 24
115 96 24
116 12 24
116 7 24
116 93 24
116 28 24
116 144 24
116 129 24
116 77 24
117 41 24
117 131 24
119 146 24
119 136 24
119 5 24
119 9 24
119 143 24
120 80 24
121 34 24
121 95 24
121 125 24
122 128 24
123 52 24
124 53 24
124 30 24
124 79 24
125 93 24
125 141 24
125 6 24
125 48 24
125 43 24
125 79 24
126 60 24
126 150 24
127 127 24
127 44 24
128 124 24
128 68 24
128 81 24
128 113 24
128 84 24
129 123 24
129 3 24
130 89 24
132 66 24
134 133 24
134 0 24
134 58 24
134 105 24
136 82 24
136 146 24
138 90 24
139 142 24
139 150 24
140 38 24
140 73 24
141 3 24
141 71 24
142 9 24
142 119 24
142 31 24
142 67 24
143 78 24
143 119 24
143 109 24
145 55 24
145 138 24
145 62 24
146 150 24
146 92 24
147 13 24
147 145 24
147 117 24
148 132 24
148 127 24
148 125 24
149 142 24
149 123 24
149 10 24
149 103 24
149 98 24
149 32 24
150 49 24
0 2 25
0 70 25
1 1 25
1 62 25
1 144 25
2 24 25
3 3 25
3 8 25
4 130 25
4 78 25
5 39 25
5 57 25
7 46 25
7 145 25
8 96 25
8 72 25
8 62 25
9 47 25
10 10 25
10 94 25
11 32 25
11 36 25
11 1 25
12 4 25
12 61 25
12 14 25
13 66 25
14 52 25
16 140 25
16 62 25
17 67 25
17 110 25
18 79 25
19 28 25
19 117 25
19 69 25
19 73 25
19 91 25
19 129 25
20 49 25
20 81 25
21 129 25
21 117 25
22 117 25
23 23 25
24 65 25
24 133 25
24 15 25
27 70 25
28 117 25
28 84 25
29 55 25
30 125 25
30 97 25
30 26 25
31 85 25
31 91 25
32 132 25
32 141 25
33 79 25
33 48 25
34 97 25
35 70 25
36 79 25
36 133 25
37 35 25
37 3 25
37 120 25
38 121 25
38 77 25
39 39 25
39 80 25
42 82 25
42 69 25
43 64 25
43 2 25
43 132 25
43 141 25
43 93 25
43 97 25
44 95 25
44 71 25
45 45 25
45 34 25
45 143 25
45 26 25
45 90 25
46 67 25
48 90 25
48 78 25
48 57 25
49 128 25
50 100 25
50 101 25
51 141 25
51 113 25
52 103 25
52 86 25
54 33 25
55 33 25
55 99 25
56 56 25
56 43 25
57 84 25
57 13 25
58 10 25
58 133 25
58 18 25
60 69 25
60 4 25
61 127 25
61 24 25
61 108 25
63 35 25
64 66 25
64 105 25
64 99 25
65 91 25
66 145 25
66 140 25
67 61 25
67 31 25
68 34 25
68 68 25
68 48 25
68 75 25
68 102 25
68 74 25
69 107 25
70 27 25
71 13 25
71 27 25
72 130 25
72 116 25
72 67 25
72 105 25
73 11 25
75 1 25
75 47 25
76 19 25
76 18 25
76 66 25
77 77 25
77 81 25
78 99 25
78 67 25
78 32 25
78 27 25
80 14 25
81 74 25
82 109 25
83 83 25
83 8 25
84 14 25
86 90 25
86 141 25
86 125 25
87 37 25
88 88 25
89 132 25
89 32 25
89 73 25
91 76 25
93 27 25
93 75 25
94 142 25
94 20 25
94 129 25
95 23 25
95 91 25
96 124 25
96 81 25
96 105 25
97 21 25
97 22 25
98 32 25
98 117 25
99 82 25
99 4 25
99 77 25
101 73 25
102 64 25
102 110 25
103 96 25
104 100 25
105 6 25
106 20 25
106 94 25
107 108 25
107 106 25
107 126 25
109 141 25
110 124 25
111 114 25
111 106 25
112 8 25
112 71 25
113 10 25
114 1 25
114 82 25
114 125 25
115 55 25
117 16 25
117 123 25
119 90 25
120 90 25
120 75 25
121 81 25
121 59 25
121 85 25
122 75 25
122 13 25
123 145 25
123 30 25
124 124 25
124 18 25
125 28 25
126 94 25
126 146 25
127 127 25
127 6 25
127 129 25
127 17 25
128 136 25
129 40 25
129 104 25
130 53 25
130 103 25
130 139 25
130 141 25
130 120 25
131 145 25
132 15 25
135 30 25
136 84 25
136 17 25
136 62 25
137 69 25
138 91 25
139 71 25
140 72 25
142 88 25
142 117 25
143 85 25
143 31 25
143 76 25
144 150 25
144 92 25
144 112 25
145 100 25
145 29 25
145 116 25
146 6 25
147 81 25
148 31 25
148 149 25
148 137 25
149 65 25
0 64 26
0 118 26
0 15 26
0 65 26
0 3 26
1 95 26
1 148 26
1 63 26
2 55 26
2 128 26
3 44 26
3 129 26
3 91 26
4 96 26
6 75 26
6 20 26
7 75 26
7 61 26
8 8 26
8 58 26
9 83 26
9 3 26
9 95 26
10 50 26
11 9 26
12 145 26
13 85 26
13 61 26
14 136 26
15 13 26
15 147 26
16 148 26
16 86 26
16 58 26
16 71 26
17 17 26
17 68 26
18 18 26
18 1 26
19 88 26
19 86 26
19 25 26
20 64 26
21 120 26
22 22 26
23 76 26
24 72 26
24 50 26
25 149 26
26 32 26
26 99 26
27 58 26
28 92 26
29 56 26
29 26 26
29 92 26
29 14 26
29 144 26
30 8 26
31 122 26
31 70 26
32 22 26
33 97 26
33 106 26
34 33 26
34 51 26
35 73 26
35 98 26
35 107 26
35 118 26
36 36 26
36 117 26
36 52 26
36 63 26
36 40 26
36 1 26
36 140 26
39 59 26
39 127 26
40 0 26
41 142 26
41 61 26
42 12 26
42 94 26
43 58 26
44 80 26
44 55 26
45 45 26
46 40 26
46 25 26
47 65 26
47 26 26
48 100 26
48 66 26
49 101 26
50 62 26
50 77 26
52 140 26
52 29 26
53 139 26
54 15 26
55 81 26
56 56 26
56 25 26
58 38 26
60 47 26
62 62 26
66 28 26
67 24 26
67 138 26
67 131 26
68 105 26
68 111 26
69 12 26
69 89 26
71 117 26
71 7 26
71 134 26
72 60 26
73 23 26
74 130 26
74 32 26
74 113 26
74 148 26
74 132 26
75 121 26
76 145 26
76 44 26
76 128 26
77 110 26
77 97 26
78 52 26
78 111 26
78 115 26
79 30 26
79 25 26
79 143 26
80 117 26
80 126 26
81 112 26
81 109 26
82 89 26
82 130 26
83 83 26
83 33 26
83 131 26
83 40 26
85 36 26
85 56 26
85 131 26
85 41 26
85 96 26
86 16 26
87 2 26
87 29 26
89 92 26
89 149 26
89 16 26
90 103 26
92 8 26
92 96 26
92 43 26
93 49 26
94 20 26
95 73 26
95 87 26
95 24 26
96 127 26
98 16 26
99 26 26
99 94 26
100 110 26
100 118 26
101 99 26
101 44 26
101 136 26
102 10 26
102 42 26
103 20 26
104 23 26
104 60 26
105 143 26
105 149 26
105 25 26
105 27 26
105 121 26
106 114 26
106 58 26
106 115 26
107 131 26
107 42 26
107 106 26
107 103 26
107 31 26
108 113 26
108 115 26
109 119 26
110 3 26
110 36 26
112 21 26
113 138 26
113 65 26
114 133 26
115 89 26
115 8 26
115 120 26
115 44 26
116 51 26
118 94 26
118 135 26
118 34 26
118 128 26
118 61 26
118 134 26
119 87 26
119 37 26
119 101 26
121 82 26
121 102 26
122 24 26
123 135 26
125 107 26
125 14 26
126 144 26
126 140 26
127 127 26
127 114 26
127 142 26
128 26 26
128 47 26
128 67 26
128 46 26
128 106 26
129 68 26
129 33 26
129 14 26
130 53 26
130 84 26
130 148 26
131 60 26
131 105 26
132 116 26
132 79 26
133 19 26
133 46 26
134 90 26
134 7 26
134 93 26
135 16 26
136 11 26
136 56 26
137 5 26
137 1 26
137 65 26
137 88 26
137 103 26
138 32 26
138 96 26
138 125 26
138 3 26
139 32 26
139 31 26
140 77 26
140 12 26
140 34 26
142 142 26
143 143 26
143 12 26
143 92 26
143 52 26
143 95 26
143 20 26
144 6 26
144 31 26
144 108 26
144 2 26
146 38 26
146 122 26
147 41 26
147 125 26
147 79 26
148 78 26
149 12 26
150 37 26
0 14 27
0 121 27
0 133 27
0 61 27
0 150 27
1 5 27
1 117 27
1 13 27
1 73 27
1 142 27
2 128 27
2 83 27
3 3 27
3 100 27
4 113 27
4 126 27
4 107 27
4 138 27
4 110 27
6 3 27
6 38 27
6 136 27
6 95 27
7 60 27
7 133 27
7 135 27
7 128 27
7 58 27
7 42 27
7 50 27
7 45 27
8 8 27
8 90 27
8 129 27
8 21 27
8 142 27
8 42 27
9 8 27
9 110 27
10 10 27
10 4 27
11 55 27
11 139 27
11 113 27
11 25 27
12 140 27
12 13 27
12 62 27
12 76 27
13 62 27
13 134 27
14 14 27
14 6 27
14 144 27
14 101 27
15 16 27
15 137 27
15 67 27
15 61 27
15 33 27
16 148 27
16 124 27
17 113 27
18 44 27
18 137 27
18 60 27
18 68 27
19 19 27
19 74 27
19 148 27
20 20 27
20 25 27
21 144 27
21 125 27
21 92 27
22 144 27
22 22 27
22 37 27
23 35 27
23 25 27
23 103 27
23 41 27
23 148 27
24 8 27
24 127 27
24 23 27
25 101 27
25 119 27
26 90 27
26 27 27
26 31 27
27 27 27
28 28 27
28 24 27
28 45 27
28 16 27
30 23 27
30 3 27
30 21 27
30 91 27
30 103 27
31 54 27
32 113 27
33 42 27
33 83 27
33 23 27
33 70 27
33 13 27
33 99 27
34 34 27
34 68 27
34 111 27
34 88 27
34 32 27
34 13 27
35 135 27
36 33 27
36 107 27
36 125 27
37 124 27
38 108 27
38 76 27
40 16 27
41 41 27
41 93 27
41 142 27
42 140 27
42 50 27
43 118 27
43 9 27
43 93 27
44 37 27
44 34 27
44 69 27
44 64 27
44 138 27
45 45 27
45 9 27
45 104 27
45 61 27
45 79 27
45 50 27
46 55 27
46 47 27
46 73 27
46 28 27
46 144 27
47 52 27
47 150 27
47 33 27
47 96 27
48 34 27
48 140 27
48 64 27
49 126 27
49 7 27
49 99 27
50 113 27
51 1 27
51 113 27
51 61 27
52 24 27
52 3 27
53 119 27
53 50 27
54 16 27
55 30 27
55 52 27
55 135 27
56 56 27
56 19 27
56 50 27
57 57 27
57 107 27
57 74 27
57 36 27
57 44 27
57 25 27
57 119 27
57 141 27
57 131 27
58 57 27
58 10 27
58 0 27
58 9 27
58 53 27
59 82 27
59 7 27
59 146 27
59 76 27
59 65 27
59 46 27
60 129 27
60 82 27
60 59 27
60 15 27
62 69 27
62 77 27
62 39 27
62 42 27
63 63 27
63 98 27
63 44 27
63 88 27
63 95 27
63 133 27
63 53 27
63 125 27
63 127 27
63 140 27
63 36 27
63 3 27
63 77 27
63 85 27
64 104 27
64 48 27
64 129 27
64 12 27
65 3 27
65 81 27
65 117 27
65 149 27
66 78 27
67 28 27
68 83 27
68 125 27
68 91 27
69 116 27
69 22 27
69 26 27
69 118 27
70 12 27
70 137 27
71 33 27
71 79 27
71 96 27
71 64 27
71 25 27
72 6 27
72 128 27
72 79 27
72 116 27
72 73 27
72 54 27
72 40 27
73 99 27
73 46 27
74 130 27
74 74 27
74 118 27
75 58 27
75 126 27
76 150 27
76 81 27
76 148 27
77 108 27
77 28 27
77 134 27
77 20 27
78 26 27
78 80 27
78 52 27
78 148 27
79 111 27
80 43 27
80 42 27
80 27 27
81 39 27
81 74 27
81 67 27
81 81 27
81 25 27
81 91 27
82 15 27
82 127 27
82 75 27
83 83 27
83 114 27
83 131 27
83 78 27
84 14 27
85 65 27
85 138 27
85 118 27
86 95 27
86 1 27
87 121 27
87 98 27
87 27 27
87 131 27
88 1 27
88 48 27
88 51 27
88 10 27
90 130 27
90 134 27
92 103 27
92 51 27
92 5 27
94 112 27
94 134 27
94 87 27
95 6 27
97 97 27
97 119 27
97 40 27
97 108 27
97 64 27
98 14 27
98 124 27
98 85 27
98 88 27
99 61 27
99 72 27
100 83 27
100 59 27
100 84 27
101 122 27
102 99 27
102 117 27
102 75 27
102 93 27
102 42 27
102 60 27
102 19 27
102 139 27
103 61 27
103 33 27
104 149 27
104 107 27
104 25 27
105 98 27
105 68 27
106 107 27
106 30 27
107 149 27
107 13 27
107 116 27
107 145 27
108 107 27
108 94 27
108 88 27
109 115 27
109 91 27
109 26 27
110 46 27
110 38 27
110 22 27
111 94 27
111 89 27
111 46 27
111 32 27
111 9 27
112 28 27
112 50 27
113 35 27
113 20 27
114 96 27
114 77 27
114 60 27
115 73 27
115 82 27
115 16 27
116 46 27
116 22 27
116 78 27
116 55 27
117 50 27
117 40 27
117 26 27
117 1 27
118 74 27
118 115 27
118 40 27
119 16 27
119 132 27
119 61 27
120 47 27
121 22 27
121 26 27
122 48 27
122 121 27
122 45 27
123 79 27
124 22 27
125 0 27
125 112 27
125 97 27
125 7 27
125 29 27
126 52 27
126 74 27
126 0 27
126 95 27
127 127 27
127 9 27
127 20 27
128 131 27
128 61 27
128 18 27
128 137 27
128 71 27
128 80 27
128 93 27
128 51 27
129 123 27
129 42 27
129 22 27
129 101 27
130 142 27
130 150 27
130 95 27
130 29 27
131 28 27
131 37 27
131 133 27
131 53 27
131 113 27
132 51 27
132 55 27
132 120 27
132 3 27
132 147 27
133 111 27
133 72 27
134 8 27
134 80 27
134 38 27
134 13 27
135 10 27
135 55 27
136 40 27
136 34 27
137 137 27
137 47 27
138 53 27
138 119 27
138 141 27
138 1 27
138 117 27
138 148 27
139 20 27
139 69 27
140 10 27
140 0 27
140 140 27
140 5 27
140 99 27
141 30 27
141 132 27
141 79 27
141 51 27
141 50 27
142 142 27
142 59 27
142 131 27
143 143 27
143 13 27
143 89 27
143 75 27
143 130 27
143 101 27
144 141 27
144 7 27
144 144 27
144 8 27
144 11 27
144 65 27
146 58 27
146 34 27
146 112 27
146 18 27
147 149 27
147 77 27
147 55 27
148 122 27
148 66 27
148 22 27
148 96 27
148 105 27
148 71 27
149 130 27
150 102 27
0 31 28
0 56 28
0 51 28
1 149 28
1 50 28
2 5 28
2 26 28
2 115 28
2 140 28
3 23 28
3 77 28
3 80 28
4 1 28
4 117 28
5 2 28
5 54 28
5 3 28
5 122 28
5 24 28
5 125 28
6 6 28
6 70 28
6 42 28
6 19 28
6 147 28
7 30 28
7 32 28
7 41 28
8 62 28
8 8 28
8 50 28
8 27 28
8 74 28
8 117 28
8 47 28
8 146 28
8 68 28
9 114 28
9 8 28
9 65 28
9 46 28
9 36 28
9 4 28
10 10 28
10 77 28
10 51 28
11 87 28
11 59 28
12 39 28
12 119 28
13 9 28
13 7 28
13 109 28
13 57 28
13 79 28
14 13 28
14 146 28
15 71 28
15 136 28
16 51 28
16 34 28
16 112 28
17 37 28
17 140 28
17 10 28
17 122 28
17 64 28
17 41 28
17 72 28
18 100 28
18 53 28
19 121 28
19 117 28
19 88 28
19 86 28
19 29 28
20 142 28
20 62 28
20 108 28
20 89 28
20 70 28
21 120 28
22 22 28
22 92 28
22 1 28
22 99 28
23 145 28
23 129 28
24 74 28
24 44 28
24 123 28
24 48 28
24 139 28
25 124 28
25 10 28
25 143 28
25 129 28
25 119 28
26 127 28
26 77 28
27 80 28
27 75 28
28 111 28
28 21 28
28 142 28
28 104 28
29 29 28
30 18 28
30 123 28
31 41 28
32 61 28
32 135 28
33 34 28
33 56 28
33 54 28
33 53 28
34 145 28
34 79 28
35 108 28
35 18 28
36 67 28
37 34 28
37 53 28
37 23 28
38 51 28
38 115 28
38 113 28
38 90 28
38 61 28
39 108 28
39 46 28
39 67 28
39 44 28
39 138 28
40 24 28
40 55 28
41 148 28
41 13 28
41 69 28
41 46 28
41 20 28
41 75 28
42 93 28
43 143 28
43 138 28
43 121 28
44 13 28
45 72 28
45 45 28
45 95 28
46 70 28
46 136 28
46 37 28
47 8 28
48 45 28
48 110 28
49 97 28
49 64 28
49 73 28
49 141 28
50 104 28
50 102 28
50 68 28
50 27 28
50 21 28
51 144 28
51 4 28
51 111 28
52 37 28
52 105 28
53 86 28
54 41 28
54 21 28
54 10 28
55 133 28
55 144 28
55 134 28
55 98 28
56 56 28
56 37 28
56 29 28
56 17 28
56 11 28
57 44 28
57 92 28
57 75 28
57 56 28
58 53 28
58 3 28
59 25 28
59 37 28
60 88 28
60 73 28
60 68 28
61 90 28
61 77 28
62 135 28
63 27 28
64 122 28
65 83 28
65 68 28
65 15 28
65 89 28
65 61 28
65 29 28
66 63 28
66 17 28
66 146 28
67 11 28
67 84 28
67 29 28
67 55 28
68 34 28
68 68 28
68 134 28
69 9 28
69 71 28
69 28 28
69 111 28
69 77 28
71 109 28
71 122 28
71 53 28
72 6 28
72 127 28
72 95 28
72 85 28
72 80 28
72 87 28
72 40 28
73 83 28
73 35 28
73 43 28
73 106 28
74 40 28
74 61 28
74 130 28
74 33 28
74 31 28
74 118 28
75 122 28
75 145 28
75 19 28
75 73 28
75 68 28
75 143 28
76 111 28
76 78 28
76 132 28
76 15 28
76 93 28
77 55 28
77 23 28
77 125 28
78 35 28
78 114 28
78 104 28
78 70 28
78 33 28
78 101 28
79 126 28
79 137 28
79 104 28
80 59 28
81 82 28
81 39 28
81 81 28
81 59 28
81 86 28
81 48 28
81 123 28
81 56 28
82 94 28
82 75 28
83 83 28
83 71 28
83 24 28
83 134 28
83 96 28
83 64 28
84 109 28
84 33 28
85 138 28
86 142 28
86 143 28
86 77 28
87 74 28
87 101 28
87 77 28
87 25 28
87 132 28
87 19 28
88 88 28
88 24 28
88 149 28
88 123 28
89 16 28
90 55 28
90 44 28
90 12 28
90 103 28
91 91 28
91 148 28
91 48 28
93 39 28
93 110 28
93 150 28
94 98 28
94 79 28
95 97 28
96 96 28
96 90 28
96 70 28
97 97 28
98 7 28
99 62 28
100 106 28
101 126 28
102 141 28
102 17 28
102 39 28
103 102 28
103 6 28
104 71 28
104 55 28
104 41 28
104 141 28
104 100 28
105 103 28
105 148 28
106 11 28
106 109 28
107 113 28
107 140 28
107 86 28
108 107 28
108 59 28
108 122 28
108 47 28
108 139 28
109 145 28
109 22 28
109 16 28
109 137 28
109 2 28
109 95 28
109 43 28
110 116 28
110 87 28
111 91 28
111 48 28
111 18 28
111 148 28
112 36 28
112 111 28
114 71 28
115 71 28
115 98 28
115 65 28
115 16 28
115 104 28
116 116 28
116 63 28
116 84 28
116 91 28
117 135 28
117 130 28
119 39 28
119 102 28
120 86 28
120 117 28
121 34 28
121 114 28
121 42 28
121 73 28
121 72 28
121 26 28
121 147 28
122 122 28
122 90 28
122 113 28
123 36 28
123 145 28
124 16 28
124 38 28
125 88 28
125 30 28
125 50 28
125 114 28
126 55 28
126 132 28
126 15 28
127 127 28
128 74 28
128 32 28
129 89 28
129 100 28
129 44 28
129 34 28
130 26 28
130 131 28
130 75 28
130 32 28
131 32 28
131 139 28
131 95 28
131 122 28
132 0 28
132 45 28
133 15 28
133 113 28
133 33 28
134 133 28
134 61 28
134 55 28
134 35 28
134 2 28
135 44 28
135 57 28
135 143 28
135 82 28
136 101 28
136 40 28
136 53 28
136 43 28
136 66 28
137 10 28
137 137 28
137 103 28
137 55 28
137 134 28
138 91 28
139 37 28
139 13 28
139 101 28
139 39 28
139 20 28
140 141 28
140 10 28
140 112 28
140 107 28
140 23 28
140 21 28
141 143 28
141 67 28
141 137 28
141 71 28
142 20 28
142 74 28
142 88 28
143 8 28
143 13 28
143 98 28
143 143 28
143 21 28
143 103 28
143 115 28
144 22 28
144 125 28
144 101 28
144 142 28
144 150 28
144 24 28
145 71 28
145 65 28
145 55 28
145 120 28
146 99 28
146 9 28
147 144 28
147 54 28
147 81 28
147 66 28
147 74 28
148 126 28
149 40 28
149 26 28
149 142 28
149 11 28
149 127 28
150 42 28
150 128 28
0 93 29
0 19 29
0 142 29
0 10 29
1 5 29
1 0 29
1 1 29
1 18 29
1 80 29
1 131 29
1 44 29
1 133 29
2 0 29
2 100 29
3 3 29
3 133 29
3 11 29
3 105 29
3 20 29
4 2 29
4 82 29
4 48 29
4 136 29
4 9 29
4 139 29
4 143 29
5 18 29
5 49 29
5 135 29
5 9 29
5 139 29
6 74 29
6 128 29
6 61 29
6 125 29
6 87 29
6 143 29
6 147 29
7 100 29
7 24 29
7 0 29
7 121 29
7 120 29
7 46 29
8 114 29
8 8 29
8 137 29
8 65 29
8 73 29
8 59 29
8 95 29
8 80 29
8 48 29
9 38 29
9 47 29
9 83 29
9 36 29
9 115 29
9 7 29
9 68 29
10 10 29
10 1 29
10 147 29
10 124 29
10 100 29
10 94 29
10 33 29
10 93 29
11 5 29
11 49 29
11 81 29
11 66 29
12 63 29
12 114 29
12 9 29
12 62 29
12 113 29
12 69 29
12 55 29
12 82 29
13 17 29
13 146 29
13 118 29
13 14 29
13 117 29
13 134 29
13 93 29
14 144 29
14 120 29
14 97 29
14 68 29
14 142 29
14 128 29
15 119 29
15 118 29
15 4 29
15 87 29
15 41 29
16 106 29
16 130 29
16 116 29
17 37 29
17 17 29
17 42 29
17 56 29
17 98 29
17 14 29
17 23 29
17 108 29
17 102 29
17 55 29
18 72 29
18 3 29
18 122 29
18 18 29
18 124 29
18 20 29
18 29 29
18 103 29
18 120 29
18 27 29
19 82 29
19 117 29
19 103 29
19 78 29
19 46 29
19 49 29
19 143 29
19 47 29
20 143 29
20 57 29
20 52 29
20 125 29
20 122 29
20 86 29
20 28 29
20 96 29
20 27 29
20 118 29
20 20 29
20 56 29
21 68 29
21 77 29
21 58 29
21 67 29
21 150 29
21 33 29
21 108 29
21 117 29
21 97 29
22 22 29
22 144 29
22 8 29
22 27 29
22 130 29
22 41 29
22 142 29
22 76 29
23 55 29
23 95 29
23 68 29
23 54 29
24 31 29
24 30 29
24 124 29
24 94 29
24 23 29
24 107 29
24 116 29
25 26 29
25 23 29
25 129 29
25 114 29
26 104 29
26 100 29
26 127 29
26 38 29
26 47 29
26 18 29
26 110 29
26 22 29
27 27 29
27 90 29
27 85 29
28 117 29
28 5 29
28 102 29
28 143 29
29 56 29
29 42 29
29 29 29
29 17 29
29 62 29
29 87 29
30 125 29
30 30 29
30 78 29
30 57 29
31 31 29
31 112 29
31 122 29
31 101 29
31 35 29
32 17 29
32 15 29
32 24 29
33 116 29
33 115 29
33 44 29
33 138 29
33 96 29
33 58 29
33 25 29
34 33 29
34 29 29
34 56 29
34 120 29
34 148 29
34 31 29
35 58 29
35 21 29
35 19 29
35 4 29
36 68 29
36 62 29
36 139 29
37 115 29
37 7 29
37 114 29
37 71 29
37 5 29
37 45 29
38 97 29
38 55 29
38 82 29
38 26 29
38 58 29
38 71 29
39 121 29
39 39 29
39 98 29
39 52 29
39 79 29
39 33 29
40 47 29
40 123 29
40 14 29
40 101 29
41 3 29
41 32 29
41 27 29
41 26 29
41 35 29
41 94 29
42 105 29
42 75 29
42 131 29
42 60 29
43 43 29
43 137 29
43 78 29
43 73 29
43 103 29
43 62 29
43 65 29
44 57 29
44 29 29
44 149 29
44 59 29
44 7 29
44 114 29
45 141 29
45 45 29
45 33 29
45 129 29
45 138 29
45 85 29
45 103 29
45 79 29
46 47 29
46 51 29
46 106 29
46 21 29
47 112 29
47 4 29
47 120 29
47 133 29
47 127 29
47 67 29
48 23 29
48 54 29
48 111 29
48 77 29
49 54 29
49 26 29
49 35 29
49 25 29
49 128 29
49 114 29
49 5 29
50 20 29
50 142 29
50 7 29
51 68 29
51 35 29
51 12 29
51 104 29
51 99 29
51 80 29
52 135 29
52 87 29
52 49 29
52 118 29
52 136 29
52 104 29
52 29 29
53 137 29
53 139 29
54 54 29
54 8 29
54 92 29
54 133 29
54 66 29
54 14 29
54 102 29
55 120 29
55 55 29
55 11 29
55 28 29
55 23 29
55 13 29
55 97 29
55 20 29
56 56 29
56 83 29
56 34 29
56 61 29
56 149 29
56 5 29
56 60 29
56 45 29
57 13 29
57 17 29
57 57 29
57 55 29
57 122 29
57 71 29
57 28 29
58 72 29
58 100 29
59 55 29
59 49 29
59 21 29
59 9 29
59 98 29
59 79 29
60 37 29
60 22 29
60 111 29
60 59 29
60 146 29
60 93 29
61 57 29
61 46 29
62 62 29
62 20 29
62 63 29
62 91 29
62 8 29
62 81 29
63 143 29
63 136 29
63 70 29
63 8 29
63 124 29
63 110 29
63 11 29
63 105 29
64 65 29
64 121 29
64 86 29
64 72 29
65 25 29
65 6 29
65 144 29
66 93 29
66 102 29
66 22 29
66 11 29
67 67 29
67 124 29
67 66 29
67 84 29
67 117 29
67 55 29
68 93 29
68 146 29
69 8 29
69 137 29
69 95 29
69 92 29
69 68 29
70 132 29
70 150 29
70 103 29
71 6 29
71 146 29
71 71 29
71 23 29
71 55 29
71 45 29
71 76 29
71 57 29
72 72 29
72 2 29
72 146 29
72 3 29
72 71 29
72 98 29
72 134 29
73 27 29
73 21 29
73 25 29
73 47 29
73 42 29
73 106 29
74 113 29
74 40 29
74 67 29
74 128 29
74 46 29
74 72 29
74 112 29
74 84 29
74 121 29
74 140 29
74 89 29
74 147 29
74 16 29
75 17 29
75 23 29
75 68 29
76 109 29
76 38 29
76 32 29
77 46 29
77 135 29
77 9 29
77 83 29
77 11 29
77 127 29
78 123 29
78 86 29
78 99 29
78 94 29
79 14 29
79 9 29
79 4 29
79 44 29
79 76 29
79 61 29
79 47 29
80 81 29
80 99 29
80 94 29
80 112 29
80 79 29
80 46 29
80 138 29
80 96 29
80 26 29
81 121 29
81 82 29
81 26 29
81 81 29
81 67 29
81 125 29
81 69 29
81 63 29
81 95 29
81 104 29
81 19 29
82 15 29
82 92 29
82 41 29
82 132 29
83 83 29
83 33 29
83 34 29
83 37 29
83 3 29
83 136 29
83 99 29
83 94 29
83 72 29
84 8 29
84 50 29
84 45 29
84 26 29
84 21 29
84 20 29
84 127 29
84 70 29
84 145 29
84 131 29
85 57 29
85 44 29
85 32 29
85 4 29
85 21 29
86 20 29
86 56 29
87 128 29
87 70 29
88 88 29
88 66 29
88 19 29
88 1 29
88 101 29
88 60 29
88 45 29
88 20 29
89 90 29
89 66 29
89 47 29
89 42 29
89 23 29
89 148 29
89 116 29
90 33 29
90 0 29
90 111 29
90 110 29
90 48 29
91 60 29
91 91 29
91 142 29
91 34 29
91 6 29
91 80 29
91 24 29
91 27 29
91 120 29
91 129 29
91 55 29
91 45 29
92 87 29
92 1 29
92 38 29
92 14 29
93 1 29
93 0 29
93 120 29
93 73 29
93 132 29
94 108 29
94 52 29
94 140 29
94 0 29
94 130 29
94 111 29
94 73 29
94 41 29
94 77 29
95 136 29
95 124 29
95 35 29
95 44 29
95 15 29
96 96 29
96 135 29
96 145 29
96 49 29
96 109 29
97 103 29
97 97 29
97 111 29
97 123 29
97 100 29
97 26 29
97 28 29
98 43 29
98 44 29
98 87 29
98 54 29
98 123 29
99 76 29
100 102 29
100 106 29
100 63 29
101 101 29
101 8 29
101 86 29
101 45 29
102 46 29
102 13 29
102 129 29
103 69 29
103 105 29
103 114 29
103 122 29
103 88 29
103 51 29
104 50 29
104 57 29
104 131 29
104 92 29
104 73 29
104 63 29
104 86 29
105 25 29
105 80 29
105 43 29
106 3 29
106 96 29
106 105 29
106 150 29
106 76 29
106 71 29
106 52 29
106 70 29
107 94 29
107 50 29
107 119 29
107 26 29
108 106 29
108 32 29
108 121 29
109 120 29
109 20 29
109 123 29
110 113 29
110 5 29
110 27 29
111 111 29
111 109 29
111 133 29
111 122 29
111 145 29
111 19 29
111 4 29
112 8 29
112 121 29
112 88 29
112 92 29
112 86 29
112 146 29
112 131 29
112 94 29
113 84 29
113 28 29
113 4 29
113 54 29
113 8 29
114 9 29
114 19 29
114 114 29
114 140 29
114 62 29
114 7 29
115 46 29
115 106 29
115 91 29
115 40 29
116 116 29
116 83 29
116 57 29
116 134 29
117 37 29
117 36 29
118 124 29
118 25 29
118 133 29
118 44 29
118 147 29
118 123 29
119 146 29
119 41 29
119 116 29
120 111 29
120 83 29
120 128 29
121 117 29
121 11 29
121 121 29
121 128 29
121 137 29
121 6 29
121 90 29
121 46 29
121 31 29
122 150 29
122 126 29
122 107 29
122 41 29
123 120 29
123 63 29
123 12 29
124 43 29
124 140 29
124 112 29
124 98 29
125 69 29
125 87 29
125 10 29
126 61 29
126 100 29
126 136 29
127 127 29
127 99 29
127 38 29
127 116 29
128 19 29
128 4 29
128 64 29
128 61 29
129 129 29
129 89 29
129 93 29
129 56 29
129 130 29
130 54 29
130 123 29
130 48 29
130 126 29
131 116 29
132 145 29
132 144 29
132 86 29
133 71 29
133 135 29
134 133 29
134 77 29
134 138 29
134 75 29
134 84 29
134 149 29
134 32 29
134 68 29
134 31 29
134 90 29
135 110 29
135 20 29
135 140 29
135 31 29
135 124 29
135 77 29
136 120 29
136 21 29
136 1 29
137 137 29
137 43 29
137 148 29
137 72 29
137 147 29
137 16 29
138 60 29
138 91 29
138 128 29
138 90 29
138 36 29
139 139 29
139 23 29
139 12 29
139 30 29
139 2 29
139 99 29
140 98 29
140 104 29
140 131 29
141 141 29
141 114 29
141 76 29
141 118 29
141 127 29
141 126 29
141 37 29
141 27 29
142 142 29
142 27 29
142 112 29
142 65 29
142 0 29
142 130 29
142 73 29
142 48 29
142 127 29
142 94 29
143 143 29
143 9 29
143 98 29
143 62 29
143 71 29
143 137 29
143 29 29
143 6 29
143 85 29
143 56 29
143 82 29
144 22 29
144 144 29
144 114 29
144 30 29
144 39 29
144 36 29
145 145 29
145 92 29
145 24 29
146 41 29
146 71 29
146 40 29
146 72 29
146 48 29
146 84 29
147 147 29
147 12 29
147 100 29
147 49 29
147 99 29
148 1 29
148 75 29
148 59 29
148 16 29
149 72 29
149 146 29
149 37 29
149 97 29
150 17 29
150 45 29
150 117 29
0 108 30
0 109 30
0 131 30
1 2 30
1 39 30
1 1 30
1 72 30
1 90 30
1 23 30
1 78 30
1 146 30
2 93 30
2 5 30
2 137 30
2 148 30
2 31 30
2 35 30
2 90 30
3 3 30
3 71 30
4 76 30
4 45 30
5 119 30
5 34 30
6 71 30
6 72 30
6 140 30
6 135 30
6 4 30
6 60 30
6 53 30
7 56 30
7 10 30
7 23 30
8 8 30
8 50 30
8 74 30
8 16 30
8 127 30
9 80 30
9 93 30
9 115 30
9 133 30
10 10 30
10 113 30
10 89 30
10 56 30
10 149 30
10 120 30
11 39 30
11 73 30
11 13 30
11 12 30
12 29 30
12 121 30
12 93 30
12 97 30
12 69 30
13 122 30
13 103 30
13 111 30
14 145 30
14 79 30
14 118 30
15 123 30
15 38 30
15 112 30
16 82 30
16 77 30
16 11 30
17 44 30
17 88 30
17 110 30
18 122 30
18 18 30
18 110 30
18 46 30
19 8 30
19 11 30
19 115 30
19 108 30
19 144 30
20 20 30
20 78 30
21 37 30
21 55 30
21 17 30
21 96 30
21 132 30
21 76 30
21 75 30
21 111 30
22 22 30
22 114 30
22 140 30
23 82 30
23 48 30
23 23 30
23 15 30
23 21 30
24 114 30
24 104 30
24 18 30
24 112 30
24 121 30
24 98 30
25 26 30
25 47 30
25 24 30
25 103 30
25 121 30
26 95 30
26 88 30
26 3 30
27 60 30
27 136 30
27 42 30
28 28 30
28 33 30
28 23 30
28 102 30
29 68 30
29 29 30
29 42 30
29 124 30
29 150 30
29 102 30
30 61 30
30 30 30
30 128 30
30 92 30
30 6 30
30 104 30
30 59 30
30 44 30
31 19 30
31 73 30
31 41 30
31 2 30
32 39 30
32 29 30
32 112 30
32 139 30
32 107 30
34 116 30
34 85 30
34 46 30
35 147 30
35 123 30
35 112 30
36 83 30
36 42 30
36 69 30
36 54 30
36 142 30
37 34 30
37 33 30
37 123 30
37 15 30
38 4 30
38 92 30
38 96 30
38 113 30
39 39 30
39 72 30
39 149 30
39 133 30
40 67 30
40 74 30
40 113 30
40 139 30
41 71 30
41 102 30
41 114 30
41 141 30
41 53 30
42 113 30
42 140 30
42 73 30
42 137 30
43 127 30
43 8 30
43 79 30
43 149 30
44 44 30
44 51 30
44 140 30
45 6 30
45 45 30
45 119 30
45 99 30
45 61 30
45 23 30
45 120 30
46 67 30
46 38 30
46 32 30
47 128 30
47 71 30
47 51 30
47 143 30
48 1 30
48 43 30
48 129 30
48 101 30
48 77 30
49 78 30
49 27 30
49 119 30
49 131 30
50 52 30
50 42 30
50 136 30
50 10 30
50 28 30
50 78 30
50 45 30
51 73 30
51 114 30
51 99 30
51 56 30
51 14 30
51 18 30
51 101 30
52 45 30
52 119 30
53 125 30
53 91 30
53 41 30
54 13 30
54 8 30
54 148 30
54 54 30
54 44 30
54 85 30
55 47 30
55 56 30
55 3 30
55 88 30
55 74 30
56 56 30
56 37 30
56 68 30
56 83 30
56 25 30
56 100 30
56 23 30
57 57 30
57 112 30
57 4 30
57 124 30
57 99 30
57 149 30
58 84 30
58 124 30
58 87 30
58 54 30
58 133 30
58 136 30
59 127 30
59 136 30
59 4 30
59 107 30
59 92 30
59 60 30
59 78 30
60 23 30
60 47 30
61 5 30
61 68 30
62 62 30
62 142 30
62 6 30
62 53 30
62 38 30
62 88 30
63 103 30
63 148 30
63 134 30
63 147 30
63 99 30
63 44 30
64 122 30
64 117 30
64 76 30
64 38 30
65 64 30
66 116 30
66 27 30
68 34 30
68 29 30
68 37 30
68 112 30
68 88 30
68 6 30
68 18 30
69 5 30
69 96 30
69 26 30
70 146 30
70 11 30
70 48 30
70 10 30
70 107 30
71 146 30
71 111 30
71 138 30
71 16 30
71 91 30
71 113 30
72 72 30
72 3 30
72 30 30
72 114 30
72 80 30
72 98 30
72 13 30
72 143 30
72 67 30
72 142 30
72 7 30
73 96 30
73 150 30
73 79 30
74 40 30
74 61 30
74 121 30
74 84 30
74 72 30
75 51 30
75 139 30
75 148 30
76 97 30
76 91 30
76 50 30
77 77 30
77 97 30
78 131 30
79 27 30
79 72 30
80 67 30
80 11 30
80 150 30
81 81 30
81 132 30
81 5 30
81 144 30
81 111 30
82 14 30
82 139 30
82 138 30
83 115 30
83 83 30
83 68 30
83 29 30
83 57 30
83 71 30
83 98 30
83 149 30
84 52 30
85 34 30
85 119 30
85 137 30
85 94 30
86 7 30
86 123 30
86 55 30
87 13 30
87 63 30
87 89 30
88 88 30
88 99 30
88 148 30
88 105 30
89 104 30
89 108 30
89 29 30
89 38 30
90 144 30
90 101 30
90 91 30
90 112 30
90 62 30
91 138 30
91 142 30
91 113 30
91 47 30
91 21 30
92 106 30
92 44 30
92 142 30
92 118 30
92 127 30
92 28 30
92 116 30
93 0 30
93 5 30
93 3 30
94 61 30
94 110 30
94 40 30
94 35 30
95 136 30
95 27 30
95 17 30
95 99 30
96 96 30
96 14 30
96 13 30
97 49 30
97 150 30
97 98 30
97 63 30
98 43 30
98 46 30
98 119 30
98 49 30
98 21 30
99 29 30
100 59 30
100 77 30
100 63 30
100 142 30
100 7 30
100 137 30
100 20 30
100 104 30
100 80 30
100 126 30
100 8 30
101 78 30
101 84 30
102 15 30
102 41 30
102 125 30
102 50 30
103 59 30
103 2 30
103 1 30
103 55 30
103 22 30
104 51 30
104 109 30
104 136 30
104 1 30
104 108 30
105 118 30
105 108 30
105 89 30
105 19 30
105 86 30
106 134 30
106 3 30
106 105 30
106 81 30
107 106 30
107 84 30
107 5 30
107 86 30
107 150 30
108 100 30
108 102 30
108 45 30
108 49 30
108 149 30
109 72 30
109 98 30
109 29 30
110 45 30
110 35 30
110 128 30
110 146 30
111 55 30
111 15 30
111 75 30
111 52 30
111 18 30
113 30 30
113 119 30
113 65 30
114 9 30
114 2 30
114 27 30
115 80 30
115 60 30
115 12 30
115 95 30
116 83 30
116 145 30
116 136 30
116 135 30
117 28 30
117 131 30
117 112 30
118 95 30
118 126 30
118 33 30
118 69 30
119 96 30
119 31 30
119 121 30
120 135 30
120 50 30
120 117 30
121 112 30
121 38 30
121 37 30
121 41 30
121 58 30
122 16 30
122 121 30
122 88 30
122 45 30
123 55 30
123 86 30
123 34 30
124 126 30
124 141 30
124 56 30
124 28 30
124 82 30
125 139 30
125 24 30
125 129 30
125 132 30
125 125 30
125 74 30
125 95 30
125 76 30
125 79 30
125 56 30
125 32 30
126 17 30
126 147 30
126 114 30
126 21 30
126 57 30
126 1 30
127 127 30
127 71 30
127 98 30
127 14 30
127 135 30
127 134 30
127 119 30
127 96 30
127 91 30
128 31 30
128 47 30
128 49 30
129 19 30
129 129 30
129 112 30
129 71 30
129 98 30
129 79 30
130 115 30
130 68 30
130 35 30
130 60 30
131 15 30
132 133 30
132 29 30
132 66 30
132 144 30
132 18 30
132 58 30
133 4 30
133 92 30
133 2 30
133 10 30
133 19 30
134 71 30
134 9 30
134 58 30
134 100 30
135 123 30
135 10 30
135 103 30
135 93 30
135 102 30
135 88 30
135 42 30
135 60 30
135 8 30
135 96 30
135 91 30
135 77 30
136 32 30
137 137 30
137 1 30
137 94 30
137 106 30
137 68 30
137 123 30
138 50 30
138 134 30
139 30 30
139 55 30
139 62 30
139 150 30
140 140 30
140 145 30
140 77 30
140 80 30
140 56 30
140 36 30
140 129 30
140 7 30
141 43 30
141 141 30
141 17 30
141 77 30
141 34 30
141 127 30
141 27 30
142 55 30
142 135 30
142 22 30
143 143 30
143 10 30
143 89 30
143 4 30
144 143 30
144 87 30
144 122 30
145 34 30
145 115 30
145 83 30
145 120 30
146 71 30
146 6 30
146 65 30
146 120 30
146 124 30
147 4 30
147 105 30
147 24 30
147 28 30
148 145 30
148 131 30
148 37 30
149 96 30
149 26 30
149 132 30
149 51 30
150 149 30
150 115 30
150 105 30
150 10 30
0 23 31
0 89 31
1 42 31
1 27 31
2 56 31
3 93 31
3 3 31
3 142 31
3 16 31
4 131 31
4 121 31
4 98 31
4 41 31
5 45 31
5 39 31
5 16 31
5 2 31
6 39 31
6 140 31
6 45 31
7 15 31
7 97 31
8 8 31
8 19 31
8 142 31
8 0 31
8 86 31
9 57 31
9 131 31
9 51 31
9 129 31
10 134 31
10 58 31
10 150 31
11 86 31
11 62 31
11 15 31
12 98 31
12 72 31
13 50 31
13 89 31
13 1 31
13 5 31
14 40 31
14 30 31
14 76 31
15 101 31
16 72 31
16 80 31
16 144 31
17 29 31
18 128 31
18 53 31
19 74 31
19 143 31
19 8 31
19 7 31
19 14 31
20 122 31
20 6 31
22 77 31
22 25 31
23 14 31
23 17 31
24 11 31
25 138 31
26 21 31
26 65 31
26 115 31
27 144 31
27 45 31
27 26 31
27 113 31
27 0 31
28 50 31
28 104 31
29 29 31
29 51 31
30 30 31
30 74 31
30 22 31
30 95 31
30 85 31
30 5 31
31 19 31
31 137 31
32 77 31
32 21 31
33 36 31
33 29 31
33 144 31
33 4 31
33 97 31
33 22 31
33 21 31
34 33 31
34 37 31
34 143 31
35 8 31
35 93 31
36 14 31
36 135 31
36 97 31
36 133 31
36 100 31
37 33 31
37 45 31
38 116 31
39 31 31
39 120 31
40 63 31
40 58 31
40 124 31
40 96 31
41 97 31
42 118 31
42 113 31
42 13 31
42 17 31
43 43 31
43 54 31
43 131 31
43 23 31
43 74 31
44 9 31
45 129 31
45 91 31
45 134 31
45 55 31
46 4 31
46 59 31
46 2 31
46 117 31
46 126 31
47 61 31
47 83 31
48 45 31
48 109 31
48 113 31
48 106 31
48 124 31
48 110 31
48 87 31
50 118 31
50 31 31
51 17 31
51 42 31
52 52 31
52 150 31
53 140 31
53 112 31
54 148 31
54 11 31
54 67 31
54 20 31
56 56 31
56 115 31
56 30 31
56 105 31
56 148 31
57 97 31
57 20 31
57 104 31
58 41 31
60 41 31
60 29 31
61 113 31
61 81 31
61 11 31
62 63 31
62 118 31
62 88 31
64 69 31
64 131 31
64 50 31
65 136 31
66 19 31
66 149 31
66 92 31
67 14 31
68 68 31
68 34 31
69 66 31
69 10 31
69 93 31
69 147 31
69 7 31
70 54 31
70 63 31
70 81 31
71 41 31
72 6 31
72 138 31
72 74 31
72 33 31
73 44 31
73 27 31
74 8 31
74 131 31
75 127 31
75 130 31
75 69 31
77 3 31
77 17 31
77 10 31
77 77 31
77 5 31
77 45 31
78 136 31
78 140 31
78 143 31
79 45 31
79 26 31
79 136 31
80 25 31
81 74 31
81 81 31
81 104 31
81 66 31
82 83 31
82 109 31
82 1 31
83 34 31
83 83 31
83 127 31
83 86 31
84 120 31
84 114 31
85 120 31
85 63 31
85 39 31
85 76 31
86 72 31
86 16 31
87 16 31
88 66 31
88 88 31
91 80 31
91 42 31
92 45 31
92 22 31
92 114 31
92 134 31
93 5 31
93 88 31
93 54 31
94 107 31
94 137 31
94 132 31
94 120 31
95 13 31
95 93 31
95 112 31
95 80 31
96 4 31
96 91 31
96 114 31
97 97 31
97 149 31
97 103 31
97 76 31
97 74 31
97 0 31
97 102 31
98 101 31
98 85 31
99 42 31
99 110 31
100 48 31
100 145 31
100 32 31
101 109 31
101 80 31
101 52 31
102 2 31
102 103 31
102 42 31
102 60 31
102 19 31
103 87 31
103 39 31
103 90 31
103 9 31
104 27 31
104 97 31
104 96 31
104 95 31
105 99 31
105 126 31
105 59 31
106 83 31
106 63 31
106 72 31
106 48 31
107 14 31
107 4 31
107 12 31
107 16 31
107 11 31
108 113 31
108 75 31
108 65 31
109 126 31
109 119 31
109 94 31
110 15 31
110 117 31
110 96 31
111 30 31
111 113 31
111 120 31
111 3 31
112 5 31
112 88 31
112 110 31
112 133 31
113 117 31
114 45 31
114 6 31
114 127 31
115 34 31
115 126 31
115 53 31
115 136 31
116 42 31
116 115 31
116 7 31
116 108 31
116 110 31
117 99 31
117 103 31
118 18 31
119 86 31
119 29 31
119 109 31
119 5 31
119 85 31
119 80 31
120 58 31
120 62 31
120 61 31
121 72 31
122 34 31
122 56 31
122 28 31
122 27 31
124 36 31
125 125 31
125 130 31
125 31 31
125 95 31
126 61 31
126 139 31
126 91 31
126 57 31
127 127 31
127 40 31
127 99 31
127 96 31
128 113 31
128 130 31
128 118 31
128 56 31
129 122 31
129 93 31
129 60 31
129 22 31
130 106 31
130 17 31
130 121 31
131 11 31
131 112 31
132 29 31
132 93 31
132 37 31
132 119 31
133 96 31
133 142 31
133 145 31
133 84 31
133 38 31
134 142 31
134 134 31
134 76 31
134 15 31
134 17 31
135 50 31
137 37 31
137 116 31
138 84 31
138 130 31
138 139 31
139 73 31
139 81 31
140 23 31
140 17 31
140 21 31
141 141 31
141 129 31
141 78 31
141 87 31
141 67 31
141 117 31
141 32 31
142 87 31
142 39 31
142 11 31
143 143 31
143 78 31
143 26 31
143 81 31
143 76 31
144 122 31
144 69 31
145 145 31
145 57 31
145 47 31
146 99 31
147 67 31
148 92 31
148 63 31
149 73 31
150 41 31
150 83 31
0 56 32
0 92 32
0 69 32
0 53 32
1 2 32
1 23 32
2 5 32
3 3 32
3 83 32
3 16 32
3 146 32
3 96 32
3 114 32
3 91 32
4 87 32
4 5 32
5 68 32
5 118 32
6 11 32
6 106 32
6 50 32
6 95 32
7 130 32
7 97 32
8 62 32
8 8 32
8 10 32
8 140 32
8 81 32
8 99 32
9 145 32
9 2 32
10 27 32
10 76 32
10 149 32
10 135 32
11 54 32
11 37 32
11 40 32
12 63 32
12 140 32
12 47 32
13 63 32
13 87 32
13 64 32
13 132 32
14 28 32
14 149 32
14 73 32
14 13 32
14 35 32
15 1 32
16 92 32
16 46 32
16 141 32
17 130 32
17 60 32
18 98 32
18 125 32
19 79 32
19 1 32
20 20 32
20 51 32
20 101 32
21 41 32
21 140 32
21 102 32
21 87 32
22 144 32
22 60 32
22 44 32
22 57 32
23 23 32
23 62 32
23 112 32
23 50 32
24 106 32
24 36 32
25 126 32
25 117 32
25 25 32
25 125 32
25 87 32
26 63 32
27 127 32
28 34 32
28 145 32
28 92 32
29 29 32
30 101 32
30 110 32
30 119 32
32 31 32
32 85 32
33 6 32
33 99 32
34 68 32
34 58 32
34 53 32
34 66 32
35 92 32
35 49 32
35 105 32
35 53 32
35 38 32
35 107 32
36 33 32
36 62 32
36 46 32
37 34 32
37 129 32
37 113 32
38 117 32
38 97 32
38 35 32
40 121 32
40 66 32
40 126 32
40 65 32
41 13 32
41 64 32
41 73 32
41 119 32
41 99 32
41 65 32
42 118 32
42 127 32
42 5 32
42 0 32
42 89 32
42 147 32
43 36 32
43 11 32
43 149 32
44 134 32
44 64 32
44 30 32
45 45 32
45 144 32
46 121 32
46 122 32
47 121 32
47 29 32
47 77 32
47 36 32
47 63 32
47 132 32
48 63 32
48 26 32
48 91 32
49 118 32
50 74 32
50 32 32
50 79 32
51 87 32
52 101 32
52 91 32
53 82 32
54 9 32
55 97 32
55 62 32
56 56 32
56 29 32
56 61 32
57 11 32
58 88 32
58 26 32
58 7 32
60 144 32
60 48 32
61 86 32
61 89 32
62 101 32
62 127 32
63 89 32
64 120 32
64 67 32
64 14 32
64 124 32
64 30 32
66 48 32
66 46 32
67 112 32
67 134 32
68 37 32
68 54 32
68 26 32
68 65 32
69 48 32
69 55 32
69 7 32
70 2 32
70 29 32
71 102 32
73 6 32
73 48 32
74 117 32
74 29 32
74 105 32
74 150 32
75 109 32
75 85 32
75 1 32
75 102 32
75 45 32
75 22 32
76 142 32
77 150 32
77 109 32
78 58 32
78 99 32
78 148 32
78 88 32
79 22 32
79 146 32
80 90 32
80 52 32
80 47 32
80 143 32
80 150 32
81 133 32
81 1 32
81 89 32
82 88 32
82 105 32
83 83 32
83 42 32
83 119 32
84 78 32
84 71 32
84 66 32
85 48 32
85 138 32
85 127 32
85 99 32
85 112 32
86 91 32
87 16 32
87 132 32
88 56 32
88 22 32
88 124 32
89 56 32
90 138 32
90 122 32
91 3 32
92 79 32
92 106 32
92 49 32
92 39 32
92 124 32
92 11 32
92 118 32
92 116 32
92 125 32
93 10 32
93 2 32
93 3 32
93 133 32
93 96 32
94 114 32
94 70 32
94 65 32
94 88 32
94 63 32
95 134 32
95 147 32
95 149 32
96 61 32
96 111 32
96 63 32
97 97 32
97 7 32
97 128 32
97 84 32
98 45 32
98 150 32
98 127 32
99 85 32
99 103 32
99 18 32
100 68 32
100 34 32
100 109 32
100 118 32
100 149 32
100 129 32
101 14 32
101 120 32
101 87 32
102 11 32
102 114 32
102 51 32
102 107 32
102 81 32
102 21 32
103 39 32
103 116 32
104 24 32
104 60 32
104 25 32
105 7 32
105 112 32
105 107 32
105 74 32
106 113 32
106 32 32
107 144 32
107 115 32
107 124 32
107 105 32
108 87 32
109 126 32
109 101 32
109 67 32
112 112 32
112 61 32
112 149 32
112 21 32
112 25 32
112 108 32
113 25 32
113 100 32
114 49 32
114 67 32
114 44 32
114 53 32
114 30 32
114 70 32
115 61 32
115 24 32
115 27 32
115 13 32
116 67 32
116 16 32
116 80 32
117 148 32
117 108 32
118 25 32
118 14 32
118 134 32
118 110 32
119 59 32
119 55 32
119 135 32
119 97 32
120 144 32
120 112 32
120 122 32
120 29 32
121 103 32
121 71 32
122 119 32
122 77 32
122 29 32
123 143 32
124 24 32
124 100 32
125 110 32
125 73 32
125 82 32
125 75 32
125 32 32
126 80 32
126 111 32
126 113 32
127 127 32
127 52 32
127 117 32
127 32 32
127 82 32
128 106 32
128 145 32
128 113 32
129 42 32
129 18 32
129 134 32
129 143 32
130 64 32
130 54 32
130 21 32
130 6 32
130 143 32
130 120 32
131 134 32
131 113 32
132 84 32
133 27 32
133 9 32
133 117 32
133 81 32
134 70 32
134 87 32
134 52 32
134 46 32
134 76 32
134 109 32
135 10 32
135 98 32
135 64 32
135 54 32
136 18 32
136 104 32
137 33 32
137 77 32
137 146 32
140 8 32
140 123 32
140 65 32
140 18 32
140 120 32
140 64 32
140 100 32
141 94 32
141 148 32
142 107 32
142 142 32
142 95 32
142 96 32
142 81 32
142 90 32
143 93 32
144 22 32
144 9 32
144 23 32
145 57 32
145 119 32
145 147 32
146 82 32
147 143 32
147 138 32
147 85 32
147 51 32
149 147 32
150 111 32
150 37 32
150 11 32
0 19 33
1 24 33
2 85 33
2 52 33
3 23 33
3 32 33
3 66 33
4 123 33
4 95 33
4 43 33
4 149 33
4 130 33
5 149 33
6 70 33
6 73 33
6 82 33
6 40 33
7 52 33
7 20 33
7 149 33
7 0 33
8 8 33
8 90 33
8 80 33
9 62 33
9 102 33
9 73 33
9 101 33
12 109 33
12 52 33
12 122 33
12 135 33
12 9 33
12 98 33
12 93 33
12 101 33
13 147 33
13 125 33
14 43 33
14 61 33
15 133 33
15 113 33
16 132 33
16 53 33
16 19 33
17 57 33
17 26 33
17 128 33
19 64 33
19 147 33
19 113 33
20 95 33
20 32 33
20 40 33
22 50 33
22 90 33
23 23 33
23 90 33
23 1 33
23 140 33
23 101 33
23 124 33
25 19 33
25 149 33
26 30 33
27 79 33
27 133 33
27 94 33
28 46 33
29 29 33
29 3 33
29 109 33
29 0 33
29 116 33
30 55 33
31 67 33
32 105 33
32 127 33
32 65 33
32 125 33
34 83 33
34 99 33
35 40 33
35 16 33
35 117 33
36 42 33
37 33 33
37 7 33
37 139 33
37 78 33
38 89 33
39 66 33
39 77 33
39 35 33
40 129 33
40 2 33
40 29 33
40 1 33
40 14 33
40 73 33
41 5 33
42 109 33
42 97 33
42 36 33
43 68 33
43 40 33
43 20 33
43 123 33
43 127 33
43 144 33
43 111 33
44 10 33
44 4 33
44 143 33
45 52 33
45 20 33
46 112 33
47 107 33
47 79 33
48 17 33
48 108 33
48 94 33
50 108 33
50 103 33
50 27 33
51 79 33
51 134 33
52 18 33
52 57 33
53 26 33
53 147 33
54 54 33
54 70 33
54 117 33
54 133 33
54 27 33
54 53 33
54 60 33
54 109 33
54 101 33
54 17 33
54 42 33
55 55 33
55 11 33
55 121 33
56 56 33
56 37 33
56 89 33
56 9 33
56 27 33
57 29 33
57 142 33
57 117 33
58 124 33
59 126 33
59 147 33
59 30 33
60 134 33
60 59 33
61 62 33
61 134 33
61 77 33
61 54 33
62 122 33
62 67 33
62 13 33
63 34 33
63 35 33
64 120 33
64 66 33
64 122 33
64 46 33
65 88 33
65 86 33
65 7 33
67 124 33
67 47 33
68 37 33
68 34 33
68 107 33
68 64 33
68 108 33
69 105 33
69 147 33
69 137 33
70 150 33
70 19 33
70 149 33
70 103 33
70 125 33
70 120 33
71 134 33
71 8 33
72 66 33
72 65 33
72 49 33
73 73 33
73 56 33
74 7 33
75 15 33
75 1 33
76 134 33
76 138 33
76 14 33
77 3 33
77 23 33
77 117 33
77 28 33
77 149 33
77 13 33
77 22 33
77 45 33
77 44 33
77 11 33
78 2 33
78 118 33
78 127 33
78 93 33
80 122 33
80 66 33
80 37 33
80 59 33
81 128 33
81 75 33
82 15 33
82 41 33
82 1 33
82 90 33
83 83 33
83 44 33
83 136 33
83 76 33
83 22 33
84 111 33
84 115 33
85 85 33
85 145 33
85 110 33
86 34 33
86 118 33
87 86 33
87 71 33
88 29 33
88 96 33
89 49 33
90 96 33
90 142 33
91 77 33
91 86 33
91 40 33
92 76 33
93 2 33
93 14 33
94 80 33
94 69 33
95 64 33
95 50 33
95 34 33
96 28 33
96 54 33
96 44 33
96 150 33
97 97 33
97 66 33
98 139 33
98 125 33
98 92 33
99 68 33
99 58 33
101 115 33
101 96 33
101 58 33
102 136 33
102 92 33
102 72 33
103 127 33
103 94 33
103 24 33
104 61 33
105 53 33
105 34 33
106 1 33
108 94 33
108 31 33
108 1 33
108 112 33
108 13 33
108 91 33
109 100 33
110 65 33
110 14 33
112 80 33
113 11 33
113 86 33
113 65 33
113 98 33
114 85 33
115 138 33
116 33 33
117 107 33
117 134 33
117 83 33
119 81 33
119 109 33
119 113 33
119 71 33
120 98 33
121 121 33
121 105 33
123 60 33
123 30 33
124 49 33
124 66 33
124 0 33
125 102 33
125 129 33
125 80 33
126 3 33
126 65 33
126 72 33
127 75 33
127 19 33
127 28 33
128 110 33
128 31 33
128 58 33
128 1 33
129 129 33
129 141 33
129 102 33
131 141 33
132 0 33
132 139 33
133 60 33
133 59 33
133 39 33
133 19 33
134 47 33
134 86 33
135 65 33
136 93 33
137 55 33
138 40 33
138 53 33
138 122 33
138 80 33
138 46 33
139 144 33
139 57 33
140 34 33
141 87 33
141 61 33
141 88 33
141 28 33
141 4 33
142 74 33
142 36 33
143 80 33
143 139 33
143 77 33
144 22 33
144 111 33
144 52 33
145 147 33
146 79 33
147 32 33
147 12 33
147 81 33
147 118 33
147 84 33
148 89 33
148 46 33
149 87 33
149 73 33
149 132 33
149 52 33
149 5 33
150 147 33
1 71 34
2 34 34
3 104 34
3 83 34
5 41 34
5 108 34
7 26 34
7 108 34
9 78 34
10 112 34
10 4 34
11 36 34
12 95 34
13 94 34
14 99 34
14 83 34
15 137 34
15 51 34
16 17 34
17 123 34
18 18 34
19 112 34
19 68 34
23 23 34
24 135 34
25 114 34
26 139 34
28 73 34
28 74 34
29 110 34
31 68 34
31 116 34
32 50 34
33 57 34
33 116 34
33 68 34
33 145 34
35 4 34
38 121 34
38 29 34
39 69 34
40 134 34
40 65 34
40 82 34
42 34 34
44 103 34
44 132 34
46 149 34
47 80 34
51 132 34
52 126 34
52 89 34
53 2 34
54 17 34
54 43 34
56 29 34
56 56 34
56 9 34
60 124 34
62 9 34
64 103 34
65 71 34
67 118 34
68 71 34
71 68 34
73 117 34
74 105 34
75 54 34
76 65 34
76 26 34
76 96 34
76 93 34
79 102 34
80 131 34
80 35 34
80 127 34
81 9 34
82 140 34
83 83 34
83 116 34
83 115 34
83 136 34
85 143 34
85 88 34
87 5 34
88 86 34
90 83 34
90 138 34
90 46 34
90 23 34
90 128 34
91 96 34
93 58 34
93 96 34
94 62 34
95 97 34
97 95 34
98 69 34
98 40 34
99 98 34
101 105 34
104 104 34
107 49 34
107 140 34
107 125 34
108 26 34
110 10 34
110 147 34
111 69 34
111 2 34
112 121 34
114 91 34
115 15 34
115 3 34
115 69 34
116 60 34
117 63 34
119 132 34
122 105 34
123 21 34
124 12 34
126 119 34
128 136 34
129 141 34
129 96 34
131 36 34
136 78 34
138 23 34
138 95 34
145 138 34
147 31 34
148 1 34
148 23 34
149 16 34
23 23 35
55 8 35
73 149 35
115 68 35
1 103 36
19 133 36
22 39 36
23 23 36
28 79 36
31 85 36
43 69 36
49 40 36
68 62 36
73 23 36
77 77 36
80 115 36
112 137 36
139 131 36
139 99 36
148 108 36
150 76 36
6 95 37
9 18 37
9 133 37
13 117 37
23 23 37
32 96 37
38 30 37
54 16 37
91 95 37
124 96 37
