20 110 0
20 129 0
25 45 0
53 32 0
70 72 0
89 137 0
140 123 0
3 3 1
11 101 1
15 147 1
15 37 1
45 80 1
87 95 1
89 67 1
123 86 1
127 140 1
140 84 1
3 36 2
8 8 2
18 7 2
37 51 2
67 50 2
83 95 2
90 45 2
93 84 2
108 51 2
122 62 2
141 75 2
6 99 3
13 98 3
13 9 3
34 129 3
42 144 3
59 70 3
59 13 3
60 43 3
65 15 3
68 109 3
79 26 3
82 125 3
84 135 3
85 53 3
86 117 3
96 22 3
101 93 3
112 28 3
134 40 3
135 79 3
137 46 3
137 73 3
140 13 3
0 123 4
1 146 4
28 42 4
50 128 4
68 6 4
76 49 4
92 19 4
92 54 4
96 95 4
110 36 4
113 120 4
120 42 4
122 49 4
129 36 4
140 88 4
141 110 4
144 122 4
2 2 5
31 94 5
32 34 5
38 25 5
42 150 5
49 6 5
65 88 5
107 84 5
121 107 5
2 2 6
9 107 6
18 43 6
23 149 6
25 86 6
31 123 6
45 50 6
64 104 6
95 86 6
105 90 6
109 50 6
115 25 6
119 3 6
119 106 6
124 23 6
126 12 6
143 27 6
145 140 6
146 119 6
7 7 7
7 111 7
17 133 7
20 20 7
20 120 7
23 23 7
32 87 7
33 115 7
37 3 7
45 31 7
46 39 7
50 105 7
52 10 7
57 78 7
60 73 7
66 41 7
67 5 7
70 25 7
74 45 7
74 16 7
75 13 7
76 139 7
80 105 7
83 90 7
84 135 7
98 130 7
99 111 7
100 27 7
101 134 7
103 116 7
105 46 7
108 98 7
109 144 7
111 119 7
111 63 7
117 147 7
117 6 7
117 137 7
118 44 7
122 50 7
124 79 7
133 85 7
137 91 7
140 138 7
146 139 7
149 104 7
3 3 8
6 41 8
8 8 8
14 131 8
15 94 8
16 0 8
17 6 8
17 131 8
23 11 8
23 23 8
24 49 8
25 136 8
27 123 8
27 87 8
31 12 8
31 66 8
39 91 8
39 102 8
40 42 8
42 150 8
43 121 8
43 68 8
45 145 8
46 47 8
46 142 8
56 73 8
60 147 8
63 110 8
66 12 8
67 112 8
67 2 8
69 84 8
69 96 8
72 117 8
73 62 8
76 93 8
77 11 8
81 73 8
83 85 8
96 82 8
102 63 8
116 141 8
117 107 8
119 37 8
120 109 8
121 91 8
122 58 8
124 22 8
127 4 8
128 16 8
133 11 8
141 150 8
150 121 8
3 88 9
3 63 9
5 61 9
6 129 9
8 8 9
14 30 9
19 3 9
20 5 9
20 139 9
22 144 9
23 23 9
24 50 9
24 86 9
25 129 9
28 51 9
28 132 9
29 29 9
29 19 9
31 16 9
35 60 9
38 3 9
41 69 9
49 103 9
53 27 9
55 21 9
57 107 9
58 110 9
59 105 9
59 141 9
61 92 9
64 65 9
65 54 9
66 96 9
66 120 9
67 97 9
67 63 9
71 59 9
72 144 9
75 58 9
79 16 9
82 86 9
82 122 9
92 66 9
93 38 9
94 130 9
96 128 9
99 112 9
100 104 9
100 125 9
100 146 9
103 120 9
106 112 9
110 96 9
112 49 9
114 20 9
123 83 9
126 140 9
126 105 9
131 13 9
133 61 9
134 84 9
134 62 9
134 31 9
138 7 9
140 114 9
141 120 9
143 138 9
150 65 9
1 17 10
4 20 10
4 87 10
4 40 10
5 32 10
8 115 10
10 10 10
11 98 10
13 26 10
16 150 10
17 17 10
18 38 10
19 66 10
22 10 10
23 23 10
23 96 10
25 32 10
29 29 10
32 101 10
35 137 10
38 135 10
39 113 10
43 43 10
46 120 10
52 29 10
56 11 10
56 130 10
59 142 10
63 40 10
64 117 10
66 42 10
72 150 10
79 28 10
80 88 10
81 53 10
82 69 10
83 106 10
84 14 10
85 134 10
93 121 10
95 23 10
102 83 10
115 3 10
121 45 10
123 79 10
126 62 10
130 80 10
131 127 10
131 93 10
134 41 10
136 2 10
136 4 10
137 99 10
137 76 10
138 116 10
140 98 10
141 27 10
143 89 10
147 116 10
0 0 11
1 16 11
4 66 11
6 145 11
6 142 11
7 7 11
8 76 11
9 86 11
10 10 11
11 101 11
12 97 11
12 30 11
13 104 11
14 99 11
17 17 11
17 46 11
17 110 11
17 113 11
21 36 11
22 72 11
22 65 11
23 23 11
24 70 11
25 35 11
25 16 11
28 127 11
33 107 11
34 131 11
35 19 11
38 109 11
39 83 11
39 119 11
42 8 11
43 112 11
44 124 11
44 110 11
46 97 11
47 69 11
48 62 11
56 94 11
58 137 11
59 82 11
59 40 11
63 98 11
63 95 11
66 143 11
71 92 11
81 69 11
81 0 11
82 12 11
93 45 11
94 25 11
98 20 11
98 13 11
100 50 11
100 116 11
101 133 11
101 32 11
101 84 11
102 30 11
102 78 11
106 98 11
107 101 11
113 98 11
115 15 11
115 65 11
115 33 11
117 142 11
118 15 11
119 43 11
121 25 11
123 29 11
124 12 11
124 66 11
127 43 11
134 57 11
136 17 11
136 47 11
137 26 11
140 66 11
140 127 11
141 147 11
141 26 11
143 21 11
144 77 11
145 62 11
145 100 11
146 136 11
147 54 11
147 12 11
149 97 11
150 123 11
0 23 12
2 39 12
7 7 12
7 4 12
8 91 12
14 98 12
15 36 12
15 18 12
17 17 12
17 88 12
18 18 12
21 84 12
22 133 12
23 23 12
25 115 12
26 35 12
26 147 12
30 148 12
32 34 12
38 109 12
39 120 12
41 113 12
41 81 12
42 148 12
42 114 12
43 43 12
45 21 12
50 8 12
51 25 12
53 42 12
58 109 12
59 57 12
59 84 12
60 69 12
61 147 12
62 4 12
64 61 12
66 141 12
67 137 12
68 17 12
68 13 12
69 66 12
73 139 12
73 86 12
74 89 12
77 24 12
79 78 12
82 41 12
83 52 12
85 120 12
87 20 12
88 106 12
93 51 12
95 140 12
97 61 12
101 0 12
103 117 12
104 121 12
105 33 12
109 129 12
112 90 12
113 103 12
114 1 12
117 148 12
120 128 12
127 111 12
127 141 12
128 35 12
128 63 12
130 102 12
130 83 12
130 119 12
133 9 12
135 92 12
136 42 12
139 125 12
141 84 12
143 29 12
145 31 12
150 98 12
150 110 12
2 2 13
2 115 13
3 16 13
4 138 13
7 7 13
7 28 13
7 111 13
8 8 13
8 146 13
11 27 13
11 145 13
12 94 13
13 87 13
13 34 13
17 67 13
17 43 13
21 85 13
22 42 13
23 23 13
23 135 13
25 25 13
26 26 13
27 98 13
29 61 13
30 75 13
31 138 13
31 121 13
33 82 13
39 106 13
39 79 13
42 65 13
43 43 13
44 119 13
45 127 13
47 121 13
47 43 13
50 57 13
50 43 13
53 145 13
54 95 13
56 65 13
59 98 13
61 67 13
61 30 13
64 55 13
65 149 13
67 48 13
68 65 13
70 46 13
71 41 13
73 19 13
74 147 13
77 77 13
78 149 13
79 142 13
81 126 13
87 17 13
90 76 13
93 49 13
94 116 13
96 59 13
97 126 13
97 18 13
98 22 13
98 141 13
99 32 13
99 112 13
102 9 13
102 116 13
104 85 13
109 147 13
109 136 13
114 108 13
114 61 13
118 99 13
118 126 13
121 76 13
122 150 13
123 8 13
126 62 13
126 100 13
127 132 13
128 67 13
129 46 13
131 121 13
131 102 13
133 48 13
133 20 13
139 90 13
139 104 13
140 141 13
140 72 13
140 101 13
141 93 13
141 52 13
143 4 13
144 49 13
145 49 13
146 150 13
147 46 13
148 15 13
148 89 13
150 113 13
150 92 13
0 0 14
0 73 14
3 78 14
3 132 14
4 15 14
10 10 14
10 150 14
12 77 14
18 18 14
18 34 14
18 141 14
20 56 14
22 113 14
23 23 14
24 74 14
26 26 14
27 27 14
28 136 14
32 53 14
37 34 14
37 84 14
38 67 14
39 27 14
40 34 14
40 140 14
42 99 14
45 15 14
46 131 14
51 17 14
52 136 14
54 14 14
54 70 14
56 0 14
56 63 14
58 125 14
59 139 14
59 47 14
59 140 14
61 5 14
61 110 14
66 43 14
66 127 14
66 115 14
66 10 14
69 12 14
69 109 14
69 118 14
70 4 14
70 100 14
71 121 14
72 91 14
72 20 14
74 67 14
75 32 14
76 56 14
76 123 14
77 77 14
78 78 14
78 129 14
78 55 14
81 10 14
82 40 14
82 4 14
86 98 14
87 67 14
88 106 14
88 53 14
91 144 14
92 10 14
92 71 14
93 1 14
94 90 14
96 58 14
96 64 14
98 134 14
99 109 14
101 93 14
102 144 14
102 11 14
102 48 14
103 11 14
105 64 14
107 69 14
109 55 14
109 59 14
111 41 14
111 126 14
112 120 14
112 64 14
113 58 14
114 91 14
115 27 14
116 56 14
116 150 14
117 90 14
117 19 14
118 94 14
119 93 14
122 22 14
123 77 14
123 88 14
126 91 14
126 29 14
126 10 14
126 49 14
131 119 14
133 38 14
133 75 14
135 76 14
135 126 14
136 149 14
136 78 14
136 27 14
136 60 14
137 1 14
137 128 14
138 47 14
139 87 14
140 18 14
140 67 14
141 114 14
142 112 14
144 5 14
144 100 14
146 45 14
146 136 14
146 48 14
147 95 14
147 64 14
148 22 14
150 29 14
0 0 15
0 75 15
0 145 15
1 51 15
1 5 15
2 33 15
3 3 15
3 138 15
3 59 15
6 96 15
7 29 15
8 52 15
8 106 15
8 147 15
9 123 15
10 10 15
11 53 15
11 117 15
11 104 15
12 19 15
12 82 15
13 50 15
13 148 15
13 31 15
14 13 15
14 86 15
15 98 15
15 104 15
15 138 15
16 16 15
17 120 15
18 16 15
18 88 15
23 23 15
23 56 15
23 96 15
24 81 15
24 90 15
24 116 15
25 25 15
25 53 15
25 73 15
26 26 15
26 123 15
26 72 15
26 101 15
27 27 15
27 3 15
27 2 15
28 75 15
30 101 15
31 8 15
32 76 15
33 113 15
33 108 15
33 19 15
34 86 15
35 125 15
36 83 15
36 112 15
38 39 15
39 41 15
39 118 15
40 11 15
43 73 15
43 108 15
45 45 15
45 60 15
45 128 15
46 34 15
46 140 15
46 69 15
46 9 15
47 115 15
48 68 15
49 9 15
49 35 15
50 47 15
50 48 15
50 41 15
51 111 15
52 125 15
54 80 15
58 86 15
58 30 15
58 91 15
59 28 15
60 110 15
60 105 15
60 148 15
62 98 15
65 111 15
65 64 15
67 68 15
67 102 15
67 82 15
68 68 15
71 97 15
72 76 15
72 7 15
73 77 15
73 36 15
74 150 15
74 62 15
75 38 15
76 92 15
77 77 15
77 7 15
77 47 15
78 63 15
78 131 15
79 39 15
79 1 15
80 14 15
80 114 15
80 70 15
81 81 15
81 104 15
82 94 15
82 57 15
83 98 15
85 147 15
86 120 15
88 148 15
89 4 15
92 81 15
92 66 15
92 45 15
93 122 15
93 142 15
93 137 15
94 67 15
94 134 15
95 82 15
96 64 15
96 125 15
97 137 15
98 58 15
98 60 15
100 2 15
101 76 15
102 86 15
102 39 15
103 33 15
103 64 15
105 15 15
106 107 15
106 31 15
106 55 15
107 60 15
107 18 15
107 116 15
108 130 15
108 43 15
108 23 15
109 43 15
110 94 15
111 39 15
111 75 15
111 50 15
111 40 15
112 101 15
112 133 15
113 115 15
114 50 15
114 75 15
114 150 15
115 124 15
115 26 15
115 101 15
116 30 15
116 148 15
117 57 15
117 29 15
119 118 15
119 19 15
120 51 15
120 125 15
121 5 15
121 101 15
122 97 15
122 99 15
122 57 15
122 138 15
123 86 15
124 69 15
124 4 15
125 146 15
126 106 15
127 103 15
130 113 15
131 32 15
132 5 15
132 81 15
133 25 15
134 21 15
134 135 15
134 48 15
135 111 15
135 76 15
136 14 15
136 25 15
136 24 15
138 147 15
140 16 15
141 110 15
141 144 15
141 118 15
142 27 15
142 141 15
142 131 15
143 147 15
144 134 15
144 79 15
144 74 15
145 68 15
147 92 15
148 3 15
148 122 15
149 0 15
150 102 15
150 10 15
150 64 15
0 96 16
0 118 16
1 7 16
3 15 16
5 48 16
6 86 16
7 7 16
8 86 16
8 81 16
10 10 16
10 109 16
10 21 16
10 82 16
11 64 16
12 61 16
12 77 16
14 78 16
14 105 16
15 115 16
15 147 16
16 104 16
16 3 16
17 51 16
18 18 16
19 19 16
19 77 16
20 124 16
20 139 16
21 21 16
22 97 16
23 23 16
24 17 16
24 80 16
25 25 16
28 60 16
30 132 16
30 84 16
31 12 16
32 106 16
33 21 16
36 36 16
36 106 16
37 56 16
38 139 16
38 54 16
38 1 16
39 8 16
39 104 16
40 13 16
41 68 16
42 144 16
43 116 16
43 36 16
44 57 16
45 45 16
45 85 16
45 80 16
45 127 16
46 78 16
47 105 16
47 81 16
49 92 16
50 16 16
50 135 16
51 144 16
51 145 16
51 131 16
52 35 16
52 21 16
53 16 16
53 114 16
54 85 16
54 23 16
54 98 16
55 12 16
59 107 16
60 39 16
62 61 16
63 107 16
63 105 16
65 102 16
65 113 16
68 31 16
68 0 16
69 138 16
69 14 16
69 79 16
71 148 16
73 99 16
73 130 16
76 131 16
76 68 16
77 77 16
77 108 16
77 56 16
78 52 16
78 86 16
78 10 16
81 81 16
82 64 16
83 83 16
86 138 16
86 31 16
87 138 16
88 86 16
89 79 16
90 119 16
90 66 16
90 129 16
92 39 16
93 125 16
94 149 16
98 37 16
98 74 16
99 118 16
99 39 16
100 5 16
100 137 16
101 68 16
102 112 16
103 140 16
104 149 16
105 36 16
106 33 16
106 9 16
107 145 16
110 105 16
111 119 16
111 32 16
112 65 16
113 82 16
113 33 16
114 95 16
115 47 16
116 81 16
116 119 16
118 93 16
121 44 16
122 124 16
123 69 16
123 18 16
124 127 16
125 108 16
125 34 16
126 74 16
126 40 16
128 90 16
128 82 16
128 54 16
128 118 16
128 136 16
134 35 16
135 128 16
136 142 16
136 139 16
136 93 16
138 141 16
138 26 16
139 35 16
139 146 16
139 2 16
139 6 16
139 63 16
140 28 16
141 110 16
141 14 16
141 63 16
142 23 16
143 70 16
144 119 16
145 114 16
147 85 16
147 34 16
147 56 16
147 83 16
147 49 16
148 134 16
148 20 16
149 142 16
149 100 16
150 74 16
0 0 17
0 108 17
0 33 17
2 2 17
2 137 17
5 50 17
6 70 17
6 127 17
7 7 17
7 129 17
7 94 17
7 108 17
8 128 17
8 13 17
8 17 17
11 16 17
14 116 17
14 111 17
15 42 17
15 106 17
17 87 17
18 18 17
18 132 17
19 19 17
19 20 17
20 29 17
20 44 17
21 21 17
23 82 17
23 23 17
23 20 17
24 17 17
24 64 17
26 26 17
26 11 17
26 99 17
27 72 17
28 128 17
28 41 17
29 29 17
30 62 17
31 86 17
31 49 17
31 26 17
32 115 17
33 112 17
34 34 17
34 142 17
34 128 17
34 103 17
35 142 17
35 43 17
35 20 17
36 6 17
36 100 17
37 3 17
37 55 17
37 125 17
38 31 17
39 60 17
40 11 17
41 90 17
42 104 17
43 43 17
43 2 17
44 144 17
45 45 17
46 147 17
48 76 17
49 144 17
49 99 17
52 42 17
53 130 17
55 57 17
55 59 17
56 140 17
57 147 17
58 95 17
58 124 17
58 76 17
59 31 17
60 4 17
61 94 17
62 62 17
62 135 17
62 4 17
63 25 17
63 36 17
63 73 17
63 41 17
64 0 17
64 84 17
64 60 17
65 45 17
65 145 17
65 11 17
66 83 17
67 30 17
67 25 17
67 57 17
68 0 17
69 14 17
69 134 17
69 29 17
70 109 17
70 67 17
71 97 17
71 32 17
73 57 17
73 22 17
74 74 17
74 36 17
75 87 17
77 77 17
77 56 17
77 113 17
78 13 17
78 9 17
80 42 17
80 57 17
81 81 17
81 13 17
82 52 17
83 46 17
84 50 17
84 4 17
84 102 17
84 48 17
85 59 17
85 81 17
86 64 17
86 11 17
87 66 17
87 28 17
89 89 17
90 76 17
91 61 17
91 131 17
92 138 17
93 145 17
93 85 17
94 90 17
97 35 17
97 23 17
99 29 17
99 80 17
99 66 17
100 100 17
101 105 17
101 45 17
101 56 17
102 139 17
102 78 17
103 1 17
103 51 17
103 78 17
105 39 17
105 146 17
106 118 17
106 21 17
106 64 17
107 38 17
108 6 17
108 3 17
111 113 17
113 35 17
113 130 17
113 29 17
113 129 17
115 12 17
116 38 17
116 91 17
119 55 17
120 19 17
121 39 17
123 2 17
123 26 17
124 58 17
124 110 17
125 142 17
127 100 17
128 17 17
129 20 17
129 24 17
129 136 17
129 138 17
130 19 17
130 119 17
130 18 17
130 72 17
131 87 17
132 29 17
133 4 17
133 3 17
134 1 17
134 129 17
134 51 17
135 101 17
135 121 17
136 30 17
136 52 17
136 12 17
136 44 17
136 108 17
137 81 17
138 12 17
138 62 17
142 29 17
144 150 17
144 79 17
146 139 17
147 146 17
148 43 17
150 89 17
0 123 18
1 148 18
2 50 18
2 87 18
3 86 18
3 6 18
3 101 18
4 26 18
5 106 18
6 6 18
6 109 18
6 88 18
7 7 18
7 12 18
7 120 18
8 8 18
8 43 18
8 25 18
9 147 18
9 116 18
10 10 18
10 143 18
10 14 18
12 3 18
12 0 18
12 137 18
13 13 18
13 0 18
14 45 18
16 24 18
16 122 18
16 60 18
16 126 18
17 17 18
17 137 18
17 146 18
18 18 18
18 130 18
19 19 18
19 33 18
19 58 18
20 20 18
20 147 18
20 112 18
21 22 18
21 21 18
21 130 18
21 77 18
23 23 18
23 125 18
23 81 18
23 133 18
24 26 18
24 31 18
25 127 18
25 120 18
25 9 18
25 94 18
26 26 18
27 27 18
27 36 18
28 39 18
28 56 18
28 1 18
29 29 18
30 75 18
30 76 18
30 78 18
32 100 18
33 28 18
33 16 18
34 73 18
34 120 18
34 77 18
34 86 18
34 49 18
35 124 18
35 86 18
36 89 18
36 82 18
36 96 18
37 90 18
37 59 18
37 43 18
37 61 18
39 39 18
39 17 18
40 35 18
40 16 18
41 42 18
42 67 18
42 115 18
43 7 18
43 146 18
43 38 18
43 95 18
44 72 18
44 123 18
45 45 18
45 19 18
45 43 18
45 79 18
46 59 18
47 18 18
47 27 18
47 97 18
48 27 18
48 107 18
49 95 18
51 141 18
51 122 18
52 18 18
52 75 18
52 63 18
53 145 18
54 6 18
54 108 18
54 69 18
54 7 18
54 71 18
54 4 18
55 20 18
55 143 18
55 38 18
56 94 18
56 117 18
56 29 18
57 112 18
57 83 18
57 92 18
58 150 18
58 64 18
58 75 18
58 36 18
59 46 18
60 12 18
61 61 18
61 146 18
62 148 18
64 64 18
64 132 18
64 6 18
65 46 18
65 20 18
66 145 18
66 35 18
67 6 18
67 108 18
67 83 18
68 122 18
69 36 18
70 9 18
70 66 18
70 107 18
70 58 18
70 32 18
71 71 18
71 67 18
71 135 18
72 69 18
72 32 18
73 117 18
73 149 18
74 146 18
76 25 18
76 146 18
76 57 18
77 77 18
77 55 18
77 73 18
78 2 18
79 51 18
79 105 18
79 29 18
80 95 18
80 106 18
80 66 18
81 81 18
81 108 18
83 83 18
83 10 18
84 40 18
84 30 18
85 6 18
85 88 18
85 124 18
85 3 18
85 112 18
86 25 18
87 8 18
88 29 18
88 37 18
89 89 18
91 69 18
92 28 18
92 113 18
93 58 18
93 78 18
93 7 18
95 67 18
95 10 18
96 46 18
96 98 18
96 20 18
96 77 18
96 38 18
97 10 18
99 139 18
100 27 18
101 56 18
101 113 18
104 91 18
104 61 18
104 88 18
105 70 18
105 40 18
105 124 18
105 75 18
107 131 18
107 22 18
108 112 18
108 47 18
109 37 18
112 126 18
113 128 18
114 49 18
114 82 18
115 0 18
116 32 18
117 140 18
117 105 18
119 71 18
119 57 18
120 49 18
121 15 18
121 28 18
122 33 18
122 136 18
123 2 18
123 113 18
123 126 18
123 34 18
123 137 18
124 62 18
124 147 18
125 59 18
125 68 18
125 150 18
127 1 18
128 12 18
129 65 18
130 20 18
130 49 18
131 63 18
131 27 18
132 150 18
132 95 18
132 119 18
133 135 18
134 133 18
134 23 18
134 11 18
134 41 18
134 36 18
134 1 18
134 97 18
135 7 18
136 139 18
137 110 18
137 85 18
137 87 18
138 91 18
139 141 18
139 116 18
140 142 18
141 126 18
141 9 18
142 133 18
144 83 18
145 18 18
145 22 18
146 0 18
147 148 18
147 31 18
147 58 18
148 90 18
149 115 18
150 94 18
150 0 18
0 0 19
1 104 19
1 47 19
1 129 19
3 3 19
4 68 19
4 120 19
4 19 19
5 19 19
6 19 19
7 36 19
7 23 19
8 8 19
8 132 19
8 92 19
9 8 19
9 63 19
10 10 19
10 77 19
11 115 19
11 148 19
11 10 19
13 13 19
13 82 19
13 148 19
14 119 19
15 23 19
16 36 19
17 17 19
17 148 19
17 92 19
18 63 19
18 84 19
19 45 19
19 74 19
19 138 19
19 58 19
20 20 19
20 35 19
21 107 19
21 48 19
22 22 19
22 85 19
22 143 19
23 23 19
23 90 19
23 78 19
24 57 19
24 63 19
25 25 19
26 26 19
26 128 19
27 69 19
27 0 19
28 94 19
28 46 19
28 56 19
30 60 19
31 134 19
32 134 19
33 111 19
33 121 19
34 53 19
35 140 19
35 38 19
35 102 19
36 8 19
37 1 19
37 20 19
37 47 19
38 136 19
38 3 19
39 39 19
39 48 19
40 6 19
42 28 19
43 43 19
43 148 19
45 45 19
45 90 19
45 35 19
46 19 19
46 30 19
46 16 19
47 50 19
47 22 19
47 115 19
48 90 19
49 146 19
49 57 19
49 116 19
49 58 19
50 101 19
50 146 19
52 136 19
53 93 19
54 81 19
54 60 19
55 103 19
56 56 19
57 103 19
58 83 19
58 136 19
59 39 19
59 92 19
61 63 19
61 115 19
62 62 19
62 101 19
62 56 19
62 51 19
63 60 19
63 32 19
64 41 19
64 13 19
64 28 19
65 24 19
66 9 19
67 67 19
67 45 19
67 5 19
67 20 19
68 109 19
69 12 19
69 89 19
69 137 19
71 37 19
73 147 19
73 61 19
74 41 19
74 15 19
75 53 19
76 57 19
77 77 19
77 76 19
77 103 19
77 142 19
78 21 19
81 29 19
81 114 19
82 102 19
82 122 19
82 70 19
83 148 19
83 41 19
83 61 19
84 101 19
84 23 19
85 115 19
85 92 19
85 126 19
86 124 19
86 16 19
87 98 19
88 88 19
88 38 19
89 89 19
90 36 19
91 121 19
92 74 19
92 140 19
92 70 19
93 31 19
94 83 19
95 3 19
95 144 19
96 97 19
96 62 19
97 21 19
98 66 19
98 122 19
99 93 19
99 92 19
100 46 19
101 145 19
101 74 19
102 86 19
102 113 19
103 16 19
105 129 19
106 134 19
106 39 19
107 21 19
107 117 19
107 28 19
108 86 19
108 88 19
109 39 19
110 123 19
111 7 19
111 135 19
111 57 19
111 70 19
111 120 19
112 39 19
113 133 19
113 123 19
114 149 19
114 107 19
115 35 19
116 77 19
117 69 19
117 124 19
117 128 19
118 28 19
118 46 19
119 32 19
119 55 19
120 69 19
121 94 19
123 8 19
123 16 19
125 104 19
125 101 19
125 34 19
126 117 19
126 21 19
126 124 19
127 106 19
128 119 19
128 64 19
130 49 19
131 54 19
131 140 19
131 82 19
131 141 19
132 14 19
132 150 19
132 24 19
133 99 19
133 71 19
133 91 19
134 39 19
135 52 19
135 45 19
136 149 19
136 135 19
137 69 19
138 36 19
138 84 19
142 124 19
144 7 19
145 55 19
145 134 19
146 49 19
146 83 19
147 38 19
148 150 19
148 126 19
1 96 20
1 71 20
1 73 20
3 87 20
4 39 20
4 102 20
4 138 20
4 110 20
5 61 20
6 107 20
6 135 20
7 76 20
7 144 20
7 107 20
8 87 20
9 4 20
10 10 20
10 13 20
12 56 20
12 88 20
12 87 20
13 145 20
13 37 20
13 61 20
16 40 20
16 145 20
16 91 20
17 75 20
17 27 20
17 150 20
18 18 20
18 23 20
18 84 20
19 19 20
19 89 20
20 20 20
20 108 20
20 142 20
21 21 20
21 122 20
23 23 20
23 49 20
23 131 20
24 14 20
24 89 20
24 34 20
25 64 20
26 26 20
26 70 20
26 83 20
27 27 20
27 54 20
27 103 20
28 19 20
29 145 20
30 46 20
33 85 20
33 110 20
33 114 20
35 114 20
36 130 20
37 74 20
37 101 20
37 62 20
37 41 20
37 43 20
38 61 20
38 140 20
39 39 20
39 74 20
39 114 20
40 90 20
42 140 20
42 64 20
43 76 20
43 118 20
43 51 20
45 45 20
45 75 20
45 6 20
47 68 20
48 118 20
48 66 20
49 89 20
50 104 20
51 115 20
52 138 20
52 105 20
53 79 20
54 5 20
54 34 20
56 44 20
57 107 20
58 1 20
59 118 20
60 25 20
60 68 20
60 113 20
61 66 20
61 13 20
62 62 20
62 112 20
64 73 20
64 150 20
64 49 20
65 69 20
66 77 20
67 29 20
67 147 20
67 5 20
67 144 20
67 128 20
68 15 20
69 150 20
70 141 20
74 97 20
75 51 20
75 127 20
77 77 20
80 124 20
80 53 20
81 130 20
81 106 20
83 83 20
83 89 20
84 123 20
84 18 20
85 90 20
85 35 20
86 7 20
87 6 20
87 115 20
87 5 20
88 145 20
89 89 20
89 107 20
89 18 20
90 125 20
90 122 20
91 135 20
91 117 20
92 85 20
92 142 20
93 83 20
93 66 20
94 31 20
96 42 20
96 74 20
97 143 20
99 117 20
99 112 20
100 34 20
100 127 20
101 10 20
101 148 20
101 132 20
102 47 20
102 138 20
103 115 20
103 50 20
106 49 20
107 96 20
107 137 20
107 6 20
109 2 20
110 130 20
110 43 20
111 32 20
111 102 20
111 51 20
111 44 20
111 53 20
113 74 20
113 83 20
113 98 20
114 87 20
114 105 20
115 27 20
117 105 20
117 118 20
118 108 20
118 69 20
118 148 20
119 125 20
121 105 20
122 59 20
123 59 20
123 78 20
124 101 20
125 112 20
125 67 20
126 0 20
126 5 20
127 108 20
127 73 20
128 67 20
129 100 20
130 11 20
130 45 20
131 97 20
131 41 20
131 38 20
132 115 20
133 92 20
133 149 20
134 54 20
135 10 20
137 55 20
138 11 20
139 145 20
140 70 20
141 123 20
142 145 20
142 55 20
143 105 20
144 57 20
144 121 20
145 150 20
146 5 20
146 139 20
147 114 20
149 66 20
149 101 20
150 123 20
0 0 21
0 95 21
1 4 21
2 2 21
2 31 21
2 95 21
2 72 21
2 133 21
3 3 21
3 14 21
4 91 21
4 79 21
4 42 21
6 18 21
7 1 21
7 117 21
8 106 21
8 142 21
8 71 21
9 19 21
9 124 21
9 59 21
10 127 21
10 26 21
11 16 21
11 43 21
11 20 21
12 26 21
14 112 21
15 139 21
16 74 21
17 62 21
17 116 21
17 79 21
18 130 21
18 111 21
19 80 21
20 109 21
21 21 21
22 67 21
22 104 21
23 43 21
23 8 21
23 5 21
23 53 21
24 25 21
25 31 21
25 42 21
25 1 21
25 78 21
26 26 21
27 27 21
27 147 21
27 148 21
28 3 21
29 33 21
29 112 21
30 61 21
30 31 21
30 42 21
31 115 21
31 145 21
31 135 21
31 64 21
32 121 21
32 52 21
33 40 21
34 74 21
34 115 21
35 64 21
36 61 21
37 131 21
37 98 21
38 39 21
39 39 21
40 148 21
41 60 21
41 55 21
41 129 21
43 89 21
43 70 21
44 14 21
45 45 21
45 16 21
46 7 21
47 50 21
48 12 21
48 16 21
49 99 21
50 109 21
50 122 21
50 88 21
50 135 21
52 104 21
52 128 21
52 54 21
52 1 21
53 109 21
53 37 21
54 54 21
54 96 21
54 111 21
56 71 21
57 85 21
57 100 21
57 93 21
57 138 21
58 86 21
59 58 21
60 96 21
60 130 21
61 78 21
62 19 21
62 3 21
62 76 21
63 17 21
63 10 21
63 92 21
63 76 21
64 82 21
65 123 21
67 49 21
67 90 21
67 96 21
68 142 21
69 1 21
69 129 21
69 76 21
69 57 21
69 72 21
70 114 21
71 114 21
72 139 21
72 33 21
72 142 21
73 41 21
73 141 21
74 147 21
75 30 21
75 119 21
75 73 21
76 17 21
76 48 21
77 77 21
77 136 21
77 42 21
78 78 21
78 72 21
79 14 21
79 71 21
80 10 21
81 78 21
81 128 21
81 99 21
82 44 21
82 126 21
83 83 21
83 2 21
83 122 21
84 68 21
84 124 21
86 95 21
86 15 21
87 21 21
88 88 21
89 103 21
89 97 21
89 89 21
89 143 21
89 95 21
89 78 21
90 135 21
91 150 21
92 107 21
92 116 21
93 120 21
94 69 21
94 23 21
95 40 21
97 113 21
97 26 21
97 36 21
98 37 21
98 94 21
98 1 21
99 117 21
99 30 21
99 34 21
99 82 21
100 59 21
101 12 21
101 16 21
101 75 21
102 124 21
103 46 21
104 55 21
104 122 21
104 26 21
105 1 21
105 3 21
105 23 21
106 111 21
106 95 21
106 58 21
106 131 21
106 115 21
106 135 21
107 149 21
108 123 21
108 109 21
108 111 21
109 51 21
109 83 21
109 3 21
109 144 21
110 21 21
111 43 21
111 125 21
111 24 21
113 21 21
113 142 21
113 75 21
114 17 21
114 78 21
114 89 21
115 29 21
115 51 21
116 30 21
117 13 21
117 77 21
117 23 21
119 2 21
119 86 21
120 110 21
120 107 21
121 135 21
121 37 21
123 66 21
123 34 21
124 90 21
125 107 21
126 57 21
126 3 21
128 100 21
128 95 21
129 14 21
130 149 21
131 15 21
132 7 21
132 4 21
132 88 21
132 110 21
133 120 21
133 30 21
133 39 21
133 144 21
133 75 21
134 104 21
135 125 21
137 41 21
138 82 21
138 146 21
140 58 21
141 39 21
141 78 21
141 148 21
142 137 21
142 63 21
142 113 21
144 141 21
144 145 21
144 0 21
145 112 21
145 49 21
146 44 21
147 97 21
149 111 21
0 87 22
0 63 22
0 65 22
0 76 22
1 77 22
2 2 22
2 103 22
2 145 22
2 140 22
3 10 22
4 114 22
4 92 22
5 57 22
5 11 22
5 134 22
5 45 22
6 80 22
7 7 22
7 9 22
7 104 22
8 138 22
8 142 22
9 127 22
9 59 22
9 43 22
10 10 22
10 44 22
10 71 22
10 64 22
12 40 22
12 69 22
12 55 22
12 130 22
13 4 22
14 74 22
14 25 22
14 77 22
15 140 22
15 145 22
16 120 22
16 149 22
16 146 22
18 18 22
18 28 22
19 19 22
19 74 22
20 4 22
21 21 22
21 91 22
21 11 22
22 22 22
24 21 22
25 25 22
25 11 22
25 80 22
26 26 22
26 113 22
26 85 22
26 31 22
27 27 22
27 114 22
27 22 22
27 108 22
27 85 22
28 28 22
29 29 22
29 134 22
29 65 22
29 14 22
30 43 22
30 91 22
31 94 22
33 84 22
34 103 22
35 62 22
35 43 22
36 130 22
36 26 22
37 83 22
38 4 22
38 51 22
39 39 22
39 16 22
39 44 22
39 34 22
40 76 22
40 62 22
41 50 22
41 31 22
42 90 22
42 115 22
42 60 22
42 117 22
42 126 22
42 135 22
43 141 22
43 79 22
44 47 22
45 45 22
46 43 22
46 52 22
47 105 22
47 10 22
48 64 22
49 8 22
49 90 22
50 61 22
50 65 22
51 148 22
51 70 22
52 32 22
52 128 22
52 65 22
54 120 22
55 84 22
55 105 22
55 89 22
56 146 22
56 20 22
56 102 22
58 33 22
58 147 22
58 126 22
59 141 22
59 60 22
59 23 22
60 34 22
61 118 22
61 90 22
61 3 22
62 145 22
62 80 22
62 43 22
62 115 22
64 64 22
64 126 22
64 13 22
64 8 22
65 95 22
65 39 22
65 59 22
66 7 22
66 136 22
67 27 22
67 136 22
68 123 22
68 1 22
68 39 22
69 51 22
69 17 22
69 98 22
70 8 22
71 64 22
71 100 22
72 24 22
72 62 22
74 67 22
74 52 22
75 2 22
75 125 22
77 77 22
77 127 22
77 17 22
77 1 22
78 78 22
78 81 22
78 28 22
78 130 22
79 66 22
79 93 22
79 56 22
80 128 22
80 91 22
80 123 22
81 112 22
81 9 22
81 18 22
81 22 22
81 88 22
82 36 22
83 83 22
83 63 22
83 46 22
86 37 22
86 39 22
86 132 22
87 148 22
87 129 22
87 150 22
89 55 22
92 138 22
92 64 22
92 132 22
93 68 22
93 122 22
93 128 22
94 114 22
95 29 22
96 6 22
97 88 22
97 133 22
98 90 22
99 54 22
101 132 22
101 58 22
103 39 22
104 87 22
105 12 22
105 76 22
107 93 22
107 22 22
109 73 22
109 59 22
111 55 22
112 15 22
113 89 22
114 56 22
115 115 22
115 126 22
115 75 22
116 125 22
118 113 22
118 5 22
119 32 22
119 137 22
120 67 22
120 139 22
120 50 22
120 68 22
121 123 22
122 4 22
124 83 22
125 109 22
126 62 22
127 94 22
129 88 22
129 76 22
129 23 22
133 136 22
133 102 22
133 99 22
134 144 22
135 67 22
135 46 22
135 105 22
136 48 22
136 4 22
137 73 22
137 146 22
137 13 22
137 141 22
137 143 22
138 12 22
138 122 22
138 53 22
139 72 22
141 28 22
143 54 22
143 65 22
143 76 22
144 96 22
144 130 22
145 53 22
146 68 22
146 130 22
147 25 22
148 90 22
148 1 22
148 129 22
148 19 22
148 87 22
149 121 22
149 13 22
149 150 22
0 53 23
1 31 23
1 136 23
2 31 23
2 134 23
2 33 23
2 42 23
2 126 23
2 98 23
3 37 23
3 126 23
3 102 23
3 27 23
4 1 23
4 24 23
4 88 23
7 7 23
7 127 23
8 8 23
8 118 23
8 62 23
8 80 23
8 15 23
8 10 23
9 49 23
9 132 23
10 10 23
10 49 23
10 145 23
11 143 23
12 4 23
12 51 23
12 115 23
13 31 23
13 80 23
13 139 23
14 50 23
14 146 23
14 2 23
15 30 23
15 128 23
15 114 23
15 80 23
15 32 23
15 130 23
16 18 23
16 6 23
16 55 23
16 59 23
17 5 23
17 86 23
17 81 23
19 19 23
19 89 23
19 149 23
20 20 23
20 32 23
21 40 23
21 86 23
21 66 23
22 22 23
22 46 23
22 77 23
23 53 23
23 97 23
23 82 23
24 60 23
24 116 23
25 0 23
26 26 23
26 129 23
27 74 23
27 52 23
27 42 23
27 0 23
28 53 23
29 29 23
29 36 23
31 89 23
31 37 23
31 129 23
32 7 23
32 127 23
33 19 23
33 110 23
34 15 23
34 126 23
34 134 23
34 83 23
35 27 23
36 131 23
36 81 23
37 20 23
37 41 23
38 70 23
38 147 23
38 142 23
38 114 23
39 16 23
39 39 23
39 126 23
40 124 23
40 67 23
40 24 23
40 125 23
40 64 23
41 15 23
41 27 23
42 124 23
43 24 23
43 19 23
44 23 23
44 79 23
45 45 23
45 36 23
45 56 23
46 73 23
47 84 23
47 33 23
47 116 23
48 32 23
49 106 23
49 41 23
50 121 23
50 132 23
51 42 23
51 0 23
52 37 23
52 55 23
53 132 23
54 54 23
54 27 23
54 93 23
55 120 23
55 83 23
56 106 23
57 72 23
59 47 23
59 84 23
60 91 23
61 61 23
61 100 23
61 107 23
61 97 23
62 113 23
63 61 23
63 77 23
64 124 23
64 69 23
65 121 23
66 28 23
66 131 23
66 120 23
66 101 23
66 90 23
67 132 23
67 18 23
68 112 23
68 43 23
68 46 23
69 87 23
70 73 23
70 124 23
70 137 23
70 90 23
71 51 23
71 145 23
71 106 23
71 82 23
71 53 23
72 28 23
73 146 23
74 75 23
74 73 23
75 21 23
75 149 23
76 120 23
76 88 23
76 83 23
76 44 23
76 38 23
77 77 23
77 96 23
77 147 23
77 146 23
77 150 23
78 132 23
78 80 23
78 9 23
79 36 23
79 45 23
79 2 23
79 38 23
80 53 23
80 48 23
80 25 23
81 61 23
81 14 23
82 14 23
83 83 23
83 119 23
83 67 23
84 35 23
84 118 23
84 127 23
84 46 23
85 129 23
86 58 23
86 137 23
86 114 23
86 6 23
86 119 23
87 21 23
88 136 23
88 135 23
90 10 23
90 144 23
90 71 23
91 57 23
91 147 23
92 16 23
92 99 23
92 37 23
92 102 23
93 144 23
93 9 23
93 102 23
93 83 23
93 48 23
93 108 23
94 48 23
94 87 23
95 124 23
95 17 23
95 127 23
96 33 23
96 37 23
96 115 23
98 73 23
98 100 23
98 20 23
98 150 23
99 79 23
99 28 23
99 121 23
100 52 23
101 13 23
101 1 23
102 128 23
102 6 23
102 122 23
102 85 23
102 57 23
102 101 23
102 35 23
103 50 23
103 86 23
103 48 23
103 132 23
103 140 23
104 131 23
104 114 23
105 50 23
106 80 23
107 57 23
107 79 23
107 13 23
107 77 23
110 149 23
110 22 23
111 95 23
111 74 23
111 13 23
111 106 23
112 96 23
113 113 23
113 51 23
113 9 23
113 69 23
114 136 23
114 107 23
114 79 23
114 121 23
115 115 23
115 96 23
115 11 23
116 93 23
117 117 23
117 73 23
117 48 23
117 131 23
118 139 23
118 4 23
120 124 23
120 58 23
120 114 23
121 26 23
122 115 23
122 111 23
123 26 23
123 109 23
123 127 23
123 71 23
124 147 23
124 146 23
124 143 23
124 83 23
124 64 23
125 39 23
125 76 23
126 25 23
127 35 23
127 11 23
127 62 23
127 96 23
128 53 23
128 141 23
128 112 23
129 70 23
129 114 23
129 7 23
131 110 23
132 141 23
132 66 23
133 86 23
133 21 23
133 89 23
133 19 23
134 32 23
134 144 23
134 118 23
135 62 23
135 16 23
135 118 23
135 87 23
136 32 23
136 4 23
136 120 23
136 132 23
136 122 23
138 64 23
139 119 23
139 142 23
140 23 23
141 130 23
142 100 23
142 95 23
143 132 23
143 33 23
144 40 23
144 58 23
145 84 23
145 138 23
145 45 23
145 150 23
145 15 23
146 31 23
146 17 23
146 78 23
147 71 23
148 135 23
148 107 23
149 35 23
149 142 23
149 138 23
149 133 23
150 148 23
0 89 24
0 91 24
0 71 24
0 42 24
1 0 24
1 5 24
1 37 24
1 82 24
1 128 24
1 109 24
2 2 24
2 118 24
2 120 24
3 93 24
4 37 24
5 76 24
6 61 24
6 102 24
7 81 24
7 41 24
8 8 24
9 14 24
9 41 24
9 106 24
10 10 24
10 104 24
10 108 24
10 5 24
10 112 24
10 87 24
11 139 24
11 45 24
13 51 24
13 90 24
13 134 24
13 111 24
14 91 24
14 47 24
15 9 24
16 97 24
16 40 24
17 14 24
17 23 24
17 45 24
18 17 24
18 123 24
18 58 24
18 75 24
18 42 24
18 117 24
18 0 24
19 19 24
19 106 24
19 12 24
19 137 24
20 33 24
22 140 24
22 107 24
22 116 24
22 97 24
22 30 24
23 123 24
24 67 24
24 117 24
25 116 24
25 129 24
26 26 24
26 16 24
26 85 24
26 120 24
27 114 24
27 29 24
28 28 24
28 56 24
28 14 24
29 147 24
30 80 24
31 31 24
31 146 24
32 32 24
32 142 24
32 127 24
32 71 24
33 42 24
33 19 24
33 107 24
33 102 24
33 2 24
33 109 24
34 78 24
35 104 24
35 13 24
36 150 24
36 142 24
36 103 24
37 143 24
37 86 24
37 84 24
38 36 24
38 5 24
39 19 24
39 39 24
39 67 24
40 44 24
40 19 24
41 23 24
41 105 24
42 85 24
42 33 24
42 112 24
43 54 24
43 81 24
43 94 24
43 57 24
44 83 24
44 32 24
44 59 24
45 45 24
45 104 24
45 27 24
46 121 24
46 98 24
46 10 24
47 140 24
47 102 24
47 120 24
47 41 24
48 65 24
48 135 24
48 121 24
49 79 24
50 42 24
50 136 24
51 100 24
52 15 24
52 146 24
53 102 24
53 124 24
54 109 24
54 99 24
55 33 24
55 107 24
55 58 24
56 56 24
56 147 24
56 78 24
57 98 24
57 93 24
58 108 24
58 116 24
59 4 24
59 120 24
59 92 24
60 23 24
60 54 24
60 90 24
61 95 24
61 19 24
61 140 24
61 73 24
61 11 24
62 150 24
62 102 24
62 115 24
63 10 24
63 119 24
64 64 24
64 11 24
64 79 24
64 24 24
64 148 24
64 59 24
65 54 24
65 26 24
65 100 24
65 95 24
65 112 24
65 79 24
65 139 24
66 101 24
67 33 24
68 68 24
68 143 24
69 69 24
70 67 24
70 14 24
70 144 24
71 6 24
71 24 24
71 52 24
72 4 24
72 116 24
73 111 24
74 79 24
75 12 24
75 11 24
75 114 24
75 42 24
75 101 24
76 76 24
76 83 24
76 142 24
77 77 24
77 40 24
77 2 24
79 26 24
80 74 24
80 68 24
80 6 24
81 59 24
81 64 24
81 15 24
82 15 24
82 129 24
82 103 24
83 83 24
83 139 24
85 109 24
85 94 24
86 1 24
87 92 24
87 20 24
87 95 24
88 88 24
88 86 24
88 68 24
88 39 24
89 138 24
89 87 24
90 142 24
91 112 24
91 8 24
91 105 24
92 50 24
92 134 24
93 82 24
94 135 24
94 116 24
94 17 24
95 125 24
95 82 24
96 2 24
97 132 24
97 10 24
98 21 24
100 122 24
100 129 24
101 140 24
101 0 24
101 12 24
102 32 24
103 41 24
104 84 24
104 68 24
104 105 24
104 122 24
105 63 24
105 3 24
105 123 24
105 135 24
105 144 24
106 59 24
106 68 24
106 131 24
106 117 24
106 85 24
106 42 24
106 0 24
107 80 24
107 8 24
107 109 24
108 30 24
108 33 24
109 112 24
109 132 24
109 86 24
109 99 24
109 117 24
109 71 24
110 77 24
110 86 24
111 76 24
111 148 24
111 120 24
111 124 24
112 70 24
112 26 24
112 25 24
113 3 24
113 16 24
113 126 24
113 139 24
113 74 24
114 8 24
115 115 24
116 49 24
116 109 24
116 84 24
116 101 24
117 5 24
117 64 24
117 29 24
117 80 24
117 42 24
118 111 24
118 63 24
118 49 24
119 84 24
119 102 24
120 110 24
120 132 24
121 150 24
122 54 24
123 62 24
124 6 24
124 94 24
124 74 24
124 129 24
125 95 24
125 113 24
126 94 24
126 139 24
127 127 24
127 85 24
128 71 24
129 111 24
130 15 24
130 80 24
131 22 24
131 73 24
131 99 24
132 118 24
132 96 24
133 6 24
134 33 24
135 43 24
136 137 24
136 113 24
136 80 24
138 146 24
138 141 24
139 88 24
140 129 24
140 58 24
141 132 24
142 31 24
142 137 24
142 132 24
143 73 24
145 149 24
146 67 24
146 14 24
146 124 24
147 59 24
147 16 24
148 132 24
148 121 24
149 105 24
149 86 24
149 122 24
149 19 24
150 52 24
150 106 24
0 78 25
0 30 25
0 50 25
0 38 25
0 85 25
1 1 25
1 142 25
1 16 25
2 50 25
2 31 25
2 8 25
2 37 25
2 21 25
2 62 25
3 3 25
3 147 25
3 55 25
4 128 25
5 3 25
5 114 25
7 78 25
7 32 25
8 64 25
8 75 25
8 56 25
9 138 25
9 128 25
10 10 25
10 104 25
10 8 25
10 28 25
10 60 25
11 128 25
11 148 25
12 0 25
13 20 25
15 46 25
16 67 25
17 116 25
17 72 25
18 91 25
19 88 25
20 57 25
22 106 25
23 23 25
23 111 25
23 24 25
23 106 25
23 101 25
23 130 25
24 32 25
24 91 25
24 54 25
26 75 25
26 34 25
28 128 25
28 27 25
28 148 25
28 90 25
29 148 25
29 110 25
30 58 25
30 69 25
33 91 25
33 35 25
34 76 25
34 87 25
34 135 25
34 54 25
34 35 25
35 99 25
35 148 25
35 49 25
36 64 25
36 110 25
37 140 25
38 9 25
39 39 25
39 16 25
39 31 25
40 50 25
40 43 25
40 0 25
41 22 25
42 66 25
42 79 25
42 58 25
43 70 25
44 139 25
45 45 25
45 73 25
45 15 25
45 108 25
47 143 25
47 96 25
49 69 25
50 125 25
50 149 25
51 86 25
52 147 25
53 0 25
53 88 25
54 140 25
54 85 25
54 111 25
56 56 25
56 3 25
56 96 25
56 130 25
58 81 25
58 130 25
60 80 25
61 138 25
61 18 25
61 132 25
62 98 25
63 135 25
64 102 25
65 90 25
65 9 25
68 68 25
68 86 25
68 51 25
68 145 25
69 12 25
69 45 25
70 38 25
70 3 25
70 12 25
71 142 25
72 40 25
74 92 25
75 61 25
75 150 25
77 77 25
77 20 25
78 13 25
78 42 25
78 140 25
78 30 25
78 50 25
79 135 25
79 82 25
81 89 25
81 72 25
81 145 25
81 104 25
81 3 25
82 64 25
83 83 25
83 80 25
83 20 25
84 125 25
84 105 25
86 124 25
86 130 25
87 64 25
87 98 25
88 88 25
88 35 25
88 37 25
88 119 25
88 116 25
89 137 25
89 121 25
90 34 25
90 77 25
91 123 25
92 134 25
93 68 25
94 82 25
95 72 25
95 47 25
95 1 25
96 28 25
96 86 25
96 65 25
97 5 25
99 117 25
99 94 25
100 85 25
100 62 25
100 63 25
102 57 25
102 45 25
102 26 25
102 101 25
103 25 25
103 57 25
104 128 25
105 63 25
105 38 25
105 115 25
106 94 25
107 88 25
107 78 25
107 87 25
107 102 25
108 21 25
109 28 25
110 130 25
110 123 25
110 149 25
110 34 25
111 74 25
112 95 25
113 99 25
114 81 25
114 60 25
114 142 25
114 82 25
116 27 25
117 100 25
118 97 25
118 53 25
118 93 25
119 64 25
119 109 25
119 90 25
120 148 25
120 134 25
122 78 25
122 18 25
122 137 25
124 124 25
124 29 25
124 145 25
125 59 25
125 97 25
126 144 25
126 29 25
126 38 25
126 131 25
127 127 25
128 34 25
129 63 25
129 7 25
129 71 25
130 92 25
130 140 25
130 73 25
132 47 25
132 106 25
132 53 25
132 37 25
132 21 25
132 85 25
133 49 25
133 53 25
135 118 25
136 143 25
138 114 25
139 102 25
141 20 25
141 4 25
143 48 25
143 70 25
144 99 25
144 28 25
145 35 25
145 136 25
146 33 25
146 53 25
146 34 25
147 39 25
147 142 25
147 80 25
147 27 25
147 148 25
147 150 25
148 88 25
149 38 25
150 98 25
0 24 26
1 88 26
1 118 26
2 97 26
2 147 26
2 92 26
2 122 26
3 24 26
4 52 26
5 3 26
5 30 26
5 39 26
5 69 26
5 118 26
8 27 26
8 8 26
8 123 26
8 31 26
8 79 26
9 64 26
9 13 26
12 75 26
12 32 26
13 131 26
13 45 26
14 15 26
15 142 26
15 87 26
17 17 26
17 132 26
17 147 26
18 18 26
19 98 26
20 75 26
21 28 26
22 22 26
22 49 26
23 25 26
23 34 26
23 84 26
23 110 26
24 129 26
24 37 26
25 143 26
25 35 26
25 131 26
26 134 26
26 127 26
27 71 26
28 43 26
29 113 26
29 101 26
30 82 26
30 112 26
30 92 26
31 74 26
31 73 26
32 84 26
32 34 26
33 56 26
33 12 26
34 140 26
34 114 26
34 123 26
35 108 26
35 77 26
35 29 26
36 36 26
36 47 26
37 28 26
37 117 26
38 55 26
38 128 26
38 77 26
39 83 26
39 107 26
39 54 26
41 92 26
41 103 26
41 64 26
41 18 26
42 141 26
42 129 26
43 114 26
43 104 26
43 113 26
44 93 26
44 71 26
44 112 26
44 43 26
45 8 26
45 45 26
45 10 26
45 117 26
46 2 26
46 91 26
46 21 26
46 87 26
46 71 26
47 126 26
47 73 26
47 90 26
48 45 26
48 118 26
48 20 26
49 3 26
50 51 26
50 64 26
50 41 26
52 23 26
52 89 26
53 64 26
53 76 26
54 95 26
54 112 26
54 11 26
54 114 26
55 102 26
55 27 26
56 56 26
56 59 26
56 99 26
57 35 26
57 128 26
58 118 26
59 52 26
60 93 26
60 106 26
61 27 26
61 74 26
61 92 26
62 62 26
62 80 26
63 95 26
63 81 26
64 9 26
64 45 26
64 109 26
65 111 26
66 23 26
66 54 26
66 15 26
67 148 26
68 72 26
68 30 26
69 51 26
70 51 26
70 12 26
70 14 26
70 117 26
71 13 26
73 71 26
73 77 26
74 148 26
74 71 26
75 71 26
75 104 26
76 45 26
76 109 26
76 32 26
77 100 26
79 69 26
80 37 26
80 71 26
80 63 26
81 132 26
82 26 26
82 77 26
83 83 26
83 114 26
84 143 26
84 118 26
85 59 26
85 97 26
85 74 26
85 37 26
87 75 26
87 105 26
87 143 26
88 115 26
89 32 26
90 30 26
90 82 26
90 114 26
90 56 26
91 27 26
91 74 26
92 8 26
92 141 26
93 4 26
95 29 26
95 65 26
95 24 26
96 131 26
96 101 26
96 69 26
97 49 26
99 119 26
101 115 26
101 125 26
102 53 26
102 147 26
102 133 26
103 102 26
103 24 26
104 62 26
104 69 26
105 14 26
105 23 26
106 118 26
106 129 26
106 42 26
106 87 26
106 41 26
107 23 26
107 130 26
107 114 26
108 43 26
108 29 26
108 22 26
109 108 26
109 5 26
109 121 26
109 15 26
110 111 26
110 140 26
111 23 26
111 3 26
112 148 26
112 136 26
112 137 26
113 71 26
113 79 26
114 74 26
114 19 26
114 85 26
114 141 26
115 121 26
115 139 26
116 134 26
116 9 26
117 59 26
117 43 26
118 21 26
118 94 26
119 59 26
119 79 26
119 72 26
119 67 26
119 99 26
120 6 26
121 71 26
121 107 26
121 10 26
122 104 26
122 118 26
123 36 26
124 58 26
124 76 26
124 96 26
125 9 26
125 127 26
125 95 26
127 127 26
128 26 26
128 115 26
130 52 26
130 79 26
130 88 26
131 35 26
131 80 26
131 144 26
131 93 26
132 58 26
132 3 26
132 55 26
133 17 26
133 145 26
133 140 26
134 39 26
134 13 26
136 143 26
136 124 26
136 128 26
137 142 26
137 98 26
138 94 26
138 39 26
138 148 26
138 145 26
138 62 26
139 53 26
139 116 26
139 3 26
140 91 26
140 50 26
141 65 26
142 142 26
142 128 26
142 15 26
142 38 26
143 143 26
143 150 26
144 22 26
144 63 26
145 126 26
146 30 26
146 149 26
147 46 26
148 95 26
148 115 26
149 28 26
150 85 26
150 71 26
0 89 27
1 39 27
1 138 27
2 13 27
2 3 27
2 21 27
2 124 27
2 58 27
2 62 27
2 28 27
3 3 27
3 103 27
3 11 27
3 52 27
3 61 27
4 68 27
4 33 27
4 73 27
4 115 27
5 90 27
5 112 27
5 139 27
5 13 27
6 116 27
6 140 27
7 20 27
7 40 27
8 8 27
9 29 27
9 54 27
10 10 27
10 113 27
10 108 27
10 126 27
11 89 27
11 60 27
11 118 27
13 91 27
13 39 27
13 48 27
14 62 27
14 8 27
14 14 27
14 145 27
14 121 27
14 21 27
14 99 27
15 109 27
16 37 27
16 49 27
16 123 27
16 103 27
17 58 27
17 76 27
18 2 27
18 61 27
18 33 27
18 121 27
18 68 27
19 19 27
19 147 27
19 100 27
19 76 27
19 145 27
19 5 27
20 20 27
20 85 27
20 149 27
20 97 27
20 83 27
20 64 27
20 105 27
21 133 27
21 128 27
21 132 27
21 122 27
22 22 27
22 68 27
22 38 27
23 141 27
23 131 27
23 98 27
23 7 27
24 97 27
24 145 27
24 28 27
24 14 27
25 5 27
26 142 27
26 69 27
27 27 27
28 28 27
28 6 27
28 145 27
28 5 27
28 12 27
29 9 27
31 90 27
31 53 27
31 112 27
31 13 27
31 69 27
31 118 27
32 132 27
32 141 27
32 83 27
34 34 27
34 142 27
35 99 27
35 131 27
35 23 27
35 9 27
35 121 27
36 70 27
36 42 27
36 10 27
36 78 27
37 144 27
37 49 27
38 130 27
38 11 27
39 81 27
39 126 27
39 8 27
41 41 27
41 25 27
42 105 27
42 10 27
42 54 27
43 59 27
43 22 27
43 51 27
43 140 27
45 45 27
45 138 27
45 118 27
45 48 27
45 70 27
45 121 27
45 73 27
46 98 27
46 67 27
46 131 27
46 9 27
47 39 27
47 2 27
47 20 27
47 104 27
48 137 27
48 76 27
48 15 27
48 4 27
48 102 27
48 97 27
48 83 27
48 73 27
49 63 27
49 19 27
50 58 27
50 76 27
50 142 27
51 77 27
51 146 27
51 42 27
51 55 27
52 101 27
52 143 27
53 102 27
54 79 27
54 132 27
54 71 27
54 18 27
54 112 27
55 61 27
55 5 27
55 101 27
55 17 27
55 76 27
56 56 27
56 68 27
56 109 27
56 84 27
56 139 27
56 148 27
57 57 27
57 58 27
57 44 27
57 146 27
57 11 27
58 84 27
59 119 27
59 107 27
60 101 27
61 33 27
61 149 27
61 26 27
61 25 27
62 143 27
62 47 27
62 145 27
63 63 27
63 0 27
63 119 27
64 34 27
64 68 27
65 147 27
65 60 27
66 34 27
66 147 27
66 11 27
67 63 27
67 124 27
68 37 27
68 17 27
68 11 27
68 141 27
68 84 27
68 145 27
68 46 27
68 32 27
69 28 27
69 14 27
69 26 27
70 72 27
70 99 27
71 24 27
71 98 27
71 77 27
72 148 27
72 116 27
72 106 27
72 110 27
73 20 27
73 150 27
73 8 27
73 120 27
74 74 27
74 33 27
74 85 27
75 124 27
75 53 27
75 34 27
75 1 27
75 134 27
75 65 27
75 64 27
76 45 27
78 54 27
78 6 27
78 61 27
78 28 27
78 135 27
78 92 27
79 12 27
79 20 27
79 48 27
79 38 27
80 95 27
80 56 27
80 88 27
80 69 27
80 87 27
80 59 27
80 63 27
80 53 27
80 114 27
81 81 27
82 47 27
82 33 27
82 149 27
82 69 27
82 138 27
82 84 27
83 83 27
84 107 27
84 125 27
84 47 27
84 27 27
85 5 27
85 143 27
85 87 27
85 67 27
85 81 27
86 49 27
87 130 27
87 13 27
87 102 27
87 120 27
87 82 27
87 54 27
87 7 27
87 94 27
88 34 27
88 56 27
88 14 27
88 30 27
89 36 27
89 40 27
89 20 27
90 145 27
90 121 27
90 22 27
90 143 27
90 88 27
90 91 27
90 34 27
91 76 27
91 41 27
91 69 27
92 80 27
92 18 27
93 65 27
93 102 27
93 136 27
94 49 27
95 86 27
95 69 27
95 105 27
95 133 27
95 100 27
95 149 27
97 97 27
97 136 27
97 24 27
97 46 27
97 107 27
97 143 27
97 96 27
98 24 27
99 29 27
99 115 27
99 58 27
99 7 27
99 114 27
99 132 27
100 63 27
100 53 27
100 15 27
101 24 27
101 18 27
101 67 27
101 12 27
102 35 27
103 143 27
103 40 27
103 141 27
103 71 27
103 41 27
104 0 27
104 81 27
105 138 27
105 48 27
105 75 27
105 51 27
106 31 27
106 2 27
106 41 27
106 18 27
107 4 27
107 11 27
107 136 27
108 30 27
108 74 27
109 12 27
110 10 27
110 85 27
110 68 27
110 86 27
111 17 27
111 145 27
112 79 27
112 24 27
112 3 27
112 146 27
113 30 27
113 101 27
114 128 27
114 141 27
114 94 27
115 24 27
115 145 27
115 8 27
115 50 27
115 35 27
115 128 27
116 128 27
117 46 27
117 14 27
117 111 27
118 65 27
119 7 27
119 34 27
120 102 27
120 147 27
120 80 27
120 84 27
121 70 27
121 14 27
121 139 27
121 124 27
122 128 27
122 91 27
122 46 27
123 28 27
123 102 27
123 118 27
123 104 27
126 121 27
126 66 27
127 127 27
127 58 27
127 1 27
127 43 27
128 115 27
128 12 27
128 29 27
128 123 27
129 119 27
129 73 27
129 100 27
130 64 27
130 84 27
131 7 27
131 136 27
133 143 27
133 92 27
133 91 27
133 86 27
133 72 27
133 107 27
134 133 27
134 8 27
134 1 27
134 108 27
135 130 27
136 134 27
137 137 27
137 85 27
137 24 27
137 114 27
137 123 27
138 68 27
138 11 27
139 66 27
140 140 27
140 24 27
140 57 27
141 1 27
141 50 27
142 142 27
142 42 27
142 23 27
142 63 27
143 143 27
143 38 27
143 121 27
143 37 27
143 87 27
144 53 27
144 144 27
144 4 27
144 20 27
144 41 27
145 112 27
145 47 27
145 42 27
145 50 27
145 13 27
146 86 27
146 45 27
146 94 27
147 87 27
148 46 27
148 134 27
148 68 27
148 86 27
149 64 27
149 132 27
149 84 27
149 93 27
149 65 27
150 17 27
150 87 27
150 122 27
0 61 28
1 90 28
1 69 28
1 91 28
1 127 28
2 148 28
2 21 28
2 85 28
3 5 28
3 68 28
3 99 28
4 15 28
4 42 28
4 115 28
5 101 28
5 141 28
5 53 28
6 6 28
6 142 28
7 115 28
7 94 28
7 126 28
7 73 28
8 8 28
8 72 28
8 48 28
9 33 28
9 148 28
10 10 28
10 131 28
10 116 28
10 129 28
11 70 28
11 63 28
11 90 28
11 67 28
11 38 28
12 125 28
13 72 28
13 80 28
14 126 28
14 127 28
15 141 28
15 85 28
15 35 28
16 70 28
16 114 28
16 76 28
17 34 28
17 61 28
17 145 28
17 5 28
17 49 28
18 20 28
18 87 28
19 85 28
19 53 28
20 98 28
20 74 28
20 77 28
21 55 28
21 64 28
21 95 28
21 80 28
22 22 28
22 14 28
22 102 28
22 90 28
22 65 28
23 72 28
23 85 28
23 62 28
23 46 28
23 146 28
24 113 28
24 81 28
25 124 28
25 28 28
25 24 28
25 65 28
25 27 28
26 64 28
27 13 28
27 43 28
28 6 28
28 139 28
28 22 28
29 29 28
29 118 28
29 116 28
31 66 28
31 52 28
31 140 28
31 32 28
31 88 28
31 83 28
32 73 28
32 36 28
32 30 28
32 39 28
32 131 28
33 17 28
34 67 28
34 4 28
34 97 28
34 13 28
35 58 28
35 118 28
35 72 28
35 24 28
35 121 28
36 120 28
36 100 28
37 23 28
38 112 28
38 102 28
38 11 28
38 67 28
38 24 28
38 33 28
39 48 28
39 43 28
39 120 28
39 50 28
39 147 28
40 17 28
40 7 28
40 105 28
40 20 28
40 150 28
40 18 28
40 60 28
41 139 28
41 64 28
41 68 28
41 65 28
42 90 28
42 66 28
43 63 28
43 22 28
43 81 28
43 92 28
44 121 28
44 110 28
44 71 28
45 45 28
45 137 28
45 114 28
45 93 28
45 49 28
46 120 28
46 77 28
46 85 28
46 61 28
46 140 28
47 107 28
47 115 28
47 50 28
47 17 28
48 99 28
48 43 28
48 52 28
49 125 28
49 115 28
49 54 28
49 72 28
49 67 28
50 76 28
50 39 28
50 103 28
50 65 28
51 133 28
51 15 28
51 117 28
51 14 28
52 144 28
52 18 28
52 112 28
52 69 28
52 114 28
52 103 28
53 133 28
53 19 28
54 129 28
54 39 28
54 145 28
56 56 28
56 109 28
56 150 28
58 81 28
58 27 28
59 95 28
59 141 28
59 19 28
59 122 28
60 111 28
60 147 28
60 142 28
61 74 28
61 95 28
61 82 28
61 49 28
62 100 28
62 103 28
62 52 28
62 38 28
62 15 28
62 24 28
62 51 28
62 37 28
63 117 28
63 58 28
64 85 28
64 92 28
64 58 28
65 111 28
65 97 28
65 25 28
65 6 28
65 28 28
65 32 28
65 121 28
66 61 28
66 64 28
66 119 28
67 92 28
68 68 28
68 138 28
68 144 28
69 122 28
69 81 28
69 85 28
69 71 28
69 83 28
69 6 28
72 19 28
72 29 28
72 88 28
73 55 28
73 6 28
73 136 28
73 1 28
73 117 28
73 0 28
73 79 28
74 25 28
74 145 28
74 13 28
75 138 28
76 44 28
76 28 28
77 63 28
77 21 28
79 115 28
79 61 28
80 145 28
80 102 28
80 101 28
80 64 28
80 137 28
80 11 28
81 61 28
81 81 28
81 44 28
81 95 28
81 138 28
82 130 28
82 12 28
82 127 28
83 83 28
83 127 28
83 62 28
83 10 28
83 78 28
84 76 28
85 101 28
85 114 28
85 112 28
86 107 28
87 21 28
87 113 28
87 29 28
87 23 28
88 88 28
88 23 28
88 40 28
89 7 28
89 25 28
89 55 28
90 33 28
90 115 28
90 20 28
90 131 28
91 91 28
91 114 28
91 150 28
91 104 28
91 85 28
91 125 28
91 48 28
92 11 28
92 100 28
92 109 28
92 80 28
93 70 28
93 71 28
94 14 28
95 54 28
96 96 28
96 136 28
96 57 28
96 79 28
96 41 28
96 116 28
97 97 28
97 72 28
97 145 28
97 99 28
97 32 28
97 0 28
97 96 28
98 149 28
98 120 28
98 50 28
98 59 28
98 39 28
98 76 28
98 24 28
99 109 28
99 36 28
99 7 28
99 132 28
100 96 28
100 49 28
100 141 28
100 19 28
101 20 28
101 84 28
102 95 28
102 131 28
102 42 28
102 119 28
102 48 28
103 48 28
103 25 28
104 143 28
104 137 28
104 15 28
104 108 28
105 136 28
105 97 28
106 26 28
106 51 28
107 5 28
107 124 28
107 58 28
107 142 28
107 1 28
108 120 28
109 46 28
109 134 28
109 50 28
109 36 28
110 83 28
111 138 28
112 51 28
112 68 28
112 58 28
112 12 28
112 7 28
112 114 28
112 99 28
113 90 28
113 52 28
113 135 28
113 112 28
113 115 28
113 92 28
114 73 28
115 14 28
116 116 28
116 128 28
116 103 28
116 74 28
116 135 28
116 148 28
116 111 28
116 88 28
116 92 28
117 143 28
117 99 28
117 71 28
117 74 28
118 130 28
118 143 28
118 3 28
119 117 28
119 51 28
119 36 28
120 33 28
120 145 28
120 46 28
120 129 28
120 63 28
120 98 28
121 98 28
121 19 28
122 18 28
122 122 28
122 90 28
122 116 28
122 74 28
123 115 28
123 54 28
123 126 28
124 5 28
124 52 28
124 125 28
124 106 28
124 68 28
125 148 28
125 97 28
125 90 28
125 70 28
126 37 28
126 8 28
126 120 28
126 25 28
127 127 28
127 9 28
127 12 28
127 80 28
127 116 28
127 105 28
128 148 28
128 1 28
128 76 28
130 78 28
130 50 28
130 35 28
130 94 28
131 9 28
131 121 28
132 56 28
132 139 28
132 110 28
132 40 28
133 49 28
133 131 28
133 56 28
133 24 28
133 19 28
134 8 28
134 89 28
134 149 28
134 23 28
134 82 28
134 49 28
135 61 28
135 91 28
136 56 28
137 137 28
137 122 28
137 85 28
137 42 28
137 92 28
138 87 28
138 68 28
138 118 28
138 41 28
138 88 28
139 37 28
140 128 28
140 88 28
140 38 28
140 33 28
140 143 28
141 21 28
141 30 28
141 127 28
141 88 28
142 37 28
142 68 28
142 21 28
143 98 28
143 143 28
143 110 28
144 116 28
144 110 28
144 90 28
144 76 28
144 88 28
144 51 28
144 5 28
145 19 28
145 30 28
146 20 28
146 123 28
146 74 28
146 64 28
147 148 28
147 26 28
147 3 28
147 114 28
147 25 28
147 137 28
147 118 28
147 85 28
147 70 28
147 60 28
148 3 28
148 71 28
149 59 28
149 106 28
149 83 28
150 34 28
0 46 29
0 115 29
0 99 29
0 76 29
0 150 29
1 1 29
1 18 29
1 75 29
1 42 29
1 149 29
1 112 29
2 137 29
2 40 29
2 143 29
2 132 29
2 125 29
2 97 29
2 65 29
3 3 29
3 42 29
3 135 29
3 65 29
3 68 29
3 124 29
3 110 29
3 91 29
3 99 29
3 94 29
4 68 29
4 47 29
4 141 29
4 121 29
4 23 29
4 31 29
4 134 29
5 22 29
5 147 29
5 51 29
5 149 29
5 121 29
6 33 29
6 140 29
6 82 29
6 3 29
6 127 29
7 29 29
7 141 29
7 131 29
7 5 29
8 8 29
8 132 29
8 95 29
8 58 29
8 48 29
9 6 29
9 28 29
9 75 29
9 88 29
9 65 29
9 143 29
9 110 29
10 10 29
10 141 29
10 44 29
10 3 29
10 146 29
10 136 29
10 14 29
10 60 29
10 69 29
11 130 29
11 92 29
11 36 29
11 54 29
11 8 29
11 122 29
12 54 29
12 100 29
12 112 29
12 65 29
12 40 29
12 134 29
13 51 29
13 77 29
14 1 29
14 10 29
14 103 29
14 68 29
14 137 29
15 119 29
15 127 29
15 90 29
15 51 29
15 37 29
15 120 29
15 83 29
15 87 29
15 12 29
15 129 29
16 73 29
16 50 29
16 21 29
16 85 29
17 17 29
17 45 29
17 35 29
17 137 29
17 90 29
18 3 29
18 18 29
18 85 29
18 52 29
18 31 29
19 72 29
19 38 29
19 0 29
19 107 29
19 120 29
19 60 29
19 148 29
19 109 29
20 112 29
20 67 29
20 20 29
20 34 29
20 136 29
20 10 29
21 95 29
21 104 29
21 48 29
21 33 29
22 22 29
22 145 29
22 126 29
22 69 29
22 12 29
22 90 29
23 81 29
23 58 29
23 15 29
23 60 29
24 60 29
24 68 29
24 36 29
24 119 29
24 67 29
24 48 29
24 5 29
25 106 29
25 50 29
25 27 29
26 95 29
26 61 29
26 15 29
27 27 29
27 31 29
27 138 29
27 25 29
27 86 29
27 84 29
27 29 29
28 25 29
28 20 29
28 23 29
28 16 29
29 29 29
29 114 29
29 123 29
29 47 29
29 0 29
29 116 29
29 69 29
30 30 29
30 50 29
30 63 29
30 31 29
31 31 29
31 85 29
31 10 29
31 130 29
31 139 29
31 77 29
31 118 29
32 128 29
32 60 29
32 22 29
32 39 29
32 2 29
32 86 29
33 134 29
33 69 29
33 124 29
33 137 29
33 2 29
33 99 29
34 37 29
34 146 29
34 6 29
34 100 29
34 51 29
34 144 29
34 120 29
35 96 29
35 124 29
35 19 29
35 112 29
35 79 29
36 32 29
36 0 29
36 3 29
37 124 29
37 99 29
37 43 29
37 61 29
38 18 29
38 123 29
39 39 29
39 103 29
39 38 29
39 5 29
39 126 29
39 130 29
39 69 29
39 35 29
39 3 29
39 30 29
39 137 29
40 47 29
40 124 29
40 118 29
40 70 29
41 55 29
41 90 29
42 85 29
42 53 29
42 149 29
42 98 29
42 46 29
43 43 29
43 41 29
43 3 29
43 95 29
43 56 29
43 42 29
43 18 29
44 56 29
44 24 29
44 42 29
44 1 29
44 69 29
44 82 29
44 36 29
44 40 29
44 12 29
44 30 29
44 25 29
44 141 29
45 45 29
45 12 29
45 76 29
45 62 29
45 23 29
45 130 29
45 69 29
46 67 29
46 150 29
47 53 29
47 17 29
48 133 29
48 112 29
49 139 29
49 134 29
49 100 29
49 127 29
49 113 29
49 94 29
49 149 29
50 39 29
50 150 29
50 131 29
50 32 29
50 40 29
51 105 29
51 128 29
52 145 29
52 46 29
52 139 29
52 97 29
52 106 29
52 38 29
53 42 29
53 18 29
53 139 29
53 13 29
53 41 29
54 54 29
54 32 29
54 68 29
54 86 29
54 85 29
54 71 29
55 55 29
55 37 29
55 67 29
56 56 29
56 72 29
57 85 29
57 57 29
57 111 29
57 83 29
57 22 29
57 26 29
57 86 29
57 18 29
58 51 29
58 131 29
58 121 29
58 106 29
58 39 29
58 146 29
59 13 29
59 3 29
59 146 29
59 20 29
59 136 29
59 131 29
59 149 29
60 135 29
60 18 29
60 59 29
60 43 29
61 113 29
61 41 29
61 12 29
61 133 29
62 62 29
62 143 29
62 147 29
62 122 29
62 79 29
63 55 29
63 31 29
63 109 29
63 66 29
64 142 29
64 49 29
65 102 29
65 39 29
65 48 29
65 51 29
65 9 29
66 112 29
66 7 29
67 67 29
67 21 29
67 133 29
67 11 29
67 64 29
67 41 29
68 139 29
68 53 29
68 21 29
68 25 29
68 135 29
69 51 29
69 50 29
69 49 29
69 12 29
70 142 29
70 62 29
70 34 29
70 24 29
70 136 29
70 5 29
70 134 29
70 120 29
70 74 29
70 78 29
71 71 29
71 24 29
71 69 29
71 78 29
71 52 29
72 72 29
72 36 29
72 53 29
73 17 29
73 146 29
73 89 29
73 32 29
74 145 29
74 37 29
74 4 29
74 125 29
75 99 29
75 140 29
76 77 29
76 49 29
76 48 29
76 141 29
76 75 29
76 74 29
76 144 29
77 110 29
77 59 29
77 30 29
78 23 29
78 4 29
78 134 29
78 120 29
79 112 29
79 107 29
79 110 29
79 68 29
79 77 29
79 104 29
79 122 29
79 99 29
80 10 29
80 149 29
80 0 29
80 27 29
80 138 29
80 54 29
80 146 29
81 81 29
81 78 29
81 35 29
81 76 29
82 90 29
82 94 29
82 103 29
83 83 29
83 36 29
83 21 29
84 103 29
84 57 29
84 24 29
84 51 29
84 145 29
85 117 29
85 71 29
86 2 29
87 134 29
87 68 29
87 21 29
87 146 29
87 132 29
87 141 29
87 118 29
88 88 29
88 67 29
88 80 29
88 107 29
88 21 29
89 22 29
89 25 29
89 91 29
90 24 29
90 58 29
90 89 29
90 84 29
90 70 29
90 56 29
91 91 29
91 20 29
91 29 29
91 136 29
91 84 29
91 47 29
92 39 29
92 57 29
92 37 29
92 117 29
93 39 29
93 37 29
93 41 29
93 115 29
93 16 29
93 71 29
93 57 29
94 133 29
94 132 29
94 6 29
94 47 29
94 33 29
94 130 29
94 102 29
95 125 29
95 53 29
95 79 29
95 0 29
96 96 29
96 61 29
96 28 29
96 39 29
96 114 29
97 97 29
98 44 29
98 100 29
98 12 29
98 136 29
99 136 29
99 80 29
99 83 29
100 109 29
100 35 29
100 133 29
100 98 29
100 140 29
100 88 29
101 101 29
101 24 29
101 13 29
101 116 29
101 64 29
101 12 29
101 117 29
101 85 29
102 96 29
104 91 29
104 59 29
104 77 29
104 12 29
104 137 29
104 109 29
105 31 29
105 83 29
105 87 29
106 83 29
106 150 29
106 122 29
106 70 29
107 89 29
107 75 29
107 84 29
107 46 29
107 149 29
107 18 29
107 49 29
107 150 29
108 59 29
108 8 29
108 20 29
108 127 29
108 117 29
108 43 29
108 65 29
109 19 29
109 106 29
109 110 29
109 67 29
109 71 29
110 88 29
110 27 29
111 111 29
111 110 29
111 142 29
111 117 29
111 37 29
111 14 29
111 135 29
111 0 29
112 66 29
112 125 29
112 49 29
112 150 29
112 103 29
113 29 29
113 24 29
113 40 29
114 114 29
114 78 29
114 109 29
114 10 29
114 56 29
114 23 29
114 50 29
115 42 29
115 74 29
115 105 29
115 77 29
115 53 29
115 20 29
115 132 29
115 122 29
115 117 29
115 76 29
115 85 29
116 116 29
116 45 29
116 48 29
116 119 29
116 117 29
116 24 29
116 18 29
117 37 29
117 13 29
118 76 29
118 9 29
118 91 29
118 77 29
118 150 29
119 73 29
119 99 29
120 74 29
121 121 29
121 85 29
121 24 29
121 37 29
121 14 29
121 135 29
121 130 29
121 106 29
121 78 29
121 49 29
121 30 29
122 76 29
122 71 29
122 27 29
123 148 29
123 134 29
123 133 29
123 92 29
123 98 29
124 39 29
124 137 29
124 123 29
124 28 29
124 135 29
124 121 29
124 116 29
124 83 29
124 119 29
125 81 29
125 107 29
125 106 29
125 110 29
125 63 29
125 118 29
125 103 29
125 89 29
125 135 29
126 98 29
126 56 29
126 64 29
126 114 29
127 127 29
127 49 29
127 58 29
127 48 29
127 94 29
127 138 29
127 110 29
128 141 29
128 104 29
129 129 29
129 88 29
129 121 29
129 17 29
130 26 29
130 115 29
130 101 29
130 114 29
130 132 29
130 103 29
130 121 29
130 139 29
130 88 29
131 28 29
131 21 29
131 145 29
132 48 29
132 104 29
132 4 29
132 102 29
132 88 29
133 119 29
133 81 29
133 67 29
133 32 29
133 135 29
134 70 29
134 55 29
134 82 29
134 72 29
134 118 29
135 69 29
135 50 29
135 63 29
136 96 29
136 132 29
136 24 29
136 108 29
136 93 29
137 137 29
137 94 29
137 80 29
137 27 29
137 13 29
137 106 29
137 91 29
138 59 29
138 86 29
138 21 29
138 126 29
138 51 29
138 27 29
139 139 29
139 13 29
140 107 29
140 33 29
140 149 29
140 68 29
141 141 29
141 25 29
141 150 29
141 122 29
141 102 29
141 74 29
142 142 29
142 71 29
142 65 29
142 22 29
142 97 29
142 48 29
142 25 29
142 122 29
143 143 29
143 127 29
143 149 29
143 111 29
144 144 29
144 105 29
144 128 29
144 122 29
144 107 29
144 84 29
144 5 29
145 145 29
145 18 29
145 22 29
145 16 29
146 15 29
146 125 29
147 147 29
147 100 29
147 145 29
147 61 29
148 136 29
148 93 29
148 60 29
148 128 29
148 87 29
148 35 29
148 30 29
148 34 29
149 54 29
149 39 29
149 95 29
149 108 29
150 149 29
150 9 29
150 27 29
150 20 29
0 4 30
0 96 30
0 80 30
0 141 30
1 1 30
1 66 30
1 46 30
1 140 30
2 40 30
2 16 30
2 95 30
2 6 30
2 112 30
2 82 30
3 3 30
3 33 30
3 109 30
3 57 30
3 66 30
4 85 30
4 20 30
4 150 30
4 70 30
4 51 30
5 2 30
5 122 30
5 108 30
5 15 30
5 37 30
6 90 30
6 72 30
6 84 30
6 23 30
6 117 30
6 49 30
7 29 30
7 38 30
7 130 30
7 50 30
7 49 30
7 134 30
8 8 30
8 148 30
8 36 30
8 13 30
9 38 30
9 122 30
10 8 30
10 10 30
10 141 30
10 24 30
10 9 30
10 60 30
11 89 30
11 78 30
11 8 30
11 113 30
11 57 30
12 63 30
12 44 30
12 62 30
13 85 30
13 55 30
13 68 30
13 110 30
13 123 30
13 130 30
14 121 30
14 124 30
14 108 30
15 146 30
15 81 30
15 135 30
15 55 30
15 82 30
15 138 30
16 40 30
16 142 30
16 94 30
16 48 30
17 150 30
17 70 30
17 21 30
18 18 30
18 142 30
18 10 30
18 28 30
18 106 30
18 92 30
18 101 30
18 41 30
19 0 30
19 98 30
19 32 30
19 63 30
19 40 30
19 128 30
20 20 30
20 87 30
20 128 30
21 71 30
21 24 30
21 98 30
22 22 30
22 19 30
22 79 30
22 71 30
23 82 30
23 23 30
23 118 30
23 15 30
23 14 30
24 106 30
24 63 30
24 22 30
24 29 30
24 117 30
25 144 30
25 2 30
26 89 30
26 126 30
26 79 30
26 96 30
27 97 30
27 147 30
28 28 30
28 38 30
28 65 30
28 46 30
28 8 30
28 138 30
29 29 30
29 109 30
29 20 30
29 23 30
29 0 30
29 125 30
29 65 30
30 30 30
30 82 30
30 143 30
30 7 30
31 108 30
31 43 30
31 107 30
31 87 30
31 27 30
32 29 30
32 38 30
33 120 30
33 31 30
34 132 30
34 72 30
34 69 30
35 83 30
35 92 30
35 69 30
35 32 30
36 83 30
36 61 30
36 140 30
36 73 30
36 146 30
36 86 30
36 122 30
37 21 30
37 2 30
37 114 30
37 39 30
37 75 30
38 139 30
38 66 30
38 33 30
38 131 30
39 39 30
39 5 30
39 139 30
39 123 30
40 30 30
40 135 30
41 23 30
41 0 30
41 102 30
41 55 30
41 47 30
42 81 30
42 52 30
42 127 30
43 8 30
43 143 30
43 54 30
43 105 30
43 114 30
43 103 30
43 145 30
43 4 30
43 125 30
44 44 30
44 106 30
44 148 30
44 11 30
45 45 30
46 55 30
46 125 30
46 49 30
46 128 30
46 146 30
46 11 30
46 109 30
46 122 30
46 108 30
46 37 30
47 71 30
47 98 30
47 125 30
47 82 30
47 36 30
47 3 30
48 40 30
48 58 30
48 137 30
48 62 30
48 33 30
48 5 30
48 126 30
48 8 30
48 110 30
49 82 30
49 2 30
49 141 30
49 150 30
50 19 30
50 69 30
50 46 30
50 146 30
51 65 30
51 106 30
52 73 30
52 145 30
52 68 30
52 70 30
53 59 30
54 54 30
54 92 30
54 45 30
54 22 30
54 128 30
55 56 30
55 138 30
55 25 30
55 123 30
55 127 30
55 98 30
56 56 30
56 12 30
56 21 30
56 132 30
56 33 30
57 36 30
57 57 30
57 58 30
57 146 30
57 122 30
57 56 30
57 9 30
58 50 30
59 16 30
60 69 30
60 132 30
60 61 30
61 51 30
62 62 30
62 36 30
62 2 30
62 11 30
62 19 30
63 135 30
63 3 30
63 128 30
64 16 30
64 123 30
64 132 30
64 43 30
64 42 30
64 53 30
65 119 30
65 90 30
66 34 30
66 38 30
66 5 30
66 14 30
66 117 30
66 139 30
66 58 30
67 51 30
67 19 30
67 64 30
68 39 30
68 103 30
68 150 30
69 117 30
69 128 30
69 15 30
70 72 30
70 66 30
71 47 30
71 32 30
72 72 30
72 6 30
72 84 30
72 56 30
72 125 30
72 88 30
72 124 30
72 119 30
73 87 30
73 82 30
73 135 30
73 88 30
74 128 30
74 52 30
74 18 30
74 96 30
74 49 30
74 20 30
74 95 30
75 12 30
75 114 30
75 109 30
75 71 30
75 1 30
75 23 30
75 9 30
75 78 30
76 58 30
76 53 30
76 136 30
76 122 30
76 42 30
77 77 30
77 148 30
77 40 30
78 54 30
78 73 30
78 82 30
79 149 30
79 101 30
79 55 30
79 63 30
79 48 30
80 56 30
80 114 30
81 81 30
81 49 30
81 1 30
81 47 30
81 83 30
82 47 30
82 15 30
82 107 30
82 87 30
82 109 30
82 67 30
83 115 30
83 83 30
83 21 30
83 136 30
83 86 30
83 65 30
83 120 30
84 22 30
84 142 30
84 20 30
84 123 30
85 23 30
85 15 30
85 100 30
86 21 30
86 123 30
86 85 30
86 97 30
86 69 30
87 41 30
87 128 30
87 118 30
87 37 30
88 88 30
88 67 30
88 32 30
88 121 30
88 77 30
89 128 30
90 18 30
90 91 30
90 138 30
90 122 30
90 38 30
91 6 30
91 15 30
91 80 30
91 70 30
91 56 30
91 121 30
92 45 30
92 12 30
92 42 30
92 5 30
92 32 30
92 4 30
93 124 30
93 114 30
94 142 30
94 113 30
94 70 30
94 115 30
95 83 30
95 79 30
95 23 30
95 32 30
96 96 30
96 99 30
96 121 30
96 68 30
96 26 30
96 6 30
97 137 30
97 138 30
98 116 30
98 120 30
98 87 30
98 39 30
98 123 30
98 15 30
98 84 30
99 122 30
99 90 30
99 37 30
99 21 30
100 3 30
100 133 30
100 93 30
101 130 30
101 39 30
101 128 30
101 117 30
102 137 30
102 145 30
102 148 30
102 59 30
102 53 30
102 147 30
102 48 30
103 124 30
103 49 30
103 148 30
104 61 30
104 72 30
104 90 30
105 58 30
105 57 30
105 32 30
105 68 30
106 138 30
106 83 30
106 109 30
106 1 30
107 38 30
107 130 30
107 69 30
107 12 30
107 114 30
108 49 30
108 35 30
108 11 30
108 33 30
109 150 30
109 112 30
109 93 30
109 60 30
109 50 30
109 95 30
109 81 30
110 108 30
110 47 30
110 56 30
111 91 30
111 49 30
111 147 30
111 146 30
111 38 30
111 140 30
112 8 30
112 92 30
112 147 30
112 76 30
113 147 30
113 133 30
113 85 30
113 89 30
113 66 30
113 74 30
113 17 30
114 3 30
114 105 30
114 86 30
114 39 30
114 2 30
114 88 30
115 134 30
115 110 30
115 133 30
115 142 30
115 119 30
115 15 30
116 11 30
116 68 30
117 37 30
117 18 30
117 124 30
117 40 30
117 30 30
117 104 30
117 94 30
117 52 30
118 104 30
118 130 30
118 29 30
119 150 30
119 85 30
119 134 30
119 102 30
119 133 30
120 148 30
120 107 30
120 110 30
120 100 30
121 112 30
121 133 30
121 34 30
121 15 30
121 125 30
121 143 30
122 39 30
122 102 30
122 111 30
123 55 30
123 14 30
123 9 30
123 138 30
123 106 30
123 54 30
123 128 30
123 137 30
124 49 30
124 76 30
124 51 30
124 37 30
125 132 30
125 125 30
125 27 30
125 22 30
125 141 30
125 67 30
125 51 30
126 104 30
127 127 30
127 128 30
127 64 30
128 144 30
128 121 30
128 44 30
128 12 30
129 65 30
129 129 30
129 75 30
129 4 30
129 17 30
129 21 30
129 30 30
129 34 30
130 63 30
130 2 30
130 141 30
131 0 30
131 100 30
132 137 30
132 140 30
132 14 30
132 82 30
133 49 30
133 12 30
133 80 30
134 56 30
134 114 30
135 25 30
135 33 30
135 36 30
136 144 30
136 1 30
136 107 30
137 137 30
137 78 30
137 123 30
138 54 30
138 53 30
138 131 30
139 106 30
139 133 30
139 26 30
139 24 30
139 56 30
140 140 30
140 5 30
140 123 30
140 9 30
140 25 30
141 141 30
141 16 30
141 146 30
141 37 30
141 23 30
142 66 30
142 14 30
142 17 30
142 53 30
142 2 30
142 122 30
143 143 30
143 31 30
144 45 30
144 105 30
144 53 30
144 10 30
144 89 30
145 23 30
145 111 30
145 150 30
146 16 30
146 140 30
147 149 30
147 86 30
147 53 30
147 29 30
147 6 30
147 122 30
148 131 30
148 135 30
148 87 30
148 63 30
149 145 30
149 32 30
149 139 30
149 83 30
149 101 30
150 37 30
150 135 30
150 76 30
150 35 30
0 89 31
0 41 31
0 16 31
1 78 31
1 133 31
1 109 31
2 137 31
2 80 31
2 122 31
2 4 31
2 98 31
3 3 31
3 104 31
3 90 31
3 108 31
3 80 31
4 27 31
4 7 31
5 73 31
5 27 31
5 127 31
5 95 31
5 103 31
6 24 31
6 44 31
6 90 31
7 129 31
7 93 31
7 120 31
7 51 31
8 8 31
8 92 31
8 23 31
9 32 31
10 49 31
10 144 31
10 74 31
11 133 31
11 118 31
11 15 31
12 32 31
12 115 31
12 16 31
13 37 31
13 112 31
14 136 31
14 107 31
14 31 31
14 49 31
14 20 31
15 7 31
15 95 31
15 1 31
15 19 31
15 111 31
15 8 31
16 86 31
17 117 31
18 33 31
18 8 31
19 106 31
19 81 31
20 113 31
20 107 31
20 41 31
21 48 31
21 23 31
21 84 31
22 64 31
22 52 31
23 108 31
23 57 31
23 43 31
23 144 31
24 59 31
24 125 31
25 29 31
25 111 31
26 16 31
26 90 31
26 4 31
26 31 31
27 72 31
27 12 31
27 141 31
27 46 31
28 19 31
28 117 31
29 29 31
29 131 31
30 30 31
31 104 31
31 108 31
31 1 31
31 28 31
31 110 31
31 2 31
31 141 31
32 98 31
32 83 31
33 112 31
34 127 31
35 72 31
36 78 31
36 27 31
36 16 31
36 86 31
37 2 31
37 23 31
37 111 31
37 27 31
38 137 31
38 57 31
39 52 31
39 96 31
40 129 31
40 128 31
40 15 31
40 102 31
41 121 31
41 147 31
41 128 31
41 81 31
41 57 31
42 4 31
42 87 31
43 43 31
43 128 31
43 90 31
43 18 31
44 140 31
44 4 31
44 7 31
45 123 31
45 93 31
46 139 31
46 93 31
46 27 31
47 19 31
47 131 31
47 87 31
47 82 31
48 34 31
48 108 31
48 140 31
48 83 31
49 60 31
49 22 31
49 136 31
50 113 31
50 10 31
50 112 31
51 43 31
52 52 31
52 139 31
52 47 31
53 103 31
53 55 31
53 54 31
54 46 31
54 124 31
54 110 31
54 81 31
54 136 31
55 68 31
55 21 31
56 56 31
57 40 31
58 10 31
58 27 31
59 96 31
60 87 31
61 109 31
61 94 31
61 134 31
61 88 31
62 36 31
62 30 31
62 53 31
62 102 31
64 94 31
64 40 31
65 134 31
65 50 31
65 89 31
65 52 31
66 23 31
66 97 31
66 59 31
67 63 31
67 31 31
67 106 31
68 68 31
68 39 31
68 108 31
69 90 31
70 124 31
70 11 31
70 100 31
71 55 31
72 127 31
72 69 31
72 21 31
74 112 31
74 69 31
74 35 31
75 147 31
75 60 31
76 129 31
76 97 31
76 92 31
76 127 31
76 10 31
76 85 31
76 74 31
77 77 31
77 67 31
78 136 31
78 71 31
79 23 31
79 9 31
80 38 31
80 37 31
81 81 31
81 14 31
81 139 31
82 60 31
83 83 31
84 4 31
84 102 31
84 66 31
85 13 31
85 15 31
86 39 31
86 25 31
86 137 31
86 106 31
86 96 31
87 134 31
87 77 31
87 7 31
88 64 31
88 88 31
88 26 31
89 68 31
89 1 31
89 37 31
89 82 31
90 74 31
91 5 31
91 36 31
92 58 31
92 24 31
92 33 31
93 14 31
93 7 31
93 128 31
94 121 31
94 148 31
94 102 31
97 97 31
97 16 31
97 34 31
97 113 31
97 64 31
98 38 31
100 144 31
101 135 31
101 124 31
101 91 31
101 72 31
101 31 31
101 44 31
101 84 31
102 114 31
102 123 31
102 65 31
102 28 31
103 126 31
103 24 31
104 134 31
104 68 31
104 72 31
104 141 31
104 6 31
104 1 31
104 103 31
105 61 31
106 113 31
106 131 31
108 21 31
108 75 31
109 51 31
109 0 31
109 26 31
109 137 31
109 90 31
110 65 31
110 129 31
110 49 31
110 21 31
110 25 31
111 63 31
111 25 31
111 52 31
111 134 31
112 121 31
112 134 31
112 123 31
112 89 31
113 119 31
113 141 31
113 117 31
113 9 31
113 148 31
115 51 31
115 128 31
115 146 31
116 71 31
116 5 31
116 8 31
117 4 31
117 44 31
117 150 31
117 60 31
119 12 31
119 89 31
119 88 31
120 69 31
121 12 31
122 115 31
122 91 31
122 53 31
122 57 31
122 150 31
122 41 31
123 71 31
124 34 31
124 38 31
124 78 31
124 114 31
124 86 31
125 125 31
126 55 31
126 27 31
126 45 31
126 76 31
126 44 31
126 11 31
127 127 31
127 26 31
127 21 31
127 109 31
127 136 31
127 79 31
128 115 31
128 7 31
128 2 31
129 132 31
129 150 31
129 80 31
130 60 31
131 71 31
132 130 31
134 134 31
134 88 31
134 108 31
135 137 31
135 89 31
135 147 31
136 148 31
136 90 31
136 42 31
137 81 31
137 83 31
138 141 31
138 32 31
139 93 31
140 19 31
140 37 31
140 101 31
141 141 31
141 73 31
141 121 31
141 0 31
142 66 31
142 21 31
142 11 31
143 143 31
143 71 31
143 39 31
143 116 31
143 88 31
143 130 31
143 147 31
144 143 31
145 115 31
145 145 31
145 94 31
145 124 31
145 92 31
145 7 31
145 24 31
146 90 31
146 94 31
148 47 31
148 55 31
148 82 31
149 44 31
149 6 31
149 15 31
149 112 31
149 57 31
149 33 31
149 125 31
150 125 31
0 19 32
0 112 32
0 148 32
0 8 32
0 99 32
0 146 32
0 131 32
1 72 32
1 57 32
1 129 32
2 20 32
3 3 32
3 131 32
3 117 32
3 73 32
3 68 32
4 136 32
5 65 32
5 15 32
6 87 32
6 80 32
7 124 32
7 2 32
7 131 32
7 92 32
7 55 32
8 8 32
8 147 32
9 139 32
9 12 32
10 70 32
10 14 32
11 42 32
12 43 32
12 108 32
13 7 32
13 121 32
14 103 32
14 125 32
14 40 32
14 38 32
15 88 32
16 32 32
16 26 32
16 147 32
16 145 32
16 117 32
17 140 32
17 134 32
17 143 32
17 137 32
17 146 32
18 97 32
18 55 32
19 0 32
20 20 32
20 28 32
20 18 32
20 73 32
20 124 32
20 119 32
20 146 32
21 139 32
22 83 32
22 30 32
22 123 32
22 42 32
23 23 32
23 79 32
24 119 32
24 141 32
24 90 32
24 52 32
24 134 32
25 25 32
25 54 32
25 40 32
26 149 32
27 88 32
27 131 32
28 141 32
28 144 32
28 30 32
28 11 32
28 132 32
29 29 32
29 21 32
29 76 32
29 61 32
29 74 32
30 132 32
30 85 32
30 24 32
31 97 32
31 50 32
31 21 32
32 149 32
33 115 32
33 6 32
33 78 32
34 96 32
36 98 32
37 35 32
37 86 32
37 116 32
37 73 32
38 93 32
39 58 32
40 146 32
40 91 32
40 76 32
40 112 32
40 55 32
41 123 32
41 91 32
42 83 32
42 94 32
42 73 32
42 21 32
43 87 32
43 45 32
44 40 32
45 45 32
45 25 32
45 99 32
45 5 32
46 41 32
46 105 32
46 81 32
47 136 32
48 30 32
48 137 32
49 68 32
50 67 32
50 39 32
50 24 32
50 68 32
51 119 32
52 42 32
52 32 32
53 11 32
53 75 32
53 37 32
53 21 32
54 55 32
55 8 32
55 49 32
56 56 32
56 39 32
56 24 32
56 10 32
56 41 32
57 112 32
57 83 32
57 31 32
57 26 32
57 76 32
57 5 32
58 67 32
58 57 32
58 14 32
58 110 32
58 127 32
60 129 32
60 50 32
60 77 32
60 63 32
60 1 32
61 76 32
61 137 32
62 87 32
62 20 32
62 108 32
63 95 32
64 132 32
65 129 32
65 41 32
67 97 32
68 88 32
68 45 32
68 18 32
69 79 32
69 23 32
70 73 32
71 10 32
71 106 32
71 92 32
71 110 32
71 34 32
72 65 32
72 97 32
72 62 32
73 21 32
73 46 32
74 3 32
75 17 32
75 44 32
75 142 32
75 80 32
75 126 32
75 103 32
77 63 32
78 135 32
78 79 32
79 139 32
79 87 32
80 60 32
80 87 32
82 31 32
82 72 32
83 83 32
83 54 32
84 107 32
84 76 32
84 145 32
85 69 32
85 80 32
86 39 32
86 54 32
86 64 32
87 69 32
87 73 32
88 125 32
88 75 32
89 31 32
89 80 32
90 59 32
90 2 32
91 81 32
91 56 32
92 127 32
92 122 32
92 80 32
93 81 32
93 147 32
93 84 32
94 108 32
94 51 32
94 143 32
94 41 32
95 148 32
95 107 32
95 140 32
95 121 32
96 143 32
96 30 32
96 146 32
97 97 32
98 63 32
100 83 32
100 136 32
100 47 32
100 143 32
100 97 32
101 149 32
101 111 32
101 30 32
102 118 32
102 49 32
103 124 32
104 131 32
104 120 32
105 138 32
106 112 32
106 98 32
107 74 32
107 128 32
108 94 32
109 96 32
110 63 32
111 55 32
111 48 32
111 60 32
111 149 32
111 115 32
112 112 32
112 28 32
112 125 32
112 118 32
112 126 32
113 64 32
113 58 32
114 84 32
114 61 32
115 96 32
115 67 32
115 6 32
116 90 32
116 38 32
116 149 32
116 130 32
116 97 32
117 118 32
117 107 32
117 110 32
118 56 32
118 144 32
118 111 32
118 141 32
118 6 32
119 48 32
119 108 32
120 95 32
121 36 32
122 44 32
122 150 32
122 108 32
122 85 32
123 47 32
123 82 32
124 25 32
124 34 32
124 129 32
125 139 32
125 25 32
125 69 32
125 90 32
125 126 32
126 109 32
127 127 32
127 78 32
128 93 32
129 137 32
129 42 32
129 14 32
130 87 32
130 64 32
131 7 32
132 80 32
132 63 32
133 100 32
133 45 32
134 130 32
134 109 32
135 39 32
135 128 32
135 63 32
136 118 32
137 24 32
137 73 32
138 72 32
138 44 32
138 144 32
138 124 32
139 133 32
139 87 32
139 2 32
139 24 32
139 127 32
139 145 32
139 140 32
140 15 32
140 73 32
140 63 32
140 67 32
141 138 32
141 114 32
141 39 32
141 93 32
142 142 32
142 65 32
142 37 32
142 149 32
142 68 32
143 10 32
143 19 32
143 104 32
143 94 32
143 47 32
143 78 32
145 83 32
145 65 32
145 0 32
145 21 32
145 10 32
146 19 32
147 22 32
147 133 32
147 24 32
148 20 32
148 89 32
148 70 32
148 32 32
148 41 32
149 147 32
150 60 32
150 55 32
150 78 32
150 11 32
0 62 33
0 57 33
1 139 33
1 36 33
2 134 33
2 138 33
2 119 33
2 62 33
2 38 33
2 145 33
2 120 33
3 81 33
3 53 33
3 34 33
4 112 33
4 56 33
4 55 33
4 32 33
5 91 33
5 32 33
6 91 33
6 81 33
7 149 33
7 93 33
7 101 33
8 8 33
8 118 33
8 52 33
8 29 33
9 75 33
10 123 33
11 107 33
11 120 33
12 109 33
12 71 33
12 130 33
12 7 33
13 40 33
13 129 33
13 102 33
14 107 33
14 64 33
14 30 33
16 63 33
16 47 33
17 47 33
17 79 33
17 133 33
18 64 33
19 9 33
19 82 33
20 57 33
20 0 33
20 7 33
21 33 33
21 14 33
22 148 33
22 93 33
22 102 33
22 92 33
22 36 33
22 94 33
22 66 33
23 23 33
23 95 33
23 143 33
24 30 33
25 130 33
25 125 33
25 7 33
26 11 33
26 111 33
27 25 33
28 94 33
28 107 33
28 111 33
28 41 33
29 29 33
29 90 33
30 78 33
31 86 33
31 0 33
31 101 33
31 78 33
31 41 33
32 94 33
32 70 33
32 92 33
33 113 33
34 5 33
34 144 33
34 93 33
34 148 33
34 35 33
35 44 33
35 124 33
36 29 33
36 109 33
37 113 33
37 127 33
37 89 33
38 67 33
38 10 33
39 76 33
39 145 33
39 28 33
39 64 33
40 12 33
41 139 33
41 50 33
42 2 33
43 110 33
43 42 33
43 37 33
44 93 33
45 42 33
46 102 33
47 34 33
47 70 33
47 14 33
49 139 33
49 4 33
49 138 33
49 150 33
50 34 33
50 117 33
51 41 33
51 88 33
52 33 33
52 145 33
52 80 33
53 111 33
54 54 33
54 8 33
55 55 33
55 69 33
55 81 33
56 56 33
56 13 33
57 107 33
57 115 33
57 78 33
57 114 33
57 47 33
57 150 33
58 78 33
58 36 33
58 25 33
59 63 33
60 135 33
60 27 33
60 130 33
60 73 33
60 128 33
60 109 33
61 131 33
61 82 33
62 55 33
62 36 33
62 139 33
63 122 33
63 126 33
63 78 33
65 14 33
66 60 33
67 57 33
67 52 33
67 148 33
68 63 33
68 51 33
70 35 33
70 18 33
71 92 33
71 27 33
72 0 33
72 73 33
73 73 33
73 11 33
73 19 33
73 126 33
74 149 33
74 130 33
74 91 33
75 142 33
75 43 33
76 39 33
76 80 33
76 57 33
76 140 33
77 2 33
78 74 33
78 92 33
80 88 33
80 115 33
80 101 33
80 40 33
81 11 33
81 15 33
81 65 33
82 148 33
83 83 33
83 100 33
83 27 33
83 88 33
84 97 33
84 20 33
85 85 33
85 86 33
85 72 33
86 25 33
86 52 33
86 83 33
87 55 33
88 65 33
88 106 33
88 83 33
88 49 33
89 109 33
89 10 33
89 105 33
90 139 33
90 30 33
90 7 33
90 70 33
91 92 33
91 44 33
92 41 33
93 3 33
93 133 33
93 100 33
94 46 33
94 112 33
95 67 33
95 103 33
96 63 33
96 17 33
97 97 33
97 14 33
97 144 33
97 9 33
97 68 33
98 37 33
99 91 33
99 58 33
99 44 33
99 132 33
100 137 33
101 90 33
101 108 33
101 57 33
102 114 33
102 113 33
102 96 33
102 73 33
103 85 33
103 61 33
104 57 33
104 131 33
104 13 33
104 147 33
104 7 33
105 114 33
106 107 33
107 108 33
107 135 33
107 27 33
107 40 33
108 22 33
108 49 33
108 55 33
109 69 33
109 26 33
109 81 33
110 122 33
110 47 33
110 115 33
111 75 33
111 33 33
111 134 33
112 118 33
112 71 33
113 98 33
114 97 33
114 69 33
115 89 33
117 144 33
117 49 33
117 30 33
117 132 33
118 23 33
118 119 33
118 16 33
119 6 33
119 131 33
119 126 33
120 135 33
120 13 33
120 101 33
121 121 33
121 123 33
121 129 33
121 72 33
122 40 33
122 62 33
122 142 33
123 18 33
124 25 33
124 132 33
124 140 33
124 119 33
126 41 33
127 122 33
127 125 33
128 100 33
128 12 33
128 107 33
129 129 33
129 65 33
129 42 33
129 8 33
129 110 33
129 25 33
130 39 33
130 148 33
130 107 33
131 83 33
131 133 33
132 3 33
132 44 33
133 88 33
133 69 33
134 133 33
134 150 33
134 74 33
134 87 33
134 81 33
135 94 33
135 47 33
136 2 33
138 64 33
138 82 33
138 12 33
138 57 33
139 119 33
139 59 33
139 126 33
140 131 33
140 65 33
141 87 33
141 57 33
141 43 33
142 84 33
143 29 33
143 3 33
144 129 33
145 143 33
145 120 33
146 48 33
146 100 33
146 145 33
146 140 33
148 135 33
148 47 33
148 115 33
148 49 33
149 82 33
149 75 33
150 141 33
0 41 34
1 67 34
2 14 34
4 87 34
4 18 34
5 8 34
7 14 34
7 50 34
7 68 34
9 3 34
13 75 34
18 18 34
20 113 34
22 150 34
23 23 34
23 134 34
28 147 34
30 150 34
33 126 34
34 95 34
36 89 34
36 18 34
39 90 34
39 54 34
43 140 34
43 61 34
46 58 34
51 13 34
51 147 34
54 4 34
55 19 34
56 56 34
56 133 34
57 13 34
59 32 34
59 134 34
61 88 34
61 10 34
61 87 34
63 104 34
63 49 34
63 51 34
64 134 34
64 122 34
66 32 34
67 6 34
67 3 34
68 92 34
69 24 34
69 27 34
70 79 34
71 47 34
71 39 34
71 6 34
72 35 34
72 101 34
75 138 34
75 66 34
75 77 34
75 97 34
76 21 34
77 97 34
79 93 34
80 29 34
83 83 34
84 95 34
86 19 34
87 127 34
87 67 34
89 15 34
92 7 34
95 56 34
95 35 34
97 129 34
97 116 34
98 55 34
99 129 34
99 44 34
102 14 34
103 32 34
104 104 34
104 66 34
104 132 34
104 125 34
105 94 34
107 4 34
107 63 34
108 6 34
109 44 34
110 74 34
111 19 34
112 136 34
113 149 34
115 110 34
117 81 34
124 101 34
125 65 34
127 28 34
127 101 34
128 89 34
129 103 34
130 116 34
132 122 34
134 26 34
135 85 34
136 67 34
138 36 34
138 84 34
139 136 34
141 2 34
142 18 34
144 146 34
145 85 34
1 81 35
23 23 35
44 94 35
92 87 35
92 51 35
104 12 35
7 17 36
19 90 36
23 23 36
49 67 36
51 83 36
52 111 36
54 45 36
59 83 36
63 26 36
65 37 36
73 37 36
77 77 36
86 17 36
86 140 36
99 3 36
106 12 36
125 8 36
142 69 36
144 141 36
146 61 36
150 46 36
12 15 37
17 12 37
23 23 37
44 18 37
46 67 37
53 127 37
70 31 37
81 44 37
93 114 37
97 25 37
123 21 37
141 78 37
