0 1 0
0 2 0
8 17 0
13 82 0
38 73 0
43 51 0
54 140 0
58 28 0
61 49 0
61 73 0
79 109 0
114 98 0
131 130 0
132 74 0
132 138 0
137 48 0
144 113 0
145 18 0
3 3 1
12 79 1
50 32 1
51 62 1
54 35 1
62 97 1
130 63 1
147 86 1
0 1 2
2 1 2
2 5 2
8 8 2
17 88 2
31 58 2
32 142 2
40 56 2
43 95 2
59 137 2
134 6 2
0 4 3
0 5 3
2 4 3
12 13 3
15 24 3
51 54 3
75 38 3
80 44 3
108 29 3
108 136 3
110 58 3
111 78 3
122 5 3
135 8 3
0 2 4
0 107 4
2 0 4
27 20 4
32 125 4
42 59 4
50 103 4
57 53 4
71 80 4
95 113 4
110 13 4
122 0 4
147 116 4
0 5 5
0 26 5
1 66 5
2 0 5
2 2 5
2 19 5
4 10 5
9 94 5
13 91 5
29 19 5
45 148 5
48 143 5
58 88 5
71 46 5
97 68 5
124 116 5
0 20 6
2 2 6
2 4 6
2 5 6
2 1 6
2 18 6
4 5 6
4 0 6
80 67 6
81 105 6
96 122 6
106 63 6
140 35 6
145 119 6
149 98 6
0 5 7
0 4 7
1 2 7
1 85 7
2 0 7
2 1 7
2 4 7
4 21 7
5 127 7
7 17 7
7 7 7
7 36 7
7 29 7
8 40 7
9 65 7
10 22 7
10 27 7
10 9 7
12 43 7
14 125 7
17 34 7
17 7 7
20 32 7
20 31 7
20 20 7
20 30 7
21 22 7
23 35 7
23 23 7
23 38 7
25 26 7
29 83 7
29 51 7
34 11 7
38 70 7
38 11 7
47 148 7
57 5 7
68 142 7
71 102 7
81 138 7
84 144 7
85 25 7
92 34 7
118 17 7
119 88 7
133 95 7
136 108 7
142 145 7
144 101 7
144 119 7
144 6 7
148 111 7
0 15 8
0 4 8
0 5 8
0 51 8
0 16 8
1 4 8
1 5 8
2 4 8
2 1 8
2 5 8
3 42 8
3 3 8
3 86 8
7 45 8
8 8 8
9 114 8
14 52 8
16 130 8
20 110 8
23 23 8
23 24 8
23 35 8
27 86 8
30 57 8
34 55 8
36 119 8
38 14 8
42 59 8
46 47 8
47 12 8
48 23 8
53 105 8
65 46 8
66 18 8
75 54 8
75 116 8
81 146 8
84 133 8
86 47 8
89 58 8
97 40 8
114 13 8
115 119 8
121 89 8
145 98 8
0 4 9
0 38 9
0 71 9
2 1 9
4 8 9
4 0 9
4 5 9
5 2 9
7 17 9
7 37 9
7 36 9
8 9 9
8 58 9
8 19 9
8 8 9
10 22 9
13 42 9
15 75 9
17 56 9
17 27 9
20 9 9
21 22 9
23 23 9
23 35 9
25 26 9
28 109 9
29 57 9
29 13 9
29 7 9
29 17 9
29 42 9
29 29 9
37 91 9
46 55 9
47 29 9
48 40 9
50 90 9
51 58 9
55 91 9
60 138 9
63 85 9
69 14 9
72 22 9
79 104 9
82 12 9
88 77 9
91 40 9
94 72 9
97 6 9
97 12 9
100 123 9
103 3 9
104 1 9
106 60 9
109 47 9
110 69 9
113 96 9
115 105 9
133 121 9
137 1 9
141 104 9
145 23 9
0 15 10
0 1 10
0 4 10
0 5 10
1 2 10
1 4 10
1 0 10
1 5 10
2 5 10
3 7 10
3 10 10
3 140 10
4 1 10
4 0 10
4 10 10
5 2 10
7 36 10
7 17 10
7 3 10
7 26 10
8 63 10
8 9 10
8 20 10
10 10 10
11 24 10
13 143 10
17 36 10
17 7 10
17 17 10
17 29 10
19 65 10
20 54 10
21 131 10
23 23 10
23 11 10
23 24 10
23 35 10
23 59 10
23 48 10
23 38 10
25 26 10
29 29 10
29 42 10
29 57 10
29 37 10
29 56 10
35 40 10
38 100 10
39 76 10
40 27 10
42 31 10
42 21 10
43 43 10
50 64 10
50 24 10
57 4 10
61 0 10
70 98 10
72 9 10
73 27 10
76 1 10
79 109 10
84 118 10
85 81 10
87 106 10
98 33 10
103 47 10
108 134 10
111 63 10
118 112 10
120 42 10
121 84 10
122 131 10
122 45 10
122 63 10
143 37 10
146 13 10
148 36 10
150 133 10
0 2 11
0 4 11
0 15 11
0 10 11
0 0 11
1 5 11
2 43 11
3 28 11
3 71 11
4 1 11
4 10 11
4 8 11
5 1 11
5 2 11
5 4 11
5 0 11
5 101 11
7 37 11
7 29 11
7 17 11
7 7 11
7 68 11
7 56 11
7 61 11
8 4 11
10 10 11
15 0 11
17 7 11
17 29 11
17 17 11
17 79 11
17 111 11
18 5 11
18 15 11
18 16 11
18 59 11
19 65 11
19 69 11
19 119 11
20 3 11
21 22 11
21 66 11
23 23 11
23 35 11
23 11 11
23 49 11
24 118 11
24 47 11
25 26 11
30 61 11
36 132 11
37 102 11
40 138 11
40 33 11
41 109 11
42 28 11
45 37 11
45 36 11
45 106 11
46 111 11
54 8 11
55 97 11
56 129 11
58 66 11
63 65 11
67 40 11
69 127 11
70 51 11
86 89 11
100 6 11
101 51 11
109 84 11
112 21 11
114 45 11
119 150 11
121 143 11
121 146 11
142 48 11
149 51 11
150 68 11
0 15 12
0 10 12
0 2 12
1 0 12
2 0 12
3 48 12
4 0 12
4 8 12
4 2 12
4 15 12
4 10 12
7 7 12
7 29 12
7 36 12
7 56 12
7 45 12
8 69 12
9 30 12
14 25 12
14 31 12
14 46 12
15 93 12
16 56 12
17 7 12
17 29 12
17 17 12
17 57 12
17 140 12
18 18 12
18 16 12
19 76 12
20 8 12
20 18 12
23 35 12
23 23 12
28 29 12
29 22 12
29 17 12
29 7 12
29 34 12
29 21 12
29 57 12
31 141 12
33 48 12
39 67 12
43 43 12
43 27 12
45 7 12
45 36 12
46 6 12
46 26 12
46 47 12
46 74 12
47 94 12
48 99 12
56 53 12
57 20 12
58 8 12
58 84 12
59 18 12
59 106 12
59 150 12
64 73 12
72 84 12
74 108 12
75 87 12
77 20 12
77 37 12
79 74 12
81 63 12
81 56 12
84 91 12
85 50 12
86 51 12
89 108 12
90 24 12
94 27 12
95 122 12
101 30 12
104 143 12
109 69 12
123 22 12
125 132 12
136 99 12
139 60 12
143 139 12
146 47 12
0 1 13
0 2 13
0 4 13
0 8 13
0 50 13
0 16 13
1 0 13
2 0 13
2 5 13
2 2 13
2 65 13
3 7 13
4 2 13
4 10 13
4 5 13
4 0 13
4 15 13
7 7 13
7 32 13
7 3 13
7 36 13
7 37 13
7 29 13
7 56 13
7 103 13
8 0 13
8 20 13
8 8 13
9 8 13
12 9 13
15 0 13
17 37 13
17 57 13
18 59 13
18 5 13
18 16 13
20 14 13
20 8 13
20 114 13
22 21 13
23 35 13
23 11 13
23 59 13
23 23 13
24 127 13
25 26 13
25 25 13
26 26 13
26 79 13
26 40 13
26 74 13
26 75 13
26 78 13
28 124 13
29 13 13
29 60 13
31 59 13
31 68 13
36 78 13
36 148 13
40 88 13
41 99 13
43 43 13
45 7 13
46 6 13
46 20 13
52 104 13
62 37 13
69 8 13
73 134 13
74 32 13
75 117 13
77 77 13
78 61 13
78 26 13
80 30 13
81 135 13
81 79 13
83 36 13
85 57 13
86 87 13
87 51 13
88 114 13
89 94 13
94 32 13
97 3 13
99 8 13
105 133 13
121 109 13
122 21 13
126 13 13
130 18 13
132 140 13
145 131 13
147 72 13
149 112 13
0 15 14
0 10 14
0 2 14
0 5 14
0 4 14
0 8 14
0 69 14
0 0 14
1 0 14
2 0 14
2 4 14
2 5 14
4 15 14
7 57 14
7 37 14
7 36 14
8 69 14
9 69 14
10 10 14
11 8 14
11 54 14
15 0 14
15 16 14
16 15 14
16 21 14
17 37 14
17 7 14
17 36 14
17 29 14
18 3 14
18 18 14
19 31 14
19 54 14
19 7 14
20 66 14
21 89 14
21 84 14
21 10 14
23 24 14
23 35 14
23 59 14
23 23 14
23 48 14
23 11 14
23 38 14
26 40 14
26 26 14
26 25 14
26 84 14
26 67 14
26 61 14
27 27 14
28 139 14
29 37 14
29 42 14
29 7 14
29 56 14
29 22 14
29 21 14
31 0 14
33 83 14
33 36 14
36 83 14
38 66 14
39 19 14
45 29 14
45 7 14
45 37 14
45 22 14
45 21 14
48 100 14
50 119 14
52 6 14
53 33 14
61 78 14
62 33 14
64 45 14
66 58 14
69 0 14
70 51 14
70 90 14
70 91 14
74 32 14
74 40 14
77 77 14
78 74 14
78 61 14
78 78 14
78 101 14
80 7 14
80 88 14
81 74 14
83 36 14
83 33 14
83 37 14
83 90 14
84 53 14
87 118 14
91 58 14
92 58 14
98 111 14
100 54 14
109 113 14
116 56 14
118 2 14
121 113 14
122 150 14
127 126 14
131 127 14
131 150 14
143 123 14
144 27 14
145 56 14
146 24 14
0 16 15
0 10 15
0 8 15
0 5 15
0 4 15
0 2 15
0 0 15
0 69 15
0 93 15
1 0 15
2 4 15
2 5 15
2 93 15
3 3 15
3 43 15
3 71 15
3 7 15
3 28 15
4 0 15
4 2 15
4 5 15
7 17 15
7 83 15
7 36 15
7 33 15
7 31 15
7 32 15
8 0 15
8 69 15
8 95 15
9 11 15
9 53 15
9 12 15
10 10 15
10 4 15
11 82 15
11 74 15
11 19 15
11 65 15
11 58 15
11 38 15
11 35 15
11 24 15
11 66 15
11 28 15
11 95 15
14 15 15
14 108 15
15 0 15
15 16 15
15 17 15
16 0 15
16 15 15
16 16 15
16 3 15
17 7 15
17 37 15
17 36 15
17 29 15
17 33 15
17 42 15
18 15 15
18 16 15
18 61 15
18 71 15
18 3 15
18 11 15
19 65 15
19 54 15
19 66 15
19 58 15
19 31 15
19 11 15
20 80 15
20 92 15
20 39 15
20 8 15
21 22 15
21 84 15
21 94 15
21 50 15
21 79 15
21 89 15
21 147 15
22 120 15
23 23 15
23 24 15
23 35 15
23 59 15
23 38 15
25 26 15
25 25 15
26 25 15
26 40 15
26 26 15
26 61 15
27 27 15
28 11 15
28 3 15
29 34 15
29 7 15
29 68 15
29 42 15
29 83 15
29 57 15
29 13 15
29 33 15
29 14 15
29 67 15
31 132 15
33 37 15
33 83 15
34 36 15
34 83 15
34 37 15
34 61 15
34 60 15
36 7 15
36 56 15
37 7 15
37 36 15
38 36 15
41 125 15
43 115 15
45 22 15
45 21 15
45 45 15
45 84 15
54 8 15
54 69 15
57 34 15
58 60 15
59 35 15
60 29 15
61 121 15
65 118 15
68 7 15
68 36 15
68 83 15
68 68 15
68 63 15
70 87 15
70 41 15
71 3 15
71 24 15
72 126 15
74 47 15
75 70 15
77 77 15
77 48 15
77 2 15
78 61 15
79 84 15
81 75 15
81 61 15
81 78 15
81 58 15
81 25 15
81 82 15
81 26 15
81 11 15
81 81 15
81 67 15
81 34 15
83 29 15
83 36 15
86 95 15
86 96 15
86 121 15
88 31 15
89 21 15
89 45 15
91 126 15
93 4 15
93 5 15
93 0 15
95 87 15
95 136 15
95 142 15
99 0 15
101 92 15
102 117 15
105 141 15
106 110 15
109 124 15
112 35 15
117 26 15
123 93 15
131 126 15
133 94 15
133 17 15
139 101 15
140 68 15
146 131 15
148 37 15
0 15 16
0 1 16
0 2 16
0 5 16
0 93 16
0 19 16
0 16 16
0 27 16
0 50 16
0 10 16
1 0 16
1 93 16
1 5 16
2 93 16
2 0 16
2 4 16
2 19 16
2 77 16
3 7 16
3 71 16
3 18 16
4 10 16
7 37 16
7 29 16
7 83 16
7 56 16
7 44 16
7 36 16
7 3 16
7 45 16
7 7 16
8 142 16
9 62 16
9 69 16
9 47 16
10 51 16
10 4 16
10 10 16
10 22 16
11 28 16
11 19 16
11 18 16
11 74 16
11 82 16
12 22 16
16 0 16
16 116 16
16 51 16
17 33 16
17 83 16
17 36 16
17 37 16
17 7 16
17 45 16
17 0 16
17 44 16
18 15 16
18 11 16
18 71 16
18 18 16
19 9 16
19 19 16
19 31 16
19 88 16
19 45 16
20 0 16
21 84 16
21 22 16
21 53 16
21 50 16
21 10 16
21 21 16
22 45 16
22 72 16
23 35 16
23 24 16
23 48 16
23 23 16
23 11 16
23 81 16
23 59 16
23 120 16
24 7 16
25 58 16
25 26 16
25 25 16
26 25 16
26 40 16
26 61 16
26 79 16
26 67 16
26 75 16
28 67 16
29 36 16
29 37 16
29 33 16
29 17 16
33 36 16
33 109 16
36 56 16
36 37 16
36 36 16
36 150 16
36 18 16
37 36 16
37 83 16
39 136 16
41 3 16
41 71 16
45 45 16
45 22 16
45 21 16
45 17 16
45 36 16
45 53 16
45 84 16
45 89 16
46 6 16
46 55 16
52 102 16
53 21 16
53 75 16
53 138 16
54 17 16
55 38 16
55 25 16
57 56 16
58 61 16
59 30 16
61 8 16
63 93 16
64 53 16
66 58 16
68 25 16
70 87 16
70 59 16
70 46 16
71 3 16
71 41 16
74 79 16
74 47 16
74 67 16
74 58 16
74 61 16
74 32 16
74 75 16
74 100 16
76 87 16
77 77 16
77 2 16
77 93 16
79 90 16
81 81 16
81 6 16
83 83 16
84 45 16
85 57 16
86 95 16
88 7 16
91 86 16
93 2 16
93 5 16
93 0 16
96 141 16
101 93 16
102 49 16
104 59 16
105 15 16
107 14 16
109 126 16
109 72 16
111 64 16
111 88 16
114 51 16
116 9 16
118 62 16
121 115 16
124 1 16
125 0 16
125 4 16
128 5 16
132 25 16
141 56 16
142 125 16
147 25 16
150 58 16
0 15 17
0 5 17
0 4 17
0 0 17
0 51 17
0 27 17
0 50 17
0 8 17
0 69 17
1 0 17
1 93 17
1 5 17
2 0 17
2 77 17
2 5 17
2 4 17
2 2 17
6 67 17
7 31 17
7 36 17
7 33 17
7 45 17
7 37 17
7 29 17
7 83 17
7 7 17
7 88 17
8 9 17
8 20 17
8 0 17
10 77 17
10 4 17
11 24 17
11 23 17
11 58 17
11 65 17
11 66 17
11 19 17
11 82 17
11 38 17
11 64 17
11 35 17
11 69 17
15 16 17
15 0 17
16 18 17
16 15 17
17 34 17
17 7 17
17 37 17
17 36 17
17 13 17
17 44 17
17 42 17
18 16 17
18 18 17
19 64 17
19 66 17
19 65 17
19 31 17
19 55 17
19 19 17
19 102 17
20 14 17
21 84 17
21 53 17
21 22 17
21 10 17
21 89 17
21 79 17
21 21 17
22 45 17
22 21 17
23 82 17
23 24 17
23 35 17
23 23 17
23 11 17
23 38 17
23 75 17
25 26 17
26 25 17
26 84 17
26 26 17
26 40 17
26 61 17
26 7 17
26 30 17
26 32 17
27 55 17
29 34 17
29 22 17
29 7 17
29 42 17
29 13 17
29 21 17
29 17 17
29 29 17
29 56 17
29 57 17
29 99 17
31 88 17
31 7 17
33 37 17
33 17 17
33 36 17
33 83 17
33 68 17
33 82 17
34 34 17
34 59 17
36 68 17
38 11 17
38 79 17
39 93 17
39 5 17
39 0 17
41 3 17
41 71 17
43 43 17
44 57 17
45 45 17
45 22 17
45 84 17
45 37 17
46 62 17
46 15 17
48 3 17
54 62 17
54 14 17
54 13 17
54 98 17
54 63 17
54 121 17
58 19 17
58 11 17
58 66 17
59 42 17
62 62 17
62 20 17
65 88 17
66 80 17
71 3 17
74 78 17
74 75 17
74 67 17
74 32 17
74 74 17
74 47 17
75 91 17
76 35 17
77 2 17
77 10 17
77 77 17
80 30 17
80 122 17
81 81 17
82 144 17
83 7 17
83 37 17
83 36 17
83 34 17
85 57 17
87 99 17
88 31 17
89 45 17
89 84 17
89 21 17
89 109 17
89 108 17
89 53 17
89 72 17
89 50 17
89 106 17
89 105 17
89 104 17
89 103 17
89 102 17
89 94 17
89 101 17
89 89 17
91 86 17
93 2 17
93 4 17
93 0 17
93 39 17
94 31 17
97 109 17
98 14 17
99 138 17
100 100 17
102 6 17
102 47 17
109 124 17
110 94 17
118 87 17
125 146 17
134 150 17
138 135 17
141 17 17
141 16 17
142 104 17
142 72 17
0 1 18
0 15 18
0 5 18
0 93 18
0 8 18
0 69 18
0 4 18
0 43 18
0 65 18
0 31 18
1 0 18
1 93 18
1 2 18
2 0 18
2 93 18
2 5 18
3 71 18
3 23 18
4 2 18
4 5 18
4 10 18
4 77 18
6 16 18
6 6 18
7 31 18
7 29 18
7 37 18
7 17 18
7 66 18
7 45 18
7 36 18
7 33 18
7 44 18
7 7 18
7 25 18
7 74 18
8 9 18
8 69 18
8 8 18
8 0 18
8 43 18
9 90 18
10 4 18
10 10 18
10 117 18
11 19 18
11 28 18
11 74 18
12 124 18
13 57 18
13 85 18
13 9 18
13 13 18
15 16 18
15 77 18
16 18 18
16 3 18
16 6 18
16 59 18
17 85 18
17 29 18
17 17 18
17 44 18
17 13 18
18 18 18
18 16 18
19 69 18
19 88 18
19 65 18
19 19 18
20 20 18
20 8 18
20 6 18
20 140 18
21 45 18
21 22 18
21 84 18
21 89 18
21 79 18
21 21 18
21 50 18
21 53 18
21 104 18
21 94 18
21 17 18
22 45 18
23 11 18
23 35 18
23 24 18
23 48 18
23 23 18
25 26 18
25 28 18
26 26 18
26 40 18
26 25 18
26 74 18
26 92 18
26 61 18
26 7 18
27 27 18
28 25 18
29 37 18
29 42 18
29 17 18
29 45 18
29 7 18
29 57 18
29 44 18
29 29 18
29 56 18
31 88 18
31 7 18
32 7 18
33 83 18
33 37 18
34 36 18
35 23 18
36 83 18
36 17 18
37 7 18
37 17 18
37 36 18
38 99 18
39 16 18
39 18 18
39 39 18
40 26 18
40 61 18
40 75 18
40 74 18
40 47 18
43 0 18
43 69 18
43 8 18
45 22 18
45 21 18
45 47 18
45 45 18
45 7 18
45 29 18
45 84 18
45 65 18
46 23 18
46 134 18
47 110 18
48 11 18
48 23 18
48 24 18
51 62 18
54 14 18
54 98 18
54 62 18
54 13 18
54 20 18
54 0 18
54 43 18
54 9 18
54 3 18
57 85 18
57 29 18
57 59 18
59 16 18
59 145 18
61 78 18
61 61 18
61 74 18
61 13 18
64 64 18
64 11 18
68 83 18
69 0 18
69 8 18
71 3 18
71 71 18
72 100 18
74 32 18
74 40 18
74 26 18
76 113 18
76 138 18
77 77 18
77 4 18
77 131 18
80 92 18
80 31 18
80 88 18
80 55 18
80 7 18
80 16 18
80 40 18
81 81 18
82 122 18
83 36 18
83 83 18
83 37 18
85 29 18
88 31 18
89 45 18
89 108 18
89 109 18
89 53 18
89 100 18
89 72 18
89 97 18
89 89 18
89 84 18
89 102 18
89 103 18
89 104 18
89 105 18
89 79 18
89 106 18
89 107 18
89 22 18
90 97 18
91 3 18
93 5 18
93 0 18
93 2 18
93 39 18
93 4 18
94 139 18
94 101 18
95 86 18
95 96 18
95 87 18
96 2 18
100 105 18
100 104 18
100 50 18
100 72 18
100 108 18
101 103 18
101 7 18
104 18 18
105 103 18
105 101 18
108 94 18
108 101 18
112 26 18
112 125 18
119 105 18
127 110 18
127 25 18
132 60 18
133 134 18
133 140 18
138 68 18
142 102 18
143 148 18
145 100 18
146 25 18
149 67 18
0 15 19
0 1 19
0 2 19
0 93 19
0 8 19
0 69 19
0 4 19
0 0 19
0 18 19
1 0 19
1 2 19
1 93 19
1 5 19
2 93 19
2 0 19
2 5 19
2 4 19
2 39 19
2 91 19
3 16 19
3 71 19
3 3 19
3 42 19
5 72 19
5 3 19
6 16 19
7 66 19
7 33 19
7 37 19
7 26 19
7 29 19
7 88 19
7 83 19
7 32 19
7 134 19
8 9 19
8 8 19
8 52 19
8 69 19
8 20 19
8 43 19
9 8 19
9 143 19
10 43 19
10 10 19
11 142 19
12 14 19
12 44 19
12 63 19
12 8 19
12 13 19
12 57 19
12 98 19
12 9 19
12 75 19
13 44 19
13 13 19
13 29 19
14 37 19
14 149 19
14 133 19
16 18 19
16 25 19
16 15 19
16 6 19
16 3 19
16 86 19
17 7 19
17 57 19
17 36 19
17 29 19
17 17 19
17 44 19
17 13 19
18 15 19
18 16 19
19 8 19
19 9 19
19 31 19
20 20 19
20 8 19
20 62 19
20 9 19
21 45 19
21 84 19
21 10 19
21 89 19
21 50 19
21 94 19
21 107 19
21 104 19
21 29 19
21 72 19
22 45 19
22 22 19
22 78 19
22 21 19
22 8 19
22 63 19
22 14 19
22 9 19
23 35 19
23 24 19
23 11 19
23 23 19
23 48 19
23 81 19
25 26 19
25 25 19
25 16 19
26 40 19
26 26 19
26 79 19
27 79 19
27 30 19
28 42 19
29 7 19
29 37 19
29 13 19
29 42 19
29 17 19
30 92 19
32 7 19
33 37 19
33 17 19
33 7 19
33 36 19
33 56 19
33 29 19
35 22 19
37 7 19
37 33 19
37 17 19
37 83 19
37 36 19
37 133 19
38 58 19
38 24 19
38 23 19
38 35 19
38 82 19
39 39 19
39 16 19
40 74 19
40 61 19
40 67 19
40 26 19
40 29 19
43 43 19
43 10 19
43 124 19
44 148 19
45 21 19
45 22 19
45 84 19
45 45 19
45 29 19
45 7 19
45 89 19
46 47 19
48 64 19
48 11 19
48 128 19
49 59 19
50 74 19
53 63 19
54 146 19
56 56 19
56 7 19
56 33 19
57 13 19
57 34 19
57 44 19
61 81 19
61 40 19
62 62 19
62 9 19
64 88 19
67 67 19
67 61 19
69 8 19
69 19 19
71 3 19
71 103 19
72 2 19
72 5 19
72 131 19
73 96 19
74 26 19
74 40 19
74 75 19
74 67 19
74 61 19
74 47 19
74 32 19
77 77 19
78 38 19
78 53 19
83 36 19
83 91 19
84 45 19
85 57 19
86 146 19
88 88 19
88 7 19
89 21 19
89 45 19
89 89 19
89 101 19
89 94 19
89 103 19
89 104 19
89 105 19
89 106 19
89 107 19
89 108 19
89 109 19
89 53 19
89 50 19
89 100 19
89 72 19
89 84 19
89 111 19
90 139 19
90 21 19
93 39 19
93 4 19
93 5 19
93 110 19
95 87 19
100 108 19
100 109 19
100 50 19
100 107 19
100 94 19
100 104 19
100 105 19
104 100 19
105 83 19
106 146 19
107 21 19
108 94 19
108 107 19
108 102 19
108 105 19
108 100 19
110 46 19
111 32 19
115 148 19
116 139 19
117 69 19
120 24 19
120 38 19
121 33 19
125 139 19
125 65 19
131 111 19
139 68 19
144 40 19
147 138 19
150 90 19
0 1 20
0 69 20
0 4 20
0 93 20
0 5 20
0 39 20
0 15 20
0 31 20
0 116 20
1 85 20
2 4 20
3 0 20
4 5 20
4 81 20
7 36 20
7 29 20
7 88 20
7 1 20
8 69 20
8 20 20
9 19 20
10 10 20
11 82 20
11 64 20
12 43 20
13 29 20
14 145 20
15 16 20
16 72 20
16 61 20
16 18 20
16 15 20
16 6 20
16 39 20
17 56 20
17 7 20
17 29 20
17 83 20
17 36 20
17 44 20
17 42 20
17 71 20
17 85 20
18 18 20
18 39 20
19 65 20
19 9 20
19 31 20
19 69 20
19 19 20
19 58 20
19 88 20
19 149 20
19 141 20
20 8 20
20 54 20
20 20 20
21 97 20
21 9 20
21 29 20
21 45 20
21 22 20
21 84 20
21 21 20
21 62 20
21 98 20
21 47 20
21 74 20
22 12 20
23 24 20
23 48 20
23 23 20
23 35 20
24 103 20
25 26 20
26 25 20
26 61 20
26 40 20
26 74 20
26 67 20
26 26 20
27 27 20
28 16 20
29 37 20
29 22 20
29 35 20
32 80 20
32 92 20
32 25 20
32 7 20
32 31 20
32 40 20
32 113 20
32 75 20
32 67 20
32 47 20
32 26 20
35 142 20
36 83 20
36 33 20
37 85 20
38 99 20
39 16 20
39 18 20
39 39 20
45 21 20
45 22 20
45 84 20
45 45 20
45 29 20
45 7 20
51 21 20
54 20 20
56 120 20
57 121 20
60 129 20
60 19 20
60 26 20
61 74 20
61 113 20
62 62 20
62 98 20
64 81 20
64 47 20
64 58 20
64 112 20
64 11 20
64 150 20
69 95 20
71 3 20
72 16 20
74 32 20
74 47 20
74 6 20
74 71 20
74 61 20
74 78 20
74 7 20
74 67 20
75 59 20
76 114 20
76 6 20
77 77 20
77 10 20
78 79 20
78 6 20
78 32 20
79 78 20
80 88 20
80 7 20
82 16 20
83 83 20
83 37 20
83 36 20
83 33 20
83 68 20
84 1 20
86 108 20
88 31 20
88 30 20
88 19 20
88 7 20
88 80 20
89 89 20
89 22 20
89 62 20
89 47 20
89 74 20
89 21 20
89 65 20
93 39 20
93 0 20
93 2 20
93 4 20
94 29 20
95 87 20
95 96 20
100 84 20
100 50 20
100 104 20
100 94 20
100 107 20
100 105 20
100 108 20
106 107 20
108 94 20
108 100 20
108 102 20
108 104 20
122 67 20
133 130 20
137 87 20
147 57 20
0 1 21
0 5 21
0 93 21
0 4 21
0 15 21
0 39 21
0 69 21
0 0 21
1 122 21
1 2 21
2 4 21
2 5 21
2 0 21
2 2 21
2 68 21
3 71 21
3 6 21
3 3 21
4 2 21
4 93 21
4 5 21
4 0 21
4 146 21
6 71 21
6 3 21
7 37 21
7 83 21
7 17 21
7 33 21
8 69 21
9 69 21
10 77 21
11 48 21
11 30 21
11 23 21
11 38 21
11 58 21
11 24 21
11 82 21
12 22 21
12 45 21
14 57 21
16 18 21
16 72 21
16 15 21
16 39 21
17 29 21
17 36 21
17 57 21
17 37 21
17 71 21
17 85 21
17 56 21
17 44 21
17 3 21
17 45 21
17 83 21
17 68 21
17 137 21
17 50 21
18 16 21
18 39 21
19 65 21
19 66 21
19 31 21
19 54 21
19 88 21
20 9 21
20 8 21
21 89 21
21 22 21
21 21 21
21 74 21
21 45 21
21 84 21
22 21 21
23 24 21
23 11 21
23 30 21
23 35 21
24 23 21
24 60 21
24 58 21
25 26 21
25 40 21
25 28 21
26 26 21
26 40 21
26 7 21
26 79 21
26 32 21
26 47 21
26 61 21
26 74 21
26 75 21
26 78 21
26 113 21
27 27 21
29 17 21
29 7 21
29 22 21
29 42 21
29 57 21
29 37 21
29 36 21
29 125 21
29 18 21
30 88 21
31 108 21
33 83 21
33 7 21
35 121 21
35 5 21
36 83 21
37 17 21
37 7 21
37 29 21
38 99 21
39 39 21
39 2 21
39 5 21
39 22 21
41 138 21
44 145 21
45 45 21
45 84 21
45 21 21
45 12 21
45 7 21
45 14 21
45 17 21
45 10 21
45 89 21
46 24 21
46 32 21
47 142 21
47 90 21
48 3 21
51 72 21
52 69 21
54 19 21
54 54 21
54 69 21
54 13 21
54 0 21
57 85 21
62 14 21
65 101 21
65 108 21
66 19 21
66 88 21
66 7 21
66 20 21
66 11 21
66 58 21
66 8 21
66 65 21
67 74 21
67 26 21
67 41 21
68 36 21
71 6 21
71 74 21
71 123 21
72 39 21
74 84 21
74 26 21
74 40 21
74 32 21
76 9 21
76 51 21
76 28 21
76 11 21
76 6 21
76 8 21
76 46 21
77 77 21
77 0 21
77 67 21
78 78 21
78 38 21
79 48 21
80 88 21
80 7 21
80 59 21
82 2 21
83 36 21
83 37 21
83 83 21
86 30 21
86 36 21
88 19 21
88 30 21
88 64 21
88 31 21
88 88 21
89 101 21
89 94 21
89 102 21
89 103 21
89 21 21
89 105 21
89 106 21
89 53 21
89 108 21
89 111 21
89 109 21
89 50 21
89 100 21
89 72 21
89 97 21
89 107 21
89 89 21
90 24 21
93 39 21
93 2 21
93 4 21
100 84 21
100 105 21
100 107 21
100 94 21
100 104 21
100 108 21
100 101 21
101 108 21
101 102 21
101 132 21
104 26 21
104 0 21
105 82 21
105 118 21
107 21 21
108 94 21
108 107 21
109 97 21
109 106 21
109 111 21
109 101 21
109 103 21
112 15 21
113 40 21
113 43 21
117 142 21
127 145 21
128 76 21
128 60 21
129 117 21
130 62 21
130 21 21
137 1 21
137 103 21
142 137 21
142 29 21
142 114 21
145 83 21
149 5 21
0 93 22
0 15 22
0 2 22
0 1 22
0 10 22
0 8 22
0 148 22
1 2 22
1 0 22
2 93 22
2 39 22
2 1 22
2 72 22
2 2 22
2 68 22
3 71 22
3 41 22
3 6 22
3 31 22
3 111 22
4 2 22
4 10 22
4 0 22
4 5 22
4 93 22
5 2 22
5 4 22
5 93 22
5 39 22
5 57 22
6 72 22
6 3 22
6 71 22
6 45 22
6 74 22
7 33 22
7 37 22
7 36 22
7 32 22
7 17 22
7 7 22
8 69 22
8 112 22
8 0 22
10 10 22
10 43 22
10 4 22
10 0 22
11 38 22
11 24 22
11 58 22
11 82 22
13 20 22
13 69 22
15 16 22
15 0 22
15 81 22
16 18 22
16 15 22
16 39 22
16 6 22
16 78 22
17 68 22
17 44 22
17 37 22
17 36 22
17 34 22
17 29 22
17 57 22
17 56 22
17 12 22
17 13 22
17 33 22
18 39 22
18 16 22
18 6 22
18 3 22
18 18 22
18 72 22
19 9 22
19 19 22
19 65 22
19 31 22
19 88 22
20 9 22
21 89 22
21 22 22
21 84 22
21 45 22
21 62 22
21 21 22
21 72 22
21 29 22
21 97 22
21 50 22
21 105 22
21 108 22
21 107 22
22 45 22
22 21 22
22 22 22
23 24 22
23 38 22
23 30 22
23 35 22
23 48 22
24 23 22
24 33 22
25 26 22
25 25 22
26 7 22
26 25 22
26 26 22
26 32 22
26 78 22
26 61 22
26 113 22
26 67 22
26 47 22
26 40 22
26 88 22
27 27 22
28 28 22
28 142 22
29 42 22
29 7 22
29 22 22
29 56 22
29 29 22
29 17 22
29 21 22
29 13 22
29 57 22
29 34 22
29 37 22
31 64 22
31 88 22
31 66 22
31 19 22
33 36 22
33 37 22
36 83 22
36 7 22
36 68 22
36 56 22
36 37 22
38 99 22
39 2 22
39 5 22
39 6 22
39 39 22
39 18 22
39 16 22
41 3 22
43 9 22
43 8 22
44 55 22
45 22 22
45 84 22
45 21 22
45 7 22
45 17 22
45 37 22
45 45 22
45 89 22
45 10 22
45 36 22
45 115 22
48 3 22
48 132 22
51 86 22
52 124 22
52 84 22
53 78 22
54 19 22
54 8 22
57 85 22
57 139 22
62 9 22
64 65 22
64 64 22
64 31 22
64 14 22
64 110 22
65 64 22
66 74 22
67 93 22
68 115 22
69 8 22
71 3 22
72 16 22
72 6 22
72 3 22
72 39 22
74 66 22
74 26 22
74 32 22
74 61 22
74 78 22
74 67 22
74 47 22
74 75 22
74 7 22
74 71 22
74 40 22
74 6 22
74 94 22
76 6 22
76 8 22
76 9 22
76 55 22
76 19 22
76 63 22
76 14 22
77 97 22
77 77 22
78 74 22
78 61 22
78 78 22
79 93 22
81 59 22
83 37 22
83 36 22
83 33 22
83 83 22
83 7 22
86 132 22
88 60 22
89 21 22
89 64 22
89 72 22
93 39 22
93 0 22
93 72 22
98 43 22
98 14 22
100 107 22
100 108 22
100 105 22
100 94 22
100 50 22
100 84 22
100 104 22
100 111 22
100 106 22
100 102 22
105 100 22
107 100 22
107 21 22
107 139 22
108 94 22
108 100 22
108 107 22
108 104 22
108 50 22
108 21 22
108 103 22
108 102 22
108 105 22
108 84 22
110 25 22
112 19 22
113 95 22
114 0 22
115 115 22
115 31 22
117 75 22
120 130 22
121 131 22
126 86 22
128 93 22
128 61 22
129 84 22
132 103 22
137 62 22
139 36 22
143 40 22
144 46 22
146 60 22
148 140 22
149 22 22
0 93 23
0 19 23
0 31 23
0 5 23
0 39 23
0 69 23
0 15 23
0 10 23
0 123 23
1 98 23
1 23 23
2 4 23
2 72 23
2 39 23
2 5 23
2 0 23
2 6 23
2 18 23
3 71 23
3 41 23
3 6 23
3 39 23
4 2 23
4 93 23
4 5 23
4 0 23
4 10 23
4 1 23
5 4 23
5 0 23
5 39 23
5 2 23
6 3 23
7 7 23
7 40 23
7 41 23
7 36 23
7 83 23
7 45 23
7 33 23
7 17 23
7 37 23
7 32 23
7 44 23
7 56 23
7 61 23
8 8 23
8 91 23
8 27 23
8 55 23
8 117 23
8 121 23
8 11 23
8 6 23
9 8 23
9 141 23
10 77 23
10 43 23
10 4 23
10 10 23
11 58 23
11 82 23
11 48 23
11 61 23
11 120 23
11 24 23
11 23 23
11 114 23
12 45 23
12 22 23
12 14 23
13 57 23
13 37 23
13 44 23
13 73 23
13 14 23
13 29 23
13 104 23
14 57 23
14 9 23
14 62 23
14 8 23
15 2 23
15 82 23
15 16 23
15 39 23
15 18 23
16 72 23
16 15 23
16 18 23
16 6 23
16 39 23
16 71 23
16 75 23
17 7 23
17 36 23
17 37 23
17 83 23
17 29 23
17 33 23
18 72 23
18 3 23
18 15 23
18 39 23
18 4 23
19 65 23
19 54 23
19 19 23
20 14 23
20 8 23
20 20 23
21 110 23
22 45 23
22 22 23
22 8 23
23 24 23
23 11 23
23 48 23
23 30 23
25 28 23
25 26 23
26 26 23
26 74 23
26 25 23
26 92 23
26 61 23
26 78 23
26 88 23
26 75 23
26 7 23
26 113 23
26 31 23
27 106 23
28 72 23
28 25 23
29 29 23
32 113 23
32 104 23
32 47 23
33 68 23
33 7 23
33 37 23
34 0 23
35 11 23
35 23 23
36 33 23
36 83 23
36 29 23
36 17 23
37 7 23
37 36 23
37 83 23
37 33 23
38 99 23
39 6 23
39 72 23
39 16 23
39 18 23
39 39 23
41 3 23
41 71 23
43 112 23
43 10 23
45 22 23
45 89 23
45 45 23
45 62 23
45 83 23
45 37 23
45 36 23
45 29 23
45 12 23
47 26 23
48 46 23
52 8 23
54 8 23
54 54 23
54 33 23
57 85 23
57 14 23
57 13 23
57 37 23
59 122 23
61 40 23
61 7 23
61 74 23
61 26 23
61 75 23
61 67 23
61 32 23
61 78 23
61 61 23
61 72 23
61 5 23
62 20 23
62 9 23
62 35 23
64 65 23
64 31 23
64 66 23
64 19 23
64 106 23
65 64 23
66 64 23
68 137 23
70 14 23
71 3 23
71 6 23
72 6 23
72 2 23
72 39 23
72 74 23
74 8 23
74 47 23
74 32 23
74 84 23
74 104 23
74 67 23
74 75 23
74 61 23
74 78 23
74 26 23
74 40 23
74 7 23
76 51 23
76 9 23
76 22 23
76 46 23
76 55 23
76 6 23
76 19 23
76 121 23
76 114 23
76 13 23
76 126 23
77 77 23
77 15 23
77 10 23
79 149 23
82 150 23
83 83 23
83 33 23
83 37 23
83 36 23
83 7 23
83 85 23
83 12 23
84 0 23
85 36 23
85 37 23
85 33 23
85 83 23
86 129 23
86 25 23
86 124 23
88 65 23
88 64 23
88 17 23
89 22 23
89 82 23
93 4 23
93 0 23
93 5 23
93 39 23
94 107 23
94 84 23
94 104 23
97 77 23
98 14 23
98 63 23
98 116 23
98 43 23
99 68 23
100 97 23
100 53 23
100 103 23
100 84 23
100 94 23
100 104 23
100 106 23
100 107 23
100 50 23
101 146 23
103 102 23
103 117 23
104 32 23
104 71 23
105 81 23
106 102 23
107 100 23
108 106 23
108 102 23
108 107 23
108 53 23
108 100 23
109 119 23
109 111 23
109 123 23
109 106 23
112 8 23
112 66 23
113 32 23
113 113 23
113 47 23
113 86 23
115 115 23
117 118 23
117 28 23
117 117 23
122 66 23
123 89 23
124 95 23
127 132 23
129 17 23
143 144 23
143 92 23
143 121 23
144 62 23
145 17 23
0 1 24
0 2 24
0 4 24
0 5 24
0 93 24
0 31 24
0 19 24
1 2 24
1 0 24
1 93 24
1 5 24
1 48 24
2 93 24
2 0 24
2 4 24
2 5 24
2 2 24
2 1 24
3 18 24
3 71 24
3 72 24
4 2 24
4 10 24
4 0 24
4 5 24
5 2 24
5 0 24
5 93 24
5 39 24
6 3 24
6 72 24
7 45 24
8 8 24
8 73 24
8 77 24
8 69 24
9 66 24
10 4 24
10 10 24
10 99 24
10 0 24
11 30 24
11 35 24
12 22 24
13 44 24
13 37 24
13 57 24
13 36 24
13 34 24
13 33 24
14 71 24
14 62 24
14 58 24
16 75 24
16 71 24
16 15 24
16 18 24
16 72 24
16 43 24
18 16 24
18 3 24
18 15 24
18 39 24
18 72 24
18 71 24
18 41 24
18 77 24
18 11 24
19 64 24
19 65 24
19 72 24
19 31 24
19 19 24
19 88 24
19 114 24
20 69 24
20 132 24
21 140 24
21 59 24
22 45 24
22 13 24
22 14 24
22 62 24
22 63 24
22 52 24
22 98 24
22 126 24
23 24 24
23 48 24
23 35 24
23 112 24
23 30 24
23 120 24
24 23 24
24 39 24
25 118 24
25 117 24
25 28 24
25 126 24
26 40 24
26 26 24
26 7 24
26 25 24
26 67 24
26 61 24
28 117 24
28 28 24
29 8 24
31 31 24
31 124 24
32 7 24
32 32 24
32 46 24
32 31 24
33 36 24
34 83 24
34 33 24
34 37 24
35 31 24
35 11 24
35 23 24
36 83 24
36 64 24
37 83 24
37 33 24
37 36 24
37 34 24
39 18 24
39 16 24
39 11 24
39 19 24
39 39 24
41 71 24
41 3 24
41 18 24
43 98 24
45 45 24
45 12 24
45 22 24
45 63 24
45 6 24
45 29 24
45 37 24
45 34 24
45 84 24
46 70 24
46 90 24
46 32 24
47 96 24
48 23 24
54 8 24
55 69 24
56 56 24
56 29 24
56 42 24
58 82 24
59 124 24
60 122 24
60 131 24
62 9 24
62 114 24
64 64 24
64 126 24
66 65 24
66 64 24
66 147 24
68 68 24
68 29 24
68 56 24
68 33 24
68 52 24
69 8 24
69 52 24
69 27 24
69 117 24
69 133 24
69 19 24
69 65 24
69 114 24
69 9 24
69 54 24
69 69 24
69 128 24
69 121 24
71 40 24
71 67 24
71 6 24
71 74 24
71 3 24
71 131 24
72 16 24
72 6 24
72 3 24
72 19 24
74 32 24
74 78 24
74 67 24
74 72 24
74 40 24
76 51 24
76 8 24
76 6 24
76 50 24
76 121 24
76 55 24
76 117 24
76 91 24
76 27 24
76 52 24
76 19 24
76 11 24
76 20 24
76 74 24
76 28 24
76 9 24
76 69 24
76 76 24
76 131 24
76 35 24
76 61 24
76 47 24
76 87 24
76 23 24
76 26 24
76 130 24
76 81 24
76 46 24
76 70 24
76 90 24
76 95 24
76 25 24
76 84 24
76 67 24
76 65 24
76 66 24
76 97 24
76 24 24
76 112 24
76 107 24
76 32 24
76 60 24
76 59 24
76 40 24
76 110 24
76 132 24
76 126 24
76 104 24
76 122 24
76 82 24
76 38 24
76 128 24
76 133 24
76 134 24
76 62 24
77 77 24
77 97 24
77 10 24
77 15 24
77 18 24
81 121 24
81 112 24
81 131 24
81 59 24
81 78 24
83 83 24
83 33 24
83 37 24
83 36 24
83 34 24
83 91 24
83 81 24
83 98 24
87 70 24
87 46 24
88 31 24
88 64 24
88 19 24
88 88 24
88 65 24
88 66 24
91 60 24
91 107 24
93 39 24
93 2 24
93 4 24
93 5 24
93 0 24
93 1 24
95 86 24
95 96 24
95 73 24
96 95 24
96 30 24
97 77 24
97 50 24
97 37 24
100 53 24
103 5 24
103 120 24
104 64 24
105 18 24
106 100 24
107 94 24
107 108 24
108 100 24
108 106 24
109 106 24
109 11 24
109 29 24
111 37 24
112 125 24
112 138 24
113 47 24
113 124 24
113 40 24
115 115 24
115 110 24
117 118 24
117 126 24
117 25 24
117 28 24
117 123 24
118 25 24
118 117 24
118 116 24
121 11 24
121 2 24
124 113 24
124 31 24
124 122 24
125 92 24
125 34 24
126 25 24
126 117 24
127 127 24
127 58 24
128 74 24
128 116 24
130 115 24
131 32 24
131 132 24
133 69 24
134 70 24
134 91 24
134 87 24
134 27 24
144 0 24
145 126 24
150 63 24
0 5 25
0 2 25
0 137 25
0 10 25
0 93 25
1 2 25
1 93 25
1 1 25
1 39 25
2 1 25
2 5 25
2 93 25
2 39 25
2 124 25
2 56 25
3 6 25
3 72 25
3 71 25
3 3 25
3 118 25
4 93 25
4 2 25
4 5 25
4 10 25
4 1 25
5 93 25
5 1 25
5 4 25
5 90 25
6 3 25
7 70 25
7 138 25
7 86 25
7 60 25
7 96 25
7 135 25
7 27 25
7 136 25
7 45 25
7 84 25
8 69 25
8 112 25
8 9 25
8 22 25
8 140 25
8 70 25
10 77 25
10 10 25
10 4 25
10 141 25
10 148 25
11 22 25
12 22 25
13 57 25
13 83 25
13 34 25
13 37 25
13 79 25
14 33 25
15 18 25
15 39 25
16 15 25
16 18 25
16 72 25
18 3 25
18 72 25
18 77 25
18 39 25
18 137 25
19 31 25
19 114 25
19 9 25
19 128 25
19 11 25
19 121 25
19 117 25
20 134 25
20 8 25
22 45 25
23 48 25
23 35 25
23 11 25
23 30 25
23 23 25
23 1 25
24 23 25
24 28 25
25 125 25
28 117 25
28 8 25
30 11 25
31 140 25
32 46 25
32 61 25
34 33 25
34 37 25
34 3 25
34 12 25
35 11 25
36 83 25
36 34 25
36 33 25
37 57 25
39 39 25
39 2 25
39 59 25
39 18 25
39 3 25
39 67 25
40 69 25
42 45 25
42 35 25
42 114 25
43 18 25
43 102 25
43 105 25
44 49 25
45 22 25
45 45 25
45 17 25
45 37 25
45 7 25
45 6 25
45 29 25
48 87 25
49 132 25
50 134 25
50 27 25
51 55 25
52 69 25
54 9 25
54 8 25
54 48 25
55 19 25
56 56 25
56 29 25
56 68 25
56 33 25
56 34 25
56 15 25
56 140 25
57 66 25
58 40 25
64 31 25
64 66 25
64 19 25
65 117 25
66 53 25
67 52 25
67 122 25
68 56 25
68 34 25
68 68 25
68 33 25
68 37 25
69 9 25
69 8 25
70 31 25
72 74 25
72 39 25
72 148 25
74 128 25
74 21 25
76 69 25
76 62 25
76 46 25
76 134 25
76 55 25
76 51 25
77 97 25
77 77 25
77 15 25
77 18 25
80 120 25
81 121 25
81 59 25
82 35 25
82 120 25
82 11 25
83 83 25
83 33 25
83 34 25
83 37 25
85 131 25
88 19 25
88 64 25
88 65 25
88 66 25
88 88 25
88 31 25
92 136 25
93 2 25
93 0 25
93 39 25
95 138 25
96 135 25
97 106 25
98 17 25
99 38 25
100 25 25
101 130 25
102 97 25
105 84 25
106 97 25
107 94 25
107 108 25
107 50 25
107 104 25
107 84 25
107 105 25
107 106 25
108 107 25
108 94 25
108 106 25
108 102 25
108 97 25
108 61 25
109 123 25
109 108 25
109 97 25
112 8 25
114 14 25
114 69 25
117 26 25
118 3 25
120 83 25
121 112 25
121 131 25
121 59 25
121 39 25
121 49 25
124 124 25
125 25 25
125 139 25
125 92 25
125 30 25
126 16 25
127 14 25
127 127 25
127 9 25
128 45 25
128 47 25
128 40 25
128 26 25
128 113 25
128 67 25
128 11 25
131 138 25
133 134 25
133 27 25
133 114 25
133 17 25
134 133 25
134 46 25
134 127 25
134 50 25
134 27 25
134 110 25
134 57 25
134 8 25
134 142 25
134 11 25
135 73 25
135 96 25
135 136 25
136 135 25
137 13 25
137 114 25
138 60 25
138 86 25
138 95 25
138 97 25
138 91 25
141 10 25
141 140 25
142 65 25
147 26 25
147 29 25
1 93 26
1 2 26
1 5 26
1 0 26
1 39 26
1 137 26
1 18 26
1 62 26
2 137 26
3 71 26
3 18 26
5 1 26
5 0 26
5 93 26
5 2 26
5 137 26
5 104 26
6 8 26
6 45 26
6 78 26
6 74 26
7 60 26
7 86 26
7 70 26
7 110 26
7 136 26
7 46 26
7 22 26
7 134 26
7 144 26
7 45 26
7 95 26
7 90 26
7 87 26
7 133 26
7 27 26
8 27 26
8 134 26
8 8 26
8 52 26
8 19 26
8 128 26
8 50 26
8 71 26
8 6 26
8 133 26
8 69 26
8 74 26
8 11 26
8 121 26
8 81 26
9 62 26
10 140 26
10 77 26
10 139 26
11 93 26
11 52 26
12 14 26
12 143 26
13 14 26
14 65 26
17 45 26
17 57 26
17 29 26
17 34 26
17 13 26
17 44 26
17 17 26
17 42 26
18 3 26
18 117 26
18 118 26
18 39 26
18 72 26
18 18 26
18 130 26
19 72 26
19 88 26
19 134 26
19 114 26
19 65 26
19 31 26
20 8 26
20 32 26
22 45 26
22 9 26
22 8 26
22 22 26
25 9 26
28 63 26
29 57 26
29 45 26
29 117 26
30 88 26
31 19 26
31 88 26
31 65 26
31 69 26
32 31 26
33 34 26
33 83 26
33 37 26
34 83 26
34 33 26
34 37 26
34 29 26
34 57 26
34 79 26
35 126 26
35 101 26
36 83 26
36 33 26
36 34 26
36 36 26
36 37 26
36 85 26
39 18 26
39 3 26
39 59 26
39 72 26
41 44 26
43 114 26
44 101 26
45 22 26
45 9 26
45 8 26
45 45 26
45 6 26
45 17 26
45 14 26
45 144 26
45 143 26
45 91 26
45 74 26
45 133 26
45 27 26
45 141 26
45 29 26
46 133 26
50 104 26
51 79 26
55 81 26
55 13 26
56 29 26
56 56 26
56 34 26
56 33 26
56 68 26
56 42 26
56 83 26
57 13 26
57 44 26
58 91 26
62 9 26
62 62 26
66 147 26
67 74 26
68 56 26
68 83 26
68 29 26
68 34 26
68 33 26
72 39 26
72 6 26
72 139 26
72 18 26
72 3 26
73 69 26
74 6 26
74 7 26
74 40 26
74 130 26
74 26 26
74 61 26
74 67 26
74 128 26
74 32 26
74 113 26
74 92 26
75 41 26
77 10 26
80 4 26
81 59 26
81 39 26
83 83 26
83 33 26
83 37 26
83 148 26
86 138 26
88 11 26
91 121 26
95 86 26
95 73 26
95 46 26
95 90 26
95 87 26
95 82 26
97 104 26
97 106 26
100 106 26
100 102 26
100 97 26
103 100 26
103 86 26
106 102 26
106 108 26
107 94 26
108 94 26
108 107 26
108 106 26
109 108 26
109 100 26
114 14 26
114 20 26
115 34 26
125 88 26
127 127 26
128 113 26
128 47 26
128 74 26
128 6 26
128 121 26
128 67 26
128 70 26
133 95 26
133 121 26
134 8 26
134 133 26
134 91 26
134 95 26
134 7 26
134 22 26
135 96 26
135 136 26
135 73 26
135 61 26
135 9 26
137 5 26
137 2 26
137 140 26
137 43 26
137 1 26
137 0 26
137 93 26
138 60 26
138 95 26
138 86 26
138 84 26
138 108 26
138 53 26
139 82 26
139 30 26
140 43 26
140 77 26
140 3 26
140 10 26
140 141 26
140 2 26
140 137 26
140 5 26
140 18 26
140 93 26
140 0 26
140 1 26
140 9 26
141 45 26
141 43 26
141 144 26
141 140 26
142 142 26
142 11 26
143 143 26
143 63 26
143 12 26
143 144 26
143 98 26
144 8 26
144 22 26
148 59 26
150 134 26
0 101 27
1 2 27
1 137 27
1 93 27
1 0 27
1 5 27
1 39 27
1 18 27
1 72 27
2 137 27
2 1 27
2 0 27
2 93 27
2 57 27
3 6 27
3 71 27
3 3 27
5 1 27
5 0 27
5 93 27
5 2 27
5 137 27
6 3 27
6 74 27
6 45 27
6 116 27
6 72 27
6 71 27
6 94 27
6 141 27
7 6 27
7 70 27
7 138 27
7 86 27
7 60 27
7 144 27
7 133 27
7 87 27
7 90 27
7 95 27
7 27 27
7 135 27
7 96 27
7 110 27
7 46 27
7 136 27
8 8 27
8 90 27
8 129 27
8 81 27
8 140 27
8 45 27
9 14 27
9 20 27
9 114 27
9 8 27
9 62 27
9 140 27
10 140 27
10 77 27
10 137 27
10 10 27
12 45 27
12 140 27
12 114 27
12 9 27
12 54 27
12 98 27
12 13 27
12 63 27
12 8 27
12 5 27
13 14 27
13 62 27
13 57 27
13 63 27
13 9 27
13 17 27
13 44 27
13 29 27
14 22 27
14 9 27
14 63 27
14 114 27
14 128 27
14 20 27
14 62 27
14 98 27
14 140 27
14 127 27
14 143 27
14 8 27
14 44 27
14 13 27
14 14 27
14 69 27
14 29 27
14 37 27
14 134 27
14 6 27
14 144 27
17 29 27
17 57 27
17 44 27
17 37 27
17 85 27
17 34 27
17 33 27
18 3 27
18 71 27
18 39 27
18 112 27
18 5 27
18 41 27
18 72 27
18 122 27
18 118 27
18 82 27
19 65 27
19 69 27
19 72 27
19 19 27
19 31 27
19 64 27
19 66 27
19 131 27
20 62 27
20 30 27
20 20 27
22 45 27
22 144 27
22 22 27
23 35 27
23 82 27
26 92 27
26 25 27
27 27 27
27 90 27
28 28 27
28 72 27
29 56 27
30 23 27
30 125 27
30 88 27
31 19 27
32 104 27
33 34 27
33 42 27
33 37 27
33 83 27
33 29 27
33 56 27
33 68 27
34 83 27
34 37 27
34 127 27
34 17 27
34 36 27
34 29 27
34 42 27
34 34 27
34 68 27
34 117 27
35 30 27
35 120 27
35 21 27
36 33 27
36 83 27
36 34 27
36 37 27
37 34 27
37 85 27
37 83 27
38 144 27
40 105 27
41 3 27
41 40 27
41 146 27
41 41 27
41 115 27
43 98 27
43 143 27
43 38 27
44 37 27
44 36 27
44 83 27
44 42 27
44 34 27
45 22 27
45 144 27
45 143 27
45 141 27
45 45 27
45 6 27
45 9 27
45 8 27
45 99 27
46 51 27
46 55 27
46 47 27
46 26 27
46 112 27
46 81 27
46 70 27
46 87 27
50 104 27
51 79 27
51 74 27
51 46 27
53 141 27
54 50 27
55 11 27
55 51 27
55 39 27
55 46 27
55 65 27
55 30 27
55 88 27
56 56 27
56 29 27
56 17 27
56 68 27
56 37 27
56 42 27
57 85 27
57 57 27
59 136 27
60 120 27
60 138 27
63 92 27
63 57 27
63 9 27
63 114 27
63 12 27
63 63 27
63 98 27
63 62 27
63 121 27
63 128 27
63 113 27
63 120 27
63 143 27
63 8 27
63 142 27
63 27 27
63 88 27
63 91 27
63 95 27
63 6 27
63 30 27
63 69 27
63 26 27
63 133 27
63 144 27
63 134 27
63 11 27
63 74 27
63 124 27
63 32 27
63 52 27
63 53 27
63 86 27
63 79 27
63 40 27
63 31 27
63 130 27
63 80 27
63 101 27
63 20 27
63 125 27
63 50 27
63 71 27
63 22 27
63 127 27
63 140 27
63 58 27
63 60 27
64 23 27
64 106 27
66 142 27
68 29 27
68 56 27
68 37 27
68 34 27
68 85 27
68 83 27
68 36 27
68 136 27
69 64 27
69 88 27
69 25 27
70 134 27
71 6 27
72 39 27
72 2 27
72 3 27
72 71 27
72 128 27
72 92 27
74 113 27
74 32 27
74 40 27
74 26 27
74 61 27
74 47 27
74 130 27
74 128 27
74 92 27
74 74 27
74 6 27
74 84 27
74 104 27
74 117 27
74 126 27
74 25 27
81 39 27
81 121 27
81 11 27
81 82 27
81 26 27
81 74 27
81 67 27
81 81 27
81 25 27
81 61 27
81 112 27
81 46 27
83 83 27
83 33 27
83 37 27
84 22 27
85 126 27
86 95 27
87 12 27
91 138 27
92 72 27
92 6 27
93 137 27
94 107 27
94 108 27
95 86 27
95 73 27
95 96 27
96 100 27
96 120 27
97 100 27
97 97 27
97 109 27
97 119 27
97 123 27
97 103 27
97 111 27
97 25 27
99 121 27
100 97 27
100 108 27
100 106 27
100 102 27
100 105 27
100 39 27
101 130 27
102 108 27
106 108 27
106 107 27
107 105 27
107 97 27
107 50 27
108 107 27
108 94 27
110 133 27
110 90 27
110 52 27
111 94 27
111 107 27
111 97 27
111 100 27
112 103 27
112 19 27
113 118 27
114 9 27
114 62 27
117 118 27
117 134 27
120 14 27
125 139 27
125 88 27
125 17 27
127 114 27
127 127 27
127 34 27
127 9 27
127 8 27
127 134 27
127 0 27
127 137 27
127 20 27
127 143 27
127 33 27
127 115 27
128 141 27
128 61 27
128 130 27
128 74 27
129 78 27
129 50 27
130 143 27
133 27 27
133 134 27
133 95 27
133 9 27
134 19 27
134 27 27
134 90 27
134 52 27
134 91 27
134 138 27
134 8 27
136 37 27
137 5 27
137 0 27
137 2 27
137 1 27
137 93 27
137 137 27
137 77 27
137 8 27
137 140 27
138 91 27
138 60 27
138 84 27
138 134 27
138 53 27
139 125 27
139 82 27
140 2 27
140 10 27
140 3 27
140 77 27
140 43 27
140 137 27
140 18 27
140 1 27
140 140 27
140 5 27
140 93 27
140 98 27
140 143 27
140 9 27
141 17 27
141 140 27
141 98 27
141 45 27
141 144 27
142 142 27
143 22 27
143 63 27
143 144 27
143 143 27
143 9 27
143 98 27
143 13 27
143 8 27
143 12 27
143 134 27
143 127 27
143 29 27
144 140 27
144 45 27
144 143 27
144 22 27
144 9 27
144 141 27
144 7 27
144 53 27
144 144 27
144 8 27
144 10 27
144 17 27
145 126 27
148 24 27
148 5 27
149 120 27
150 81 27
150 111 27
0 137 28
0 19 28
0 134 28
0 31 28
0 93 28
0 1 28
0 5 28
1 2 28
1 5 28
1 0 28
1 93 28
1 137 28
1 39 28
1 10 28
1 72 28
2 72 28
2 1 28
2 93 28
2 137 28
2 5 28
2 0 28
3 18 28
3 71 28
3 146 28
5 1 28
5 0 28
5 2 28
5 137 28
6 74 28
6 45 28
6 39 28
6 6 28
6 71 28
6 128 28
6 90 28
6 8 28
7 52 28
8 62 28
8 20 28
8 114 28
8 8 28
8 134 28
8 6 28
8 50 28
8 71 28
8 69 28
8 51 28
8 128 28
8 19 28
8 52 28
8 27 28
8 74 28
8 117 28
8 11 28
8 121 28
8 133 28
8 90 28
8 55 28
8 82 28
8 91 28
8 47 28
8 66 28
8 65 28
8 129 28
8 146 28
8 112 28
8 31 28
9 143 28
9 63 28
9 114 28
9 8 28
10 10 28
10 137 28
10 77 28
10 99 28
13 143 28
13 9 28
13 63 28
17 56 28
17 57 28
17 34 28
17 29 28
17 37 28
17 140 28
18 3 28
18 41 28
18 122 28
18 39 28
18 72 28
19 121 28
19 72 28
19 114 28
19 117 28
19 31 28
19 65 28
19 69 28
19 64 28
19 66 28
19 38 28
20 142 28
20 62 28
20 8 28
20 127 28
21 84 28
22 45 28
22 143 28
22 144 28
22 22 28
22 134 28
22 8 28
22 141 28
22 140 28
22 9 28
22 63 28
23 30 28
23 24 28
23 123 28
23 134 28
25 125 28
25 26 28
25 118 28
25 124 28
25 28 28
25 126 28
26 25 28
26 46 28
26 74 28
28 8 28
28 117 28
28 34 28
29 56 28
29 44 28
29 68 28
29 29 28
29 17 28
29 42 28
30 125 28
30 20 28
31 72 28
31 19 28
32 61 28
32 74 28
32 84 28
32 104 28
32 40 28
33 34 28
33 37 28
33 115 28
33 116 28
33 42 28
33 56 28
33 17 28
33 44 28
34 33 28
34 83 28
34 37 28
34 116 28
34 17 28
34 42 28
34 85 28
34 57 28
34 44 28
36 34 28
36 83 28
37 85 28
37 34 28
37 116 28
37 42 28
37 51 28
39 72 28
39 18 28
40 74 28
41 18 28
41 3 28
41 71 28
41 40 28
42 85 28
42 137 28
42 37 28
42 34 28
42 116 28
43 14 28
44 57 28
44 85 28
44 17 28
44 13 28
45 8 28
45 144 28
45 143 28
45 72 28
45 6 28
45 141 28
45 9 28
45 128 28
45 53 28
45 84 28
45 37 28
45 45 28
46 26 28
46 67 28
46 51 28
46 74 28
47 127 28
47 143 28
50 74 28
51 79 28
54 111 28
55 133 28
55 30 28
56 56 28
56 37 28
56 29 28
56 34 28
56 33 28
56 68 28
56 17 28
57 85 28
57 44 28
57 37 28
57 17 28
60 51 28
61 74 28
61 39 28
63 43 28
64 66 28
64 65 28
64 69 28
64 31 28
64 19 28
65 97 28
66 42 28
68 56 28
68 33 28
68 83 28
68 68 28
68 36 28
68 107 28
69 66 28
69 52 28
69 9 28
69 111 28
71 6 28
71 146 28
71 3 28
71 41 28
72 92 28
72 2 28
72 74 28
72 6 28
72 1 28
72 19 28
72 9 28
73 110 28
74 32 28
74 40 28
74 61 28
74 67 28
74 130 28
74 128 28
74 113 28
74 47 28
74 92 28
74 25 28
74 6 28
74 84 28
74 104 28
74 50 28
79 55 28
81 25 28
81 121 28
81 11 28
81 39 28
81 26 28
81 67 28
81 74 28
81 61 28
81 81 28
81 131 28
83 33 28
83 83 28
83 34 28
83 37 28
83 116 28
83 115 28
83 44 28
83 56 28
83 68 28
83 42 28
85 37 28
85 57 28
85 139 28
86 95 28
87 91 28
87 85 28
87 36 28
88 31 28
88 88 28
88 66 28
88 19 28
88 64 28
88 65 28
91 91 28
91 87 28
92 26 28
92 67 28
92 74 28
92 72 28
93 2 28
93 137 28
93 39 28
93 5 28
93 1 28
93 0 28
94 107 28
95 96 28
95 73 28
95 86 28
95 46 28
96 96 28
96 95 28
96 136 28
97 119 28
97 103 28
97 111 28
97 109 28
97 97 28
97 94 28
97 106 28
97 108 28
97 107 28
97 82 28
98 17 28
98 140 28
99 4 28
100 106 28
102 106 28
103 100 28
106 108 28
107 94 28
107 108 28
107 50 28
107 105 28
108 94 28
108 107 28
108 105 28
108 106 28
109 111 28
109 97 28
113 74 28
113 128 28
113 47 28
114 9 28
114 62 28
115 34 28
116 116 28
116 34 28
116 115 28
117 118 28
117 126 28
117 28 28
117 25 28
121 24 28
122 18 28
122 122 28
122 39 28
125 139 28
125 88 28
125 25 28
125 26 28
125 30 28
125 8 28
126 51 28
127 127 28
127 9 28
128 11 28
128 47 28
129 24 28
131 73 28
134 22 28
134 144 28
134 91 28
134 87 28
134 27 28
134 70 28
134 90 28
134 133 28
134 138 28
134 142 28
134 121 28
134 50 28
135 136 28
135 27 28
135 96 28
137 8 28
137 20 28
137 93 28
137 0 28
137 5 28
137 2 28
137 1 28
137 10 28
137 137 28
137 140 28
138 60 28
138 91 28
138 87 28
138 142 28
138 53 28
138 134 28
138 137 28
139 141 28
140 43 28
140 17 28
141 45 28
141 22 28
141 140 28
141 143 28
141 43 28
141 98 28
142 20 28
142 8 28
142 134 28
142 90 28
142 91 28
142 27 28
142 133 28
142 124 28
143 9 28
143 8 28
143 140 28
143 114 28
143 13 28
143 98 28
143 62 28
143 143 28
143 22 28
143 12 28
143 63 28
144 45 28
144 22 28
144 143 28
144 10 28
144 141 28
144 8 28
144 7 28
144 134 28
144 150 28
144 82 28
144 139 28
145 127 28
146 40 28
146 71 28
146 6 28
148 40 28
150 107 28
0 5 29
0 93 29
0 1 29
0 2 29
0 19 29
0 31 29
0 39 29
0 18 29
1 137 29
1 2 29
1 39 29
1 5 29
1 93 29
1 0 29
1 3 29
1 10 29
1 1 29
2 1 29
2 137 29
2 93 29
2 72 29
2 5 29
2 39 29
2 0 29
2 42 29
3 71 29
3 6 29
3 18 29
3 146 29
3 39 29
3 3 29
3 65 29
3 138 29
5 2 29
5 0 29
5 1 29
5 39 29
5 93 29
5 40 29
6 146 29
6 71 29
6 8 29
6 72 29
6 46 29
6 45 29
6 55 29
6 74 29
6 128 29
6 47 29
8 112 29
8 9 29
8 20 29
8 114 29
8 44 29
8 8 29
8 140 29
8 134 29
8 43 29
8 22 29
8 69 29
8 54 29
8 19 29
8 143 29
8 62 29
8 39 29
8 137 29
8 63 29
9 69 29
9 85 29
10 77 29
10 10 29
10 91 29
10 137 29
10 141 29
10 1 29
11 121 29
11 74 29
11 129 29
11 6 29
12 140 29
12 63 29
12 114 29
12 9 29
12 54 29
12 62 29
12 98 29
12 13 29
12 143 29
12 8 29
13 63 29
13 9 29
13 17 29
13 44 29
13 98 29
13 57 29
13 145 29
17 140 29
17 37 29
17 17 29
17 34 29
17 42 29
17 36 29
17 115 29
17 56 29
17 98 29
17 145 29
17 44 29
17 141 29
17 13 29
17 0 29
18 3 29
18 122 29
18 71 29
18 18 29
18 6 29
18 5 29
18 78 29
18 125 29
19 88 29
19 72 29
19 66 29
19 64 29
19 69 29
19 31 29
19 65 29
19 114 29
19 38 29
19 82 29
19 54 29
19 129 29
19 121 29
19 11 29
19 74 29
19 117 29
19 112 29
20 62 29
20 127 29
20 12 29
20 13 29
20 140 29
20 98 29
20 63 29
20 114 29
20 8 29
20 9 29
20 138 29
20 60 29
20 52 29
20 142 29
20 88 29
20 30 29
20 125 29
20 131 29
20 112 29
20 121 29
20 39 29
20 81 29
20 122 29
20 49 29
20 82 29
20 87 29
20 91 29
20 86 29
20 25 29
20 28 29
20 126 29
20 117 29
20 67 29
20 40 29
20 47 29
20 130 29
20 129 29
20 128 29
20 90 29
20 110 29
20 96 29
20 73 29
20 133 29
20 95 29
20 70 29
20 27 29
20 35 29
20 118 29
20 11 29
20 31 29
20 19 29
20 64 29
20 66 29
20 65 29
20 92 29
20 20 29
22 22 29
22 143 29
22 45 29
22 144 29
22 134 29
22 8 29
22 9 29
22 63 29
23 24 29
23 11 29
23 55 29
23 38 29
23 48 29
23 132 29
25 125 29
25 74 29
25 9 29
26 46 29
26 104 29
26 74 29
26 25 29
26 146 29
26 81 29
27 27 29
27 134 29
27 110 29
27 90 29
27 73 29
27 116 29
28 117 29
28 72 29
28 118 29
28 129 29
28 126 29
28 124 29
28 25 29
28 63 29
29 85 29
29 83 29
29 33 29
29 56 29
29 34 29
29 42 29
29 29 29
29 68 29
29 44 29
29 17 29
29 57 29
29 143 29
29 37 29
30 88 29
30 125 29
30 38 29
30 48 29
30 82 29
30 30 29
30 55 29
30 11 29
30 120 29
30 23 29
30 24 29
30 132 29
30 129 29
31 64 29
31 31 29
31 19 29
31 112 29
32 40 29
32 47 29
32 113 29
32 25 29
32 88 29
32 125 29
32 31 29
32 131 29
32 121 29
32 6 29
32 66 29
32 104 29
32 128 29
32 67 29
32 11 29
32 92 29
32 61 29
32 26 29
32 74 29
32 130 29
33 85 29
33 34 29
33 37 29
33 116 29
33 115 29
33 83 29
33 29 29
33 42 29
33 56 29
34 115 29
34 116 29
34 33 29
34 37 29
34 36 29
34 29 29
34 42 29
34 83 29
34 68 29
34 56 29
34 17 29
34 85 29
36 42 29
36 34 29
36 37 29
36 56 29
36 17 29
36 85 29
36 63 29
36 83 29
36 68 29
37 83 29
37 33 29
37 116 29
37 34 29
37 115 29
37 42 29
37 17 29
37 85 29
37 36 29
38 76 29
39 93 29
39 2 29
39 72 29
39 0 29
39 18 29
39 121 29
39 39 29
39 29 29
40 84 29
40 74 29
40 67 29
41 146 29
41 40 29
41 3 29
41 71 29
42 37 29
42 17 29
42 34 29
43 141 29
43 43 29
43 137 29
43 127 29
44 37 29
44 57 29
44 29 29
44 17 29
44 25 29
45 144 29
45 143 29
45 45 29
45 9 29
45 84 29
45 37 29
45 42 29
45 33 29
45 34 29
46 74 29
46 113 29
46 40 29
46 67 29
46 47 29
46 6 29
46 90 29
46 51 29
46 79 29
46 114 29
47 74 29
47 113 29
47 128 29
47 112 29
48 23 29
50 47 29
50 34 29
51 114 29
51 121 29
52 91 29
52 142 29
54 19 29
54 54 29
54 8 29
54 13 29
54 17 29
55 120 29
55 55 29
55 82 29
55 11 29
56 29 29
56 56 29
56 83 29
56 34 29
56 44 29
56 68 29
57 85 29
57 20 29
57 143 29
57 34 29
57 37 29
57 116 29
57 44 29
57 17 29
57 57 29
58 47 29
61 81 29
61 40 29
61 26 29
61 32 29
61 130 29
61 25 29
62 62 29
62 142 29
62 20 29
62 127 29
62 114 29
62 63 29
62 9 29
63 73 29
63 143 29
63 22 29
64 19 29
64 65 29
64 31 29
64 66 29
64 82 29
64 55 29
64 69 29
64 120 29
65 19 29
65 129 29
65 72 29
67 67 29
67 40 29
67 92 29
68 34 29
68 29 29
68 56 29
68 83 29
68 116 29
69 9 29
69 88 29
69 8 29
69 64 29
69 137 29
69 66 29
71 3 29
71 6 29
71 146 29
71 39 29
71 41 29
71 40 29
71 144 29
71 67 29
71 71 29
71 74 29
72 19 29
72 6 29
72 18 29
72 74 29
72 72 29
72 2 29
72 146 29
72 3 29
72 105 29
72 65 29
73 63 29
73 110 29
73 27 29
73 90 29
73 11 29
74 113 29
74 47 29
74 26 29
74 40 29
74 130 29
74 25 29
74 32 29
74 6 29
74 92 29
74 128 29
74 46 29
74 72 29
74 104 29
74 11 29
74 19 29
74 112 29
74 84 29
74 81 29
74 121 29
74 117 29
74 122 29
74 38 29
75 103 29
77 3 29
77 10 29
79 94 29
79 97 29
79 124 29
81 25 29
81 39 29
81 121 29
81 11 29
81 82 29
81 26 29
81 61 29
81 74 29
81 81 29
81 67 29
81 125 29
82 55 29
83 83 29
83 115 29
83 116 29
83 33 29
83 34 29
83 37 29
83 68 29
83 36 29
84 91 29
85 33 29
85 57 29
85 37 29
85 44 29
85 34 29
85 17 29
85 29 29
85 116 29
85 83 29
86 95 29
87 91 29
88 31 29
88 88 29
88 66 29
88 64 29
88 65 29
88 19 29
88 30 29
88 125 29
88 69 29
88 100 29
91 60 29
91 87 29
91 138 29
91 91 29
91 142 29
92 74 29
92 26 29
92 40 29
92 67 29
93 39 29
93 5 29
93 1 29
93 2 29
93 137 29
94 84 29
94 50 29
94 97 29
94 137 29
95 86 29
95 136 29
95 96 29
95 61 29
95 115 29
96 96 29
96 135 29
97 103 29
97 97 29
97 109 29
97 111 29
97 123 29
97 119 29
97 100 29
98 17 29
98 140 29
98 63 29
98 9 29
98 43 29
98 141 29
98 44 29
98 37 29
98 13 29
98 4 29
100 94 29
100 107 29
100 97 29
100 119 29
100 111 29
100 109 29
100 102 29
100 106 29
100 127 29
101 101 29
103 28 29
104 50 29
104 84 29
106 97 29
106 100 29
106 102 29
106 92 29
107 94 29
107 50 29
107 104 29
107 108 29
108 94 29
108 107 29
108 100 29
108 102 29
108 106 29
110 115 29
111 97 29
111 100 29
111 111 29
111 103 29
111 119 29
111 123 29
112 8 29
112 31 29
113 32 29
114 9 29
114 19 29
114 8 29
114 114 29
114 51 29
114 140 29
114 62 29
114 63 29
115 37 29
115 33 29
116 37 29
116 34 29
116 115 29
116 116 29
116 83 29
116 42 29
116 57 29
116 85 29
116 145 29
116 33 29
117 24 29
117 129 29
117 118 29
117 25 29
118 124 29
118 25 29
121 74 29
121 117 29
121 11 29
121 121 29
121 19 29
121 112 29
122 112 29
122 18 29
122 39 29
122 40 29
124 25 29
124 117 29
124 127 29
125 30 29
125 88 29
125 139 29
125 32 29
125 121 29
125 81 29
125 112 29
125 25 29
125 55 29
126 25 29
127 62 29
127 127 29
127 69 29
127 43 29
128 74 29
128 47 29
128 11 29
128 117 29
129 129 29
129 117 29
129 28 29
129 19 29
129 9 29
129 11 29
129 8 29
130 40 29
130 61 29
130 67 29
130 26 29
132 30 29
132 102 29
132 21 29
134 142 29
134 62 29
134 133 29
134 27 29
134 8 29
134 10 29
134 91 29
134 77 29
134 138 29
135 27 29
135 90 29
135 73 29
135 110 29
137 2 29
137 1 29
137 140 29
137 0 29
137 93 29
137 5 29
137 137 29
137 43 29
137 10 29
137 25 29
138 60 29
138 91 29
139 125 29
139 139 29
139 108 29
140 137 29
140 12 29
140 43 29
140 141 29
140 10 29
140 3 29
140 98 29
140 8 29
141 43 29
141 98 29
141 141 29
141 140 29
141 137 29
141 8 29
141 62 29
141 120 29
142 142 29
142 27 29
142 88 29
142 91 29
142 10 29
142 20 29
142 134 29
142 112 29
142 84 29
143 22 29
143 144 29
143 43 29
143 20 29
143 128 29
143 63 29
143 13 29
143 143 29
143 9 29
143 98 29
143 62 29
143 12 29
143 45 29
144 22 29
144 45 29
144 8 29
144 143 29
144 144 29
144 127 29
144 134 29
145 145 29
145 133 29
146 41 29
146 3 29
146 39 29
146 71 29
146 67 29
146 40 29
146 106 29
147 147 29
147 124 29
147 34 29
0 93 30
0 31 30
0 19 30
0 10 30
0 137 30
0 1 30
0 5 30
0 2 30
0 38 30
0 107 30
1 0 30
1 2 30
1 10 30
1 3 30
1 39 30
1 1 30
1 93 30
1 5 30
1 72 30
1 18 30
1 44 30
1 129 30
2 1 30
2 0 30
2 93 30
2 39 30
2 5 30
2 137 30
2 134 30
2 60 30
2 66 30
3 146 30
3 3 30
3 140 30
3 8 30
3 6 30
5 0 30
5 137 30
5 1 30
5 93 30
5 2 30
5 39 30
6 39 30
6 45 30
6 90 30
6 72 30
6 144 30
6 146 30
8 8 30
8 9 30
8 148 30
8 137 30
8 133 30
8 28 30
8 6 30
8 50 30
8 121 30
8 51 30
8 11 30
8 74 30
8 27 30
8 52 30
8 19 30
8 134 30
8 122 30
8 10 30
8 143 30
8 20 30
8 2 30
8 3 30
8 144 30
8 22 30
8 62 30
8 39 30
8 63 30
8 114 30
9 54 30
9 49 30
9 28 30
9 128 30
10 134 30
10 135 30
10 137 30
10 1 30
10 8 30
10 10 30
10 77 30
11 121 30
11 55 30
11 74 30
11 48 30
11 129 30
11 38 30
11 39 30
12 143 30
12 98 30
13 57 30
13 44 30
13 29 30
13 9 30
15 28 30
16 88 30
17 145 30
17 57 30
17 34 30
17 44 30
17 37 30
17 29 30
18 39 30
18 3 30
18 146 30
18 5 30
18 122 30
18 18 30
19 114 30
19 31 30
19 72 30
19 65 30
19 88 30
19 11 30
19 69 30
20 54 30
20 9 30
20 142 30
20 20 30
20 117 30
20 74 30
20 11 30
20 121 30
20 8 30
21 67 30
22 45 30
22 144 30
22 143 30
22 22 30
22 148 30
22 134 30
22 9 30
22 114 30
23 120 30
23 11 30
23 55 30
23 30 30
23 82 30
23 132 30
23 48 30
23 23 30
25 26 30
25 125 30
25 118 30
25 126 30
25 92 30
25 124 30
26 25 30
26 30 30
26 74 30
26 61 30
26 92 30
26 125 30
26 67 30
28 25 30
28 66 30
28 28 30
28 129 30
28 11 30
28 118 30
28 9 30
29 56 30
29 34 30
29 68 30
29 29 30
29 44 30
29 57 30
29 85 30
29 83 30
29 33 30
29 42 30
30 23 30
30 61 30
30 30 30
30 47 30
30 40 30
30 26 30
30 128 30
30 74 30
30 92 30
30 113 30
30 125 30
30 71 30
30 6 30
30 104 30
30 46 30
30 84 30
30 146 30
31 19 30
31 112 30
33 115 30
33 37 30
33 85 30
33 116 30
33 42 30
33 145 30
33 56 30
33 83 30
33 57 30
33 121 30
34 37 30
34 116 30
34 33 30
34 115 30
34 83 30
34 36 30
34 42 30
34 56 30
34 145 30
34 85 30
36 68 30
36 42 30
36 34 30
36 37 30
36 33 30
36 57 30
36 85 30
37 85 30
37 33 30
37 145 30
37 17 30
37 44 30
37 116 30
37 83 30
37 45 30
38 129 30
38 99 30
39 6 30
39 18 30
39 39 30
39 1 30
39 72 30
39 3 30
39 5 30
39 93 30
39 8 30
40 67 30
40 41 30
40 30 30
40 74 30
41 146 30
41 71 30
41 40 30
41 6 30
42 84 30
43 127 30
43 8 30
43 140 30
43 137 30
43 98 30
43 141 30
43 143 30
43 20 30
44 29 30
44 13 30
44 44 30
44 37 30
44 17 30
45 22 30
45 143 30
45 144 30
45 84 30
45 6 30
45 148 30
45 45 30
45 17 30
45 37 30
45 7 30
46 74 30
46 47 30
46 55 30
47 92 30
48 11 30
49 63 30
49 9 30
50 21 30
51 32 30
52 73 30
54 13 30
54 8 30
54 148 30
54 54 30
54 12 30
54 63 30
54 44 30
54 57 30
54 62 30
54 20 30
54 140 30
54 114 30
54 143 30
54 9 30
55 46 30
55 82 30
55 120 30
55 65 30
55 19 30
55 112 30
55 47 30
55 6 30
55 11 30
55 64 30
55 129 30
55 48 30
55 38 30
56 56 30
56 29 30
56 17 30
56 37 30
56 68 30
56 83 30
57 13 30
57 20 30
57 17 30
57 85 30
57 44 30
57 36 30
57 145 30
57 29 30
57 37 30
57 57 30
57 33 30
59 131 30
59 32 30
60 91 30
61 81 30
61 74 30
62 62 30
62 9 30
62 8 30
62 140 30
63 9 30
63 143 30
63 98 30
64 66 30
64 69 30
64 65 30
64 19 30
64 55 30
64 120 30
64 127 30
64 88 30
65 66 30
65 64 30
66 69 30
66 65 30
66 41 30
68 34 30
68 29 30
68 37 30
68 54 30
69 19 30
69 66 30
69 28 30
69 9 30
69 64 30
69 65 30
69 82 30
69 55 30
69 120 30
69 11 30
71 6 30
71 146 30
71 41 30
71 3 30
71 30 30
71 40 30
72 72 30
72 6 30
72 39 30
72 19 30
72 3 30
72 74 30
72 30 30
72 7 30
73 90 30
73 52 30
74 30 30
74 113 30
74 92 30
74 6 30
74 67 30
74 130 30
74 47 30
74 26 30
74 40 30
74 61 30
74 121 30
74 46 30
74 84 30
74 128 30
74 72 30
75 82 30
77 10 30
77 77 30
77 18 30
77 57 30
80 7 30
81 81 30
82 66 30
83 116 30
83 115 30
83 83 30
83 33 30
83 34 30
83 37 30
83 56 30
83 42 30
83 145 30
83 85 30
83 29 30
83 57 30
85 57 30
85 13 30
85 17 30
85 29 30
85 37 30
85 44 30
85 34 30
87 95 30
88 19 30
88 31 30
88 65 30
88 64 30
88 88 30
88 66 30
88 30 30
88 125 30
91 138 30
91 142 30
91 134 30
91 144 30
92 26 30
92 114 30
93 0 30
93 137 30
93 39 30
93 5 30
93 1 30
93 2 30
93 122 30
93 18 30
94 108 30
95 136 30
95 138 30
95 27 30
95 96 30
95 90 30
95 87 30
96 96 30
98 140 30
98 12 30
98 43 30
99 144 30
100 149 30
102 106 30
106 103 30
107 108 30
107 94 30
107 97 30
107 100 30
107 105 30
107 106 30
107 84 30
108 94 30
108 107 30
108 100 30
108 97 30
108 106 30
109 97 30
109 111 30
110 114 30
112 31 30
112 8 30
112 47 30
112 121 30
113 30 30
114 62 30
114 9 30
114 143 30
114 127 30
114 140 30
114 8 30
115 83 30
115 34 30
115 37 30
115 116 30
115 33 30
115 145 30
115 90 30
115 72 30
116 34 30
116 83 30
116 33 30
116 115 30
116 37 30
116 145 30
117 28 30
117 25 30
118 25 30
118 124 30
120 55 30
120 129 30
121 112 30
122 18 30
122 8 30
122 123 30
124 25 30
124 126 30
124 78 30
125 30 30
125 139 30
125 25 30
125 120 30
125 24 30
125 129 30
125 23 30
125 132 30
125 11 30
125 38 30
125 55 30
125 88 30
125 125 30
126 25 30
126 122 30
127 127 30
127 13 30
127 114 30
128 117 30
128 11 30
128 9 30
128 31 30
128 47 30
129 117 30
129 19 30
129 65 30
129 129 30
129 55 30
130 74 30
130 61 30
130 6 30
130 72 30
131 9 30
132 30 30
132 23 30
132 63 30
133 121 30
133 115 30
134 10 30
134 135 30
134 27 30
134 142 30
134 90 30
134 18 30
137 10 30
137 112 30
137 2 30
137 8 30
137 137 30
137 43 30
137 93 30
137 5 30
137 1 30
137 140 30
138 60 30
138 91 30
138 87 30
138 22 30
139 125 30
139 30 30
140 140 30
140 145 30
140 10 30
140 141 30
140 18 30
140 5 30
140 43 30
140 1 30
140 77 30
140 3 30
140 93 30
140 2 30
140 137 30
140 0 30
140 8 30
140 12 30
140 16 30
141 43 30
141 141 30
141 140 30
142 20 30
142 60 30
143 63 30
143 148 30
143 22 30
143 12 30
143 54 30
143 9 30
143 143 30
143 8 30
143 10 30
143 43 30
143 68 30
144 22 30
144 45 30
144 143 30
144 8 30
144 29 30
144 91 30
144 134 30
144 40 30
145 17 30
145 37 30
145 34 30
145 115 30
145 42 30
145 116 30
145 33 30
145 56 30
145 83 30
145 113 30
146 41 30
146 40 30
146 18 30
146 3 30
146 71 30
146 6 30
146 39 30
147 144 30
148 8 30
148 9 30
148 138 30
0 19 31
0 31 31
0 137 31
0 93 31
0 1 31
1 8 31
1 100 31
2 5 31
2 93 31
3 2 31
3 72 31
3 6 31
3 93 31
3 3 31
3 39 31
5 93 31
5 125 31
6 39 31
6 74 31
6 130 31
6 61 31
6 71 31
8 143 31
8 8 31
8 144 31
8 20 31
8 148 31
8 11 31
8 134 31
8 50 31
8 52 31
8 140 31
8 62 31
8 9 31
8 19 31
8 112 31
8 104 31
8 51 31
8 84 31
8 91 31
8 137 31
8 10 31
8 54 31
8 117 31
8 1 31
8 43 31
8 69 31
9 129 31
10 137 31
10 8 31
10 134 31
11 82 31
11 55 31
11 129 31
12 9 31
12 54 31
12 62 31
12 148 31
12 98 31
12 140 31
12 13 31
12 143 31
12 63 31
17 145 31
17 37 31
17 29 31
17 57 31
17 44 31
17 13 31
18 113 31
19 31 31
19 72 31
19 65 31
19 64 31
19 132 31
20 8 31
21 66 31
21 102 31
22 144 31
23 55 31
23 24 31
25 26 31
25 139 31
25 125 31
26 25 31
27 144 31
29 57 31
29 56 31
29 85 31
29 13 31
29 44 31
29 42 31
29 83 31
29 29 31
29 88 31
30 40 31
30 92 31
30 113 31
30 61 31
30 30 31
30 47 31
30 74 31
30 130 31
30 67 31
30 128 31
30 88 31
30 60 31
30 17 31
31 39 31
31 19 31
32 55 31
33 44 31
33 37 31
33 34 31
33 56 31
33 36 31
33 42 31
34 83 31
34 116 31
34 33 31
34 37 31
34 44 31
34 145 31
34 17 31
35 69 31
36 145 31
36 83 31
36 34 31
36 42 31
37 115 31
37 34 31
37 116 31
37 83 31
37 33 31
37 42 31
39 19 31
39 31 31
41 71 31
42 29 31
42 98 31
43 141 31
43 43 31
43 140 31
44 17 31
44 13 31
44 57 31
44 9 31
44 63 31
44 29 31
44 4 31
45 144 31
45 22 31
45 143 31
45 83 31
45 37 31
45 6 31
46 133 31
46 51 31
46 79 31
46 74 31
49 113 31
51 8 31
51 79 31
52 52 31
53 140 31
55 11 31
56 29 31
56 56 31
56 34 31
56 57 31
56 85 31
56 37 31
56 145 31
56 42 31
56 33 31
56 44 31
56 17 31
56 13 31
56 116 31
57 115 31
57 145 31
57 85 31
57 13 31
57 17 31
57 44 31
57 37 31
57 29 31
58 73 31
58 33 31
59 42 31
61 25 31
61 113 31
61 112 31
61 47 31
61 81 31
61 40 31
62 39 31
62 8 31
63 140 31
63 22 31
63 24 31
63 69 31
64 31 31
64 19 31
64 65 31
64 66 31
64 82 31
64 69 31
66 31 31
68 68 31
68 116 31
68 34 31
69 8 31
69 9 31
71 146 31
71 6 31
71 41 31
72 19 31
72 6 31
72 146 31
72 138 31
72 3 31
72 74 31
72 38 31
73 52 31
74 30 31
74 8 31
74 6 31
74 40 31
74 26 31
74 61 31
74 47 31
74 130 31
74 67 31
74 128 31
74 92 31
74 113 31
74 72 31
74 46 31
74 51 31
76 36 31
77 3 31
77 2 31
77 17 31
77 10 31
77 141 31
77 77 31
79 51 31
81 82 31
81 67 31
81 61 31
81 26 31
81 81 31
81 39 31
81 25 31
83 33 31
83 115 31
83 116 31
83 34 31
83 83 31
83 37 31
83 29 31
83 85 31
85 13 31
85 57 31
85 77 31
88 19 31
88 64 31
88 65 31
88 66 31
88 88 31
88 31 31
88 30 31
88 4 31
90 136 31
90 146 31
91 144 31
93 77 31
93 2 31
93 5 31
93 1 31
93 3 31
93 134 31
93 94 31
93 107 31
94 128 31
97 97 31
97 109 31
97 111 31
97 100 31
97 149 31
97 103 31
97 119 31
97 150 31
103 115 31
104 94 31
104 26 31
107 108 31
107 94 31
108 97 31
108 94 31
111 103 31
111 33 31
112 8 31
112 59 31
113 112 31
113 47 31
113 61 31
114 9 31
115 34 31
115 3 31
115 130 31
115 83 31
116 145 31
116 83 31
116 34 31
116 42 31
116 115 31
117 8 31
117 58 31
119 108 31
120 65 31
121 147 31
124 117 31
125 139 31
125 120 31
125 132 31
125 11 31
125 55 31
125 82 31
125 125 31
125 48 31
125 129 31
125 30 31
125 88 31
125 92 31
125 26 31
125 25 31
126 140 31
126 2 31
127 127 31
127 98 31
127 15 31
127 16 31
128 130 31
128 47 31
128 26 31
128 31 31
129 55 31
129 88 31
130 107 31
131 65 31
133 121 31
133 46 31
133 112 31
134 10 31
134 134 31
134 52 31
134 91 31
134 90 31
137 8 31
137 0 31
137 10 31
137 16 31
138 84 31
138 91 31
138 140 31
139 125 31
140 64 31
141 141 31
142 10 31
142 20 31
142 27 31
142 79 31
143 8 31
143 140 31
143 13 31
143 98 31
143 143 31
143 9 31
143 148 31
143 141 31
143 144 31
144 22 31
144 45 31
144 8 31
144 143 31
144 99 31
144 107 31
144 94 31
144 91 31
144 27 31
144 134 31
145 42 31
145 116 31
145 34 31
145 83 31
145 115 31
145 17 31
145 145 31
145 57 31
146 71 31
146 72 31
146 132 31
148 62 31
148 9 31
148 106 31
0 2 32
0 31 32
0 19 32
0 5 32
1 5 32
1 93 32
1 2 32
2 0 32
2 5 32
2 77 32
2 93 32
3 3 32
5 2 32
5 1 32
5 77 32
5 93 32
6 121 32
6 117 32
6 11 32
6 74 32
6 19 32
8 62 32
8 69 32
8 20 32
8 8 32
8 144 32
8 74 32
8 140 32
8 137 32
8 11 32
8 117 32
8 121 32
8 128 32
8 6 32
8 134 32
8 51 32
8 43 32
8 52 32
8 148 32
8 142 32
8 9 32
8 76 32
8 127 32
10 8 32
11 74 32
11 55 32
11 8 32
11 117 32
11 23 32
11 38 32
11 24 32
11 54 32
11 20 32
11 121 32
11 89 32
11 67 32
12 62 32
12 9 32
12 63 32
12 13 32
12 140 32
12 98 32
12 148 32
13 63 32
13 119 32
15 63 32
17 29 32
17 18 32
18 81 32
18 34 32
19 88 32
19 31 32
20 8 32
20 9 32
20 148 32
20 142 32
20 20 32
22 8 32
22 148 32
22 144 32
22 45 32
23 11 32
23 24 32
23 23 32
23 126 32
25 124 32
25 126 32
25 26 32
25 118 32
25 117 32
25 25 32
25 125 32
25 13 32
26 25 32
26 40 32
26 30 32
26 92 32
27 102 32
29 29 32
29 56 32
29 42 32
29 137 32
29 43 32
30 125 32
30 74 32
30 139 32
30 80 32
30 142 32
31 88 32
31 19 32
31 64 32
31 65 32
31 128 32
33 115 32
33 34 32
33 85 32
33 37 32
33 42 32
34 116 32
34 115 32
34 83 32
34 145 32
34 85 32
34 37 32
34 57 32
34 13 32
34 44 32
34 42 32
34 56 32
34 68 32
36 42 32
36 34 32
36 56 32
36 68 32
36 33 32
36 116 32
36 83 32
36 37 32
37 34 32
37 33 32
38 3 32
40 121 32
41 0 32
42 68 32
42 85 32
42 34 32
42 145 32
42 29 32
42 83 32
42 33 32
43 64 32
43 34 32
44 70 32
45 45 32
45 37 32
45 83 32
45 144 32
46 6 32
46 90 32
46 51 32
46 79 32
47 121 32
49 21 32
50 74 32
50 53 32
51 79 32
51 46 32
51 9 32
52 8 32
52 142 32
52 143 32
52 16 32
53 120 32
54 9 32
54 63 32
54 20 32
54 11 32
54 142 32
54 121 32
55 11 32
55 46 32
56 56 32
56 29 32
56 34 32
56 68 32
56 115 32
56 116 32
56 83 32
56 37 32
56 32 32
58 40 32
60 138 32
60 91 32
62 12 32
62 8 32
62 69 32
62 148 32
64 31 32
64 19 32
64 66 32
64 120 32
68 56 32
68 42 32
68 145 32
68 29 32
68 83 32
68 53 32
69 148 32
69 72 32
70 87 32
70 133 32
70 60 32
70 79 32
70 86 32
72 30 32
72 6 32
73 143 32
73 51 32
74 125 32
74 121 32
74 30 32
74 92 32
74 6 32
74 40 32
74 26 32
74 130 32
74 67 32
74 47 32
74 11 32
74 120 32
74 133 32
74 50 32
74 117 32
77 2 32
77 1 32
77 133 32
79 116 32
80 30 32
83 37 32
83 34 32
83 83 32
83 33 32
83 115 32
83 45 32
83 145 32
83 42 32
83 72 32
84 35 32
85 34 32
85 145 32
85 42 32
86 115 32
87 91 32
88 31 32
88 30 32
88 139 32
90 14 32
90 93 32
90 116 32
91 60 32
91 8 32
91 134 32
91 87 32
91 132 32
92 0 32
92 148 32
93 5 32
93 94 32
93 77 32
93 134 32
93 10 32
93 107 32
93 2 32
93 137 32
93 3 32
93 133 32
93 27 32
94 107 32
94 144 32
95 46 32
95 134 32
95 10 32
95 87 32
97 119 32
97 103 32
97 149 32
97 150 32
97 111 32
97 100 32
97 97 32
97 106 32
99 144 32
99 45 32
100 51 32
104 50 32
105 106 32
105 0 32
107 108 32
107 94 32
108 97 32
108 94 32
108 107 32
108 8 32
111 109 32
112 112 32
115 99 32
116 34 32
116 37 32
116 33 32
116 115 32
116 83 32
116 42 32
116 145 32
117 25 32
117 8 32
117 118 32
117 124 32
117 11 32
117 141 32
118 25 32
118 44 32
119 150 32
120 31 32
120 64 32
120 87 32
121 74 32
121 8 32
121 9 32
121 134 32
121 54 32
121 11 32
121 117 32
121 30 32
122 129 32
124 25 32
125 30 32
125 139 32
125 88 32
125 74 32
125 128 32
125 25 32
126 117 32
126 121 32
127 127 32
127 52 32
127 8 32
129 55 32
130 11 32
131 112 32
131 62 32
132 42 32
133 27 32
133 134 32
133 95 32
133 70 32
133 9 32
133 128 32
133 11 32
133 74 32
133 117 32
133 52 32
133 60 32
133 140 32
134 9 32
134 95 32
134 10 32
134 144 32
134 70 32
134 90 32
134 91 32
134 142 32
134 27 32
134 133 32
134 121 32
134 52 32
134 138 32
134 46 32
136 75 32
137 8 32
137 140 32
138 91 32
138 87 32
138 92 32
139 121 32
139 125 32
140 8 32
140 54 32
140 9 32
140 98 32
140 144 32
140 10 32
142 8 32
142 93 32
142 10 32
142 107 32
142 142 32
142 95 32
142 30 32
142 20 32
144 45 32
144 10 32
144 27 32
144 8 32
144 134 32
144 22 32
144 140 32
144 9 32
144 99 32
144 137 32
145 83 32
145 34 32
145 116 32
145 42 32
145 37 32
148 22 32
148 80 32
150 111 32
150 97 32
1 48 33
2 93 33
3 126 33
5 3 33
5 2 33
5 93 33
6 67 33
7 87 33
8 9 33
8 54 33
8 144 33
8 142 33
8 140 33
8 121 33
8 11 33
8 74 33
8 6 33
8 117 33
8 20 33
8 137 33
8 133 33
8 70 33
8 91 33
8 50 33
8 8 33
8 39 33
8 1 33
8 0 33
10 8 33
10 134 33
10 1 33
10 0 33
10 140 33
10 137 33
11 55 33
11 54 33
11 129 33
11 24 33
11 31 33
13 29 33
13 73 33
13 3 33
16 120 33
17 57 33
17 35 33
19 128 33
20 142 33
20 30 33
20 8 33
21 63 33
23 24 33
23 23 33
25 26 33
25 126 33
26 25 33
29 57 33
29 13 33
29 29 33
30 47 33
30 67 33
30 74 33
30 128 33
30 125 33
30 139 33
30 88 33
30 26 33
30 40 33
30 117 33
30 25 33
30 124 33
30 24 33
30 38 33
30 112 33
30 131 33
30 120 33
30 39 33
30 44 33
33 116 33
33 37 33
33 85 33
33 57 33
33 34 33
33 115 33
33 83 33
34 116 33
34 115 33
34 37 33
34 83 33
34 56 33
34 145 33
34 33 33
34 68 33
34 36 33
34 14 33
34 96 33
36 42 33
36 37 33
36 68 33
36 83 33
36 116 33
36 145 33
36 57 33
37 57 33
37 115 33
37 33 33
37 36 33
37 83 33
37 145 33
39 27 33
41 116 33
42 33 33
42 115 33
42 85 33
42 145 33
42 137 33
43 141 33
43 140 33
43 121 33
43 17 33
46 47 33
47 30 33
49 88 33
51 46 33
51 79 33
52 111 33
54 128 33
54 9 33
54 54 33
54 144 33
54 137 33
54 140 33
54 134 33
54 8 33
54 6 33
54 117 33
54 74 33
54 91 33
54 10 33
54 133 33
54 50 33
54 27 33
54 51 33
54 135 33
54 94 33
54 90 33
54 87 33
54 92 33
54 53 33
54 107 33
54 24 33
54 122 33
54 25 33
54 60 33
54 64 33
54 106 33
54 150 33
54 95 33
54 69 33
54 66 33
54 109 33
54 38 33
54 55 33
54 67 33
54 47 33
54 26 33
54 46 33
54 129 33
54 39 33
54 120 33
54 131 33
54 0 33
54 1 33
54 79 33
55 55 33
55 11 33
55 24 33
55 121 33
55 23 33
56 29 33
56 56 33
56 34 33
56 116 33
56 83 33
56 145 33
56 33 33
56 37 33
57 42 33
57 37 33
57 85 33
57 33 33
57 29 33
57 56 33
57 13 33
58 128 33
59 126 33
60 70 33
60 51 33
62 143 33
63 132 33
64 120 33
64 31 33
64 66 33
64 69 33
64 65 33
65 133 33
68 37 33
68 34 33
69 88 33
71 40 33
72 78 33
73 73 33
73 13 33
74 30 33
77 5 33
77 3 33
77 126 33
77 23 33
77 87 33
77 135 33
78 39 33
79 48 33
80 139 33
82 92 33
83 34 33
83 33 33
83 116 33
83 115 33
83 83 33
83 37 33
83 68 33
83 44 33
85 37 33
85 57 33
85 33 33
85 42 33
85 29 33
85 85 33
88 69 33
90 37 33
91 73 33
93 2 33
93 77 33
93 3 33
93 142 33
93 10 33
93 134 33
93 91 33
93 52 33
93 107 33
93 94 33
96 73 33
97 97 33
97 109 33
97 111 33
97 106 33
97 150 33
97 119 33
101 22 33
102 70 33
107 108 33
107 94 33
107 150 33
108 94 33
108 107 33
111 135 33
111 1 33
112 35 33
112 6 33
113 74 33
115 34 33
115 116 33
115 83 33
115 37 33
115 145 33
115 42 33
116 34 33
116 33 33
116 115 33
116 68 33
117 121 33
117 50 33
118 145 33
119 121 33
120 43 33
120 45 33
121 117 33
121 74 33
121 121 33
121 54 33
121 139 33
121 112 33
121 131 33
121 122 33
121 43 33
121 40 33
122 37 33
125 139 33
126 3 33
126 25 33
127 105 33
128 6 33
129 11 33
129 129 33
129 121 33
129 55 33
129 82 33
131 21 33
133 90 33
133 70 33
133 60 33
133 27 33
133 121 33
134 142 33
134 9 33
134 51 33
134 8 33
134 69 33
134 90 33
134 27 33
134 133 33
134 54 33
134 144 33
134 10 33
134 140 33
137 8 33
138 91 33
138 44 33
139 125 33
139 121 33
139 80 33
140 17 33
142 134 33
142 51 33
142 27 33
144 10 33
144 8 33
144 134 33
144 29 33
144 140 33
144 129 33
144 67 33
145 33 33
145 42 33
145 37 33
145 34 33
145 116 33
145 57 33
147 83 33
2 5 34
2 93 34
13 29 34
13 56 34
13 33 34
13 116 34
13 115 34
13 36 34
17 29 34
17 89 34
18 18 34
21 101 34
23 77 34
23 126 34
23 23 34
24 64 34
25 115 34
27 148 34
28 0 34
29 34 34
29 36 34
33 85 34
33 115 34
33 83 34
33 34 34
33 29 34
33 68 34
33 36 34
34 33 34
34 115 34
34 116 34
34 83 34
34 29 34
36 37 34
36 13 34
36 34 34
36 116 34
36 115 34
36 83 34
36 145 34
36 42 34
37 83 34
37 34 34
37 115 34
37 33 34
37 42 34
37 13 34
37 68 34
39 106 34
39 44 34
42 145 34
42 33 34
42 68 34
42 37 34
44 109 34
46 113 34
55 60 34
56 29 34
56 56 34
56 34 34
56 37 34
56 33 34
56 68 34
57 29 34
57 114 34
64 97 34
68 56 34
68 33 34
68 29 34
68 116 34
68 34 34
77 23 34
77 126 34
77 3 34
77 91 34
80 17 34
83 83 34
83 33 34
83 115 34
83 37 34
83 145 34
83 42 34
83 56 34
83 68 34
83 29 34
84 74 34
85 34 34
90 131 34
93 5 34
100 147 34
104 104 34
114 98 34
115 116 34
115 83 34
116 83 34
116 145 34
116 37 34
116 33 34
116 115 34
116 34 34
116 23 34
124 87 34
127 60 34
127 108 34
130 81 34
133 54 34
136 14 34
139 78 34
144 32 34
145 83 34
145 34 34
145 42 34
145 33 34
5 35 35
23 23 35
2 47 36
4 96 36
5 77 36
23 23 36
36 67 36
55 64 36
65 8 36
73 27 36
77 77 36
88 53 36
126 23 36
135 121 36
150 5 36
12 40 37
19 96 37
23 23 37
42 81 37
50 28 37
63 103 37
63 50 37
82 25 37
90 45 37
114 30 37
149 80 37
