24 212 0
26 709 0
31 1359 0
44 65 0
51 839 0
67 354 0
70 118 0
84 1376 0
95 248 0
105 819 0
106 518 0
114 1033 0
134 546 0
137 1418 0
144 1152 0
147 771 0
174 1128 0
175 294 0
182 351 0
192 551 0
192 1478 0
196 426 0
197 560 0
206 348 0
219 1431 0
225 1197 0
234 725 0
262 487 0
289 1243 0
295 1206 0
295 904 0
304 887 0
319 1274 0
339 1038 0
343 721 0
362 1184 0
372 1376 0
373 1176 0
387 1139 0
391 1426 0
393 1371 0
393 634 0
404 1114 0
419 1204 0
437 1311 0
467 853 0
518 821 0
558 925 0
570 782 0
573 1400 0
577 900 0
581 1214 0
600 856 0
653 1075 0
658 1235 0
661 1017 0
669 1114 0
675 1009 0
695 1032 0
721 1272 0
724 856 0
735 1232 0
754 1270 0
764 1389 0
817 1384 0
821 1390 0
832 870 0
835 1316 0
836 1292 0
854 1183 0
855 1325 0
909 927 0
913 1058 0
933 1213 0
987 1303 0
1082 1231 0
1085 1148 0
1091 1148 0
1097 1198 0
1102 1336 0
1175 1464 0
1217 1351 0
1236 1367 0
1252 1289 0
1270 1322 0
19 1031 1
22 848 1
49 1182 1
68 518 1
100 190 1
108 1440 1
109 814 1
120 858 1
127 168 1
137 900 1
167 298 1
180 447 1
202 964 1
218 296 1
238 436 1
242 1380 1
253 380 1
256 734 1
256 1365 1
260 948 1
262 1073 1
270 1100 1
303 494 1
304 699 1
335 1154 1
342 448 1
375 1436 1
384 829 1
401 733 1
419 505 1
430 796 1
438 781 1
462 541 1
465 766 1
470 478 1
493 1128 1
495 1033 1
500 518 1
515 1056 1
524 1187 1
524 952 1
553 729 1
560 954 1
576 1394 1
588 1220 1
589 1194 1
617 1242 1
627 840 1
627 981 1
628 1299 1
638 1017 1
648 978 1
705 1347 1
706 1399 1
718 1080 1
742 1138 1
760 1387 1
765 1205 1
767 1080 1
773 1459 1
813 1423 1
825 1003 1
836 1300 1
887 1471 1
900 1438 1
927 980 1
987 1162 1
1004 1427 1
1008 1361 1
1028 1373 1
1069 1112 1
1234 1444 1
1263 1473 1
1313 1436 1
1313 1328 1
1387 1475 1
1394 1437 1
0 210 2
2 1470 2
27 1423 2
29 1035 2
43 1033 2
50 843 2
53 1264 2
55 208 2
62 871 2
62 450 2
64 942 2
66 1053 2
80 717 2
82 1151 2
83 327 2
94 365 2
106 600 2
121 699 2
130 338 2
145 543 2
151 823 2
152 428 2
165 689 2
178 1471 2
180 840 2
188 257 2
188 883 2
191 1238 2
198 674 2
202 1352 2
204 550 2
232 797 2
237 1060 2
265 1383 2
283 543 2
304 1165 2
317 1114 2
323 529 2
336 785 2
342 511 2
349 1173 2
354 631 2
356 1113 2
367 857 2
373 1002 2
376 1449 2
377 924 2
378 610 2
380 636 2
389 411 2
390 932 2
393 1210 2
401 1303 2
405 928 2
414 792 2
419 485 2
431 1078 2
435 874 2
437 815 2
440 1260 2
489 1102 2
493 1148 2
503 1147 2
508 967 2
509 850 2
511 1282 2
512 1041 2
526 1370 2
533 1463 2
538 657 2
558 831 2
570 1213 2
570 721 2
582 1383 2
596 1177 2
601 764 2
618 1009 2
629 733 2
643 1344 2
665 1331 2
673 871 2
675 1198 2
692 1107 2
696 1424 2
699 1468 2
724 1164 2
751 999 2
758 1146 2
783 950 2
812 1108 2
813 1473 2
817 1024 2
834 924 2
849 894 2
862 967 2
869 1305 2
879 1274 2
894 1423 2
901 1277 2
913 1331 2
913 1399 2
922 1387 2
1021 1454 2
1030 1071 2
1033 1376 2
1050 1159 2
1052 1170 2
1054 1100 2
1060 1311 2
1078 1335 2
1089 1261 2
1090 1477 2
1092 1098 2
1102 1123 2
1143 1415 2
1146 1169 2
1187 1378 2
1199 1407 2
1202 1272 2
1238 1387 2
1239 1297 2
1272 1345 2
1352 1391 2
1363 1433 2
1372 1405 2
1431 1468 2
3 71 3
3 523 3
4 1398 3
6 714 3
21 605 3
35 51 3
35 1063 3
35 1264 3
44 266 3
45 337 3
59 990 3
72 1366 3
103 1156 3
115 307 3
120 895 3
127 723 3
127 1285 3
132 758 3
138 340 3
146 851 3
161 1190 3
165 664 3
165 1262 3
167 993 3
219 1478 3
224 872 3
227 1111 3
232 753 3
242 1089 3
249 674 3
290 388 3
291 1174 3
298 1387 3
300 737 3
318 812 3
337 1097 3
354 1223 3
365 628 3
365 839 3
368 1189 3
377 784 3
384 1326 3
386 529 3
389 846 3
393 484 3
406 482 3
407 1340 3
410 915 3
411 983 3
439 544 3
449 1040 3
451 1149 3
459 888 3
502 1344 3
510 1324 3
520 577 3
526 776 3
549 1304 3
550 610 3
563 1215 3
565 1111 3
576 1084 3
591 1083 3
622 1420 3
648 864 3
667 720 3
694 807 3
699 1119 3
701 1313 3
709 1284 3
710 1293 3
736 1044 3
740 950 3
756 1113 3
776 1306 3
784 1338 3
795 964 3
803 1445 3
849 1359 3
910 1239 3
933 1396 3
943 1114 3
944 1324 3
1017 1365 3
1050 1168 3
1080 1205 3
1142 1370 3
1149 1216 3
1159 1192 3
1160 1451 3
1190 1231 3
1228 1233 3
1256 1388 3
1298 1371 3
1376 1454 3
2 370 4
18 517 4
25 434 4
37 92 4
37 258 4
37 440 4
44 455 4
47 309 4
74 144 4
83 1134 4
87 1136 4
91 1207 4
98 1122 4
117 1461 4
131 179 4
159 444 4
168 1043 4
172 1344 4
176 861 4
183 535 4
183 387 4
184 208 4
201 1261 4
201 662 4
205 1035 4
224 399 4
231 904 4
232 955 4
232 508 4
255 648 4
264 1441 4
283 854 4
304 1060 4
304 1098 4
305 877 4
306 688 4
310 1268 4
315 1078 4
330 1020 4
341 1074 4
365 792 4
375 1388 4
396 1347 4
406 1382 4
408 1314 4
427 968 4
431 1170 4
444 1016 4
473 1219 4
475 623 4
498 1137 4
526 1087 4
536 1400 4
572 1206 4
589 1042 4
631 878 4
632 871 4
632 1034 4
645 818 4
670 1469 4
719 1181 4
754 1323 4
765 1004 4
780 907 4
791 890 4
798 838 4
809 905 4
817 1283 4
829 1459 4
834 1283 4
860 1200 4
892 987 4
922 959 4
925 980 4
940 1037 4
942 979 4
942 1431 4
987 1304 4
991 997 4
1016 1196 4
1042 1162 4
1076 1113 4
1133 1431 4
1162 1366 4
1219 1458 4
1299 1468 4
1305 1370 4
1379 1474 4
3 1339 5
4 1108 5
9 1110 5
14 979 5
25 429 5
42 1301 5
52 176 5
70 1011 5
75 1391 5
86 1242 5
86 418 5
100 1265 5
137 403 5
149 317 5
151 1404 5
170 1441 5
170 975 5
175 1207 5
186 1444 5
190 1277 5
211 709 5
235 1366 5
271 744 5
274 1214 5
281 915 5
296 896 5
331 617 5
342 1161 5
351 836 5
369 1113 5
394 1402 5
399 484 5
406 711 5
462 577 5
482 1317 5
509 1241 5
573 655 5
624 1291 5
636 1212 5
675 707 5
679 966 5
690 1381 5
696 882 5
702 1035 5
717 1332 5
740 1038 5
755 1253 5
764 1219 5
772 1477 5
779 1162 5
879 1058 5
943 1254 5
952 1085 5
1013 1271 5
1016 1137 5
1121 1247 5
1204 1395 5
1231 1423 5
1236 1254 5
1334 1427 5
1355 1382 5
48 690 6
72 972 6
121 504 6
127 434 6
153 262 6
159 191 6
184 1091 6
217 616 6
217 231 6
223 602 6
259 775 6
274 547 6
291 352 6
332 673 6
332 1275 6
350 1113 6
361 1052 6
398 1138 6
409 669 6
465 976 6
573 1200 6
576 1438 6
586 755 6
594 928 6
599 771 6
687 1035 6
764 903 6
784 1153 6
800 1233 6
834 1161 6
932 1417 6
945 1188 6
968 1471 6
1035 1179 6
1195 1200 6
7 477 7
36 827 7
38 807 7
52 474 7
67 751 7
98 787 7
99 773 7
176 1260 7
177 1184 7
180 284 7
190 1010 7
209 1276 7
236 827 7
251 703 7
295 587 7
296 872 7
297 752 7
346 593 7
381 1424 7
418 1339 7
505 1300 7
542 1302 7
549 1460 7
560 1112 7
561 1027 7
580 1162 7
621 1414 7
647 729 7
661 1062 7
681 1145 7
709 1410 7
757 851 7
797 1196 7
812 1031 7
840 998 7
841 1251 7
955 1010 7
990 1448 7
1012 1200 7
1100 1214 7
1119 1210 7
1175 1253 7
1200 1354 7
4 1101 8
33 1309 8
85 626 8
86 696 8
92 557 8
115 976 8
127 1346 8
132 1212 8
138 260 8
174 214 8
240 555 8
255 1311 8
281 812 8
305 634 8
319 1202 8
334 674 8
336 706 8
377 393 8
379 763 8
414 877 8
415 530 8
423 1174 8
424 1357 8
485 1044 8
492 989 8
498 1020 8
501 1067 8
513 917 8
521 722 8
559 658 8
568 861 8
593 856 8
607 679 8
636 687 8
637 1431 8
652 1045 8
667 1038 8
670 914 8
689 1286 8
698 754 8
703 856 8
837 1111 8
864 989 8
940 1020 8
954 1441 8
973 1450 8
998 1006 8
1004 1190 8
1073 1096 8
1082 1143 8
2 1095 9
5 1422 9
13 1053 9
16 1294 9
29 1377 9
33 499 9
34 1358 9
36 723 9
37 231 9
40 383 9
41 1200 9
44 1115 9
47 881 9
50 360 9
58 801 9
59 711 9
66 102 9
69 1428 9
70 1437 9
74 180 9
77 202 9
92 1133 9
111 518 9
124 458 9
125 255 9
139 716 9
142 523 9
148 498 9
150 1378 9
160 1412 9
166 607 9
169 477 9
170 586 9
177 737 9
180 861 9
182 582 9
184 408 9
186 670 9
193 901 9
204 1228 9
209 1470 9
217 307 9
220 947 9
220 558 9
223 337 9
224 372 9
226 1439 9
233 482 9
251 1220 9
265 1388 9
271 1412 9
283 1432 9
287 1323 9
290 1141 9
295 939 9
300 1343 9
302 547 9
308 973 9
309 1057 9
328 991 9
336 1185 9
343 837 9
343 1396 9
344 1380 9
347 837 9
350 1383 9
352 649 9
357 1393 9
362 677 9
367 957 9
382 652 9
390 465 9
391 899 9
392 989 9
406 1189 9
408 868 9
408 1285 9
414 1466 9
423 1184 9
427 1132 9
430 1086 9
432 939 9
433 1217 9
441 918 9
455 1162 9
460 635 9
462 817 9
474 672 9
486 802 9
489 512 9
502 799 9
503 506 9
504 1157 9
505 1217 9
517 1370 9
522 925 9
523 1050 9
541 1408 9
558 621 9
559 1335 9
559 666 9
563 1088 9
566 702 9
576 976 9
588 697 9
614 1328 9
616 1305 9
620 809 9
624 643 9
624 734 9
633 1315 9
635 867 9
644 1387 9
648 1040 9
663 1143 9
672 1161 9
672 808 9
678 1265 9
679 968 9
684 1013 9
719 816 9
721 1297 9
722 1354 9
730 1269 9
753 847 9
761 1105 9
769 970 9
779 1099 9
779 980 9
785 1199 9
816 1166 9
824 974 9
828 958 9
833 974 9
852 1271 9
855 1258 9
868 1246 9
911 955 9
919 1176 9
920 942 9
923 1056 9
935 1198 9
939 1201 9
940 1337 9
944 1121 9
950 1118 9
951 1033 9
961 998 9
963 1357 9
987 1212 9
991 1160 9
997 1142 9
1025 1092 9
1044 1353 9
1046 1382 9
1049 1289 9
1063 1218 9
1071 1152 9
1079 1472 9
1114 1174 9
1155 1411 9
1234 1346 9
1249 1311 9
1339 1392 9
1344 1461 9
5 588 10
7 1162 10
43 581 10
67 510 10
88 948 10
89 1119 10
99 822 10
109 1054 10
114 126 10
145 1268 10
161 1221 10
168 250 10
202 656 10
210 1387 10
214 1385 10
221 1021 10
257 963 10
321 626 10
330 454 10
348 1368 10
374 1311 10
410 1216 10
437 769 10
449 1405 10
450 891 10
469 1207 10
469 1394 10
478 1331 10
501 1264 10
519 615 10
522 812 10
537 716 10
567 568 10
577 644 10
594 1004 10
601 964 10
626 1081 10
652 958 10
678 1182 10
687 701 10
697 1360 10
714 1364 10
719 1082 10
739 1225 10
774 948 10
774 1123 10
805 932 10
806 1349 10
816 1103 10
836 1394 10
842 1369 10
860 1265 10
880 1302 10
880 1072 10
888 1360 10
915 1470 10
1000 1339 10
1039 1196 10
1075 1098 10
1152 1163 10
1167 1427 10
1199 1342 10
1246 1262 10
1307 1403 10
1326 1477 10
2 641 11
2 874 11
5 843 11
6 1168 11
6 272 11
7 1345 11
9 820 11
14 1372 11
18 646 11
32 971 11
35 444 11
36 882 11
36 1162 11
42 925 11
53 1135 11
60 1063 11
61 164 11
63 123 11
76 189 11
82 192 11
86 475 11
89 417 11
94 998 11
95 394 11
99 350 11
102 1452 11
111 1241 11
111 669 11
114 172 11
115 647 11
121 265 11
125 508 11
126 684 11
130 1101 11
135 160 11
144 792 11
153 260 11
154 316 11
154 178 11
155 893 11
169 1110 11
172 1059 11
173 968 11
174 893 11
177 775 11
183 627 11
184 426 11
185 1130 11
191 1007 11
199 231 11
200 1176 11
211 982 11
214 819 11
216 788 11
221 283 11
223 373 11
226 1098 11
227 1394 11
229 946 11
230 773 11
237 856 11
238 1053 11
238 659 11
242 394 11
243 813 11
250 1013 11
255 503 11
255 1186 11
258 407 11
269 1363 11
270 990 11
271 396 11
282 568 11
289 452 11
292 618 11
292 1010 11
300 789 11
306 1117 11
307 1004 11
311 626 11
319 418 11
320 1139 11
329 1267 11
334 611 11
335 528 11
336 1452 11
340 1374 11
346 790 11
350 1337 11
351 652 11
366 476 11
369 991 11
373 422 11
375 1222 11
376 997 11
380 490 11
405 460 11
409 592 11
411 1184 11
413 1413 11
422 879 11
426 959 11
428 1203 11
429 638 11
435 903 11
441 1409 11
447 1066 11
467 1280 11
468 1147 11
474 1385 11
477 506 11
477 784 11
480 584 11
482 681 11
488 1321 11
492 818 11
493 805 11
506 1466 11
510 1022 11
517 1053 11
525 855 11
531 623 11
532 1284 11
539 855 11
542 1456 11
544 904 11
549 1194 11
559 1088 11
575 1087 11
585 1068 11
594 720 11
596 929 11
600 1152 11
602 865 11
605 731 11
616 762 11
640 1127 11
646 905 11
650 987 11
653 1045 11
662 899 11
683 686 11
684 774 11
686 1404 11
693 1215 11
712 1122 11
718 840 11
720 1017 11
729 1080 11
736 1074 11
738 864 11
744 1359 11
745 889 11
752 780 11
756 1270 11
768 1469 11
769 875 11
779 1478 11
784 1104 11
789 791 11
802 1110 11
805 833 11
810 1031 11
821 1090 11
826 1383 11
828 1096 11
830 1024 11
838 1079 11
844 1232 11
856 1335 11
856 1165 11
863 1232 11
864 1327 11
867 1263 11
890 967 11
899 1408 11
915 1282 11
921 1353 11
927 955 11
934 1050 11
937 1003 11
939 1295 11
965 1325 11
979 1132 11
988 1405 11
995 1301 11
1009 1356 11
1018 1196 11
1028 1263 11
1064 1168 11
1064 1307 11
1069 1185 11
1106 1206 11
1140 1272 11
1145 1417 11
1181 1236 11
1220 1407 11
1221 1254 11
1221 1284 11
1226 1479 11
1228 1246 11
1232 1300 11
1235 1326 11
1267 1408 11
1268 1284 11
1296 1372 11
1362 1385 11
1413 1462 11
24 377 12
30 999 12
43 390 12
53 1044 12
55 368 12
55 119 12
76 988 12
80 979 12
102 273 12
107 814 12
116 121 12
118 176 12
122 160 12
138 491 12
146 679 12
150 774 12
171 1171 12
176 1441 12
177 369 12
182 1306 12
182 1417 12
184 471 12
191 1440 12
198 1431 12
200 869 12
202 755 12
207 1056 12
218 599 12
223 1360 12
241 542 12
247 687 12
274 460 12
296 792 12
298 1258 12
303 514 12
306 1391 12
325 1347 12
335 901 12
350 501 12
389 1454 12
393 1035 12
396 1166 12
404 533 12
410 978 12
427 497 12
437 943 12
437 964 12
446 1056 12
449 757 12
455 1216 12
461 909 12
466 1265 12
470 1260 12
504 1166 12
513 1093 12
528 1019 12
538 1060 12
543 657 12
553 703 12
591 1148 12
609 701 12
612 1028 12
616 934 12
645 1376 12
683 1243 12
685 1058 12
685 1373 12
708 1243 12
712 746 12
712 868 12
723 1423 12
737 1138 12
762 1057 12
797 834 12
843 1351 12
854 1050 12
873 1031 12
877 940 12
893 1396 12
910 1055 12
934 1295 12
938 969 12
947 1295 12
958 1433 12
977 1346 12
986 1059 12
1048 1467 12
1051 1241 12
1104 1336 12
1194 1321 12
15 129 13
20 1197 13
39 1147 13
55 928 13
150 164 13
178 1322 13
260 1241 13
300 1160 13
308 961 13
356 1187 13
375 1236 13
400 913 13
406 1306 13
437 582 13
486 1085 13
565 1036 13
627 1085 13
630 1254 13
674 901 13
782 786 13
880 1384 13
924 1334 13
942 985 13
954 1466 13
1010 1261 13
1111 1349 13
1114 1417 13
13 455 14
19 818 14
31 1118 14
32 937 14
33 582 14
34 781 14
40 1344 14
43 858 14
46 684 14
48 252 14
48 1323 14
51 1083 14
52 594 14
58 502 14
63 1366 14
63 1011 14
64 1385 14
68 883 14
68 1415 14
74 88 14
75 407 14
76 132 14
79 933 14
91 211 14
95 1274 14
99 730 14
99 761 14
100 896 14
100 481 14
101 912 14
106 390 14
110 1145 14
115 438 14
116 354 14
117 1422 14
121 1095 14
122 1232 14
132 496 14
139 311 14
147 656 14
147 482 14
156 720 14
171 1161 14
173 238 14
174 1164 14
175 373 14
178 1174 14
181 673 14
183 1442 14
189 814 14
198 839 14
199 966 14
206 1037 14
209 570 14
213 1327 14
215 651 14
216 405 14
217 1178 14
222 1111 14
225 1059 14
245 1286 14
248 1130 14
248 966 14
252 446 14
268 1153 14
271 1071 14
276 1285 14
280 1271 14
299 376 14
308 1206 14
314 1434 14
323 996 14
329 651 14
342 1071 14
347 1416 14
347 1432 14
350 584 14
374 569 14
385 1220 14
386 583 14
398 1469 14
405 1156 14
406 840 14
409 1228 14
409 421 14
411 426 14
412 1176 14
421 1401 14
426 1342 14
426 1023 14
427 1266 14
430 676 14
430 1225 14
435 1262 14
447 1061 14
451 727 14
463 743 14
465 554 14
466 716 14
473 1301 14
473 1066 14
479 966 14
485 871 14
514 883 14
517 576 14
518 1377 14
519 750 14
526 935 14
526 1270 14
531 775 14
534 1179 14
539 1061 14
540 550 14
541 679 14
552 1000 14
565 908 14
566 705 14
569 1139 14
572 1269 14
579 787 14
581 950 14
584 1195 14
585 1450 14
586 1467 14
591 1151 14
593 840 14
598 987 14
603 1091 14
619 1118 14
621 1432 14
622 839 14
627 931 14
662 883 14
667 1409 14
673 940 14
674 1028 14
679 1161 14
680 1152 14
697 995 14
717 1220 14
721 1384 14
723 1010 14
725 1126 14
727 1008 14
731 851 14
741 1473 14
745 1222 14
746 1461 14
747 1105 14
749 751 14
750 1367 14
761 1212 14
771 898 14
821 1157 14
822 1282 14
824 991 14
841 862 14
842 1149 14
861 875 14
879 1110 14
881 1223 14
884 886 14
902 1387 14
937 1386 14
947 1242 14
964 1019 14
969 1425 14
988 1231 14
993 1458 14
993 1303 14
1004 1362 14
1030 1467 14
1057 1387 14
1108 1415 14
1126 1230 14
1152 1362 14
1178 1248 14
1204 1446 14
1288 1323 14
1293 1334 14
1315 1390 14
1319 1336 14
1336 1366 14
1340 1438 14
1362 1451 14
1382 1456 14
1436 1446 14
0 242 15
6 1152 15
12 267 15
16 987 15
21 320 15
43 539 15
46 799 15
64 1171 15
69 178 15
73 495 15
82 472 15
89 294 15
92 111 15
114 121 15
119 588 15
120 1301 15
122 173 15
140 1441 15
145 1318 15
155 240 15
156 588 15
161 1276 15
166 1275 15
169 1233 15
170 1256 15
178 1241 15
194 891 15
199 1192 15
206 929 15
208 1314 15
209 1156 15
216 921 15
221 589 15
222 922 15
223 1118 15
230 1032 15
230 884 15
242 380 15
256 944 15
280 1309 15
285 827 15
295 968 15
302 795 15
309 353 15
318 994 15
320 1313 15
329 477 15
330 412 15
337 1448 15
340 529 15
346 657 15
367 407 15
373 869 15
376 525 15
381 487 15
383 521 15
387 1418 15
394 497 15
400 889 15
403 1274 15
403 1263 15
416 999 15
416 1046 15
421 983 15
431 1441 15
433 1152 15
434 1479 15
469 1035 15
471 1279 15
498 1148 15
506 995 15
507 943 15
514 638 15
526 964 15
528 1045 15
537 949 15
554 1288 15
578 1297 15
596 938 15
607 1201 15
619 1462 15
625 1074 15
645 983 15
677 897 15
678 1086 15
699 894 15
729 1389 15
766 1093 15
809 1165 15
809 856 15
814 1248 15
829 1059 15
833 1283 15
853 1299 15
870 1039 15
872 1067 15
881 1161 15
905 916 15
908 988 15
911 1420 15
936 1291 15
948 958 15
953 1133 15
953 1073 15
988 1410 15
997 1122 15
1016 1044 15
1060 1353 15
1161 1254 15
1170 1203 15
1226 1474 15
1383 1406 15
1409 1412 15
1 402 16
7 1393 16
7 518 16
12 1084 16
33 458 16
50 369 16
55 83 16
79 598 16
95 405 16
106 447 16
113 337 16
116 170 16
122 634 16
125 717 16
130 1428 16
136 448 16
139 330 16
184 1415 16
187 349 16
187 339 16
194 903 16
202 1422 16
206 336 16
213 689 16
247 755 16
253 567 16
271 1424 16
290 631 16
329 595 16
332 1427 16
336 616 16
338 1048 16
339 1295 16
342 982 16
345 838 16
350 950 16
367 481 16
377 1405 16
408 1331 16
432 1171 16
466 610 16
468 1449 16
482 1210 16
490 781 16
494 724 16
494 1255 16
520 919 16
545 1100 16
547 753 16
556 1347 16
613 756 16
623 790 16
630 1214 16
647 1100 16
668 797 16
676 1379 16
773 799 16
859 1311 16
868 1172 16
888 1142 16
904 1206 16
907 1181 16
915 999 16
938 1212 16
972 1212 16
979 1025 16
1004 1099 16
1065 1446 16
1090 1415 16
1162 1279 16
1192 1437 16
1237 1259 16
1333 1353 16
1372 1423 16
11 848 17
16 1457 17
22 759 17
68 831 17
97 431 17
113 1214 17
114 395 17
163 1445 17
163 855 17
175 1171 17
201 409 17
231 1165 17
249 827 17
252 390 17
256 1356 17
271 791 17
276 757 17
292 1456 17
296 831 17
311 1438 17
332 1364 17
334 1208 17
347 952 17
349 707 17
367 941 17
399 1178 17
442 1054 17
466 1420 17
503 887 17
510 948 17
540 1058 17
544 593 17
644 1034 17
664 1019 17
717 1189 17
719 1004 17
795 1359 17
835 1294 17
853 1162 17
948 1388 17
975 1089 17
1010 1034 17
1032 1182 17
1048 1100 17
1063 1081 17
1078 1400 17
1089 1438 17
1097 1166 17
1145 1466 17
1245 1265 17
1370 1477 17
7 1023 18
10 1373 18
14 566 18
24 1464 18
28 540 18
49 402 18
52 188 18
53 1102 18
66 720 18
69 423 18
81 673 18
93 137 18
115 467 18
143 1273 18
175 1066 18
183 1069 18
186 1344 18
224 682 18
241 277 18
298 1338 18
299 520 18
324 397 18
333 1249 18
408 439 18
426 679 18
427 545 18
429 1411 18
430 1332 18
464 746 18
470 1477 18
473 565 18
497 1388 18
515 855 18
534 649 18
536 1119 18
539 1406 18
543 919 18
552 1368 18
566 937 18
581 1294 18
593 612 18
612 1299 18
673 1130 18
680 1308 18
724 1442 18
746 1120 18
785 1436 18
814 910 18
839 1009 18
907 1145 18
939 946 18
955 1315 18
980 1091 18
994 1280 18
1032 1402 18
1067 1393 18
1072 1379 18
1080 1194 18
1137 1477 18
1184 1292 18
1199 1416 18
1220 1357 18
1313 1357 18
20 834 19
42 703 19
43 1123 19
53 1398 19
65 1229 19
66 441 19
67 1117 19
74 580 19
74 217 19
77 783 19
80 488 19
81 1204 19
81 712 19
82 581 19
82 137 19
113 706 19
128 635 19
129 1108 19
131 494 19
131 784 19
135 1373 19
137 490 19
147 203 19
154 717 19
172 191 19
178 1365 19
181 272 19
187 743 19
189 853 19
190 1428 19
191 688 19
195 537 19
202 274 19
202 744 19
208 286 19
212 1328 19
216 833 19
221 1321 19
221 250 19
223 1122 19
230 727 19
232 850 19
234 907 19
236 304 19
251 308 19
251 1201 19
256 608 19
260 359 19
260 1123 19
264 982 19
281 528 19
297 1182 19
298 1401 19
313 965 19
314 1251 19
330 512 19
330 564 19
334 391 19
334 1160 19
337 614 19
339 845 19
348 1102 19
352 727 19
365 533 19
367 829 19
380 1180 19
391 710 19
397 440 19
399 429 19
401 643 19
414 1371 19
427 493 19
427 998 19
433 564 19
444 1365 19
450 803 19
457 1001 19
461 523 19
469 672 19
471 858 19
471 473 19
473 954 19
474 1144 19
490 594 19
491 537 19
493 858 19
503 1422 19
521 1051 19
521 669 19
522 1135 19
529 796 19
532 708 19
533 1063 19
537 869 19
548 1137 19
554 881 19
589 1100 19
599 947 19
602 1041 19
604 1162 19
615 1177 19
618 949 19
629 1198 19
630 887 19
632 1399 19
633 1163 19
649 966 19
650 757 19
656 1245 19
658 866 19
673 974 19
677 1312 19
686 1451 19
689 1214 19
698 1386 19
698 1247 19
705 1355 19
713 1230 19
721 937 19
722 851 19
722 813 19
723 1272 19
731 1107 19
732 837 19
737 1284 19
741 748 19
744 1203 19
765 1214 19
768 1475 19
777 1258 19
783 982 19
787 1184 19
791 1243 19
806 845 19
811 1381 19
813 1244 19
817 1202 19
817 1062 19
823 840 19
844 1415 19
848 1073 19
922 1147 19
933 1361 19
958 1457 19
964 1319 19
964 1044 19
965 967 19
973 1059 19
974 1272 19
975 1471 19
976 1132 19
982 1160 19
985 1033 19
994 1461 19
996 1071 19
1036 1099 19
1083 1106 19
1086 1300 19
1105 1171 19
1113 1407 19
1119 1225 19
1136 1302 19
1156 1216 19
1212 1444 19
1227 1353 19
1246 1334 19
1275 1479 19
1402 1412 19
1 348 20
6 1023 20
14 1389 20
16 1075 20
16 1331 20
19 854 20
19 822 20
24 915 20
24 1425 20
26 288 20
45 1428 20
49 588 20
53 561 20
59 167 20
65 891 20
83 696 20
87 797 20
88 1045 20
96 374 20
100 179 20
101 851 20
106 1068 20
107 815 20
120 1012 20
126 172 20
126 703 20
144 1257 20
153 772 20
156 1148 20
162 723 20
182 578 20
185 628 20
187 464 20
190 1217 20
193 464 20
194 920 20
204 707 20
206 921 20
212 968 20
212 974 20
218 389 20
220 1277 20
224 761 20
228 1287 20
228 662 20
235 1299 20
240 475 20
241 1379 20
242 838 20
247 1150 20
260 933 20
267 570 20
275 600 20
275 877 20
291 572 20
298 786 20
304 1083 20
319 1267 20
325 499 20
325 682 20
325 1173 20
326 1258 20
326 1290 20
328 1390 20
332 948 20
335 1141 20
335 1406 20
337 774 20
338 1339 20
342 1168 20
343 969 20
346 1236 20
346 1058 20
347 548 20
348 646 20
349 564 20
359 778 20
368 448 20
369 1160 20
373 781 20
375 1117 20
384 644 20
390 796 20
400 808 20
401 1011 20
406 449 20
410 866 20
414 830 20
415 563 20
423 545 20
425 1248 20
432 463 20
433 1307 20
449 1115 20
451 925 20
461 800 20
462 1202 20
478 895 20
505 1122 20
517 912 20
518 1325 20
526 993 20
528 1120 20
532 639 20
543 1416 20
553 1306 20
582 976 20
583 599 20
588 1110 20
596 956 20
606 827 20
620 1423 20
627 891 20
642 1234 20
649 1041 20
651 1332 20
661 1114 20
666 1345 20
671 782 20
672 1317 20
699 1220 20
707 903 20
716 1278 20
736 1066 20
747 1137 20
767 929 20
778 1459 20
794 1075 20
815 1256 20
816 1263 20
819 1003 20
820 1324 20
842 1032 20
845 1378 20
848 1114 20
862 888 20
878 926 20
883 1359 20
908 1107 20
940 1032 20
968 1198 20
968 1264 20
972 1312 20
997 1172 20
1010 1311 20
1016 1340 20
1043 1329 20
1057 1467 20
1115 1411 20
1116 1407 20
1118 1377 20
1120 1326 20
1123 1266 20
1129 1244 20
1146 1182 20
1198 1254 20
1208 1286 20
1255 1363 20
1262 1347 20
2 873 21
11 844 21
26 534 21
31 442 21
33 1085 21
33 116 21
38 484 21
40 56 21
45 1291 21
50 401 21
75 528 21
75 688 21
79 650 21
82 293 21
85 800 21
97 230 21
99 1367 21
103 302 21
104 191 21
109 912 21
111 136 21
113 1221 21
117 472 21
121 531 21
122 235 21
124 997 21
125 428 21
127 585 21
129 161 21
131 921 21
137 959 21
138 943 21
151 192 21
155 1466 21
165 1138 21
167 1023 21
167 256 21
174 309 21
175 524 21
175 589 21
180 372 21
193 1046 21
199 1417 21
202 487 21
202 1061 21
210 290 21
215 1449 21
220 777 21
221 582 21
224 831 21
227 462 21
235 663 21
239 348 21
241 920 21
243 1087 21
256 507 21
259 1083 21
271 1462 21
278 744 21
279 640 21
292 1263 21
306 1100 21
317 1368 21
318 1078 21
319 1082 21
321 763 21
325 470 21
330 662 21
341 387 21
341 780 21
350 726 21
367 581 21
373 1314 21
380 1034 21
383 593 21
392 578 21
423 1033 21
424 643 21
426 869 21
454 1196 21
454 558 21
456 572 21
462 600 21
478 699 21
483 1001 21
486 764 21
488 776 21
500 591 21
511 1056 21
524 1213 21
539 985 21
544 919 21
546 598 21
548 620 21
550 1044 21
565 729 21
579 790 21
584 1477 21
599 1397 21
603 605 21
609 933 21
620 1350 21
625 1005 21
629 1045 21
633 1127 21
682 1216 21
687 788 21
688 1094 21
696 1392 21
711 848 21
716 942 21
724 995 21
733 1154 21
782 894 21
789 1223 21
792 1108 21
796 1329 21
800 1475 21
813 1104 21
825 1117 21
827 1394 21
834 843 21
841 1354 21
854 869 21
859 1104 21
884 923 21
895 994 21
900 1404 21
914 1075 21
948 1416 21
961 1338 21
962 1137 21
970 1130 21
996 1350 21
1011 1415 21
1070 1411 21
1087 1175 21
1093 1114 21
1167 1273 21
1198 1201 21
1232 1307 21
1253 1301 21
1305 1418 21
1346 1386 21
1346 1434 21
1360 1446 21
6 380 22
11 126 22
14 1194 22
29 878 22
34 59 22
47 1278 22
49 908 22
51 919 22
52 564 22
53 1076 22
53 638 22
56 862 22
59 241 22
59 1157 22
60 1149 22
61 585 22
67 1267 22
67 174 22
84 1373 22
84 1073 22
88 211 22
92 700 22
94 476 22
94 951 22
95 1101 22
97 1344 22
104 215 22
111 530 22
111 959 22
119 316 22
120 633 22
130 736 22
138 214 22
140 621 22
146 912 22
147 662 22
147 810 22
148 932 22
152 556 22
153 1411 22
158 273 22
160 1247 22
160 1320 22
161 1067 22
164 249 22
165 1014 22
166 1302 22
167 388 22
172 612 22
173 975 22
186 1366 22
186 568 22
188 469 22
207 775 22
208 532 22
208 743 22
211 737 22
215 596 22
216 1423 22
233 1135 22
238 401 22
252 897 22
253 495 22
253 943 22
255 1390 22
274 372 22
282 1428 22
292 632 22
293 868 22
298 368 22
303 1214 22
310 671 22
311 629 22
325 458 22
326 1408 22
327 1286 22
337 426 22
338 407 22
349 562 22
360 881 22
373 969 22
380 602 22
397 1216 22
400 1018 22
408 1011 22
424 1188 22
432 1205 22
432 527 22
441 765 22
465 919 22
470 1304 22
478 1398 22
479 649 22
482 1476 22
487 1271 22
488 655 22
501 962 22
509 1434 22
512 879 22
522 961 22
528 740 22
533 1125 22
536 1135 22
546 1250 22
565 734 22
569 784 22
569 1291 22
590 665 22
592 1316 22
593 1433 22
602 1181 22
606 767 22
610 1370 22
624 1299 22
627 798 22
637 1125 22
670 1042 22
677 1152 22
690 941 22
709 1254 22
712 1028 22
722 1303 22
731 973 22
740 972 22
746 1284 22
748 1333 22
751 1132 22
753 1220 22
758 1265 22
760 1252 22
787 1035 22
813 820 22
823 1164 22
836 1340 22
839 1217 22
865 1104 22
919 1426 22
920 1063 22
928 1145 22
947 1368 22
951 1305 22
954 1312 22
954 1042 22
959 1245 22
961 1309 22
970 1357 22
990 1000 22
996 1251 22
999 1367 22
1005 1475 22
1025 1379 22
1030 1470 22
1043 1263 22
1049 1434 22
1082 1297 22
1085 1309 22
1114 1472 22
1148 1248 22
1166 1179 22
1196 1438 22
1250 1405 22
1276 1311 22
1326 1455 22
1330 1404 22
1332 1422 22
32 1432 23
34 149 23
41 231 23
51 166 23
54 980 23
56 1086 23
56 123 23
61 1154 23
78 123 23
88 1464 23
92 698 23
106 1031 23
115 494 23
129 610 23
129 745 23
132 700 23
135 397 23
136 1414 23
148 843 23
152 1316 23
156 556 23
158 1251 23
166 950 23
175 439 23
176 580 23
181 1405 23
184 690 23
193 628 23
209 247 23
220 398 23
238 1346 23
241 379 23
241 454 23
263 401 23
278 811 23
284 611 23
291 448 23
305 1163 23
327 1019 23
329 658 23
347 720 23
348 815 23
364 918 23
371 658 23
372 656 23
396 1200 23
413 989 23
420 928 23
426 760 23
428 1026 23
428 1155 23
446 1462 23
455 470 23
456 553 23
460 771 23
468 1351 23
468 728 23
468 1393 23
477 1377 23
482 1114 23
491 1468 23
494 1011 23
505 1317 23
508 1458 23
513 1328 23
517 781 23
538 559 23
547 829 23
559 1334 23
565 1236 23
569 976 23
573 1098 23
582 1418 23
588 677 23
601 1125 23
604 1286 23
611 1478 23
614 620 23
620 1170 23
624 753 23
635 663 23
642 791 23
644 1295 23
650 1358 23
665 1158 23
667 1149 23
671 1099 23
673 1202 23
703 910 23
705 812 23
709 1113 23
725 1334 23
742 1101 23
750 904 23
772 1078 23
779 898 23
784 1048 23
812 1139 23
846 903 23
854 1104 23
877 1355 23
907 1122 23
915 1442 23
920 1428 23
923 1072 23
929 1250 23
951 1293 23
998 1445 23
998 1030 23
1007 1368 23
1028 1260 23
1054 1454 23
1077 1373 23
1086 1371 23
1134 1326 23
1147 1378 23
1187 1318 23
1206 1274 23
1253 1375 23
1371 1388 23
1394 1419 23
1412 1445 23
48 835 24
58 759 24
76 649 24
191 1330 24
192 611 24
195 1249 24
200 783 24
203 481 24
208 1371 24
251 1102 24
273 387 24
278 886 24
288 934 24
328 1456 24
333 384 24
335 1002 24
341 1169 24
352 1146 24
390 715 24
393 977 24
406 1056 24
434 626 24
435 744 24
453 1226 24
474 1463 24
502 761 24
570 1297 24
590 1393 24
605 1462 24
620 669 24
629 1479 24
635 1410 24
636 700 24
691 1298 24
710 1422 24
718 1289 24
721 1159 24
750 1090 24
762 1068 24
787 1232 24
834 1314 24
873 1052 24
922 1159 24
970 1343 24
973 1183 24
1152 1303 24
1196 1217 24
1241 1303 24
1265 1475 24
1273 1413 24
1334 1351 24
1356 1379 24
1464 1475 24
9 664 25
30 649 25
33 1324 25
44 533 25
46 1337 25
50 739 25
69 379 25
73 1237 25
76 1261 25
78 446 25
91 558 25
94 545 25
99 1439 25
100 1309 25
102 279 25
112 977 25
122 1238 25
134 1396 25
173 1283 25
175 1310 25
178 1396 25
185 1118 25
187 1190 25
199 368 25
211 936 25
223 794 25
232 1353 25
232 530 25
237 838 25
251 1186 25
277 1173 25
300 1115 25
309 1406 25
325 557 25
328 665 25
331 1359 25
334 1372 25
349 942 25
353 1336 25
355 934 25
364 540 25
384 1394 25
389 1248 25
411 726 25
411 1096 25
431 1434 25
431 542 25
495 1443 25
501 712 25
503 533 25
531 1421 25
556 1472 25
573 794 25
615 1331 25
647 1036 25
657 964 25
692 1372 25
698 885 25
720 871 25
730 999 25
744 857 25
753 1464 25
765 1416 25
795 862 25
846 923 25
871 1457 25
872 1472 25
931 1080 25
959 1133 25
970 1399 25
978 1158 25
985 1218 25
1033 1332 25
1112 1348 25
1139 1218 25
1151 1350 25
1172 1375 25
1214 1215 25
1225 1299 25
8 113 26
13 28 26
24 422 26
38 967 26
73 991 26
78 619 26
93 146 26
131 1188 26
154 388 26
166 595 26
174 1397 26
185 507 26
215 537 26
222 1200 26
250 448 26
261 1467 26
288 892 26
289 1091 26
294 375 26
299 1479 26
302 983 26
331 336 26
391 735 26
402 1367 26
417 901 26
446 537 26
447 947 26
457 952 26
476 1165 26
478 1227 26
485 679 26
489 1227 26
494 1104 26
497 965 26
529 1191 26
535 627 26
575 612 26
577 1209 26
578 1121 26
582 1337 26
594 1404 26
597 1144 26
604 931 26
625 701 26
641 1194 26
658 700 26
668 1157 26
669 1184 26
697 1278 26
729 974 26
758 920 26
762 1066 26
788 1271 26
815 1010 26
832 1331 26
842 1468 26
842 1173 26
872 1256 26
876 1456 26
881 990 26
885 1227 26
899 973 26
904 1319 26
916 1010 26
953 1385 26
960 1085 26
968 1462 26
997 1257 26
1001 1160 26
1007 1019 26
1033 1199 26
1043 1238 26
1049 1319 26
1072 1415 26
1089 1244 26
1123 1174 26
1147 1323 26
1151 1261 26
1266 1415 26
1294 1340 26
1338 1428 26
1353 1440 26
2 300 27
4 1177 27
23 212 27
27 1181 27
32 1294 27
58 396 27
79 475 27
80 718 27
82 1094 27
91 357 27
132 383 27
138 581 27
152 1072 27
157 655 27
162 1385 27
166 1384 27
178 849 27
212 1006 27
225 910 27
228 268 27
237 1118 27
284 333 27
297 659 27
299 991 27
299 574 27
312 1332 27
335 665 27
347 1403 27
353 704 27
362 487 27
391 1104 27
396 852 27
425 866 27
426 1240 27
455 607 27
469 1442 27
500 655 27
516 601 27
525 1227 27
539 863 27
547 902 27
562 1258 27
571 1230 27
588 790 27
590 1000 27
599 946 27
604 1303 27
617 845 27
627 898 27
631 1258 27
635 726 27
642 924 27
642 798 27
690 1265 27
694 1188 27
714 1441 27
717 916 27
726 1016 27
755 1300 27
825 1287 27
1011 1073 27
1051 1225 27
1073 1455 27
1105 1393 27
3 533 28
13 175 28
33 587 28
37 854 28
55 133 28
92 1369 28
112 627 28
126 728 28
149 247 28
154 1184 28
164 1030 28
172 722 28
186 1023 28
200 1044 28
240 808 28
241 646 28
252 337 28
260 1062 28
320 796 28
339 1447 28
347 960 28
379 1322 28
388 1023 28
405 1112 28
412 496 28
467 1416 28
478 996 28
548 1235 28
552 1364 28
594 1397 28
645 1169 28
674 1134 28
693 1466 28
726 1128 28
729 1184 28
755 1059 28
763 1217 28
924 1302 28
924 1037 28
933 1291 28
956 958 28
1041 1213 28
1114 1392 28
1345 1397 28
25 1240 29
106 468 29
129 551 29
180 1285 29
214 1049 29
229 647 29
237 452 29
250 1061 29
337 1459 29
355 732 29
387 890 29
471 794 29
515 1359 29
537 1049 29
568 1262 29
603 890 29
640 905 29
657 1052 29
841 1153 29
847 977 29
95 568 30
116 920 30
272 934 30
349 1263 30
446 1244 30
483 1424 30
492 1093 30
528 682 30
562 993 30
694 1371 30
694 1416 30
904 1067 30
13 555 31
57 875 31
331 963 31
806 849 31
4 749 32
6 285 32
86 621 32
153 164 32
153 1036 32
355 1295 32
408 1192 32
802 958 32
814 1458 32
1132 1383 32
41 102 33
51 975 33
270 1019 33
454 909 33
510 1023 33
134 615 34
548 939 34
81 765 35
229 517 35
499 1459 35
609 838 35
649 831 35
1017 1264 36
166 1465 37
399 564 37
319 465 38
958 1026 39
1283 1370 39
12 1309 40
48 697 40
51 705 40
71 456 40
155 1350 40
211 1121 40
212 1342 40
236 878 40
283 318 40
298 1379 40
397 998 40
460 838 40
465 745 40
533 1031 40
582 1392 40
593 1097 40
623 1015 40
688 1366 40
749 1263 40
818 1008 40
838 1347 40
6 89 41
16 280 41
22 659 41
29 592 41
32 834 41
47 369 41
90 704 41
98 976 41
101 1448 41
105 1090 41
109 244 41
114 674 41
120 556 41
146 989 41
167 926 41
186 1235 41
208 384 41
213 913 41
252 916 41
256 850 41
262 828 41
264 1062 41
275 1255 41
290 907 41
311 903 41
320 1219 41
326 762 41
354 477 41
358 1065 41
368 983 41
384 1007 41
387 1149 41
391 950 41
407 509 41
408 624 41
417 833 41
482 1159 41
528 1296 41
533 1346 41
535 931 41
541 1338 41
566 988 41
567 1253 41
569 1150 41
594 1140 41
610 1175 41
627 668 41
634 951 41
635 1392 41
642 1043 41
667 856 41
671 681 41
713 749 41
761 1271 41
764 1229 41
773 983 41
813 1138 41
875 964 41
897 1266 41
903 1200 41
920 1138 41
957 1394 41
972 1175 41
1006 1426 41
1017 1407 41
1019 1168 41
1030 1114 41
1049 1209 41
1078 1184 41
1094 1226 41
1134 1221 41
1177 1284 41
1302 1342 41
1302 1304 41
1374 1406 41
1401 1437 41
1429 1474 41
6 1113 42
15 486 42
24 1163 42
28 242 42
35 350 42
39 105 42
39 136 42
64 369 42
69 634 42
73 1336 42
80 428 42
81 658 42
103 627 42
111 1112 42
123 1138 42
130 1258 42
135 1308 42
142 531 42
145 781 42
153 595 42
160 965 42
167 495 42
176 1449 42
176 939 42
177 479 42
184 700 42
187 1384 42
205 325 42
208 350 42
210 630 42
213 1221 42
222 1216 42
232 1082 42
232 405 42
233 272 42
234 1241 42
237 1208 42
238 942 42
250 269 42
250 1252 42
269 1151 42
279 941 42
281 685 42
292 1456 42
309 1203 42
320 1172 42
325 805 42
327 1304 42
333 1443 42
334 798 42
357 875 42
359 1190 42
372 949 42
376 1204 42
386 1208 42
390 1467 42
393 799 42
394 802 42
399 1205 42
417 1451 42
442 460 42
445 1331 42
445 451 42
447 732 42
448 672 42
459 748 42
465 983 42
477 596 42
482 1114 42
486 593 42
495 590 42
498 1382 42
500 803 42
505 1349 42
510 1236 42
512 1438 42
566 649 42
570 1112 42
578 1094 42
585 1142 42
592 1184 42
598 901 42
601 856 42
615 1156 42
624 641 42
632 960 42
636 1006 42
659 1403 42
669 850 42
681 862 42
687 1425 42
694 1152 42
699 1459 42
729 1106 42
732 740 42
742 1082 42
758 985 42
763 946 42
798 1116 42
811 1192 42
834 875 42
846 1063 42
853 1234 42
854 1209 42
878 1391 42
904 926 42
938 1014 42
979 1123 42
1022 1315 42
1040 1250 42
1058 1233 42
1071 1320 42
1098 1114 42
1153 1184 42
1177 1313 42
1220 1462 42
1233 1381 42
1257 1391 42
1279 1351 42
1320 1476 42
2 1301 43
3 1114 43
5 361 43
8 45 43
18 592 43
19 66 43
19 856 43
23 684 43
31 1028 43
43 369 43
48 986 43
57 827 43
60 348 43
65 257 43
65 522 43
68 1232 43
69 925 43
70 1174 43
82 534 43
85 1259 43
90 117 43
100 624 43
104 937 43
104 1279 43
107 315 43
116 1408 43
118 1384 43
126 621 43
128 1161 43
130 1128 43
131 184 43
135 1218 43
136 1202 43
139 543 43
139 339 43
141 245 43
142 1176 43
145 1205 43
152 1363 43
158 703 43
159 1020 43
163 1278 43
169 604 43
175 1062 43
176 1163 43
182 1351 43
183 677 43
200 1471 43
216 838 43
216 602 43
218 1130 43
218 1003 43
219 729 43
232 1338 43
232 915 43
240 463 43
241 377 43
246 679 43
249 1142 43
251 1366 43
259 1220 43
260 711 43
264 516 43
278 608 43
282 1248 43
282 1195 43
284 986 43
295 1402 43
306 324 43
313 893 43
314 991 43
321 875 43
327 1063 43
333 977 43
334 706 43
335 1019 43
339 638 43
342 747 43
351 1017 43
354 908 43
363 765 43
364 1250 43
371 861 43
371 946 43
372 1457 43
383 503 43
386 493 43
406 1362 43
407 1018 43
419 957 43
420 1305 43
426 1156 43
429 1394 43
432 1057 43
439 1011 43
440 602 43
473 1122 43
476 748 43
479 949 43
484 600 43
503 810 43
506 837 43
547 1142 43
550 1032 43
552 1185 43
554 848 43
556 568 43
564 1332 43
570 1133 43
587 1150 43
595 1008 43
600 1256 43
632 1057 43
634 653 43
638 1045 43
641 1295 43
659 1346 43
668 1407 43
673 904 43
675 855 43
679 698 43
695 1337 43
704 1177 43
707 888 43
707 755 43
708 1259 43
722 1406 43
735 769 43
736 1411 43
757 880 43
764 940 43
789 943 43
790 948 43
795 1077 43
808 859 43
809 1372 43
811 1360 43
814 1176 43
838 1396 43
845 971 43
863 1288 43
909 1366 43
912 1126 43
920 1335 43
923 1234 43
931 1115 43
946 1453 43
954 1309 43
957 1452 43
962 973 43
976 1339 43
993 1087 43
1004 1325 43
1011 1352 43
1016 1313 43
1035 1291 43
1053 1420 43
1055 1376 43
1068 1380 43
1101 1193 43
1121 1431 43
1142 1203 43
1155 1294 43
1174 1444 43
1176 1449 43
1189 1390 43
1213 1437 43
1243 1366 43
1248 1358 43
1251 1472 43
1280 1368 43
1289 1317 43
1298 1365 43
1338 1395 43
1393 1469 43
1393 1455 43
1432 1460 43
11 657 44
60 66 44
79 1334 44
92 853 44
116 153 44
129 441 44
167 1434 44
188 1382 44
211 1352 44
221 977 44
221 1232 44
231 734 44
250 299 44
290 316 44
348 453 44
424 1145 44
440 1063 44
475 821 44
487 755 44
541 924 44
587 1317 44
630 666 44
670 783 44
674 1218 44
734 1192 44
743 1096 44
878 1265 44
0 496 45
9 477 45
15 543 45
18 1464 45
39 416 45
42 1014 45
45 877 45
53 1394 45
55 1320 45
55 704 45
62 661 45
66 847 45
78 1147 45
101 245 45
110 701 45
110 1433 45
121 951 45
132 1050 45
136 912 45
151 206 45
153 1372 45
154 942 45
166 769 45
182 1370 45
187 1347 45
195 435 45
196 1411 45
197 1410 45
200 687 45
204 877 45
206 850 45
208 644 45
216 692 45
218 964 45
225 829 45
225 1115 45
227 950 45
229 965 45
245 1460 45
248 1054 45
259 865 45
263 1003 45
267 583 45
267 1094 45
305 751 45
313 640 45
317 764 45
324 1434 45
328 1425 45
329 739 45
350 1390 45
357 987 45
368 713 45
376 1406 45
393 1374 45
400 663 45
407 1219 45
407 547 45
417 944 45
422 960 45
423 581 45
426 1325 45
431 779 45
434 735 45
438 1078 45
452 833 45
452 1308 45
466 829 45
476 1013 45
477 717 45
486 1136 45
488 1303 45
489 1410 45
513 945 45
516 1157 45
532 1469 45
558 803 45
563 1218 45
564 984 45
572 922 45
586 1297 45
586 1098 45
606 729 45
611 1137 45
635 1473 45
636 1396 45
638 1451 45
638 1174 45
640 704 45
641 696 45
643 1038 45
654 1050 45
671 1215 45
682 1049 45
688 1290 45
692 954 45
700 1139 45
701 730 45
705 1247 45
713 1220 45
732 1419 45
746 903 45
753 1472 45
802 1321 45
848 990 45
852 1011 45
859 979 45
931 1227 45
945 1352 45
947 1143 45
951 1445 45
966 1431 45
970 1401 45
973 1345 45
975 1332 45
998 1257 45
1000 1477 45
1037 1253 45
1039 1050 45
1059 1132 45
1070 1147 45
1074 1174 45
1074 1276 45
1095 1271 45
1109 1415 45
1112 1455 45
1144 1255 45
1146 1412 45
1167 1400 45
1172 1368 45
1176 1458 45
1179 1446 45
1224 1288 45
1229 1412 45
1246 1295 45
1278 1378 45
7 91 46
8 717 46
10 1126 46
22 935 46
28 1350 46
35 176 46
49 73 46
49 434 46
49 1085 46
51 1145 46
51 1472 46
55 864 46
58 1015 46
65 1119 46
72 697 46
76 526 46
86 852 46
95 1334 46
95 208 46
109 955 46
120 682 46
120 162 46
126 183 46
127 382 46
132 1080 46
140 516 46
144 1283 46
149 584 46
151 152 46
155 766 46
174 630 46
180 484 46
186 603 46
194 1174 46
194 575 46
214 1217 46
217 759 46
223 796 46
239 1353 46
250 607 46
260 330 46
265 1387 46
274 1190 46
281 465 46
289 903 46
308 1239 46
310 601 46
318 699 46
319 1282 46
322 1067 46
336 907 46
344 454 46
388 1311 46
393 479 46
409 1237 46
413 490 46
415 1023 46
434 1211 46
440 1384 46
443 1341 46
445 1329 46
454 1106 46
457 1411 46
459 481 46
463 1243 46
464 812 46
469 1429 46
469 1444 46
472 881 46
478 758 46
480 841 46
480 575 46
483 921 46
493 776 46
495 1346 46
514 573 46
522 1210 46
524 846 46
529 749 46
532 677 46
546 951 46
548 1190 46
593 1430 46
599 1407 46
599 967 46
606 834 46
609 858 46
615 1310 46
656 1455 46
665 978 46
666 1272 46
679 1415 46
712 1087 46
728 994 46
730 1375 46
735 1204 46
737 764 46
745 1141 46
761 1276 46
779 897 46
793 1222 46
799 900 46
801 1138 46
823 1309 46
831 1319 46
834 986 46
835 982 46
835 1234 46
845 1291 46
858 989 46
859 1153 46
863 1297 46
871 938 46
878 1440 46
896 947 46
901 914 46
912 1369 46
923 930 46
926 993 46
978 1022 46
1018 1284 46
1057 1307 46
1060 1145 46
1073 1466 46
1090 1171 46
1098 1196 46
1112 1119 46
1136 1313 46
1152 1302 46
1197 1476 46
1256 1431 46
1265 1334 46
1283 1359 46
1291 1412 46
1293 1424 46
1309 1432 46
8 113 47
11 509 47
13 802 47
15 1106 47
25 562 47
34 524 47
35 1276 47
45 665 47
49 1080 47
53 481 47
77 386 47
83 938 47
103 1105 47
116 1187 47
119 1005 47
119 893 47
121 953 47
121 298 47
123 341 47
124 1185 47
138 904 47
149 561 47
155 712 47
159 498 47
168 862 47
170 1086 47
177 877 47
184 1205 47
186 770 47
187 889 47
200 295 47
206 235 47
206 863 47
215 420 47
215 1384 47
222 656 47
226 818 47
230 524 47
230 286 47
245 984 47
249 1433 47
275 706 47
278 901 47
281 995 47
301 1343 47
304 855 47
314 1201 47
315 1364 47
345 1142 47
392 831 47
394 669 47
405 701 47
405 780 47
409 557 47
442 673 47
443 1197 47
450 1236 47
456 1214 47
460 934 47
464 887 47
476 1409 47
482 490 47
489 657 47
499 1327 47
505 513 47
508 650 47
512 1234 47
517 562 47
523 1213 47
526 950 47
528 963 47
542 625 47
549 1200 47
554 1023 47
570 1220 47
617 849 47
618 942 47
626 776 47
647 1329 47
652 1248 47
667 920 47
679 1021 47
695 841 47
697 849 47
699 994 47
714 1305 47
716 987 47
720 897 47
724 1106 47
729 1293 47
735 1252 47
748 1474 47
759 1432 47
807 1433 47
838 1274 47
855 1270 47
864 1149 47
874 1407 47
927 1400 47
979 1240 47
983 1284 47
1006 1114 47
1172 1258 47
1179 1476 47
1199 1273 47
1321 1360 47
1440 1443 47
1453 1467 47
10 1189 48
13 50 48
19 421 48
23 223 48
27 1438 48
36 1098 48
37 825 48
55 899 48
59 481 48
59 435 48
60 86 48
63 1397 48
65 1467 48
69 653 48
83 1344 48
114 1006 48
120 805 48
125 599 48
128 818 48
130 1213 48
135 1312 48
137 539 48
140 387 48
151 299 48
153 1147 48
155 760 48
164 563 48
167 997 48
171 1235 48
174 1427 48
176 1058 48
186 1435 48
189 532 48
190 1348 48
190 703 48
197 909 48
210 1111 48
220 548 48
231 510 48
231 436 48
236 1446 48
248 663 48
255 550 48
263 474 48
265 834 48
266 644 48
267 860 48
273 1021 48
275 1033 48
277 673 48
294 908 48
297 879 48
340 500 48
341 647 48
346 633 48
349 831 48
351 1224 48
360 441 48
362 684 48
363 1067 48
370 1256 48
382 429 48
393 639 48
394 926 48
402 839 48
406 1326 48
420 1227 48
424 1275 48
431 961 48
456 1251 48
482 1242 48
509 958 48
515 1445 48
516 994 48
546 1288 48
546 808 48
550 1322 48
563 1101 48
581 832 48
608 1306 48
651 947 48
654 1117 48
669 1125 48
675 1330 48
679 790 48
684 1091 48
705 1309 48
708 1272 48
710 863 48
714 1433 48
725 900 48
726 1272 48
737 1377 48
754 781 48
756 1080 48
767 863 48
772 1355 48
791 986 48
834 1076 48
842 897 48
861 1104 48
868 1353 48
870 1309 48
874 1284 48
955 1019 48
965 1154 48
991 1328 48
1027 1349 48
1045 1355 48
1049 1300 48
1088 1210 48
1095 1449 48
1114 1288 48
1128 1130 48
1287 1324 48
1417 1420 48
1441 1462 48
12 624 49
16 251 49
94 189 49
98 557 49
140 1081 49
145 597 49
178 811 49
207 708 49
244 924 49
249 835 49
340 1353 49
348 1468 49
395 1103 49
702 1363 49
717 1181 49
739 979 49
897 927 49
942 1409 49
1007 1451 49
1033 1041 49
1080 1214 49
1109 1426 49
14 1328 50
15 1338 50
27 1254 50
57 1039 50
79 802 50
100 1111 50
135 1253 50
171 1231 50
176 304 50
186 866 50
248 1098 50
281 662 50
290 1225 50
329 664 50
390 1204 50
395 716 50
405 1188 50
413 459 50
460 1118 50
473 955 50
476 1024 50
482 779 50
503 1439 50
505 782 50
550 620 50
579 986 50
593 1438 50
621 1370 50
627 1094 50
693 1129 50
742 1067 50
827 915 50
836 1049 50
844 1399 50
847 1311 50
904 1353 50
987 1254 50
1173 1327 50
1221 1462 50
1347 1407 50
7 1222 51
19 1345 51
28 1063 51
39 714 51
43 1301 51
53 769 51
57 754 51
62 1282 51
73 609 51
75 600 51
82 1201 51
90 589 51
92 1214 51
147 1366 51
166 558 51
171 391 51
178 1394 51
214 1149 51
220 591 51
225 703 51
225 1312 51
243 343 51
273 1066 51
291 1306 51
296 373 51
359 521 51
382 811 51
399 471 51
419 1052 51
454 1058 51
462 1467 51
463 532 51
521 736 51
530 1443 51
573 1089 51
580 1354 51
595 901 51
600 1277 51
600 1051 51
626 746 51
652 1253 51
672 958 51
693 1333 51
695 1303 51
699 713 51
737 1433 51
747 788 51
768 1292 51
775 1247 51
890 1259 51
897 1339 51
910 1279 51
931 1155 51
950 1105 51
957 1356 51
957 1374 51
984 1358 51
1016 1464 51
1052 1221 51
1082 1461 51
1158 1160 51
1167 1238 51
0 1196 52
18 915 52
46 1004 52
50 735 52
53 451 52
56 358 52
71 568 52
95 1104 52
122 933 52
158 628 52
225 921 52
267 1469 52
314 423 52
423 530 52
490 1454 52
621 705 52
654 1469 52
704 1431 52
734 784 52
51 317 53
72 1299 53
104 1352 53
147 1440 53
153 1079 53
164 423 53
170 1098 53
197 614 53
240 1395 53
243 1038 53
268 847 53
326 1420 53
359 731 53
411 617 53
452 1162 53
544 861 53
641 868 53
641 1321 53
720 741 53
751 914 53
795 1115 53
839 1132 53
856 1349 53
1308 1311 53
28 1239 54
33 193 54
71 1427 54
72 576 54
81 284 54
82 1356 54
114 828 54
114 373 54
115 988 54
126 1108 54
134 649 54
148 1292 54
156 1076 54
205 1205 54
239 740 54
265 1140 54
279 1144 54
282 904 54
299 666 54
301 1054 54
322 1204 54
384 975 54
407 1022 54
414 1229 54
445 1462 54
453 1291 54
462 1001 54
496 522 54
500 633 54
616 899 54
630 1324 54
657 888 54
680 1454 54
717 834 54
726 1051 54
734 1357 54
737 1042 54
748 1124 54
766 1022 54
770 1156 54
783 854 54
877 1089 54
966 1000 54
995 1128 54
1030 1285 54
1060 1357 54
1186 1474 54
1205 1444 54
1221 1247 54
1231 1316 54
1253 1382 54
1267 1284 54
1298 1323 54
15 1185 55
17 1149 55
25 423 55
31 474 55
33 910 55
37 672 55
38 1422 55
52 441 55
57 542 55
59 1268 55
63 112 55
72 1395 55
90 153 55
92 658 55
100 347 55
111 290 55
115 530 55
117 421 55
119 1319 55
126 646 55
127 1149 55
128 1411 55
142 1369 55
147 829 55
150 583 55
155 1280 55
185 1388 55
202 1139 55
205 671 55
207 234 55
208 1424 55
225 1077 55
229 479 55
264 509 55
273 405 55
299 454 55
302 1222 55
302 1205 55
305 1249 55
314 468 55
318 1435 55
330 859 55
362 1004 55
400 846 55
412 968 55
433 1302 55
433 1364 55
437 696 55
441 1225 55
445 947 55
448 967 55
451 855 55
460 1273 55
468 1289 55
475 1094 55
478 541 55
485 827 55
490 896 55
491 786 55
513 1407 55
521 648 55
537 1085 55
540 548 55
545 675 55
553 665 55
554 686 55
573 777 55
576 854 55
576 1456 55
580 1121 55
618 1323 55
641 709 55
695 832 55
696 1432 55
699 1003 55
734 1015 55
749 979 55
758 1244 55
765 1206 55
767 1115 55
773 1221 55
774 1019 55
783 1477 55
784 1035 55
803 1108 55
809 1131 55
810 1048 55
825 1453 55
846 1470 55
870 1086 55
880 1085 55
903 944 55
903 1102 55
913 1453 55
947 1092 55
950 999 55
958 1027 55
961 1002 55
980 1069 55
980 1461 55
982 1094 55
994 1212 55
1004 1410 55
1026 1058 55
1039 1266 55
1041 1136 55
1062 1243 55
1154 1257 55
1233 1336 55
1287 1401 55
1289 1381 55
1316 1438 55
1343 1425 55
1440 1467 55
0 1308 56
3 982 56
13 1098 56
17 878 56
17 672 56
19 215 56
27 1051 56
36 478 56
40 1437 56
56 270 56
69 1131 56
73 496 56
83 1239 56
103 117 56
114 244 56
125 373 56
145 334 56
166 492 56
187 1010 56
196 302 56
217 628 56
231 1005 56
236 578 56
246 675 56
254 1324 56
255 391 56
264 1421 56
273 1320 56
274 350 56
286 1419 56
291 622 56
292 669 56
302 576 56
303 1229 56
311 1131 56
325 670 56
331 824 56
331 979 56
352 1440 56
353 854 56
358 1110 56
369 974 56
381 673 56
386 483 56
391 1338 56
395 826 56
399 530 56
400 418 56
403 455 56
424 613 56
441 467 56
451 757 56
451 1151 56
455 1319 56
465 1202 56
472 1246 56
474 1323 56
486 1157 56
495 1395 56
496 516 56
506 655 56
507 1010 56
521 708 56
524 1213 56
530 900 56
539 787 56
541 1086 56
549 1263 56
568 1163 56
574 954 56
581 888 56
582 981 56
599 1285 56
628 1152 56
655 1010 56
677 1342 56
697 1364 56
698 1192 56
742 1032 56
760 1337 56
761 1223 56
771 894 56
774 1222 56
774 1420 56
780 1320 56
809 1344 56
821 1353 56
832 959 56
843 1108 56
850 1002 56
869 973 56
903 1413 56
913 1082 56
958 1196 56
966 1293 56
1028 1146 56
1044 1090 56
1054 1169 56
1067 1109 56
1068 1371 56
1070 1076 56
1131 1275 56
1146 1218 56
1151 1371 56
1226 1451 56
1276 1376 56
7 1333 57
9 790 57
15 682 57
19 77 57
22 620 57
22 1174 57
24 492 57
29 537 57
40 919 57
44 1053 57
50 111 57
50 1113 57
55 1167 57
63 739 57
73 890 57
77 981 57
97 273 57
100 286 57
104 284 57
112 215 57
155 1172 57
166 354 57
185 1443 57
194 665 57
199 610 57
207 1043 57
207 1183 57
255 686 57
264 1374 57
273 743 57
302 707 57
303 1301 57
307 674 57
311 1088 57
319 585 57
331 1400 57
355 721 57
364 618 57
371 699 57
376 1135 57
378 1244 57
389 423 57
391 935 57
403 1206 57
423 881 57
424 552 57
429 1469 57
447 1306 57
448 1243 57
470 1477 57
470 1426 57
476 869 57
490 832 57
499 916 57
500 1061 57
536 604 57
537 720 57
568 678 57
580 989 57
592 1383 57
598 1312 57
604 1331 57
617 624 57
617 1173 57
628 1440 57
638 840 57
643 723 57
649 894 57
657 910 57
658 1258 57
663 1111 57
671 941 57
672 1301 57
679 1120 57
690 811 57
692 1225 57
701 714 57
711 1273 57
766 933 57
771 1403 57
810 1198 57
814 831 57
815 1396 57
828 858 57
858 1145 57
872 1285 57
883 1398 57
901 1253 57
929 1443 57
944 1303 57
979 1284 57
982 1388 57
1009 1334 57
1030 1079 57
1060 1473 57
1083 1089 57
1130 1187 57
1151 1259 57
1163 1181 57
1172 1306 57
1215 1238 57
1241 1313 57
1311 1429 57
1318 1380 57
11 94 58
24 361 58
31 965 58
31 756 58
32 879 58
44 718 58
70 457 58
70 440 58
75 802 58
81 878 58
92 630 58
96 1453 58
108 1094 58
112 844 58
117 1225 58
122 363 58
130 263 58
156 1372 58
173 713 58
174 753 58
182 1299 58
192 1432 58
192 941 58
208 582 58
210 642 58
216 1241 58
228 647 58
228 313 58
230 460 58
251 571 58
252 1176 58
257 317 58
260 350 58
277 515 58
290 780 58
298 1198 58
315 814 58
324 885 58
336 406 58
358 900 58
383 628 58
384 1008 58
390 881 58
391 691 58
395 1036 58
406 1003 58
438 716 58
441 1019 58
451 1370 58
455 1197 58
459 551 58
472 1377 58
509 1136 58
510 1016 58
510 1102 58
532 1036 58
538 1328 58
563 837 58
587 674 58
621 811 58
621 1409 58
628 1216 58
638 951 58
639 1259 58
649 696 58
658 688 58
677 1356 58
700 905 58
708 1320 58
709 941 58
736 1046 58
748 1477 58
768 1144 58
800 1173 58
863 1223 58
908 1252 58
924 1306 58
989 1222 58
1035 1364 58
1057 1196 58
1074 1153 58
1098 1201 58
1102 1281 58
1113 1382 58
1118 1450 58
1169 1405 58
1219 1348 58
1224 1280 58
1271 1383 58
1287 1478 58
1310 1347 58
1327 1444 58
1361 1434 58
13 1200 59
24 945 59
34 1259 59
72 1253 59
78 101 59
82 955 59
90 1338 59
104 1087 59
105 830 59
116 367 59
134 1261 59
143 615 59
164 849 59
224 633 59
230 1275 59
247 784 59
262 1247 59
269 815 59
301 1363 59
302 894 59
302 1000 59
303 1078 59
306 1231 59
307 496 59
308 688 59
318 1109 59
340 775 59
340 1286 59
358 1384 59
360 879 59
363 926 59
364 1015 59
397 633 59
401 822 59
418 760 59
420 1019 59
473 850 59
476 650 59
499 682 59
505 1117 59
581 1433 59
625 805 59
653 1149 59
660 799 59
703 1354 59
712 1104 59
717 869 59
730 924 59
774 1265 59
775 1441 59
819 1467 59
821 1449 59
870 1033 59
896 1296 59
898 1026 59
905 925 59
909 1287 59
911 1300 59
971 1402 59
978 1314 59
1005 1409 59
1100 1347 59
1120 1226 59
1167 1427 59
4 1179 60
7 393 60
16 363 60
27 942 60
75 1239 60
82 759 60
96 895 60
204 586 60
206 847 60
210 1305 60
230 1043 60
408 1212 60
453 833 60
456 521 60
458 1207 60
462 565 60
580 709 60
606 1058 60
661 844 60
663 1281 60
689 1371 60
709 893 60
879 1338 60
946 976 60
990 1457 60
1159 1306 60
