2 5 0
2 3 0
3 4 0
3 56 0
4 5 0
9 16 0
9 13 0
9 12 0
9 14 0
10 11 0
10 13 0
11 16 0
11 15 0
11 13 0
12 16 0
12 15 0
12 14 0
12 1325 0
13 16 0
13 15 0
13 14 0
14 15 0
15 288 0
16 34 0
17 19 0
18 35 0
20 23 0
20 22 0
20 21 0
21 22 0
21 31 0
22 50 0
22 31 0
22 43 0
22 32 0
24 26 0
27 28 0
27 30 0
28 44 0
28 29 0
29 30 0
30 40 0
30 49 0
30 44 0
32 50 0
33 34 0
35 36 0
37 40 0
37 39 0
39 54 0
39 666 0
40 49 0
41 43 0
41 42 0
45 47 0
45 46 0
46 48 0
46 47 0
48 924 0
52 53 0
54 55 0
57 58 0
60 1320 0
64 434 0
92 1341 0
152 546 0
161 1303 0
197 1430 0
232 929 0
235 737 0
237 783 0
265 1437 0
322 1416 0
324 489 0
345 377 0
352 1183 0
361 732 0
375 384 0
425 541 0
443 956 0
577 706 0
612 1453 0
686 1168 0
690 760 0
779 1404 0
836 956 0
919 1081 0
1191 1210 0
1253 1438 0
1255 1400 0
1321 1341 0
0 383 1
1 12 1
1 65 1
1 64 1
2 59 1
3 75 1
3 62 1
3 33 1
4 69 1
5 69 1
6 66 1
10 58 1
14 397 1
17 31 1
17 67 1
24 69 1
25 80 1
25 46 1
28 86 1
31 58 1
31 574 1
33 59 1
35 46 1
45 64 1
46 80 1
47 72 1
47 51 1
57 61 1
59 75 1
60 63 1
60 62 1
61 62 1
61 63 1
61 66 1
62 85 1
62 63 1
70 73 1
70 223 1
71 77 1
71 76 1
71 73 1
71 72 1
72 76 1
72 73 1
76 77 1
79 80 1
81 83 1
81 82 1
82 83 1
87 765 1
103 1409 1
125 1279 1
143 1040 1
171 322 1
193 400 1
199 1358 1
214 545 1
245 700 1
249 1409 1
253 324 1
265 1308 1
271 501 1
284 423 1
298 1332 1
303 450 1
349 824 1
418 737 1
419 1383 1
422 536 1
468 981 1
500 1207 1
519 835 1
538 970 1
546 656 1
648 1153 1
681 899 1
807 935 1
860 1417 1
932 1287 1
994 1218 1
1129 1277 1
1227 1395 1
0 51 2
2 88 2
2 12 2
3 130 2
3 59 2
3 31 2
6 121 2
6 24 2
6 120 2
6 62 2
8 59 2
10 80 2
10 68 2
10 112 2
10 31 2
12 59 2
15 420 2
24 138 2
24 120 2
24 119 2
25 87 2
25 107 2
28 100 2
28 29 2
28 98 2
28 99 2
28 91 2
31 68 2
31 71 2
31 111 2
31 80 2
31 113 2
31 114 2
31 112 2
35 123 2
35 94 2
35 124 2
35 95 2
35 70 2
40 63 2
40 60 2
47 1181 2
47 1086 2
48 983 2
59 88 2
60 63 2
61 122 2
68 80 2
68 131 2
69 109 2
70 94 2
77 1464 2
80 111 2
81 126 2
81 125 2
81 127 2
81 128 2
83 1185 2
85 818 2
86 102 2
86 101 2
88 89 2
91 92 2
92 93 2
96 97 2
98 100 2
99 106 2
101 104 2
101 103 2
101 102 2
102 103 2
103 104 2
104 133 2
104 114 2
104 112 2
106 130 2
108 109 2
109 110 2
111 132 2
112 114 2
113 114 2
114 134 2
114 133 2
120 121 2
121 136 2
121 732 2
123 124 2
125 128 2
125 127 2
125 126 2
126 127 2
127 128 2
133 134 2
136 137 2
174 596 2
237 282 2
240 379 2
265 589 2
272 964 2
306 922 2
331 625 2
332 516 2
391 1101 2
502 885 2
505 1033 2
544 1269 2
551 1467 2
554 617 2
724 1120 2
834 1074 2
844 1033 2
859 1265 2
930 942 2
958 1067 2
982 1153 2
1022 1324 2
1134 1323 2
1178 1359 2
1209 1472 2
1211 1253 2
1239 1397 2
1250 1391 2
1393 1464 2
1 24 3
2 107 3
2 109 3
2 89 3
10 31 3
12 109 3
14 31 3
14 103 3
25 69 3
28 98 3
31 111 3
31 132 3
31 103 3
35 94 3
35 143 3
35 124 3
60 96 3
61 97 3
62 151 3
68 141 3
68 110 3
69 141 3
70 73 3
70 94 3
70 149 3
73 94 3
73 143 3
73 76 3
81 237 3
88 571 3
89 109 3
91 93 3
92 93 3
92 147 3
93 147 3
94 124 3
101 103 3
102 152 3
108 141 3
108 140 3
108 139 3
110 123 3
110 141 3
110 120 3
110 146 3
111 132 3
112 207 3
120 141 3
122 142 3
124 143 3
125 145 3
130 615 3
135 1101 3
138 148 3
139 141 3
140 141 3
147 153 3
175 1479 3
181 653 3
192 1432 3
339 867 3
354 796 3
365 563 3
387 604 3
428 925 3
455 769 3
458 631 3
462 506 3
464 966 3
497 1459 3
568 971 3
653 706 3
671 1304 3
698 1209 3
703 1449 3
747 1150 3
789 1321 3
792 1243 3
827 903 3
835 1325 3
909 1254 3
917 1074 3
1001 1139 3
1019 1202 3
1223 1442 3
1241 1382 3
2 88 4
2 12 4
10 166 4
10 31 4
12 122 4
12 89 4
14 15 4
14 24 4
14 68 4
15 24 4
18 93 4
19 662 4
24 68 4
26 246 4
28 92 4
28 29 4
29 31 4
29 102 4
29 103 4
31 102 4
35 94 4
35 149 4
40 1171 4
60 121 4
61 154 4
62 115 4
64 156 4
64 124 4
68 157 4
68 124 4
68 156 4
69 141 4
69 120 4
88 137 4
88 108 4
89 137 4
90 92 4
90 115 4
90 151 4
90 93 4
91 93 4
92 93 4
94 149 4
97 159 4
98 164 4
103 155 4
106 135 4
108 110 4
111 114 4
111 112 4
121 138 4
122 154 4
122 142 4
123 165 4
123 148 4
123 149 4
124 156 4
136 658 4
138 166 4
138 148 4
139 140 4
149 156 4
150 158 4
154 158 4
156 157 4
187 846 4
200 485 4
209 539 4
224 1450 4
228 1450 4
291 1432 4
322 482 4
326 740 4
337 1348 4
354 909 4
402 963 4
440 1375 4
472 1412 4
482 867 4
546 1040 4
572 1039 4
591 1024 4
611 906 4
643 1290 4
649 787 4
681 1401 4
692 1005 4
718 880 4
733 956 4
756 823 4
806 875 4
886 1388 4
887 949 4
1022 1245 4
1081 1330 4
1123 1240 4
1337 1387 4
2 89 5
10 155 5
10 31 5
21 1383 5
29 171 5
29 102 5
29 152 5
29 103 5
38 1269 5
47 1085 5
52 1469 5
69 140 5
70 123 5
92 147 5
95 155 5
97 109 5
102 103 5
103 152 5
106 122 5
107 109 5
108 110 5
111 114 5
111 112 5
112 114 5
122 150 5
122 154 5
123 148 5
123 165 5
147 169 5
150 154 5
170 171 5
207 259 5
230 1069 5
233 1101 5
234 1354 5
250 781 5
291 1230 5
297 682 5
330 467 5
351 1122 5
468 1125 5
497 546 5
548 922 5
578 1460 5
843 1174 5
844 1368 5
867 1339 5
875 1404 5
938 974 5
1035 1324 5
1049 1194 5
1060 1370 5
1077 1247 5
1090 1204 5
1205 1329 5
1244 1467 5
2 107 6
21 175 6
29 170 6
61 106 6
94 95 6
108 110 6
112 114 6
112 173 6
114 173 6
119 142 6
120 140 6
129 908 6
143 209 6
149 165 6
149 176 6
159 1115 6
160 162 6
162 1097 6
198 1076 6
208 482 6
219 550 6
239 885 6
260 1240 6
281 610 6
296 1388 6
304 1004 6
318 909 6
328 1425 6
490 973 6
553 603 6
554 859 6
574 1173 6
790 829 6
803 824 6
912 976 6
1043 1386 6
1086 1279 6
1152 1284 6
1 1191 7
10 183 7
24 175 7
24 110 7
28 179 7
45 1289 7
60 181 7
60 162 7
72 1082 7
78 634 7
87 1335 7
101 112 7
115 180 7
124 178 7
124 1065 7
146 181 7
148 531 7
150 1259 7
160 181 7
179 1437 7
181 182 7
208 890 7
218 1233 7
238 311 7
262 286 7
307 349 7
329 721 7
366 1091 7
465 1352 7
500 1416 7
547 633 7
565 956 7
679 1062 7
722 1098 7
741 805 7
749 1104 7
816 1180 7
966 975 7
1045 1171 7
1078 1131 7
1228 1332 7
8 1387 8
12 188 8
21 192 8
21 88 8
21 186 8
21 108 8
22 33 8
28 179 8
28 189 8
44 551 8
45 545 8
60 191 8
61 191 8
88 192 8
88 603 8
94 184 8
94 984 8
106 194 8
106 160 8
106 193 8
106 189 8
107 195 8
107 181 8
108 140 8
108 186 8
112 187 8
115 170 8
115 181 8
137 320 8
140 186 8
142 179 8
143 198 8
143 176 8
160 193 8
181 186 8
181 191 8
185 198 8
192 195 8
208 1005 8
323 1400 8
334 709 8
337 1201 8
352 1314 8
368 1394 8
430 833 8
523 1175 8
535 829 8
566 1455 8
568 1196 8
595 1200 8
631 828 8
667 1445 8
933 1425 8
962 1432 8
1076 1381 8
1092 1252 8
1417 1472 8
12 185 9
12 110 9
12 214 9
12 195 9
12 216 9
21 92 9
21 215 9
21 216 9
21 230 9
21 231 9
21 188 9
21 213 9
28 106 9
28 221 9
28 179 9
28 61 9
28 169 9
42 291 9
57 1369 9
61 179 9
61 221 9
61 227 9
61 222 9
65 946 9
65 828 9
80 334 9
86 824 9
88 231 9
88 110 9
92 215 9
92 195 9
92 216 9
92 188 9
92 212 9
92 176 9
92 211 9
92 185 9
92 208 9
92 209 9
92 210 9
106 224 9
106 234 9
106 223 9
106 169 9
107 238 9
110 231 9
110 215 9
110 230 9
110 188 9
110 216 9
112 225 9
112 226 9
112 201 9
112 200 9
112 180 9
121 211 9
140 170 9
140 186 9
142 202 9
142 203 9
142 190 9
142 204 9
142 205 9
142 169 9
143 237 9
143 171 9
152 239 9
160 194 9
160 217 9
160 206 9
160 207 9
160 229 9
165 213 9
169 223 9
169 190 9
170 186 9
170 203 9
170 205 9
176 212 9
179 222 9
179 223 9
179 224 9
180 225 9
180 226 9
180 201 9
185 195 9
185 211 9
185 213 9
186 231 9
186 190 9
186 558 9
188 215 9
188 210 9
188 209 9
188 216 9
190 231 9
190 230 9
191 203 9
192 195 9
192 230 9
192 218 9
192 217 9
192 220 9
194 229 9
195 214 9
195 230 9
195 211 9
195 213 9
197 226 9
199 200 9
199 201 9
200 201 9
200 225 9
201 225 9
201 228 9
202 204 9
202 203 9
202 205 9
203 235 9
203 205 9
204 205 9
205 235 9
205 1362 9
206 207 9
208 212 9
209 216 9
210 215 9
210 216 9
211 214 9
211 213 9
213 214 9
214 230 9
215 216 9
217 218 9
217 220 9
217 219 9
218 220 9
219 233 9
219 232 9
219 220 9
220 233 9
220 232 9
221 224 9
221 222 9
225 226 9
230 231 9
232 233 9
236 237 9
236 499 9
239 304 9
240 801 9
270 662 9
274 840 9
304 733 9
313 335 9
335 1273 9
352 991 9
364 645 9
387 1080 9
389 515 9
423 1254 9
425 1392 9
480 566 9
497 1004 9
508 796 9
615 1367 9
655 1186 9
673 1213 9
695 1421 9
697 1024 9
780 985 9
824 826 9
879 947 9
995 1088 9
1077 1287 9
1132 1279 9
1134 1443 9
6 418 10
60 195 10
60 220 10
61 179 10
88 106 10
88 192 10
92 242 10
92 249 10
100 806 10
102 702 10
105 1399 10
106 238 10
106 207 10
106 192 10
106 191 10
107 238 10
110 231 10
112 180 10
143 258 10
143 257 10
152 264 10
152 261 10
152 263 10
170 266 10
187 197 10
187 244 10
190 245 10
191 240 10
191 207 10
191 238 10
192 220 10
195 220 10
197 247 10
207 267 10
217 232 10
217 228 10
218 219 10
227 774 10
228 232 10
230 259 10
230 231 10
231 259 10
240 243 10
240 242 10
241 243 10
244 247 10
244 261 10
246 265 10
247 260 10
250 252 10
257 258 10
260 261 10
263 264 10
306 906 10
309 866 10
321 1212 10
378 456 10
381 451 10
402 1477 10
436 481 10
468 728 10
531 590 10
567 1086 10
611 897 10
637 738 10
661 1452 10
689 1405 10
690 1433 10
743 1055 10
869 1422 10
961 1009 10
990 1195 10
1055 1126 10
1063 1474 10
1125 1453 10
1207 1276 10
1269 1276 10
12 188 11
17 95 11
27 139 11
39 593 11
60 230 11
60 192 11
60 88 11
60 195 11
60 1108 11
61 269 11
61 285 11
73 1119 11
79 1213 11
88 192 11
88 231 11
88 220 11
88 303 11
106 283 11
106 282 11
107 319 11
107 321 11
107 318 11
113 260 11
121 324 11
121 327 11
121 325 11
121 207 11
121 191 11
121 290 11
146 980 11
152 297 11
152 298 11
152 287 11
152 294 11
160 266 11
160 268 11
169 309 11
169 307 11
169 310 11
169 306 11
170 261 11
170 297 11
170 298 11
176 190 11
176 191 11
179 269 11
179 274 11
179 275 11
179 277 11
190 248 11
190 289 11
190 191 11
190 323 11
190 288 11
191 287 11
191 207 11
191 260 11
191 290 11
192 230 11
192 231 11
192 220 11
195 217 11
207 325 11
207 324 11
207 282 11
212 326 11
217 259 11
218 232 11
218 260 11
219 232 11
220 305 11
220 304 11
220 230 11
220 303 11
220 301 11
230 304 11
230 301 11
230 302 11
230 305 11
242 252 11
242 329 11
245 323 11
246 287 11
246 270 11
246 272 11
246 317 11
246 268 11
246 273 11
252 292 11
253 270 11
253 284 11
253 285 11
255 311 11
259 295 11
260 261 11
261 322 11
261 297 11
266 268 11
268 270 11
268 271 11
268 272 11
269 276 11
269 271 11
269 272 11
270 272 11
270 284 11
270 285 11
270 273 11
271 272 11
271 580 11
272 273 11
274 275 11
274 731 11
275 281 11
275 280 11
279 280 11
282 283 11
283 312 11
284 286 11
284 285 11
285 286 11
287 299 11
287 297 11
287 317 11
288 289 11
290 714 11
291 292 11
293 294 11
294 297 11
294 315 11
295 296 11
297 315 11
297 299 11
298 299 11
300 301 11
300 303 11
300 304 11
300 305 11
300 302 11
301 302 11
302 304 11
302 303 11
303 304 11
304 305 11
306 309 11
306 307 11
306 308 11
307 309 11
307 310 11
308 310 11
308 309 11
309 310 11
311 313 11
311 312 11
312 313 11
314 315 11
314 316 11
315 316 11
318 319 11
318 320 11
318 321 11
319 320 11
319 321 11
320 321 11
324 328 11
324 325 11
345 832 11
369 448 11
378 1223 11
392 1247 11
425 1400 11
442 1339 11
476 1118 11
478 557 11
544 1278 11
594 736 11
595 1092 11
601 754 11
734 1094 11
738 1106 11
790 1405 11
855 1342 11
856 1088 11
882 992 11
906 1126 11
949 1400 11
1081 1356 11
1141 1383 11
16 751 12
61 311 12
61 352 12
61 359 12
87 1373 12
89 1058 12
107 220 12
107 335 12
110 1112 12
176 245 12
176 327 12
176 350 12
176 356 12
176 603 12
179 1252 12
179 957 12
195 360 12
195 358 12
195 357 12
195 1042 12
206 1270 12
208 1439 12
219 318 12
219 220 12
220 318 12
220 335 12
220 228 12
228 335 12
228 320 12
228 321 12
228 341 12
242 364 12
245 356 12
245 354 12
252 369 12
256 352 12
256 311 12
276 361 12
276 362 12
276 351 12
279 353 12
279 351 12
286 590 12
293 297 12
295 362 12
301 318 12
306 351 12
311 352 12
311 351 12
318 360 12
318 320 12
320 360 12
320 335 12
321 339 12
321 340 12
326 677 12
327 366 12
333 334 12
337 342 12
337 341 12
337 340 12
337 339 12
338 342 12
339 341 12
340 341 12
340 1077 12
346 347 12
349 350 12
351 352 12
351 353 12
359 748 12
361 363 12
361 362 12
362 363 12
367 370 12
367 369 12
367 1265 12
368 370 12
369 370 12
414 1061 12
453 474 12
464 532 12
499 780 12
542 1052 12
592 1143 12
598 609 12
598 1419 12
614 775 12
619 844 12
624 1163 12
652 1446 12
759 1248 12
774 980 12
779 1226 12
799 1189 12
827 1014 12
921 1440 12
939 1073 12
1038 1142 12
1169 1419 12
1212 1394 12
1228 1300 12
1294 1329 12
1331 1354 12
3 908 13
16 154 13
19 69 13
55 923 13
78 186 13
141 1390 13
219 228 13
292 382 13
292 380 13
306 388 13
306 389 13
320 378 13
342 385 13
346 1101 13
380 381 13
381 382 13
384 385 13
422 1220 13
494 812 13
607 1192 13
685 733 13
736 1205 13
749 1382 13
914 1422 13
995 1341 13
1020 1104 13
1162 1335 13
1201 1390 13
1239 1443 13
11 976 14
31 586 14
42 951 14
58 895 14
61 416 14
61 415 14
61 414 14
65 1344 14
68 158 14
90 969 14
132 1101 14
162 1352 14
167 1113 14
185 1311 14
219 431 14
228 431 14
234 781 14
242 457 14
242 400 14
252 424 14
256 351 14
256 417 14
256 418 14
256 419 14
259 570 14
260 295 14
260 411 14
263 472 14
279 365 14
279 362 14
279 280 14
280 365 14
280 362 14
285 613 14
289 686 14
292 383 14
292 331 14
292 434 14
292 426 14
292 424 14
292 381 14
293 351 14
295 453 14
295 454 14
295 411 14
306 391 14
311 401 14
311 403 14
311 402 14
311 442 14
323 445 14
323 446 14
331 383 14
331 464 14
331 381 14
335 360 14
335 465 14
338 341 14
341 447 14
341 342 14
341 384 14
342 365 14
342 447 14
345 430 14
345 361 14
345 359 14
345 363 14
347 460 14
351 448 14
351 402 14
353 377 14
354 410 14
354 409 14
354 407 14
354 404 14
354 406 14
355 397 14
359 362 14
359 361 14
359 363 14
360 412 14
360 456 14
360 465 14
361 430 14
361 362 14
361 363 14
362 365 14
362 363 14
365 447 14
366 420 14
366 421 14
366 423 14
374 1203 14
377 396 14
378 449 14
378 393 14
378 394 14
378 392 14
381 383 14
383 426 14
383 424 14
386 443 14
392 394 14
392 395 14
392 396 14
393 394 14
394 396 14
398 399 14
398 400 14
399 400 14
399 445 14
401 402 14
401 403 14
402 448 14
402 403 14
404 405 14
404 410 14
406 407 14
406 409 14
407 409 14
408 409 14
409 445 14
409 446 14
411 412 14
411 413 14
414 415 14
414 416 14
415 416 14
415 566 14
417 418 14
417 419 14
418 419 14
420 421 14
420 422 14
420 423 14
421 422 14
421 439 14
421 423 14
422 423 14
423 438 14
423 439 14
424 425 14
424 426 14
427 428 14
427 429 14
428 429 14
432 433 14
432 434 14
432 435 14
433 435 14
433 441 14
433 436 14
433 434 14
433 440 14
434 435 14
434 436 14
435 436 14
435 440 14
435 476 14
439 587 14
440 441 14
444 446 14
444 445 14
445 446 14
450 451 14
453 454 14
458 459 14
463 1217 14
524 1156 14
540 944 14
655 1454 14
719 757 14
739 1045 14
856 1092 14
863 1204 14
916 1095 14
977 1121 14
1077 1146 14
1150 1418 14
1217 1291 14
1286 1421 14
1378 1474 14
4 827 15
19 607 15
41 251 15
71 1470 15
104 719 15
108 1393 15
143 1458 15
153 1063 15
183 410 15
252 488 15
256 474 15
256 473 15
256 403 15
260 469 15
260 468 15
279 430 15
279 467 15
279 345 15
279 475 15
279 495 15
279 344 15
293 394 15
295 453 15
295 468 15
306 484 15
306 483 15
309 468 15
311 401 15
320 492 15
322 976 15
323 334 15
337 1070 15
341 447 15
344 345 15
345 467 15
353 455 15
353 392 15
361 467 15
361 430 15
369 767 15
392 455 15
394 475 15
396 715 15
405 438 15
405 482 15
406 407 15
406 465 15
406 408 15
406 481 15
407 465 15
407 481 15
407 408 15
409 479 15
414 470 15
414 415 15
415 470 15
418 473 15
418 474 15
419 442 15
419 473 15
420 496 15
429 486 15
430 467 15
435 477 15
435 476 15
439 489 15
441 488 15
453 454 15
454 469 15
462 466 15
462 554 15
465 481 15
468 469 15
471 472 15
473 474 15
475 495 15
475 480 15
481 487 15
490 491 15
490 492 15
491 493 15
497 498 15
512 1181 15
522 1111 15
549 579 15
553 745 15
576 1448 15
583 690 15
584 738 15
650 1211 15
718 1152 15
757 896 15
864 1321 15
873 1414 15
955 1214 15
975 1261 15
1019 1428 15
1154 1476 15
10 685 16
19 122 16
46 1296 16
76 1354 16
104 185 16
107 168 16
168 228 16
219 583 16
222 1310 16
241 316 16
252 488 16
256 353 16
292 503 16
318 382 16
320 530 16
334 405 16
334 438 16
335 339 16
342 532 16
346 612 16
351 416 16
351 402 16
351 514 16
357 399 16
359 526 16
366 422 16
382 404 16
399 444 16
400 1448 16
401 416 16
404 500 16
405 422 16
407 444 16
409 444 16
412 465 16
416 514 16
419 506 16
424 426 16
427 428 16
441 521 16
443 472 16
446 534 16
446 488 16
454 491 16
454 529 16
460 515 16
464 587 16
484 527 16
488 534 16
491 528 16
492 528 16
492 530 16
504 505 16
506 507 16
507 508 16
509 510 16
509 511 16
517 518 16
523 526 16
523 524 16
524 525 16
524 526 16
525 526 16
530 531 16
557 1138 16
602 947 16
646 1392 16
672 763 16
686 1337 16
713 856 16
736 744 16
750 1201 16
768 1085 16
855 1189 16
898 1452 16
969 1222 16
1003 1454 16
1091 1437 16
56 961 17
92 148 17
130 832 17
174 615 17
224 628 17
256 542 17
261 1038 17
268 563 17
300 370 17
324 946 17
326 661 17
334 405 17
342 1010 17
354 407 17
354 410 17
354 408 17
357 398 17
366 422 17
366 516 17
382 503 17
399 544 17
401 514 17
401 416 17
405 438 17
407 408 17
416 514 17
432 441 17
432 499 17
438 472 17
443 460 17
500 624 17
509 510 17
513 1413 17
514 525 17
515 536 17
517 539 17
524 526 17
539 1052 17
542 545 17
543 545 17
547 548 17
557 863 17
592 698 17
617 1343 17
620 1475 17
954 1020 17
961 977 17
966 1403 17
1116 1365 17
1240 1479 17
3 695 18
4 1441 18
18 337 18
39 366 18
49 325 18
125 957 18
145 272 18
226 1161 18
249 772 18
285 383 18
285 446 18
324 366 18
334 366 18
335 409 18
339 409 18
339 556 18
339 738 18
351 461 18
357 446 18
366 422 18
367 541 18
382 500 18
394 450 18
394 509 18
394 510 18
409 557 18
410 462 18
410 549 18
420 533 18
427 555 18
431 546 18
450 509 18
450 510 18
460 558 18
460 515 18
462 549 18
464 552 18
465 557 18
472 552 18
472 488 18
488 552 18
509 510 18
515 1287 18
518 1445 18
523 524 18
524 526 18
524 554 18
526 554 18
537 551 18
541 1225 18
550 551 18
551 556 18
564 1304 18
587 894 18
606 819 18
639 1339 18
671 951 18
766 924 18
774 1412 18
778 890 18
851 1184 18
1281 1355 18
62 1233 19
84 1114 19
124 950 19
170 247 19
188 822 19
205 1177 19
277 872 19
277 1031 19
287 1237 19
302 1174 19
320 431 19
335 409 19
339 557 19
339 465 19
339 460 19
341 1048 19
353 553 19
353 564 19
353 518 19
353 510 19
366 559 19
366 379 19
367 576 19
367 450 19
370 555 19
370 576 19
370 374 19
370 805 19
372 678 19
374 576 19
377 942 19
379 437 19
379 559 19
381 574 19
381 573 19
386 574 19
394 563 19
394 510 19
394 509 19
394 450 19
400 560 19
400 515 19
400 500 19
419 514 19
419 578 19
419 781 19
420 555 19
420 570 19
425 427 19
427 450 19
431 556 19
431 546 19
431 537 19
437 583 19
437 559 19
446 460 19
450 509 19
450 576 19
454 533 19
454 571 19
459 1175 19
460 557 19
460 465 19
460 561 19
465 557 19
489 1176 19
500 515 19
500 560 19
504 553 19
504 581 19
504 510 19
508 585 19
508 1244 19
509 510 19
510 566 19
510 563 19
514 526 19
514 578 19
515 560 19
518 567 19
518 566 19
518 565 19
518 563 19
518 553 19
518 564 19
521 580 19
523 579 19
523 524 19
523 554 19
524 579 19
526 554 19
533 571 19
533 570 19
533 555 19
533 561 19
533 1013 19
537 569 19
537 568 19
543 585 19
543 586 19
547 582 19
552 562 19
552 574 19
552 575 19
553 555 19
553 564 19
554 579 19
556 775 19
565 566 19
565 567 19
566 585 19
566 584 19
566 567 19
568 569 19
572 573 19
573 574 19
577 578 19
584 585 19
614 1111 19
717 1099 19
719 1396 19
859 1247 19
946 1261 19
1077 1443 19
1107 1403 19
1109 1238 19
85 545 20
105 777 20
137 1438 20
140 1165 20
142 173 20
147 562 20
156 1037 20
171 1061 20
185 778 20
262 738 20
290 674 20
320 537 20
320 638 20
331 521 20
331 574 20
334 1407 20
337 1171 20
345 978 20
354 602 20
355 465 20
357 602 20
357 608 20
357 609 20
366 606 20
367 576 20
367 593 20
367 374 20
370 374 20
370 378 20
370 424 20
374 576 20
374 593 20
374 604 20
374 424 20
376 627 20
376 458 20
376 614 20
379 609 20
380 572 20
381 573 20
394 611 20
394 612 20
394 565 20
394 450 20
394 510 20
400 602 20
409 1008 20
410 602 20
425 623 20
425 576 20
425 622 20
425 606 20
427 576 20
427 593 20
427 1312 20
431 598 20
431 599 20
444 1155 20
446 582 20
458 614 20
466 594 20
466 557 20
470 494 20
508 566 20
508 600 20
510 625 20
518 605 20
518 566 20
518 604 20
518 619 20
518 621 20
521 574 20
524 568 20
526 636 20
533 570 20
533 634 20
536 603 20
537 624 20
552 622 20
552 572 20
552 575 20
552 606 20
554 974 20
557 594 20
561 596 20
561 603 20
561 595 20
565 612 20
565 611 20
566 605 20
566 604 20
568 626 20
568 597 20
572 613 20
572 575 20
572 574 20
574 614 20
576 593 20
581 628 20
584 629 20
584 585 20
584 637 20
587 588 20
587 589 20
587 590 20
587 591 20
587 592 20
587 593 20
588 589 20
588 592 20
588 593 20
588 609 20
589 593 20
589 591 20
589 592 20
590 592 20
590 591 20
591 592 20
591 593 20
592 593 20
595 596 20
598 599 20
602 620 20
604 605 20
606 623 20
608 609 20
608 1015 20
609 610 20
615 617 20
615 618 20
616 618 20
617 618 20
631 632 20
631 633 20
632 633 20
651 891 20
710 969 20
909 1457 20
922 1044 20
1081 1349 20
6 473 21
92 412 21
95 425 21
145 915 21
170 940 21
177 991 21
189 964 21
191 240 21
211 269 21
223 896 21
227 728 21
235 465 21
239 268 21
247 664 21
262 1325 21
280 808 21
284 1210 21
298 793 21
308 550 21
314 367 21
314 653 21
320 686 21
320 638 21
354 677 21
357 640 21
357 679 21
357 680 21
357 657 21
357 671 21
357 639 21
362 1205 21
367 581 21
368 378 21
374 581 21
387 1459 21
394 650 21
394 510 21
394 651 21
394 653 21
394 655 21
394 654 21
400 689 21
410 648 21
410 649 21
410 645 21
412 743 21
422 1179 21
424 466 21
435 461 21
446 680 21
446 679 21
498 1098 21
507 1272 21
508 674 21
508 673 21
508 570 21
508 676 21
510 615 21
510 567 21
510 653 21
514 674 21
514 533 21
514 673 21
514 567 21
514 672 21
523 688 21
523 524 21
524 688 21
533 577 21
533 676 21
561 637 21
561 647 21
567 615 21
568 678 21
570 676 21
572 670 21
572 669 21
573 643 21
577 584 21
581 686 21
581 628 21
581 635 21
581 590 21
587 639 21
587 606 21
587 640 21
590 635 21
606 640 21
612 654 21
612 719 21
613 642 21
613 643 21
613 641 21
615 658 21
616 1124 21
624 638 21
629 691 21
629 682 21
630 645 21
630 648 21
630 649 21
635 686 21
636 667 21
636 668 21
636 665 21
637 686 21
637 687 21
639 641 21
639 640 21
641 642 21
641 643 21
642 675 21
644 645 21
645 648 21
645 649 21
646 1074 21
648 649 21
650 655 21
650 652 21
650 651 21
651 652 21
651 654 21
651 655 21
652 655 21
652 654 21
652 670 21
652 669 21
653 660 21
656 657 21
658 659 21
659 1404 21
661 662 21
661 663 21
662 663 21
663 664 21
663 953 21
665 666 21
665 668 21
666 667 21
667 668 21
669 670 21
671 675 21
679 680 21
681 682 21
682 691 21
683 684 21
684 685 21
692 693 21
729 1453 21
751 1152 21
764 1381 21
815 1260 21
837 1352 21
867 1198 21
893 1095 21
900 902 21
1030 1138 21
1054 1455 21
1071 1083 21
1203 1225 21
1299 1312 21
4 340 22
18 211 22
27 1111 22
57 1059 22
93 1263 22
104 643 22
115 856 22
128 945 22
162 1063 22
195 492 22
228 1425 22
266 482 22
276 1087 22
299 1105 22
302 787 22
314 746 22
314 747 22
314 670 22
320 688 22
320 717 22
320 716 22
320 701 22
349 994 22
354 410 22
357 745 22
357 743 22
357 561 22
357 719 22
357 647 22
359 1066 22
388 468 22
394 720 22
400 743 22
431 751 22
431 750 22
443 1275 22
454 1065 22
458 732 22
462 524 22
464 1109 22
493 571 22
508 725 22
508 726 22
508 654 22
514 737 22
514 725 22
514 704 22
514 722 22
548 1050 22
561 711 22
561 697 22
561 581 22
561 647 22
568 700 22
568 707 22
568 710 22
568 701 22
568 706 22
568 708 22
572 573 22
572 670 22
572 705 22
575 744 22
575 592 22
578 629 22
578 709 22
581 728 22
581 711 22
592 744 22
597 700 22
597 701 22
616 704 22
616 703 22
621 929 22
629 709 22
629 753 22
629 674 22
629 706 22
642 790 22
645 1438 22
654 721 22
654 722 22
670 705 22
673 709 22
673 674 22
673 711 22
674 709 22
680 754 22
680 736 22
680 735 22
681 682 22
682 742 22
682 707 22
682 708 22
689 754 22
689 736 22
689 735 22
691 740 22
691 741 22
691 738 22
696 697 22
696 698 22
696 699 22
697 728 22
697 710 22
697 727 22
697 699 22
698 728 22
698 699 22
698 727 22
700 755 22
700 701 22
701 717 22
701 716 22
702 703 22
703 704 22
706 707 22
706 708 22
706 709 22
707 708 22
708 742 22
711 742 22
712 714 22
713 714 22
713 715 22
714 715 22
718 719 22
719 743 22
720 747 22
720 746 22
722 737 22
723 724 22
723 725 22
723 726 22
724 725 22
724 726 22
725 737 22
725 726 22
727 728 22
733 734 22
734 736 22
734 745 22
734 735 22
738 740 22
738 741 22
738 739 22
740 741 22
748 749 22
750 752 22
750 751 22
755 756 22
757 758 22
758 1145 22
758 774 22
834 1149 22
903 1127 22
907 1271 22
921 1299 22
934 1447 22
980 1224 22
994 1440 22
1036 1355 22
1183 1456 22
1194 1479 22
1243 1478 22
1265 1297 22
1296 1393 22
1312 1346 22
32 1413 23
44 761 23
56 1077 23
59 560 23
68 772 23
80 877 23
92 226 23
119 266 23
140 1303 23
143 1175 23
171 238 23
174 465 23
221 1461 23
229 456 23
277 1065 23
315 1069 23
335 1194 23
357 729 23
357 680 23
357 779 23
357 777 23
357 780 23
357 745 23
371 885 23
373 562 23
395 1139 23
400 1328 23
413 889 23
426 485 23
458 789 23
463 825 23
495 1292 23
509 683 23
515 1286 23
517 744 23
523 792 23
569 742 23
574 1038 23
575 606 23
578 960 23
581 697 23
581 776 23
581 802 23
581 782 23
592 790 23
606 794 23
611 1307 23
613 790 23
624 1478 23
628 795 23
638 1358 23
639 829 23
649 772 23
649 769 23
649 680 23
649 770 23
673 791 23
680 773 23
680 772 23
680 771 23
697 766 23
697 737 23
697 728 23
705 764 23
707 792 23
707 796 23
711 1191 23
712 715 23
712 713 23
713 715 23
714 715 23
716 751 23
716 755 23
716 797 23
716 796 23
719 789 23
724 1348 23
728 766 23
728 776 23
728 775 23
728 733 23
728 774 23
729 745 23
729 781 23
729 780 23
729 779 23
729 778 23
733 766 23
735 788 23
736 788 23
737 791 23
738 783 23
745 781 23
745 778 23
745 777 23
745 780 23
751 797 23
752 799 23
762 763 23
763 800 23
767 768 23
769 786 23
769 784 23
769 785 23
769 773 23
770 772 23
773 784 23
773 786 23
773 787 23
774 776 23
777 779 23
777 781 23
777 780 23
778 780 23
779 781 23
779 780 23
780 781 23
784 787 23
784 786 23
784 785 23
785 786 23
785 787 23
786 787 23
787 798 23
793 794 23
796 797 23
797 799 23
867 897 23
898 1313 23
904 1302 23
916 932 23
999 1210 23
1088 1361 23
1146 1290 23
65 1293 24
95 110 24
113 136 24
123 338 24
135 1275 24
182 1157 24
244 1235 24
295 1294 24
323 966 24
328 639 24
331 1048 24
336 987 24
361 715 24
370 1397 24
549 564 24
578 821 24
578 820 24
578 822 24
647 810 24
650 1093 24
691 809 24
691 807 24
712 715 24
715 819 24
728 775 24
728 776 24
729 757 24
754 811 24
755 799 24
763 814 24
774 1048 24
776 810 24
777 782 24
777 1226 24
785 786 24
786 798 24
804 806 24
807 809 24
807 808 24
816 817 24
817 971 24
820 821 24
821 822 24
823 824 24
825 826 24
826 827 24
828 829 24
970 1095 24
1099 1306 24
1136 1432 24
1141 1219 24
1274 1282 24
1437 1447 24
95 765 25
100 1433 25
123 1124 25
136 685 25
139 911 25
180 432 25
190 725 25
269 304 25
384 1349 25
388 616 25
431 711 25
452 614 25
474 1471 25
510 595 25
553 677 25
585 948 25
585 1432 25
600 1399 25
666 1308 25
673 844 25
680 769 25
680 842 25
697 848 25
697 775 25
697 856 25
709 820 25
728 775 25
735 838 25
735 743 25
736 775 25
736 857 25
743 838 25
743 777 25
746 1117 25
747 852 25
751 756 25
751 839 25
752 826 25
752 854 25
755 839 25
755 756 25
756 839 25
761 836 25
761 782 25
761 766 25
766 782 25
766 836 25
770 787 25
774 775 25
775 858 25
775 857 25
775 776 25
776 835 25
777 838 25
777 831 25
778 993 25
782 836 25
787 842 25
787 841 25
795 836 25
800 853 25
802 833 25
803 831 25
805 814 25
812 844 25
812 843 25
814 815 25
814 850 25
819 863 25
819 862 25
823 858 25
826 854 25
832 848 25
832 833 25
832 847 25
832 849 25
838 860 25
843 844 25
847 849 25
848 859 25
848 849 25
855 856 25
857 858 25
862 863 25
864 865 25
877 1215 25
911 1459 25
956 1233 25
988 1164 25
990 1476 25
1024 1195 25
1147 1389 25
2 1067 26
28 1028 26
73 271 26
91 1373 26
111 1005 26
158 1094 26
192 998 26
255 985 26
271 1262 26
280 1274 26
311 896 26
314 875 26
314 837 26
354 831 26
354 874 26
468 1299 26
492 1094 26
496 1277 26
498 890 26
509 852 26
523 621 26
622 1070 26
631 716 26
671 723 26
673 709 26
674 707 26
674 873 26
680 785 26
684 1088 26
697 836 26
697 872 26
706 867 26
707 873 26
707 869 26
707 868 26
709 820 26
709 868 26
714 819 26
714 863 26
728 836 26
728 751 26
728 776 26
733 788 26
735 871 26
743 870 26
751 836 26
752 862 26
752 828 26
755 808 26
755 839 26
755 867 26
755 807 26
761 812 26
763 877 26
763 876 26
763 815 26
775 776 26
777 855 26
777 838 26
777 878 26
786 864 26
800 815 26
807 808 26
808 867 26
812 868 26
815 850 26
825 862 26
832 844 26
832 848 26
833 851 26
833 848 26
836 858 26
836 872 26
836 945 26
837 847 26
838 879 26
844 869 26
844 848 26
845 974 26
850 877 26
851 867 26
855 878 26
858 860 26
858 881 26
864 871 26
870 874 26
870 882 26
874 882 26
904 1288 26
942 1316 26
957 1083 26
960 1103 26
1068 1118 26
1135 1304 26
1241 1417 26
21 259 27
39 678 27
78 1194 27
160 1140 27
186 254 27
208 263 27
303 703 27
314 878 27
314 847 27
317 1115 27
357 1317 27
372 930 27
374 935 27
399 1366 27
456 844 27
467 771 27
478 614 27
479 1447 27
494 961 27
671 1448 27
693 860 27
697 872 27
697 836 27
704 1463 27
706 867 27
706 1345 27
728 776 27
735 736 27
751 755 27
751 854 27
752 826 27
752 863 27
753 857 27
755 854 27
757 1381 27
759 890 27
763 883 27
763 882 27
763 850 27
763 1285 27
768 884 27
775 836 27
786 865 27
787 798 27
802 844 27
802 812 27
803 850 27
807 826 27
817 875 27
817 847 27
826 863 27
831 874 27
836 878 27
844 848 27
848 851 27
850 882 27
853 884 27
864 871 27
865 871 27
865 897 27
873 895 27
874 883 27
876 885 27
876 888 27
889 890 27
929 1374 27
1085 1381 27
1218 1448 27
1271 1469 27
11 230 28
22 1393 28
46 979 28
65 652 28
82 663 28
82 759 28
90 929 28
137 867 28
170 929 28
190 238 28
229 309 28
250 1273 28
362 905 28
379 739 28
383 627 28
384 957 28
423 1164 28
486 558 28
553 1132 28
563 900 28
585 672 28
628 934 28
645 1344 28
698 1091 28
706 900 28
728 756 28
739 938 28
743 777 28
763 850 28
763 884 28
763 863 28
786 1172 28
787 871 28
797 851 28
803 863 28
812 901 28
812 822 28
817 863 28
817 905 28
820 904 28
833 901 28
845 890 28
845 902 28
850 884 28
863 884 28
866 900 28
890 902 28
898 899 28
903 910 28
908 909 28
60 213 29
73 1252 29
81 538 29
107 1421 29
134 619 29
231 497 29
316 1312 29
324 840 29
367 800 29
389 1172 29
489 1015 29
565 1392 29
683 1463 29
718 1383 29
777 838 29
833 908 29
866 916 29
885 906 29
890 918 29
899 910 29
911 1448 29
912 921 29
917 919 29
917 1365 29
1000 1377 29
1080 1281 29
1098 1476 29
1108 1131 29
1208 1391 29
1252 1391 29
275 761 30
536 543 30
831 1243 30
866 923 30
890 1318 30
899 919 30
912 916 30
967 1120 30
1061 1312 30
1093 1413 30
1125 1238 30
90 925 31
660 1228 31
192 986 32
711 1265 32
79 983 33
90 922 33
250 819 33
444 814 33
627 1003 33
1077 1335 33
10 915 35
139 384 35
425 1058 35
489 1465 35
619 1138 35
685 1233 35
845 1131 35
901 1163 35
125 1088 36
658 840 38
667 1302 38
378 905 39
145 771 40
172 1277 40
195 305 40
222 949 40
284 670 40
296 308 40
399 984 40
402 959 40
432 1068 40
465 926 40
485 1087 40
522 565 40
749 1245 40
868 960 40
934 959 40
936 965 40
942 943 40
943 958 40
944 945 40
946 961 40
947 948 40
951 952 40
953 954 40
962 963 40
1049 1062 40
1181 1263 40
1351 1353 40
2 177 41
8 403 41
17 1244 41
59 491 41
116 550 41
179 1382 41
183 1468 41
191 590 41
197 263 41
225 680 41
236 1314 41
275 656 41
314 377 41
344 993 41
380 1181 41
404 831 41
452 589 41
465 768 41
503 913 41
562 1354 41
565 649 41
732 1426 41
754 923 41
776 1168 41
820 1464 41
874 1375 41
895 1445 41
930 949 41
930 983 41
930 981 41
931 970 41
931 936 41
931 967 41
935 1300 41
936 972 41
936 969 41
936 971 41
936 968 41
936 984 41
939 987 41
944 976 41
944 973 41
946 1006 41
946 957 41
947 978 41
947 977 41
948 966 41
949 982 41
949 979 41
952 987 41
957 1001 41
957 1004 41
957 1002 41
957 1000 41
965 1002 41
965 1003 41
966 978 41
966 977 41
967 968 41
967 971 41
968 969 41
968 971 41
969 971 41
970 1009 41
974 1007 41
976 1009 41
977 978 41
977 1005 41
979 982 41
979 980 41
979 995 41
980 981 41
984 985 41
984 986 41
985 986 41
985 996 41
986 996 41
989 990 41
992 994 41
992 993 41
994 998 41
994 999 41
996 1012 41
997 998 41
1000 1002 41
1000 1001 41
1001 1002 41
1002 1003 41
1003 1004 41
1013 1332 41
1040 1166 41
1069 1441 41
1113 1178 41
1114 1377 41
1151 1243 41
1342 1368 41
16 670 42
27 751 42
34 981 42
46 736 42
62 744 42
84 647 42
111 260 42
113 1365 42
123 375 42
172 1447 42
196 988 42
239 935 42
306 916 42
453 1057 42
485 629 42
552 805 42
557 1273 42
567 924 42
592 1340 42
610 697 42
660 1311 42
690 888 42
697 974 42
738 993 42
891 921 42
909 1215 42
930 983 42
930 949 42
931 998 42
942 1016 42
942 1017 42
947 998 42
949 1020 42
949 1019 42
949 1018 42
949 981 42
962 1046 42
962 1051 42
962 1047 42
962 1045 42
965 1038 42
966 1050 42
967 1023 42
967 981 42
968 1014 42
976 1051 42
976 1049 42
976 1011 42
981 1023 42
981 1021 42
981 1005 42
981 1018 42
983 1053 42
983 1018 42
985 1026 42
985 986 42
986 1026 42
997 1005 42
997 1018 42
998 1030 42
998 1014 42
998 1054 42
998 1029 42
999 1029 42
1005 1018 42
1008 1038 42
1008 1024 42
1008 1033 42
1008 1032 42
1011 1051 42
1011 1049 42
1014 1054 42
1014 1030 42
1015 1017 42
1015 1016 42
1016 1017 42
1016 1042 42
1018 1053 42
1018 1022 42
1018 1021 42
1020 1045 42
1022 1048 42
1022 1030 42
1023 1024 42
1024 1035 42
1024 1033 42
1024 1036 42
1024 1031 42
1025 1026 42
1029 1030 42
1030 1048 42
1031 1033 42
1031 1035 42
1032 1033 42
1032 1052 42
1032 1035 42
1032 1034 42
1032 1036 42
1033 1052 42
1033 1034 42
1033 1036 42
1034 1035 42
1035 1038 42
1035 1036 42
1037 1038 42
1038 1039 42
1039 1040 42
1041 1042 42
1043 1056 42
1045 1047 42
1045 1046 42
1046 1047 42
1134 1138 42
1171 1306 42
1205 1430 42
34 962 43
42 706 43
114 226 43
140 178 43
233 696 43
253 908 43
293 1369 43
318 545 43
340 599 43
407 1237 43
411 1233 43
438 1285 43
454 586 43
455 1061 43
503 927 43
506 937 43
511 899 43
519 613 43
542 780 43
579 814 43
642 1331 43
661 777 43
680 919 43
722 1347 43
737 1318 43
770 1193 43
836 1032 43
930 1063 43
930 1064 43
930 1008 43
930 1066 43
930 958 43
947 1079 43
947 1018 43
947 1085 43
958 1033 43
958 1063 43
958 1008 43
962 1116 43
962 1046 43
963 1077 43
965 1024 43
972 1076 43
972 1040 43
972 1056 43
976 1104 43
976 1022 43
980 983 43
980 1053 43
981 1005 43
982 1111 43
983 1005 43
983 1053 43
985 1080 43
985 1025 43
993 1088 43
993 1090 43
993 1091 43
993 1089 43
999 1018 43
999 1005 43
999 1079 43
999 1029 43
999 1108 43
1005 1083 43
1005 1117 43
1005 1018 43
1005 1085 43
1005 1081 43
1005 1082 43
1005 1038 43
1006 1098 43
1008 1033 43
1008 1065 43
1008 1063 43
1008 1064 43
1008 1066 43
1009 1447 43
1011 1113 43
1011 1115 43
1011 1114 43
1018 1083 43
1018 1050 43
1018 1082 43
1022 1050 43
1022 1109 43
1024 1099 43
1024 1038 43
1032 1076 43
1032 1095 43
1032 1111 43
1032 1074 43
1032 1072 43
1032 1092 43
1032 1071 43
1038 1100 43
1038 1072 43
1038 1070 43
1038 1074 43
1038 1069 43
1038 1063 43
1038 1099 43
1038 1073 43
1038 1071 43
1038 1058 43
1040 1056 43
1041 1056 43
1046 1112 43
1046 1088 43
1049 1103 43
1049 1101 43
1049 1051 43
1049 1104 43
1050 1118 43
1050 1097 43
1053 1108 43
1056 1075 43
1056 1076 43
1057 1059 43
1057 1060 43
1057 1061 43
1057 1062 43
1058 1061 43
1058 1059 43
1059 1061 43
1059 1062 43
1060 1061 43
1061 1062 43
1063 1069 43
1064 1065 43
1064 1066 43
1065 1066 43
1067 1068 43
1068 1107 43
1070 1074 43
1070 1071 43
1070 1072 43
1070 1073 43
1071 1074 43
1072 1074 43
1073 1099 43
1073 1074 43
1073 1076 43
1076 1094 43
1076 1096 43
1077 1078 43
1077 1079 43
1078 1079 43
1079 1085 43
1081 1082 43
1081 1083 43
1082 1083 43
1082 1085 43
1083 1085 43
1086 1087 43
1088 1090 43
1088 1089 43
1088 1091 43
1090 1091 43
1092 1093 43
1092 1094 43
1092 1095 43
1092 1096 43
1094 1096 43
1095 1111 43
1097 1098 43
1099 1100 43
1099 1106 43
1099 1105 43
1099 1451 43
1101 1102 43
1101 1103 43
1101 1104 43
1102 1103 43
1113 1114 43
1113 1115 43
1113 1432 43
1230 1290 43
1240 1377 43
1293 1400 43
5 143 44
70 1107 44
72 1156 44
73 724 44
84 1422 44
92 546 44
186 840 44
189 991 44
308 1316 44
319 1141 44
339 1156 44
374 1361 44
400 614 44
480 881 44
712 1130 44
789 1286 44
842 1003 44
947 980 44
976 1102 44
980 983 44
983 1081 44
1008 1121 44
1008 1128 44
1008 1032 44
1011 1102 44
1011 1115 44
1022 1151 44
1032 1063 44
1032 1126 44
1050 1059 44
1060 1131 44
1067 1123 44
1120 1121 44
1122 1123 44
1195 1419 44
1199 1404 44
1259 1420 44
1359 1426 44
7 607 45
13 579 45
13 1139 45
42 50 45
60 606 45
65 691 45
79 640 45
82 988 45
112 913 45
115 407 45
129 134 45
149 695 45
176 1337 45
210 1020 45
303 1424 45
325 900 45
337 1170 45
340 872 45
368 611 45
386 1290 45
400 663 45
455 515 45
467 831 45
540 977 45
614 1387 45
615 857 45
671 1014 45
785 849 45
881 943 45
884 1060 45
913 1181 45
946 1116 45
946 1173 45
972 1161 45
972 1146 45
972 1438 45
976 1177 45
983 1176 45
983 1154 45
1011 1159 45
1011 1180 45
1011 1182 45
1011 1181 45
1011 1158 45
1011 1115 45
1017 1175 45
1017 1124 45
1022 1046 45
1029 1150 45
1029 1079 45
1029 1151 45
1041 1060 45
1041 1132 45
1041 1149 45
1041 1148 45
1041 1147 45
1046 1151 45
1046 1081 45
1046 1150 45
1056 1104 45
1056 1115 45
1056 1093 45
1056 1161 45
1056 1157 45
1056 1162 45
1056 1060 45
1057 1081 45
1059 1179 45
1060 1147 45
1060 1161 45
1063 1165 45
1063 1070 45
1063 1147 45
1067 1139 45
1068 1139 45
1069 1070 45
1069 1134 45
1076 1147 45
1079 1150 45
1080 1162 45
1080 1111 45
1080 1093 45
1081 1150 45
1081 1153 45
1081 1154 45
1093 1162 45
1093 1095 45
1104 1161 45
1106 1131 45
1115 1157 45
1115 1158 45
1115 1149 45
1115 1159 45
1124 1132 45
1124 1174 45
1124 1148 45
1124 1125 45
1125 1132 45
1125 1148 45
1125 1174 45
1125 1152 45
1126 1163 45
1126 1162 45
1127 1177 45
1127 1135 45
1132 1148 45
1132 1174 45
1132 1146 45
1133 1171 45
1133 1170 45
1134 1165 45
1135 1136 45
1139 1143 45
1141 1142 45
1142 1143 45
1144 1145 45
1146 1161 45
1147 1148 45
1149 1182 45
1149 1158 45
1150 1167 45
1150 1166 45
1150 1168 45
1150 1153 45
1153 1168 45
1153 1154 45
1153 1166 45
1155 1156 45
1156 1160 45
1158 1159 45
1162 1163 45
1163 1250 45
1166 1167 45
1166 1168 45
1167 1168 45
1170 1171 45
1170 1172 45
1171 1172 45
1174 1175 45
1192 1216 45
28 425 46
48 245 46
71 888 46
79 215 46
83 471 46
88 524 46
101 740 46
131 599 46
162 445 46
190 1428 46
196 1101 46
207 557 46
249 932 46
255 404 46
267 607 46
341 451 46
341 858 46
404 1025 46
407 635 46
417 1371 46
467 1294 46
481 1055 46
556 1406 46
608 1444 46
659 1067 46
677 687 46
733 1130 46
770 1389 46
815 1299 46
864 1474 46
868 928 46
880 1073 46
895 950 46
904 914 46
947 1053 46
960 1175 46
972 1184 46
976 1087 46
980 1203 46
983 1121 46
983 1203 46
1006 1443 46
1011 1181 46
1011 1180 46
1011 1149 46
1011 1041 46
1021 1225 46
1022 1214 46
1029 1164 46
1029 1205 46
1029 1189 46
1041 1157 46
1041 1193 46
1041 1060 46
1041 1152 46
1041 1174 46
1046 1067 46
1057 1135 46
1057 1185 46
1060 1201 46
1060 1193 46
1060 1149 46
1060 1076 46
1063 1070 46
1063 1069 46
1068 1142 46
1068 1139 46
1069 1070 46
1073 1397 46
1076 1146 46
1076 1193 46
1076 1149 46
1079 1205 46
1080 1124 46
1080 1125 46
1093 1190 46
1093 1191 46
1093 1192 46
1095 1193 46
1102 1178 46
1102 1182 46
1104 1136 46
1110 1125 46
1111 1162 46
1116 1198 46
1116 1197 46
1121 1203 46
1127 1199 46
1127 1156 46
1131 1152 46
1132 1148 46
1132 1174 46
1132 1152 46
1134 1191 46
1134 1192 46
1134 1146 46
1135 1185 46
1139 1143 46
1139 1142 46
1142 1143 46
1144 1192 46
1144 1190 46
1144 1191 46
1144 1146 46
1145 1184 46
1146 1192 46
1146 1190 46
1146 1191 46
1147 1193 46
1148 1174 46
1148 1152 46
1149 1201 46
1149 1193 46
1150 1199 46
1150 1198 46
1150 1200 46
1150 1196 46
1150 1197 46
1152 1174 46
1153 1210 46
1156 1185 46
1156 1199 46
1157 1193 46
1157 1182 46
1163 1202 46
1164 1188 46
1164 1187 46
1164 1205 46
1164 1186 46
1164 1189 46
1169 1185 46
1174 1175 46
1183 1184 46
1185 1206 46
1186 1188 46
1186 1189 46
1187 1188 46
1187 1189 46
1189 1204 46
1190 1192 46
1190 1191 46
1190 1207 46
1193 1201 46
1193 1195 46
1193 1194 46
1194 1195 46
1196 1198 46
1196 1197 46
1196 1199 46
1197 1199 46
1198 1200 46
1215 1216 46
1219 1460 46
1355 1471 46
101 608 47
125 237 47
162 873 47
164 637 47
182 1084 47
232 1409 47
252 948 47
266 1367 47
302 1013 47
316 748 47
332 651 47
351 685 47
377 908 47
391 1051 47
473 1339 47
518 1445 47
575 1150 47
681 733 47
704 1092 47
901 1011 47
909 1054 47
1011 1159 47
1046 1083 47
1046 1233 47
1060 1147 47
1064 1203 47
1067 1173 47
1076 1146 47
1079 1153 47
1093 1191 47
1093 1190 47
1095 1193 47
1121 1128 47
1124 1125 47
1125 1174 47
1133 1171 47
1133 1172 47
1133 1170 47
1134 1190 47
1135 1185 47
1135 1217 47
1136 1137 47
1142 1143 47
1145 1207 47
1148 1238 47
1152 1193 47
1153 1228 47
1153 1234 47
1153 1227 47
1153 1226 47
1155 1224 47
1155 1208 47
1155 1225 47
1156 1206 47
1162 1223 47
1170 1171 47
1171 1172 47
1172 1203 47
1175 1240 47
1178 1181 47
1184 1237 47
1185 1206 47
1185 1217 47
1186 1189 47
1187 1205 47
1187 1189 47
1192 1233 47
1195 1201 47
1195 1216 47
1198 1218 47
1198 1199 47
1198 1200 47
1200 1218 47
1203 1239 47
1208 1224 47
1210 1236 47
1210 1235 47
1211 1219 47
1217 1218 47
1220 1222 47
1221 1222 47
1224 1225 47
1226 1228 47
1227 1228 47
1229 1230 47
1238 1240 47
35 992 48
48 1308 48
53 1425 48
53 896 48
78 1155 48
139 748 48
170 366 48
211 368 48
222 763 48
223 505 48
255 596 48
265 1361 48
288 1128 48
312 1310 48
314 883 48
345 1416 48
500 949 48
528 778 48
559 1015 48
565 637 48
667 877 48
726 1296 48
740 833 48
753 1276 48
787 1218 48
892 1238 48
972 1076 48
1011 1182 48
1022 1083 48
1041 1159 48
1060 1160 48
1063 1069 48
1081 1231 48
1081 1155 48
1095 1147 48
1095 1144 48
1102 1178 48
1102 1137 48
1102 1143 48
1124 1125 48
1124 1248 48
1127 1199 48
1127 1241 48
1127 1185 48
1133 1172 48
1134 1247 48
1134 1192 48
1134 1246 48
1135 1241 48
1135 1199 48
1135 1185 48
1136 1178 48
1136 1137 48
1137 1182 48
1137 1178 48
1139 1142 48
1139 1143 48
1144 1147 48
1148 1240 48
1154 1213 48
1155 1183 48
1155 1224 48
1158 1159 48
1159 1250 48
1170 1172 48
1175 1240 48
1183 1210 48
1183 1219 48
1185 1199 48
1185 1241 48
1187 1244 48
1187 1189 48
1189 1244 48
1191 1247 48
1192 1247 48
1194 1216 48
1194 1201 48
1199 1241 48
1213 1249 48
1226 1245 48
1226 1234 48
1237 1420 48
1323 1431 48
4 1183 49
58 375 49
94 997 49
122 738 49
167 642 49
239 1462 49
251 898 49
261 1201 49
328 1323 49
419 1267 49
502 1175 49
504 883 49
516 553 49
666 1463 49
748 1233 49
756 817 49
859 1363 49
980 1243 49
980 1005 49
1041 1095 49
1067 1142 49
1067 1143 49
1081 1187 49
1134 1255 49
1134 1246 49
1142 1143 49
1153 1251 49
1156 1206 49
1169 1231 49
1187 1204 49
1207 1243 49
1297 1340 49
13 1064 50
22 65 50
48 383 50
49 439 50
162 1111 50
266 1123 50
369 1347 50
386 775 50
414 1303 50
457 1362 50
598 1158 50
599 858 50
605 1171 50
635 1275 50
748 1248 50
848 851 50
855 1397 50
972 1145 50
980 1261 50
980 1243 50
996 1226 50
1009 1359 50
1022 1083 50
1055 1181 50
1067 1173 50
1070 1184 50
1070 1213 50
1079 1189 50
1079 1228 50
1083 1199 50
1111 1134 50
1111 1126 50
1124 1146 50
1126 1254 50
1126 1258 50
1126 1360 50
1128 1253 50
1137 1156 50
1137 1250 50
1137 1206 50
1145 1195 50
1156 1206 50
1171 1242 50
1184 1209 50
1192 1355 50
1194 1216 50
1194 1249 50
1207 1209 50
1213 1234 50
1232 1284 50
1235 1251 50
1243 1261 50
1243 1259 50
1245 1269 50
1248 1255 50
1252 1253 50
1263 1264 50
1266 1267 50
21 706 51
27 263 51
31 1287 51
117 594 51
137 438 51
264 552 51
285 937 51
290 694 51
325 1369 51
468 896 51
496 1214 51
508 521 51
534 539 51
576 671 51
587 1426 51
596 1113 51
720 1285 51
959 1175 51
980 1243 51
981 1013 51
1022 1206 51
1022 1195 51
1043 1342 51
1067 1257 51
1067 1195 51
1070 1234 51
1070 1242 51
1079 1251 51
1095 1274 51
1111 1134 51
1126 1134 51
1126 1280 51
1128 1273 51
1142 1173 51
1156 1195 51
1178 1266 51
1178 1279 51
1178 1268 51
1178 1250 51
1178 1275 51
1181 1255 51
1183 1429 51
1189 1270 51
1199 1200 51
1209 1278 51
1228 1277 51
1234 1242 51
1234 1245 51
1234 1262 51
1242 1269 51
1242 1262 51
1243 1252 51
1243 1254 51
1243 1258 51
1243 1278 51
1245 1272 51
1245 1262 51
1246 1276 51
1248 1259 51
1250 1274 51
1250 1275 51
1254 1258 51
1256 1262 51
1258 1278 51
1262 1269 51
1262 1272 51
1269 1272 51
1274 1279 51
1280 1281 51
3 464 52
46 563 52
47 1261 52
124 380 52
150 584 52
246 1127 52
313 1432 52
427 1034 52
447 1230 52
520 1373 52
620 1317 52
624 638 52
645 1023 52
685 813 52
724 1437 52
746 914 52
1003 1431 52
1019 1436 52
1036 1112 52
1105 1162 52
1187 1270 52
1187 1282 52
1262 1270 52
1276 1284 52
49 807 53
80 1020 53
163 1256 53
215 1263 53
254 1100 53
285 1101 53
344 1126 53
481 747 53
527 1135 53
683 1048 53
726 1049 53
741 791 53
783 1273 53
859 1410 53
952 1171 53
1052 1322 53
1156 1292 53
1200 1282 53
1235 1283 53
1243 1269 53
1266 1291 53
1271 1305 53
1276 1299 53
1276 1289 53
1276 1294 53
1282 1292 53
1284 1300 53
1287 1289 53
1287 1288 53
1289 1296 53
1290 1291 53
1297 1298 53
1299 1309 53
15 956 54
43 527 54
117 1356 54
124 261 54
193 1179 54
220 369 54
272 463 54
295 1287 54
371 1451 54
377 438 54
410 948 54
410 1250 54
453 781 54
561 862 54
561 1154 54
607 1412 54
682 1219 54
1022 1336 54
1039 1135 54
1056 1199 54
1079 1355 54
1132 1245 54
1156 1292 54
1210 1269 54
1235 1270 54
1252 1316 54
1252 1319 54
1262 1332 54
1276 1333 54
1283 1330 54
1284 1334 54
1288 1296 54
1288 1323 54
1296 1310 54
1296 1327 54
1310 1313 54
1311 1312 54
1312 1336 54
1317 1321 54
1317 1320 54
1318 1320 54
1320 1322 54
1320 1321 54
1324 1326 54
1324 1325 54
1325 1326 54
1329 1330 54
1335 1338 54
7 767 55
31 927 55
33 120 55
55 155 55
60 564 55
81 1381 55
88 353 55
90 439 55
124 1302 55
175 1315 55
178 263 55
183 1339 55
184 822 55
186 686 55
191 1118 55
192 1059 55
195 896 55
210 1033 55
302 324 55
306 1434 55
325 347 55
399 813 55
441 624 55
566 647 55
592 1298 55
597 1210 55
667 684 55
694 1169 55
743 1140 55
768 874 55
882 1402 55
925 1291 55
1022 1290 55
1022 1376 55
1040 1223 55
1134 1306 55
1217 1339 55
1235 1379 55
1235 1382 55
1249 1329 55
1253 1320 55
1271 1306 55
1271 1355 55
1271 1387 55
1271 1334 55
1276 1309 55
1276 1375 55
1276 1357 55
1283 1356 55
1283 1368 55
1293 1365 55
1293 1372 55
1293 1352 55
1293 1363 55
1295 1371 55
1296 1323 55
1296 1310 55
1296 1350 55
1296 1349 55
1305 1345 55
1305 1347 55
1306 1355 55
1306 1334 55
1309 1362 55
1309 1371 55
1309 1357 55
1309 1359 55
1310 1383 55
1311 1453 55
1312 1372 55
1312 1338 55
1312 1385 55
1316 1318 55
1316 1320 55
1322 1325 55
1323 1349 55
1324 1355 55
1325 1356 55
1325 1329 55
1326 1329 55
1326 1354 55
1328 1341 55
1329 1330 55
1330 1334 55
1332 1389 55
1334 1387 55
1339 1342 55
1340 1341 55
1342 1343 55
1345 1347 55
1345 1346 55
1346 1374 55
1350 1377 55
1351 1353 55
1351 1352 55
1352 1367 55
1353 1367 55
1354 1355 55
1359 1360 55
1359 1362 55
1359 1361 55
1360 1361 55
1360 1386 55
1363 1366 55
1363 1365 55
1363 1364 55
1364 1388 55
1366 1381 55
1369 1370 55
1371 1384 55
1377 1385 55
1378 1380 55
1379 1380 55
31 1220 56
37 1424 56
47 421 56
84 858 56
86 432 56
117 1018 56
138 1417 56
150 1231 56
166 455 56
199 1016 56
222 849 56
229 628 56
237 272 56
239 378 56
267 846 56
279 681 56
280 683 56
305 1022 56
330 1171 56
336 1387 56
346 1298 56
386 1429 56
460 760 56
564 678 56
565 1252 56
611 715 56
614 1023 56
771 1101 56
772 910 56
939 1184 56
946 1149 56
1073 1467 56
1145 1303 56
1198 1219 56
1233 1384 56
1262 1329 56
1262 1370 56
1262 1397 56
1271 1355 56
1276 1295 56
1287 1401 56
1288 1410 56
1288 1411 56
1291 1365 56
1293 1363 56
1293 1334 56
1295 1309 56
1296 1310 56
1305 1409 56
1305 1348 56
1305 1346 56
1306 1347 56
1306 1408 56
1309 1418 56
1310 1350 56
1310 1383 56
1310 1323 56
1312 1422 56
1312 1376 56
1323 1350 56
1324 1354 56
1326 1354 56
1329 1370 56
1329 1356 56
1329 1330 56
1330 1397 56
1330 1395 56
1345 1398 56
1345 1374 56
1346 1409 56
1347 1417 56
1347 1348 56
1347 1408 56
1348 1417 56
1350 1391 56
1360 1409 56
1360 1420 56
1360 1414 56
1361 1365 56
1362 1421 56
1366 1410 56
1368 1407 56
1370 1397 56
1371 1418 56
1371 1384 56
1371 1421 56
1376 1416 56
1377 1391 56
1378 1403 56
1384 1398 56
1389 1412 56
1390 1392 56
1390 1391 56
1391 1392 56
1393 1394 56
1396 1397 56
1403 1405 56
1403 1404 56
1410 1419 56
1410 1411 56
1412 1413 56
1415 1416 56
5 440 57
20 1398 57
25 369 57
31 275 57
51 185 57
72 320 57
88 457 57
126 1280 57
178 547 57
179 747 57
183 662 57
209 835 57
219 998 57
239 999 57
291 292 57
315 562 57
336 413 57
364 838 57
377 991 57
381 646 57
414 419 57
432 1048 57
435 1465 57
440 878 57
453 702 57
460 1137 57
548 1124 57
646 685 57
681 729 57
702 1207 57
732 1474 57
800 1179 57
818 1161 57
874 1141 57
930 1283 57
937 1035 57
959 1337 57
1022 1416 57
1022 1312 57
1022 1372 57
1025 1175 57
1143 1360 57
1165 1329 57
1210 1398 57
1211 1455 57
1214 1352 57
1217 1419 57
1265 1441 57
1276 1362 57
1283 1411 57
1288 1371 57
1288 1366 57
1290 1441 57
1290 1431 57
1290 1368 57
1290 1399 57
1291 1365 57
1296 1404 57
1306 1440 57
1306 1320 57
1306 1347 57
1309 1431 57
1309 1384 57
1309 1418 57
1309 1414 57
1310 1404 57
1310 1323 57
1312 1372 57
1312 1432 57
1312 1438 57
1313 1442 57
1315 1425 57
1315 1424 57
1315 1426 57
1320 1348 57
1320 1347 57
1320 1417 57
1323 1427 57
1324 1408 57
1326 1440 57
1326 1370 57
1326 1329 57
1328 1421 57
1329 1434 57
1330 1368 57
1330 1413 57
1330 1407 57
1334 1440 57
1334 1361 57
1335 1404 57
1341 1398 57
1341 1346 57
1345 1398 57
1346 1398 57
1346 1354 57
1350 1391 57
1355 1420 57
1355 1408 57
1357 1433 57
1360 1420 57
1360 1437 57
1362 1439 57
1362 1414 57
1362 1436 57
1366 1371 57
1368 1431 57
1370 1434 57
1384 1431 57
1384 1421 57
1389 1412 57
1390 1423 57
1399 1428 57
1403 1430 57
1404 1427 57
1405 1429 57
1407 1434 57
1410 1429 57
1413 1431 57
1414 1418 57
1416 1428 57
1418 1436 57
1420 1437 57
1421 1442 57
1424 1425 57
1425 1426 57
1429 1443 57
13 708 58
63 1380 58
96 147 58
131 1301 58
267 998 58
277 1018 58
307 1468 58
314 1441 58
356 699 58
367 627 58
408 1101 58
410 876 58
416 696 58
437 1430 58
484 807 58
585 1222 58
602 736 58
605 640 58
609 1094 58
645 666 58
707 1406 58
707 945 58
740 1022 58
843 1348 58
853 1439 58
1022 1455 58
1084 1160 58
1098 1227 58
1104 1247 58
1291 1437 58
1291 1360 58
1305 1306 58
1305 1320 58
1306 1425 58
1306 1320 58
1306 1347 58
1307 1317 58
1309 1418 58
1310 1323 58
1312 1428 58
1315 1448 58
1315 1322 58
1316 1322 58
1316 1449 58
1322 1449 58
1323 1350 58
1323 1327 58
1327 1410 58
1327 1453 58
1329 1354 58
1329 1408 58
1329 1370 58
1330 1332 58
1330 1368 58
1347 1425 58
1350 1391 58
1350 1445 58
1354 1408 58
1357 1401 58
1360 1437 58
1360 1457 58
1362 1418 58
1366 1459 58
1372 1455 58
1372 1416 58
1372 1400 58
1372 1454 58
1391 1445 58
1395 1460 58
1400 1416 58
1403 1458 58
1414 1436 58
1414 1439 58
1416 1430 58
1416 1428 58
1420 1457 58
1423 1458 58
1423 1462 58
1425 1449 58
1430 1432 58
1432 1454 58
1433 1447 58
1433 1435 58
1435 1461 58
1436 1439 58
1438 1444 58
1446 1447 58
1450 1452 58
1450 1451 58
1451 1452 58
1454 1455 58
4 434 59
37 642 59
72 357 59
89 747 59
92 1356 59
101 1056 59
131 196 59
137 492 59
194 1245 59
210 1421 59
225 449 59
272 409 59
320 735 59
331 818 59
341 1154 59
374 1440 59
386 1189 59
414 1197 59
456 1154 59
494 1419 59
517 1449 59
524 1087 59
543 1412 59
594 1351 59
630 1458 59
646 1009 59
712 1302 59
912 1075 59
961 1474 59
1020 1215 59
1022 1403 59
1022 1405 59
1316 1319 59
1319 1470 59
1320 1324 59
1320 1417 59
1320 1355 59
1320 1347 59
1324 1355 59
1327 1357 59
1328 1421 59
1330 1465 59
1330 1332 59
1330 1452 59
1330 1413 59
1332 1413 59
1334 1400 59
1347 1417 59
1355 1362 59
1357 1447 59
1357 1439 59
1357 1401 59
1362 1464 59
1368 1472 59
1368 1460 59
1372 1416 59
1372 1400 59
1393 1466 59
1400 1416 59
1401 1447 59
1414 1439 59
1417 1464 59
1420 1468 59
1452 1465 59
1467 1468 59
12 1240 60
30 553 60
98 1054 60
123 637 60
172 330 60
232 481 60
251 1311 60
287 1306 60
292 554 60
488 1011 60
667 822 60
1334 1407 60
1348 1476 60
1348 1355 60
1355 1467 60
1368 1395 60
