0 1119 0
16 1297 0
18 684 0
22 1218 0
40 1126 0
41 1162 0
52 606 0
63 582 0
65 1120 0
77 299 0
82 875 0
86 1145 0
89 1063 0
114 1221 0
119 260 0
137 505 0
141 1043 0
144 517 0
149 315 0
153 538 0
157 572 0
171 787 0
185 606 0
206 1092 0
215 743 0
223 1211 0
224 912 0
227 406 0
254 1449 0
258 1076 0
274 1173 0
295 914 0
297 407 0
299 899 0
313 1158 0
328 1259 0
337 548 0
350 1458 0
351 1008 0
363 871 0
364 1326 0
365 465 0
392 1232 0
393 724 0
406 767 0
413 1055 0
414 456 0
417 1477 0
421 842 0
423 1210 0
450 977 0
454 850 0
484 752 0
492 774 0
501 1434 0
507 1306 0
508 1315 0
510 639 0
513 710 0
530 1315 0
573 973 0
579 1289 0
599 723 0
603 649 0
623 1442 0
648 1200 0
654 1422 0
699 1194 0
700 1130 0
727 1433 0
755 1452 0
757 1389 0
758 894 0
794 1022 0
816 942 0
834 922 0
844 1448 0
845 1225 0
848 1138 0
856 1153 0
890 1106 0
904 1381 0
951 1429 0
958 1423 0
992 1301 0
992 1103 0
1067 1220 0
1094 1400 0
1106 1459 0
1126 1225 0
1126 1460 0
1165 1414 0
1310 1367 0
1311 1407 0
6 369 1
9 655 1
25 762 1
44 1461 1
51 588 1
55 1459 1
59 872 1
60 157 1
65 400 1
78 1159 1
80 1084 1
81 123 1
95 1417 1
98 159 1
107 1085 1
112 1193 1
142 780 1
150 451 1
152 1128 1
158 215 1
159 628 1
198 856 1
216 992 1
222 451 1
233 972 1
233 1031 1
247 684 1
254 291 1
269 348 1
269 622 1
273 492 1
274 495 1
279 1245 1
294 448 1
303 754 1
306 348 1
321 434 1
330 1095 1
359 942 1
370 864 1
389 605 1
418 887 1
422 424 1
427 603 1
438 1280 1
448 888 1
449 1228 1
452 1111 1
460 1039 1
470 838 1
482 766 1
496 726 1
502 832 1
508 1174 1
588 988 1
595 624 1
605 962 1
624 1414 1
645 1433 1
661 851 1
670 1434 1
699 1349 1
713 827 1
716 1155 1
815 838 1
907 956 1
920 953 1
930 1341 1
968 1171 1
993 1344 1
1072 1093 1
1081 1185 1
1088 1317 1
1162 1308 1
1288 1397 1
0 533 2
1 92 2
2 1449 2
10 1120 2
16 35 2
19 345 2
39 642 2
49 1229 2
62 982 2
63 1449 2
65 1452 2
73 247 2
77 106 2
78 643 2
80 1283 2
92 366 2
94 587 2
97 232 2
99 1130 2
108 1210 2
111 902 2
116 1077 2
125 227 2
133 544 2
134 801 2
137 970 2
140 625 2
140 563 2
146 371 2
152 1320 2
153 742 2
155 268 2
157 512 2
158 558 2
163 1183 2
169 202 2
169 998 2
183 1044 2
194 1290 2
206 1295 2
217 1235 2
227 1139 2
228 1273 2
233 1077 2
235 877 2
251 1200 2
251 810 2
258 933 2
269 800 2
274 618 2
289 310 2
290 629 2
290 1127 2
297 812 2
302 1325 2
324 1207 2
326 685 2
353 641 2
373 1471 2
385 791 2
390 561 2
400 1120 2
404 512 2
448 1281 2
449 1402 2
463 976 2
474 896 2
482 954 2
489 1043 2
496 1390 2
512 616 2
519 797 2
520 807 2
530 940 2
531 540 2
534 650 2
547 991 2
551 1293 2
555 1303 2
555 1334 2
562 1424 2
572 1315 2
578 661 2
588 712 2
595 1267 2
599 1031 2
615 1032 2
622 1360 2
626 1247 2
636 1017 2
641 916 2
651 908 2
656 1278 2
660 1071 2
663 993 2
664 737 2
672 757 2
695 739 2
764 856 2
779 994 2
787 1082 2
795 880 2
798 1013 2
813 1284 2
827 1305 2
851 1449 2
908 1014 2
929 1112 2
936 1468 2
949 1124 2
950 993 2
1008 1325 2
1028 1066 2
1031 1103 2
1093 1372 2
1150 1238 2
1150 1259 2
1301 1399 2
1313 1471 2
1316 1375 2
1341 1478 2
1371 1447 2
1401 1456 2
1404 1478 2
0 958 3
8 1185 3
10 581 3
16 331 3
20 106 3
21 985 3
25 888 3
25 929 3
65 148 3
86 92 3
107 1267 3
116 1323 3
130 1259 3
140 778 3
152 1269 3
160 1067 3
166 482 3
174 772 3
180 942 3
182 553 3
206 699 3
207 457 3
224 358 3
228 965 3
289 359 3
292 893 3
308 392 3
312 569 3
345 506 3
356 594 3
365 658 3
366 879 3
367 1243 3
381 638 3
382 704 3
409 877 3
427 1333 3
428 749 3
431 522 3
439 984 3
444 1228 3
456 907 3
460 607 3
461 1353 3
486 1067 3
491 1111 3
503 667 3
528 1319 3
539 1142 3
545 1196 3
561 929 3
592 1422 3
634 1182 3
676 1102 3
690 1263 3
702 1130 3
708 1376 3
708 1111 3
722 789 3
724 1124 3
745 1346 3
750 838 3
867 1427 3
880 1173 3
882 1073 3
884 1470 3
905 1044 3
917 1334 3
925 1292 3
1004 1397 3
1013 1224 3
1018 1136 3
1022 1188 3
1031 1214 3
1035 1103 3
1046 1292 3
1098 1209 3
1121 1139 3
1141 1427 3
1186 1352 3
1301 1308 3
1459 1477 3
9 1060 4
13 1175 4
20 789 4
27 1477 4
41 379 4
43 1432 4
62 840 4
66 956 4
75 1036 4
76 436 4
89 617 4
90 1003 4
99 895 4
110 819 4
141 184 4
151 1193 4
160 449 4
165 1041 4
180 1113 4
180 257 4
183 1095 4
183 849 4
184 1053 4
184 208 4
185 1437 4
189 343 4
199 1010 4
202 1267 4
207 1416 4
219 1333 4
226 871 4
230 1069 4
240 583 4
243 509 4
245 288 4
247 1227 4
249 342 4
258 456 4
261 362 4
269 508 4
270 604 4
288 880 4
346 1160 4
356 1233 4
374 993 4
380 461 4
404 427 4
406 1477 4
413 453 4
447 1193 4
458 645 4
469 884 4
481 502 4
483 1340 4
494 1024 4
504 722 4
571 1312 4
573 703 4
576 1322 4
581 1041 4
581 1222 4
585 1260 4
611 1080 4
614 626 4
618 694 4
623 1213 4
624 632 4
625 654 4
635 1269 4
647 715 4
691 1227 4
701 1165 4
703 1320 4
707 1314 4
726 1388 4
738 1115 4
745 1171 4
758 1444 4
770 1094 4
779 902 4
783 881 4
783 1329 4
788 919 4
823 1352 4
853 1073 4
878 1313 4
897 1261 4
909 1022 4
916 1198 4
921 975 4
944 949 4
945 1297 4
951 1349 4
972 1257 4
1027 1344 4
1033 1290 4
1074 1195 4
1115 1320 4
1154 1424 4
1165 1229 4
1234 1411 4
1239 1399 4
1242 1333 4
1260 1475 4
4 911 5
49 1232 5
53 1366 5
69 850 5
83 120 5
116 493 5
118 604 5
125 279 5
126 1022 5
135 271 5
154 453 5
156 705 5
164 1424 5
178 783 5
179 883 5
193 859 5
196 793 5
214 879 5
218 936 5
240 965 5
256 1337 5
263 574 5
281 312 5
291 925 5
307 1313 5
310 1159 5
328 896 5
342 909 5
355 522 5
356 690 5
365 806 5
382 717 5
404 1191 5
405 1223 5
417 695 5
432 751 5
452 739 5
462 1459 5
486 936 5
489 1453 5
526 1441 5
532 602 5
544 1409 5
546 1281 5
553 556 5
554 1287 5
560 702 5
569 961 5
588 1401 5
588 1131 5
635 707 5
649 831 5
650 1360 5
659 1147 5
676 917 5
703 1272 5
713 902 5
714 1437 5
804 1340 5
809 1311 5
810 1125 5
814 1347 5
817 1022 5
853 1236 5
867 1344 5
876 1296 5
1008 1316 5
1252 1375 5
1278 1459 5
49 354 6
119 820 6
133 1174 6
143 1014 6
164 251 6
196 654 6
271 638 6
277 711 6
335 351 6
361 1140 6
367 1077 6
398 578 6
439 1210 6
451 1465 6
477 1375 6
492 1113 6
493 1274 6
508 879 6
514 618 6
523 857 6
532 1255 6
601 1156 6
607 1286 6
683 1352 6
683 1083 6
690 814 6
722 1177 6
781 811 6
797 917 6
935 1340 6
955 999 6
988 1352 6
1041 1459 6
1090 1252 6
1355 1381 6
1404 1469 6
0 322 7
15 433 7
22 215 7
76 1446 7
90 829 7
129 1079 7
165 842 7
173 1418 7
216 842 7
348 478 7
392 1288 7
472 554 7
488 909 7
515 1180 7
572 1437 7
653 1131 7
783 1420 7
800 1293 7
19 610 8
21 983 8
24 147 8
38 1048 8
52 210 8
82 1257 8
108 623 8
127 1479 8
176 627 8
179 1346 8
191 766 8
226 712 8
240 450 8
245 361 8
283 928 8
294 1235 8
331 383 8
352 661 8
375 892 8
395 786 8
413 1340 8
436 589 8
474 940 8
478 800 8
514 901 8
538 1205 8
613 1223 8
622 1296 8
624 1016 8
639 1069 8
639 1139 8
658 1083 8
703 1323 8
709 991 8
749 814 8
826 1328 8
887 1084 8
916 1342 8
922 960 8
933 948 8
1012 1143 8
1035 1190 8
1041 1287 8
1111 1242 8
1112 1306 8
1124 1288 8
1160 1323 8
1170 1329 8
1215 1374 8
1282 1450 8
1324 1369 8
1421 1449 8
1 212 9
3 1447 9
11 649 9
14 1401 9
31 771 9
31 53 9
34 1325 9
40 520 9
40 1358 9
43 257 9
46 793 9
48 62 9
51 202 9
56 1286 9
58 1270 9
58 693 9
61 1031 9
69 701 9
72 527 9
74 1044 9
76 636 9
78 892 9
78 693 9
78 1479 9
80 963 9
92 531 9
103 146 9
110 1334 9
110 992 9
111 705 9
115 869 9
121 352 9
128 1262 9
130 437 9
133 620 9
135 1016 9
137 1351 9
138 630 9
148 1003 9
157 635 9
161 552 9
162 715 9
165 589 9
171 733 9
173 1339 9
175 500 9
176 247 9
178 1085 9
185 812 9
192 388 9
197 1046 9
201 225 9
210 522 9
215 216 9
215 266 9
215 1303 9
216 1441 9
220 232 9
223 1139 9
235 1140 9
243 359 9
244 1416 9
247 1179 9
249 1402 9
251 525 9
253 360 9
253 1045 9
262 292 9
269 739 9
277 1168 9
281 468 9
283 1027 9
284 1130 9
287 1277 9
287 712 9
287 865 9
290 1372 9
290 1358 9
294 1396 9
301 1079 9
306 1422 9
309 521 9
324 1035 9
325 934 9
330 956 9
337 1414 9
337 947 9
337 802 9
338 1367 9
359 679 9
360 987 9
369 1063 9
383 1254 9
394 1179 9
398 1089 9
400 765 9
404 593 9
405 548 9
408 1076 9
409 1342 9
413 709 9
418 666 9
421 874 9
423 718 9
423 1479 9
424 1073 9
425 447 9
429 1054 9
431 864 9
431 875 9
438 916 9
439 1276 9
442 1317 9
444 1224 9
458 1157 9
458 1161 9
459 977 9
472 653 9
473 929 9
474 675 9
487 680 9
488 705 9
491 1313 9
504 920 9
512 1334 9
533 797 9
534 1005 9
536 1413 9
544 1343 9
544 1237 9
549 905 9
553 1088 9
553 685 9
558 688 9
573 1469 9
575 800 9
604 1470 9
615 938 9
615 1013 9
645 713 9
656 915 9
663 805 9
671 1182 9
675 952 9
679 1419 9
695 1056 9
700 782 9
703 1033 9
705 1075 9
716 1008 9
718 1315 9
720 1465 9
724 1016 9
726 1167 9
727 1111 9
731 1156 9
733 1006 9
740 1391 9
747 854 9
758 1408 9
758 930 9
768 1294 9
771 1049 9
773 1224 9
773 992 9
778 832 9
792 981 9
801 1081 9
802 1299 9
810 1380 9
860 911 9
864 1332 9
865 1051 9
871 1388 9
871 877 9
889 1206 9
890 935 9
896 1103 9
906 1127 9
912 1474 9
913 1318 9
930 1066 9
947 1130 9
968 1293 9
986 1471 9
988 1222 9
990 1232 9
1021 1257 9
1027 1352 9
1035 1193 9
1037 1191 9
1041 1249 9
1046 1118 9
1096 1222 9
1178 1286 9
1198 1257 9
1207 1320 9
1219 1240 9
1317 1405 9
1349 1416 9
1445 1474 9
9 1349 10
10 475 10
29 764 10
53 1180 10
71 420 10
73 344 10
75 1467 10
109 1022 10
120 1291 10
125 997 10
130 902 10
141 580 10
158 744 10
171 941 10
173 775 10
192 1041 10
201 425 10
204 1259 10
207 574 10
214 1407 10
232 1156 10
250 486 10
252 359 10
258 299 10
265 1227 10
276 394 10
279 568 10
295 427 10
299 507 10
312 361 10
327 703 10
333 1223 10
377 1137 10
381 644 10
411 722 10
424 1201 10
425 897 10
444 486 10
444 534 10
453 803 10
477 856 10
480 1126 10
513 960 10
517 1164 10
523 1441 10
528 920 10
540 1250 10
547 1074 10
552 1032 10
570 1460 10
570 1237 10
572 900 10
588 1421 10
613 1007 10
616 996 10
625 770 10
641 763 10
712 1419 10
758 980 10
765 882 10
788 1315 10
867 1201 10
899 1048 10
911 1044 10
914 1295 10
921 1046 10
943 1212 10
953 1034 10
971 972 10
996 1078 10
1017 1228 10
1017 1195 10
1075 1223 10
1102 1309 10
1218 1444 10
1441 1478 10
11 1437 11
11 1153 11
14 944 11
17 299 11
17 1318 11
19 1195 11
19 356 11
29 354 11
29 800 11
33 104 11
43 1197 11
44 194 11
47 623 11
52 1274 11
58 69 11
61 137 11
65 1358 11
66 700 11
70 1045 11
74 374 11
76 583 11
77 1401 11
82 694 11
88 301 11
92 646 11
94 459 11
105 1050 11
110 1047 11
126 525 11
130 1159 11
141 854 11
143 772 11
144 176 11
145 534 11
153 1159 11
155 464 11
156 514 11
170 927 11
175 929 11
176 1307 11
178 511 11
184 1364 11
195 1461 11
201 1453 11
205 659 11
210 1150 11
213 1119 11
219 1351 11
233 1183 11
233 901 11
236 1232 11
244 1415 11
248 323 11
248 1198 11
249 689 11
250 1053 11
265 477 11
268 1479 11
268 1316 11
272 1146 11
272 1377 11
281 1108 11
289 351 11
290 312 11
292 1000 11
293 1046 11
296 635 11
298 581 11
299 796 11
302 304 11
302 519 11
314 1184 11
316 329 11
317 403 11
318 1392 11
334 446 11
340 1470 11
343 778 11
344 766 11
348 1122 11
351 1225 11
353 887 11
357 510 11
359 695 11
360 1147 11
380 1127 11
396 1430 11
412 684 11
417 560 11
419 1200 11
425 1048 11
428 775 11
435 859 11
437 1288 11
445 557 11
446 1224 11
449 1245 11
463 1339 11
464 1019 11
469 978 11
475 1384 11
482 1412 11
492 1038 11
492 1448 11
502 839 11
513 1094 11
517 1332 11
527 678 11
532 866 11
541 839 11
561 1075 11
563 910 11
567 778 11
577 597 11
586 1130 11
597 1128 11
605 873 11
610 1321 11
611 1119 11
612 1047 11
621 1001 11
624 1183 11
627 1077 11
631 1329 11
654 1382 11
658 1370 11
665 1126 11
673 775 11
676 964 11
677 747 11
689 843 11
693 1098 11
698 1174 11
716 1175 11
725 996 11
746 929 11
752 1310 11
759 1417 11
784 1003 11
789 1459 11
792 1383 11
808 1014 11
811 1334 11
820 1419 11
826 1063 11
827 1337 11
831 1344 11
834 927 11
835 1289 11
843 1186 11
843 1424 11
847 1024 11
859 936 11
860 928 11
861 1283 11
868 1440 11
874 1159 11
878 1439 11
884 1343 11
899 1047 11
906 1167 11
920 1295 11
967 1066 11
973 1324 11
976 1310 11
994 1335 11
995 1342 11
999 1469 11
1011 1330 11
1013 1208 11
1020 1281 11
1027 1195 11
1062 1477 11
1074 1152 11
1097 1374 11
1142 1231 11
1158 1251 11
1180 1381 11
1183 1275 11
1191 1391 11
1193 1224 11
1199 1453 11
1200 1307 11
1208 1373 11
1215 1276 11
1239 1314 11
1242 1471 11
1361 1468 11
1369 1412 11
1377 1434 11
1444 1478 11
1447 1456 11
0 449 12
16 560 12
30 376 12
40 851 12
56 605 12
60 642 12
94 293 12
94 1366 12
121 168 12
126 243 12
129 1179 12
129 236 12
137 1421 12
147 1175 12
155 745 12
155 946 12
157 407 12
189 1223 12
203 814 12
204 303 12
207 1193 12
214 457 12
222 1292 12
224 951 12
228 340 12
229 930 12
234 400 12
245 1432 12
256 931 12
259 803 12
271 503 12
272 552 12
282 1223 12
283 1160 12
287 573 12
290 781 12
296 1427 12
300 596 12
303 399 12
304 1389 12
306 1308 12
324 654 12
339 1275 12
345 492 12
361 1145 12
386 568 12
395 711 12
396 1193 12
397 549 12
406 691 12
409 819 12
412 1310 12
413 1340 12
413 902 12
417 1271 12
420 466 12
425 1327 12
426 861 12
439 1019 12
459 551 12
473 1393 12
488 954 12
488 761 12
514 916 12
518 1281 12
520 1369 12
536 616 12
548 667 12
553 1067 12
560 1146 12
560 959 12
564 1402 12
569 994 12
576 1421 12
583 1249 12
585 1474 12
596 906 12
596 652 12
602 1208 12
608 1216 12
630 711 12
632 1351 12
634 804 12
638 1010 12
638 1340 12
660 1229 12
670 878 12
682 734 12
690 1223 12
699 1260 12
724 1049 12
730 1466 12
768 832 12
771 1311 12
789 830 12
791 982 12
802 1299 12
810 1187 12
816 1077 12
817 1331 12
846 1453 12
855 1340 12
863 947 12
902 1059 12
905 973 12
937 1167 12
947 1023 12
949 1056 12
964 1300 12
983 1459 12
1028 1137 12
1050 1114 12
1083 1321 12
1083 1146 12
1096 1391 12
1104 1371 12
1179 1224 12
1198 1309 12
1472 1477 12
19 1245 13
36 1372 13
45 414 13
69 171 13
85 971 13
95 507 13
154 594 13
181 316 13
193 1099 13
198 1256 13
212 1108 13
227 642 13
227 657 13
243 857 13
254 676 13
292 1015 13
298 880 13
302 718 13
303 1172 13
308 660 13
362 565 13
386 1293 13
397 1364 13
432 824 13
434 1438 13
453 1335 13
602 683 13
731 1078 13
781 1202 13
809 1233 13
816 1306 13
886 1143 13
922 943 13
1242 1382 13
12 145 14
13 902 14
23 454 14
28 916 14
30 978 14
30 586 14
34 1037 14
38 1291 14
39 1103 14
48 502 14
52 1169 14
54 1097 14
62 1370 14
63 1107 14
66 606 14
67 431 14
68 531 14
70 1295 14
72 1124 14
78 1051 14
80 900 14
106 540 14
107 251 14
117 794 14
119 1353 14
119 980 14
124 157 14
128 1157 14
138 1154 14
150 569 14
151 175 14
153 895 14
154 1042 14
170 223 14
173 1016 14
174 371 14
175 801 14
176 1175 14
178 866 14
178 955 14
181 1356 14
185 931 14
190 1390 14
191 1348 14
196 1359 14
197 977 14
209 1273 14
220 1454 14
224 416 14
227 603 14
228 349 14
229 1479 14
230 662 14
236 895 14
241 579 14
243 437 14
248 698 14
268 1448 14
276 1395 14
279 444 14
281 1277 14
283 348 14
290 571 14
293 1272 14
299 1014 14
305 1376 14
313 394 14
317 679 14
318 556 14
320 660 14
328 340 14
331 648 14
332 394 14
357 1075 14
357 593 14
357 1056 14
366 697 14
368 1141 14
368 516 14
369 1384 14
370 383 14
372 629 14
374 635 14
381 1004 14
383 1181 14
391 813 14
400 1168 14
417 1054 14
423 1358 14
424 425 14
424 773 14
430 1038 14
431 887 14
434 1359 14
445 1212 14
445 505 14
448 761 14
455 1039 14
457 1407 14
457 1347 14
462 826 14
464 1102 14
480 599 14
489 1070 14
495 971 14
499 705 14
508 681 14
514 691 14
514 1216 14
528 1332 14
529 1458 14
531 764 14
539 1134 14
553 960 14
571 906 14
589 1317 14
589 1319 14
608 1099 14
610 842 14
615 1468 14
630 741 14
638 763 14
644 1077 14
658 1190 14
659 1455 14
688 1288 14
697 1020 14
702 1337 14
712 1028 14
720 1306 14
727 765 14
739 1352 14
741 866 14
745 1341 14
747 857 14
759 1172 14
769 1466 14
784 1226 14
793 901 14
802 1424 14
809 911 14
811 1378 14
823 1246 14
832 1432 14
850 1023 14
861 1284 14
866 1139 14
869 1249 14
877 1367 14
893 969 14
903 1475 14
903 1110 14
905 1185 14
919 1159 14
931 1201 14
955 1363 14
972 1039 14
972 1292 14
983 1212 14
991 1209 14
1027 1285 14
1079 1338 14
1125 1202 14
1138 1289 14
1139 1261 14
1143 1184 14
1162 1408 14
1180 1248 14
1209 1335 14
1271 1308 14
1283 1356 14
1314 1337 14
1367 1479 14
1375 1455 14
9 1287 15
11 428 15
24 1207 15
50 932 15
59 1101 15
61 552 15
66 1003 15
110 604 15
110 436 15
115 1038 15
118 1078 15
127 225 15
133 942 15
151 1445 15
152 744 15
153 1387 15
187 1181 15
194 1460 15
217 966 15
221 950 15
232 396 15
235 430 15
240 727 15
280 1447 15
286 1160 15
286 598 15
288 1240 15
291 890 15
300 960 15
336 924 15
340 1032 15
364 978 15
376 490 15
377 1282 15
378 552 15
386 854 15
390 1281 15
398 987 15
402 650 15
410 1226 15
417 1410 15
430 924 15
474 658 15
484 1255 15
496 1227 15
512 1448 15
522 1123 15
539 1463 15
552 855 15
558 1080 15
568 773 15
576 610 15
589 703 15
608 667 15
610 1042 15
610 1183 15
624 860 15
638 786 15
652 1435 15
658 1153 15
659 1383 15
667 1394 15
685 1249 15
700 820 15
719 758 15
724 1040 15
730 733 15
746 1040 15
760 1392 15
785 1087 15
786 1102 15
793 1192 15
803 1370 15
815 1326 15
858 1418 15
872 1164 15
892 1039 15
893 1113 15
922 1298 15
925 1064 15
959 974 15
987 1143 15
999 1345 15
1016 1433 15
1034 1171 15
1060 1246 15
1067 1356 15
1071 1085 15
1112 1247 15
1164 1191 15
1167 1356 15
1169 1209 15
1176 1225 15
1297 1351 15
1325 1362 15
1356 1475 15
3 614 16
8 891 16
11 174 16
26 350 16
30 375 16
51 854 16
62 658 16
66 1154 16
69 1264 16
76 956 16
92 985 16
97 944 16
112 685 16
132 828 16
137 1217 16
137 966 16
142 400 16
155 980 16
182 581 16
190 597 16
193 950 16
214 918 16
227 243 16
261 481 16
282 625 16
318 793 16
347 497 16
357 560 16
370 886 16
373 1454 16
374 580 16
375 842 16
378 1005 16
412 887 16
429 609 16
433 1001 16
447 1444 16
500 667 16
511 1156 16
536 1288 16
538 968 16
542 995 16
576 1040 16
609 950 16
612 907 16
618 1205 16
632 739 16
646 1419 16
664 1287 16
666 1190 16
682 907 16
686 700 16
686 1002 16
695 1467 16
696 1186 16
712 1103 16
714 1385 16
721 1023 16
768 1099 16
773 1471 16
798 885 16
809 847 16
821 1096 16
846 1213 16
887 999 16
889 1205 16
899 1475 16
915 1072 16
916 1290 16
917 1309 16
977 1358 16
981 1300 16
1002 1361 16
1012 1225 16
1070 1414 16
1130 1379 16
1142 1389 16
1151 1357 16
1151 1315 16
1162 1177 16
1284 1310 16
1327 1355 16
0 449 17
23 1459 17
43 385 17
44 483 17
66 223 17
69 343 17
79 746 17
88 170 17
91 842 17
96 572 17
145 943 17
151 1155 17
176 1041 17
185 930 17
193 846 17
196 834 17
204 499 17
205 410 17
223 1001 17
242 1381 17
258 1304 17
312 658 17
349 870 17
366 1266 17
380 849 17
391 1437 17
433 1474 17
449 1405 17
481 570 17
483 777 17
485 517 17
502 1391 17
507 585 17
528 1261 17
577 1343 17
610 1081 17
634 1134 17
666 1419 17
670 1298 17
688 1339 17
703 1433 17
715 992 17
719 1240 17
797 1323 17
822 1468 17
828 892 17
869 1327 17
874 1372 17
897 1107 17
902 943 17
937 1450 17
1005 1149 17
1016 1397 17
1047 1282 17
1106 1163 17
1167 1296 17
1204 1255 17
1248 1394 17
8 207 18
11 233 18
15 728 18
28 1247 18
31 1391 18
33 841 18
42 870 18
111 388 18
121 340 18
123 396 18
148 1119 18
162 331 18
207 322 18
209 1178 18
238 996 18
277 1349 18
279 1033 18
319 1401 18
321 456 18
347 835 18
380 398 18
386 1439 18
408 1152 18
422 879 18
427 749 18
429 1385 18
460 536 18
466 782 18
483 1316 18
499 1394 18
508 1422 18
515 897 18
518 1015 18
521 631 18
563 1123 18
566 1070 18
568 1473 18
575 663 18
585 1223 18
585 841 18
620 723 18
634 1162 18
671 1327 18
684 1176 18
703 1163 18
712 1328 18
718 1030 18
721 1255 18
755 1313 18
761 1346 18
765 1022 18
769 1371 18
784 1465 18
887 979 18
935 1311 18
999 1228 18
1035 1143 18
1068 1279 18
1096 1356 18
1157 1292 18
1166 1479 18
1226 1389 18
1229 1333 18
1412 1422 18
4 1474 19
10 455 19
11 454 19
12 353 19
12 515 19
22 472 19
52 1006 19
56 1467 19
60 1294 19
60 967 19
67 703 19
70 933 19
93 809 19
95 1342 19
111 231 19
119 342 19
125 993 19
147 155 19
147 1338 19
150 265 19
151 1298 19
177 1071 19
211 1317 19
213 1011 19
217 1449 19
235 413 19
242 365 19
250 1236 19
256 1206 19
265 821 19
279 960 19
280 1452 19
282 493 19
284 903 19
286 566 19
287 665 19
300 509 19
308 472 19
314 1368 19
331 924 19
336 903 19
337 995 19
337 405 19
365 1446 19
372 554 19
395 1019 19
399 542 19
402 408 19
411 1381 19
413 648 19
426 571 19
451 477 19
476 681 19
496 718 19
535 604 19
553 624 19
560 1005 19
563 881 19
564 824 19
565 990 19
578 1090 19
580 1079 19
593 860 19
612 1049 19
614 764 19
622 1286 19
637 1416 19
648 1046 19
656 689 19
656 1130 19
657 1141 19
671 848 19
681 727 19
683 1029 19
686 1172 19
694 1295 19
701 1045 19
709 1047 19
734 1151 19
738 1214 19
744 1246 19
747 1059 19
748 1087 19
751 1184 19
770 878 19
779 1359 19
813 1018 19
814 821 19
831 1394 19
832 856 19
835 1109 19
847 947 19
854 1056 19
877 1357 19
880 1085 19
883 990 19
889 1352 19
896 938 19
897 1158 19
906 1319 19
906 1042 19
913 1032 19
928 1262 19
930 1187 19
943 1087 19
952 1102 19
958 1431 19
1004 1377 19
1038 1216 19
1050 1241 19
1125 1428 19
1141 1204 19
1146 1405 19
1149 1397 19
1177 1226 19
1218 1238 19
1252 1385 19
1306 1357 19
1335 1395 19
1337 1381 19
1340 1425 19
1356 1455 19
1363 1435 19
1378 1440 19
1 190 20
11 717 20
12 668 20
20 225 20
20 1448 20
30 641 20
30 739 20
48 615 20
49 209 20
51 692 20
80 678 20
81 1435 20
81 589 20
82 858 20
86 1155 20
87 749 20
90 1125 20
94 588 20
94 1431 20
94 1168 20
98 212 20
106 561 20
112 1299 20
112 435 20
113 1278 20
119 192 20
121 448 20
124 1088 20
133 166 20
134 1387 20
135 254 20
141 592 20
147 730 20
147 1171 20
155 1406 20
162 1307 20
178 511 20
186 828 20
190 826 20
190 934 20
199 942 20
207 417 20
209 858 20
216 756 20
221 626 20
233 261 20
241 487 20
246 465 20
255 415 20
255 602 20
267 437 20
269 1038 20
270 801 20
275 677 20
292 416 20
294 441 20
303 1291 20
312 996 20
318 1087 20
323 1319 20
325 1027 20
330 411 20
343 794 20
343 771 20
355 1183 20
357 609 20
359 1270 20
362 1026 20
366 484 20
374 604 20
375 420 20
414 1188 20
415 1110 20
442 1154 20
444 777 20
447 873 20
463 1267 20
472 759 20
478 965 20
481 1193 20
484 1335 20
486 1110 20
491 622 20
498 1189 20
500 974 20
511 515 20
525 527 20
533 913 20
543 622 20
544 1381 20
553 603 20
560 1121 20
560 1236 20
562 1368 20
566 901 20
567 1271 20
575 855 20
583 1223 20
588 591 20
588 678 20
594 977 20
613 1246 20
614 1400 20
622 962 20
628 1469 20
634 715 20
635 1046 20
643 826 20
649 815 20
650 1442 20
661 1237 20
664 1118 20
684 824 20
686 705 20
695 921 20
710 1156 20
717 1094 20
717 945 20
719 1435 20
734 1469 20
749 1202 20
774 1025 20
782 1019 20
829 1361 20
868 904 20
882 1381 20
889 1179 20
895 990 20
907 1159 20
912 1435 20
914 1165 20
917 1168 20
937 1180 20
950 1237 20
964 1212 20
999 1126 20
1026 1300 20
1036 1339 20
1078 1377 20
1103 1304 20
1107 1399 20
1117 1279 20
1131 1326 20
1148 1182 20
1183 1385 20
1194 1270 20
1200 1275 20
1214 1380 20
1226 1412 20
1236 1254 20
1245 1252 20
1257 1262 20
1272 1275 20
1283 1475 20
1287 1447 20
1310 1378 20
9 1358 21
18 292 21
22 1327 21
26 427 21
39 1172 21
45 1379 21
48 377 21
50 571 21
69 252 21
90 945 21
100 448 21
100 301 21
108 652 21
121 266 21
122 698 21
124 199 21
126 167 21
133 842 21
134 796 21
137 1425 21
145 719 21
153 298 21
154 685 21
157 1294 21
166 899 21
174 774 21
184 1148 21
189 1277 21
193 1407 21
193 517 21
208 590 21
244 1358 21
250 1146 21
263 802 21
263 689 21
267 1170 21
272 998 21
279 537 21
290 1068 21
296 1377 21
301 719 21
311 883 21
318 950 21
327 780 21
329 350 21
330 1111 21
333 443 21
340 886 21
342 1167 21
343 453 21
349 1402 21
370 858 21
371 1029 21
371 585 21
372 486 21
377 923 21
378 478 21
380 1091 21
385 958 21
388 576 21
388 1332 21
390 937 21
394 1129 21
402 838 21
404 535 21
407 812 21
420 1203 21
421 917 21
428 916 21
431 1357 21
434 598 21
435 1091 21
442 664 21
452 1419 21
459 500 21
459 505 21
465 1019 21
468 1429 21
480 1093 21
490 1453 21
493 919 21
495 1010 21
498 778 21
517 886 21
519 1075 21
522 1210 21
523 1266 21
528 665 21
538 764 21
543 1385 21
545 1052 21
548 815 21
550 822 21
558 969 21
559 1112 21
560 652 21
578 1284 21
584 614 21
585 1270 21
588 1460 21
648 901 21
654 1441 21
673 674 21
675 717 21
680 1403 21
681 797 21
683 821 21
685 1035 21
688 1448 21
691 1055 21
694 766 21
699 1073 21
700 1066 21
704 1084 21
708 1372 21
709 976 21
712 1333 21
719 1336 21
721 1474 21
753 949 21
754 829 21
766 892 21
768 1337 21
781 1063 21
788 961 21
811 1454 21
819 1275 21
824 1318 21
830 979 21
837 1114 21
841 1455 21
847 1361 21
869 928 21
880 975 21
881 1266 21
883 1408 21
894 1151 21
956 1427 21
957 1011 21
994 1296 21
1011 1037 21
1017 1394 21
1026 1432 21
1065 1248 21
1072 1109 21
1112 1366 21
1117 1184 21
1127 1275 21
1144 1458 21
1151 1227 21
1162 1431 21
1162 1350 21
1180 1440 21
1193 1443 21
1320 1383 21
1340 1350 21
1346 1400 21
1365 1399 21
1378 1401 21
0 914 22
6 1401 22
8 251 22
22 641 22
31 889 22
35 126 22
47 353 22
50 305 22
54 383 22
59 163 22
73 1090 22
74 1255 22
83 1431 22
83 415 22
91 691 22
92 1231 22
93 186 22
93 860 22
93 1470 22
95 1043 22
96 1446 22
100 1180 22
106 1184 22
117 302 22
119 515 22
121 685 22
126 389 22
132 1216 22
133 892 22
135 1035 22
137 1123 22
138 475 22
140 365 22
154 1458 22
160 1350 22
160 163 22
168 1121 22
178 621 22
182 943 22
183 628 22
185 1128 22
187 500 22
192 1104 22
201 842 22
211 264 22
213 1065 22
216 1302 22
220 639 22
221 281 22
238 1064 22
241 702 22
244 527 22
247 372 22
247 1124 22
248 1056 22
254 1454 22
260 1408 22
267 372 22
272 988 22
284 760 22
287 770 22
294 1319 22
294 472 22
316 1111 22
323 514 22
330 531 22
338 474 22
340 758 22
344 1317 22
344 795 22
346 868 22
346 517 22
351 1251 22
359 1089 22
367 1384 22
370 806 22
382 1469 22
389 765 22
394 1076 22
399 695 22
402 944 22
409 841 22
417 1039 22
422 548 22
427 1467 22
432 1101 22
442 850 22
447 651 22
450 1335 22
468 746 22
472 575 22
486 664 22
489 1055 22
522 900 22
525 814 22
528 790 22
531 747 22
534 562 22
538 1169 22
551 1220 22
576 1064 22
576 579 22
581 778 22
585 907 22
591 610 22
597 1009 22
601 1467 22
602 1396 22
610 813 22
610 1305 22
611 860 22
615 812 22
617 1425 22
628 1119 22
629 709 22
642 1369 22
647 870 22
665 1254 22
671 734 22
674 709 22
675 1424 22
676 1452 22
678 1095 22
686 1008 22
687 1230 22
711 742 22
714 793 22
716 1421 22
742 904 22
747 1258 22
750 751 22
754 1204 22
768 812 22
771 994 22
793 1000 22
802 1231 22
809 1231 22
831 1102 22
834 1221 22
842 1185 22
849 913 22
851 1074 22
868 1468 22
873 1435 22
893 1350 22
895 1149 22
950 959 22
957 1435 22
975 1390 22
981 1094 22
987 1005 22
1019 1288 22
1036 1228 22
1041 1269 22
1062 1228 22
1068 1130 22
1075 1224 22
1078 1216 22
1078 1199 22
1089 1355 22
1102 1110 22
1105 1394 22
1120 1416 22
1125 1128 22
1130 1189 22
1142 1351 22
1146 1472 22
1157 1236 22
1161 1365 22
1182 1291 22
1313 1363 22
1419 1428 22
1 706 23
3 567 23
5 602 23
22 536 23
36 499 23
36 693 23
44 45 23
47 1084 23
50 338 23
53 954 23
56 552 23
58 195 23
70 928 23
88 1202 23
91 371 23
95 253 23
95 485 23
97 373 23
103 1203 23
104 952 23
112 157 23
114 983 23
116 698 23
128 1057 23
129 1161 23
138 925 23
141 240 23
141 146 23
146 872 23
146 482 23
155 656 23
157 1056 23
157 940 23
162 373 23
166 1329 23
167 1437 23
169 1194 23
176 894 23
188 1097 23
194 738 23
194 797 23
200 844 23
200 222 23
204 610 23
205 841 23
208 936 23
222 294 23
228 770 23
238 418 23
241 1196 23
250 663 23
256 613 23
266 1329 23
267 796 23
278 1196 23
298 747 23
303 448 23
304 1136 23
305 1292 23
305 1237 23
306 819 23
313 1389 23
317 331 23
321 699 23
337 767 23
340 1111 23
341 1412 23
346 691 23
348 486 23
348 1086 23
352 960 23
353 466 23
353 1451 23
376 622 23
380 381 23
397 415 23
400 702 23
422 1370 23
426 700 23
427 702 23
438 532 23
447 720 23
447 1235 23
448 736 23
449 639 23
450 927 23
450 463 23
462 1008 23
466 515 23
482 804 23
492 1325 23
505 579 23
511 578 23
517 520 23
519 597 23
559 738 23
570 1132 23
592 790 23
597 649 23
624 1044 23
627 936 23
635 872 23
640 1419 23
661 1222 23
674 1450 23
676 1393 23
685 1077 23
685 1220 23
697 803 23
699 1137 23
706 1383 23
706 874 23
729 886 23
761 1049 23
778 943 23
784 1075 23
784 1175 23
803 1292 23
809 999 23
816 1168 23
834 1086 23
834 1107 23
840 1299 23
844 1356 23
862 1314 23
865 1046 23
873 904 23
874 1089 23
876 1199 23
884 1336 23
908 999 23
948 949 23
956 1368 23
963 1420 23
965 1351 23
976 1389 23
993 1400 23
1013 1150 23
1070 1091 23
1080 1348 23
1093 1423 23
1108 1256 23
1140 1415 23
1144 1396 23
1162 1315 23
1213 1228 23
1220 1351 23
1234 1434 23
1354 1369 23
1389 1455 23
1459 1460 23
24 225 24
41 551 24
45 1070 24
51 1225 24
52 185 24
53 1457 24
76 869 24
94 1436 24
104 213 24
113 603 24
126 468 24
129 995 24
139 1140 24
156 806 24
165 1367 24
195 608 24
196 634 24
199 739 24
201 352 24
216 500 24
218 586 24
229 1036 24
235 1437 24
246 881 24
248 444 24
271 1401 24
292 766 24
301 1118 24
313 1125 24
316 750 24
328 785 24
339 521 24
357 1268 24
382 695 24
398 655 24
410 1032 24
440 680 24
441 755 24
454 1118 24
454 1046 24
484 1422 24
485 1386 24
494 1113 24
502 701 24
520 625 24
625 1267 24
634 1212 24
661 1420 24
673 1434 24
680 787 24
692 1063 24
707 1364 24
718 1016 24
722 1205 24
753 777 24
784 864 24
806 836 24
850 1063 24
867 1061 24
878 1327 24
880 1048 24
882 1020 24
932 1182 24
1009 1112 24
1049 1402 24
1091 1425 24
1125 1450 24
1192 1374 24
9 897 25
14 883 25
34 980 25
72 527 25
72 1465 25
77 956 25
77 1138 25
80 1406 25
86 524 25
88 689 25
90 548 25
93 460 25
109 1080 25
126 1448 25
142 236 25
165 660 25
182 501 25
185 1374 25
188 1140 25
197 901 25
202 1279 25
205 849 25
221 666 25
224 255 25
226 638 25
232 783 25
252 811 25
255 1047 25
260 1406 25
278 1357 25
283 868 25
301 497 25
311 1364 25
320 501 25
333 1352 25
337 974 25
340 595 25
346 608 25
363 450 25
369 1086 25
370 1209 25
381 1343 25
391 886 25
391 688 25
432 1098 25
435 1420 25
465 685 25
475 1206 25
506 835 25
533 1168 25
534 1255 25
536 1118 25
547 1258 25
565 1117 25
571 1215 25
575 652 25
577 965 25
590 1386 25
603 633 25
609 1341 25
616 1474 25
625 1070 25
630 994 25
645 1037 25
679 1393 25
690 1063 25
715 1148 25
724 1344 25
756 779 25
769 1245 25
855 1316 25
855 1206 25
926 1088 25
929 1412 25
932 1132 25
966 1146 25
1032 1325 25
1117 1310 25
1127 1434 25
1162 1258 25
1173 1301 25
1219 1266 25
1244 1443 25
1336 1414 25
16 485 26
18 1446 26
23 1100 26
29 1444 26
33 695 26
83 1284 26
86 800 26
96 947 26
99 442 26
102 111 26
103 660 26
113 796 26
126 348 26
126 1146 26
132 994 26
132 1179 26
135 660 26
150 877 26
174 234 26
175 978 26
181 263 26
191 434 26
228 257 26
240 373 26
254 1187 26
270 1461 26
272 835 26
337 1332 26
339 600 26
350 975 26
353 1225 26
356 1144 26
368 1010 26
407 1419 26
412 896 26
419 627 26
454 929 26
474 895 26
477 561 26
494 880 26
496 927 26
532 1239 26
543 586 26
552 957 26
557 1085 26
568 928 26
590 790 26
593 917 26
597 1262 26
601 904 26
624 825 26
632 767 26
637 865 26
643 1336 26
647 979 26
651 939 26
657 1110 26
670 1382 26
680 1443 26
737 800 26
752 1137 26
761 1306 26
804 811 26
845 1451 26
849 1061 26
857 955 26
870 1244 26
879 1291 26
897 1093 26
904 1392 26
919 1324 26
955 1433 26
1217 1460 26
1220 1264 26
1258 1314 26
1318 1473 26
1349 1417 26
49 585 27
53 422 27
62 600 27
91 848 27
95 298 27
97 1337 27
103 934 27
113 1241 27
120 1448 27
128 741 27
157 682 27
163 1449 27
176 1288 27
183 746 27
191 218 27
205 553 27
231 851 27
234 268 27
251 856 27
258 430 27
322 1286 27
322 414 27
333 1375 27
344 1108 27
347 1332 27
357 479 27
358 1194 27
393 908 27
399 1216 27
405 1427 27
406 1086 27
438 768 27
487 1427 27
495 866 27
505 1211 27
516 1187 27
547 792 27
558 1367 27
583 1173 27
593 899 27
602 1250 27
619 772 27
620 661 27
634 1422 27
640 1293 27
641 1189 27
674 972 27
683 978 27
691 698 27
708 1244 27
755 928 27
769 1396 27
812 1286 27
846 1358 27
847 1289 27
894 1266 27
919 1120 27
925 1164 27
945 1297 27
958 1379 27
959 1038 27
1032 1275 27
1066 1130 27
1072 1194 27
1166 1432 27
1190 1386 27
1244 1274 27
9 1263 28
27 803 28
68 330 28
138 1231 28
146 1042 28
186 1314 28
254 588 28
275 925 28
275 1120 28
348 463 28
356 810 28
393 665 28
400 1125 28
401 596 28
402 1194 28
458 1479 28
461 1006 28
473 981 28
473 592 28
474 960 28
502 898 28
534 1329 28
544 852 28
591 869 28
601 1381 28
617 1028 28
645 1127 28
661 1100 28
667 1443 28
693 873 28
758 872 28
766 1412 28
775 1264 28
776 1012 28
870 1151 28
884 1473 28
891 1115 28
894 1080 28
898 899 28
921 930 28
955 1216 28
960 1466 28
1017 1129 28
1035 1146 28
1051 1400 28
1217 1252 28
59 757 29
61 266 29
121 564 29
123 793 29
165 1181 29
210 939 29
222 1422 29
262 653 29
362 396 29
403 660 29
457 961 29
511 711 29
547 1452 29
562 1159 29
637 745 29
680 959 29
718 810 29
737 1400 29
740 869 29
893 1200 29
975 1253 29
2 284 30
30 852 30
41 945 30
50 1256 30
120 1111 30
131 931 30
203 355 30
328 369 30
387 1248 30
480 1069 30
647 1470 30
736 937 30
903 1342 30
988 1239 30
989 1216 30
1097 1421 30
1250 1358 30
85 666 31
225 724 31
447 1407 31
683 1293 31
1021 1349 31
504 1152 32
705 1063 32
78 1305 33
660 1104 33
184 670 35
382 535 35
586 1152 35
926 1310 35
954 975 35
1026 1205 35
118 961 36
539 669 37
134 1450 39
222 1473 39
281 502 39
354 1159 39
480 980 39
882 999 39
18 396 40
21 628 40
184 318 40
198 733 40
223 849 40
266 895 40
354 676 40
368 970 40
479 802 40
500 1129 40
554 729 40
615 1015 40
622 996 40
669 1360 40
880 906 40
936 1465 40
973 1362 40
1028 1308 40
15 409 41
16 1467 41
19 360 41
22 443 41
35 1043 41
35 1233 41
36 1262 41
41 695 41
43 493 41
44 1221 41
67 1199 41
69 718 41
76 566 41
87 1317 41
88 745 41
88 91 41
93 711 41
104 204 41
110 203 41
110 940 41
132 407 41
146 676 41
174 696 41
178 1030 41
179 1230 41
179 1055 41
180 203 41
191 422 41
193 784 41
204 1221 41
214 881 41
214 1448 41
217 901 41
223 1406 41
242 1251 41
251 753 41
253 495 41
263 1329 41
287 1040 41
320 699 41
324 517 41
347 561 41
355 911 41
399 654 41
402 563 41
446 485 41
460 987 41
473 1088 41
474 1066 41
479 1090 41
480 821 41
506 831 41
521 726 41
523 687 41
545 553 41
565 1365 41
585 932 41
622 651 41
628 1408 41
629 879 41
638 1384 41
653 1380 41
653 1334 41
653 1278 41
658 1241 41
662 787 41
668 1091 41
710 1114 41
722 752 41
749 1412 41
755 1436 41
761 923 41
763 1402 41
841 1225 41
847 1217 41
881 1241 41
912 1445 41
915 1200 41
927 1014 41
931 936 41
937 1454 41
953 1025 41
979 982 41
1065 1462 41
1095 1418 41
1147 1254 41
1189 1226 41
1294 1432 41
1333 1421 41
1439 1448 41
5 369 42
15 1388 42
27 407 42
30 1005 42
31 1256 42
63 1424 42
83 998 42
84 358 42
95 896 42
101 229 42
101 1241 42
117 201 42
122 773 42
134 1468 42
141 1004 42
154 1450 42
159 1354 42
160 510 42
163 715 42
167 673 42
172 1047 42
193 1119 42
244 492 42
246 792 42
246 255 42
252 1264 42
263 268 42
270 675 42
271 726 42
278 1098 42
281 640 42
284 1294 42
292 347 42
309 591 42
347 1075 42
352 1370 42
353 1401 42
355 1361 42
368 474 42
377 714 42
378 536 42
378 889 42
379 713 42
395 491 42
419 657 42
421 645 42
425 601 42
435 990 42
441 1238 42
454 1076 42
465 1039 42
472 1194 42
476 996 42
485 901 42
488 1056 42
513 821 42
516 942 42
541 694 42
548 748 42
562 740 42
566 1314 42
586 676 42
587 1286 42
590 621 42
615 905 42
637 746 42
637 717 42
651 1361 42
660 710 42
668 1180 42
700 795 42
721 1107 42
729 1090 42
734 1065 42
770 1228 42
779 1115 42
792 978 42
794 1100 42
801 1144 42
805 1163 42
818 1010 42
818 1385 42
839 1083 42
846 1398 42
867 1138 42
873 1436 42
876 1438 42
884 1146 42
893 1159 42
907 981 42
907 1320 42
919 1025 42
943 947 42
956 1342 42
968 985 42
1023 1075 42
1030 1284 42
1066 1203 42
1080 1304 42
1136 1296 42
1246 1410 42
1287 1342 42
1446 1461 42
3 1438 43
17 849 43
19 907 43
22 420 43
24 505 43
25 95 43
26 994 43
30 90 43
32 165 43
35 1198 43
37 630 43
45 478 43
45 1048 43
47 50 43
50 445 43
51 197 43
52 1037 43
54 479 43
75 1128 43
82 996 43
84 94 43
85 1466 43
86 148 43
88 522 43
89 611 43
92 1444 43
93 547 43
95 514 43
99 785 43
103 1383 43
110 472 43
113 1035 43
115 1119 43
116 399 43
120 1439 43
144 990 43
147 876 43
156 1479 43
163 587 43
164 1140 43
183 870 43
187 1107 43
190 1397 43
212 821 43
214 475 43
215 1440 43
217 709 43
220 417 43
227 249 43
228 1041 43
235 237 43
237 650 43
249 1128 43
255 570 43
269 766 43
269 1278 43
278 503 43
280 1377 43
289 847 43
291 1127 43
292 894 43
293 469 43
298 752 43
301 895 43
309 1309 43
309 758 43
316 1149 43
328 897 43
335 1124 43
342 735 43
343 1080 43
346 437 43
346 402 43
354 371 43
363 1087 43
367 1454 43
395 1013 43
396 886 43
402 1003 43
414 977 43
415 884 43
416 1399 43
416 1323 43
418 1419 43
421 502 43
423 605 43
429 452 43
430 1289 43
436 791 43
453 905 43
454 608 43
456 804 43
466 672 43
477 1230 43
501 955 43
503 1193 43
506 706 43
518 1065 43
522 765 43
526 1076 43
535 848 43
538 610 43
544 1151 43
551 948 43
551 721 43
577 803 43
587 656 43
590 1069 43
593 945 43
594 953 43
607 1058 43
614 696 43
614 1006 43
630 967 43
632 952 43
640 900 43
650 782 43
652 1178 43
656 829 43
669 953 43
675 926 43
681 728 43
688 1325 43
694 1275 43
700 901 43
702 1033 43
718 1388 43
723 949 43
727 1464 43
734 789 43
744 1004 43
747 1013 43
749 1011 43
749 1235 43
755 1156 43
760 862 43
763 1411 43
765 1270 43
769 1314 43
782 1098 43
784 1241 43
791 898 43
794 1346 43
812 1446 43
814 993 43
835 1037 43
851 1360 43
859 913 43
870 1473 43
880 1099 43
890 1182 43
892 1416 43
903 927 43
913 1334 43
919 1095 43
921 1424 43
935 1373 43
962 1154 43
965 1092 43
978 1174 43
1017 1153 43
1017 1061 43
1027 1455 43
1032 1460 43
1033 1061 43
1038 1219 43
1042 1089 43
1049 1346 43
1058 1271 43
1059 1178 43
1068 1258 43
1078 1440 43
1080 1135 43
1089 1221 43
1124 1292 43
1127 1154 43
1133 1315 43
1142 1273 43
1153 1279 43
1157 1419 43
1185 1300 43
1197 1256 43
1199 1260 43
1225 1247 43
1236 1239 43
1290 1450 43
1440 1445 43
17 780 44
24 653 44
53 1455 44
178 1062 44
188 670 44
189 1007 44
224 804 44
251 1341 44
258 1079 44
304 900 44
306 1397 44
320 1247 44
322 1092 44
356 962 44
379 1358 44
402 1205 44
403 1205 44
438 1044 44
455 1010 44
532 608 44
542 1352 44
576 986 44
582 1263 44
655 1421 44
709 939 44
721 1183 44
758 1076 44
772 936 44
778 870 44
812 1243 44
937 1051 44
1004 1439 44
1007 1201 44
1037 1237 44
1113 1215 44
1156 1244 44
1189 1292 44
1189 1385 44
4 529 45
5 594 45
9 1209 45
10 1156 45
18 386 45
33 672 45
38 1150 45
43 567 45
50 1176 45
57 1286 45
57 1376 45
62 1150 45
62 1478 45
68 491 45
74 287 45
75 190 45
81 1366 45
86 284 45
97 243 45
102 441 45
105 744 45
121 440 45
126 713 45
138 185 45
138 408 45
142 1364 45
148 1399 45
148 633 45
159 609 45
160 1342 45
162 816 45
166 935 45
177 1053 45
180 1366 45
181 1227 45
184 815 45
184 1393 45
193 616 45
193 578 45
196 656 45
201 749 45
202 754 45
206 438 45
206 1464 45
228 1067 45
243 380 45
248 987 45
255 940 45
260 1226 45
267 1106 45
268 1138 45
269 868 45
276 867 45
287 1137 45
289 431 45
312 912 45
326 1352 45
335 1250 45
367 575 45
367 872 45
370 1236 45
381 1242 45
395 926 45
398 685 45
399 859 45
413 682 45
425 1258 45
437 708 45
447 710 45
482 612 45
487 842 45
490 1310 45
491 818 45
496 1315 45
506 821 45
510 1331 45
510 691 45
520 725 45
522 787 45
539 1334 45
546 654 45
556 853 45
556 1417 45
573 1264 45
574 757 45
590 1042 45
601 850 45
602 1144 45
617 1453 45
619 1095 45
627 1299 45
631 710 45
632 1261 45
636 1419 45
636 1009 45
642 1439 45
668 1323 45
671 734 45
679 726 45
689 1420 45
691 1056 45
698 1005 45
699 1473 45
707 1079 45
709 1445 45
735 1201 45
742 1004 45
750 957 45
752 957 45
776 1081 45
784 1178 45
784 789 45
803 936 45
805 905 45
807 1175 45
832 941 45
858 884 45
892 1014 45
923 1242 45
946 1197 45
964 1428 45
971 1001 45
984 1300 45
1006 1094 45
1009 1352 45
1016 1417 45
1043 1267 45
1046 1151 45
1051 1199 45
1054 1109 45
1087 1256 45
1155 1183 45
1229 1335 45
1230 1296 45
1246 1455 45
1302 1418 45
1332 1435 45
1406 1449 45
2 51 46
6 318 46
17 1071 46
19 229 46
29 194 46
30 867 46
31 986 46
35 546 46
35 758 46
39 1003 46
41 1012 46
53 505 46
56 246 46
59 858 46
67 156 46
70 196 46
73 777 46
74 161 46
75 683 46
80 1365 46
81 137 46
92 1153 46
94 938 46
97 637 46
98 646 46
102 993 46
102 494 46
109 128 46
112 999 46
116 1196 46
118 1385 46
120 638 46
120 421 46
121 845 46
134 587 46
141 992 46
149 989 46
154 536 46
159 1129 46
163 436 46
163 373 46
167 259 46
167 547 46
174 1427 46
177 369 46
182 1386 46
187 1328 46
193 892 46
198 301 46
207 1045 46
225 844 46
231 784 46
242 775 46
249 1272 46
254 1189 46
260 690 46
261 1138 46
261 696 46
281 1233 46
296 1418 46
316 915 46
322 783 46
325 657 46
331 733 46
334 954 46
336 411 46
342 769 46
350 592 46
354 1453 46
359 1198 46
368 1075 46
368 657 46
374 1092 46
378 1237 46
379 800 46
397 443 46
400 460 46
405 1101 46
408 1146 46
410 931 46
412 513 46
416 842 46
418 461 46
422 1470 46
423 684 46
426 492 46
430 937 46
431 1265 46
445 903 46
457 1221 46
463 481 46
469 1326 46
479 951 46
491 1281 46
501 968 46
524 915 46
530 1446 46
548 1123 46
564 1223 46
574 741 46
581 1142 46
599 960 46
600 808 46
602 1253 46
604 960 46
604 645 46
609 1404 46
614 1379 46
627 942 46
656 913 46
659 1022 46
718 1409 46
783 1419 46
784 1284 46
804 1356 46
813 1057 46
822 1287 46
851 1003 46
851 1288 46
861 1217 46
876 1439 46
876 1120 46
880 939 46
888 1245 46
891 1409 46
933 1128 46
951 1397 46
952 1344 46
1004 1316 46
1026 1122 46
1066 1127 46
1106 1373 46
1117 1121 46
1118 1342 46
1132 1307 46
1151 1389 46
1176 1301 46
1184 1194 46
1206 1331 46
1224 1260 46
1278 1300 46
1278 1342 46
1321 1322 46
1337 1359 46
10 891 47
13 1288 47
14 428 47
15 584 47
15 1206 47
16 783 47
16 381 47
35 276 47
37 1096 47
48 977 47
54 671 47
64 831 47
74 1319 47
78 913 47
83 1096 47
90 554 47
91 1247 47
93 899 47
94 607 47
100 765 47
108 281 47
113 982 47
129 537 47
160 405 47
160 254 47
167 795 47
187 1007 47
190 1073 47
201 1393 47
205 1137 47
216 749 47
220 293 47
241 763 47
245 1117 47
246 1395 47
274 1313 47
276 428 47
280 1243 47
286 1343 47
289 1234 47
298 826 47
312 794 47
322 330 47
343 642 47
373 936 47
379 1259 47
386 640 47
405 1461 47
410 501 47
432 783 47
435 791 47
442 1219 47
446 937 47
457 861 47
471 784 47
476 988 47
484 1448 47
508 511 47
523 869 47
539 1439 47
547 960 47
555 876 47
565 1293 47
570 875 47
576 746 47
583 1218 47
589 1310 47
595 922 47
623 1020 47
630 1256 47
646 687 47
667 1332 47
669 1400 47
673 1218 47
681 852 47
694 1022 47
697 851 47
705 1162 47
717 1366 47
729 1131 47
731 1078 47
736 1437 47
737 780 47
746 1454 47
754 1043 47
769 1256 47
785 1252 47
790 906 47
792 1108 47
794 1253 47
799 1048 47
800 1407 47
813 1405 47
826 1443 47
828 1249 47
842 1093 47
868 1238 47
992 1016 47
1030 1406 47
1047 1395 47
1060 1274 47
1346 1476 47
1348 1360 47
1389 1474 47
1 1447 48
1 1103 48
6 576 48
7 963 48
10 1237 48
48 516 48
50 525 48
68 1022 48
71 928 48
80 624 48
88 204 48
95 905 48
109 466 48
114 878 48
114 1044 48
123 1363 48
131 291 48
146 709 48
156 1247 48
170 836 48
174 692 48
210 482 48
220 1056 48
220 822 48
224 1395 48
253 321 48
258 1331 48
260 1311 48
276 1241 48
280 884 48
281 1010 48
287 1351 48
290 688 48
308 1279 48
323 1040 48
331 1021 48
333 570 48
372 380 48
381 724 48
381 389 48
384 1456 48
400 504 48
402 1110 48
420 421 48
429 932 48
436 1213 48
441 760 48
441 1410 48
443 742 48
457 677 48
489 813 48
520 908 48
522 688 48
546 862 48
556 1273 48
569 977 48
582 1144 48
582 1459 48
592 659 48
617 1010 48
629 1105 48
629 969 48
631 945 48
646 1355 48
660 1233 48
674 938 48
676 686 48
677 1396 48
682 944 48
700 1131 48
714 720 48
723 1037 48
725 1194 48
745 1004 48
758 871 48
759 877 48
778 1091 48
780 874 48
803 1167 48
814 1283 48
838 1233 48
852 1048 48
856 1116 48
871 1099 48
899 1201 48
910 999 48
912 1237 48
922 1037 48
926 1034 48
966 1329 48
1055 1056 48
1057 1386 48
1065 1390 48
1070 1169 48
1085 1142 48
1133 1172 48
1160 1167 48
1219 1343 48
1280 1422 48
1328 1352 48
40 859 49
98 783 49
110 673 49
126 985 49
150 201 49
173 1019 49
264 503 49
333 340 49
417 1449 49
615 1239 49
681 1169 49
712 1078 49
773 1255 49
817 1104 49
981 1241 49
984 1007 49
1043 1074 49
1227 1426 49
1237 1295 49
2 272 50
28 1086 50
48 1409 50
54 195 50
57 849 50
74 744 50
76 84 50
108 1168 50
118 240 50
121 700 50
127 374 50
133 495 50
165 889 50
172 579 50
192 901 50
218 1406 50
219 969 50
225 535 50
227 1334 50
241 1428 50
252 1184 50
263 1410 50
278 1356 50
285 939 50
288 1268 50
289 893 50
311 690 50
332 1090 50
342 858 50
347 579 50
354 992 50
379 1380 50
382 1456 50
383 687 50
393 549 50
394 713 50
410 422 50
476 1185 50
476 665 50
478 521 50
499 1237 50
519 743 50
528 728 50
560 683 50
568 614 50
620 1075 50
632 1026 50
633 1384 50
639 1145 50
659 701 50
694 816 50
717 1367 50
742 873 50
757 931 50
763 1167 50
856 1426 50
875 1072 50
876 929 50
918 1322 50
950 1393 50
961 1365 50
962 1253 50
981 1445 50
986 1453 50
992 1075 50
1026 1347 50
1155 1247 50
1171 1222 50
16 1362 51
29 231 51
30 935 51
33 348 51
66 1436 51
66 909 51
67 1095 51
71 1434 51
73 1160 51
79 924 51
80 1433 51
84 527 51
85 942 51
88 1473 51
88 1442 51
112 406 51
144 578 51
146 192 51
150 1114 51
168 839 51
205 681 51
210 295 51
242 251 51
283 294 51
305 1092 51
312 1160 51
341 460 51
341 819 51
347 841 51
359 493 51
365 551 51
366 1374 51
377 720 51
388 1113 51
402 519 51
439 871 51
461 1203 51
494 1145 51
524 1062 51
559 1277 51
605 630 51
606 1324 51
606 1021 51
615 1117 51
616 1189 51
627 933 51
655 1217 51
667 1373 51
684 883 51
687 876 51
700 855 51
739 1010 51
750 1373 51
755 1363 51
804 865 51
821 1098 51
931 1215 51
946 1332 51
958 1216 51
960 1237 51
1040 1342 51
1132 1362 51
1164 1475 51
1188 1233 51
1201 1402 51
1221 1224 51
1333 1423 51
1359 1412 51
1410 1471 51
1421 1453 51
0 278 52
25 572 52
161 1238 52
179 661 52
180 268 52
183 266 52
259 1000 52
279 754 52
288 649 52
294 1142 52
305 791 52
363 439 52
379 896 52
389 896 52
394 657 52
457 1110 52
462 1368 52
491 1087 52
691 771 52
740 889 52
752 930 52
755 1060 52
817 1431 52
837 1187 52
866 1231 52
924 1132 52
1150 1389 52
1170 1206 52
1215 1224 52
1250 1336 52
46 439 53
59 1404 53
64 799 53
127 1006 53
129 1007 53
139 1046 53
186 606 53
192 1125 53
195 263 53
212 460 53
236 439 53
257 390 53
263 457 53
317 875 53
336 1055 53
407 772 53
429 1249 53
438 1373 53
548 655 53
555 1202 53
558 1081 53
562 665 53
623 967 53
641 1076 53
860 877 53
957 965 53
971 979 53
1085 1091 53
1121 1208 53
1361 1447 53
1387 1421 53
12 755 54
19 1275 54
21 340 54
81 246 54
93 611 54
111 727 54
114 798 54
132 1456 54
134 468 54
159 929 54
218 343 54
221 799 54
228 826 54
234 486 54
237 883 54
325 385 54
331 964 54
338 1268 54
340 1107 54
345 719 54
365 1473 54
375 780 54
378 1280 54
389 1330 54
389 979 54
408 1459 54
415 881 54
428 527 54
442 1336 54
452 1006 54
470 1081 54
487 1182 54
495 961 54
537 1067 54
544 1160 54
555 1236 54
576 784 54
606 833 54
624 898 54
634 1208 54
656 1476 54
664 699 54
760 1179 54
766 1061 54
768 1441 54
793 1211 54
805 1288 54
810 830 54
827 999 54
856 1070 54
1048 1238 54
1119 1412 54
8 826 55
10 1439 55
15 449 55
43 272 55
65 1141 55
79 1088 55
79 219 55
94 144 55
98 888 55
101 756 55
102 537 55
108 306 55
115 118 55
115 835 55
117 1271 55
118 1048 55
120 973 55
121 1078 55
122 231 55
125 533 55
143 267 55
160 684 55
165 493 55
169 863 55
173 536 55
184 897 55
188 987 55
203 1292 55
215 254 55
216 662 55
218 1362 55
222 804 55
236 1178 55
258 1146 55
264 285 55
282 1449 55
285 1359 55
287 812 55
301 1137 55
304 407 55
314 391 55
315 1241 55
321 1465 55
323 645 55
323 494 55
332 350 55
347 533 55
354 1320 55
355 1084 55
365 1173 55
373 680 55
386 516 55
391 536 55
398 1374 55
400 537 55
407 1214 55
428 983 55
433 1206 55
446 1225 55
449 1335 55
464 713 55
486 1005 55
487 1279 55
503 916 55
518 1017 55
522 1139 55
523 1191 55
530 1466 55
573 1003 55
582 1102 55
587 934 55
589 1138 55
621 1189 55
632 1253 55
637 1260 55
653 685 55
659 677 55
661 1165 55
676 949 55
726 1303 55
740 1294 55
828 1130 55
831 871 55
841 1107 55
843 901 55
843 1177 55
889 1085 55
911 938 55
913 1409 55
930 1411 55
987 1306 55
1027 1294 55
1044 1436 55
1088 1094 55
1114 1208 55
1158 1193 55
1189 1368 55
1245 1383 55
1288 1318 55
1343 1421 55
4 151 56
10 1378 56
18 1016 56
27 717 56
28 520 56
29 296 56
49 682 56
92 568 56
98 538 56
100 762 56
107 699 56
158 219 56
163 180 56
164 1068 56
164 298 56
175 234 56
177 1022 56
180 997 56
183 923 56
195 226 56
208 1269 56
248 561 56
248 457 56
251 668 56
259 755 56
263 1081 56
271 1296 56
278 1228 56
281 484 56
291 1005 56
312 1108 56
332 905 56
350 995 56
354 1288 56
365 1386 56
374 1392 56
384 537 56
386 817 56
399 611 56
404 682 56
405 807 56
407 665 56
411 1388 56
419 583 56
424 1149 56
438 1166 56
468 776 56
477 984 56
483 851 56
502 516 56
502 733 56
508 538 56
511 976 56
515 1266 56
516 1477 56
539 1435 56
558 1099 56
577 1191 56
584 782 56
607 760 56
609 1248 56
633 1218 56
643 1196 56
650 1125 56
656 914 56
659 765 56
672 1094 56
675 1001 56
697 1229 56
700 1165 56
747 1460 56
748 1453 56
772 1290 56
773 821 56
782 1099 56
788 1268 56
831 1180 56
863 1183 56
892 1375 56
902 1334 56
909 1251 56
926 944 56
932 1036 56
939 1479 56
951 1141 56
952 1208 56
1007 1045 56
1022 1415 56
1044 1337 56
1045 1392 56
1065 1464 56
1086 1469 56
1112 1114 56
1148 1386 56
1158 1296 56
1197 1373 56
1199 1382 56
1245 1354 56
1247 1337 56
1302 1322 56
1342 1377 56
1358 1385 56
3 1079 57
7 153 57
9 811 57
11 943 57
41 1026 57
45 985 57
54 1431 57
57 185 57
57 1114 57
68 183 57
74 174 57
79 270 57
87 982 57
88 310 57
96 235 57
105 274 57
113 239 57
114 307 57
115 188 57
117 1380 57
125 1362 57
139 1458 57
142 1357 57
164 477 57
171 224 57
174 1017 57
198 372 57
203 378 57
212 916 57
219 413 57
229 401 57
229 241 57
236 478 57
237 486 57
252 685 57
257 1002 57
264 899 57
266 846 57
269 1084 57
273 1186 57
306 1254 57
312 467 57
317 1243 57
319 814 57
320 473 57
327 684 57
344 1445 57
352 1050 57
358 658 57
362 1107 57
368 1472 57
389 577 57
390 806 57
396 398 57
396 1471 57
402 803 57
421 535 57
423 1296 57
429 901 57
436 878 57
438 1280 57
444 753 57
457 1182 57
465 1389 57
494 1033 57
527 1277 57
535 924 57
547 1249 57
550 1220 57
551 1113 57
555 988 57
558 1318 57
563 872 57
586 1086 57
593 1324 57
595 697 57
596 1431 57
605 1195 57
617 793 57
617 973 57
653 851 57
670 1001 57
688 1050 57
705 1177 57
740 1029 57
759 1290 57
763 1161 57
847 1476 57
855 935 57
857 1414 57
903 935 57
940 1186 57
947 1240 57
950 1179 57
954 1376 57
960 1445 57
986 1200 57
988 1450 57
1033 1306 57
1041 1243 57
1041 1119 57
1045 1159 57
1085 1416 57
1091 1383 57
1095 1255 57
1097 1160 57
1101 1353 57
1160 1334 57
1161 1246 57
1223 1226 57
1234 1317 57
1234 1316 57
1255 1404 57
1280 1308 57
1358 1460 57
1383 1409 57
3 192 58
22 919 58
63 229 58
68 545 58
75 1036 58
84 166 58
86 522 58
87 676 58
106 1023 58
111 832 58
115 375 58
117 778 58
133 743 58
159 791 58
164 691 58
178 321 58
211 908 58
212 408 58
213 656 58
218 663 58
230 1315 58
249 1269 58
254 897 58
256 482 58
276 1083 58
289 528 58
292 882 58
293 1059 58
318 781 58
322 586 58
328 690 58
329 1317 58
335 799 58
336 1121 58
348 1215 58
348 627 58
348 1362 58
355 973 58
359 768 58
359 455 58
368 830 58
389 840 58
392 680 58
395 1405 58
445 631 58
452 1323 58
463 892 58
497 542 58
524 1170 58
525 1331 58
530 1280 58
541 819 58
545 858 58
560 983 58
581 868 58
596 820 58
606 947 58
615 1177 58
635 642 58
636 767 58
640 1185 58
647 1035 58
650 1051 58
663 908 58
687 815 58
696 1307 58
728 1000 58
731 1397 58
734 1425 58
746 1135 58
754 1269 58
757 1206 58
760 935 58
780 1342 58
796 1029 58
838 1176 58
858 1274 58
884 951 58
891 997 58
930 1242 58
958 1091 58
976 1144 58
984 1234 58
1022 1342 58
1024 1300 58
1041 1420 58
1063 1275 58
1099 1402 58
1122 1372 58
1203 1387 58
1236 1423 58
1403 1476 58
1411 1470 58
25 1259 59
26 696 59
43 961 59
46 591 59
55 592 59
60 805 59
68 262 59
78 804 59
82 237 59
91 371 59
106 212 59
152 303 59
155 1128 59
161 578 59
162 718 59
164 680 59
164 828 59
171 1213 59
178 843 59
185 994 59
186 568 59
196 199 59
222 1164 59
227 540 59
230 1470 59
243 247 59
256 827 59
262 1107 59
268 269 59
283 881 59
287 535 59
316 844 59
321 357 59
325 819 59
333 989 59
345 577 59
360 1112 59
361 1451 59
372 803 59
382 480 59
386 1414 59
388 666 59
397 424 59
414 1137 59
451 815 59
455 973 59
458 1102 59
539 784 59
578 941 59
615 999 59
663 871 59
707 1015 59
724 745 59
752 860 59
770 1016 59
788 1314 59
800 1473 59
889 1373 59
958 1447 59
1137 1453 59
1189 1216 59
1214 1402 59
6 1001 60
11 148 60
25 1023 60
29 1057 60
45 710 60
77 1392 60
100 543 60
129 892 60
132 999 60
136 139 60
145 902 60
165 661 60
167 721 60
279 854 60
293 567 60
317 381 60
332 598 60
350 825 60
351 1468 60
361 848 60
449 516 60
482 1443 60
567 1001 60
653 851 60
674 810 60
800 951 60
960 1334 60
1063 1179 60
1207 1270 60
