9 307 0
11 34 0
16 1073 0
27 1265 0
32 438 0
48 1175 0
52 1291 0
57 58 0
57 322 0
68 148 0
68 1107 0
82 1210 0
86 250 0
86 286 0
101 791 0
105 141 0
107 705 0
125 1059 0
130 1294 0
133 925 0
143 1450 0
150 894 0
164 676 0
166 944 0
177 808 0
181 1045 0
183 532 0
188 689 0
189 413 0
198 314 0
209 888 0
216 294 0
219 680 0
220 457 0
236 264 0
239 1003 0
255 629 0
257 1092 0
258 1196 0
268 1012 0
272 1267 0
288 369 0
331 1137 0
343 710 0
345 696 0
363 966 0
367 677 0
382 1128 0
385 421 0
387 1180 0
419 578 0
427 1063 0
463 733 0
480 844 0
483 576 0
494 1349 0
518 1070 0
524 672 0
533 1348 0
544 1290 0
547 1037 0
548 894 0
549 706 0
564 1030 0
565 1390 0
578 1361 0
580 870 0
582 793 0
587 704 0
590 1198 0
592 1069 0
622 1252 0
628 1179 0
641 960 0
662 1010 0
686 724 0
723 1247 0
730 825 0
740 1145 0
766 774 0
769 1163 0
822 905 0
833 951 0
837 841 0
844 1343 0
854 1185 0
862 1168 0
866 982 0
882 963 0
908 1285 0
911 1172 0
911 1094 0
926 1321 0
926 1069 0
930 1302 0
942 1019 0
957 1472 0
1004 1450 0
1023 1082 0
1030 1252 0
1075 1273 0
1099 1239 0
1119 1269 0
1128 1228 0
1131 1283 0
1149 1248 0
1174 1178 0
1183 1214 0
1224 1473 0
1249 1327 0
1410 1433 0
8 861 1
25 69 1
31 633 1
40 541 1
44 904 1
46 1327 1
50 54 1
66 376 1
69 557 1
73 945 1
85 380 1
85 684 1
101 414 1
102 1321 1
119 1173 1
129 387 1
130 1351 1
130 964 1
136 1115 1
150 387 1
168 232 1
169 1078 1
171 734 1
181 547 1
185 863 1
210 1262 1
221 1449 1
231 1307 1
240 441 1
247 1121 1
273 1078 1
278 289 1
284 710 1
285 366 1
304 876 1
307 991 1
329 751 1
342 1055 1
346 969 1
354 1376 1
361 1447 1
367 737 1
369 897 1
375 491 1
378 692 1
408 1254 1
466 822 1
469 807 1
474 701 1
477 1253 1
477 787 1
484 645 1
494 579 1
499 894 1
502 1406 1
554 1292 1
560 1035 1
564 961 1
583 942 1
599 1420 1
607 686 1
616 739 1
620 929 1
672 694 1
683 1024 1
708 806 1
741 874 1
750 1248 1
772 1069 1
773 1397 1
775 1377 1
785 831 1
789 1128 1
805 1012 1
826 1363 1
826 843 1
828 1229 1
851 1319 1
858 907 1
888 914 1
890 956 1
941 944 1
952 1300 1
1037 1401 1
1048 1193 1
1082 1307 1
1084 1266 1
1126 1317 1
1136 1315 1
1156 1219 1
1184 1290 1
1201 1238 1
1201 1260 1
3 937 2
6 62 2
15 1101 2
18 967 2
19 191 2
34 914 2
42 1001 2
46 795 2
56 277 2
60 116 2
62 782 2
65 458 2
66 962 2
70 821 2
73 855 2
73 569 2
76 169 2
77 659 2
78 762 2
78 563 2
82 185 2
87 772 2
89 803 2
91 114 2
108 1170 2
115 202 2
126 127 2
137 1365 2
140 297 2
153 1163 2
157 987 2
170 686 2
176 1407 2
219 1475 2
225 1256 2
226 1100 2
226 542 2
228 494 2
228 1194 2
255 917 2
257 553 2
281 938 2
282 1451 2
305 1241 2
308 1007 2
311 1433 2
316 623 2
318 1158 2
332 1325 2
341 1197 2
352 996 2
353 1043 2
362 767 2
366 512 2
388 638 2
399 1477 2
406 1142 2
409 938 2
412 1405 2
414 1351 2
428 604 2
450 553 2
494 1098 2
496 1444 2
520 987 2
550 668 2
554 1121 2
582 1219 2
585 961 2
586 649 2
598 765 2
603 807 2
617 1301 2
642 1332 2
642 836 2
656 1229 2
662 1320 2
668 1166 2
684 1210 2
694 1026 2
700 1294 2
702 993 2
710 804 2
711 1250 2
722 1436 2
722 725 2
737 833 2
760 828 2
777 1104 2
791 1065 2
793 1022 2
804 1374 2
808 896 2
827 1428 2
846 987 2
862 920 2
894 1079 2
915 1118 2
923 1468 2
924 1121 2
928 1214 2
946 1171 2
947 1351 2
961 1457 2
982 1367 2
1014 1050 2
1037 1088 2
1044 1367 2
1054 1172 2
1068 1422 2
1081 1380 2
1088 1411 2
1153 1183 2
1166 1298 2
1220 1266 2
1222 1333 2
1246 1392 2
1327 1430 2
1331 1364 2
3 189 3
9 1370 3
21 1037 3
52 1185 3
54 849 3
57 1117 3
59 1279 3
64 1229 3
95 336 3
98 1130 3
112 340 3
112 460 3
128 543 3
139 411 3
145 1441 3
151 254 3
169 468 3
174 470 3
195 497 3
209 971 3
217 581 3
229 877 3
232 386 3
232 664 3
249 1061 3
282 343 3
295 1202 3
313 445 3
356 733 3
357 604 3
362 464 3
373 755 3
381 652 3
401 1345 3
428 895 3
436 1226 3
437 1445 3
437 1415 3
439 890 3
442 936 3
447 1165 3
451 727 3
455 599 3
457 852 3
505 607 3
506 993 3
508 878 3
508 921 3
538 1105 3
544 643 3
547 865 3
563 719 3
566 815 3
566 956 3
567 1467 3
571 682 3
594 1327 3
613 1113 3
615 768 3
630 663 3
632 1368 3
652 1195 3
668 859 3
689 842 3
702 779 3
704 1394 3
714 1429 3
720 1063 3
723 983 3
730 800 3
747 1166 3
777 885 3
819 867 3
851 853 3
854 1119 3
854 869 3
856 998 3
857 994 3
885 1100 3
899 1201 3
914 1088 3
974 1450 3
981 1285 3
982 1354 3
1012 1359 3
1030 1413 3
1119 1211 3
1135 1462 3
1157 1267 3
9 682 4
20 169 4
25 53 4
49 1352 4
54 372 4
80 175 4
89 756 4
107 898 4
116 337 4
118 367 4
119 1441 4
120 1346 4
134 1050 4
140 1123 4
150 1034 4
155 260 4
157 1458 4
164 909 4
165 554 4
166 1144 4
172 665 4
188 241 4
197 580 4
197 1387 4
211 328 4
240 992 4
242 1354 4
255 1320 4
256 1248 4
265 1255 4
267 300 4
273 1018 4
284 418 4
318 461 4
328 649 4
337 1085 4
353 818 4
377 489 4
385 936 4
386 762 4
386 525 4
398 411 4
404 1041 4
440 1124 4
454 1320 4
478 860 4
492 1074 4
494 1006 4
501 550 4
513 846 4
528 1158 4
626 1194 4
637 790 4
672 833 4
678 1213 4
688 1106 4
698 1212 4
704 1197 4
723 1337 4
729 1269 4
733 1371 4
792 1000 4
792 1268 4
807 956 4
821 1235 4
825 877 4
858 1265 4
863 1472 4
869 1118 4
915 1476 4
928 1469 4
941 1217 4
948 1162 4
988 1005 4
994 1032 4
1044 1404 4
1057 1270 4
1085 1312 4
1104 1255 4
1121 1435 4
1180 1433 4
1425 1436 4
11 1428 5
30 1232 5
30 1414 5
38 970 5
49 202 5
68 624 5
94 758 5
108 729 5
114 210 5
125 872 5
162 1346 5
200 407 5
209 541 5
241 823 5
243 514 5
250 822 5
267 309 5
305 647 5
331 1174 5
341 1140 5
343 509 5
353 959 5
357 1381 5
373 494 5
381 1235 5
396 1075 5
399 1054 5
427 1327 5
453 1045 5
456 852 5
458 1032 5
513 976 5
518 1319 5
538 1010 5
541 837 5
547 1414 5
551 614 5
575 951 5
580 1307 5
609 1005 5
614 1241 5
645 1220 5
658 1178 5
681 1023 5
706 1061 5
721 758 5
747 940 5
765 1444 5
775 1086 5
789 831 5
793 986 5
811 929 5
813 1367 5
857 1163 5
863 1029 5
897 958 5
971 1353 5
1120 1290 5
1236 1295 5
1242 1373 5
41 1255 6
46 64 6
164 1118 6
171 1427 6
189 554 6
192 1316 6
197 639 6
205 748 6
279 1111 6
281 1015 6
333 556 6
484 979 6
509 633 6
517 1264 6
528 835 6
590 1471 6
612 890 6
641 941 6
666 1471 6
703 1195 6
758 1032 6
774 1367 6
825 1300 6
900 1230 6
1111 1373 6
1239 1324 6
1414 1466 6
12 517 7
26 619 7
27 1455 7
47 456 7
68 652 7
76 545 7
76 133 7
141 971 7
156 1107 7
192 722 7
245 678 7
251 478 7
287 1149 7
289 888 7
308 749 7
332 1478 7
367 1222 7
402 944 7
465 1381 7
472 639 7
546 786 7
555 1198 7
561 581 7
691 1442 7
747 1010 7
766 1345 7
794 1033 7
806 1330 7
817 1079 7
873 1052 7
929 1024 7
955 1367 7
980 1308 7
998 1275 7
1047 1157 7
1261 1450 7
1305 1318 7
1390 1404 7
5 693 8
37 1274 8
67 413 8
71 426 8
82 415 8
103 166 8
132 492 8
147 327 8
158 1015 8
168 448 8
183 1041 8
194 1006 8
209 1007 8
224 1130 8
233 1255 8
235 1417 8
235 1364 8
238 625 8
258 1463 8
266 853 8
269 715 8
271 734 8
282 1321 8
313 1027 8
322 786 8
385 748 8
390 773 8
404 1205 8
479 1276 8
481 627 8
484 857 8
520 1015 8
530 1286 8
533 1147 8
546 1093 8
548 1191 8
566 633 8
592 1087 8
594 1267 8
605 1003 8
632 1290 8
652 1322 8
698 822 8
760 1386 8
824 928 8
825 1057 8
852 1068 8
940 1122 8
990 1287 8
1027 1343 8
1045 1381 8
1297 1312 8
0 316 9
4 881 9
7 1029 9
7 532 9
8 1319 9
11 345 9
11 630 9
20 767 9
36 948 9
36 151 9
37 1053 9
39 306 9
45 1263 9
56 550 9
58 1015 9
62 210 9
71 383 9
71 676 9
80 350 9
82 856 9
83 625 9
89 302 9
90 1313 9
98 1386 9
98 197 9
108 866 9
109 469 9
110 841 9
116 952 9
117 1298 9
118 1381 9
120 1284 9
124 735 9
143 737 9
144 618 9
152 1217 9
167 964 9
175 443 9
176 911 9
178 608 9
180 1116 9
181 919 9
183 425 9
185 335 9
189 755 9
195 359 9
197 1379 9
202 872 9
202 940 9
203 995 9
205 616 9
206 1047 9
214 558 9
216 891 9
216 738 9
232 1475 9
237 1435 9
246 1429 9
250 493 9
256 299 9
258 423 9
263 1145 9
272 447 9
274 1338 9
286 906 9
290 827 9
315 986 9
318 1080 9
319 1215 9
336 1382 9
341 1449 9
343 389 9
344 1449 9
348 1165 9
353 548 9
362 1214 9
365 699 9
368 800 9
370 1127 9
382 1387 9
394 1121 9
396 697 9
397 1442 9
412 974 9
413 1080 9
421 1241 9
422 682 9
432 724 9
436 1073 9
441 1018 9
451 687 9
452 637 9
454 759 9
457 1127 9
459 896 9
463 1268 9
472 1181 9
485 602 9
490 650 9
493 598 9
493 618 9
499 657 9
505 1235 9
505 868 9
515 1254 9
515 1256 9
520 815 9
545 1318 9
555 934 9
564 1471 9
573 1424 9
576 1296 9
578 1144 9
590 827 9
603 943 9
609 952 9
609 995 9
613 1459 9
651 839 9
661 1100 9
669 1260 9
684 1281 9
684 1333 9
695 987 9
702 1050 9
720 1279 9
721 812 9
726 1416 9
727 1294 9
728 884 9
730 1155 9
731 1208 9
733 1244 9
734 1248 9
734 1233 9
736 843 9
743 1145 9
745 1138 9
747 1269 9
754 1277 9
761 1446 9
778 1010 9
780 1306 9
800 1091 9
808 1412 9
815 857 9
820 835 9
828 994 9
843 1018 9
844 956 9
861 1320 9
862 1251 9
887 1157 9
892 1302 9
893 1389 9
911 1083 9
923 1258 9
926 937 9
966 1375 9
978 1117 9
988 1293 9
1005 1204 9
1008 1300 9
1015 1185 9
1017 1102 9
1073 1413 9
1110 1389 9
1113 1159 9
1116 1459 9
1132 1196 9
1152 1426 9
1153 1192 9
1172 1292 9
1177 1353 9
1189 1251 9
1196 1352 9
1209 1417 9
1214 1357 9
1225 1313 9
1242 1378 9
1258 1473 9
1263 1359 9
1273 1395 9
1273 1321 9
1281 1300 9
1298 1451 9
1302 1360 9
1311 1406 9
1357 1479 9
1422 1431 9
1432 1454 9
16 167 10
20 1218 10
28 484 10
34 1429 10
50 1032 10
53 861 10
59 1438 10
96 1261 10
108 1101 10
116 162 10
121 406 10
130 219 10
130 200 10
141 1171 10
148 689 10
148 1042 10
149 789 10
180 936 10
182 1005 10
183 538 10
191 887 10
192 775 10
200 1098 10
221 1290 10
242 762 10
264 872 10
266 857 10
275 1327 10
284 691 10
288 732 10
297 709 10
323 397 10
325 463 10
342 1253 10
357 1181 10
372 892 10
377 728 10
389 832 10
400 588 10
424 1411 10
428 715 10
441 1121 10
442 703 10
447 1300 10
450 1396 10
457 1115 10
524 1423 10
589 1458 10
603 1170 10
604 1144 10
619 1469 10
624 1291 10
630 659 10
668 942 10
670 787 10
674 1041 10
676 1207 10
684 705 10
685 1075 10
702 1041 10
706 799 10
707 935 10
712 1262 10
731 1397 10
753 1205 10
773 1022 10
820 890 10
830 1146 10
849 1471 10
869 1053 10
913 953 10
962 1138 10
971 1317 10
1004 1012 10
1026 1283 10
1104 1323 10
1105 1239 10
1126 1457 10
1234 1396 10
1392 1402 10
0 728 11
8 781 11
12 974 11
22 512 11
22 1362 11
23 648 11
29 418 11
35 1372 11
35 1310 11
36 997 11
37 230 11
43 1074 11
43 129 11
44 625 11
44 1296 11
54 678 11
54 1063 11
54 708 11
57 768 11
62 1298 11
67 71 11
68 158 11
73 1139 11
73 680 11
77 821 11
78 740 11
79 794 11
79 1069 11
80 528 11
84 1220 11
88 153 11
91 1434 11
108 859 11
109 458 11
114 879 11
117 943 11
119 1394 11
125 1324 11
129 620 11
139 1477 11
139 794 11
140 723 11
145 1127 11
147 973 11
147 1370 11
147 1331 11
154 963 11
167 1175 11
172 701 11
172 723 11
179 414 11
182 1384 11
185 1451 11
194 231 11
195 951 11
221 894 11
227 398 11
256 1351 11
256 737 11
258 318 11
263 1186 11
269 520 11
275 1366 11
281 557 11
284 1133 11
290 571 11
291 685 11
297 1028 11
297 618 11
297 528 11
304 850 11
305 391 11
307 562 11
311 609 11
317 715 11
358 956 11
368 1193 11
375 1194 11
379 895 11
387 779 11
389 653 11
391 686 11
393 439 11
400 941 11
401 530 11
405 1098 11
407 493 11
433 719 11
441 1105 11
442 1322 11
447 1075 11
447 540 11
448 1005 11
456 1285 11
467 652 11
469 1439 11
472 1477 11
477 621 11
481 940 11
482 722 11
483 1169 11
493 917 11
495 1382 11
497 709 11
502 1213 11
503 726 11
503 685 11
505 1333 11
507 901 11
510 833 11
512 1171 11
521 1074 11
524 561 11
526 718 11
540 687 11
548 1429 11
558 1366 11
559 1014 11
564 758 11
565 1302 11
570 908 11
581 690 11
590 640 11
606 618 11
622 636 11
629 1378 11
632 1099 11
633 747 11
634 854 11
637 761 11
643 1471 11
644 1047 11
653 1073 11
656 814 11
666 1077 11
687 741 11
688 1391 11
688 885 11
696 1408 11
700 952 11
710 1164 11
714 826 11
715 1389 11
724 1138 11
732 1465 11
737 1212 11
742 1228 11
762 1160 11
778 1145 11
792 810 11
809 1097 11
810 982 11
822 1022 11
832 970 11
841 1442 11
843 1114 11
844 958 11
851 1277 11
885 1139 11
895 1182 11
899 1307 11
922 1220 11
923 1390 11
932 1193 11
950 1470 11
952 1320 11
962 1204 11
980 1343 11
980 1009 11
1008 1071 11
1009 1135 11
1017 1248 11
1033 1201 11
1046 1223 11
1103 1406 11
1104 1409 11
1127 1383 11
1146 1316 11
1183 1189 11
1185 1337 11
1194 1214 11
1236 1424 11
1293 1310 11
1297 1372 11
1312 1442 11
1352 1471 11
1426 1433 11
7 320 12
19 377 12
20 1285 12
22 557 12
54 56 12
71 1249 12
85 1335 12
126 346 12
129 1089 12
134 787 12
168 1149 12
169 572 12
177 958 12
202 906 12
210 281 12
226 849 12
238 1301 12
246 1309 12
255 752 12
271 667 12
274 848 12
274 1110 12
277 1214 12
280 446 12
294 975 12
309 1082 12
319 557 12
359 702 12
364 752 12
377 757 12
393 467 12
404 781 12
410 901 12
412 1217 12
420 964 12
441 782 12
443 1118 12
497 884 12
498 1363 12
518 1246 12
547 1102 12
553 952 12
559 1029 12
597 1219 12
606 1113 12
640 1474 12
648 1446 12
648 1002 12
668 1246 12
726 1122 12
760 1401 12
770 975 12
807 1015 12
809 1465 12
866 957 12
885 1293 12
913 1335 12
934 1024 12
966 1029 12
982 1123 12
994 1262 12
1008 1202 12
1012 1254 12
1024 1077 12
1037 1089 12
1059 1171 12
1061 1266 12
1122 1260 12
1151 1370 12
1156 1310 12
1205 1415 12
1268 1388 12
23 686 13
25 72 13
32 1133 13
43 1283 13
66 1372 13
108 1272 13
145 899 13
221 1202 13
238 1305 13
257 613 13
361 1414 13
362 421 13
405 828 13
436 475 13
542 930 13
545 914 13
611 937 13
622 925 13
639 865 13
796 1327 13
885 1408 13
943 1039 13
1108 1196 13
1230 1306 13
1278 1469 13
1282 1460 13
1317 1397 13
0 430 14
1 72 14
12 1422 14
13 67 14
18 157 14
21 1294 14
23 577 14
25 537 14
29 943 14
32 1454 14
37 344 14
40 1332 14
40 506 14
46 912 14
50 577 14
51 558 14
68 1178 14
72 1344 14
79 1030 14
80 1152 14
93 499 14
94 1030 14
98 627 14
102 554 14
115 1304 14
124 311 14
125 986 14
140 913 14
151 412 14
154 981 14
161 702 14
162 570 14
163 1274 14
168 725 14
177 824 14
191 970 14
194 349 14
196 767 14
197 1278 14
198 449 14
198 805 14
202 988 14
203 691 14
204 442 14
218 709 14
222 897 14
227 1300 14
230 963 14
234 953 14
237 1115 14
239 363 14
244 806 14
248 470 14
249 819 14
250 516 14
250 1079 14
251 1301 14
254 683 14
260 274 14
264 985 14
267 710 14
270 301 14
278 483 14
283 805 14
288 625 14
289 913 14
294 1011 14
315 989 14
315 892 14
318 1097 14
330 1056 14
339 817 14
340 1355 14
340 985 14
343 592 14
345 576 14
352 1226 14
357 1048 14
374 554 14
377 647 14
379 1109 14
384 1141 14
392 880 14
395 692 14
398 587 14
403 414 14
407 470 14
411 1244 14
413 1135 14
413 1295 14
417 646 14
425 682 14
432 1047 14
437 1220 14
448 1224 14
449 1373 14
453 525 14
469 754 14
478 569 14
481 1318 14
482 889 14
492 1088 14
513 993 14
523 1012 14
532 1328 14
540 1220 14
541 915 14
546 623 14
550 885 14
552 960 14
555 1155 14
565 581 14
568 603 14
569 787 14
571 1142 14
578 1285 14
589 926 14
596 1058 14
602 1013 14
607 844 14
611 1123 14
611 1193 14
615 717 14
617 760 14
632 1384 14
639 1178 14
650 1056 14
650 1303 14
659 1200 14
663 1113 14
667 763 14
674 744 14
677 1420 14
720 1286 14
723 820 14
725 1363 14
730 1136 14
744 760 14
744 1326 14
754 963 14
755 807 14
770 948 14
779 1444 14
781 1071 14
788 1293 14
799 1022 14
811 815 14
818 1048 14
824 885 14
826 1385 14
829 1320 14
831 1471 14
847 939 14
848 961 14
868 997 14
873 1204 14
881 1411 14
902 946 14
910 918 14
912 1271 14
919 1153 14
951 1354 14
952 1179 14
962 1027 14
994 1031 14
997 1141 14
1022 1217 14
1057 1395 14
1058 1255 14
1089 1342 14
1128 1434 14
1159 1211 14
1200 1476 14
1210 1324 14
1217 1266 14
1252 1289 14
1303 1386 14
1329 1477 14
1373 1440 14
1387 1399 14
1417 1437 14
3 240 15
10 912 15
13 1410 15
19 240 15
22 49 15
29 462 15
33 625 15
41 317 15
46 187 15
48 731 15
50 994 15
56 1047 15
60 709 15
61 859 15
64 1368 15
66 928 15
66 1030 15
71 307 15
75 847 15
86 712 15
91 446 15
103 1065 15
113 188 15
118 988 15
118 665 15
118 538 15
126 744 15
127 1072 15
129 941 15
145 230 15
146 884 15
153 568 15
156 587 15
164 627 15
181 954 15
190 1193 15
196 798 15
203 1076 15
218 1416 15
232 1373 15
234 398 15
235 1224 15
240 898 15
245 737 15
248 1388 15
249 1223 15
250 773 15
252 512 15
253 618 15
264 1439 15
276 1280 15
284 1318 15
294 740 15
299 841 15
301 1079 15
305 1395 15
306 721 15
315 1234 15
328 804 15
331 1478 15
333 1161 15
343 1200 15
355 384 15
362 399 15
367 1400 15
370 682 15
372 1358 15
379 1240 15
384 622 15
386 786 15
392 1216 15
393 1367 15
396 912 15
404 1350 15
411 1325 15
416 1281 15
416 731 15
422 769 15
426 905 15
429 1219 15
445 665 15
447 1213 15
471 882 15
491 808 15
502 630 15
506 523 15
535 1174 15
535 1294 15
541 1090 15
541 678 15
543 1114 15
562 1234 15
573 1331 15
585 764 15
590 912 15
621 744 15
627 1103 15
632 1011 15
679 1313 15
684 928 15
686 995 15
700 1449 15
700 737 15
705 1428 15
716 1364 15
729 1273 15
739 1366 15
745 797 15
764 1241 15
765 1255 15
780 803 15
825 1257 15
830 1215 15
843 1047 15
845 1182 15
866 1471 15
871 952 15
924 1406 15
940 1228 15
944 979 15
945 1045 15
952 1135 15
975 999 15
998 1279 15
1044 1123 15
1063 1115 15
1082 1435 15
1106 1211 15
1108 1276 15
1125 1466 15
1139 1303 15
1170 1437 15
1208 1230 15
1214 1384 15
1219 1298 15
1246 1312 15
1254 1471 15
1292 1424 15
1315 1338 15
1340 1470 15
1382 1437 15
6 323 16
36 119 16
69 501 16
81 405 16
84 412 16
93 672 16
100 1445 16
114 287 16
120 864 16
140 426 16
140 1479 16
142 711 16
150 361 16
155 833 16
166 1382 16
171 1207 16
180 419 16
193 678 16
206 445 16
216 1319 16
240 971 16
245 463 16
247 915 16
249 1412 16
272 1475 16
286 651 16
324 968 16
360 587 16
361 635 16
369 738 16
396 1089 16
449 1335 16
450 1105 16
458 1278 16
465 809 16
491 1314 16
497 1087 16
499 983 16
507 893 16
510 997 16
517 1339 16
521 713 16
529 1391 16
541 1121 16
541 1415 16
548 1069 16
572 1347 16
589 1300 16
592 607 16
601 1442 16
626 841 16
631 1246 16
663 1063 16
689 1182 16
709 776 16
709 1419 16
710 931 16
715 996 16
776 1106 16
784 1256 16
787 1197 16
791 957 16
802 1215 16
814 1327 16
816 1191 16
827 1206 16
844 1233 16
903 1199 16
923 1464 16
928 1046 16
963 1098 16
992 1055 16
1003 1089 16
1064 1237 16
1126 1304 16
1149 1347 16
1263 1374 16
1351 1398 16
3 14 17
16 566 17
40 903 17
41 1262 17
41 1368 17
42 280 17
98 1125 17
102 210 17
135 929 17
147 281 17
152 984 17
161 172 17
163 343 17
183 951 17
201 759 17
240 1459 17
241 649 17
243 1326 17
249 917 17
268 648 17
291 432 17
310 1282 17
311 473 17
314 819 17
326 1291 17
333 607 17
339 1026 17
340 934 17
350 900 17
380 923 17
385 1423 17
391 664 17
403 1329 17
432 510 17
433 1316 17
441 481 17
501 963 17
548 1262 17
573 1289 17
734 1241 17
772 995 17
814 958 17
837 933 17
840 1291 17
849 989 17
857 1390 17
921 1127 17
924 1182 17
945 964 17
981 1062 17
988 1045 17
1042 1081 17
1083 1442 17
1096 1195 17
1112 1402 17
1185 1222 17
1203 1295 17
1251 1364 17
1295 1463 17
8 1401 18
12 1283 18
27 761 18
30 821 18
60 1335 18
85 1161 18
116 872 18
134 511 18
139 241 18
139 811 18
148 1315 18
149 820 18
188 1151 18
204 1300 18
211 710 18
253 1231 18
254 627 18
266 763 18
270 1115 18
295 813 18
295 1312 18
308 835 18
331 1226 18
333 1042 18
337 633 18
372 655 18
383 1191 18
396 890 18
435 765 18
445 1474 18
460 930 18
509 903 18
513 1003 18
551 765 18
552 1105 18
587 1444 18
617 1359 18
626 1184 18
649 1315 18
650 935 18
693 1048 18
725 1116 18
754 954 18
787 1299 18
811 1368 18
825 1296 18
843 1086 18
889 1301 18
951 1013 18
1098 1223 18
1161 1414 18
1165 1188 18
1276 1314 18
48 526 19
50 201 19
53 372 19
55 998 19
57 249 19
57 1139 19
58 949 19
58 617 19
65 559 19
65 442 19
67 698 19
78 1406 19
79 1190 19
86 679 19
102 706 19
103 1378 19
104 495 19
109 854 19
110 1211 19
119 1093 19
126 337 19
133 189 19
133 454 19
138 849 19
148 1443 19
152 507 19
158 731 19
159 553 19
161 423 19
164 1145 19
187 530 19
192 905 19
197 460 19
199 457 19
206 1081 19
208 1290 19
221 1241 19
234 273 19
242 1010 19
256 1246 19
263 1015 19
264 1168 19
269 497 19
277 1218 19
291 676 19
292 965 19
303 1230 19
308 1164 19
311 511 19
319 789 19
322 1459 19
322 811 19
339 1134 19
340 1039 19
365 749 19
369 492 19
370 1099 19
379 752 19
381 1307 19
386 491 19
388 1182 19
394 1332 19
399 1122 19
415 899 19
418 707 19
420 1280 19
424 1119 19
430 1468 19
442 1264 19
448 1431 19
452 513 19
467 1402 19
480 613 19
481 752 19
487 1463 19
493 501 19
493 1269 19
509 1113 19
512 1446 19
515 986 19
542 1348 19
548 1197 19
567 675 19
587 828 19
587 782 19
590 1067 19
599 654 19
603 1368 19
604 784 19
615 1391 19
627 760 19
628 1169 19
633 959 19
637 1238 19
640 1309 19
642 1107 19
644 762 19
650 954 19
657 941 19
663 1220 19
678 937 19
691 1359 19
706 1186 19
713 1014 19
714 1004 19
725 1298 19
740 1088 19
745 1162 19
745 875 19
749 838 19
772 1442 19
779 1412 19
782 1190 19
786 1443 19
789 1233 19
794 857 19
808 1332 19
812 975 19
838 1182 19
847 1229 19
848 1274 19
870 1461 19
873 909 19
884 1415 19
894 1167 19
903 1466 19
918 1342 19
931 1402 19
950 1363 19
958 1325 19
988 1255 19
999 1242 19
1018 1247 19
1031 1408 19
1089 1438 19
1098 1452 19
1099 1176 19
1104 1303 19
1149 1471 19
1166 1338 19
1177 1311 19
1252 1422 19
1271 1301 19
3 305 20
5 762 20
6 546 20
9 1459 20
18 206 20
38 494 20
41 351 20
52 808 20
64 1358 20
83 1361 20
92 882 20
98 1257 20
102 777 20
102 494 20
102 1054 20
112 1293 20
128 605 20
130 191 20
134 356 20
138 1432 20
145 1383 20
146 948 20
150 619 20
153 365 20
156 320 20
158 269 20
167 297 20
185 362 20
187 1086 20
194 410 20
202 1163 20
209 482 20
212 1282 20
212 632 20
234 608 20
244 783 20
260 1231 20
260 593 20
263 1199 20
265 465 20
267 675 20
268 795 20
275 1268 20
290 1476 20
307 519 20
309 758 20
312 416 20
315 417 20
344 1033 20
345 1297 20
352 1353 20
360 825 20
368 681 20
375 1186 20
384 727 20
394 770 20
399 634 20
400 842 20
402 1170 20
403 986 20
407 1356 20
408 1269 20
411 824 20
416 755 20
417 941 20
424 708 20
427 928 20
429 439 20
436 900 20
441 697 20
448 1114 20
466 1427 20
471 647 20
480 961 20
483 1124 20
493 1314 20
509 784 20
511 583 20
511 849 20
521 1230 20
536 1297 20
537 624 20
537 912 20
558 700 20
558 1264 20
563 960 20
571 1080 20
581 955 20
584 1005 20
586 920 20
592 1252 20
600 845 20
603 1035 20
608 791 20
611 742 20
616 1148 20
622 792 20
645 833 20
663 1106 20
664 957 20
677 1310 20
697 1235 20
716 855 20
716 1213 20
724 744 20
728 1091 20
744 1361 20
753 947 20
758 897 20
763 1123 20
776 1311 20
790 1108 20
804 815 20
810 1065 20
813 1219 20
837 839 20
840 1169 20
848 1412 20
849 1310 20
861 1124 20
883 997 20
890 1100 20
891 949 20
906 1458 20
913 1188 20
919 1441 20
923 1033 20
936 1349 20
941 1020 20
943 1354 20
970 1405 20
1003 1181 20
1009 1477 20
1030 1428 20
1040 1332 20
1048 1274 20
1091 1202 20
1113 1292 20
1169 1406 20
1171 1353 20
1214 1352 20
1231 1385 20
1260 1416 20
1266 1272 20
1333 1359 20
1341 1359 20
1344 1392 20
1380 1419 20
1408 1441 20
1420 1476 20
0 556 21
8 883 21
15 545 21
18 346 21
23 973 21
25 767 21
27 636 21
58 1147 21
66 871 21
67 972 21
68 861 21
72 91 21
72 823 21
73 548 21
91 1280 21
99 943 21
106 397 21
110 1253 21
113 929 21
113 1303 21
117 1186 21
118 976 21
126 807 21
126 1466 21
132 1042 21
137 715 21
143 1192 21
148 285 21
152 388 21
153 486 21
161 370 21
182 1283 21
185 764 21
195 1125 21
195 826 21
196 422 21
201 1067 21
204 1355 21
204 1160 21
206 812 21
221 1202 21
222 1115 21
222 1409 21
223 1027 21
224 289 21
226 582 21
229 1439 21
229 922 21
234 483 21
242 351 21
243 783 21
244 413 21
246 692 21
246 618 21
247 1457 21
255 264 21
261 1081 21
263 686 21
268 1170 21
268 1202 21
273 1013 21
273 539 21
279 1076 21
285 637 21
286 289 21
295 437 21
296 1453 21
301 857 21
301 1088 21
317 1477 21
321 1479 21
337 630 21
343 420 21
344 1104 21
350 979 21
356 1455 21
362 439 21
363 1120 21
366 931 21
380 1469 21
384 1120 21
388 848 21
390 1043 21
391 407 21
393 770 21
393 447 21
400 837 21
402 875 21
411 1326 21
415 969 21
418 1265 21
418 1390 21
418 926 21
419 1330 21
422 903 21
432 725 21
435 846 21
449 1133 21
451 586 21
453 903 21
465 1417 21
471 645 21
471 667 21
478 497 21
486 584 21
491 1360 21
502 925 21
515 1357 21
520 708 21
533 1226 21
534 1311 21
539 808 21
554 1193 21
563 1136 21
575 701 21
582 1208 21
583 1383 21
585 648 21
588 796 21
615 1039 21
616 1025 21
616 1128 21
623 1310 21
624 784 21
635 991 21
643 843 21
645 1307 21
653 1295 21
664 1455 21
685 751 21
687 1266 21
693 1036 21
696 1467 21
705 917 21
705 1268 21
720 721 21
728 1053 21
735 1326 21
742 1249 21
743 1477 21
745 1409 21
749 781 21
755 1117 21
766 816 21
767 1385 21
772 1183 21
774 1300 21
786 1029 21
804 1447 21
808 1278 21
809 1111 21
810 1236 21
815 849 21
820 1250 21
823 1415 21
844 965 21
851 1342 21
851 877 21
855 1301 21
857 1231 21
872 913 21
878 904 21
883 1452 21
884 960 21
903 1090 21
938 1233 21
947 1300 21
965 1213 21
969 1077 21
974 1058 21
974 1371 21
980 1371 21
994 1036 21
999 1018 21
1020 1132 21
1031 1085 21
1044 1306 21
1057 1383 21
1066 1393 21
1074 1199 21
1090 1105 21
1116 1280 21
1129 1329 21
1240 1458 21
1290 1413 21
1307 1322 21
1350 1436 21
3 469 22
11 806 22
15 819 22
25 626 22
30 517 22
32 934 22
33 331 22
51 463 22
61 1191 22
64 768 22
80 835 22
80 337 22
95 1259 22
96 132 22
96 518 22
103 628 22
105 330 22
118 1181 22
128 1369 22
129 667 22
129 659 22
129 174 22
132 392 22
134 1082 22
135 691 22
139 873 22
139 726 22
139 849 22
143 1455 22
152 700 22
155 1274 22
165 1295 22
166 1313 22
174 1355 22
200 1239 22
202 1413 22
215 303 22
228 893 22
228 788 22
232 266 22
234 793 22
235 509 22
236 436 22
248 722 22
253 781 22
261 715 22
268 1037 22
276 530 22
279 1336 22
285 1042 22
291 859 22
306 945 22
310 802 22
311 572 22
317 803 22
323 742 22
326 1186 22
328 497 22
330 960 22
333 1164 22
336 388 22
356 1148 22
361 1424 22
367 1377 22
369 436 22
380 555 22
385 738 22
396 1365 22
410 822 22
415 432 22
417 1030 22
429 1030 22
432 1417 22
444 918 22
450 907 22
457 1107 22
457 807 22
464 573 22
466 611 22
471 516 22
487 843 22
489 605 22
506 926 22
520 902 22
529 1131 22
547 644 22
549 942 22
557 993 22
579 701 22
582 1452 22
583 1318 22
596 1062 22
598 702 22
599 853 22
604 979 22
609 1199 22
622 807 22
626 1371 22
634 1399 22
636 844 22
637 1014 22
656 1196 22
657 786 22
664 1235 22
680 1162 22
681 1293 22
682 1307 22
684 702 22
688 744 22
695 893 22
696 730 22
697 857 22
706 800 22
708 930 22
712 1244 22
721 1216 22
750 754 22
752 960 22
774 897 22
781 1273 22
785 1282 22
794 1083 22
831 1322 22
835 1109 22
898 1366 22
915 1065 22
917 1435 22
932 1105 22
940 1244 22
952 1075 22
964 1148 22
965 1080 22
974 1274 22
978 1225 22
1000 1062 22
1037 1413 22
1037 1055 22
1073 1117 22
1074 1162 22
1084 1447 22
1088 1462 22
1094 1099 22
1120 1337 22
1141 1284 22
1162 1259 22
1221 1399 22
1230 1421 22
1351 1353 22
1370 1432 22
0 500 23
4 225 23
4 127 23
6 65 23
22 1200 23
23 783 23
29 1366 23
38 970 23
44 124 23
45 611 23
62 1440 23
68 119 23
71 1424 23
78 470 23
79 1468 23
81 818 23
82 536 23
85 1322 23
93 784 23
96 887 23
102 337 23
113 130 23
114 757 23
117 1271 23
118 335 23
120 444 23
123 816 23
126 1223 23
137 1194 23
138 438 23
140 1048 23
140 648 23
143 425 23
151 546 23
160 977 23
177 737 23
186 1213 23
195 516 23
202 476 23
213 451 23
238 386 23
238 1129 23
239 359 23
247 853 23
249 944 23
254 1084 23
261 777 23
267 299 23
272 700 23
282 1397 23
297 1155 23
305 470 23
313 1249 23
318 1070 23
328 1377 23
335 925 23
343 778 23
363 489 23
366 860 23
371 1426 23
373 484 23
389 896 23
406 414 23
434 926 23
437 967 23
441 787 23
447 843 23
448 575 23
450 1330 23
463 788 23
470 729 23
474 907 23
480 1053 23
482 1238 23
495 835 23
509 1334 23
509 1462 23
556 1106 23
562 1041 23
572 1387 23
579 950 23
617 1080 23
623 1257 23
634 1143 23
642 1344 23
644 1301 23
672 1049 23
677 1003 23
681 840 23
681 1305 23
689 1201 23
695 952 23
724 1259 23
746 1120 23
758 1141 23
758 1179 23
767 1243 23
781 1314 23
785 966 23
802 1317 23
832 1228 23
844 1225 23
856 1272 23
872 1191 23
880 961 23
885 1266 23
889 1322 23
896 1156 23
919 1228 23
931 1289 23
965 973 23
1011 1074 23
1076 1283 23
1080 1081 23
1090 1379 23
1096 1463 23
1107 1384 23
1156 1238 23
1168 1364 23
1217 1327 23
1226 1423 23
1276 1277 23
1281 1433 23
1370 1479 23
36 86 24
55 288 24
67 1294 24
73 741 24
79 1442 24
87 749 24
88 1347 24
95 1018 24
140 540 24
162 831 24
191 198 24
191 328 24
199 1352 24
222 292 24
227 1463 24
247 428 24
253 1426 24
286 1044 24
329 402 24
336 414 24
338 1299 24
354 1374 24
355 1329 24
360 1162 24
408 843 24
416 1175 24
419 602 24
459 1122 24
486 1266 24
524 1315 24
542 1476 24
544 1288 24
545 868 24
623 685 24
656 1319 24
666 1443 24
676 1422 24
695 1005 24
779 1250 24
807 1424 24
817 879 24
867 1126 24
920 957 24
978 1221 24
992 1326 24
1014 1359 24
1044 1329 24
1046 1478 24
1054 1264 24
1092 1319 24
1122 1270 24
1138 1473 24
1290 1435 24
14 777 25
26 1373 25
28 465 25
54 78 25
55 445 25
62 1361 25
65 332 25
67 1409 25
83 595 25
88 149 25
102 1040 25
105 1263 25
124 521 25
133 1156 25
165 871 25
165 1452 25
170 1248 25
182 804 25
196 861 25
198 1046 25
207 1111 25
251 1389 25
284 1007 25
291 1299 25
302 604 25
318 893 25
329 676 25
347 810 25
367 697 25
372 1310 25
381 941 25
381 592 25
383 841 25
395 1090 25
400 858 25
409 930 25
420 1453 25
431 1243 25
435 461 25
455 773 25
460 742 25
477 1253 25
528 1170 25
534 1346 25
545 684 25
577 732 25
578 851 25
581 604 25
610 1262 25
611 961 25
627 780 25
631 914 25
666 1446 25
694 703 25
704 1263 25
728 1167 25
754 823 25
850 1357 25
867 1379 25
920 1338 25
927 1151 25
966 1412 25
1011 1195 25
1015 1246 25
1031 1345 25
1054 1268 25
1124 1236 25
1186 1195 25
1205 1256 25
1325 1342 25
0 828 26
0 57 26
5 890 26
7 447 26
8 603 26
16 956 26
29 716 26
31 478 26
32 360 26
37 771 26
47 941 26
54 1038 26
62 887 26
62 1080 26
68 737 26
70 151 26
73 669 26
78 703 26
80 863 26
88 129 26
111 405 26
122 1403 26
130 368 26
136 1294 26
146 1322 26
153 1393 26
167 892 26
176 640 26
185 932 26
204 1426 26
205 1077 26
216 865 26
222 1095 26
233 765 26
279 741 26
302 1168 26
315 519 26
323 1413 26
325 1401 26
326 1306 26
326 1447 26
370 505 26
383 540 26
388 516 26
389 1334 26
406 1197 26
406 410 26
418 892 26
423 933 26
433 1331 26
434 892 26
441 1454 26
447 514 26
450 723 26
452 522 26
452 804 26
454 1450 26
465 977 26
468 493 26
470 807 26
484 1412 26
496 587 26
497 582 26
497 571 26
522 1300 26
524 1184 26
524 1015 26
542 653 26
587 1370 26
597 1402 26
620 789 26
620 1215 26
684 948 26
692 1361 26
695 1411 26
723 1369 26
737 1111 26
747 1198 26
755 981 26
785 922 26
789 845 26
841 943 26
871 1424 26
876 919 26
882 1392 26
892 1386 26
896 1182 26
903 1384 26
915 1415 26
930 1358 26
942 1160 26
987 1454 26
997 1262 26
1019 1107 26
1031 1349 26
1044 1145 26
1071 1116 26
1077 1384 26
1086 1317 26
1126 1286 26
1134 1400 26
1136 1273 26
1183 1197 26
1202 1210 26
1215 1365 26
1221 1456 26
1309 1401 26
1310 1331 26
1322 1428 26
1345 1473 26
0 433 27
5 1452 27
12 511 27
14 329 27
33 866 27
61 1475 27
64 689 27
76 1361 27
102 563 27
116 285 27
129 1295 27
137 1250 27
139 701 27
155 411 27
157 1100 27
176 706 27
186 1416 27
195 711 27
196 756 27
199 751 27
204 406 27
214 225 27
214 503 27
215 255 27
235 944 27
245 849 27
272 1156 27
280 1363 27
291 1171 27
319 976 27
377 580 27
384 1298 27
387 654 27
405 927 27
425 928 27
432 1099 27
436 1110 27
442 646 27
465 976 27
472 650 27
482 1409 27
496 1409 27
498 748 27
499 751 27
509 660 27
511 1034 27
530 862 27
540 1182 27
546 1302 27
567 1423 27
578 1422 27
588 1014 27
603 1278 27
606 1192 27
607 685 27
611 636 27
617 791 27
622 723 27
639 715 27
643 1163 27
652 1306 27
687 1093 27
697 1301 27
709 1118 27
716 1094 27
719 1324 27
783 1028 27
788 1190 27
829 1115 27
830 930 27
835 1118 27
842 1172 27
867 1449 27
892 1277 27
925 1413 27
947 951 27
952 1355 27
958 1302 27
962 1318 27
1035 1380 27
1141 1150 27
1197 1248 27
1439 1446 27
2 231 28
4 327 28
14 762 28
43 361 28
79 1279 28
106 967 28
111 1115 28
116 424 28
119 843 28
119 1299 28
134 363 28
151 1016 28
159 429 28
163 362 28
172 404 28
198 1265 28
200 1319 28
215 1209 28
242 394 28
245 504 28
264 452 28
276 884 28
288 289 28
299 891 28
321 920 28
352 1337 28
363 455 28
365 1338 28
379 942 28
390 466 28
399 1137 28
413 945 28
493 812 28
513 702 28
555 943 28
598 720 28
642 1333 28
782 1053 28
795 797 28
805 1162 28
821 1145 28
834 1400 28
845 1073 28
873 1459 28
978 1184 28
1033 1074 28
1083 1229 28
1148 1315 28
1157 1250 28
1209 1360 28
2 835 29
69 515 29
85 299 29
97 854 29
98 1016 29
108 659 29
176 340 29
209 919 29
222 496 29
232 742 29
261 743 29
274 808 29
275 761 29
317 624 29
323 1064 29
341 687 29
348 736 29
371 1455 29
385 1243 29
457 551 29
568 608 29
589 726 29
636 857 29
665 890 29
671 992 29
699 936 29
809 1319 29
934 1330 29
935 1063 29
1079 1404 29
1104 1153 29
1112 1168 29
45 109 30
74 200 30
153 204 30
160 705 30
269 546 30
297 1129 30
359 456 30
363 1035 30
366 1031 30
425 1057 30
482 803 30
638 1116 30
660 1375 30
745 1319 30
788 1235 30
802 1450 30
1012 1150 30
1249 1415 30
815 1280 31
150 1304 32
217 974 32
286 435 32
292 937 32
303 583 32
1263 1364 32
1354 1447 32
99 962 33
158 1025 33
388 1423 33
527 1249 33
602 1455 33
761 1045 33
911 1020 33
158 1375 34
216 1434 34
858 1295 34
1043 1193 35
696 1237 36
296 1442 38
13 585 39
361 790 39
1098 1280 39
10 623 40
15 1175 40
54 885 40
58 880 40
82 1025 40
116 256 40
127 1412 40
183 872 40
282 1147 40
303 541 40
319 1162 40
352 1027 40
383 835 40
388 1395 40
400 454 40
671 774 40
740 857 40
955 1291 40
1044 1439 40
15 921 41
32 1334 41
40 983 41
54 919 41
79 1330 41
90 955 41
100 704 41
112 1315 41
128 1262 41
151 762 41
169 1301 41
174 440 41
184 378 41
210 792 41
211 1465 41
233 411 41
233 244 41
254 1007 41
274 1104 41
280 1064 41
282 330 41
298 906 41
301 1065 41
308 540 41
320 523 41
331 551 41
337 878 41
339 490 41
354 693 41
360 1422 41
366 1277 41
372 523 41
385 864 41
404 1143 41
425 685 41
451 1189 41
462 824 41
512 562 41
516 1053 41
542 1188 41
577 876 41
611 1035 41
619 1267 41
623 809 41
623 705 41
648 788 41
659 1262 41
674 1282 41
699 901 41
721 1447 41
734 821 41
742 908 41
746 921 41
761 1116 41
768 1094 41
805 1208 41
829 1208 41
830 1472 41
850 1338 41
892 973 41
903 997 41
909 1127 41
919 1437 41
932 1446 41
997 1456 41
1022 1094 41
1033 1158 41
1039 1472 41
1097 1188 41
1123 1423 41
1132 1475 41
1150 1293 41
1269 1376 41
1311 1372 41
7 476 42
11 1328 42
18 723 42
25 550 42
37 717 42
59 312 42
62 960 42
65 363 42
71 835 42
75 1392 42
82 731 42
103 1002 42
106 1407 42
108 311 42
128 961 42
138 554 42
148 1005 42
150 782 42
152 1135 42
164 332 42
168 223 42
168 1329 42
172 1120 42
196 816 42
200 822 42
210 395 42
217 772 42
238 1473 42
241 1386 42
246 253 42
262 834 42
264 1459 42
267 778 42
268 1352 42
268 910 42
277 1363 42
281 447 42
287 461 42
290 1022 42
294 1012 42
300 1027 42
316 736 42
323 629 42
327 1029 42
328 474 42
342 1308 42
348 1454 42
356 536 42
359 1116 42
362 939 42
363 1007 42
367 1343 42
378 1246 42
396 1140 42
399 494 42
401 1114 42
402 1120 42
411 934 42
431 995 42
434 834 42
434 705 42
436 452 42
456 1362 42
458 558 42
470 1210 42
471 729 42
482 1338 42
485 1387 42
497 670 42
500 764 42
506 815 42
510 1406 42
511 902 42
518 770 42
524 585 42
526 872 42
528 780 42
531 618 42
544 851 42
549 1272 42
553 681 42
563 1459 42
564 721 42
564 573 42
578 641 42
586 1280 42
610 649 42
620 1435 42
631 1399 42
671 1392 42
705 830 42
716 920 42
716 1152 42
719 953 42
719 827 42
725 1461 42
727 771 42
733 1078 42
748 975 42
765 983 42
781 1426 42
814 1471 42
814 1413 42
834 1278 42
834 1264 42
851 1077 42
873 1181 42
884 1213 42
902 1292 42
903 1169 42
919 920 42
939 1290 42
949 1235 42
965 1236 42
1001 1194 42
1027 1374 42
1031 1298 42
1075 1273 42
1089 1232 42
1153 1308 42
1182 1229 42
1227 1350 42
1232 1359 42
1262 1365 42
1310 1402 42
1339 1378 42
6 370 43
8 700 43
10 461 43
16 697 43
18 26 43
18 1264 43
19 821 43
23 650 43
29 483 43
37 967 43
44 359 43
47 137 43
48 203 43
50 1111 43
65 600 43
70 1145 43
79 796 43
85 707 43
89 1429 43
91 922 43
94 842 43
96 856 43
97 351 43
98 278 43
99 613 43
101 1259 43
112 784 43
114 262 43
114 658 43
115 424 43
117 1131 43
119 1257 43
127 794 43
127 1479 43
129 145 43
131 203 43
134 168 43
147 1262 43
147 1276 43
148 226 43
150 649 43
159 376 43
162 404 43
166 262 43
167 1048 43
171 1120 43
175 572 43
179 440 43
182 1022 43
182 925 43
187 816 43
189 816 43
194 525 43
204 546 43
204 1119 43
217 1438 43
218 468 43
228 665 43
229 917 43
231 694 43
232 467 43
240 927 43
243 1336 43
249 1327 43
252 1015 43
264 1241 43
264 290 43
266 1311 43
267 1399 43
274 1013 43
283 338 43
286 1407 43
292 1428 43
293 444 43
295 1182 43
304 1223 43
305 867 43
307 799 43
308 801 43
309 995 43
310 954 43
310 1406 43
310 642 43
316 797 43
318 928 43
329 653 43
331 1109 43
333 932 43
342 514 43
344 763 43
347 1393 43
351 671 43
366 399 43
367 691 43
377 696 43
383 435 43
386 1411 43
390 1315 43
392 517 43
401 1426 43
402 953 43
412 1033 43
412 1380 43
414 750 43
414 1335 43
421 761 43
421 1406 43
425 1008 43
428 928 43
429 1145 43
436 593 43
451 988 43
468 949 43
470 1216 43
486 864 43
491 698 43
497 721 43
499 777 43
501 1159 43
504 1344 43
512 958 43
513 771 43
522 1368 43
523 1378 43
528 849 43
529 1378 43
545 1445 43
547 634 43
551 598 43
553 1055 43
555 709 43
567 1304 43
572 1369 43
573 643 43
576 804 43
576 696 43
581 1330 43
584 822 43
589 662 43
590 622 43
596 959 43
600 1116 43
616 953 43
620 1027 43
652 1382 43
674 976 43
677 881 43
684 1190 43
690 1333 43
713 1003 43
720 1382 43
752 1363 43
757 1103 43
767 1150 43
775 1460 43
780 1395 43
781 1152 43
785 1232 43
813 1338 43
815 838 43
816 1037 43
826 1201 43
842 1371 43
851 1291 43
852 1473 43
880 1305 43
893 1437 43
908 1375 43
910 1062 43
913 939 43
933 1293 43
955 1297 43
957 1042 43
979 1271 43
992 1171 43
1019 1459 43
1037 1325 43
1064 1268 43
1076 1390 43
1106 1112 43
1135 1350 43
1141 1447 43
1162 1239 43
1170 1376 43
1209 1374 43
1231 1272 43
1252 1347 43
1273 1403 43
1323 1453 43
1362 1469 43
10 852 44
36 169 44
106 1088 44
111 1065 44
136 937 44
156 629 44
170 1271 44
187 760 44
210 1280 44
212 1182 44
236 1440 44
238 1474 44
242 398 44
258 1095 44
260 756 44
266 436 44
267 1452 44
295 989 44
310 895 44
396 1201 44
416 647 44
463 982 44
490 865 44
538 959 44
699 840 44
708 916 44
712 938 44
721 755 44
725 1016 44
744 1408 44
759 1136 44
795 926 44
823 924 44
909 920 44
920 1455 44
927 1003 44
934 1048 44
974 1071 44
1040 1284 44
1079 1164 44
1088 1306 44
1170 1298 44
1282 1403 44
12 953 45
19 1363 45
21 1335 45
36 51 45
39 60 45
48 810 45
50 705 45
52 584 45
67 1433 45
69 1304 45
80 1143 45
88 383 45
88 138 45
94 1195 45
94 1477 45
106 236 45
106 1321 45
109 1358 45
121 1412 45
124 1057 45
125 1479 45
136 1375 45
139 1460 45
140 241 45
141 1030 45
143 209 45
161 1317 45
163 335 45
166 172 45
191 322 45
206 441 45
210 364 45
218 723 45
225 1178 45
226 241 45
230 818 45
238 536 45
264 1435 45
267 337 45
269 1348 45
270 401 45
271 320 45
282 1216 45
286 1380 45
288 826 45
297 408 45
310 515 45
315 708 45
322 1407 45
329 1173 45
338 645 45
341 714 45
343 467 45
352 1243 45
353 746 45
355 815 45
362 712 45
366 629 45
371 733 45
383 500 45
386 749 45
391 1458 45
394 589 45
405 1318 45
410 1290 45
412 1316 45
424 763 45
428 1005 45
429 756 45
431 723 45
457 598 45
475 731 45
480 990 45
482 1209 45
496 1060 45
504 1424 45
508 1184 45
509 995 45
510 772 45
513 1166 45
515 614 45
522 714 45
533 861 45
536 900 45
547 897 45
551 921 45
561 788 45
572 1139 45
573 973 45
574 1181 45
577 588 45
578 929 45
578 1452 45
589 1475 45
614 736 45
618 1321 45
624 1180 45
639 954 45
648 1354 45
657 811 45
661 854 45
668 961 45
673 884 45
684 851 45
687 790 45
714 1185 45
721 740 45
764 1148 45
769 1196 45
778 1358 45
779 1304 45
801 1465 45
804 1179 45
817 1122 45
821 841 45
831 1009 45
862 1210 45
877 957 45
889 1114 45
904 1398 45
908 934 45
973 1299 45
1000 1117 45
1003 1396 45
1005 1382 45
1008 1454 45
1018 1436 45
1031 1156 45
1035 1251 45
1073 1284 45
1124 1239 45
1125 1182 45
1140 1290 45
1162 1277 45
1166 1276 45
1167 1256 45
1212 1412 45
1220 1317 45
1333 1476 45
1336 1346 45
1354 1403 45
1399 1410 45
1401 1436 45
1402 1454 45
0 1195 46
2 334 46
9 546 46
10 1185 46
20 1293 46
24 1161 46
27 1342 46
29 646 46
32 1343 46
32 58 46
34 425 46
40 645 46
43 979 46
43 483 46
59 1341 46
63 1297 46
67 155 46
69 734 46
81 814 46
82 764 46
85 654 46
86 130 46
92 766 46
102 259 46
108 579 46
109 501 46
112 964 46
116 415 46
120 146 46
122 1001 46
126 334 46
129 920 46
132 1434 46
133 1101 46
140 263 46
163 1346 46
169 1384 46
169 567 46
169 624 46
173 1271 46
178 1323 46
187 564 46
188 464 46
189 1466 46
189 1218 46
195 386 46
205 566 46
208 519 46
209 672 46
212 359 46
238 781 46
247 663 46
252 734 46
255 316 46
260 425 46
260 452 46
268 409 46
277 674 46
278 649 46
288 1092 46
291 1214 46
296 311 46
300 1209 46
301 780 46
305 775 46
307 1285 46
319 762 46
321 551 46
322 769 46
328 463 46
332 710 46
333 1037 46
335 719 46
344 979 46
345 1153 46
353 1347 46
354 837 46
354 708 46
357 1292 46
368 1141 46
374 408 46
378 1288 46
382 728 46
393 1309 46
395 470 46
401 845 46
408 583 46
452 1229 46
459 525 46
462 768 46
468 680 46
471 695 46
471 1138 46
472 1021 46
474 498 46
481 1354 46
485 1087 46
489 1026 46
494 1458 46
497 884 46
500 737 46
507 710 46
529 1336 46
541 1360 46
542 1018 46
543 812 46
544 670 46
545 1043 46
547 599 46
547 837 46
552 1006 46
556 1292 46
558 902 46
559 1449 46
561 583 46
584 1053 46
591 1261 46
600 1067 46
604 1002 46
608 1214 46
626 799 46
658 793 46
670 1225 46
673 810 46
682 932 46
697 1475 46
699 1126 46
732 1399 46
735 752 46
753 1021 46
763 913 46
768 1335 46
773 933 46
782 1320 46
796 824 46
808 1115 46
813 1286 46
838 1008 46
846 1044 46
861 1145 46
875 1262 46
886 1235 46
888 1000 46
902 1476 46
903 1392 46
927 1251 46
928 1171 46
931 1321 46
947 1390 46
948 1116 46
966 1219 46
973 1273 46
978 1166 46
988 1120 46
1021 1028 46
1024 1416 46
1025 1333 46
1027 1363 46
1029 1128 46
1039 1074 46
1071 1407 46
1079 1461 46
1079 1375 46
1117 1128 46
1118 1399 46
1126 1365 46
1132 1404 46
1142 1199 46
1144 1346 46
1144 1412 46
1148 1152 46
1166 1233 46
1199 1396 46
1204 1211 46
1204 1314 46
1204 1362 46
1273 1399 46
1289 1314 46
1299 1322 46
1305 1402 46
1340 1428 46
7 135 47
9 451 47
21 486 47
24 1386 47
30 903 47
32 991 47
34 155 47
35 1041 47
40 158 47
68 188 47
70 713 47
73 684 47
74 575 47
81 852 47
114 1256 47
114 943 47
119 288 47
119 185 47
129 650 47
131 1308 47
136 569 47
142 314 47
164 1446 47
170 755 47
176 863 47
187 439 47
189 769 47
191 341 47
203 753 47
212 569 47
231 837 47
233 859 47
234 270 47
243 1352 47
248 1317 47
248 1045 47
278 984 47
282 605 47
282 1388 47
282 1273 47
294 486 47
297 1055 47
297 1050 47
298 554 47
303 703 47
305 1428 47
319 1041 47
321 413 47
325 526 47
365 969 47
375 940 47
381 841 47
392 1398 47
394 526 47
417 501 47
421 1444 47
424 1224 47
433 1427 47
440 1094 47
464 916 47
465 679 47
478 1006 47
488 693 47
490 947 47
493 678 47
502 684 47
517 859 47
519 1286 47
522 1263 47
534 1028 47
540 677 47
548 1428 47
564 905 47
625 1275 47
640 846 47
644 645 47
648 923 47
650 933 47
653 723 47
665 1153 47
665 670 47
668 1419 47
689 1048 47
693 1349 47
701 1397 47
710 1393 47
718 1366 47
732 1344 47
746 759 47
764 1312 47
770 1287 47
776 1287 47
783 973 47
786 1001 47
831 1165 47
854 1028 47
876 925 47
888 1147 47
917 1329 47
920 1075 47
931 1152 47
931 1016 47
950 1436 47
960 1280 47
1023 1396 47
1030 1261 47
1052 1128 47
1058 1201 47
1066 1267 47
1084 1369 47
1096 1311 47
1116 1251 47
1119 1295 47
1184 1374 47
1205 1315 47
1217 1465 47
1225 1247 47
1330 1467 47
20 943 48
27 368 48
28 815 48
47 1200 48
49 854 48
58 223 48
66 476 48
70 531 48
73 339 48
75 263 48
78 1345 48
95 228 48
97 296 48
141 1057 48
151 1472 48
154 1012 48
156 376 48
167 1472 48
189 1291 48
200 393 48
200 746 48
205 459 48
209 371 48
210 559 48
217 753 48
233 1349 48
254 1429 48
285 909 48
290 865 48
303 1103 48
312 710 48
319 1450 48
319 1397 48
329 524 48
346 911 48
356 1218 48
393 605 48
421 478 48
425 671 48
436 453 48
440 764 48
440 1410 48
453 908 48
473 824 48
481 656 48
490 1184 48
499 1106 48
537 916 48
558 1286 48
560 966 48
584 1024 48
631 1160 48
634 1245 48
652 1438 48
688 769 48
728 924 48
780 1457 48
811 1168 48
842 1192 48
861 892 48
876 1215 48
877 897 48
877 1445 48
881 1002 48
914 1415 48
968 1124 48
1007 1266 48
1042 1418 48
1055 1210 48
1066 1441 48
1089 1422 48
1099 1126 48
1136 1225 48
1303 1322 48
1313 1460 48
60 886 49
76 1364 49
134 999 49
156 704 49
162 1298 49
200 1185 49
354 535 49
509 600 49
519 1102 49
607 1015 49
610 909 49
616 875 49
646 687 49
671 780 49
682 1357 49
730 872 49
849 1478 49
851 1040 49
1063 1274 49
1082 1263 49
1328 1369 49
13 321 50
20 828 50
55 457 50
76 593 50
105 1202 50
108 288 50
153 313 50
164 1297 50
170 397 50
181 284 50
215 561 50
252 785 50
254 1378 50
263 675 50
271 349 50
293 688 50
305 1434 50
305 664 50
308 1035 50
309 1016 50
321 1288 50
323 1441 50
339 651 50
357 738 50
391 1111 50
397 1415 50
432 1026 50
443 1438 50
450 776 50
510 861 50
532 978 50
543 760 50
546 1468 50
586 1120 50
589 1010 50
597 1285 50
635 1081 50
668 1305 50
702 877 50
721 1165 50
742 1367 50
811 994 50
937 1319 50
1129 1415 50
1131 1474 50
1166 1167 50
1229 1339 50
2 481 51
3 1308 51
12 967 51
13 453 51
20 348 51
21 1422 51
47 557 51
54 1011 51
61 1232 51
71 322 51
84 1311 51
92 298 51
107 1201 51
130 1424 51
137 1284 51
138 1291 51
139 572 51
151 327 51
163 573 51
166 811 51
179 1320 51
182 682 51
182 315 51
219 853 51
222 1237 51
225 647 51
234 681 51
259 1368 51
283 666 51
289 555 51
305 1127 51
345 1155 51
363 1451 51
370 1172 51
384 752 51
385 779 51
394 1236 51
426 884 51
432 1391 51
433 957 51
441 707 51
443 1236 51
444 1246 51
469 501 51
471 1142 51
477 517 51
500 551 51
506 525 51
511 1012 51
513 861 51
513 522 51
536 620 51
537 871 51
549 701 51
550 764 51
562 1458 51
571 1261 51
583 1314 51
597 750 51
626 991 51
641 1331 51
657 704 51
663 1413 51
667 679 51
694 974 51
701 1024 51
702 1283 51
707 804 51
713 1019 51
723 733 51
741 1025 51
746 1287 51
750 984 51
797 1371 51
838 1304 51
903 919 51
923 1056 51
948 1280 51
953 1311 51
954 1150 51
999 1339 51
1037 1428 51
1041 1254 51
1145 1471 51
1218 1276 51
1310 1342 51
1 1373 52
16 1404 52
71 707 52
83 314 52
138 1395 52
163 442 52
175 690 52
175 329 52
193 1092 52
216 1388 52
284 872 52
373 1304 52
435 1392 52
519 935 52
532 689 52
689 1443 52
808 1292 52
936 1456 52
962 1432 52
1004 1164 52
1239 1392 52
14 400 53
27 786 53
42 646 53
67 956 53
71 693 53
83 1318 53
90 1396 53
95 186 53
100 207 53
114 1130 53
160 204 53
169 1072 53
171 1372 53
191 1071 53
193 1245 53
254 388 53
264 312 53
285 1076 53
299 1200 53
317 338 53
372 900 53
377 576 53
395 870 53
410 1381 53
465 707 53
497 1323 53
501 856 53
506 1208 53
507 1476 53
531 1312 53
608 928 53
636 992 53
670 928 53
712 1357 53
717 869 53
833 1386 53
849 1187 53
887 1261 53
943 1029 53
946 1357 53
953 1215 53
1064 1297 53
1118 1339 53
1126 1351 53
1174 1176 53
1174 1390 53
1196 1229 53
15 232 54
37 1181 54
59 1231 54
62 483 54
66 949 54
67 241 54
73 1324 54
77 877 54
89 1104 54
147 272 54
170 862 54
215 978 54
228 1386 54
243 961 54
244 468 54
245 1266 54
290 907 54
291 944 54
292 562 54
296 1182 54
333 1270 54
334 737 54
349 938 54
357 881 54
363 377 54
365 1241 54
370 839 54
376 1170 54
434 1002 54
438 1084 54
439 1470 54
472 1107 54
486 1092 54
487 895 54
519 1200 54
539 1223 54
559 1099 54
572 1197 54
616 687 54
625 1179 54
684 1229 54
695 1251 54
735 1083 54
745 1301 54
758 933 54
764 1204 54
783 1295 54
791 815 54
798 946 54
810 1370 54
845 1425 54
899 1314 54
975 1185 54
1089 1260 54
1199 1208 54
1245 1454 54
1337 1417 54
0 452 55
6 752 55
10 456 55
16 361 55
20 1296 55
21 1450 55
30 1216 55
34 818 55
36 307 55
52 328 55
54 386 55
69 1175 55
95 1259 55
106 1478 55
106 1381 55
115 915 55
127 730 55
134 677 55
136 658 55
149 1216 55
160 1097 55
187 746 55
193 1184 55
201 1261 55
219 1369 55
222 1327 55
255 279 55
269 304 55
281 925 55
295 326 55
296 357 55
296 1402 55
298 877 55
307 705 55
309 1049 55
313 1298 55
319 519 55
329 593 55
333 939 55
338 1133 55
339 887 55
340 608 55
344 868 55
369 1216 55
377 1009 55
381 1009 55
383 485 55
386 833 55
392 1327 55
393 562 55
397 668 55
403 858 55
409 568 55
412 794 55
413 663 55
426 780 55
444 1399 55
446 472 55
454 1099 55
460 777 55
462 975 55
468 1240 55
476 728 55
486 836 55
492 1340 55
492 690 55
505 514 55
532 832 55
538 1281 55
538 844 55
547 934 55
572 1464 55
574 774 55
582 1476 55
585 986 55
590 915 55
590 1476 55
609 719 55
638 1197 55
648 1071 55
655 1327 55
656 968 55
662 766 55
667 825 55
694 1252 55
696 1282 55
697 1349 55
709 999 55
722 891 55
744 991 55
745 1241 55
758 1208 55
762 1265 55
798 1212 55
799 1426 55
817 1028 55
828 875 55
828 1192 55
829 872 55
843 1230 55
844 1170 55
880 1160 55
892 1404 55
905 1155 55
935 1025 55
936 1154 55
983 1448 55
990 1229 55
997 1286 55
1019 1416 55
1025 1406 55
1037 1181 55
1073 1174 55
1099 1134 55
1164 1249 55
1170 1292 55
1239 1314 55
1297 1465 55
1321 1466 55
1348 1468 55
5 1258 56
9 1403 56
24 1314 56
32 622 56
34 430 56
73 677 56
78 728 56
79 521 56
87 551 56
89 1370 56
90 973 56
99 1143 56
99 1362 56
107 1054 56
114 456 56
117 306 56
117 1163 56
121 1218 56
150 164 56
152 561 56
153 988 56
161 842 56
163 1371 56
166 455 56
167 1443 56
169 406 56
172 1279 56
174 445 56
177 1435 56
184 324 56
187 206 56
192 1098 56
196 917 56
203 1085 56
204 982 56
224 497 56
224 1412 56
240 855 56
249 719 56
265 1256 56
300 881 56
309 1465 56
310 879 56
310 1187 56
312 723 56
315 866 56
318 1429 56
330 970 56
337 429 56
342 992 56
352 907 56
359 634 56
389 500 56
390 846 56
392 859 56
405 820 56
409 845 56
411 904 56
412 888 56
412 1007 56
426 1073 56
439 681 56
441 738 56
468 1183 56
506 905 56
520 1467 56
521 939 56
535 1456 56
548 670 56
559 1160 56
561 1013 56
589 1251 56
597 621 56
602 998 56
627 813 56
630 1195 56
657 945 56
670 1120 56
683 1218 56
686 845 56
705 1359 56
706 773 56
720 1040 56
734 1289 56
744 1262 56
771 981 56
778 1468 56
782 1035 56
788 1138 56
789 1131 56
802 1162 56
822 1250 56
869 1174 56
935 1262 56
943 1062 56
949 1080 56
949 1128 56
950 1372 56
964 1472 56
966 1205 56
969 1134 56
993 1377 56
1007 1288 56
1015 1088 56
1016 1154 56
1034 1066 56
1072 1475 56
1074 1222 56
1091 1239 56
1189 1304 56
1215 1273 56
1367 1459 56
1390 1392 56
1 873 57
17 1251 57
18 1410 57
20 1149 57
24 1359 57
27 268 57
33 1477 57
47 437 57
50 561 57
51 210 57
57 743 57
59 663 57
64 1138 57
71 935 57
83 1021 57
89 296 57
91 483 57
93 1219 57
95 1323 57
96 463 57
98 1267 57
100 1393 57
122 1188 57
125 497 57
133 263 57
140 1348 57
141 530 57
151 700 57
159 254 57
165 938 57
172 1003 57
175 451 57
178 782 57
184 1149 57
189 368 57
201 1467 57
210 960 57
221 980 57
231 1200 57
239 385 57
241 512 57
246 1433 57
249 369 57
255 1225 57
270 1067 57
275 483 57
276 705 57
288 618 57
290 365 57
300 323 57
309 605 57
317 956 57
320 1272 57
321 1035 57
354 1037 57
364 1066 57
365 416 57
368 1265 57
409 902 57
421 1144 57
422 448 57
450 1268 57
465 1155 57
472 554 57
482 1448 57
486 1038 57
486 814 57
494 843 57
512 1308 57
514 1455 57
515 1327 57
557 699 57
600 794 57
609 704 57
620 1276 57
643 1348 57
644 1073 57
646 918 57
649 1230 57
658 859 57
673 675 57
675 834 57
696 805 57
699 1142 57
728 1155 57
789 1088 57
793 882 57
803 1059 57
804 1435 57
808 1467 57
857 1252 57
861 1132 57
869 1309 57
869 881 57
871 946 57
872 1271 57
918 945 57
932 1420 57
937 1024 57
1040 1183 57
1041 1207 57
1053 1090 57
1053 1341 57
1065 1336 57
1121 1153 57
1140 1262 57
1216 1301 57
2 1158 58
4 353 58
4 661 58
14 344 58
20 1275 58
25 1259 58
33 894 58
34 354 58
39 813 58
46 310 58
53 1256 58
55 172 58
56 297 58
74 405 58
88 351 58
105 534 58
118 1215 58
122 709 58
145 1345 58
167 1286 58
195 519 58
203 237 58
213 996 58
233 1452 58
233 462 58
234 561 58
240 837 58
246 927 58
247 989 58
251 974 58
255 735 58
260 329 58
261 1100 58
271 1312 58
274 1434 58
284 907 58
291 422 58
319 1249 58
322 927 58
329 715 58
331 1185 58
338 1408 58
360 1164 58
369 683 58
378 1077 58
380 1021 58
393 934 58
402 500 58
421 1276 58
441 609 58
454 1213 58
455 1221 58
461 1053 58
478 623 58
515 823 58
517 1403 58
522 631 58
525 1248 58
528 1151 58
545 864 58
557 1443 58
563 855 58
565 1030 58
598 858 58
604 888 58
645 1207 58
654 1023 58
665 875 58
667 693 58
667 1403 58
709 1319 58
729 1318 58
733 875 58
738 1225 58
775 1068 58
794 1462 58
802 1145 58
803 1250 58
808 1279 58
825 961 58
839 1377 58
848 1334 58
871 1254 58
891 943 58
892 1411 58
892 1338 58
923 1100 58
954 986 58
955 1355 58
983 1131 58
1015 1246 58
1040 1379 58
1057 1203 58
1089 1286 58
1102 1270 58
1146 1352 58
1220 1346 58
1266 1437 58
1275 1438 58
1288 1351 58
1302 1430 58
1358 1384 58
1360 1446 58
7 30 59
34 1315 59
58 812 59
69 618 59
76 648 59
82 137 59
108 1188 59
116 324 59
128 537 59
157 1306 59
209 341 59
209 1364 59
211 286 59
216 975 59
232 1278 59
244 322 59
253 1322 59
274 703 59
295 1420 59
302 391 59
324 1037 59
331 557 59
348 1116 59
394 1459 59
402 698 59
439 1180 59
450 699 59
452 1255 59
453 836 59
462 1334 59
466 1451 59
476 616 59
482 708 59
503 841 59
514 1142 59
544 1366 59
551 1104 59
551 1052 59
557 939 59
566 817 59
593 606 59
598 1416 59
681 1231 59
737 1123 59
738 1133 59
748 1006 59
752 810 59
758 900 59
773 1182 59
829 987 59
836 1014 59
836 1029 59
866 1144 59
942 1443 59
943 1132 59
956 1222 59
1028 1179 59
1078 1103 59
1080 1115 59
1085 1356 59
1186 1276 59
1268 1343 59
18 704 60
96 326 60
101 962 60
182 255 60
202 1466 60
226 1234 60
274 580 60
279 1318 60
285 1079 60
302 1401 60
379 784 60
412 993 60
430 1343 60
432 740 60
451 685 60
603 1295 60
625 749 60
678 1188 60
693 1269 60
724 1054 60
830 1243 60
871 914 60
1079 1160 60
