0 3 0
0 4 0
0 5 0
0 7 0
0 37 0
0 39 0
0 17 0
0 28 0
1 9 0
1 12 0
1 5 0
1 4 0
1 33 0
1 42 0
1 30 0
1 2 0
1 6 0
1 38 0
2 5 0
2 18 0
2 12 0
2 16 0
2 45 0
2 20 0
2 38 0
2 40 0
2 37 0
2 21 0
3 6 0
3 24 0
3 19 0
3 34 0
3 20 0
4 17 0
4 30 0
4 32 0
4 36 0
4 38 0
4 13 0
4 24 0
4 26 0
4 35 0
5 21 0
5 16 0
5 29 0
5 47 0
6 12 0
6 15 0
6 8 0
6 11 0
6 29 0
6 51 0
7 20 0
7 24 0
7 18 0
7 10 0
7 21 0
7 29 0
8 13 0
8 14 0
8 29 0
8 40 0
8 49 0
8 26 0
9 23 0
9 11 0
9 21 0
9 35 0
9 32 0
9 45 0
9 40 0
10 22 0
10 25 0
10 45 0
10 38 0
10 40 0
10 28 0
10 11 0
11 41 0
11 38 0
11 47 0
12 18 0
12 43 0
12 45 0
12 38 0
12 42 0
12 44 0
12 32 0
13 23 0
13 24 0
13 36 0
14 24 0
14 47 0
15 21 0
15 25 0
15 46 0
15 50 0
15 45 0
15 40 0
15 24 0
15 26 0
16 20 0
16 22 0
16 37 0
16 48 0
16 25 0
16 34 0
16 43 0
16 36 0
17 41 0
17 35 0
17 28 0
18 51 0
18 41 0
18 29 0
19 20 0
19 39 0
19 29 0
19 33 0
20 25 0
20 21 0
20 33 0
20 42 0
20 26 0
20 39 0
20 41 0
20 50 0
21 25 0
21 46 0
21 39 0
21 43 0
21 38 0
21 47 0
21 40 0
21 42 0
21 26 0
21 28 0
22 25 0
22 41 0
22 50 0
22 47 0
22 31 0
23 24 0
23 29 0
23 44 0
23 48 0
23 32 0
24 36 0
25 29 0
25 33 0
26 30 0
26 27 0
26 41 0
26 38 0
26 49 0
27 44 0
27 41 0
28 51 0
28 34 0
28 38 0
28 33 0
28 42 0
29 50 0
30 34 0
30 51 0
31 33 0
31 34 0
32 46 0
32 39 0
32 38 0
33 35 0
33 50 0
34 45 0
34 49 0
34 51 0
35 49 0
36 46 0
36 50 0
36 43 0
36 49 0
36 51 0
37 51 0
38 46 0
38 43 0
38 45 0
39 44 0
40 50 0
43 46 0
43 48 0
44 47 0
44 48 0
45 48 0
46 50 0
46 47 0
47 48 0
0 33 1
0 48 1
0 2 1
0 25 1
0 22 1
0 40 1
0 24 1
0 10 1
0 19 1
1 49 1
1 33 1
1 14 1
1 42 1
1 40 1
1 32 1
1 15 1
1 28 1
1 21 1
1 2 1
1 50 1
1 4 1
1 27 1
2 41 1
2 13 1
2 22 1
2 49 1
2 33 1
2 8 1
2 30 1
2 51 1
2 14 1
2 23 1
2 16 1
2 9 1
3 48 1
3 33 1
3 45 1
3 4 1
3 16 1
3 14 1
3 10 1
3 22 1
3 49 1
3 6 1
3 44 1
3 18 1
3 39 1
3 41 1
3 38 1
4 25 1
4 50 1
4 18 1
4 20 1
4 15 1
4 26 1
4 35 1
4 46 1
4 28 1
4 21 1
4 16 1
5 37 1
5 21 1
5 30 1
5 25 1
5 9 1
5 18 1
5 41 1
5 13 1
5 27 1
5 47 1
5 22 1
5 31 1
5 15 1
5 42 1
5 35 1
6 48 1
6 20 1
6 50 1
6 27 1
6 38 1
6 47 1
6 22 1
6 31 1
6 30 1
6 7 1
6 25 1
6 9 1
7 17 1
7 12 1
7 11 1
7 41 1
7 34 1
7 45 1
7 20 1
7 38 1
7 31 1
7 33 1
8 25 1
8 48 1
8 45 1
8 13 1
8 14 1
9 45 1
9 36 1
9 12 1
9 32 1
9 30 1
9 41 1
9 23 1
9 16 1
9 10 1
9 28 1
9 27 1
9 20 1
9 22 1
10 37 1
10 12 1
10 21 1
10 45 1
10 22 1
10 31 1
10 33 1
10 17 1
10 14 1
10 18 1
11 21 1
11 23 1
11 35 1
11 31 1
11 33 1
11 46 1
11 34 1
11 29 1
11 49 1
11 42 1
11 19 1
11 28 1
12 40 1
12 46 1
12 31 1
12 16 1
12 43 1
12 23 1
12 25 1
12 34 1
12 18 1
12 33 1
12 35 1
12 50 1
13 40 1
13 36 1
13 31 1
13 16 1
13 43 1
13 33 1
13 44 1
13 46 1
13 39 1
13 50 1
13 49 1
13 15 1
14 32 1
14 31 1
14 33 1
14 35 1
14 25 1
14 19 1
14 21 1
14 39 1
14 41 1
14 50 1
14 20 1
14 38 1
15 16 1
15 36 1
15 38 1
15 31 1
15 26 1
15 19 1
16 40 1
16 36 1
16 43 1
16 20 1
16 38 1
16 31 1
16 42 1
16 37 1
17 23 1
17 48 1
17 32 1
17 43 1
17 27 1
17 20 1
17 31 1
17 49 1
17 24 1
17 26 1
17 19 1
17 28 1
18 26 1
18 28 1
18 21 1
18 23 1
18 48 1
18 43 1
19 41 1
19 40 1
19 51 1
19 21 1
20 44 1
20 28 1
20 23 1
20 25 1
20 46 1
20 39 1
20 27 1
20 36 1
20 45 1
21 39 1
21 46 1
21 34 1
21 49 1
21 42 1
22 40 1
22 36 1
22 37 1
22 39 1
22 48 1
22 43 1
22 49 1
22 42 1
22 51 1
23 37 1
23 38 1
23 29 1
23 28 1
23 48 1
24 38 1
24 26 1
24 29 1
24 49 1
25 44 1
25 40 1
25 49 1
25 41 1
25 37 1
26 51 1
26 43 1
26 38 1
26 47 1
26 28 1
26 37 1
27 40 1
27 49 1
27 39 1
28 30 1
28 48 1
28 41 1
28 29 1
28 33 1
29 41 1
29 34 1
29 51 1
29 35 1
30 42 1
30 41 1
30 45 1
31 32 1
31 48 1
31 37 1
31 43 1
32 37 1
32 42 1
33 40 1
33 35 1
33 48 1
34 46 1
34 48 1
34 41 1
35 51 1
35 36 1
35 49 1
36 40 1
36 51 1
36 46 1
36 44 1
36 48 1
36 47 1
36 39 1
37 45 1
38 40 1
38 46 1
38 48 1
38 50 1
38 43 1
38 47 1
38 42 1
38 51 1
39 40 1
39 42 1
40 46 1
40 44 1
41 50 1
41 47 1
42 50 1
42 48 1
42 46 1
43 51 1
44 49 1
45 47 1
45 48 1
46 50 1
48 49 1
48 50 1
