0 1 0
0 2 0
0 4 0
0 6 0
0 7 0
0 8 0
0 9 0
0 12 0
0 23 0
0 30 0
0 21 0
1 9 0
1 17 0
1 4 0
1 15 0
1 10 0
1 24 0
1 32 0
2 3 0
2 5 0
2 7 0
2 12 0
2 13 0
2 6 0
2 14 0
2 16 0
2 10 0
2 8 0
2 32 0
2 25 0
2 34 0
2 29 0
2 24 0
3 4 0
3 5 0
3 17 0
3 7 0
3 10 0
3 16 0
3 24 0
3 33 0
4 9 0
4 12 0
4 17 0
4 14 0
4 20 0
4 10 0
4 35 0
4 51 0
5 12 0
5 28 0
5 6 0
5 9 0
5 7 0
5 15 0
5 39 0
5 11 0
5 41 0
5 45 0
5 31 0
5 40 0
5 42 0
5 51 0
5 35 0
6 13 0
6 7 0
6 18 0
6 9 0
6 8 0
6 17 0
7 11 0
7 9 0
7 14 0
7 24 0
7 17 0
7 15 0
7 21 0
7 25 0
8 16 0
8 13 0
8 20 0
8 18 0
8 9 0
8 11 0
8 43 0
8 45 0
8 51 0
9 17 0
9 23 0
9 11 0
9 14 0
9 18 0
9 15 0
9 10 0
9 51 0
9 22 0
10 13 0
10 15 0
10 16 0
10 23 0
10 25 0
10 18 0
10 12 0
10 14 0
10 21 0
10 47 0
10 28 0
11 20 0
11 22 0
11 21 0
11 48 0
11 45 0
11 38 0
12 17 0
12 24 0
12 18 0
12 39 0
12 41 0
13 23 0
13 25 0
13 17 0
13 24 0
13 14 0
13 20 0
13 16 0
13 22 0
13 46 0
14 20 0
14 18 0
14 19 0
14 22 0
14 15 0
14 24 0
14 38 0
15 17 0
15 16 0
15 18 0
15 32 0
15 34 0
15 43 0
15 45 0
15 22 0
15 31 0
15 40 0
16 17 0
17 23 0
17 18 0
17 32 0
17 27 0
18 39 0
18 34 0
19 21 0
19 22 0
19 24 0
19 48 0
20 24 0
20 21 0
20 22 0
20 42 0
21 22 0
21 24 0
21 45 0
21 49 0
22 48 0
22 49 0
22 33 0
23 24 0
23 29 0
23 48 0
24 25 0
24 30 0
24 43 0
24 36 0
24 29 0
25 45 0
25 33 0
25 35 0
26 30 0
26 28 0
26 29 0
26 41 0
26 31 0
26 33 0
26 37 0
27 29 0
27 28 0
27 31 0
27 41 0
28 30 0
28 29 0
29 35 0
29 44 0
30 37 0
31 42 0
32 40 0
33 36 0
33 42 0
33 46 0
34 35 0
35 42 0
35 45 0
35 47 0
36 43 0
37 43 0
37 38 0
38 44 0
39 42 0
39 43 0
41 50 0
42 51 0
43 49 0
43 51 0
48 50 0
0 33 1
0 3 1
0 32 1
0 31 1
0 48 1
0 18 1
0 27 1
0 36 1
0 42 1
1 9 1
1 10 1
1 8 1
1 26 1
1 16 1
1 39 1
1 30 1
1 24 1
1 35 1
1 46 1
1 45 1
1 36 1
1 13 1
1 43 1
1 14 1
1 40 1
1 32 1
1 47 1
1 37 1
1 2 1
2 50 1
3 40 1
3 42 1
3 32 1
3 36 1
3 12 1
3 33 1
3 24 1
3 35 1
3 46 1
3 45 1
3 4 1
3 31 1
3 16 1
3 43 1
3 14 1
3 47 1
3 9 1
3 25 1
3 41 1
3 38 1
4 48 1
4 12 1
4 31 1
4 23 1
4 42 1
5 37 1
5 30 1
5 39 1
5 23 1
5 20 1
5 31 1
6 41 1
6 36 1
6 8 1
6 17 1
6 39 1
6 7 1
7 19 1
7 51 1
7 50 1
7 20 1
7 29 1
8 22 1
8 39 1
8 36 1
8 38 1
8 23 1
8 10 1
8 40 1
8 16 1
8 50 1
8 34 1
8 49 1
9 13 1
9 35 1
9 46 1
9 45 1
9 33 1
9 44 1
9 12 1
9 43 1
9 42 1
9 30 1
9 24 1
9 25 1
9 23 1
9 14 1
9 16 1
9 10 1
10 37 1
10 36 1
10 32 1
10 25 1
10 24 1
10 12 1
10 23 1
10 21 1
10 40 1
11 21 1
11 36 1
11 25 1
11 24 1
11 38 1
11 39 1
11 35 1
11 45 1
11 47 1
11 31 1
11 40 1
11 22 1
11 16 1
11 46 1
12 40 1
12 39 1
12 48 1
12 32 1
12 30 1
12 24 1
12 46 1
12 44 1
12 13 1
12 31 1
12 14 1
12 16 1
12 23 1
12 25 1
13 40 1
13 36 1
13 14 1
13 16 1
13 43 1
13 21 1
14 40 1
14 32 1
14 47 1
14 30 1
14 43 1
14 22 1
14 33 1
14 24 1
14 35 1
14 46 1
14 23 1
14 26 1
14 28 1
15 32 1
16 40 1
16 39 1
16 48 1
16 35 1
16 36 1
16 49 1
16 43 1
16 23 1
16 21 1
16 45 1
17 32 1
17 43 1
17 36 1
17 45 1
17 26 1
18 41 1
18 25 1
18 34 1
18 27 1
18 29 1
18 31 1
19 50 1
19 38 1
19 40 1
19 49 1
20 38 1
20 22 1
20 44 1
20 21 1
20 41 1
20 45 1
21 38 1
21 23 1
21 22 1
21 37 1
21 24 1
21 25 1
21 36 1
21 39 1
21 34 1
21 35 1
22 40 1
22 38 1
22 36 1
22 31 1
22 26 1
22 32 1
23 40 1
23 47 1
23 37 1
23 24 1
23 36 1
23 38 1
23 33 1
23 46 1
24 39 1
24 40 1
24 47 1
24 32 1
24 46 1
24 31 1
24 37 1
25 35 1
25 50 1
25 46 1
25 44 1
25 38 1
25 40 1
25 30 1
25 48 1
25 31 1
25 42 1
25 26 1
26 34 1
26 46 1
26 44 1
26 51 1
26 50 1
26 35 1
26 49 1
26 30 1
26 48 1
26 31 1
27 43 1
27 38 1
27 41 1
28 43 1
28 38 1
29 38 1
29 49 1
29 37 1
30 43 1
30 42 1
30 40 1
30 44 1
30 35 1
30 50 1
30 41 1
31 32 1
31 40 1
31 46 1
31 38 1
31 35 1
31 41 1
32 40 1
32 33 1
32 36 1
32 43 1
32 45 1
32 47 1
32 41 1
33 40 1
33 47 1
33 45 1
33 42 1
33 44 1
33 37 1
33 50 1
34 48 1
34 44 1
35 40 1
35 44 1
35 49 1
35 48 1
36 51 1
36 46 1
36 45 1
36 44 1
38 40 1
38 39 1
40 41 1
40 45 1
40 46 1
40 49 1
40 47 1
42 50 1
42 51 1
42 48 1
42 46 1
44 48 1
44 49 1
45 47 1
46 48 1
46 49 1
48 49 1
49 51 1
50 51 1
