0 1 0
2 5 0
2 4 0
2 3 0
3 4 0
3 56 0
4 5 0
6 7 0
9 15 0
9 11 0
9 10 0
10 13 0
10 34 0
11 16 0
11 15 0
11 13 0
11 12 0
11 14 0
12 15 0
12 13 0
13 16 0
14 16 0
14 15 0
15 16 0
16 34 0
17 19 0
17 18 0
18 19 0
18 35 0
19 45 0
20 22 0
20 21 0
21 22 0
22 50 0
22 43 0
22 32 0
24 26 0
24 25 0
26 55 0
26 57 0
27 28 0
27 29 0
27 30 0
28 30 0
28 44 0
28 29 0
29 30 0
30 40 0
32 51 0
33 34 0
34 53 0
37 39 0
37 38 0
38 44 0
39 54 0
40 49 0
41 43 0
42 46 0
45 48 0
45 47 0
46 48 0
46 47 0
47 1191 0
52 53 0
54 55 0
56 470 0
79 362 0
83 1473 0
100 658 0
123 565 0
155 343 0
236 1393 0
274 1052 0
359 1174 0
365 1199 0
411 1452 0
421 1185 0
422 1409 0
427 1444 0
441 903 0
458 532 0
561 626 0
593 732 0
606 1028 0
608 1435 0
622 646 0
736 1100 0
787 1418 0
890 1420 0
962 1452 0
1118 1228 0
1 12 1
1 65 1
3 85 1
3 63 1
3 75 1
3 62 1
3 84 1
3 33 1
3 61 1
4 69 1
4 5 1
5 69 1
6 66 1
6 61 1
8 33 1
8 61 1
8 445 1
10 31 1
10 58 1
17 40 1
17 67 1
19 74 1
19 758 1
21 29 1
24 69 1
25 79 1
25 80 1
28 86 1
31 67 1
31 83 1
31 58 1
31 82 1
33 59 1
35 46 1
35 78 1
40 84 1
44 721 1
45 64 1
45 1206 1
47 72 1
57 68 1
57 61 1
59 85 1
60 63 1
60 62 1
61 62 1
61 63 1
61 66 1
62 75 1
62 85 1
63 84 1
71 77 1
71 76 1
71 73 1
72 76 1
72 77 1
72 73 1
76 77 1
81 83 1
82 83 1
102 1132 1
111 1214 1
111 463 1
166 1420 1
208 474 1
223 1387 1
230 571 1
352 597 1
431 1245 1
449 590 1
474 1192 1
557 1177 1
608 1335 1
625 1047 1
795 1013 1
901 1101 1
940 1092 1
945 959 1
972 1350 1
1045 1152 1
1352 1459 1
1389 1404 1
0 51 2
2 89 2
2 88 2
2 12 2
2 59 2
3 129 2
3 63 2
3 130 2
3 59 2
3 31 2
4 971 2
6 121 2
6 24 2
6 120 2
10 80 2
10 111 2
10 104 2
10 114 2
10 112 2
12 59 2
24 138 2
24 120 2
24 119 2
25 87 2
25 107 2
28 115 2
28 100 2
28 29 2
28 98 2
28 99 2
28 91 2
31 68 2
31 71 2
31 111 2
31 104 2
31 80 2
31 113 2
31 114 2
31 112 2
35 94 2
35 124 2
35 70 2
40 63 2
40 60 2
43 1135 2
51 105 2
54 1059 2
59 88 2
59 75 2
61 122 2
63 129 2
68 80 2
68 131 2
69 109 2
69 108 2
70 95 2
70 94 2
80 111 2
81 126 2
81 125 2
81 127 2
81 128 2
83 848 2
86 103 2
88 89 2
90 92 2
90 91 2
90 93 2
91 93 2
91 92 2
92 93 2
94 95 2
96 97 2
99 100 2
101 104 2
101 103 2
101 102 2
102 103 2
102 885 2
104 133 2
104 114 2
104 112 2
106 130 2
106 135 2
109 110 2
112 114 2
113 114 2
114 134 2
116 117 2
120 121 2
121 136 2
122 997 2
125 128 2
125 127 2
125 126 2
126 127 2
127 128 2
133 134 2
134 158 2
136 137 2
147 572 2
150 1113 2
163 1363 2
183 1357 2
204 798 2
222 731 2
257 580 2
279 717 2
296 1084 2
316 977 2
357 1225 2
359 1096 2
362 1144 2
372 1452 2
373 675 2
422 1476 2
429 895 2
552 822 2
564 712 2
599 1011 2
634 778 2
637 801 2
640 911 2
683 981 2
697 1152 2
719 1351 2
724 729 2
729 1082 2
751 1036 2
795 1355 2
835 1357 2
895 947 2
937 1309 2
948 1319 2
954 1055 2
984 1054 2
1001 1211 2
1001 1366 2
1084 1396 2
1202 1361 2
1 24 3
2 107 3
2 137 3
2 89 3
10 31 3
14 31 3
14 103 3
25 69 3
28 98 3
31 111 3
31 132 3
31 103 3
35 94 3
35 143 3
60 96 3
61 146 3
62 115 3
68 120 3
69 139 3
69 123 3
69 140 3
70 73 3
70 94 3
70 149 3
73 94 3
73 143 3
76 143 3
80 1119 3
81 94 3
85 1362 3
86 92 3
89 109 3
90 121 3
91 93 3
92 93 3
92 147 3
93 147 3
94 124 3
96 712 3
101 103 3
102 152 3
102 103 3
103 1378 3
106 147 3
106 153 3
106 135 3
108 141 3
108 139 3
110 123 3
110 141 3
110 120 3
110 146 3
111 132 3
119 144 3
119 849 3
120 141 3
122 142 3
124 143 3
125 145 3
125 132 3
135 147 3
138 148 3
139 140 3
150 154 3
253 385 3
334 1295 3
342 460 3
345 596 3
391 1270 3
392 1334 3
417 514 3
480 587 3
551 1160 3
631 1189 3
678 761 3
696 896 3
782 1297 3
875 1266 3
898 1069 3
946 1306 3
1032 1426 3
1062 1436 3
1142 1178 3
1143 1397 3
1163 1412 3
2 88 4
2 137 4
2 89 4
5 42 4
10 166 4
12 122 4
12 89 4
12 60 4
14 15 4
14 24 4
14 68 4
15 24 4
17 1018 4
24 140 4
27 87 4
28 92 4
28 29 4
28 90 4
29 102 4
29 103 4
44 804 4
49 1318 4
60 121 4
61 154 4
61 158 4
62 151 4
64 156 4
64 157 4
68 124 4
68 156 4
69 120 4
69 1301 4
70 94 4
72 1164 4
88 137 4
88 108 4
89 137 4
90 92 4
91 115 4
92 93 4
94 165 4
98 164 4
101 102 4
103 155 4
108 110 4
111 114 4
112 114 4
115 151 4
121 148 4
121 138 4
122 154 4
122 142 4
123 165 4
123 148 4
123 149 4
124 157 4
130 166 4
138 148 4
139 140 4
154 158 4
156 157 4
158 1253 4
160 162 4
161 162 4
179 299 4
196 1423 4
275 838 4
282 468 4
290 743 4
311 471 4
343 346 4
543 976 4
585 1057 4
596 715 4
647 953 4
660 1006 4
767 994 4
770 1410 4
801 1252 4
860 927 4
875 1410 4
932 963 4
955 1026 4
1069 1288 4
1091 1138 4
1099 1101 4
1102 1376 4
1252 1346 4
2 88 5
2 137 5
2 89 5
10 155 5
10 31 5
12 149 5
29 152 5
29 103 5
46 1095 5
48 172 5
69 120 5
70 123 5
70 165 5
92 147 5
92 169 5
94 155 5
94 95 5
95 155 5
97 162 5
98 614 5
101 103 5
102 152 5
103 152 5
106 122 5
106 150 5
107 109 5
108 110 5
111 114 5
111 112 5
112 114 5
113 1416 5
115 151 5
119 142 5
122 150 5
123 165 5
123 138 5
150 154 5
160 162 5
170 171 5
236 1385 5
289 767 5
447 1297 5
481 1295 5
550 761 5
556 1289 5
586 940 5
641 1438 5
750 1048 5
755 1470 5
806 1418 5
810 1232 5
1357 1468 5
2 965 6
12 143 6
12 68 6
14 106 6
14 61 6
21 174 6
21 175 6
28 106 6
38 702 6
55 669 6
62 177 6
83 1180 6
89 107 6
94 124 6
95 124 6
97 160 6
97 162 6
119 142 6
120 141 6
121 138 6
149 165 6
174 175 6
212 995 6
231 1067 6
324 1243 6
338 546 6
357 548 6
394 895 6
424 766 6
585 631 6
615 1245 6
634 1475 6
765 1208 6
788 1179 6
844 1368 6
1071 1327 6
5 857 7
10 183 7
12 185 7
21 110 7
21 175 7
21 24 7
24 175 7
24 110 7
45 953 7
60 181 7
60 162 7
60 182 7
88 89 7
89 92 7
106 142 7
108 120 7
110 1458 7
152 1332 7
154 601 7
160 162 7
169 179 7
291 481 7
348 965 7
385 1006 7
386 802 7
397 1019 7
414 1192 7
425 521 7
452 1038 7
532 1144 7
555 997 7
556 807 7
607 785 7
1022 1465 7
0 1193 8
12 188 8
17 1350 8
25 1336 8
28 92 8
28 189 8
28 61 8
29 165 8
29 1082 8
62 924 8
88 192 8
94 197 8
94 184 8
106 194 8
106 160 8
106 189 8
107 192 8
107 181 8
108 140 8
108 186 8
109 458 8
115 121 8
115 170 8
140 186 8
142 186 8
142 179 8
143 198 8
152 180 8
159 1121 8
160 162 8
179 189 8
179 190 8
180 190 8
181 186 8
181 191 8
184 197 8
188 196 8
193 335 8
241 244 8
314 850 8
332 1418 8
344 957 8
378 572 8
400 511 8
450 906 8
503 1389 8
507 581 8
531 976 8
584 1398 8
603 955 8
632 1249 8
687 706 8
735 1203 8
752 1286 8
873 1263 8
898 1021 8
916 1177 8
8 144 9
12 188 9
12 214 9
12 215 9
12 195 9
12 216 9
12 213 9
12 92 9
12 21 9
15 834 9
21 92 9
21 216 9
21 209 9
21 230 9
21 110 9
21 231 9
21 188 9
21 210 9
21 213 9
28 106 9
28 223 9
28 221 9
28 179 9
28 61 9
28 169 9
31 301 9
36 564 9
61 179 9
61 221 9
61 227 9
61 224 9
78 1374 9
81 1386 9
88 231 9
88 230 9
88 110 9
91 1213 9
92 195 9
92 216 9
92 176 9
92 211 9
92 185 9
92 208 9
92 209 9
92 210 9
92 213 9
102 1039 9
106 224 9
106 234 9
106 191 9
106 169 9
110 231 9
110 215 9
110 230 9
110 188 9
110 216 9
112 226 9
112 201 9
112 200 9
112 180 9
121 211 9
140 170 9
140 186 9
142 202 9
142 203 9
142 204 9
142 170 9
142 205 9
142 169 9
143 237 9
160 194 9
160 207 9
165 213 9
169 223 9
170 204 9
170 203 9
170 205 9
176 212 9
179 221 9
179 222 9
179 223 9
180 225 9
180 226 9
180 200 9
185 211 9
185 214 9
185 213 9
186 231 9
186 190 9
186 206 9
188 215 9
188 210 9
188 209 9
188 216 9
190 231 9
190 230 9
191 203 9
192 195 9
192 230 9
192 218 9
192 219 9
192 217 9
192 220 9
194 229 9
195 214 9
195 230 9
195 213 9
196 781 9
197 226 9
199 200 9
199 201 9
200 225 9
201 225 9
201 228 9
202 204 9
202 205 9
203 204 9
203 235 9
203 205 9
204 235 9
204 205 9
205 235 9
206 207 9
208 212 9
209 215 9
209 216 9
210 215 9
210 216 9
211 214 9
211 213 9
213 214 9
213 1269 9
214 230 9
217 220 9
217 219 9
218 219 9
218 220 9
219 233 9
219 232 9
220 233 9
220 232 9
221 224 9
221 222 9
222 224 9
222 227 9
224 234 9
230 231 9
232 233 9
242 1090 9
281 1091 9
283 406 9
322 349 9
372 463 9
459 582 9
465 677 9
478 1261 9
528 1245 9
585 869 9
591 681 9
600 1377 9
706 991 9
748 1285 9
790 887 9
1026 1186 9
1040 1094 9
1076 1183 9
1162 1349 9
12 190 10
12 245 10
30 297 10
56 889 10
60 195 10
60 192 10
60 220 10
61 179 10
80 1152 10
88 106 10
88 192 10
92 242 10
92 249 10
106 238 10
106 192 10
106 191 10
107 238 10
112 244 10
112 180 10
117 748 10
130 857 10
142 666 10
152 261 10
170 266 10
176 248 10
187 197 10
187 246 10
187 244 10
188 1162 10
190 245 10
191 242 10
191 207 10
192 195 10
192 220 10
194 1272 10
195 259 10
207 267 10
217 228 10
218 219 10
220 807 10
228 232 10
230 259 10
230 231 10
231 259 10
240 242 10
244 260 10
244 247 10
250 252 10
253 254 10
255 256 10
257 258 10
257 775 10
261 264 10
299 645 10
300 580 10
336 1370 10
464 1352 10
470 1108 10
493 829 10
516 707 10
528 1193 10
532 964 10
609 1430 10
632 845 10
635 800 10
664 1320 10
744 1131 10
815 940 10
829 1030 10
943 1338 10
1004 1293 10
1094 1137 10
1152 1181 10
1296 1379 10
2 539 11
10 1323 11
12 188 11
36 617 11
60 230 11
60 220 11
60 192 11
60 88 11
60 195 11
61 285 11
68 1471 11
88 192 11
88 231 11
88 301 11
88 230 11
88 303 11
106 283 11
106 1082 11
107 320 11
107 319 11
107 321 11
107 318 11
111 1149 11
121 324 11
121 327 11
121 207 11
121 290 11
152 297 11
152 298 11
152 287 11
152 299 11
152 294 11
160 268 11
169 307 11
169 310 11
169 306 11
170 260 11
170 261 11
170 297 11
170 298 11
176 190 11
176 191 11
179 269 11
179 275 11
179 276 11
179 277 11
183 1150 11
188 1163 11
189 1259 11
190 289 11
190 191 11
190 323 11
190 288 11
191 287 11
191 325 11
191 290 11
192 230 11
192 231 11
192 220 11
195 217 11
207 325 11
212 326 11
217 259 11
218 232 11
218 219 11
219 232 11
220 305 11
220 304 11
220 230 11
220 303 11
220 301 11
220 302 11
230 304 11
230 231 11
230 301 11
230 302 11
230 303 11
230 300 11
234 1228 11
242 329 11
245 323 11
245 616 11
246 287 11
246 270 11
246 317 11
246 268 11
246 273 11
252 329 11
252 292 11
252 291 11
253 271 11
253 270 11
253 286 11
253 284 11
253 285 11
255 311 11
259 296 11
259 295 11
260 287 11
261 322 11
261 297 11
263 571 11
266 268 11
268 269 11
268 270 11
268 271 11
268 272 11
269 285 11
269 271 11
269 272 11
270 272 11
270 286 11
270 284 11
270 285 11
270 273 11
271 272 11
271 273 11
272 273 11
274 275 11
275 281 11
275 280 11
278 279 11
278 280 11
279 280 11
282 283 11
283 312 11
285 286 11
287 299 11
287 297 11
287 298 11
287 317 11
288 289 11
291 292 11
293 827 11
294 297 11
295 296 11
297 298 11
298 299 11
299 1319 11
300 301 11
300 303 11
300 305 11
301 302 11
301 305 11
301 303 11
302 304 11
302 305 11
302 303 11
303 304 11
303 305 11
304 305 11
306 309 11
306 307 11
306 310 11
307 308 11
307 309 11
307 310 11
308 310 11
308 309 11
311 313 11
311 312 11
314 315 11
314 316 11
318 320 11
319 320 11
320 321 11
324 328 11
324 325 11
329 330 11
329 785 11
343 898 11
344 1441 11
358 1236 11
372 423 11
422 609 11
432 676 11
459 962 11
465 1073 11
488 629 11
556 1087 11
612 928 11
626 1456 11
734 1240 11
897 1309 11
927 1262 11
1022 1185 11
1115 1168 11
1132 1171 11
2 1276 12
61 352 12
61 351 12
62 115 12
64 961 12
96 442 12
103 620 12
107 320 12
107 335 12
116 996 12
118 1085 12
121 292 12
141 1262 12
151 287 12
169 875 12
171 1086 12
176 327 12
176 350 12
176 354 12
176 349 12
190 591 12
194 247 12
195 360 12
219 318 12
219 360 12
219 220 12
220 360 12
220 318 12
220 320 12
220 335 12
220 228 12
228 337 12
228 335 12
228 320 12
228 341 12
228 339 12
242 364 12
245 356 12
245 354 12
256 311 12
260 345 12
264 592 12
276 363 12
279 353 12
279 351 12
290 978 12
293 297 12
298 662 12
301 318 12
306 348 12
311 351 12
316 1275 12
318 360 12
318 347 12
318 320 12
320 360 12
320 335 12
321 341 12
321 340 12
323 350 12
331 332 12
337 341 12
337 340 12
337 339 12
337 338 12
338 340 12
339 340 12
344 345 12
350 354 12
351 353 12
353 365 12
354 356 12
357 358 12
361 362 12
367 370 12
367 368 12
367 369 12
368 369 12
369 370 12
384 1266 12
397 879 12
436 833 12
454 793 12
459 1393 12
470 901 12
478 969 12
565 922 12
711 873 12
753 1235 12
760 1382 12
858 1065 12
977 1157 12
1115 1170 12
1177 1391 12
1264 1333 12
1409 1442 12
41 802 13
206 426 13
217 305 13
228 360 13
242 323 13
252 375 13
252 373 13
256 820 13
263 1238 13
283 989 13
289 839 13
292 383 13
292 381 13
306 389 13
320 378 13
336 371 13
338 690 13
347 373 13
351 377 13
365 372 13
380 382 13
380 381 13
381 382 13
392 1383 13
553 1397 13
697 1037 13
745 760 13
803 1146 13
806 947 13
1114 1284 13
28 172 14
32 1226 14
42 262 14
44 191 14
52 1116 14
61 415 14
61 414 14
68 1371 14
103 1412 14
107 741 14
138 966 14
145 915 14
154 478 14
182 728 14
210 300 14
211 284 14
219 431 14
233 308 14
237 1420 14
242 457 14
252 461 14
252 425 14
252 424 14
256 395 14
256 417 14
256 419 14
260 295 14
260 411 14
279 365 14
279 280 14
280 365 14
280 362 14
292 331 14
292 434 14
292 426 14
292 424 14
292 381 14
293 374 14
294 1134 14
295 453 14
296 539 14
306 391 14
311 401 14
311 402 14
311 442 14
311 351 14
320 456 14
323 445 14
323 446 14
323 409 14
330 1272 14
331 383 14
331 381 14
335 360 14
335 465 14
341 365 14
341 447 14
341 342 14
342 365 14
342 447 14
345 430 14
345 361 14
345 362 14
345 359 14
345 363 14
347 412 14
347 460 14
347 1250 14
351 448 14
353 442 14
353 377 14
354 410 14
354 409 14
354 404 14
355 397 14
359 430 14
359 362 14
359 361 14
359 890 14
360 412 14
360 456 14
360 465 14
361 430 14
361 362 14
362 365 14
363 430 14
365 447 14
366 420 14
366 422 14
366 423 14
374 1426 14
377 455 14
378 449 14
378 393 14
378 396 14
378 394 14
378 392 14
383 426 14
383 424 14
383 1346 14
389 452 14
392 394 14
392 396 14
393 394 14
394 396 14
396 1056 14
398 399 14
398 1213 14
399 400 14
401 402 14
401 403 14
402 448 14
402 403 14
404 405 14
404 410 14
405 410 14
406 407 14
406 409 14
407 408 14
407 409 14
407 656 14
408 641 14
409 445 14
409 444 14
411 412 14
411 413 14
411 472 14
412 413 14
414 415 14
415 416 14
417 418 14
417 419 14
418 419 14
420 422 14
420 423 14
421 422 14
421 439 14
421 423 14
421 1293 14
422 423 14
423 438 14
424 425 14
427 428 14
427 429 14
428 429 14
432 433 14
432 434 14
432 435 14
432 1200 14
433 435 14
433 441 14
433 436 14
433 434 14
433 437 14
433 440 14
434 435 14
435 436 14
435 440 14
438 439 14
440 441 14
440 493 14
444 446 14
444 445 14
445 446 14
449 935 14
450 466 14
453 454 14
458 459 14
462 463 14
486 723 14
519 1322 14
521 1151 14
557 1142 14
645 887 14
656 1240 14
658 1020 14
745 1039 14
797 1390 14
893 1195 14
944 1342 14
982 1071 14
986 1246 14
987 1105 14
1003 1303 14
1055 1289 14
1083 1109 14
1113 1274 14
1297 1423 14
1352 1465 14
1 232 15
10 1203 15
25 756 15
62 1301 15
91 514 15
97 544 15
99 1367 15
121 422 15
121 955 15
123 1170 15
134 535 15
140 867 15
152 1444 15
202 844 15
252 488 15
252 1218 15
256 442 15
256 474 15
256 473 15
256 403 15
260 469 15
260 468 15
275 609 15
279 430 15
279 467 15
279 345 15
279 475 15
279 361 15
279 344 15
280 351 15
292 435 15
292 477 15
292 476 15
293 475 15
295 453 15
306 484 15
306 483 15
311 401 15
319 685 15
320 490 15
320 491 15
320 492 15
323 334 15
338 454 15
341 447 15
342 842 15
344 467 15
344 361 15
345 430 15
345 361 15
351 353 15
351 469 15
353 455 15
353 392 15
361 430 15
367 1316 15
392 455 15
404 405 15
406 465 15
407 465 15
407 481 15
409 479 15
414 415 15
415 470 15
418 442 15
418 473 15
418 419 15
419 442 15
420 496 15
427 478 15
429 486 15
435 477 15
435 476 15
438 482 15
439 489 15
441 488 15
442 474 15
442 473 15
452 915 15
453 454 15
453 468 15
454 469 15
462 466 15
465 1298 15
471 472 15
471 1456 15
472 727 15
473 474 15
475 480 15
478 574 15
481 487 15
485 575 15
490 491 15
490 492 15
491 493 15
491 492 15
492 493 15
497 498 15
497 1321 15
545 1084 15
554 1473 15
568 940 15
576 758 15
600 771 15
617 1178 15
619 1245 15
686 1436 15
746 983 15
816 900 15
871 1219 15
1242 1277 15
12 437 16
81 146 16
87 1207 16
89 506 16
105 946 16
136 413 16
138 1128 16
250 1048 16
252 488 16
253 537 16
256 353 16
272 787 16
287 756 16
292 503 16
294 1173 16
331 516 16
334 405 16
334 438 16
342 532 16
351 525 16
351 402 16
351 514 16
351 401 16
352 961 16
359 526 16
366 422 16
366 405 16
382 404 16
399 444 16
401 514 16
402 501 16
404 522 16
404 500 16
405 438 16
409 444 16
416 514 16
419 508 16
419 506 16
419 507 16
422 520 16
424 426 16
425 839 16
427 428 16
432 499 16
443 472 16
453 819 16
454 529 16
460 515 16
484 527 16
491 528 16
491 492 16
492 528 16
492 530 16
497 1287 16
504 505 16
506 507 16
507 508 16
510 511 16
512 513 16
517 518 16
517 519 16
519 525 16
523 526 16
523 525 16
523 524 16
524 525 16
525 526 16
529 533 16
550 1216 16
580 1374 16
645 716 16
655 1475 16
692 779 16
718 1288 16
735 1035 16
761 860 16
811 1347 16
964 1220 16
1153 1317 16
0 1029 17
57 538 17
98 958 17
166 978 17
201 228 17
228 481 17
256 542 17
292 1315 17
308 1030 17
334 405 17
348 353 17
354 407 17
354 1355 17
357 398 17
366 422 17
366 516 17
382 503 17
398 446 17
401 514 17
402 749 17
404 503 17
404 522 17
405 438 17
416 514 17
419 851 17
432 499 17
441 499 17
443 460 17
452 1128 17
454 529 17
460 472 17
485 1352 17
503 522 17
503 1338 17
507 508 17
523 524 17
532 535 17
532 909 17
537 538 17
540 541 17
543 545 17
547 548 17
551 1454 17
557 1218 17
617 894 17
701 846 17
907 1330 17
908 1050 17
949 1133 17
1001 1076 17
1240 1281 17
1341 1357 17
2 881 18
26 337 18
100 183 18
102 1266 18
116 601 18
132 284 18
137 1354 18
243 816 18
252 488 18
305 844 18
320 537 18
333 755 18
334 422 18
334 366 18
334 357 18
335 409 18
339 557 18
353 518 18
381 437 18
382 500 18
394 509 18
394 510 18
420 533 18
427 555 18
450 509 18
450 510 18
460 515 18
462 466 18
464 552 18
469 1259 18
472 552 18
482 977 18
504 553 18
509 510 18
521 552 18
523 524 18
524 554 18
529 533 18
537 550 18
537 551 18
547 1462 18
551 556 18
555 1410 18
570 1048 18
595 960 18
667 1448 18
714 949 18
737 1105 18
848 1364 18
866 1128 18
907 942 18
1209 1246 18
1402 1475 18
14 586 19
26 1095 19
46 1303 19
77 1342 19
89 1476 19
93 1372 19
104 139 19
145 652 19
154 631 19
240 1085 19
261 664 19
274 531 19
292 884 19
320 431 19
320 546 19
320 556 19
331 562 19
331 527 19
335 409 19
336 1143 19
339 465 19
339 460 19
342 1405 19
350 379 19
353 566 19
353 564 19
357 446 19
366 559 19
366 580 19
367 576 19
367 427 19
370 555 19
370 427 19
370 374 19
374 576 19
379 583 19
380 574 19
380 552 19
381 574 19
381 573 19
394 563 19
394 510 19
394 504 19
394 509 19
394 450 19
400 561 19
400 560 19
400 515 19
400 500 19
419 514 19
419 578 19
419 577 19
420 533 19
420 570 19
425 427 19
427 555 19
431 556 19
431 546 19
437 583 19
437 728 19
445 1373 19
446 460 19
450 509 19
453 1204 19
454 533 19
454 571 19
454 561 19
455 1271 19
457 715 19
460 551 19
460 465 19
460 561 19
460 536 19
464 835 19
465 557 19
500 515 19
500 560 19
504 563 19
504 553 19
504 510 19
508 585 19
508 584 19
514 526 19
514 554 19
515 561 19
515 560 19
518 566 19
518 563 19
518 553 19
518 564 19
523 579 19
523 524 19
523 554 19
524 579 19
526 578 19
533 570 19
533 555 19
533 561 19
537 569 19
537 568 19
542 811 19
543 585 19
546 556 19
552 562 19
552 574 19
552 928 19
553 581 19
553 555 19
553 564 19
554 579 19
566 585 19
566 584 19
566 567 19
568 569 19
573 574 19
577 578 19
585 586 19
641 871 19
677 701 19
685 898 19
735 1344 19
754 847 19
768 1367 19
787 944 19
813 1037 19
858 974 19
940 1459 19
996 1270 19
1025 1128 19
1066 1072 19
1188 1354 19
7 271 20
13 603 20
26 381 20
45 316 20
75 140 20
135 1118 20
167 369 20
188 399 20
192 327 20
213 1366 20
245 1441 20
250 803 20
295 626 20
299 1168 20
320 537 20
320 624 20
320 638 20
331 521 20
331 574 20
346 841 20
354 400 20
354 602 20
355 465 20
357 400 20
357 602 20
357 610 20
357 608 20
357 609 20
366 606 20
366 607 20
367 576 20
367 593 20
367 374 20
367 427 20
370 374 20
370 378 20
370 424 20
374 576 20
374 593 20
374 604 20
374 427 20
374 424 20
376 627 20
376 614 20
376 379 20
376 609 20
378 572 20
379 609 20
379 1204 20
380 613 20
380 574 20
381 573 20
394 611 20
394 612 20
394 565 20
394 510 20
400 602 20
410 602 20
410 620 20
423 573 20
425 623 20
425 622 20
425 606 20
425 552 20
431 598 20
431 599 20
444 1123 20
446 582 20
466 594 20
466 557 20
482 1286 20
508 566 20
510 565 20
510 625 20
518 566 20
518 619 20
518 621 20
521 574 20
526 636 20
536 603 20
547 1141 20
552 622 20
552 575 20
552 623 20
552 606 20
552 601 20
561 596 20
561 603 20
565 566 20
566 605 20
566 604 20
572 613 20
572 575 20
572 601 20
572 574 20
574 613 20
574 614 20
576 593 20
581 628 20
582 630 20
584 637 20
585 629 20
587 588 20
587 589 20
587 590 20
587 591 20
587 592 20
588 592 20
588 593 20
588 591 20
588 590 20
589 593 20
589 591 20
589 592 20
589 590 20
590 591 20
590 593 20
591 592 20
591 593 20
592 593 20
595 596 20
602 620 20
604 605 20
605 621 20
606 622 20
606 623 20
608 609 20
608 610 20
615 616 20
615 617 20
615 618 20
616 618 20
617 618 20
622 623 20
628 736 20
631 632 20
631 633 20
632 633 20
668 742 20
693 1252 20
737 1155 20
854 1182 20
883 1258 20
939 1138 20
1013 1234 20
1036 1158 20
1107 1168 20
1151 1222 20
1238 1450 20
1243 1282 20
1310 1395 20
1 1284 21
6 585 21
38 397 21
54 206 21
54 599 21
72 531 21
80 130 21
115 628 21
116 1087 21
134 1233 21
135 820 21
138 947 21
176 1304 21
212 1025 21
241 1250 21
309 669 21
313 1249 21
314 367 21
314 653 21
320 694 21
320 638 21
354 677 21
357 640 21
357 680 21
357 657 21
357 446 21
357 671 21
357 639 21
361 429 21
374 581 21
394 510 21
394 651 21
394 652 21
394 653 21
394 655 21
394 654 21
396 547 21
400 689 21
410 649 21
410 630 21
410 645 21
444 860 21
446 680 21
446 679 21
462 809 21
474 1457 21
495 1250 21
503 1327 21
508 674 21
508 673 21
508 514 21
508 570 21
508 672 21
508 676 21
510 514 21
510 615 21
510 567 21
510 653 21
514 674 21
514 533 21
514 673 21
514 615 21
514 567 21
514 672 21
517 632 21
523 688 21
523 524 21
524 688 21
531 614 21
533 584 21
533 577 21
533 570 21
537 678 21
547 1281 21
561 637 21
561 603 21
567 615 21
567 1329 21
568 678 21
570 676 21
570 584 21
572 652 21
572 670 21
572 669 21
573 643 21
577 584 21
581 686 21
581 628 21
581 635 21
581 637 21
581 590 21
587 639 21
587 606 21
587 640 21
587 592 21
590 635 21
606 640 21
606 639 21
612 651 21
613 643 21
613 641 21
615 658 21
615 659 21
616 646 21
624 638 21
624 695 21
629 682 21
630 645 21
630 648 21
630 649 21
635 686 21
635 637 21
636 667 21
636 668 21
637 686 21
637 687 21
639 641 21
640 641 21
641 642 21
641 643 21
642 643 21
642 671 21
644 645 21
645 648 21
645 649 21
650 655 21
650 652 21
650 654 21
650 651 21
651 652 21
651 655 21
652 655 21
652 654 21
652 670 21
652 669 21
656 657 21
658 659 21
661 662 21
661 663 21
661 664 21
662 663 21
662 664 21
663 664 21
665 666 21
665 668 21
665 667 21
666 667 21
667 668 21
669 670 21
671 675 21
672 674 21
672 673 21
673 674 21
680 690 21
681 682 21
682 691 21
683 684 21
683 685 21
692 693 21
813 1028 21
818 896 21
916 1227 21
928 1417 21
929 1207 21
1301 1438 21
1346 1352 21
35 327 22
41 792 22
45 913 22
57 1431 22
90 1295 22
119 828 22
119 135 22
133 204 22
144 1244 22
169 1423 22
184 244 22
214 441 22
226 1161 22
253 1295 22
255 962 22
265 1401 22
268 1051 22
274 1220 22
279 481 22
290 914 22
292 385 22
293 1114 22
295 1334 22
314 747 22
314 670 22
314 367 22
320 688 22
320 717 22
321 652 22
321 1191 22
345 1246 22
357 743 22
357 561 22
357 734 22
357 649 22
357 647 22
367 747 22
367 746 22
394 720 22
400 743 22
400 745 22
431 751 22
431 750 22
431 752 22
432 1073 22
444 1269 22
445 818 22
458 732 22
478 841 22
507 1272 22
508 725 22
508 723 22
514 737 22
514 725 22
514 704 22
523 702 22
528 773 22
531 921 22
561 711 22
561 697 22
561 581 22
561 647 22
568 707 22
568 682 22
568 701 22
568 597 22
568 708 22
572 573 22
572 670 22
572 705 22
575 744 22
575 592 22
576 1091 22
578 629 22
578 709 22
578 753 22
581 728 22
581 673 22
585 1376 22
592 744 22
597 700 22
597 701 22
610 1396 22
616 702 22
616 704 22
616 703 22
629 709 22
629 753 22
629 674 22
629 706 22
635 1264 22
647 1200 22
654 722 22
670 705 22
673 709 22
673 742 22
673 711 22
680 736 22
680 735 22
682 707 22
682 708 22
689 754 22
689 735 22
691 740 22
691 741 22
691 738 22
693 731 22
696 697 22
696 698 22
696 699 22
697 710 22
697 698 22
697 699 22
698 728 22
698 699 22
698 727 22
700 755 22
700 756 22
700 701 22
701 717 22
701 716 22
702 704 22
702 703 22
703 704 22
706 707 22
706 708 22
709 753 22
711 742 22
712 715 22
713 714 22
714 715 22
716 717 22
719 743 22
720 746 22
721 722 22
722 725 22
722 737 22
723 725 22
723 726 22
724 725 22
724 726 22
725 737 22
725 726 22
727 728 22
729 730 22
733 734 22
734 736 22
734 745 22
734 735 22
738 740 22
738 741 22
738 739 22
740 741 22
746 747 22
748 749 22
751 752 22
757 758 22
802 1309 22
808 1406 22
841 1050 22
871 1027 22
873 1237 22
901 974 22
913 991 22
913 1197 22
1004 1449 22
1198 1216 22
1214 1325 22
1253 1414 22
1276 1318 22
21 713 23
47 268 23
62 346 23
104 784 23
105 849 23
179 849 23
182 823 23
194 1384 23
221 375 23
266 466 23
275 1086 23
291 550 23
342 1320 23
357 680 23
357 781 23
357 779 23
357 778 23
357 777 23
357 745 23
357 735 23
367 795 23
458 789 23
458 719 23
468 1141 23
505 702 23
523 707 23
523 792 23
554 1421 23
556 654 23
568 864 23
575 801 23
580 1380 23
581 775 23
581 697 23
581 776 23
581 782 23
590 761 23
592 790 23
606 793 23
613 790 23
619 1416 23
628 795 23
628 782 23
632 1336 23
647 788 23
649 772 23
649 769 23
649 680 23
673 791 23
680 773 23
680 770 23
692 1422 23
697 728 23
697 733 23
699 1137 23
705 764 23
706 765 23
707 792 23
712 715 23
712 713 23
713 715 23
714 715 23
716 751 23
716 755 23
716 796 23
719 789 23
728 766 23
728 776 23
728 733 23
729 781 23
729 778 23
733 766 23
734 743 23
734 735 23
735 788 23
736 788 23
740 1363 23
745 779 23
745 777 23
745 780 23
745 1270 23
751 796 23
751 797 23
752 799 23
752 797 23
762 763 23
769 786 23
769 784 23
769 785 23
769 787 23
769 770 23
769 773 23
770 772 23
770 1148 23
771 773 23
773 784 23
773 785 23
773 786 23
773 787 23
774 775 23
775 776 23
777 779 23
777 781 23
777 780 23
778 779 23
778 781 23
778 780 23
779 781 23
780 781 23
784 787 23
785 787 23
787 798 23
793 794 23
796 797 23
797 799 23
799 845 23
819 1018 23
862 874 23
929 944 23
985 1376 23
1015 1075 23
1207 1396 23
4 1420 24
4 1346 24
77 342 24
85 1368 24
98 323 24
102 875 24
198 1100 24
207 600 24
228 696 24
262 1294 24
286 642 24
314 539 24
414 755 24
470 738 24
555 731 24
563 993 24
578 821 24
578 822 24
647 810 24
680 718 24
680 787 24
680 1005 24
687 1220 24
691 807 24
706 714 24
707 812 24
712 819 24
715 819 24
728 775 24
728 776 24
754 811 24
763 818 24
763 814 24
769 787 24
775 810 24
776 810 24
777 782 24
785 786 24
786 798 24
804 805 24
808 809 24
816 817 24
816 818 24
820 821 24
820 1458 24
821 822 24
823 824 24
825 1345 24
826 829 24
826 828 24
827 829 24
828 829 24
828 1034 24
1002 1039 24
1053 1355 24
1055 1388 24
1 1200 25
12 1075 25
77 965 25
87 1370 25
102 833 25
112 1127 25
228 1348 25
246 1226 25
282 965 25
314 817 25
382 1154 25
448 505 25
468 997 25
472 965 25
495 1044 25
547 905 25
562 674 25
570 819 25
669 1069 25
673 844 25
674 761 25
680 769 25
680 787 25
697 775 25
697 774 25
706 707 25
706 851 25
707 1182 25
719 1095 25
728 775 25
736 858 25
743 777 25
747 852 25
751 755 25
751 756 25
752 826 25
752 854 25
754 928 25
755 839 25
755 756 25
756 839 25
761 836 25
761 782 25
761 766 25
766 782 25
770 861 25
770 787 25
774 775 25
775 858 25
775 857 25
775 776 25
776 835 25
777 838 25
777 831 25
782 795 25
782 836 25
787 840 25
787 842 25
795 836 25
802 833 25
802 832 25
812 844 25
812 843 25
814 850 25
819 863 25
819 862 25
823 858 25
826 854 25
832 848 25
832 833 25
840 841 25
843 844 25
847 849 25
848 859 25
848 849 25
851 866 25
857 858 25
862 1450 25
909 1407 25
1008 1310 25
1057 1389 25
1089 1090 25
1125 1273 25
1134 1447 25
1354 1356 25
1381 1382 25
12 285 26
36 634 26
122 1265 26
134 1003 26
150 344 26
157 510 26
212 1265 26
230 389 26
248 283 26
314 837 26
320 1282 26
337 1064 26
354 831 26
354 874 26
354 803 26
405 1395 26
411 933 26
422 940 26
449 1249 26
456 631 26
461 1104 26
471 868 26
537 1059 26
553 1312 26
564 891 26
643 1263 26
674 707 26
674 873 26
674 812 26
680 735 26
680 785 26
682 850 26
686 1134 26
697 836 26
706 866 26
706 851 26
707 873 26
707 869 26
707 868 26
707 812 26
709 847 26
709 868 26
728 751 26
728 776 26
728 775 26
733 1089 26
735 864 26
735 871 26
743 870 26
752 862 26
752 828 26
755 808 26
755 839 26
755 807 26
761 869 26
761 782 26
763 850 26
763 876 26
763 815 26
766 844 26
775 776 26
777 838 26
777 878 26
786 864 26
786 787 26
800 815 26
803 875 26
803 967 26
807 808 26
812 873 26
812 868 26
815 850 26
819 863 26
820 868 26
825 862 26
828 862 26
831 874 26
833 848 26
838 879 26
844 848 26
850 877 26
851 867 26
855 878 26
858 860 26
864 871 26
870 882 26
874 882 26
880 881 26
933 1183 26
1245 1328 26
0 486 27
3 1222 27
14 1222 27
19 1050 27
26 60 27
29 618 27
57 959 27
117 991 27
117 1003 27
118 236 27
126 603 27
144 228 27
160 931 27
177 550 27
205 881 27
210 573 27
220 1311 27
231 1019 27
245 1049 27
255 288 27
258 649 27
260 715 27
294 1253 27
314 878 27
328 1281 27
361 1162 27
420 677 27
499 729 27
648 1429 27
697 872 27
697 836 27
706 867 27
706 891 27
728 776 27
728 836 27
735 736 27
751 854 27
752 826 27
755 854 27
761 895 27
761 766 27
763 882 27
763 850 27
768 853 27
768 884 27
775 836 27
779 1171 27
783 1145 27
786 897 27
787 798 27
787 887 27
789 1325 27
802 844 27
802 851 27
803 875 27
817 847 27
817 1394 27
820 893 27
831 874 27
831 896 27
836 872 27
836 878 27
839 894 27
844 851 27
850 882 27
855 878 27
857 858 27
865 897 27
867 891 27
873 895 27
876 885 27
876 886 27
887 892 27
889 890 27
903 1038 27
973 1033 27
1118 1296 27
36 567 28
41 772 28
45 1017 28
55 217 28
75 213 28
87 852 28
131 650 28
189 465 28
199 1327 28
253 339 28
283 1425 28
284 1208 28
303 478 28
330 1098 28
346 1328 28
399 1398 28
449 516 28
533 798 28
646 663 28
706 900 28
706 866 28
709 959 28
723 805 28
743 871 28
752 1306 28
762 1375 28
787 871 28
803 863 28
803 884 28
803 850 28
812 901 28
812 822 28
820 822 28
820 904 28
822 904 28
845 902 28
845 903 28
850 863 28
850 884 28
853 884 28
859 1070 28
863 928 28
866 900 28
886 907 28
890 902 28
908 909 28
949 1015 28
1080 1248 28
1131 1391 28
1247 1433 28
110 1411 29
157 952 29
197 1036 29
238 947 29
251 834 29
287 427 29
344 1088 29
349 1354 29
396 521 29
468 777 29
485 1198 29
531 1086 29
579 755 29
642 704 29
718 1163 29
767 1348 29
777 838 29
777 817 29
807 866 29
816 1326 29
850 1367 29
885 909 29
885 915 29
890 918 29
899 910 29
908 909 29
909 920 29
912 916 29
917 918 29
917 919 29
1018 1427 29
1053 1330 29
1129 1280 29
1189 1438 29
31 452 30
211 1272 30
218 625 30
236 924 30
288 1335 30
395 470 30
463 1447 30
624 653 30
700 1460 30
777 838 30
916 923 30
1032 1312 30
245 1058 31
280 802 31
1025 1045 31
599 738 32
712 758 32
277 883 33
868 940 33
250 1162 34
408 1035 34
397 1302 35
515 1205 35
949 1476 35
587 1263 36
1107 1278 38
990 1251 39
1241 1452 39
27 1357 40
63 1050 40
155 714 40
169 1284 40
185 1415 40
192 628 40
290 397 40
350 804 40
386 673 40
410 746 40
416 1264 40
622 1416 40
655 1352 40
672 900 40
705 1141 40
737 1430 40
751 1479 40
788 856 40
938 941 40
943 958 40
945 946 40
947 948 40
949 950 40
949 1329 40
951 952 40
953 954 40
1105 1338 40
1160 1378 40
1206 1333 40
0 1428 41
0 308 41
24 824 41
82 1237 41
105 975 41
126 692 41
171 1356 41
178 521 41
273 360 41
328 916 41
436 1275 41
519 1120 41
563 1470 41
659 1055 41
662 706 41
666 1324 41
727 1304 41
818 1427 41
832 1271 41
911 1196 41
916 1056 41
930 949 41
930 983 41
931 972 41
931 971 41
931 936 41
931 967 41
936 972 41
936 969 41
936 968 41
936 967 41
936 984 41
944 975 41
944 974 41
946 1003 41
946 957 41
947 977 41
948 977 41
949 982 41
949 979 41
952 987 41
957 1001 41
957 1004 41
957 1002 41
957 1000 41
966 978 41
966 977 41
967 969 41
967 968 41
969 971 41
974 1007 41
976 1009 41
977 978 41
977 1005 41
978 1005 41
979 981 41
979 982 41
979 980 41
979 995 41
980 981 41
981 995 41
982 1008 41
983 984 41
984 986 41
985 986 41
986 996 41
987 988 41
989 990 41
992 994 41
992 993 41
993 994 41
998 999 41
1000 1002 41
1000 1001 41
1001 1002 41
1003 1004 41
1156 1378 41
1430 1458 41
0 1180 42
25 1113 42
49 1018 42
61 1233 42
85 471 42
123 1149 42
220 297 42
240 1324 42
271 445 42
295 608 42
309 430 42
420 1248 42
426 1254 42
477 1010 42
502 1167 42
631 1433 42
649 1118 42
677 1289 42
778 1162 42
791 869 42
818 1079 42
906 1250 42
930 983 42
931 968 42
942 1016 42
947 1013 42
947 998 42
949 1020 42
949 1019 42
949 1005 42
958 1324 42
958 1070 42
962 1046 42
962 1051 42
962 1020 42
965 1054 42
965 1038 42
966 1050 42
967 1023 42
967 981 42
968 1014 42
972 1055 42
972 1023 42
976 1049 42
976 1011 42
981 1023 42
981 1005 42
983 1053 42
983 1018 42
983 1023 42
985 1026 42
985 1025 42
986 1026 42
986 1025 42
997 1005 42
997 1028 42
998 1030 42
998 1014 42
998 1054 42
998 1029 42
998 999 42
999 1029 42
999 1030 42
1008 1038 42
1008 1024 42
1008 1032 42
1008 1052 42
1011 1051 42
1011 1049 42
1014 1030 42
1015 1017 42
1016 1017 42
1016 1042 42
1018 1053 42
1018 1021 42
1018 1028 42
1020 1047 42
1022 1030 42
1024 1038 42
1024 1035 42
1024 1033 42
1024 1032 42
1024 1036 42
1030 1054 42
1031 1034 42
1031 1032 42
1031 1035 42
1032 1033 42
1032 1052 42
1032 1036 42
1033 1034 42
1034 1035 42
1034 1036 42
1035 1038 42
1037 1038 42
1038 1039 42
1041 1044 42
1041 1042 42
1043 1056 42
1045 1046 42
1063 1264 42
1154 1466 42
1215 1314 42
1220 1429 42
1240 1284 42
1312 1450 42
5 197 43
7 147 43
13 1051 43
37 977 43
38 663 43
81 447 43
111 121 43
117 575 43
136 871 43
137 180 43
224 447 43
246 903 43
257 316 43
265 765 43
334 1427 43
391 604 43
395 1389 43
396 1226 43
417 1096 43
440 749 43
452 908 43
460 520 43
463 776 43
486 1106 43
664 1080 43
672 1296 43
677 893 43
677 1310 43
685 1369 43
698 1078 43
708 825 43
718 1470 43
772 1374 43
796 995 43
811 1093 43
926 1355 43
930 1063 43
930 1033 43
930 1064 43
930 980 43
930 1008 43
930 1065 43
930 958 43
947 1079 43
947 1018 43
947 1085 43
958 1063 43
958 1008 43
962 1116 43
962 1046 43
962 1088 43
965 1024 43
965 1038 43
976 1109 43
976 1104 43
976 1022 43
980 983 43
980 1053 43
982 1111 43
983 1005 43
983 1053 43
985 1080 43
985 1025 43
993 1088 43
993 1090 43
994 1018 43
999 1083 43
999 1018 43
999 1079 43
999 1029 43
999 1085 43
999 1108 43
999 1082 43
1005 1083 43
1005 1053 43
1005 1079 43
1005 1085 43
1005 1081 43
1005 1082 43
1005 1038 43
1006 1098 43
1006 1097 43
1008 1065 43
1008 1063 43
1008 1066 43
1011 1115 43
1011 1114 43
1015 1080 43
1017 1110 43
1018 1085 43
1018 1050 43
1018 1081 43
1018 1082 43
1022 1050 43
1022 1109 43
1024 1100 43
1024 1038 43
1029 1085 43
1032 1076 43
1032 1095 43
1032 1073 43
1032 1072 43
1032 1092 43
1033 1063 43
1038 1100 43
1038 1070 43
1038 1074 43
1038 1069 43
1038 1063 43
1038 1099 43
1038 1073 43
1038 1071 43
1038 1058 43
1040 1076 43
1040 1056 43
1041 1056 43
1046 1088 43
1049 1103 43
1049 1101 43
1050 1098 43
1050 1118 43
1050 1097 43
1053 1108 43
1056 1075 43
1056 1076 43
1057 1058 43
1057 1059 43
1057 1060 43
1057 1061 43
1058 1061 43
1058 1062 43
1058 1060 43
1058 1059 43
1059 1061 43
1059 1062 43
1059 1060 43
1060 1061 43
1060 1062 43
1061 1062 43
1063 1069 43
1064 1065 43
1065 1066 43
1067 1068 43
1068 1107 43
1070 1071 43
1070 1072 43
1070 1073 43
1071 1072 43
1071 1074 43
1072 1074 43
1073 1099 43
1073 1076 43
1073 1092 43
1076 1096 43
1076 1092 43
1077 1079 43
1078 1079 43
1079 1085 43
1081 1082 43
1081 1083 43
1081 1085 43
1082 1085 43
1083 1085 43
1086 1087 43
1088 1090 43
1088 1089 43
1088 1091 43
1090 1091 43
1092 1093 43
1092 1094 43
1092 1095 43
1092 1096 43
1094 1096 43
1095 1111 43
1099 1100 43
1099 1105 43
1101 1102 43
1101 1103 43
1101 1104 43
1102 1103 43
1113 1114 43
1113 1115 43
1114 1115 43
1132 1225 43
11 1324 44
17 1322 44
34 331 44
48 359 44
103 1357 44
113 1357 44
129 1163 44
232 737 44
265 1342 44
336 1462 44
370 1038 44
382 819 44
389 1101 44
516 1070 44
633 1202 44
976 1127 44
976 1011 44
976 1102 44
983 1081 44
983 1133 44
993 1029 44
1008 1121 44
1008 1032 44
1011 1102 44
1011 1115 44
1022 1050 44
1025 1095 44
1041 1119 44
1046 1050 44
1050 1127 44
1050 1059 44
1060 1131 44
1067 1122 44
1271 1324 44
1290 1327 44
0 1045 45
7 1379 45
16 405 45
34 1402 45
41 801 45
79 694 45
90 187 45
97 457 45
160 1370 45
187 322 45
188 1337 45
188 1452 45
202 946 45
230 963 45
244 1199 45
276 752 45
283 1412 45
298 1259 45
340 1306 45
357 780 45
379 1167 45
429 938 45
481 1096 45
544 1160 45
616 1287 45
636 933 45
651 671 45
663 892 45
842 1211 45
946 1116 45
946 1173 45
954 1377 45
955 1103 45
972 1161 45
976 1177 45
976 1169 45
976 1201 45
983 1176 45
983 1154 45
986 1265 45
990 1277 45
1011 1159 45
1011 1180 45
1011 1182 45
1011 1181 45
1011 1158 45
1011 1149 45
1017 1175 45
1017 1125 45
1017 1124 45
1022 1046 45
1025 1240 45
1041 1060 45
1041 1132 45
1041 1149 45
1041 1148 45
1041 1147 45
1041 1076 45
1046 1081 45
1046 1150 45
1056 1104 45
1056 1093 45
1056 1161 45
1056 1157 45
1056 1162 45
1056 1060 45
1057 1081 45
1059 1179 45
1060 1147 45
1060 1104 45
1063 1070 45
1063 1069 45
1067 1138 45
1067 1068 45
1067 1139 45
1068 1138 45
1069 1070 45
1069 1134 45
1076 1147 45
1080 1162 45
1080 1111 45
1080 1093 45
1081 1150 45
1081 1153 45
1093 1134 45
1095 1134 45
1104 1161 45
1104 1136 45
1110 1124 45
1115 1157 45
1115 1158 45
1115 1159 45
1124 1132 45
1124 1174 45
1124 1148 45
1124 1125 45
1125 1132 45
1125 1174 45
1125 1152 45
1126 1163 45
1126 1162 45
1127 1178 45
1127 1177 45
1127 1135 45
1132 1148 45
1133 1171 45
1133 1170 45
1134 1165 45
1135 1136 45
1135 1137 45
1136 1137 45
1138 1139 45
1139 1140 45
1139 1143 45
1140 1143 45
1140 1141 45
1140 1142 45
1142 1143 45
1146 1161 45
1148 1174 45
1149 1159 45
1150 1167 45
1150 1153 45
1153 1154 45
1153 1166 45
1153 1167 45
1155 1156 45
1156 1160 45
1162 1163 45
1166 1168 45
1170 1171 45
1170 1172 45
1171 1172 45
1174 1175 45
1177 1178 45
0 349 46
13 1291 46
20 616 46
32 1272 46
44 116 46
75 591 46
102 532 46
125 580 46
162 281 46
178 864 46
205 1106 46
228 581 46
246 261 46
355 798 46
416 893 46
464 1458 46
509 985 46
551 1069 46
607 954 46
613 1045 46
620 980 46
621 1423 46
641 680 46
745 815 46
943 1415 46
960 1174 46
960 1175 46
972 1184 46
972 1183 46
976 1104 46
983 1213 46
1011 1181 46
1011 1180 46
1022 1214 46
1029 1164 46
1029 1205 46
1029 1189 46
1041 1157 46
1041 1060 46
1041 1152 46
1041 1132 46
1041 1148 46
1041 1174 46
1046 1208 46
1056 1207 46
1056 1190 46
1056 1146 46
1056 1076 46
1057 1135 46
1057 1185 46
1060 1201 46
1060 1149 46
1060 1076 46
1063 1070 46
1068 1142 46
1068 1143 46
1069 1070 46
1076 1146 46
1076 1193 46
1076 1201 46
1076 1149 46
1079 1205 46
1093 1190 46
1093 1191 46
1093 1192 46
1093 1144 46
1093 1134 46
1095 1193 46
1096 1409 46
1102 1178 46
1102 1182 46
1102 1104 46
1104 1136 46
1108 1242 46
1110 1125 46
1116 1199 46
1116 1198 46
1116 1197 46
1127 1156 46
1131 1152 46
1132 1174 46
1132 1152 46
1133 1172 46
1134 1192 46
1134 1146 46
1134 1209 46
1135 1185 46
1139 1143 46
1139 1142 46
1142 1143 46
1144 1192 46
1144 1190 46
1144 1191 46
1144 1146 46
1145 1184 46
1146 1190 46
1146 1191 46
1147 1195 46
1147 1193 46
1147 1194 46
1148 1174 46
1148 1152 46
1149 1193 46
1150 1199 46
1150 1198 46
1150 1196 46
1150 1197 46
1152 1174 46
1156 1185 46
1156 1169 46
1157 1193 46
1157 1182 46
1163 1202 46
1164 1188 46
1164 1205 46
1164 1186 46
1169 1206 46
1169 1185 46
1178 1182 46
1180 1181 46
1183 1184 46
1185 1206 46
1186 1187 46
1186 1188 46
1186 1189 46
1187 1188 46
1187 1189 46
1188 1189 46
1189 1205 46
1189 1204 46
1190 1192 46
1190 1191 46
1190 1207 46
1191 1192 46
1193 1201 46
1193 1195 46
1195 1443 46
1196 1197 46
1196 1200 46
1197 1199 46
1197 1198 46
1197 1200 46
1198 1199 46
1199 1200 46
1211 1212 46
1215 1216 46
1231 1364 46
35 855 47
45 102 47
57 870 47
64 646 47
72 933 47
92 887 47
110 501 47
138 1281 47
145 341 47
181 630 47
186 432 47
223 1168 47
232 1373 47
236 386 47
250 1146 47
272 831 47
328 739 47
358 676 47
366 1462 47
374 644 47
392 564 47
406 669 47
409 1400 47
415 645 47
442 877 47
483 606 47
519 1440 47
529 530 47
562 1004 47
577 969 47
591 1410 47
605 1441 47
660 761 47
684 1119 47
748 873 47
749 1198 47
854 1386 47
960 1237 47
960 1184 47
1011 1159 47
1022 1083 47
1022 1233 47
1026 1070 47
1030 1453 47
1046 1083 47
1046 1233 47
1060 1147 47
1064 1172 47
1064 1203 47
1067 1173 47
1067 1169 47
1079 1153 47
1083 1233 47
1092 1447 47
1093 1191 47
1093 1190 47
1121 1128 47
1124 1174 47
1125 1174 47
1133 1172 47
1133 1170 47
1134 1209 47
1134 1190 47
1135 1185 47
1135 1217 47
1136 1137 47
1139 1143 47
1142 1143 47
1145 1207 47
1148 1238 47
1153 1227 47
1153 1226 47
1156 1206 47
1163 1202 47
1169 1173 47
1170 1172 47
1171 1172 47
1172 1203 47
1172 1239 47
1175 1238 47
1178 1181 47
1184 1237 47
1185 1206 47
1185 1217 47
1186 1189 47
1186 1205 47
1187 1205 47
1187 1189 47
1189 1205 47
1190 1191 47
1195 1201 47
1195 1216 47
1198 1218 47
1198 1199 47
1199 1218 47
1200 1218 47
1208 1224 47
1210 1236 47
1210 1235 47
1211 1219 47
1217 1218 47
1220 1222 47
1221 1222 47
1224 1232 47
1224 1225 47
1224 1231 47
1226 1227 47
1226 1228 47
1229 1230 47
1231 1232 47
1238 1240 47
1424 1467 47
15 367 48
69 599 48
91 133 48
132 1307 48
232 1386 48
337 1157 48
357 853 48
403 1274 48
482 1371 48
513 1100 48
531 1308 48
539 759 48
575 993 48
582 1117 48
613 1479 48
619 1010 48
621 1298 48
679 1393 48
684 1244 48
782 1153 48
797 1213 48
811 1464 48
972 1076 48
980 1243 48
1011 1137 48
1022 1083 48
1041 1159 48
1063 1069 48
1070 1242 48
1081 1155 48
1081 1224 48
1095 1147 48
1095 1144 48
1102 1178 48
1102 1136 48
1102 1137 48
1102 1143 48
1121 1128 48
1124 1248 48
1127 1241 48
1127 1185 48
1127 1135 48
1133 1172 48
1134 1247 48
1134 1191 48
1134 1246 48
1135 1241 48
1135 1185 48
1136 1137 48
1137 1182 48
1139 1142 48
1139 1143 48
1144 1147 48
1145 1207 48
1148 1240 48
1148 1175 48
1155 1231 48
1155 1224 48
1158 1250 48
1170 1172 48
1171 1172 48
1175 1240 48
1183 1224 48
1183 1210 48
1183 1219 48
1185 1241 48
1187 1210 48
1187 1205 48
1187 1189 48
1189 1205 48
1189 1244 48
1191 1192 48
1191 1247 48
1192 1247 48
1197 1199 48
1199 1200 48
1199 1241 48
1201 1216 48
1205 1244 48
1213 1249 48
1219 1268 48
1221 1222 48
1224 1231 48
1226 1245 48
1226 1227 48
1226 1234 48
123 1463 49
161 324 49
163 372 49
475 917 49
515 1412 49
561 1432 49
642 1469 49
898 1044 49
1070 1242 49
1127 1135 49
1128 1243 49
1128 1207 49
1134 1255 49
1134 1246 49
1153 1251 49
1153 1228 49
1187 1189 49
1195 1216 49
1207 1243 49
10 1117 50
17 944 50
30 1101 50
35 1010 50
54 72 50
70 1416 50
89 734 50
96 1269 50
100 195 50
101 937 50
131 1218 50
140 1419 50
203 306 50
278 336 50
396 1308 50
414 1082 50
432 802 50
451 1048 50
451 1191 50
612 697 50
708 748 50
869 1440 50
910 1089 50
980 1261 50
1045 1373 50
1070 1207 50
1070 1184 50
1070 1213 50
1079 1189 50
1079 1228 50
1081 1187 50
1095 1266 50
1111 1126 50
1126 1254 50
1126 1258 50
1128 1253 50
1137 1156 50
1137 1206 50
1142 1143 50
1145 1195 50
1156 1206 50
1171 1242 50
1171 1245 50
1173 1206 50
1184 1207 50
1189 1211 50
1189 1244 50
1194 1216 50
1194 1249 50
1201 1260 50
1207 1209 50
1213 1234 50
1242 1245 50
1243 1261 50
1243 1255 50
1246 1255 50
1249 1256 50
1251 1262 50
1252 1253 50
3 635 51
10 821 51
22 790 51
57 221 51
61 1229 51
68 1108 51
86 164 51
97 1124 51
101 298 51
106 412 51
127 1460 51
130 356 51
131 197 51
147 416 51
154 896 51
186 347 51
231 565 51
252 677 51
289 543 51
295 813 51
300 1023 51
319 1455 51
325 1365 51
457 597 51
474 1246 51
556 815 51
596 1216 51
638 752 51
641 785 51
652 970 51
714 1456 51
730 1211 51
828 1331 51
843 933 51
858 1272 51
912 1476 51
966 1456 51
980 1243 51
1022 1206 51
1022 1156 51
1022 1195 51
1067 1257 51
1067 1195 51
1070 1234 51
1070 1242 51
1079 1251 51
1111 1280 51
1124 1246 51
1126 1134 51
1128 1273 51
1134 1280 51
1142 1173 51
1144 1447 51
1154 1234 51
1154 1194 51
1156 1195 51
1178 1266 51
1178 1274 51
1178 1279 51
1178 1250 51
1178 1275 51
1186 1200 51
1189 1235 51
1189 1270 51
1189 1211 51
1194 1234 51
1209 1278 51
1234 1242 51
1234 1245 51
1234 1269 51
1242 1262 51
1242 1245 51
1243 1254 51
1243 1258 51
1243 1278 51
1245 1272 51
1245 1262 51
1248 1259 51
1250 1275 51
1254 1278 51
1256 1262 51
1262 1269 51
1262 1272 51
1266 1268 51
1269 1272 51
1270 1271 51
1291 1369 51
2 1329 52
44 188 52
105 1178 52
217 501 52
372 1161 52
664 1418 52
664 744 52
756 1401 52
810 927 52
1098 1197 52
1132 1169 52
1156 1286 52
1252 1285 52
1262 1270 52
1262 1269 52
44 1200 53
87 274 53
107 318 53
108 1088 53
128 1096 53
163 775 53
197 574 53
215 1237 53
243 870 53
322 1278 53
347 692 53
427 1389 53
434 817 53
597 992 53
717 1367 53
727 1180 53
769 1020 53
813 1133 53
962 1193 53
1099 1116 53
1156 1306 53
1156 1310 53
1200 1292 53
1235 1270 53
1276 1299 53
1276 1289 53
1283 1312 53
1284 1301 53
1288 1289 53
1288 1296 53
1289 1296 53
1290 1291 53
1293 1294 53
1294 1295 53
1297 1298 53
1319 1409 53
5 397 54
10 443 54
33 665 54
77 1144 54
253 809 54
328 849 54
412 1099 54
444 746 54
460 753 54
463 841 54
499 1271 54
503 1471 54
636 708 54
641 1336 54
654 1445 54
673 905 54
772 1053 54
773 1171 54
815 1366 54
848 1183 54
1022 1336 54
1156 1292 54
1235 1270 54
1235 1314 54
1252 1315 54
1262 1331 54
1262 1332 54
1269 1315 54
1276 1301 54
1283 1330 54
1283 1329 54
1287 1313 54
1288 1323 54
1292 1311 54
1293 1321 54
1296 1310 54
1301 1334 54
1310 1313 54
1311 1312 54
1312 1335 54
1312 1336 54
1313 1337 54
1315 1318 54
1315 1319 54
1315 1321 54
1316 1319 54
1317 1321 54
1318 1321 54
1318 1320 54
1320 1321 54
1324 1326 54
1324 1325 54
1325 1326 54
1331 1332 54
1335 1338 54
42 175 55
43 826 55
96 998 55
100 134 55
104 149 55
148 902 55
175 348 55
195 469 55
205 1390 55
305 990 55
312 808 55
332 1060 55
363 672 55
366 1364 55
395 602 55
430 1288 55
521 665 55
535 1364 55
542 626 55
566 1385 55
593 1024 55
611 972 55
641 1421 55
668 1233 55
696 1124 55
723 1186 55
767 1062 55
830 899 55
855 921 55
859 1229 55
969 1447 55
990 1111 55
1022 1290 55
1022 1376 55
1028 1086 55
1037 1125 55
1069 1437 55
1189 1288 55
1217 1339 55
1235 1379 55
1235 1382 55
1253 1320 55
1271 1306 55
1271 1387 55
1271 1334 55
1276 1357 55
1283 1356 55
1287 1309 55
1287 1371 55
1291 1313 55
1293 1365 55
1293 1372 55
1293 1352 55
1293 1312 55
1295 1384 55
1295 1371 55
1296 1323 55
1296 1310 55
1296 1327 55
1296 1350 55
1296 1349 55
1305 1340 55
1305 1347 55
1306 1355 55
1306 1334 55
1309 1371 55
1309 1357 55
1309 1359 55
1310 1350 55
1312 1338 55
1312 1385 55
1315 1344 55
1316 1318 55
1316 1320 55
1318 1320 55
1322 1356 55
1322 1325 55
1322 1329 55
1323 1349 55
1325 1356 55
1325 1329 55
1326 1329 55
1326 1354 55
1328 1341 55
1328 1340 55
1329 1356 55
1334 1355 55
1335 1338 55
1338 1363 55
1340 1341 55
1342 1343 55
1345 1346 55
1346 1373 55
1350 1377 55
1351 1353 55
1352 1367 55
1353 1367 55
1354 1355 55
1359 1362 55
1360 1386 55
1363 1366 55
1364 1366 55
1366 1381 55
1369 1370 55
1371 1384 55
1373 1374 55
1377 1385 55
1378 1379 55
1378 1380 55
1392 1423 55
10 1235 56
49 1368 56
49 675 56
100 1078 56
108 1132 56
116 828 56
122 241 56
146 1014 56
258 705 56
258 954 56
273 353 56
278 878 56
299 1455 56
351 988 56
361 803 56
361 1370 56
375 595 56
390 987 56
476 995 56
491 1001 56
505 1068 56
527 1103 56
541 580 56
565 1206 56
573 1169 56
581 1259 56
585 938 56
610 693 56
625 1291 56
648 1415 56
658 865 56
666 713 56
716 983 56
731 991 56
761 1194 56
783 852 56
787 1193 56
811 1018 56
836 1151 56
839 1457 56
867 909 56
875 1228 56
965 988 56
989 1093 56
1022 1416 56
1022 1415 56
1022 1399 56
1022 1290 56
1227 1426 56
1262 1370 56
1262 1412 56
1262 1397 56
1271 1355 56
1276 1309 56
1276 1295 56
1287 1401 56
1288 1327 56
1288 1410 56
1288 1411 56
1291 1365 56
1293 1363 56
1296 1310 56
1296 1383 56
1304 1459 56
1305 1348 56
1306 1417 56
1306 1408 56
1309 1360 56
1310 1383 56
1312 1422 56
1312 1376 56
1320 1355 56
1320 1408 56
1324 1354 56
1326 1354 56
1326 1369 56
1328 1362 56
1329 1370 56
1329 1396 56
1329 1397 56
1330 1356 56
1330 1396 56
1330 1397 56
1330 1395 56
1335 1404 56
1345 1398 56
1345 1374 56
1346 1348 56
1346 1409 56
1347 1417 56
1347 1348 56
1348 1409 56
1348 1417 56
1350 1377 56
1354 1361 56
1354 1406 56
1356 1396 56
1356 1397 56
1357 1401 56
1360 1409 56
1360 1420 56
1360 1414 56
1361 1406 56
1361 1365 56
1362 1421 56
1366 1419 56
1366 1410 56
1368 1407 56
1371 1418 56
1371 1384 56
1371 1421 56
1374 1398 56
1376 1416 56
1377 1391 56
1378 1403 56
1384 1421 56
1389 1413 56
1389 1412 56
1390 1392 56
1390 1391 56
1391 1392 56
1394 1395 56
1396 1397 56
1403 1404 56
1410 1419 56
1410 1411 56
1412 1413 56
1414 1418 56
7 485 57
14 817 57
101 834 57
134 605 57
151 629 57
153 842 57
177 622 57
183 854 57
232 1104 57
370 971 57
433 488 57
453 1291 57
481 669 57
491 539 57
493 694 57
507 928 57
612 1372 57
615 1412 57
615 1435 57
635 731 57
680 918 57
691 877 57
706 1417 57
822 1320 57
869 1401 57
1022 1416 57
1022 1312 57
1022 1428 57
1022 1372 57
1070 1074 57
1233 1367 57
1252 1376 57
1276 1309 57
1276 1362 57
1288 1371 57
1288 1366 57
1290 1441 57
1290 1368 57
1290 1399 57
1296 1310 57
1296 1427 57
1296 1323 57
1306 1440 57
1306 1320 57
1309 1362 57
1309 1384 57
1309 1418 57
1309 1414 57
1309 1436 57
1310 1404 57
1312 1416 57
1312 1438 57
1315 1425 57
1315 1424 57
1315 1426 57
1319 1339 57
1320 1348 57
1320 1417 57
1320 1354 57
1323 1427 57
1323 1404 57
1324 1408 57
1326 1370 57
1328 1384 57
1328 1421 57
1329 1370 57
1329 1434 57
1330 1368 57
1330 1413 57
1334 1440 57
1334 1361 57
1335 1404 57
1341 1398 57
1341 1346 57
1345 1398 57
1345 1346 57
1346 1354 57
1347 1417 57
1357 1433 57
1357 1360 57
1360 1420 57
1360 1437 57
1362 1409 57
1362 1436 57
1366 1371 57
1366 1404 57
1368 1431 57
1370 1434 57
1371 1435 57
1372 1416 57
1380 1429 57
1384 1431 57
1389 1412 57
1399 1428 57
1403 1430 57
1403 1429 57
1403 1405 57
1405 1429 57
1407 1434 57
1407 1413 57
1407 1431 57
1409 1439 57
1413 1431 57
1414 1436 57
1418 1436 57
1420 1437 57
1424 1425 57
1424 1426 57
1425 1426 57
1429 1443 57
4 1246 58
18 339 58
52 576 58
64 1215 58
76 197 58
246 1135 58
360 1152 58
401 1192 58
417 431 58
418 1462 58
541 1453 58
555 557 58
594 1394 58
787 1173 58
821 1435 58
883 1432 58
892 1127 58
915 1355 58
1022 1455 58
1291 1437 58
1291 1365 58
1291 1360 58
1305 1306 58
1305 1320 58
1306 1425 58
1306 1320 58
1306 1347 58
1309 1362 58
1310 1350 58
1310 1323 58
1312 1428 58
1315 1448 58
1315 1322 58
1316 1322 58
1316 1449 58
1320 1348 58
1322 1449 58
1323 1350 58
1323 1453 58
1323 1327 58
1323 1410 58
1327 1459 58
1327 1453 58
1329 1354 58
1329 1408 58
1329 1370 58
1330 1332 58
1332 1368 58
1347 1348 58
1350 1391 58
1350 1445 58
1354 1355 58
1354 1408 58
1360 1457 58
1362 1420 58
1362 1418 58
1365 1437 58
1368 1460 58
1372 1455 58
1372 1416 58
1372 1400 58
1372 1430 58
1372 1454 58
1384 1398 58
1395 1460 58
1400 1416 58
1403 1458 58
1403 1423 58
1410 1459 58
1413 1452 58
1414 1436 58
1414 1439 58
1416 1428 58
1423 1432 58
1423 1458 58
1423 1430 58
1423 1462 58
1425 1449 58
1430 1458 58
1430 1432 58
1432 1456 58
1432 1458 58
1432 1454 58
1433 1447 58
1435 1461 58
1436 1439 58
1438 1444 58
1444 1445 58
1448 1463 58
1450 1452 58
1454 1456 58
47 1314 59
51 298 59
81 1056 59
187 1009 59
210 1338 59
280 1349 59
308 1414 59
311 1011 59
427 903 59
438 537 59
540 1429 59
646 864 59
649 857 59
752 1419 59
775 1142 59
822 1383 59
845 1166 59
900 1310 59
908 1132 59
921 1084 59
1022 1403 59
1022 1471 59
1022 1405 59
1143 1244 59
1316 1449 59
1319 1470 59
1319 1449 59
1320 1324 59
1320 1417 59
1320 1355 59
1320 1347 59
1324 1417 59
1324 1347 59
1327 1357 59
1330 1465 59
1347 1417 59
1355 1362 59
1355 1439 59
1357 1414 59
1362 1421 59
1368 1472 59
1370 1460 59
1370 1407 59
1372 1455 59
1391 1469 59
1393 1466 59
1401 1447 59
1403 1471 59
1407 1460 59
1420 1468 59
1420 1439 59
1432 1444 59
1463 1470 59
1467 1468 59
1473 1474 59
39 1439 60
52 410 60
117 755 60
248 1351 60
307 1299 60
346 1218 60
356 1092 60
466 1342 60
469 1034 60
509 659 60
607 1153 60
652 1105 60
653 671 60
692 1007 60
730 917 60
752 808 60
912 929 60
1031 1253 60
1327 1447 60
1328 1464 60
1334 1455 60
1355 1467 60
1368 1395 60
1391 1454 60
1393 1475 60
1416 1420 60
1420 1455 60
1420 1432 60
