1 403 0
6 832 0
14 877 0
47 1103 0
48 780 0
53 1101 0
63 734 0
63 999 0
74 1086 0
76 657 0
86 636 0
97 687 0
103 1397 0
109 203 0
112 1265 0
126 840 0
132 219 0
137 379 0
138 793 0
142 649 0
145 674 0
150 895 0
152 1300 0
153 990 0
172 737 0
173 1322 0
180 435 0
239 492 0
245 712 0
245 1147 0
250 950 0
270 909 0
270 468 0
275 914 0
285 740 0
291 658 0
295 434 0
300 1334 0
354 706 0
359 583 0
369 903 0
370 1384 0
399 1034 0
401 473 0
412 933 0
422 877 0
425 1239 0
433 981 0
450 622 0
488 1043 0
489 862 0
500 953 0
518 910 0
521 730 0
533 1017 0
565 1191 0
585 921 0
587 1372 0
611 1425 0
618 926 0
641 1465 0
672 1437 0
711 744 0
734 872 0
757 1149 0
767 1028 0
778 959 0
817 1464 0
821 1233 0
822 962 0
879 1171 0
921 1125 0
974 1032 0
1015 1390 0
1039 1262 0
1057 1218 0
1104 1337 0
1153 1207 0
1250 1315 0
1320 1330 0
6 57 1
6 432 1
7 1234 1
13 1281 1
29 82 1
36 1116 1
46 829 1
51 1349 1
56 717 1
67 762 1
71 216 1
92 706 1
110 635 1
111 375 1
129 1441 1
130 433 1
136 724 1
138 781 1
147 528 1
149 728 1
166 1119 1
170 1090 1
183 360 1
184 579 1
185 1389 1
186 266 1
234 663 1
268 1020 1
286 1407 1
289 1002 1
308 606 1
319 1156 1
325 876 1
340 962 1
347 1464 1
362 854 1
371 1319 1
374 1245 1
377 668 1
383 811 1
399 1223 1
427 1397 1
472 1354 1
489 989 1
513 704 1
518 605 1
537 1317 1
549 819 1
570 754 1
581 1417 1
619 1088 1
653 842 1
691 825 1
716 1156 1
726 922 1
747 1375 1
835 1410 1
840 1111 1
845 868 1
850 1352 1
856 1295 1
878 1294 1
905 1451 1
910 914 1
918 1383 1
975 1478 1
1024 1136 1
1089 1092 1
1149 1306 1
1160 1186 1
1178 1374 1
1184 1467 1
1246 1423 1
1280 1386 1
1283 1447 1
4 236 2
12 719 2
23 460 2
27 131 2
28 71 2
35 547 2
36 182 2
37 421 2
40 255 2
47 466 2
49 244 2
57 836 2
57 321 2
58 1167 2
74 717 2
80 1208 2
92 226 2
104 940 2
106 968 2
108 1063 2
117 333 2
121 327 2
125 1323 2
125 264 2
130 441 2
135 507 2
147 962 2
187 1021 2
191 1227 2
192 284 2
208 396 2
213 638 2
215 465 2
223 647 2
229 632 2
248 1377 2
251 1354 2
260 625 2
263 1413 2
271 685 2
276 692 2
305 967 2
307 469 2
308 1388 2
319 1418 2
324 1008 2
326 750 2
329 669 2
334 713 2
339 1245 2
345 376 2
360 1218 2
360 500 2
363 632 2
372 742 2
374 1165 2
380 824 2
387 734 2
400 906 2
419 1075 2
422 1472 2
424 1395 2
434 538 2
436 1117 2
445 1445 2
447 705 2
464 834 2
469 1185 2
479 884 2
480 1245 2
485 707 2
493 1101 2
505 1291 2
513 1060 2
514 1218 2
521 1445 2
524 659 2
529 1325 2
534 1355 2
553 1453 2
565 574 2
575 589 2
584 1447 2
589 594 2
593 1061 2
594 1419 2
607 1335 2
619 1405 2
621 837 2
621 1446 2
621 899 2
622 864 2
636 912 2
659 891 2
670 829 2
672 1410 2
692 930 2
694 1228 2
696 885 2
704 1198 2
706 960 2
710 780 2
711 1356 2
728 1215 2
756 1071 2
777 914 2
791 1474 2
799 1249 2
808 910 2
844 1215 2
845 1431 2
845 1475 2
871 1392 2
904 958 2
928 1051 2
944 1282 2
946 975 2
977 1370 2
1086 1159 2
1108 1196 2
1144 1148 2
1169 1251 2
1184 1370 2
1197 1428 2
1207 1462 2
1230 1345 2
1298 1446 2
1318 1350 2
1396 1476 2
1467 1478 2
7 211 3
9 808 3
23 729 3
61 1206 3
67 750 3
72 642 3
79 1240 3
88 837 3
89 489 3
93 482 3
98 127 3
99 377 3
119 290 3
128 179 3
150 1087 3
161 1257 3
162 1274 3
183 908 3
187 779 3
193 600 3
196 1067 3
199 759 3
205 664 3
207 811 3
229 365 3
248 997 3
253 1382 3
273 1390 3
279 1180 3
291 692 3
313 446 3
342 906 3
346 458 3
352 723 3
411 1250 3
427 1176 3
435 1359 3
437 1034 3
441 1139 3
458 721 3
466 552 3
486 602 3
490 1172 3
533 1218 3
560 948 3
565 929 3
568 1247 3
578 1142 3
582 1421 3
587 1343 3
613 740 3
615 839 3
653 1062 3
686 784 3
695 740 3
745 816 3
801 1432 3
839 892 3
873 1407 3
899 971 3
910 1282 3
922 1317 3
955 1335 3
1122 1406 3
1127 1454 3
1187 1222 3
1192 1283 3
1207 1440 3
1215 1314 3
1226 1263 3
1313 1423 3
1364 1416 3
21 1413 4
30 1335 4
34 172 4
55 86 4
78 597 4
78 206 4
83 280 4
93 1330 4
99 1467 4
100 209 4
107 1254 4
115 1165 4
132 512 4
144 909 4
170 1219 4
190 610 4
192 1030 4
198 1076 4
200 1390 4
217 1159 4
240 1252 4
246 775 4
247 1479 4
280 981 4
294 1310 4
300 944 4
309 1198 4
318 807 4
333 1272 4
365 1333 4
372 474 4
376 1134 4
401 1353 4
429 1468 4
431 875 4
434 961 4
444 1055 4
446 566 4
452 718 4
452 699 4
464 951 4
471 662 4
485 838 4
513 1087 4
558 1098 4
563 1083 4
563 1031 4
564 596 4
572 1373 4
573 855 4
581 1246 4
609 1047 4
610 1440 4
615 1121 4
624 802 4
649 1025 4
664 1015 4
714 951 4
764 961 4
783 1055 4
786 885 4
794 903 4
798 1326 4
801 1465 4
845 945 4
858 1003 4
861 911 4
950 1006 4
968 1078 4
971 1045 4
998 1454 4
1004 1199 4
1009 1401 4
1022 1023 4
1140 1255 4
1196 1422 4
1269 1392 4
10 380 5
12 1051 5
14 986 5
38 288 5
53 1164 5
64 1021 5
72 168 5
81 1113 5
93 152 5
138 1361 5
141 569 5
143 730 5
152 819 5
154 308 5
161 663 5
167 509 5
205 1463 5
206 773 5
216 937 5
286 1029 5
289 1189 5
313 438 5
352 915 5
391 1368 5
391 806 5
398 1087 5
407 993 5
413 1293 5
429 1311 5
437 559 5
449 1232 5
478 673 5
493 1174 5
514 626 5
533 1098 5
554 1095 5
562 1391 5
564 786 5
574 971 5
580 593 5
621 1267 5
639 947 5
673 1064 5
720 919 5
735 1379 5
789 1436 5
858 1465 5
863 1443 5
909 1263 5
957 1360 5
1104 1361 5
1383 1423 5
4 417 6
12 1394 6
25 350 6
45 262 6
50 1146 6
88 1431 6
94 837 6
117 404 6
132 1423 6
149 212 6
157 653 6
173 1374 6
196 635 6
247 1401 6
253 1171 6
257 1019 6
259 503 6
268 1288 6
275 1424 6
364 1047 6
374 829 6
408 790 6
474 1178 6
511 929 6
529 874 6
560 1294 6
563 1027 6
567 1304 6
736 1313 6
793 1094 6
841 889 6
985 1320 6
1020 1455 6
1143 1252 6
1251 1383 6
1316 1384 6
16 1020 7
72 688 7
97 1376 7
121 1275 7
135 1177 7
179 1176 7
233 1069 7
240 1466 7
251 266 7
302 991 7
331 931 7
335 462 7
382 700 7
397 1208 7
405 706 7
447 1360 7
479 985 7
592 619 7
606 669 7
621 1379 7
732 1353 7
732 1096 7
751 1122 7
906 1094 7
936 1072 7
989 1038 7
1102 1213 7
1115 1231 7
1142 1236 7
42 853 8
89 874 8
92 323 8
93 707 8
101 1005 8
108 571 8
112 187 8
142 206 8
155 897 8
177 553 8
184 234 8
189 871 8
200 503 8
237 539 8
250 945 8
254 701 8
256 903 8
272 1008 8
279 1207 8
285 627 8
286 352 8
293 1207 8
331 559 8
342 900 8
343 359 8
351 557 8
356 1105 8
359 850 8
376 1086 8
379 1442 8
380 1222 8
387 752 8
388 1455 8
408 1058 8
412 481 8
430 810 8
436 1111 8
446 589 8
447 860 8
450 770 8
455 1001 8
459 911 8
504 1114 8
522 903 8
540 1237 8
576 1204 8
618 1416 8
750 754 8
807 1420 8
813 961 8
843 1394 8
877 1066 8
891 898 8
945 1338 8
969 1473 8
990 1329 8
994 1271 8
1002 1054 8
1008 1132 8
1023 1182 8
1031 1199 8
1082 1270 8
1197 1289 8
1362 1409 8
4 863 9
7 247 9
7 104 9
8 286 9
17 442 9
20 399 9
25 1158 9
26 823 9
26 29 9
26 558 9
27 223 9
27 1440 9
47 598 9
49 1003 9
51 1310 9
51 1091 9
59 685 9
59 81 9
59 1157 9
67 460 9
68 1315 9
69 1278 9
70 735 9
71 628 9
72 132 9
74 174 9
76 707 9
80 809 9
82 1356 9
84 1224 9
84 641 9
88 1457 9
88 149 9
92 367 9
93 414 9
96 1432 9
111 1047 9
116 315 9
118 1162 9
119 521 9
122 747 9
134 414 9
145 1018 9
146 379 9
147 795 9
148 367 9
156 938 9
162 1035 9
164 742 9
165 1218 9
178 1053 9
181 836 9
187 523 9
188 456 9
190 797 9
191 917 9
192 782 9
195 738 9
200 493 9
201 1160 9
206 832 9
211 1245 9
216 567 9
222 1261 9
235 1417 9
252 604 9
255 1072 9
255 587 9
260 1158 9
271 827 9
283 1271 9
288 1062 9
291 677 9
294 915 9
296 694 9
316 1115 9
325 1003 9
334 800 9
335 551 9
340 1089 9
342 726 9
347 494 9
349 1158 9
353 747 9
355 534 9
361 659 9
382 1354 9
386 403 9
393 498 9
410 581 9
411 804 9
414 667 9
416 1012 9
417 712 9
419 1287 9
435 990 9
437 1100 9
439 1142 9
440 1333 9
441 1440 9
449 962 9
451 964 9
451 975 9
455 1297 9
476 877 9
481 1162 9
499 857 9
502 1242 9
507 691 9
507 1127 9
521 797 9
532 536 9
534 832 9
538 974 9
564 725 9
571 1070 9
586 1204 9
588 1394 9
590 1388 9
602 807 9
604 1334 9
622 1000 9
632 1327 9
634 1013 9
637 1147 9
649 970 9
656 701 9
665 695 9
681 745 9
684 1061 9
693 891 9
694 913 9
721 1431 9
758 1250 9
762 834 9
766 1379 9
768 976 9
770 1290 9
776 1475 9
829 836 9
843 1153 9
847 988 9
853 1094 9
864 1383 9
870 943 9
901 1255 9
912 1200 9
922 1298 9
924 974 9
955 1046 9
957 1225 9
965 1257 9
973 1185 9
975 1453 9
978 979 9
987 1387 9
996 1146 9
1006 1294 9
1046 1455 9
1110 1241 9
1117 1128 9
1156 1232 9
1235 1398 9
1258 1268 9
1434 1452 9
2 80 10
2 290 10
6 1375 10
27 341 10
36 517 10
44 1123 10
72 525 10
94 524 10
112 1114 10
133 544 10
138 726 10
202 869 10
208 793 10
214 664 10
236 466 10
249 1032 10
252 614 10
267 1239 10
275 328 10
279 1366 10
322 1026 10
326 635 10
341 1385 10
351 868 10
353 590 10
356 627 10
383 1180 10
387 449 10
389 732 10
389 505 10
390 1147 10
397 412 10
397 1083 10
406 735 10
423 947 10
424 932 10
433 533 10
442 866 10
445 993 10
446 1458 10
469 1024 10
543 1034 10
574 770 10
605 1442 10
609 667 10
625 1355 10
634 1171 10
649 1338 10
664 1044 10
689 1078 10
699 1162 10
704 860 10
729 832 10
734 1409 10
786 1460 10
787 819 10
790 1065 10
791 1083 10
825 962 10
848 1197 10
925 1427 10
1005 1129 10
1050 1285 10
1058 1285 10
1065 1442 10
1170 1281 10
1225 1436 10
5 1094 11
10 303 11
16 75 11
19 621 11
21 123 11
21 1286 11
22 1324 11
24 115 11
30 242 11
33 271 11
34 251 11
36 1310 11
37 410 11
50 1319 11
51 348 11
53 400 11
53 1168 11
58 885 11
64 568 11
65 471 11
68 1060 11
68 1012 11
78 748 11
79 914 11
81 1412 11
83 1023 11
87 244 11
87 735 11
91 1022 11
93 673 11
93 427 11
96 272 11
96 114 11
97 409 11
113 1254 11
119 173 11
122 1090 11
130 1049 11
134 1367 11
136 1187 11
137 894 11
148 1189 11
152 672 11
152 763 11
155 293 11
160 1435 11
174 203 11
185 1300 11
186 1308 11
192 1095 11
198 1135 11
202 834 11
209 857 11
220 1118 11
221 1460 11
222 872 11
233 719 11
234 1105 11
238 880 11
238 1215 11
239 1061 11
242 1098 11
246 282 11
247 1203 11
253 1203 11
255 722 11
261 356 11
271 1411 11
271 525 11
283 779 11
293 305 11
293 1044 11
294 451 11
299 687 11
301 709 11
304 1383 11
304 445 11
305 1190 11
308 615 11
309 929 11
309 1273 11
314 749 11
316 348 11
317 477 11
320 498 11
325 980 11
332 609 11
333 1222 11
333 702 11
335 787 11
340 663 11
342 530 11
355 704 11
358 907 11
363 1194 11
364 1236 11
368 521 11
377 596 11
379 485 11
379 1151 11
382 1272 11
384 1118 11
387 1133 11
388 582 11
390 753 11
396 545 11
402 1435 11
403 1146 11
405 983 11
406 967 11
408 1376 11
415 1006 11
418 759 11
430 896 11
433 1094 11
434 449 11
437 1342 11
437 1479 11
444 1330 11
462 866 11
469 540 11
472 617 11
472 626 11
475 1119 11
476 962 11
476 995 11
476 803 11
480 979 11
480 1255 11
487 1404 11
493 599 11
495 700 11
512 1291 11
513 1460 11
530 1410 11
534 802 11
539 734 11
541 1131 11
542 604 11
544 1306 11
545 554 11
548 1175 11
552 1428 11
555 1176 11
557 1217 11
575 703 11
580 867 11
586 1308 11
596 1328 11
596 1453 11
596 927 11
598 897 11
600 890 11
607 1209 11
609 853 11
609 1474 11
618 747 11
627 1216 11
629 1269 11
640 1153 11
641 687 11
654 1353 11
669 967 11
674 1292 11
681 1157 11
682 1122 11
685 797 11
688 740 11
691 1155 11
703 779 11
708 905 11
713 1357 11
723 732 11
742 1448 11
760 1479 11
768 1410 11
772 830 11
783 1371 11
784 923 11
787 1362 11
797 909 11
800 879 11
802 1444 11
818 1335 11
824 944 11
825 870 11
832 1301 11
837 1298 11
843 1356 11
843 1252 11
856 888 11
865 969 11
880 1418 11
883 912 11
886 942 11
897 972 11
899 1467 11
930 1275 11
947 1276 11
957 1308 11
970 1236 11
973 1202 11
987 1266 11
1030 1321 11
1045 1337 11
1059 1144 11
1068 1217 11
1075 1245 11
1080 1403 11
1082 1367 11
1089 1316 11
1117 1391 11
1126 1366 11
1128 1338 11
1157 1363 11
1179 1199 11
1180 1422 11
1197 1334 11
1296 1316 11
1366 1397 11
1401 1404 11
1409 1419 11
1410 1440 11
6 697 12
19 476 12
20 1451 12
22 900 12
25 504 12
27 1466 12
33 199 12
52 464 12
54 741 12
68 1281 12
69 630 12
72 552 12
79 528 12
82 911 12
84 487 12
87 992 12
99 359 12
105 1437 12
120 132 12
122 1414 12
126 1254 12
128 370 12
131 839 12
132 379 12
138 751 12
146 811 12
149 313 12
153 295 12
160 711 12
168 610 12
170 949 12
172 1387 12
178 997 12
188 445 12
191 863 12
202 868 12
204 1153 12
207 532 12
228 329 12
253 696 12
264 1236 12
266 672 12
285 425 12
295 1004 12
298 982 12
314 1381 12
317 1372 12
320 884 12
330 419 12
333 838 12
353 751 12
354 734 12
355 1245 12
366 592 12
374 1357 12
396 1298 12
397 461 12
397 1253 12
398 960 12
431 778 12
431 1278 12
441 1357 12
451 642 12
451 1286 12
455 1305 12
456 620 12
460 949 12
473 1210 12
478 1091 12
482 1184 12
486 865 12
495 1176 12
505 991 12
509 1426 12
525 1414 12
534 634 12
552 949 12
573 781 12
576 1410 12
582 1462 12
584 902 12
585 833 12
588 1080 12
614 1091 12
637 843 12
665 814 12
709 739 12
711 1190 12
715 1157 12
763 1104 12
780 1027 12
782 1102 12
790 1419 12
804 1272 12
814 1013 12
815 958 12
888 1429 12
889 1450 12
891 1091 12
935 1325 12
959 1021 12
1011 1197 12
1065 1380 12
1073 1393 12
1089 1318 12
1260 1394 12
1317 1393 12
23 812 13
30 290 13
50 1400 13
60 232 13
84 1425 13
132 1378 13
169 1463 13
181 746 13
302 1262 13
374 1124 13
405 500 13
552 1337 13
800 804 13
850 1174 13
910 1365 13
1027 1360 13
1191 1372 13
1322 1452 13
1436 1439 13
4 156 14
4 85 14
7 696 14
13 142 14
18 56 14
24 684 14
29 117 14
34 144 14
36 486 14
43 752 14
51 583 14
58 223 14
59 1388 14
62 320 14
64 136 14
73 1348 14
74 973 14
82 444 14
91 124 14
93 921 14
104 1002 14
111 515 14
113 1440 14
117 438 14
118 1298 14
123 800 14
127 271 14
128 691 14
135 734 14
138 241 14
151 365 14
155 1342 14
155 210 14
158 254 14
159 310 14
161 461 14
163 170 14
167 1232 14
171 909 14
182 351 14
187 908 14
189 1388 14
189 636 14
190 558 14
202 1309 14
202 581 14
206 367 14
226 1222 14
233 1302 14
237 615 14
237 809 14
246 1167 14
249 1016 14
251 563 14
259 1279 14
263 1230 14
264 1176 14
277 1403 14
287 1348 14
292 1222 14
294 1040 14
295 963 14
299 716 14
302 418 14
311 552 14
318 744 14
321 1203 14
325 684 14
326 1050 14
328 812 14
330 831 14
351 1299 14
352 1103 14
359 563 14
363 536 14
366 835 14
369 650 14
369 702 14
385 1265 14
400 1343 14
407 590 14
410 653 14
411 763 14
415 981 14
420 1080 14
447 464 14
450 687 14
455 956 14
455 1404 14
459 562 14
461 1355 14
465 998 14
475 675 14
477 1433 14
477 1335 14
480 1420 14
482 772 14
489 532 14
506 716 14
510 568 14
515 1424 14
515 966 14
518 920 14
524 590 14
533 591 14
534 1267 14
563 990 14
565 1326 14
565 720 14
570 1230 14
582 914 14
588 940 14
588 732 14
588 1293 14
589 706 14
594 1261 14
603 836 14
603 1263 14
608 941 14
610 1470 14
613 1032 14
618 1003 14
621 1309 14
623 945 14
625 677 14
656 1443 14
664 1080 14
666 962 14
681 904 14
690 713 14
694 1374 14
704 956 14
706 1354 14
707 1212 14
711 733 14
720 759 14
738 1450 14
743 1226 14
774 1427 14
777 836 14
778 947 14
787 1214 14
788 966 14
788 878 14
789 1408 14
791 898 14
806 1395 14
812 980 14
815 1044 14
836 1074 14
861 1379 14
872 1218 14
879 939 14
881 1326 14
885 1341 14
891 1142 14
897 936 14
900 1232 14
928 1465 14
939 1165 14
988 1453 14
989 1344 14
1013 1337 14
1018 1224 14
1031 1196 14
1033 1255 14
1037 1052 14
1040 1382 14
1055 1244 14
1095 1463 14
1100 1212 14
1153 1341 14
1161 1276 14
1173 1415 14
1174 1268 14
1212 1409 14
1240 1301 14
1268 1450 14
1270 1408 14
1304 1470 14
1334 1461 14
0 1413 15
4 1357 15
15 976 15
23 374 15
31 927 15
33 46 15
34 335 15
35 1111 15
68 642 15
71 1129 15
88 790 15
89 938 15
111 1263 15
113 1059 15
115 858 15
118 329 15
120 1252 15
128 1177 15
137 582 15
167 760 15
167 1111 15
172 607 15
175 954 15
182 1097 15
188 920 15
207 278 15
214 327 15
217 1341 15
223 389 15
240 303 15
242 383 15
244 1230 15
273 722 15
277 1165 15
290 401 15
302 646 15
308 750 15
326 1022 15
340 961 15
348 1301 15
365 1220 15
366 772 15
379 610 15
397 1343 15
407 995 15
414 628 15
417 1192 15
428 904 15
432 503 15
442 1449 15
457 745 15
469 863 15
481 987 15
482 1192 15
490 491 15
497 831 15
505 887 15
507 1041 15
521 1046 15
525 1064 15
531 651 15
550 1404 15
551 597 15
558 781 15
567 641 15
585 1304 15
596 622 15
597 847 15
601 906 15
602 604 15
607 856 15
626 1419 15
635 1299 15
653 1309 15
685 838 15
745 1380 15
774 1333 15
781 1446 15
782 1083 15
787 1172 15
804 1059 15
814 1292 15
848 1097 15
914 1307 15
921 1018 15
934 1345 15
953 1180 15
970 1189 15
1042 1261 15
1050 1254 15
1052 1197 15
1069 1224 15
1083 1221 15
1093 1260 15
1128 1275 15
1181 1359 15
1201 1436 15
1231 1448 15
1233 1241 15
1277 1365 15
1306 1336 15
1343 1425 15
1421 1428 15
30 1435 16
30 773 16
31 386 16
38 1331 16
45 1164 16
50 633 16
53 1462 16
70 318 16
88 446 16
98 1138 16
112 842 16
125 685 16
127 340 16
165 1073 16
167 634 16
182 1027 16
183 759 16
191 526 16
191 940 16
219 1078 16
229 1191 16
230 1267 16
234 887 16
250 416 16
256 388 16
272 1233 16
288 1318 16
326 1260 16
342 1099 16
417 782 16
434 1303 16
435 786 16
472 1312 16
485 666 16
494 1271 16
510 968 16
520 1134 16
527 999 16
535 890 16
579 640 16
633 655 16
647 1293 16
656 806 16
656 1075 16
661 847 16
666 1429 16
680 1411 16
693 845 16
716 1045 16
737 1048 16
738 772 16
741 899 16
752 1158 16
772 1253 16
774 814 16
829 1310 16
844 1278 16
873 1064 16
873 882 16
885 952 16
921 1071 16
935 1367 16
936 1448 16
955 1197 16
978 1094 16
981 1237 16
986 1298 16
999 1422 16
1019 1068 16
1052 1344 16
1091 1296 16
1113 1305 16
1151 1252 16
1152 1450 16
1210 1392 16
1228 1452 16
1393 1425 16
20 1345 17
24 293 17
33 938 17
55 1162 17
71 367 17
71 1007 17
81 633 17
95 575 17
110 1176 17
126 241 17
151 544 17
213 546 17
226 445 17
242 633 17
256 1316 17
315 1024 17
321 509 17
328 1392 17
336 774 17
371 804 17
396 1144 17
435 1086 17
453 1036 17
497 1404 17
520 1410 17
541 994 17
608 869 17
631 1407 17
647 1258 17
650 1315 17
675 1479 17
715 1449 17
740 805 17
782 853 17
817 1014 17
835 1087 17
844 1199 17
882 1001 17
892 1084 17
910 1331 17
956 1319 17
996 1282 17
1001 1353 17
1005 1147 17
1060 1344 17
1075 1143 17
1108 1329 17
1191 1229 17
1269 1347 17
1302 1328 17
1348 1383 17
0 1189 18
12 1153 18
19 1200 18
23 1022 18
33 1035 18
46 895 18
51 495 18
79 521 18
83 104 18
93 1238 18
95 1070 18
105 1322 18
115 910 18
144 316 18
176 254 18
180 657 18
182 766 18
200 1169 18
204 650 18
213 790 18
230 461 18
238 596 18
256 450 18
273 1358 18
277 1005 18
292 560 18
315 1425 18
318 611 18
319 341 18
344 1451 18
354 479 18
371 1414 18
376 1219 18
399 932 18
405 786 18
435 1020 18
444 1312 18
452 503 18
490 1370 18
499 1078 18
506 634 18
510 670 18
524 1075 18
530 959 18
532 559 18
541 923 18
547 1003 18
581 1445 18
601 622 18
619 961 18
622 819 18
640 865 18
670 946 18
677 1076 18
704 1474 18
705 877 18
750 941 18
769 951 18
807 937 18
827 1310 18
887 1248 18
899 1276 18
928 1213 18
975 1221 18
997 1056 18
1031 1349 18
1035 1442 18
1044 1136 18
1086 1287 18
1101 1125 18
1212 1471 18
1226 1391 18
1256 1270 18
1372 1420 18
4 895 19
7 414 19
16 1048 19
36 1415 19
41 241 19
43 286 19
44 630 19
60 1019 19
67 470 19
104 795 19
113 1168 19
118 1478 19
121 1028 19
130 1131 19
139 377 19
140 980 19
140 881 19
140 615 19
148 1438 19
150 448 19
168 882 19
172 658 19
175 930 19
199 558 19
217 383 19
219 1137 19
233 946 19
239 838 19
246 765 19
259 817 19
265 581 19
266 1014 19
270 768 19
277 1383 19
293 716 19
293 1284 19
294 581 19
295 646 19
304 423 19
319 1468 19
325 857 19
331 815 19
341 1093 19
345 1285 19
348 1326 19
368 1365 19
372 1244 19
379 975 19
380 673 19
396 1217 19
398 1303 19
400 1200 19
401 640 19
404 1174 19
427 1218 19
429 501 19
434 942 19
452 1113 19
452 1181 19
456 742 19
467 881 19
485 671 19
492 940 19
492 1250 19
500 831 19
504 669 19
516 751 19
522 1214 19
529 1288 19
583 1329 19
597 1281 19
598 662 19
608 849 19
644 665 19
646 952 19
650 1092 19
681 1290 19
684 691 19
688 1458 19
695 1134 19
702 1007 19
704 734 19
752 832 19
756 772 19
765 988 19
768 1204 19
770 1302 19
806 918 19
825 896 19
837 1272 19
841 886 19
857 1005 19
888 1022 19
890 1413 19
902 1017 19
925 1116 19
951 1282 19
968 1081 19
992 1135 19
1073 1407 19
1077 1311 19
1093 1187 19
1117 1378 19
1117 1436 19
1135 1243 19
1136 1361 19
1174 1475 19
1299 1469 19
1308 1401 19
1309 1394 19
1336 1349 19
1354 1438 19
1357 1447 19
13 908 20
29 274 20
34 313 20
37 1257 20
37 137 20
37 1220 20
37 1071 20
48 691 20
48 929 20
53 723 20
58 479 20
62 616 20
67 461 20
74 790 20
75 1358 20
75 625 20
85 1214 20
90 554 20
90 774 20
92 1014 20
97 302 20
99 1348 20
101 514 20
103 1320 20
104 325 20
104 401 20
110 681 20
114 643 20
118 806 20
120 427 20
130 663 20
132 1163 20
150 871 20
151 1197 20
153 1267 20
160 800 20
162 399 20
166 731 20
169 657 20
177 1184 20
182 900 20
182 875 20
196 1237 20
202 948 20
208 638 20
213 602 20
213 458 20
218 1404 20
218 789 20
222 344 20
229 1118 20
229 272 20
231 620 20
236 544 20
238 1305 20
258 659 20
278 678 20
284 1321 20
291 1389 20
301 885 20
311 687 20
327 1355 20
341 1463 20
348 580 20
357 1400 20
360 942 20
364 1081 20
364 902 20
369 717 20
377 625 20
379 972 20
389 1018 20
389 1020 20
396 1031 20
399 494 20
421 760 20
427 454 20
427 851 20
428 702 20
437 1094 20
438 816 20
454 675 20
464 1398 20
465 961 20
471 1249 20
478 1299 20
495 1100 20
499 1375 20
507 1322 20
509 851 20
511 1323 20
523 856 20
528 876 20
540 1353 20
546 1248 20
563 803 20
569 1244 20
582 1333 20
586 1271 20
586 983 20
598 1391 20
601 676 20
606 1295 20
609 1005 20
622 1028 20
643 1067 20
648 736 20
652 801 20
662 1445 20
664 1419 20
685 1146 20
733 1334 20
734 1266 20
752 1009 20
765 842 20
785 959 20
794 885 20
807 1190 20
814 1062 20
826 869 20
845 1015 20
848 1316 20
859 1291 20
862 1115 20
870 1479 20
881 1369 20
896 1374 20
905 995 20
913 973 20
942 1464 20
955 1006 20
966 1171 20
981 1354 20
1012 1071 20
1052 1182 20
1063 1253 20
1105 1120 20
1121 1415 20
1134 1400 20
1167 1399 20
1171 1322 20
1184 1257 20
1188 1209 20
1236 1327 20
1307 1465 20
1319 1434 20
1363 1368 20
1368 1380 20
1439 1457 20
0 250 21
18 252 21
25 761 21
29 234 21
40 391 21
44 440 21
50 260 21
55 58 21
67 386 21
71 325 21
73 745 21
80 480 21
82 617 21
84 1111 21
87 436 21
87 1423 21
89 1319 21
99 1053 21
108 962 21
109 175 21
110 194 21
111 243 21
117 227 21
120 261 21
122 1167 21
140 986 21
144 643 21
146 557 21
147 1095 21
152 1144 21
157 1315 21
162 509 21
167 1455 21
178 1255 21
186 1426 21
203 284 21
206 1371 21
214 600 21
231 1472 21
238 318 21
243 726 21
245 299 21
249 575 21
250 1253 21
254 950 21
263 977 21
267 747 21
268 324 21
275 1291 21
281 1102 21
286 1407 21
288 1474 21
292 1243 21
295 324 21
296 874 21
298 658 21
301 1385 21
302 1221 21
306 378 21
307 962 21
309 639 21
313 1022 21
327 1313 21
330 1120 21
331 761 21
357 1305 21
370 1013 21
371 1358 21
384 520 21
391 812 21
395 1136 21
418 1043 21
419 1379 21
441 1261 21
444 1174 21
446 869 21
457 1068 21
461 1148 21
463 921 21
470 561 21
478 655 21
478 743 21
488 1314 21
493 1100 21
505 1410 21
510 615 21
510 1280 21
511 1405 21
524 543 21
535 1025 21
539 651 21
540 1458 21
547 1331 21
551 1161 21
552 1417 21
560 985 21
566 1289 21
590 1040 21
595 799 21
601 894 21
602 666 21
638 1042 21
664 994 21
668 1012 21
683 828 21
696 1403 21
704 1031 21
718 1135 21
718 1313 21
720 840 21
765 812 21
770 1224 21
771 968 21
780 1172 21
789 1078 21
791 805 21
861 1353 21
862 1082 21
865 870 21
882 1456 21
917 1250 21
919 1451 21
936 1403 21
938 1059 21
985 1155 21
991 1112 21
993 1335 21
1004 1292 21
1006 1468 21
1014 1469 21
1025 1029 21
1062 1214 21
1069 1434 21
1092 1456 21
1137 1376 21
1140 1473 21
1146 1279 21
1152 1279 21
1213 1438 21
1234 1426 21
1235 1262 21
1311 1400 21
1355 1384 21
1367 1455 21
1431 1450 21
4 1161 22
8 886 22
20 529 22
21 1371 22
24 915 22
35 406 22
40 231 22
47 774 22
53 1349 22
54 1045 22
55 809 22
56 911 22
60 1407 22
61 867 22
64 862 22
71 861 22
72 504 22
76 692 22
85 848 22
93 684 22
94 644 22
96 871 22
98 231 22
98 444 22
103 1165 22
105 678 22
105 996 22
117 1020 22
121 892 22
138 714 22
140 1033 22
142 451 22
150 1469 22
154 575 22
154 312 22
155 948 22
162 168 22
172 1391 22
175 688 22
179 558 22
181 1050 22
182 1163 22
182 1197 22
184 248 22
195 727 22
199 1178 22
203 860 22
207 265 22
216 331 22
216 948 22
223 389 22
228 636 22
234 369 22
239 971 22
243 1301 22
250 888 22
254 1351 22
268 293 22
272 531 22
279 1168 22
279 786 22
290 740 22
297 602 22
306 614 22
321 1004 22
337 1084 22
338 1241 22
345 884 22
356 362 22
367 872 22
369 906 22
369 572 22
370 897 22
387 393 22
387 1269 22
391 786 22
398 1081 22
406 1046 22
434 698 22
436 452 22
457 730 22
467 1060 22
473 1369 22
486 899 22
494 1253 22
496 1470 22
497 1388 22
499 1083 22
507 978 22
519 1370 22
521 723 22
533 1077 22
537 1402 22
538 1213 22
546 868 22
574 1352 22
575 1178 22
582 715 22
587 1092 22
624 851 22
632 913 22
639 1254 22
652 1402 22
667 1443 22
685 895 22
691 876 22
706 883 22
719 853 22
730 1353 22
766 898 22
776 1051 22
793 885 22
798 1100 22
798 1327 22
803 1393 22
828 1192 22
841 1085 22
847 1316 22
848 1143 22
853 1222 22
858 891 22
860 1102 22
868 1020 22
881 1324 22
887 888 22
891 1129 22
902 1460 22
916 1082 22
930 996 22
933 1410 22
952 1312 22
971 1296 22
973 1071 22
981 1340 22
1041 1364 22
1041 1409 22
1074 1192 22
1079 1327 22
1085 1235 22
1095 1369 22
1109 1458 22
1137 1473 22
1147 1241 22
1148 1285 22
1221 1399 22
1225 1304 22
1306 1398 22
1356 1470 22
1361 1475 22
1404 1412 22
1434 1440 22
0 1087 23
2 1303 23
3 191 23
7 1149 23
9 316 23
17 275 23
20 378 23
23 997 23
24 1463 23
29 979 23
33 610 23
35 1221 23
40 690 23
63 240 23
64 1463 23
67 982 23
74 722 23
82 1453 23
86 767 23
88 736 23
90 286 23
93 221 23
103 1414 23
117 486 23
119 304 23
122 383 23
123 919 23
123 1321 23
124 1152 23
144 443 23
161 723 23
170 1113 23
187 854 23
201 1305 23
203 968 23
213 431 23
217 1026 23
220 1273 23
234 655 23
240 670 23
241 727 23
259 540 23
271 517 23
272 1192 23
276 439 23
287 337 23
295 492 23
297 776 23
310 496 23
312 1242 23
328 716 23
330 1117 23
332 580 23
350 642 23
355 1081 23
357 1026 23
370 1207 23
379 1097 23
392 761 23
397 729 23
408 1032 23
411 1186 23
419 1055 23
435 1007 23
436 1308 23
456 1044 23
461 1028 23
466 1078 23
466 513 23
471 1456 23
482 731 23
491 1179 23
494 1167 23
495 817 23
495 1399 23
502 1217 23
515 844 23
515 1301 23
518 847 23
525 1462 23
527 988 23
553 1159 23
561 1400 23
579 678 23
583 819 23
586 587 23
601 1174 23
608 1330 23
610 844 23
611 1231 23
614 1144 23
633 886 23
636 1352 23
646 853 23
661 971 23
674 1237 23
675 1328 23
677 1294 23
685 869 23
687 1253 23
700 757 23
707 1451 23
713 883 23
715 749 23
748 1282 23
776 1103 23
828 1181 23
861 1408 23
885 929 23
889 1253 23
901 1097 23
938 1256 23
995 1415 23
1017 1341 23
1082 1334 23
1089 1326 23
1090 1196 23
1097 1264 23
1117 1154 23
1173 1427 23
1215 1319 23
1277 1396 23
1309 1347 23
1315 1444 23
1348 1475 23
1388 1417 23
1409 1460 23
12 467 24
25 453 24
27 408 24
31 189 24
35 226 24
57 1125 24
59 878 24
79 1148 24
87 883 24
112 1206 24
113 265 24
127 1006 24
132 891 24
140 1372 24
142 1016 24
146 936 24
181 303 24
190 839 24
201 1168 24
209 660 24
211 485 24
234 580 24
238 1118 24
247 583 24
248 599 24
257 806 24
274 342 24
276 1380 24
278 876 24
300 1045 24
325 1074 24
357 867 24
361 425 24
388 996 24
404 658 24
421 1476 24
473 623 24
480 891 24
525 1054 24
543 1270 24
592 1462 24
598 718 24
605 1083 24
664 1272 24
667 843 24
669 1041 24
677 1068 24
684 1332 24
705 821 24
715 873 24
728 827 24
754 1018 24
781 1146 24
824 1024 24
875 1420 24
882 999 24
903 950 24
906 1420 24
1107 1460 24
1136 1207 24
5 282 25
13 262 25
28 164 25
34 937 25
48 1350 25
54 1407 25
56 1357 25
63 676 25
74 664 25
78 1202 25
84 982 25
88 1133 25
93 1417 25
108 875 25
130 639 25
158 1369 25
163 671 25
179 1330 25
185 707 25
193 815 25
201 719 25
207 345 25
228 1040 25
232 459 25
232 1039 25
235 889 25
276 1440 25
286 915 25
290 495 25
297 1395 25
299 981 25
301 473 25
305 1176 25
305 606 25
344 795 25
354 761 25
362 817 25
387 446 25
418 1250 25
419 806 25
447 566 25
481 1470 25
485 617 25
506 563 25
534 1241 25
540 694 25
585 781 25
592 1073 25
593 1272 25
608 1073 25
628 895 25
658 789 25
703 797 25
719 1125 25
744 1117 25
755 1031 25
779 1410 25
817 1130 25
839 1402 25
889 936 25
911 965 25
942 1125 25
949 1282 25
973 1384 25
1002 1153 25
1038 1316 25
1054 1092 25
1075 1106 25
1076 1108 25
1077 1091 25
1094 1158 25
1139 1316 25
1173 1289 25
1174 1260 25
1230 1237 25
1244 1419 25
1276 1396 25
14 218 26
24 1101 26
25 954 26
26 267 26
46 449 26
56 966 26
64 556 26
65 139 26
71 187 26
87 1313 26
97 647 26
106 608 26
137 988 26
137 591 26
142 439 26
144 579 26
150 472 26
164 493 26
170 235 26
184 247 26
202 419 26
211 269 26
239 1081 26
262 396 26
279 294 26
283 532 26
298 743 26
310 575 26
339 849 26
341 1374 26
345 1253 26
350 1001 26
360 463 26
378 564 26
385 493 26
388 653 26
391 1068 26
392 600 26
404 672 26
413 1194 26
414 962 26
457 885 26
470 1229 26
478 1206 26
484 1097 26
487 1104 26
488 1232 26
512 1186 26
521 1381 26
533 1389 26
549 1369 26
558 722 26
579 686 26
589 1082 26
624 825 26
637 988 26
653 697 26
662 1446 26
665 1176 26
673 867 26
681 945 26
681 1280 26
681 1097 26
688 1107 26
707 1185 26
710 1286 26
712 1053 26
725 1123 26
737 811 26
762 1350 26
764 1383 26
785 985 26
802 1124 26
841 872 26
848 1002 26
869 1188 26
877 1187 26
887 1338 26
893 963 26
903 1380 26
925 1239 26
926 1197 26
936 967 26
964 991 26
978 1234 26
1002 1438 26
1019 1416 26
1030 1074 26
1068 1240 26
1116 1433 26
1125 1199 26
1163 1170 26
1171 1195 26
1195 1256 26
1225 1265 26
1245 1292 26
1254 1437 26
1291 1452 26
1404 1415 26
22 1180 27
47 1047 27
71 1186 27
113 472 27
116 1086 27
116 620 27
123 793 27
126 1440 27
159 808 27
169 716 27
179 658 27
187 1153 27
189 217 27
192 446 27
196 535 27
196 430 27
253 1093 27
255 360 27
267 1479 27
272 1228 27
287 405 27
306 381 27
323 1220 27
327 518 27
347 553 27
365 538 27
420 930 27
420 574 27
431 1323 27
438 1307 27
450 711 27
457 1381 27
479 764 27
489 672 27
509 868 27
518 802 27
539 944 27
548 852 27
554 1219 27
555 1294 27
564 840 27
590 1220 27
598 958 27
603 1006 27
668 1224 27
675 1030 27
688 1227 27
702 824 27
709 882 27
725 775 27
728 1468 27
750 1082 27
806 1039 27
823 1196 27
844 946 27
852 1375 27
856 1313 27
958 1169 27
961 1442 27
1030 1135 27
1069 1366 27
1075 1437 27
1094 1389 27
1145 1310 27
1154 1229 27
1160 1433 27
1161 1411 27
1339 1474 27
41 1410 28
42 1338 28
47 1059 28
71 957 28
101 1381 28
139 664 28
165 413 28
175 329 28
185 630 28
191 1322 28
205 612 28
208 1153 28
218 388 28
226 552 28
251 740 28
265 460 28
276 962 28
276 1271 28
334 1091 28
345 417 28
384 1018 28
391 1230 28
395 1254 28
403 1321 28
405 1381 28
425 934 28
454 1346 28
460 1437 28
485 732 28
533 853 28
536 580 28
537 576 28
549 1080 28
559 626 28
642 880 28
663 984 28
668 1027 28
706 1133 28
720 854 28
783 1033 28
792 1445 28
859 907 28
864 1469 28
889 1294 28
909 1293 28
926 1287 28
985 1235 28
1007 1373 28
1025 1043 28
1031 1465 28
1051 1217 28
1100 1292 28
1103 1262 28
1190 1337 28
1325 1470 28
6 136 29
28 834 29
35 564 29
37 1467 29
105 532 29
124 1198 29
150 1229 29
189 887 29
242 852 29
288 1249 29
292 1227 29
354 1382 29
442 1199 29
455 542 29
468 1206 29
520 1477 29
648 912 29
794 1380 29
817 829 29
847 954 29
922 961 29
999 1413 29
1261 1441 29
28 1280 30
69 94 30
104 657 30
135 418 30
240 1356 30
280 1308 30
363 1075 30
368 1387 30
372 586 30
377 1128 30
497 1383 30
529 919 30
542 1138 30
602 1307 30
711 1062 30
840 1078 30
888 907 30
894 1117 30
988 1190 30
1037 1212 30
1051 1389 30
1146 1310 30
1179 1297 30
49 375 31
121 1387 31
223 779 31
237 442 31
662 1398 31
308 1065 32
346 1292 32
346 1478 32
878 1293 32
582 1275 33
593 868 33
987 1307 33
316 389 34
350 1100 34
476 759 34
1396 1426 34
79 1365 35
175 1020 35
392 1054 35
457 1274 35
805 1316 35
827 1014 35
29 1065 37
184 1084 37
387 410 37
533 1118 38
674 830 38
131 303 39
137 813 39
28 1049 40
55 501 40
122 799 40
144 1437 40
179 1422 40
187 832 40
222 1254 40
286 698 40
336 1141 40
360 1462 40
369 927 40
447 1194 40
457 826 40
458 1417 40
463 466 40
516 564 40
520 1057 40
560 951 40
590 1074 40
607 968 40
849 995 40
933 1450 40
0 805 41
5 182 41
33 343 41
39 384 41
49 553 41
54 810 41
67 987 41
69 349 41
74 1406 41
75 1141 41
75 1071 41
80 1060 41
91 1445 41
118 306 41
125 668 41
129 1047 41
131 1289 41
133 1260 41
137 1470 41
145 1120 41
146 622 41
151 280 41
158 189 41
171 303 41
174 272 41
175 983 41
181 801 41
199 870 41
204 220 41
205 1137 41
209 1111 41
210 1154 41
217 881 41
220 357 41
236 903 41
249 756 41
250 353 41
260 471 41
287 1183 41
295 1058 41
303 1078 41
306 491 41
343 790 41
344 1230 41
348 1139 41
366 1276 41
367 698 41
397 433 41
429 661 41
430 456 41
434 753 41
446 1293 41
460 1117 41
478 599 41
503 1046 41
518 1151 41
520 927 41
539 1476 41
540 1255 41
577 689 41
592 1138 41
596 978 41
609 965 41
634 1093 41
640 1012 41
641 1137 41
677 783 41
723 952 41
743 1080 41
757 1464 41
764 919 41
780 890 41
805 868 41
807 1197 41
867 1130 41
880 1000 41
927 1217 41
927 1479 41
961 1314 41
1065 1470 41
1081 1265 41
1094 1337 41
1117 1233 41
1184 1268 41
1193 1293 41
1291 1431 41
1360 1455 41
1364 1450 41
1 665 42
12 912 42
18 354 42
24 676 42
27 818 42
29 779 42
36 1205 42
39 1116 42
39 1314 42
39 438 42
41 285 42
46 149 42
57 864 42
71 457 42
74 386 42
77 356 42
80 1049 42
92 270 42
93 1102 42
97 1321 42
98 1136 42
125 991 42
127 247 42
138 906 42
138 305 42
139 405 42
140 208 42
156 1078 42
165 1089 42
173 961 42
177 1175 42
181 314 42
193 523 42
208 1378 42
212 1110 42
216 1423 42
217 350 42
247 576 42
249 407 42
255 913 42
260 769 42
278 478 42
280 294 42
286 776 42
287 370 42
293 1189 42
296 528 42
302 521 42
304 846 42
310 887 42
313 537 42
318 589 42
318 409 42
333 1229 42
336 638 42
341 843 42
343 1230 42
349 1146 42
353 1339 42
376 522 42
396 1090 42
400 830 42
404 632 42
408 1305 42
415 589 42
418 1152 42
420 1201 42
424 1213 42
439 498 42
439 848 42
441 1372 42
442 1105 42
447 1050 42
465 724 42
472 1150 42
475 1294 42
475 1220 42
488 606 42
498 561 42
511 525 42
521 1444 42
527 1087 42
532 1460 42
549 1412 42
563 1274 42
567 990 42
579 962 42
597 1282 42
602 1012 42
605 1388 42
615 765 42
619 829 42
637 1184 42
655 1393 42
657 773 42
666 1226 42
679 1332 42
680 785 42
687 1110 42
696 999 42
700 709 42
729 1397 42
780 1249 42
797 1103 42
801 1057 42
837 1234 42
839 1003 42
840 1388 42
852 1399 42
855 1303 42
876 1372 42
886 1098 42
901 946 42
909 1145 42
921 1115 42
926 1189 42
944 1389 42
959 1370 42
1007 1450 42
1044 1436 42
1046 1146 42
1049 1152 42
1063 1228 42
1100 1108 42
1147 1424 42
1165 1330 42
1224 1234 42
1238 1455 42
1335 1416 42
1409 1470 42
1446 1473 42
1 1292 43
1 1440 43
10 668 43
11 256 43
12 887 43
16 553 43
20 774 43
22 1109 43
23 28 43
27 1449 43
32 496 43
34 1394 43
47 1209 43
48 529 43
52 1135 43
54 932 43
60 1107 43
75 686 43
75 303 43
76 965 43
77 998 43
83 488 43
96 160 43
97 438 43
99 260 43
100 683 43
101 486 43
103 543 43
109 704 43
110 430 43
117 263 43
119 268 43
145 792 43
149 228 43
152 1174 43
155 1027 43
159 760 43
160 264 43
174 261 43
183 1204 43
183 726 43
184 389 43
188 715 43
192 730 43
195 987 43
199 321 43
200 386 43
211 841 43
218 695 43
220 1429 43
223 306 43
226 773 43
233 1478 43
235 1267 43
237 905 43
238 1360 43
242 1319 43
244 940 43
256 871 43
259 1476 43
263 748 43
267 1332 43
269 620 43
283 1463 43
291 561 43
293 311 43
297 1450 43
297 773 43
303 570 43
303 1427 43
307 512 43
313 1165 43
315 406 43
321 1180 43
321 1429 43
322 1160 43
337 508 43
339 470 43
340 1407 43
343 801 43
360 681 43
362 1386 43
363 879 43
370 1218 43
372 1413 43
377 1237 43
383 1111 43
394 1042 43
395 741 43
399 415 43
407 1182 43
411 1453 43
412 1092 43
414 617 43
423 961 43
425 722 43
430 532 43
444 678 43
445 1293 43
450 870 43
451 1052 43
479 921 43
480 777 43
482 592 43
484 1185 43
484 1419 43
488 1404 43
492 1290 43
496 1444 43
500 1452 43
503 1424 43
504 529 43
505 1053 43
505 1194 43
505 933 43
511 1325 43
515 762 43
517 1378 43
538 576 43
546 946 43
556 1452 43
561 972 43
562 1073 43
568 1093 43
569 1310 43
583 837 43
585 1333 43
585 1261 43
590 1470 43
593 1132 43
619 1327 43
620 913 43
628 1393 43
638 1380 43
689 1360 43
709 846 43
716 1397 43
720 1337 43
725 1135 43
725 1443 43
727 814 43
732 1395 43
743 973 43
746 1235 43
763 1453 43
792 984 43
793 1433 43
805 1249 43
831 1414 43
836 1099 43
850 1392 43
873 1245 43
884 1234 43
942 1285 43
952 1008 43
954 1153 43
966 1305 43
970 1138 43
981 1109 43
997 1144 43
1002 1206 43
1020 1438 43
1021 1445 43
1038 1431 43
1043 1128 43
1052 1223 43
1069 1349 43
1112 1395 43
1126 1215 43
1165 1420 43
1175 1365 43
1189 1469 43
1213 1261 43
1277 1312 43
1287 1389 43
1303 1452 43
1313 1372 43
4 1444 44
51 1250 44
76 1095 44
79 1265 44
85 367 44
96 534 44
111 699 44
126 847 44
136 313 44
141 798 44
196 645 44
200 663 44
218 375 44
224 1430 44
280 604 44
280 1436 44
348 549 44
368 378 44
374 613 44
375 1259 44
454 1215 44
506 780 44
555 617 44
574 828 44
617 854 44
682 1262 44
729 926 44
745 759 44
774 855 44
810 886 44
814 1276 44
817 977 44
846 1412 44
937 967 44
1002 1375 44
1076 1462 44
1129 1416 44
1176 1360 44
2 1061 45
4 857 45
4 376 45
5 289 45
9 601 45
23 1190 45
27 1228 45
32 225 45
47 414 45
52 998 45
58 843 45
75 693 45
75 824 45
76 446 45
82 302 45
84 869 45
94 258 45
94 369 45
99 967 45
102 190 45
105 1199 45
111 751 45
121 1267 45
128 818 45
152 1264 45
165 222 45
171 646 45
172 1040 45
174 1266 45
179 949 45
181 1274 45
183 1003 45
190 1304 45
211 737 45
226 1393 45
226 882 45
232 252 45
240 1196 45
244 1293 45
247 1090 45
253 733 45
263 935 45
268 1414 45
271 591 45
277 924 45
286 417 45
287 1283 45
312 593 45
313 1147 45
318 1086 45
319 1129 45
323 769 45
326 759 45
330 340 45
340 834 45
340 1194 45
353 991 45
365 1041 45
365 623 45
369 634 45
372 793 45
378 1342 45
379 1361 45
380 429 45
392 844 45
392 581 45
400 1068 45
408 964 45
416 560 45
423 1373 45
426 731 45
430 1181 45
441 870 45
450 1250 45
451 676 45
452 1275 45
460 846 45
462 1229 45
480 716 45
485 1050 45
494 1286 45
502 1153 45
518 840 45
519 851 45
525 637 45
529 917 45
532 1120 45
546 1143 45
556 1027 45
571 764 45
571 1305 45
576 1275 45
576 807 45
590 988 45
612 1381 45
622 1030 45
625 1325 45
632 821 45
640 981 45
641 955 45
665 707 45
668 939 45
670 1272 45
682 1427 45
717 1387 45
745 1468 45
748 1060 45
775 1386 45
783 816 45
795 1467 45
801 854 45
801 1418 45
810 965 45
874 1377 45
888 1016 45
890 1133 45
897 915 45
903 905 45
906 924 45
941 1280 45
960 1023 45
964 1404 45
1013 1412 45
1014 1069 45
1017 1047 45
1018 1286 45
1046 1070 45
1069 1132 45
1089 1301 45
1105 1475 45
1121 1146 45
1190 1461 45
1230 1456 45
1236 1441 45
1379 1402 45
6 282 46
7 492 46
7 1275 46
15 486 46
17 1054 46
27 1006 46
34 1417 46
35 1367 46
39 775 46
41 456 46
42 61 46
68 123 46
69 489 46
71 1105 46
74 746 46
84 923 46
93 375 46
94 290 46
96 1084 46
100 1368 46
133 659 46
135 1005 46
140 544 46
148 1234 46
148 276 46
168 882 46
169 1151 46
172 552 46
173 334 46
183 341 46
216 502 46
216 1340 46
222 566 46
224 629 46
236 678 46
255 562 46
261 345 46
282 1121 46
283 342 46
288 368 46
291 1375 46
294 415 46
296 606 46
296 1133 46
300 1369 46
307 1077 46
307 1082 46
311 332 46
323 539 46
329 1063 46
331 543 46
331 969 46
332 987 46
344 481 46
345 540 46
345 1305 46
353 934 46
364 880 46
365 561 46
369 1071 46
369 483 46
369 540 46
376 1001 46
391 464 46
398 1367 46
400 1448 46
416 573 46
431 485 46
436 976 46
447 1090 46
453 1176 46
459 627 46
460 1009 46
484 1335 46
498 898 46
499 712 46
499 530 46
501 778 46
510 1151 46
533 1090 46
560 1281 46
567 1467 46
575 780 46
588 1213 46
590 858 46
609 1476 46
612 1228 46
613 948 46
614 1145 46
619 941 46
624 1431 46
636 1379 46
637 713 46
653 1068 46
656 1139 46
661 694 46
672 1103 46
699 721 46
708 1153 46
709 777 46
726 963 46
726 1397 46
731 876 46
741 1034 46
754 1405 46
778 1082 46
791 1078 46
803 1422 46
823 1363 46
837 1282 46
851 1252 46
855 1217 46
880 927 46
883 1373 46
911 923 46
957 1018 46
959 1186 46
965 1284 46
976 1444 46
1006 1257 46
1006 1331 46
1008 1199 46
1011 1274 46
1025 1103 46
1043 1402 46
1049 1289 46
1065 1411 46
1078 1196 46
1096 1420 46
1144 1191 46
1196 1217 46
1228 1462 46
1237 1406 46
1261 1295 46
1300 1387 46
1301 1409 46
1308 1330 46
1315 1342 46
1345 1454 46
1 95 47
16 1026 47
20 1233 47
28 127 47
31 1478 47
51 1474 47
64 1437 47
85 608 47
92 1237 47
98 287 47
101 528 47
103 1430 47
105 1372 47
113 282 47
124 575 47
134 1397 47
141 397 47
151 1031 47
156 1187 47
165 309 47
170 289 47
171 285 47
175 942 47
179 503 47
186 1079 47
187 409 47
198 573 47
199 1388 47
199 800 47
204 354 47
204 438 47
209 600 47
220 313 47
220 1307 47
224 372 47
229 805 47
229 1458 47
240 1272 47
249 726 47
253 1103 47
259 478 47
261 1479 47
264 419 47
291 732 47
292 885 47
298 1469 47
303 481 47
309 1382 47
316 614 47
322 1414 47
327 655 47
330 972 47
331 1198 47
339 1196 47
348 1403 47
367 828 47
378 620 47
390 1197 47
394 1237 47
406 1143 47
408 1157 47
413 747 47
421 1252 47
428 1001 47
429 1388 47
443 1164 47
449 517 47
450 1087 47
463 508 47
465 809 47
470 1376 47
510 1446 47
532 961 47
537 900 47
537 674 47
537 1215 47
572 726 47
579 699 47
582 714 47
583 1313 47
597 849 47
602 915 47
607 703 47
608 1231 47
620 663 47
638 1378 47
687 1070 47
688 863 47
720 1243 47
740 1300 47
755 853 47
785 867 47
843 1413 47
874 1406 47
917 1338 47
938 1198 47
943 1431 47
1004 1075 47
1038 1451 47
1060 1363 47
1067 1326 47
1101 1189 47
1178 1436 47
1211 1368 47
1214 1479 47
1242 1253 47
1263 1469 47
1277 1338 47
1 1229 48
6 1457 48
6 1242 48
9 1477 48
13 558 48
26 209 48
27 813 48
37 707 48
40 76 48
54 1358 48
84 1427 48
86 291 48
107 845 48
133 443 48
134 1018 48
136 305 48
143 222 48
168 970 48
177 934 48
192 286 48
193 567 48
206 1270 48
286 1314 48
305 824 48
325 1434 48
327 1234 48
329 1281 48
335 1477 48
387 1005 48
390 593 48
398 838 48
398 940 48
419 558 48
422 905 48
426 985 48
427 774 48
435 887 48
437 1327 48
447 829 48
451 822 48
452 1356 48
527 1105 48
529 972 48
561 1275 48
568 937 48
579 1042 48
588 862 48
590 1363 48
594 608 48
613 908 48
615 1414 48
624 1212 48
648 921 48
649 820 48
653 1214 48
661 1471 48
663 1358 48
689 1046 48
696 1016 48
699 1181 48
704 1009 48
754 810 48
758 1027 48
762 1228 48
787 888 48
795 1190 48
806 1151 48
853 1339 48
863 1157 48
878 1007 48
904 1098 48
925 1196 48
982 1465 48
1006 1147 48
1007 1455 48
1030 1271 48
1052 1183 48
1056 1208 48
1073 1154 48
1085 1393 48
1094 1290 48
1114 1362 48
1158 1449 48
1202 1381 48
1233 1371 48
1353 1383 48
1424 1466 48
13 660 49
29 417 49
30 1449 49
39 387 49
57 1425 49
63 746 49
81 117 49
102 614 49
106 1418 49
132 549 49
137 163 49
267 1161 49
281 695 49
301 581 49
317 969 49
325 1112 49
370 1220 49
520 1435 49
566 1012 49
567 1361 49
585 596 49
605 1395 49
648 1067 49
666 686 49
676 869 49
774 809 49
879 1101 49
905 1307 49
1245 1364 49
1299 1330 49
1413 1458 49
8 1061 50
12 1355 50
30 886 50
35 89 50
36 739 50
38 921 50
48 109 50
69 945 50
81 393 50
88 940 50
103 230 50
138 1142 50
155 1041 50
230 387 50
258 491 50
278 657 50
304 847 50
315 595 50
317 602 50
334 532 50
342 850 50
353 707 50
477 733 50
510 1231 50
586 1377 50
615 917 50
624 784 50
628 1357 50
630 696 50
632 1363 50
633 851 50
690 1260 50
739 1027 50
755 1182 50
781 901 50
795 1300 50
860 1465 50
885 1065 50
903 997 50
930 1138 50
939 1083 50
1016 1157 50
1039 1187 50
1126 1461 50
1176 1216 50
1179 1397 50
1216 1413 50
4 1164 51
21 156 51
30 98 51
31 794 51
31 187 51
42 293 51
45 1073 51
50 1095 51
62 741 51
63 1156 51
63 1308 51
67 358 51
83 880 51
103 851 51
107 1149 51
108 770 51
110 119 51
116 953 51
124 939 51
130 575 51
153 965 51
155 1332 51
160 289 51
164 487 51
165 1240 51
174 488 51
180 214 51
190 1392 51
190 694 51
191 1309 51
211 823 51
211 1128 51
262 542 51
271 751 51
274 625 51
276 744 51
307 730 51
307 634 51
318 506 51
319 831 51
331 1047 51
331 603 51
358 1007 51
359 902 51
386 539 51
411 499 51
414 1141 51
443 791 51
468 904 51
474 487 51
499 764 51
510 1214 51
522 950 51
541 557 51
567 1370 51
589 611 51
606 660 51
617 891 51
628 1129 51
658 1103 51
668 823 51
713 1387 51
714 1413 51
718 914 51
769 834 51
779 931 51
848 1241 51
882 1322 51
900 1111 51
934 965 51
939 1187 51
945 1362 51
949 1002 51
1006 1357 51
1008 1442 51
1113 1234 51
1138 1251 51
1140 1367 51
1146 1427 51
1203 1473 51
1215 1392 51
1274 1479 51
18 359 52
23 623 52
37 821 52
79 1221 52
218 1062 52
251 1090 52
283 996 52
548 699 52
606 1431 52
804 1045 52
813 823 52
1169 1207 52
1246 1390 52
1253 1450 52
17 569 53
22 235 53
35 1022 53
44 567 53
57 1137 53
130 568 53
158 1226 53
176 884 53
189 562 53
206 873 53
207 1212 53
261 826 53
277 1198 53
348 1440 53
357 1399 53
364 663 53
381 407 53
398 1440 53
410 1467 53
481 843 53
521 800 53
532 1096 53
534 553 53
611 795 53
613 861 53
652 1459 53
722 1369 53
902 1435 53
960 1267 53
1128 1261 53
1243 1340 53
12 1080 54
14 701 54
19 735 54
41 1390 54
47 541 54
54 1428 54
142 839 54
163 340 54
185 1274 54
225 1019 54
229 460 54
241 395 54
252 851 54
289 1176 54
296 1082 54
299 1308 54
310 563 54
317 801 54
342 436 54
349 1028 54
371 1181 54
377 938 54
395 1014 54
419 640 54
427 1004 54
450 800 54
453 505 54
454 932 54
495 1067 54
536 904 54
538 952 54
542 1128 54
550 724 54
595 1019 54
622 1275 54
645 1323 54
702 1153 54
740 1369 54
745 1201 54
746 1235 54
786 1213 54
822 1126 54
838 1472 54
862 1058 54
901 1056 54
907 982 54
912 1474 54
962 1006 54
1063 1263 54
1070 1189 54
1081 1441 54
1094 1301 54
1101 1448 54
1168 1394 54
1218 1474 54
1264 1448 54
6 1079 55
19 482 55
20 112 55
34 776 55
49 699 55
51 422 55
58 1107 55
58 143 55
61 370 55
79 679 55
111 297 55
120 927 55
124 186 55
133 761 55
148 893 55
154 913 55
155 1007 55
155 780 55
164 342 55
184 808 55
190 225 55
198 488 55
200 294 55
226 390 55
229 928 55
231 852 55
236 354 55
237 1350 55
239 1436 55
243 1352 55
245 1430 55
252 1127 55
266 675 55
267 540 55
276 1280 55
283 1122 55
284 949 55
285 732 55
297 818 55
311 1034 55
315 1357 55
317 1151 55
318 1302 55
321 1348 55
333 1285 55
336 552 55
336 746 55
349 750 55
353 1472 55
358 720 55
361 876 55
362 809 55
362 1174 55
379 854 55
387 411 55
390 766 55
392 752 55
401 772 55
409 563 55
441 581 55
449 994 55
489 552 55
490 719 55
500 1132 55
512 989 55
512 1464 55
512 709 55
518 712 55
524 1297 55
553 1303 55
557 1160 55
570 1254 55
580 1142 55
598 1123 55
622 707 55
646 1306 55
664 1266 55
688 1003 55
692 752 55
694 929 55
703 1183 55
705 1292 55
711 1433 55
793 1413 55
811 1428 55
845 1357 55
851 927 55
889 1373 55
904 1072 55
910 937 55
959 1128 55
1004 1368 55
1016 1085 55
1039 1120 55
1057 1169 55
1103 1444 55
1124 1449 55
1149 1197 55
1154 1467 55
1176 1427 55
1185 1439 55
1276 1399 55
1285 1459 55
1291 1420 55
1316 1349 55
17 313 56
42 1280 56
59 1116 56
60 317 56
65 1287 56
69 305 56
74 1023 56
85 1386 56
86 1013 56
89 931 56
94 556 56
102 724 56
105 686 56
119 405 56
122 821 56
134 755 56
139 1235 56
149 1321 56
152 417 56
172 1153 56
181 1093 56
184 718 56
185 1408 56
201 1028 56
207 1182 56
221 920 56
227 1383 56
232 530 56
237 967 56
238 1468 56
244 1257 56
247 1266 56
251 1413 56
257 514 56
262 1124 56
270 1100 56
279 511 56
288 602 56
288 359 56
291 767 56
314 592 56
324 1069 56
333 700 56
336 877 56
354 866 56
362 782 56
389 611 56
407 704 56
410 576 56
413 727 56
422 472 56
431 578 56
445 1307 56
451 729 56
453 457 56
465 1423 56
479 693 56
494 791 56
503 1375 56
504 552 56
507 678 56
508 1219 56
512 674 56
520 1180 56
529 976 56
534 1316 56
537 908 56
555 1125 56
566 967 56
585 1163 56
604 1244 56
612 722 56
634 1065 56
652 1343 56
659 707 56
675 1157 56
677 1440 56
681 723 56
684 1179 56
695 1426 56
709 1183 56
714 1011 56
720 862 56
737 1168 56
753 1199 56
758 1154 56
786 1124 56
795 1301 56
838 1279 56
840 1437 56
840 1091 56
861 1455 56
871 1232 56
902 962 56
904 1331 56
923 957 56
980 1241 56
1019 1227 56
1059 1313 56
1066 1340 56
1085 1090 56
1107 1366 56
1113 1217 56
1160 1430 56
1175 1273 56
1185 1430 56
1196 1230 56
1196 1378 56
1212 1229 56
1261 1326 56
1 395 57
14 123 57
49 648 57
53 1475 57
73 1262 57
73 779 57
89 1128 57
93 1252 57
126 141 57
143 170 57
147 1094 57
159 836 57
159 410 57
160 803 57
167 350 57
168 1131 57
172 1126 57
207 445 57
209 834 57
216 976 57
231 1016 57
236 970 57
260 1297 57
282 894 57
292 735 57
297 593 57
297 1251 57
307 1193 57
308 1026 57
321 1161 57
333 1304 57
336 1013 57
342 1075 57
344 1394 57
365 1227 57
381 520 57
382 396 57
382 1059 57
388 1060 57
398 1045 57
409 534 57
410 860 57
427 994 57
432 1003 57
434 815 57
435 688 57
452 554 57
455 482 57
459 619 57
469 667 57
473 563 57
477 644 57
483 1132 57
483 639 57
485 833 57
555 915 57
559 1394 57
575 1042 57
576 591 57
606 1001 57
611 774 57
613 1459 57
614 1346 57
623 673 57
650 1094 57
660 1125 57
661 1119 57
662 1302 57
666 1129 57
699 1141 57
707 760 57
710 1204 57
716 1380 57
722 1248 57
740 1144 57
743 978 57
743 1380 57
748 1426 57
753 801 57
765 1007 57
770 860 57
771 1275 57
787 1112 57
788 1465 57
797 925 57
823 1457 57
841 1055 57
857 942 57
861 1370 57
876 1470 57
891 1210 57
891 1114 57
918 926 57
933 1455 57
967 1123 57
995 1213 57
1055 1228 57
1056 1130 57
1125 1276 57
1145 1456 57
1151 1457 57
1158 1382 57
1163 1268 57
1175 1219 57
1295 1469 57
1329 1432 57
1348 1412 57
15 724 58
16 1435 58
32 1385 58
33 1449 58
47 846 58
52 115 58
80 1209 58
112 520 58
119 1301 58
125 329 58
127 1345 58
131 141 58
138 414 58
155 933 58
160 1421 58
167 912 58
176 974 58
190 1056 58
202 775 58
205 581 58
205 271 58
209 1008 58
228 856 58
233 349 58
234 680 58
292 303 58
307 1316 58
314 1290 58
340 938 58
368 772 58
369 958 58
381 950 58
390 1311 58
394 1091 58
397 1360 58
412 749 58
447 892 58
469 1005 58
470 1437 58
491 869 58
511 1408 58
516 1207 58
517 1151 58
521 526 58
524 1353 58
537 1159 58
556 1115 58
595 680 58
597 1419 58
602 1342 58
605 1316 58
606 1005 58
612 989 58
616 1101 58
619 921 58
647 1307 58
648 766 58
672 1421 58
685 1267 58
699 737 58
718 1419 58
721 743 58
732 1437 58
750 1099 58
757 1131 58
774 1142 58
783 870 58
786 1036 58
808 1141 58
813 1239 58
832 1102 58
874 1429 58
876 1339 58
879 1368 58
896 1287 58
908 1011 58
966 1003 58
971 991 58
993 1037 58
1014 1360 58
1040 1470 58
1043 1232 58
1054 1323 58
1062 1163 58
1161 1297 58
1275 1281 58
1275 1336 58
1366 1376 58
7 1391 59
8 44 59
21 1198 59
22 502 59
28 1110 59
36 921 59
43 1146 59
44 953 59
57 1017 59
71 157 59
74 1021 59
100 484 59
109 1352 59
120 1250 59
121 1273 59
141 215 59
145 1082 59
155 1350 59
177 1041 59
193 657 59
203 770 59
203 607 59
204 675 59
214 583 59
223 558 59
247 579 59
250 872 59
295 1401 59
303 1442 59
303 1362 59
313 724 59
324 1290 59
325 1363 59
332 999 59
337 663 59
340 911 59
347 1042 59
363 950 59
383 690 59
411 673 59
426 1365 59
448 1160 59
461 1271 59
463 1157 59
466 582 59
467 852 59
477 1345 59
484 1251 59
485 913 59
502 1478 59
521 836 59
540 785 59
542 1079 59
551 735 59
558 1387 59
576 1092 59
579 610 59
582 601 59
587 1338 59
646 1431 59
707 714 59
712 934 59
716 1162 59
720 1074 59
720 1316 59
776 1422 59
808 1445 59
818 1016 59
830 1215 59
925 1326 59
966 1017 59
990 1217 59
1020 1123 59
1034 1273 59
1104 1325 59
1126 1183 59
1141 1283 59
1169 1464 59
1174 1398 59
1195 1374 59
1222 1379 59
1316 1355 59
75 1261 60
102 1191 60
219 672 60
246 827 60
257 557 60
257 1074 60
270 1011 60
281 1199 60
317 578 60
452 1407 60
479 766 60
511 721 60
518 1053 60
550 1037 60
573 1133 60
587 1452 60
629 698 60
780 876 60
805 901 60
1003 1219 60
1082 1125 60
1141 1213 60
