4 958 0
22 198 0
24 192 0
45 723 0
47 786 0
66 1436 0
69 716 0
73 1182 0
76 686 0
111 196 0
117 1322 0
122 1468 0
123 1301 0
130 1342 0
134 912 0
148 189 0
153 401 0
175 1426 0
175 180 0
184 1446 0
195 645 0
197 306 0
198 203 0
210 755 0
212 400 0
223 981 0
226 1238 0
229 977 0
231 1159 0
231 923 0
244 738 0
251 1198 0
256 319 0
261 480 0
269 1224 0
270 1073 0
280 1327 0
282 733 0
289 634 0
292 867 0
294 536 0
299 389 0
310 602 0
310 953 0
320 577 0
320 812 0
320 377 0
330 805 0
330 1317 0
333 1369 0
352 1064 0
353 729 0
362 983 0
404 585 0
418 601 0
427 633 0
430 747 0
430 1345 0
431 1160 0
470 1427 0
474 1248 0
482 1100 0
485 1404 0
487 721 0
489 1294 0
493 544 0
512 704 0
517 536 0
522 1167 0
543 1149 0
559 728 0
565 1181 0
576 1183 0
582 1425 0
595 790 0
605 1396 0
605 1136 0
610 637 0
671 1357 0
686 933 0
703 914 0
726 1147 0
733 1319 0
739 1266 0
756 1455 0
757 1282 0
777 1372 0
819 1022 0
848 1140 0
852 1088 0
853 905 0
883 1403 0
889 1389 0
909 1321 0
990 1145 0
1021 1077 0
1074 1472 0
1078 1232 0
1116 1359 0
1134 1457 0
1142 1201 0
13 161 1
17 1156 1
47 308 1
55 940 1
59 961 1
82 988 1
90 708 1
97 155 1
98 903 1
99 1457 1
101 132 1
103 238 1
108 771 1
112 633 1
113 1265 1
114 218 1
130 1445 1
138 914 1
144 684 1
146 409 1
155 1038 1
161 394 1
161 249 1
165 476 1
175 760 1
177 1088 1
195 472 1
197 589 1
203 504 1
220 1291 1
239 770 1
255 502 1
263 1432 1
270 529 1
276 633 1
280 450 1
282 1317 1
283 730 1
291 586 1
304 1272 1
311 776 1
314 1297 1
319 1435 1
335 658 1
337 799 1
343 585 1
348 419 1
380 1141 1
390 1124 1
391 456 1
399 598 1
408 1469 1
409 1145 1
412 785 1
419 796 1
424 597 1
430 689 1
453 1250 1
466 1444 1
475 885 1
478 606 1
479 801 1
508 538 1
531 833 1
558 1364 1
576 593 1
582 842 1
599 1214 1
603 1416 1
610 718 1
624 984 1
627 1156 1
631 1125 1
636 940 1
670 706 1
704 1177 1
747 1431 1
757 1466 1
792 1153 1
812 1457 1
814 1034 1
816 1314 1
821 863 1
835 875 1
846 1199 1
883 1288 1
931 1019 1
973 1167 1
982 1137 1
1005 1452 1
1020 1364 1
1038 1157 1
1039 1256 1
1051 1461 1
1052 1127 1
1125 1220 1
1159 1205 1
1173 1206 1
1174 1214 1
1198 1420 1
1214 1347 1
1262 1312 1
1268 1453 1
1314 1375 1
1402 1408 1
3 130 2
11 62 2
19 739 2
22 1069 2
23 853 2
31 861 2
42 1331 2
52 572 2
56 159 2
57 578 2
58 881 2
64 166 2
73 1379 2
75 707 2
79 711 2
80 1255 2
80 1062 2
94 95 2
99 1089 2
112 266 2
113 659 2
114 1248 2
114 614 2
118 933 2
122 1309 2
123 748 2
125 1075 2
130 930 2
132 1069 2
137 1284 2
140 700 2
141 359 2
153 689 2
155 287 2
172 1457 2
179 1152 2
199 264 2
212 1242 2
215 1409 2
224 816 2
228 1219 2
229 419 2
230 658 2
234 1242 2
235 1314 2
236 983 2
247 532 2
249 334 2
256 859 2
260 1380 2
270 1442 2
270 1096 2
272 1423 2
274 990 2
290 357 2
299 497 2
301 1080 2
302 900 2
302 1130 2
303 763 2
312 316 2
319 799 2
329 334 2
346 1344 2
351 1287 2
355 1383 2
370 1263 2
374 1072 2
385 1154 2
388 1246 2
395 1263 2
397 459 2
408 617 2
424 1083 2
425 528 2
437 1433 2
444 1256 2
455 1061 2
466 1438 2
473 569 2
487 1143 2
547 1425 2
547 978 2
547 790 2
549 1467 2
608 1226 2
619 965 2
628 666 2
633 1278 2
638 795 2
643 1451 2
688 731 2
692 922 2
692 1467 2
693 1260 2
697 710 2
700 1316 2
747 1381 2
749 1141 2
765 800 2
769 1477 2
774 1063 2
793 1237 2
801 1202 2
805 1455 2
806 1196 2
817 1031 2
855 968 2
863 1195 2
867 1410 2
884 1373 2
884 1070 2
887 1418 2
923 1302 2
925 1280 2
949 1434 2
962 1469 2
987 1237 2
1000 1375 2
1012 1254 2
1031 1447 2
1048 1171 2
1052 1443 2
1059 1121 2
1069 1225 2
1119 1264 2
1128 1411 2
1133 1473 2
1137 1469 2
1227 1374 2
1228 1294 2
1266 1366 2
1333 1409 2
0 472 3
10 717 3
12 175 3
24 970 3
35 977 3
53 1206 3
59 1322 3
65 1006 3
70 925 3
73 275 3
74 418 3
77 410 3
86 1190 3
89 659 3
94 459 3
102 357 3
133 565 3
145 179 3
148 870 3
163 1029 3
163 615 3
171 283 3
180 644 3
183 601 3
187 1325 3
193 591 3
201 203 3
204 1167 3
207 638 3
239 292 3
258 852 3
262 495 3
268 1464 3
295 913 3
308 1453 3
318 1410 3
322 1116 3
329 889 3
334 576 3
343 490 3
353 723 3
368 590 3
371 492 3
371 901 3
401 683 3
407 416 3
418 1198 3
467 468 3
467 900 3
491 1029 3
506 627 3
515 1281 3
515 1411 3
546 1255 3
558 1366 3
559 1209 3
582 1092 3
594 601 3
599 1096 3
606 680 3
623 786 3
669 1401 3
697 1271 3
712 1266 3
724 1231 3
819 1435 3
905 924 3
931 1081 3
947 1275 3
962 1436 3
983 1287 3
1037 1176 3
1091 1471 3
1118 1205 3
1189 1406 3
1301 1395 3
1447 1462 3
1 972 4
11 164 4
29 524 4
36 748 4
54 656 4
61 716 4
62 541 4
68 366 4
71 920 4
71 338 4
76 133 4
77 311 4
80 800 4
90 1201 4
92 234 4
101 864 4
109 1172 4
112 1113 4
125 595 4
128 1223 4
128 457 4
139 828 4
139 661 4
145 272 4
148 1150 4
151 654 4
159 721 4
161 831 4
163 164 4
174 340 4
179 1149 4
225 1394 4
236 1101 4
244 640 4
251 1266 4
270 370 4
282 424 4
292 628 4
298 597 4
307 1231 4
308 868 4
324 1125 4
338 1384 4
338 672 4
348 1116 4
356 1443 4
367 833 4
371 919 4
375 1089 4
382 1478 4
387 603 4
401 860 4
417 1182 4
466 1060 4
478 922 4
496 649 4
505 1462 4
509 1246 4
517 790 4
525 1251 4
538 681 4
553 1068 4
560 599 4
574 1250 4
576 801 4
599 764 4
614 930 4
625 738 4
639 866 4
647 1226 4
649 967 4
678 1072 4
687 854 4
690 765 4
692 742 4
718 850 4
761 1300 4
801 1350 4
804 1029 4
824 1213 4
824 1400 4
875 1101 4
877 1433 4
915 1357 4
918 991 4
922 1287 4
935 1039 4
969 1105 4
974 1166 4
985 1052 4
1025 1145 4
1110 1130 4
1144 1410 4
1145 1339 4
1158 1263 4
1167 1176 4
1194 1463 4
1219 1334 4
1232 1453 4
1311 1375 4
23 885 5
23 526 5
47 731 5
59 707 5
64 758 5
73 810 5
83 1199 5
94 1142 5
100 993 5
101 107 5
121 1440 5
127 646 5
138 291 5
143 1463 5
167 497 5
203 1151 5
207 1359 5
236 1227 5
256 1014 5
260 1434 5
273 444 5
282 697 5
288 840 5
315 448 5
327 1097 5
336 792 5
361 385 5
374 1328 5
375 688 5
402 708 5
429 528 5
436 606 5
436 830 5
440 529 5
446 1452 5
472 1289 5
475 869 5
493 1448 5
663 854 5
696 713 5
702 810 5
705 997 5
717 782 5
739 1273 5
778 1039 5
793 1184 5
804 1029 5
866 1410 5
897 1258 5
921 1180 5
952 1005 5
1001 1107 5
1008 1262 5
1061 1245 5
1154 1356 5
1238 1384 5
1252 1353 5
7 1479 6
51 981 6
68 1235 6
72 1321 6
82 1384 6
90 1307 6
100 699 6
215 667 6
261 850 6
268 1165 6
297 1257 6
306 1325 6
429 887 6
487 1428 6
553 1344 6
566 672 6
619 690 6
628 948 6
684 942 6
685 697 6
694 937 6
709 964 6
785 899 6
800 1100 6
836 1136 6
974 986 6
978 1273 6
988 1019 6
1010 1116 6
1075 1441 6
1096 1130 6
1137 1309 6
1445 1456 6
33 1370 7
37 1475 7
62 1287 7
65 88 7
73 1079 7
75 965 7
92 652 7
108 1011 7
139 141 7
178 714 7
214 382 7
224 1443 7
227 1083 7
228 1321 7
268 575 7
335 1356 7
377 862 7
402 442 7
419 1477 7
457 538 7
463 486 7
527 731 7
535 1230 7
555 1207 7
613 741 7
617 741 7
652 1377 7
678 805 7
733 1218 7
797 1189 7
807 1136 7
923 1223 7
994 1054 7
997 1309 7
1047 1476 7
1117 1222 7
1128 1170 7
1206 1302 7
9 517 8
56 94 8
66 1039 8
69 975 8
121 382 8
128 617 8
161 1477 8
167 973 8
172 894 8
175 1214 8
227 247 8
239 810 8
250 1444 8
287 1107 8
325 708 8
341 1324 8
350 556 8
362 1179 8
391 778 8
397 1395 8
462 927 8
464 1084 8
476 598 8
516 975 8
528 1199 8
599 1316 8
623 1002 8
647 666 8
686 1146 8
687 1209 8
741 776 8
748 995 8
772 1136 8
831 925 8
834 1149 8
854 1464 8
856 1184 8
857 925 8
878 898 8
948 1224 8
1010 1328 8
1036 1428 8
1044 1177 8
1056 1181 8
1221 1315 8
1248 1391 8
1249 1354 8
1346 1434 8
2 763 9
11 56 9
12 498 9
13 473 9
19 84 9
31 1416 9
34 1028 9
40 1270 9
49 884 9
50 912 9
51 895 9
63 827 9
64 921 9
65 510 9
77 1459 9
79 529 9
84 1375 9
101 301 9
101 966 9
102 437 9
107 238 9
108 1243 9
119 278 9
122 934 9
123 952 9
132 1438 9
133 782 9
133 1422 9
137 856 9
140 361 9
141 978 9
150 1375 9
157 881 9
158 852 9
162 736 9
164 825 9
169 1380 9
177 1080 9
187 1203 9
205 997 9
206 1358 9
210 266 9
210 235 9
219 272 9
221 224 9
227 1290 9
227 423 9
239 404 9
241 1103 9
247 954 9
248 690 9
264 1454 9
273 884 9
281 637 9
281 1009 9
289 1269 9
294 1447 9
300 1062 9
302 1222 9
309 464 9
318 1459 9
326 1386 9
330 1268 9
341 1060 9
344 1401 9
350 706 9
357 843 9
362 1197 9
365 742 9
366 1325 9
367 499 9
379 929 9
381 976 9
391 1036 9
392 1068 9
392 430 9
416 596 9
418 1178 9
427 1116 9
431 1312 9
437 693 9
454 486 9
455 1083 9
466 693 9
468 666 9
475 1142 9
496 1400 9
510 595 9
515 1444 9
516 1443 9
533 863 9
549 1025 9
556 1458 9
560 910 9
561 1115 9
569 941 9
570 1457 9
570 590 9
579 1007 9
587 856 9
597 1296 9
616 1343 9
622 721 9
628 1224 9
631 640 9
634 914 9
635 1061 9
645 975 9
663 1360 9
675 1414 9
682 952 9
684 827 9
689 1092 9
698 979 9
707 1142 9
711 719 9
711 1123 9
722 895 9
742 1464 9
743 974 9
766 1078 9
769 887 9
771 1067 9
800 1192 9
803 906 9
807 1119 9
815 887 9
816 1458 9
823 1270 9
824 1445 9
833 1003 9
837 1418 9
840 1385 9
842 936 9
843 1036 9
848 996 9
857 1346 9
866 1329 9
868 1429 9
883 1265 9
892 1457 9
916 1108 9
919 1466 9
934 1176 9
946 1057 9
946 1024 9
965 1361 9
979 1367 9
1005 1090 9
1025 1193 9
1027 1258 9
1030 1314 9
1066 1455 9
1074 1223 9
1107 1302 9
1118 1401 9
1124 1246 9
1139 1470 9
1157 1237 9
1215 1421 9
1217 1322 9
1221 1465 9
1312 1327 9
1371 1425 9
1 767 10
27 1038 10
32 1043 10
32 478 10
33 1381 10
37 1364 10
74 220 10
97 418 10
104 194 10
105 691 10
108 1010 10
116 1429 10
144 967 10
144 231 10
150 394 10
164 1434 10
169 891 10
213 1164 10
226 863 10
235 1332 10
239 512 10
301 873 10
321 543 10
338 1074 10
350 1381 10
374 1345 10
407 1122 10
410 714 10
418 1009 10
420 649 10
427 1264 10
443 1164 10
445 501 10
467 762 10
472 783 10
479 1442 10
507 585 10
513 861 10
541 673 10
561 1048 10
576 975 10
620 1086 10
638 1195 10
643 957 10
653 1299 10
671 753 10
693 1327 10
698 1034 10
699 1155 10
762 1095 10
806 1101 10
869 1475 10
963 1219 10
965 1047 10
1003 1345 10
1007 1212 10
1008 1101 10
1019 1418 10
1029 1057 10
1036 1424 10
1069 1299 10
1193 1307 10
1246 1407 10
1310 1422 10
1446 1475 10
4 882 11
11 514 11
26 1146 11
31 885 11
31 196 11
43 213 11
45 1082 11
47 91 11
47 264 11
49 122 11
52 1135 11
52 810 11
55 1253 11
56 465 11
58 407 11
60 903 11
63 1291 11
63 984 11
76 948 11
80 791 11
80 1330 11
85 699 11
88 192 11
99 717 11
101 963 11
101 1394 11
102 1372 11
103 1180 11
104 450 11
105 1223 11
108 816 11
113 525 11
117 907 11
123 998 11
123 1374 11
126 259 11
139 820 11
149 1319 11
152 363 11
161 861 11
161 1327 11
167 627 11
169 265 11
175 212 11
179 973 11
180 781 11
186 735 11
194 926 11
195 887 11
198 992 11
209 401 11
213 239 11
218 785 11
220 302 11
227 457 11
228 1327 11
232 553 11
234 367 11
242 1099 11
244 1131 11
246 287 11
246 1434 11
246 1054 11
251 1479 11
263 796 11
265 292 11
271 1391 11
272 1280 11
275 986 11
275 1323 11
277 700 11
288 624 11
290 1272 11
312 574 11
315 487 11
318 319 11
325 1313 11
326 785 11
326 433 11
328 457 11
331 525 11
332 374 11
333 1200 11
334 895 11
334 1080 11
337 812 11
340 561 11
342 373 11
345 887 11
349 1399 11
353 1458 11
355 1029 11
357 639 11
360 1000 11
361 564 11
371 671 11
380 1266 11
380 610 11
380 396 11
389 1198 11
392 813 11
399 1304 11
401 524 11
402 1279 11
416 1393 11
428 525 11
431 1323 11
433 1287 11
434 916 11
435 565 11
440 449 11
442 1384 11
445 1146 11
447 1142 11
451 788 11
459 838 11
459 1109 11
466 957 11
478 1084 11
479 1284 11
482 1233 11
486 1242 11
486 672 11
488 1139 11
488 665 11
501 876 11
503 1255 11
508 1026 11
519 986 11
519 1445 11
523 626 11
527 898 11
529 1010 11
535 759 11
537 620 11
547 1251 11
550 610 11
558 875 11
565 1077 11
567 1136 11
575 741 11
589 1320 11
590 611 11
595 830 11
595 1442 11
603 1221 11
607 1162 11
611 1019 11
616 1180 11
616 708 11
617 1164 11
622 1219 11
627 1091 11
649 986 11
659 823 11
675 702 11
677 1389 11
679 1356 11
708 1123 11
713 955 11
726 1166 11
727 973 11
748 1240 11
751 1285 11
753 986 11
756 871 11
769 1336 11
769 798 11
774 995 11
780 933 11
782 1164 11
808 1059 11
821 1265 11
822 1304 11
823 1174 11
870 1307 11
874 1225 11
874 931 11
875 1399 11
878 1419 11
883 1267 11
884 1009 11
884 1113 11
952 1231 11
967 1440 11
968 1354 11
972 998 11
1016 1440 11
1032 1042 11
1033 1129 11
1059 1335 11
1088 1474 11
1096 1261 11
1114 1192 11
1137 1408 11
1162 1258 11
1225 1243 11
1225 1444 11
1253 1320 11
1270 1478 11
1275 1359 11
1280 1378 11
1382 1447 11
1389 1451 11
1434 1447 11
1446 1479 11
0 795 12
2 702 12
5 1199 12
11 1136 12
26 1231 12
41 591 12
42 1387 12
44 1425 12
47 64 12
70 1347 12
94 1250 12
96 1464 12
109 883 12
114 764 12
118 989 12
124 576 12
130 300 12
131 689 12
137 1110 12
144 1427 12
149 311 12
169 556 12
172 560 12
174 193 12
177 1226 12
190 1184 12
196 1120 12
204 1465 12
234 1008 12
252 817 12
276 363 12
277 280 12
284 1009 12
285 1304 12
293 1412 12
315 709 12
318 385 12
323 920 12
324 1463 12
348 945 12
386 452 12
390 996 12
393 621 12
413 1101 12
458 502 12
476 1343 12
478 1074 12
484 1298 12
498 596 12
502 554 12
504 656 12
510 602 12
528 1023 12
538 757 12
550 1007 12
583 803 12
590 1265 12
639 1324 12
658 740 12
660 1295 12
667 850 12
671 1380 12
672 1417 12
672 1197 12
678 883 12
683 965 12
711 1129 12
723 1164 12
737 1428 12
748 886 12
752 922 12
768 1209 12
802 1312 12
824 1375 12
832 961 12
857 1349 12
860 1192 12
863 1154 12
874 876 12
874 1358 12
892 1135 12
918 1135 12
940 1162 12
994 1020 12
1055 1089 12
1072 1420 12
1078 1414 12
1082 1453 12
1100 1272 12
1180 1255 12
1259 1446 12
1259 1303 12
1277 1419 12
10 1156 13
56 427 13
103 1427 13
130 1111 13
144 1092 13
161 610 13
165 382 13
182 212 13
194 303 13
227 894 13
241 521 13
303 679 13
358 829 13
364 1317 13
367 824 13
371 1180 13
378 396 13
429 966 13
457 1439 13
489 656 13
587 1111 13
788 1375 13
823 1210 13
923 980 13
1296 1318 13
8 829 14
9 1165 14
10 421 14
15 994 14
18 1003 14
19 59 14
25 513 14
25 864 14
27 1404 14
31 303 14
31 34 14
33 1023 14
33 1143 14
42 599 14
43 886 14
54 307 14
55 927 14
61 414 14
63 422 14
67 525 14
70 267 14
71 888 14
78 994 14
85 1310 14
91 1151 14
91 862 14
93 365 14
100 476 14
102 648 14
106 1262 14
120 879 14
120 1470 14
131 631 14
138 827 14
142 697 14
147 1083 14
154 280 14
154 728 14
156 1240 14
158 745 14
160 1170 14
168 300 14
171 447 14
179 1369 14
184 578 14
185 1463 14
191 835 14
193 1003 14
194 273 14
197 596 14
204 730 14
204 277 14
209 733 14
231 679 14
238 1200 14
238 476 14
242 1080 14
246 772 14
249 1095 14
254 848 14
257 480 14
265 1331 14
271 1040 14
271 1433 14
279 435 14
283 1417 14
292 901 14
293 969 14
300 1261 14
313 1315 14
313 1033 14
329 802 14
339 932 14
344 469 14
357 773 14
361 994 14
365 953 14
366 1205 14
369 693 14
374 1038 14
376 492 14
377 512 14
382 1349 14
390 791 14
396 725 14
396 1026 14
404 1407 14
409 1363 14
417 986 14
423 438 14
423 881 14
432 543 14
433 806 14
437 636 14
438 803 14
445 1305 14
445 794 14
445 1137 14
446 807 14
449 1238 14
450 1131 14
453 962 14
455 528 14
457 1141 14
461 1414 14
480 679 14
488 1024 14
491 504 14
493 1465 14
500 1458 14
509 1068 14
510 1012 14
524 789 14
539 1047 14
541 1417 14
564 773 14
570 1270 14
572 947 14
575 614 14
579 1072 14
584 877 14
585 1134 14
587 851 14
589 594 14
594 1044 14
604 944 14
619 662 14
625 704 14
651 1294 14
656 1359 14
670 829 14
670 1411 14
698 1030 14
711 1249 14
711 1052 14
715 1363 14
716 1388 14
730 1192 14
735 1448 14
747 1171 14
757 836 14
764 1061 14
766 1252 14
769 1365 14
770 894 14
792 1399 14
799 959 14
803 1363 14
803 1010 14
806 1168 14
813 1219 14
813 993 14
821 1424 14
841 1383 14
842 933 14
853 1035 14
855 1022 14
856 1080 14
862 998 14
873 1418 14
888 1469 14
904 1026 14
914 1068 14
924 964 14
947 1360 14
952 1236 14
952 1343 14
954 1286 14
964 1008 14
974 1221 14
999 1044 14
1032 1252 14
1041 1211 14
1042 1112 14
1056 1124 14
1067 1392 14
1070 1355 14
1088 1123 14
1094 1359 14
1108 1133 14
1108 1191 14
1123 1431 14
1141 1438 14
1177 1297 14
1191 1346 14
1198 1212 14
1208 1235 14
1217 1305 14
1238 1346 14
1281 1391 14
3 818 15
4 1461 15
6 644 15
10 1051 15
17 437 15
17 483 15
25 936 15
29 530 15
30 829 15
31 1230 15
32 91 15
35 671 15
39 1165 15
40 121 15
49 592 15
59 709 15
66 1139 15
83 89 15
93 300 15
96 142 15
113 1088 15
119 1413 15
122 245 15
145 1148 15
164 564 15
170 1098 15
192 1407 15
208 471 15
220 1326 15
222 760 15
223 735 15
226 1331 15
226 231 15
227 370 15
242 826 15
257 321 15
261 1248 15
261 958 15
265 593 15
267 1394 15
280 351 15
288 1176 15
290 1061 15
290 449 15
296 1155 15
298 678 15
300 999 15
345 430 15
348 1355 15
354 473 15
363 455 15
372 391 15
395 1472 15
398 452 15
404 511 15
413 811 15
419 577 15
425 440 15
428 731 15
474 1445 15
487 704 15
526 1222 15
528 1099 15
560 678 15
568 892 15
569 923 15
575 1456 15
602 1127 15
603 941 15
619 908 15
623 1027 15
628 1157 15
637 1346 15
645 1428 15
656 1214 15
673 1028 15
679 785 15
680 920 15
695 1133 15
743 1063 15
759 1373 15
759 1224 15
769 979 15
780 1147 15
783 1282 15
794 1228 15
806 946 15
812 1019 15
812 1266 15
818 866 15
824 1114 15
829 948 15
829 1134 15
903 1314 15
908 946 15
911 1165 15
916 1305 15
931 959 15
944 1167 15
964 1223 15
967 1082 15
990 1194 15
1022 1456 15
1037 1094 15
1051 1089 15
1093 1380 15
1093 1238 15
1094 1194 15
1104 1337 15
1110 1368 15
1236 1450 15
1244 1250 15
1281 1392 15
1288 1355 15
1299 1399 15
1414 1421 15
21 870 16
27 1212 16
38 690 16
43 462 16
73 469 16
76 655 16
78 484 16
79 558 16
81 741 16
93 1122 16
116 252 16
122 400 16
143 274 16
158 947 16
159 1045 16
159 529 16
193 1254 16
246 1449 16
257 605 16
258 893 16
277 1332 16
291 547 16
309 1478 16
347 905 16
349 1151 16
386 641 16
412 843 16
422 872 16
424 538 16
455 1321 16
464 485 16
470 498 16
476 1232 16
482 524 16
494 1413 16
521 1147 16
522 1392 16
549 1431 16
553 632 16
562 1018 16
577 1396 16
578 1444 16
595 803 16
595 1185 16
603 1420 16
659 1461 16
669 899 16
671 698 16
693 1393 16
716 829 16
718 1140 16
738 945 16
763 1020 16
842 1297 16
861 954 16
868 1129 16
914 1085 16
941 1275 16
971 1052 16
972 1092 16
1063 1106 16
1213 1382 16
1263 1457 16
1286 1350 16
21 1245 17
22 508 17
44 55 17
66 439 17
84 364 17
91 820 17
96 662 17
102 654 17
103 1466 17
115 523 17
120 776 17
125 1343 17
130 1376 17
148 1419 17
148 314 17
153 1124 17
171 619 17
181 1437 17
203 821 17
215 657 17
222 752 17
228 1272 17
284 580 17
297 516 17
321 1389 17
341 1324 17
384 797 17
401 607 17
433 1150 17
446 829 17
453 1292 17
475 1088 17
476 1061 17
525 1334 17
536 744 17
565 881 17
617 651 17
647 1280 17
648 1089 17
659 1293 17
696 1342 17
697 1296 17
702 1350 17
718 1330 17
748 1304 17
774 1278 17
775 851 17
788 1054 17
802 1256 17
852 1291 17
867 993 17
887 1440 17
904 1062 17
913 976 17
916 1434 17
969 1325 17
1093 1407 17
1213 1237 17
1223 1460 17
1250 1381 17
1354 1355 17
4 545 18
13 609 18
19 1091 18
51 692 18
58 574 18
58 1306 18
67 246 18
69 740 18
121 687 18
143 1143 18
155 630 18
167 747 18
177 1329 18
192 364 18
197 700 18
237 1272 18
253 1268 18
263 505 18
274 1214 18
276 731 18
277 866 18
287 775 18
297 585 18
334 803 18
361 1144 18
365 739 18
369 1077 18
393 613 18
403 1254 18
436 1367 18
440 1460 18
444 1368 18
512 1274 18
517 1377 18
582 640 18
600 665 18
600 1289 18
650 1225 18
667 1271 18
731 1428 18
769 903 18
796 1098 18
811 1341 18
925 1350 18
965 1076 18
1046 1453 18
1120 1172 18
1143 1361 18
1143 1445 18
1207 1471 18
1224 1343 18
1423 1470 18
6 385 19
18 1088 19
29 372 19
33 1038 19
43 439 19
46 301 19
51 973 19
51 540 19
55 989 19
59 1199 19
63 1227 19
65 223 19
81 349 19
83 795 19
87 1254 19
95 427 19
99 318 19
103 266 19
103 751 19
105 648 19
111 1062 19
119 738 19
121 457 19
138 1377 19
140 1450 19
148 1292 19
151 907 19
151 1245 19
152 1356 19
159 736 19
159 1307 19
165 1061 19
172 611 19
173 316 19
174 401 19
178 428 19
194 1284 19
196 304 19
207 1417 19
218 352 19
218 859 19
229 437 19
233 1210 19
238 849 19
241 1475 19
246 1091 19
264 1269 19
268 1456 19
271 551 19
273 501 19
275 532 19
276 769 19
280 1002 19
304 651 19
307 450 19
308 1029 19
331 1341 19
353 438 19
358 904 19
364 626 19
366 768 19
372 809 19
374 872 19
377 1353 19
412 1359 19
415 1441 19
419 578 19
429 698 19
431 687 19
432 572 19
434 1377 19
468 797 19
477 1020 19
489 1111 19
489 532 19
491 804 19
505 1255 19
507 699 19
507 1222 19
514 1076 19
530 1034 19
560 1454 19
562 1248 19
571 797 19
583 1434 19
592 1360 19
627 679 19
633 1348 19
633 1161 19
643 880 19
655 746 19
656 934 19
665 1305 19
680 1424 19
686 856 19
700 874 19
704 1356 19
718 1055 19
756 1453 19
794 1159 19
794 1092 19
795 1006 19
830 1369 19
845 1139 19
874 1010 19
880 1320 19
892 1212 19
904 1100 19
927 1365 19
932 981 19
953 1466 19
955 1085 19
956 1243 19
992 1251 19
1004 1152 19
1008 1298 19
1064 1237 19
1069 1181 19
1095 1152 19
1122 1357 19
1156 1460 19
1183 1306 19
1251 1293 19
1268 1291 19
1274 1372 19
1322 1363 19
1 616 20
9 821 20
11 505 20
34 1284 20
35 1464 20
42 113 20
52 1280 20
65 993 20
68 915 20
70 912 20
79 90 20
81 283 20
91 1423 20
108 1431 20
109 1446 20
110 1062 20
112 1353 20
118 496 20
137 1169 20
146 1108 20
154 920 20
159 1075 20
176 1031 20
177 1241 20
183 980 20
184 504 20
186 696 20
190 685 20
198 1174 20
204 1050 20
210 218 20
213 1130 20
227 1133 20
237 410 20
242 308 20
253 1029 20
258 993 20
258 325 20
263 490 20
263 604 20
265 953 20
272 387 20
279 1174 20
282 609 20
288 1130 20
298 817 20
299 610 20
309 883 20
315 1131 20
317 387 20
322 1119 20
324 615 20
336 926 20
339 1408 20
347 805 20
347 861 20
367 1061 20
372 1103 20
376 1188 20
378 1398 20
382 1266 20
384 621 20
393 1441 20
402 911 20
409 661 20
412 556 20
417 945 20
426 668 20
431 1083 20
441 490 20
448 1154 20
453 1131 20
464 925 20
473 868 20
484 689 20
485 1180 20
496 1063 20
498 502 20
503 635 20
507 1181 20
509 1209 20
516 741 20
534 1467 20
547 1035 20
551 668 20
561 1135 20
563 1315 20
572 1092 20
574 1033 20
578 1475 20
587 1403 20
602 893 20
602 1290 20
612 920 20
615 1130 20
625 952 20
628 1317 20
636 948 20
641 1152 20
644 972 20
648 707 20
651 845 20
654 751 20
668 1173 20
679 1308 20
693 1186 20
694 1193 20
730 1416 20
743 1471 20
746 1212 20
749 1152 20
775 1215 20
797 858 20
799 1465 20
800 841 20
815 1290 20
826 1348 20
835 1221 20
838 1149 20
839 1386 20
846 928 20
860 1381 20
890 1386 20
891 1429 20
892 994 20
899 1365 20
937 1065 20
970 1450 20
975 1218 20
984 1077 20
992 1147 20
1028 1131 20
1031 1342 20
1038 1104 20
1045 1181 20
1062 1272 20
1077 1095 20
1116 1287 20
1119 1143 20
1129 1462 20
1129 1437 20
1152 1276 20
1155 1229 20
1172 1303 20
1269 1474 20
1289 1290 20
1343 1369 20
1407 1470 20
0 1141 21
4 1088 21
10 1319 21
11 1291 21
11 566 21
16 736 21
23 651 21
24 1214 21
26 261 21
46 870 21
49 460 21
50 993 21
53 111 21
54 811 21
57 1278 21
59 1072 21
66 1332 21
67 255 21
72 1256 21
80 397 21
91 1159 21
98 1251 21
106 492 21
119 647 21
120 1186 21
123 562 21
144 479 21
148 181 21
159 431 21
163 348 21
169 516 21
172 1149 21
177 1281 21
178 535 21
192 842 21
201 1263 21
213 604 21
213 1391 21
214 1387 21
221 1201 21
228 1216 21
232 655 21
244 1458 21
245 390 21
255 394 21
256 793 21
259 644 21
263 526 21
276 948 21
277 993 21
279 1052 21
282 299 21
283 633 21
295 502 21
300 841 21
303 1149 21
309 312 21
313 910 21
314 498 21
322 375 21
335 357 21
335 622 21
344 870 21
352 1332 21
371 855 21
383 822 21
383 1281 21
388 863 21
402 623 21
411 696 21
425 1319 21
427 1230 21
431 997 21
435 475 21
442 564 21
455 1267 21
458 1375 21
459 1340 21
460 1421 21
460 818 21
465 1434 21
467 1369 21
470 1097 21
470 1275 21
471 735 21
501 1329 21
509 888 21
515 665 21
522 953 21
527 567 21
531 704 21
537 973 21
545 954 21
554 1045 21
559 1236 21
568 1014 21
583 806 21
584 1389 21
584 883 21
587 1181 21
596 1234 21
605 1278 21
607 1016 21
611 1416 21
614 1150 21
621 1387 21
624 900 21
626 1107 21
630 783 21
636 666 21
641 769 21
645 1216 21
649 827 21
656 1422 21
687 1205 21
695 1200 21
702 804 21
712 1110 21
722 835 21
727 920 21
739 1302 21
742 1352 21
752 1364 21
777 1464 21
788 1411 21
814 1256 21
815 1306 21
819 1179 21
820 894 21
826 1217 21
852 1029 21
864 959 21
883 897 21
904 985 21
952 1442 21
972 1277 21
979 1440 21
991 1197 21
997 1133 21
1029 1269 21
1040 1103 21
1057 1472 21
1091 1110 21
1107 1466 21
1128 1185 21
1135 1461 21
1139 1437 21
1149 1343 21
1162 1442 21
1200 1402 21
1245 1417 21
1258 1448 21
1298 1363 21
1298 1464 21
1315 1362 21
12 1428 22
15 220 22
22 1074 22
27 827 22
28 1222 22
30 242 22
30 982 22
47 798 22
50 587 22
53 143 22
61 510 22
74 1445 22
75 800 22
76 1398 22
77 1279 22
84 1124 22
88 577 22
89 294 22
93 295 22
97 312 22
104 710 22
109 733 22
110 675 22
123 701 22
127 1000 22
129 1024 22
130 1463 22
131 716 22
138 704 22
151 1069 22
154 883 22
155 464 22
163 865 22
169 1192 22
172 1300 22
174 226 22
174 865 22
181 735 22
182 652 22
186 1433 22
210 1004 22
210 649 22
216 850 22
222 558 22
234 1470 22
234 1357 22
243 922 22
245 687 22
247 524 22
248 255 22
254 826 22
256 1152 22
257 603 22
263 1462 22
269 1433 22
272 759 22
281 1033 22
285 1185 22
299 540 22
301 818 22
311 514 22
327 1220 22
338 1256 22
340 1163 22
343 374 22
345 836 22
350 1459 22
360 1288 22
365 856 22
366 652 22
382 639 22
386 872 22
392 1184 22
400 745 22
408 1362 22
408 1450 22
415 639 22
424 944 22
431 923 22
431 543 22
435 1281 22
442 741 22
443 674 22
465 915 22
466 735 22
478 1047 22
481 830 22
481 1245 22
497 1207 22
500 1132 22
501 733 22
520 695 22
541 933 22
545 1208 22
551 992 22
552 1271 22
562 908 22
562 660 22
580 723 22
596 679 22
599 1035 22
600 1318 22
603 1103 22
624 1383 22
625 919 22
631 733 22
639 849 22
640 731 22
650 1159 22
671 1191 22
673 1315 22
677 723 22
678 782 22
691 738 22
697 1082 22
702 1029 22
703 1057 22
707 1366 22
725 729 22
730 789 22
738 847 22
739 762 22
753 1304 22
755 942 22
770 844 22
778 1002 22
795 1430 22
803 1338 22
809 875 22
812 1027 22
823 1245 22
835 858 22
845 1058 22
851 1277 22
870 1086 22
906 1188 22
909 1088 22
930 1288 22
939 1243 22
944 1260 22
975 1045 22
995 1142 22
1005 1077 22
1037 1443 22
1040 1051 22
1042 1310 22
1050 1186 22
1055 1264 22
1066 1075 22
1070 1348 22
1090 1137 22
1095 1399 22
1123 1441 22
1153 1349 22
1193 1361 22
1230 1307 22
1240 1349 22
1449 1451 22
27 1051 23
28 1408 23
38 654 23
40 963 23
42 1321 23
46 1364 23
46 598 23
47 710 23
47 1076 23
49 994 23
51 1264 23
51 700 23
54 700 23
54 1074 23
62 356 23
66 763 23
72 971 23
74 679 23
77 642 23
82 366 23
98 453 23
103 330 23
103 1392 23
119 1274 23
123 774 23
130 582 23
136 1044 23
145 1476 23
151 1199 23
166 1359 23
171 1179 23
199 1372 23
211 1421 23
218 1451 23
263 1452 23
268 466 23
275 1342 23
277 609 23
306 1443 23
307 447 23
323 1257 23
324 442 23
329 987 23
335 1200 23
350 1419 23
356 1440 23
364 801 23
365 1199 23
368 1156 23
374 989 23
374 1275 23
376 554 23
385 1012 23
395 1294 23
399 1328 23
400 1234 23
405 461 23
408 868 23
410 1378 23
419 938 23
423 1089 23
429 676 23
430 1439 23
434 1368 23
438 1245 23
446 1133 23
446 535 23
454 683 23
470 1263 23
473 1363 23
475 888 23
490 858 23
498 654 23
508 1348 23
510 1014 23
516 1039 23
519 944 23
527 1361 23
539 711 23
550 630 23
572 602 23
574 1377 23
578 1263 23
584 1448 23
593 747 23
603 1194 23
603 1245 23
612 1334 23
613 1011 23
621 1453 23
625 1195 23
627 678 23
651 1404 23
652 1057 23
653 736 23
656 1063 23
661 1063 23
662 1196 23
663 1183 23
664 1173 23
664 1433 23
665 845 23
672 711 23
680 1407 23
689 865 23
693 1005 23
694 1192 23
695 720 23
696 801 23
697 737 23
717 1216 23
741 842 23
750 869 23
752 816 23
762 1342 23
762 1439 23
773 995 23
781 896 23
793 866 23
815 1029 23
835 1116 23
857 1236 23
890 1102 23
907 1349 23
924 999 23
932 1479 23
932 1363 23
962 1185 23
965 1442 23
965 1420 23
973 1157 23
978 1155 23
983 1462 23
988 1134 23
1018 1356 23
1027 1278 23
1039 1336 23
1042 1451 23
1046 1246 23
1063 1114 23
1070 1478 23
1089 1244 23
1090 1130 23
1134 1162 23
1179 1352 23
1188 1279 23
1244 1318 23
1245 1385 23
1331 1342 23
1337 1395 23
1344 1400 23
8 632 24
29 731 24
47 565 24
56 589 24
59 765 24
79 1252 24
119 1324 24
130 502 24
144 1206 24
150 797 24
178 1086 24
200 742 24
214 1471 24
225 610 24
230 372 24
273 1231 24
308 1244 24
319 368 24
341 724 24
348 896 24
377 394 24
394 553 24
408 946 24
424 1222 24
432 571 24
446 553 24
457 667 24
471 1412 24
484 1314 24
525 1167 24
565 1262 24
606 999 24
630 917 24
635 728 24
639 749 24
663 1461 24
664 708 24
679 965 24
697 1252 24
774 978 24
828 1204 24
870 1422 24
878 1007 24
917 937 24
937 1107 24
967 983 24
1140 1417 24
1245 1384 24
1281 1327 24
1430 1477 24
1 190 25
10 540 25
11 747 25
53 400 25
67 507 25
89 1009 25
92 1121 25
95 1225 25
97 1324 25
110 520 25
112 349 25
114 362 25
151 592 25
162 656 25
165 869 25
172 502 25
187 1147 25
191 603 25
192 220 25
192 896 25
204 1013 25
225 933 25
256 1033 25
259 305 25
269 1333 25
270 307 25
279 1192 25
282 1125 25
286 604 25
306 536 25
320 437 25
325 1377 25
351 853 25
353 1295 25
384 1471 25
387 981 25
387 1397 25
392 1131 25
397 1009 25
416 883 25
416 678 25
417 549 25
422 1385 25
424 1320 25
440 1013 25
444 589 25
444 1335 25
475 1048 25
492 1248 25
531 603 25
536 1447 25
537 1136 25
538 1081 25
538 1430 25
543 705 25
596 1027 25
609 1007 25
633 778 25
633 999 25
635 730 25
642 719 25
646 722 25
667 693 25
676 766 25
679 1422 25
692 892 25
694 851 25
711 765 25
750 1057 25
754 1450 25
759 1425 25
767 1253 25
774 1224 25
778 1203 25
805 854 25
810 1321 25
839 1012 25
846 1219 25
848 849 25
862 986 25
885 1374 25
936 1344 25
936 1025 25
960 1447 25
964 1280 25
1027 1416 25
1029 1109 25
1038 1039 25
1040 1422 25
1041 1220 25
1064 1153 25
1146 1252 25
1153 1437 25
1159 1348 25
1218 1473 25
1238 1341 25
1284 1320 25
1293 1442 25
1302 1334 25
1418 1421 25
1 348 26
4 499 26
11 564 26
12 516 26
21 803 26
23 818 26
41 319 26
43 1378 26
69 1245 26
71 555 26
91 1017 26
95 1068 26
101 127 26
110 936 26
116 1187 26
119 1228 26
120 1444 26
127 1408 26
127 464 26
132 385 26
159 1004 26
161 472 26
164 885 26
164 672 26
166 494 26
182 626 26
184 1096 26
200 592 26
211 686 26
233 299 26
249 1033 26
249 605 26
250 887 26
251 1440 26
272 1212 26
292 1033 26
297 1344 26
307 645 26
317 404 26
320 507 26
326 1024 26
331 722 26
331 589 26
339 1089 26
351 542 26
378 1454 26
384 1469 26
400 1227 26
404 1150 26
415 930 26
430 542 26
430 579 26
431 977 26
450 1311 26
453 1362 26
455 674 26
465 1313 26
481 1267 26
491 680 26
502 1395 26
517 1262 26
522 1237 26
526 1407 26
549 1375 26
558 1023 26
611 1295 26
625 1467 26
638 881 26
651 1197 26
673 1155 26
675 1027 26
675 919 26
699 911 26
710 1344 26
766 1072 26
779 1193 26
793 1078 26
802 1434 26
816 991 26
819 863 26
835 1333 26
836 1136 26
850 1098 26
864 986 26
867 1389 26
871 959 26
874 1315 26
879 1338 26
888 1243 26
891 1361 26
903 1370 26
903 1012 26
909 1301 26
938 1308 26
965 1188 26
985 1216 26
1014 1363 26
1034 1460 26
1050 1314 26
1064 1363 26
1143 1272 26
1171 1300 26
1173 1236 26
1186 1432 26
1236 1387 26
1258 1457 26
1299 1363 26
1343 1478 26
1344 1397 26
17 647 27
17 631 27
19 1076 27
28 210 27
49 1022 27
51 1354 27
66 1309 27
67 176 27
72 393 27
80 546 27
80 1099 27
86 1037 27
87 864 27
95 1319 27
98 541 27
103 482 27
106 603 27
116 988 27
118 933 27
128 908 27
150 860 27
157 1177 27
158 539 27
173 657 27
176 408 27
178 1201 27
199 539 27
227 253 27
232 577 27
257 368 27
274 514 27
277 1176 27
280 1111 27
296 1230 27
299 525 27
313 597 27
318 1436 27
319 527 27
321 582 27
355 1448 27
369 610 27
373 768 27
398 1264 27
401 567 27
459 546 27
461 1406 27
469 630 27
485 1029 27
486 622 27
498 531 27
511 899 27
540 854 27
571 1410 27
576 926 27
577 810 27
590 1186 27
597 1198 27
608 1177 27
643 1182 27
648 1226 27
655 977 27
658 1372 27
667 1147 27
678 847 27
706 1227 27
723 1335 27
739 1420 27
742 1215 27
769 928 27
779 987 27
783 982 27
789 937 27
799 1332 27
825 880 27
835 1315 27
836 1136 27
863 990 27
867 887 27
911 1449 27
953 1153 27
962 1439 27
965 1312 27
1009 1109 27
1054 1291 27
1087 1328 27
1152 1206 27
1160 1213 27
1298 1341 27
1396 1460 27
7 582 28
14 57 28
22 302 28
32 1375 28
79 174 28
93 870 28
126 703 28
199 241 28
206 602 28
231 401 28
264 513 28
269 959 28
287 764 28
292 1236 28
334 626 28
335 1420 28
367 819 28
370 448 28
402 1103 28
422 1108 28
428 924 28
428 1351 28
451 1363 28
454 823 28
457 1376 28
467 697 28
484 1412 28
492 780 28
497 1057 28
506 1352 28
516 1241 28
529 1156 28
579 1210 28
584 1100 28
595 984 28
675 880 28
682 777 28
684 1068 28
718 1249 28
725 740 28
754 1368 28
776 1210 28
803 1144 28
927 1357 28
1172 1268 28
1326 1394 28
30 1304 29
89 956 29
221 620 29
312 922 29
324 371 29
346 758 29
364 674 29
399 425 29
423 1407 29
475 908 29
631 1017 29
641 736 29
645 1424 29
720 726 29
793 1188 29
870 1278 29
999 1034 29
1090 1314 29
1094 1112 29
1122 1262 29
1221 1415 29
18 665 30
164 720 30
204 1324 30
281 1046 30
632 898 30
677 811 30
692 766 30
875 1013 30
894 1236 30
920 1099 30
936 1122 30
1048 1219 30
826 1351 31
1112 1462 31
214 870 32
484 1088 32
528 1239 32
1290 1407 32
844 1295 33
926 1321 33
956 1384 33
48 239 35
71 1457 35
486 939 35
493 731 35
154 403 36
231 756 37
1240 1372 38
319 1289 39
3 564 40
33 1049 40
39 1056 40
48 664 40
85 277 40
108 747 40
149 1143 40
194 1213 40
241 1050 40
245 1096 40
258 1428 40
317 627 40
327 464 40
331 446 40
339 1287 40
388 1244 40
414 1278 40
488 693 40
592 1226 40
624 915 40
636 1225 40
810 1240 40
872 1015 40
885 996 40
996 1372 40
1247 1356 40
3 188 41
20 1004 41
22 491 41
34 905 41
43 1016 41
50 55 41
63 606 41
66 1260 41
81 739 41
82 932 41
104 263 41
112 514 41
122 247 41
145 1449 41
149 940 41
151 1208 41
158 365 41
174 425 41
193 239 41
208 676 41
221 1064 41
246 776 41
267 824 41
282 688 41
287 912 41
291 1049 41
294 629 41
321 663 41
322 1429 41
323 327 41
330 1243 41
346 881 41
356 1402 41
375 1395 41
386 950 41
389 820 41
392 1121 41
398 1180 41
400 1268 41
405 900 41
408 1325 41
437 920 41
437 578 41
447 908 41
453 1319 41
474 664 41
497 1261 41
500 610 41
500 513 41
503 1159 41
531 655 41
548 749 41
548 890 41
554 1352 41
619 874 41
635 1046 41
636 1447 41
685 1120 41
704 1177 41
752 864 41
757 1366 41
777 1135 41
782 956 41
792 958 41
848 1295 41
873 1309 41
889 1130 41
899 1225 41
906 1359 41
986 1253 41
1000 1214 41
1009 1032 41
1027 1424 41
1065 1208 41
1076 1420 41
1214 1298 41
1215 1415 41
1227 1276 41
1242 1320 41
2 998 42
18 688 42
27 1411 42
28 1159 42
49 356 42
52 644 42
60 725 42
62 1026 42
88 984 42
91 250 42
93 572 42
104 621 42
109 1444 42
111 1442 42
113 816 42
119 393 42
122 1282 42
130 624 42
130 261 42
130 1193 42
147 1032 42
159 1005 42
161 1094 42
189 1261 42
189 734 42
199 376 42
199 595 42
214 687 42
221 540 42
235 775 42
249 1403 42
250 1267 42
266 977 42
269 781 42
286 417 42
294 1223 42
300 793 42
307 1054 42
311 473 42
314 584 42
321 963 42
333 562 42
338 631 42
357 533 42
374 508 42
385 529 42
408 803 42
417 1440 42
418 851 42
427 770 42
441 1088 42
448 494 42
465 547 42
471 1450 42
476 1090 42
494 1264 42
494 508 42
496 894 42
504 961 42
510 1342 42
512 1334 42
521 1302 42
532 629 42
539 789 42
571 618 42
571 1313 42
612 1063 42
619 904 42
625 779 42
629 940 42
633 761 42
635 887 42
653 855 42
654 705 42
669 1316 42
673 1189 42
692 921 42
704 1409 42
712 1144 42
730 1424 42
753 981 42
765 1381 42
773 959 42
773 885 42
794 986 42
825 1124 42
837 933 42
845 1221 42
849 1004 42
879 956 42
880 1082 42
890 1036 42
914 1225 42
952 983 42
986 1438 42
989 1034 42
993 1102 42
1014 1409 42
1096 1336 42
1132 1404 42
1144 1385 42
1237 1411 42
1275 1416 42
15 1117 43
25 672 43
26 1267 43
46 110 43
52 527 43
56 457 43
57 957 43
57 599 43
58 489 43
58 136 43
59 1301 43
60 1131 43
61 1282 43
87 762 43
87 227 43
92 379 43
102 725 43
109 1290 43
113 1023 43
126 133 43
156 469 43
159 969 43
164 1110 43
175 465 43
185 1009 43
187 367 43
188 393 43
193 326 43
193 505 43
195 1452 43
197 1128 43
201 911 43
202 1045 43
203 1132 43
204 1282 43
212 1155 43
217 706 43
217 319 43
220 774 43
224 481 43
237 391 43
241 358 43
251 763 43
255 875 43
258 1371 43
258 623 43
264 1240 43
267 862 43
272 1249 43
272 1411 43
274 678 43
279 686 43
279 598 43
286 287 43
299 1374 43
299 672 43
303 1017 43
307 436 43
307 591 43
313 763 43
319 899 43
325 420 43
325 876 43
334 1035 43
334 1410 43
342 1044 43
357 822 43
374 1472 43
378 876 43
380 1413 43
392 1330 43
411 1260 43
414 476 43
416 567 43
417 1025 43
434 490 43
441 852 43
455 553 43
460 853 43
462 836 43
466 1444 43
471 587 43
473 1372 43
473 1102 43
488 1373 43
489 1218 43
490 1076 43
503 693 43
505 566 43
515 1045 43
527 1087 43
528 914 43
531 946 43
532 885 43
542 975 43
544 801 43
551 1408 43
554 1014 43
560 1063 43
560 1447 43
573 1098 43
589 1478 43
592 1325 43
604 1132 43
630 1408 43
635 763 43
642 1432 43
644 1239 43
645 829 43
657 1103 43
659 995 43
660 886 43
666 1110 43
667 1006 43
677 1316 43
706 1343 43
710 786 43
721 905 43
728 1270 43
734 1163 43
746 1368 43
750 1291 43
758 874 43
771 1237 43
774 788 43
776 1121 43
783 1081 43
791 1287 43
793 1107 43
803 814 43
815 1254 43
836 915 43
839 945 43
841 1090 43
856 1218 43
859 1402 43
879 977 43
891 1095 43
932 1380 43
941 1180 43
958 1072 43
960 1464 43
960 1451 43
967 1408 43
981 1089 43
985 1190 43
986 1133 43
993 1088 43
995 1456 43
1017 1378 43
1027 1134 43
1033 1391 43
1041 1360 43
1054 1424 43
1064 1136 43
1075 1082 43
1079 1169 43
1081 1256 43
1088 1418 43
1088 1257 43
1100 1321 43
1121 1201 43
1133 1418 43
1134 1206 43
1169 1439 43
1182 1253 43
1192 1386 43
1195 1391 43
1203 1231 43
1223 1399 43
1316 1413 43
1333 1417 43
13 514 44
24 234 44
25 322 44
28 931 44
62 1441 44
71 243 44
113 641 44
117 1208 44
130 937 44
208 1412 44
224 1197 44
297 305 44
314 1264 44
337 1290 44
340 1158 44
422 1341 44
442 1366 44
477 568 44
523 758 44
564 745 44
577 934 44
593 1203 44
620 789 44
650 942 44
652 1296 44
659 996 44
682 709 44
696 905 44
760 1388 44
806 1165 44
902 1010 44
903 1119 44
984 1266 44
1009 1173 44
1010 1458 44
1042 1269 44
1075 1375 44
1226 1376 44
1293 1453 44
2 292 45
5 233 45
6 1374 45
22 113 45
26 683 45
27 375 45
37 797 45
39 510 45
47 1019 45
64 86 45
68 1020 45
78 246 45
81 1270 45
88 735 45
90 502 45
91 932 45
93 485 45
95 819 45
98 1109 45
103 923 45
109 206 45
110 655 45
115 1419 45
126 999 45
131 1294 45
133 1342 45
136 507 45
138 1350 45
138 1288 45
140 884 45
146 1271 45
148 1288 45
148 656 45
156 719 45
171 846 45
189 1382 45
195 502 45
203 1350 45
208 400 45
218 1367 45
231 563 45
236 450 45
237 792 45
245 480 45
246 638 45
250 1296 45
258 387 45
259 635 45
260 513 45
270 1031 45
274 360 45
302 379 45
306 802 45
322 887 45
325 917 45
338 666 45
340 1456 45
349 716 45
351 396 45
356 633 45
365 1360 45
376 1264 45
396 1048 45
398 1218 45
400 500 45
413 1278 45
416 659 45
417 1188 45
424 1071 45
425 1025 45
443 630 45
445 1460 45
450 961 45
454 1250 45
462 768 45
462 555 45
466 1297 45
467 1358 45
467 756 45
469 885 45
480 984 45
480 1083 45
486 1136 45
532 1476 45
549 658 45
560 912 45
568 622 45
570 1310 45
574 892 45
586 1427 45
587 1255 45
588 1252 45
603 812 45
606 816 45
606 721 45
607 1368 45
612 1151 45
618 1174 45
634 1172 45
634 1403 45
660 1014 45
662 762 45
666 990 45
675 1213 45
682 1304 45
767 1025 45
803 1177 45
812 978 45
817 1017 45
823 997 45
840 901 45
841 950 45
866 1409 45
897 1296 45
899 942 45
962 1118 45
976 1056 45
985 1448 45
1022 1148 45
1053 1319 45
1058 1441 45
1071 1274 45
1174 1239 45
1174 1390 45
1179 1473 45
1186 1275 45
1224 1425 45
1227 1306 45
1307 1385 45
1311 1467 45
1316 1353 45
1346 1473 45
7 186 46
9 145 46
12 1451 46
28 1393 46
30 307 46
34 495 46
35 1222 46
39 229 46
40 585 46
41 258 46
43 1188 46
49 304 46
55 1011 46
56 1136 46
60 181 46
62 1340 46
68 641 46
68 1418 46
74 308 46
80 141 46
86 862 46
95 1300 46
96 325 46
98 1188 46
99 1095 46
114 344 46
130 1309 46
136 708 46
142 964 46
144 581 46
149 1218 46
154 607 46
166 314 46
170 283 46
181 1353 46
183 672 46
183 1453 46
196 772 46
198 569 46
203 1322 46
219 970 46
224 1065 46
229 876 46
229 372 46
232 1418 46
234 976 46
248 1471 46
253 272 46
261 809 46
264 559 46
278 684 46
284 1243 46
294 749 46
295 477 46
300 575 46
305 1138 46
306 712 46
316 1199 46
318 1339 46
324 532 46
325 1203 46
333 1408 46
339 872 46
342 620 46
346 763 46
353 410 46
365 789 46
371 885 46
372 890 46
379 1289 46
380 1392 46
393 855 46
395 1376 46
396 595 46
406 485 46
413 1315 46
416 963 46
420 870 46
436 1011 46
476 1203 46
477 1301 46
480 1473 46
481 524 46
495 1240 46
498 1268 46
502 1182 46
503 1378 46
520 851 46
520 821 46
524 1132 46
535 740 46
542 666 46
546 1116 46
552 912 46
555 677 46
559 1293 46
561 602 46
569 698 46
578 908 46
580 967 46
596 760 46
598 917 46
606 1433 46
615 939 46
618 1052 46
619 797 46
627 789 46
628 880 46
637 774 46
651 760 46
662 1317 46
664 1299 46
670 1005 46
686 865 46
686 1224 46
691 1071 46
705 759 46
719 1074 46
722 1018 46
725 1331 46
736 1227 46
738 1217 46
782 1409 46
783 1388 46
790 1328 46
805 1163 46
828 1429 46
832 1375 46
861 1158 46
881 988 46
881 1214 46
881 1402 46
882 1079 46
902 1190 46
905 1114 46
931 1141 46
938 1358 46
950 1182 46
954 1391 46
990 1053 46
1019 1202 46
1030 1366 46
1031 1211 46
1042 1079 46
1057 1135 46
1074 1422 46
1082 1139 46
1084 1392 46
1133 1411 46
1136 1161 46
1138 1452 46
1208 1413 46
1275 1379 46
1302 1446 46
1371 1452 46
0 680 47
1 522 47
29 353 47
46 1247 47
47 76 47
57 292 47
60 1474 47
69 522 47
73 184 47
81 741 47
88 1078 47
95 470 47
95 1472 47
97 310 47
98 478 47
107 1124 47
111 1079 47
121 1394 47
125 1453 47
125 1216 47
187 676 47
191 747 47
216 719 47
217 1376 47
223 550 47
230 1472 47
250 1301 47
260 575 47
265 525 47
265 1357 47
267 855 47
267 978 47
271 1026 47
287 1353 47
292 360 47
292 877 47
299 389 47
299 658 47
305 1423 47
321 1019 47
324 1167 47
329 432 47
342 937 47
345 1208 47
361 1443 47
365 863 47
367 1116 47
370 1403 47
380 686 47
389 695 47
393 1202 47
394 1025 47
397 1176 47
398 611 47
406 1082 47
407 778 47
420 974 47
433 793 47
437 1421 47
461 1435 47
467 1037 47
491 914 47
498 1279 47
502 848 47
524 1294 47
524 951 47
543 829 47
556 758 47
557 901 47
560 1459 47
566 936 47
570 823 47
579 816 47
597 678 47
606 932 47
617 1284 47
620 1136 47
628 1331 47
644 662 47
647 1014 47
648 1348 47
657 1380 47
661 921 47
686 832 47
727 1001 47
729 1110 47
730 1462 47
733 1223 47
738 1037 47
739 1404 47
775 993 47
779 1029 47
786 1189 47
792 958 47
805 1094 47
825 1124 47
831 966 47
856 1208 47
876 1459 47
887 1429 47
913 1237 47
950 1084 47
958 1280 47
1000 1097 47
1031 1428 47
1035 1059 47
1077 1142 47
1079 1297 47
1111 1311 47
1128 1159 47
1151 1172 47
1158 1247 47
1214 1235 47
1262 1312 47
1326 1413 47
1339 1439 47
1366 1385 47
3 74 48
45 1416 48
54 687 48
55 747 48
70 580 48
74 1035 48
74 999 48
95 1239 48
100 1434 48
102 956 48
102 311 48
116 1455 48
126 813 48
130 1160 48
134 1309 48
134 1422 48
151 1336 48
179 1458 48
204 1321 48
204 1267 48
209 627 48
215 756 48
220 599 48
220 745 48
229 1417 48
229 272 48
235 255 48
247 620 48
252 1108 48
260 676 48
267 900 48
299 527 48
299 330 48
305 599 48
346 1001 48
368 958 48
371 1475 48
381 577 48
385 1201 48
385 711 48
413 834 48
425 1059 48
432 1386 48
440 447 48
455 879 48
463 1216 48
464 1299 48
487 1277 48
516 1430 48
518 1265 48
566 902 48
583 1409 48
589 844 48
615 892 48
678 998 48
717 1182 48
727 1405 48
728 869 48
730 1281 48
733 1054 48
753 755 48
764 901 48
772 783 48
784 824 48
815 1343 48
863 1156 48
884 1305 48
888 1014 48
919 988 48
946 987 48
953 1083 48
1039 1222 48
1042 1408 48
1043 1213 48
1056 1235 48
1079 1441 48
1137 1275 48
1260 1420 48
1345 1430 48
22 1475 49
209 1334 49
298 939 49
352 366 49
386 853 49
395 1466 49
489 916 49
506 978 49
604 838 49
696 737 49
731 764 49
841 1004 49
842 893 49
874 1089 49
897 1159 49
998 1438 49
1153 1172 49
1244 1402 49
1360 1377 49
1367 1452 49
5 576 50
31 985 50
34 920 50
42 805 50
48 1264 50
55 1138 50
71 978 50
78 1457 50
82 869 50
92 700 50
113 1428 50
162 1418 50
163 338 50
166 1206 50
171 1390 50
174 605 50
190 1365 50
203 371 50
209 304 50
228 1364 50
229 711 50
230 1405 50
254 971 50
267 1461 50
341 1250 50
371 1187 50
371 656 50
392 799 50
416 1318 50
438 985 50
472 867 50
488 1214 50
493 961 50
549 854 50
559 790 50
575 985 50
607 677 50
631 875 50
657 748 50
668 763 50
682 1171 50
693 1463 50
749 879 50
758 1150 50
859 1478 50
877 1131 50
911 1264 50
994 1047 50
996 1310 50
1019 1166 50
1074 1246 50
1075 1185 50
1199 1438 50
1205 1456 50
1 1466 51
6 69 51
6 962 51
18 656 51
19 1024 51
24 1427 51
31 1115 51
76 1342 51
79 200 51
92 924 51
98 838 51
99 886 51
121 400 51
146 1006 51
149 402 51
159 447 51
168 1169 51
169 1095 51
170 1205 51
189 942 51
197 782 51
205 1223 51
238 683 51
240 260 51
245 1129 51
269 576 51
272 998 51
288 697 51
306 1306 51
307 1324 51
312 1447 51
319 1110 51
339 611 51
361 767 51
408 804 51
450 461 51
460 1090 51
484 1174 51
487 1282 51
496 969 51
499 1250 51
505 810 51
506 522 51
538 1469 51
607 929 51
618 645 51
627 1038 51
631 713 51
667 1114 51
676 1271 51
703 986 51
712 846 51
714 1427 51
736 912 51
767 1324 51
779 1258 51
792 1187 51
829 895 51
837 937 51
851 858 51
854 1442 51
854 1469 51
889 1268 51
927 962 51
934 1354 51
955 1423 51
1042 1103 51
1068 1239 51
1083 1164 51
1091 1401 51
1093 1390 51
1181 1284 51
1243 1254 51
1359 1457 51
7 734 52
10 921 52
22 1167 52
36 377 52
50 723 52
81 1410 52
100 1342 52
138 628 52
184 589 52
307 1180 52
316 693 52
419 749 52
564 1306 52
593 899 52
603 1193 52
731 1405 52
804 818 52
882 1314 52
991 1068 52
1183 1263 52
3 920 53
13 1181 53
28 689 53
38 1410 53
43 344 53
112 296 53
139 540 53
152 713 53
153 156 53
159 1369 53
163 164 53
200 1442 53
215 1433 53
227 1132 53
245 1261 53
257 411 53
272 1430 53
362 572 53
378 402 53
388 1289 53
423 1325 53
428 1128 53
428 1167 53
433 1111 53
464 1022 53
499 656 53
564 684 53
593 1406 53
637 1334 53
680 1265 53
694 1250 53
705 1327 53
733 1387 53
929 1277 53
964 1419 53
977 1051 53
977 1232 53
979 1325 53
1007 1171 53
1046 1471 53
1077 1350 53
1202 1219 53
1217 1445 53
1276 1303 53
1389 1435 53
5 900 54
25 1011 54
40 1409 54
44 546 54
54 749 54
70 1294 54
83 456 54
97 381 54
102 1419 54
103 1072 54
126 235 54
134 230 54
138 1141 54
141 209 54
143 1063 54
166 446 54
179 980 54
192 533 54
214 268 54
243 649 54
270 747 54
325 342 54
345 536 54
363 595 54
424 960 54
435 1219 54
440 649 54
457 873 54
463 1152 54
466 983 54
469 715 54
491 1298 54
499 1404 54
540 1160 54
557 1153 54
560 1442 54
576 1114 54
594 1025 54
617 686 54
643 1351 54
648 922 54
651 752 54
652 1104 54
658 1195 54
658 1209 54
686 1362 54
696 796 54
713 855 54
717 1281 54
741 1116 54
784 865 54
880 1412 54
897 920 54
1029 1036 54
1104 1204 54
1112 1163 54
1209 1421 54
1243 1446 54
1382 1406 54
5 135 55
14 1085 55
15 713 55
16 1067 55
21 205 55
36 783 55
39 592 55
43 1274 55
66 1423 55
78 954 55
104 105 55
106 450 55
117 1479 55
126 147 55
129 707 55
140 968 55
145 446 55
145 1051 55
146 273 55
147 609 55
149 1010 55
153 1237 55
156 372 55
165 1123 55
165 1187 55
182 1293 55
183 631 55
200 1046 55
210 323 55
216 1094 55
229 1370 55
256 732 55
262 1478 55
279 1139 55
285 1018 55
287 802 55
297 449 55
316 579 55
351 585 55
371 909 55
377 928 55
413 1413 55
419 1072 55
423 785 55
455 690 55
460 818 55
469 819 55
478 872 55
480 887 55
483 487 55
538 1009 55
546 1202 55
570 849 55
607 700 55
629 1050 55
651 880 55
653 1140 55
706 1356 55
712 771 55
716 1295 55
727 1247 55
745 1271 55
767 1283 55
782 1361 55
793 1350 55
804 1162 55
829 865 55
847 1084 55
859 982 55
914 1388 55
968 1399 55
1016 1278 55
1110 1270 55
1162 1298 55
1179 1470 55
1216 1353 55
1296 1452 55
1347 1465 55
11 945 56
16 571 56
32 1008 56
48 1100 56
54 495 56
56 175 56
86 419 56
100 289 56
114 504 56
143 1238 56
145 786 56
155 732 56
155 661 56
164 620 56
166 175 56
170 1381 56
178 1279 56
180 1121 56
187 1013 56
189 217 56
197 563 56
199 1084 56
205 388 56
206 300 56
208 1155 56
211 441 56
213 500 56
220 282 56
233 1406 56
248 784 56
267 1285 56
271 988 56
278 1381 56
280 445 56
300 861 56
320 1021 56
329 577 56
334 516 56
355 668 56
357 519 56
363 553 56
379 1398 56
389 747 56
392 1142 56
397 1130 56
399 1457 56
400 1368 56
409 768 56
423 590 56
430 633 56
469 786 56
498 899 56
507 1138 56
514 1109 56
516 919 56
525 588 56
537 922 56
558 1313 56
563 832 56
568 1371 56
581 1354 56
589 758 56
593 1000 56
629 1267 56
633 820 56
635 1416 56
642 1230 56
700 1163 56
735 927 56
737 763 56
747 1096 56
813 1373 56
851 1061 56
864 1391 56
885 1334 56
907 1063 56
908 988 56
923 1240 56
973 1237 56
975 1367 56
997 1117 56
1005 1186 56
1006 1078 56
1011 1079 56
1020 1183 56
1039 1271 56
1048 1206 56
1052 1292 56
1061 1230 56
1065 1221 56
1076 1374 56
1180 1330 56
1199 1286 56
1204 1282 56
1215 1474 56
1284 1379 56
1311 1421 56
1362 1454 56
5 1362 57
6 458 57
7 817 57
19 52 57
35 1272 57
36 276 57
37 723 57
45 943 57
46 266 57
51 151 57
56 857 57
59 881 57
61 1216 57
73 1025 57
94 1097 57
105 1393 57
106 1144 57
107 573 57
127 1422 57
130 251 57
141 309 57
142 549 57
169 790 57
183 246 57
185 1074 57
187 1155 57
189 247 57
192 857 57
209 949 57
217 1310 57
234 1145 57
242 1206 57
244 526 57
264 692 57
268 506 57
278 664 57
278 1124 57
302 1453 57
311 810 57
313 1419 57
318 744 57
324 387 57
330 492 57
330 1440 57
338 819 57
339 1272 57
346 631 57
347 735 57
349 828 57
353 1019 57
355 514 57
362 1344 57
365 1054 57
377 1013 57
406 1207 57
423 625 57
439 582 57
465 1279 57
469 638 57
481 699 57
482 626 57
493 855 57
495 1020 57
514 701 57
522 759 57
537 686 57
571 626 57
572 828 57
601 724 57
613 1156 57
624 1012 57
626 1100 57
631 877 57
634 1247 57
636 1347 57
658 684 57
664 1377 57
686 1048 57
720 1264 57
725 1282 57
781 1263 57
821 1190 57
823 1228 57
825 963 57
833 996 57
849 1428 57
850 860 57
855 999 57
860 1319 57
861 1001 57
899 1317 57
900 1328 57
902 1130 57
903 965 57
922 1052 57
935 1247 57
975 1154 57
995 1205 57
1035 1193 57
1036 1189 57
1092 1291 57
1097 1281 57
1100 1343 57
1123 1283 57
1132 1293 57
1162 1316 57
1192 1405 57
1217 1432 57
1227 1240 57
1284 1340 57
1285 1290 57
1296 1359 57
1420 1437 57
5 972 58
8 1401 58
26 138 58
53 569 58
53 308 58
63 674 58
79 1431 58
84 933 58
105 1375 58
111 1303 58
116 641 58
119 212 58
123 1066 58
123 1065 58
133 1065 58
145 1262 58
150 1324 58
156 781 58
161 1376 58
171 929 58
172 1107 58
177 473 58
179 587 58
187 762 58
187 954 58
196 1414 58
206 889 58
222 1088 58
235 442 58
248 1119 58
274 536 58
276 299 58
283 1224 58
287 395 58
291 1469 58
297 589 58
332 776 58
333 837 58
336 628 58
339 691 58
357 651 58
401 716 58
403 875 58
413 613 58
413 806 58
415 805 58
423 780 58
439 1252 58
450 646 58
470 1258 58
472 554 58
473 1263 58
485 1336 58
500 539 58
515 637 58
521 881 58
523 532 58
539 853 58
552 990 58
573 1176 58
604 792 58
621 1108 58
646 1141 58
654 720 58
660 1076 58
701 932 58
711 867 58
723 864 58
738 1357 58
749 1476 58
756 1144 58
766 842 58
778 1140 58
798 963 58
801 932 58
826 1345 58
836 1061 58
861 1297 58
904 1162 58
906 1254 58
945 1200 58
1013 1438 58
1031 1471 58
1031 1421 58
1049 1217 58
1064 1186 58
1074 1119 58
1221 1271 58
1221 1472 58
1334 1383 58
2 1120 59
5 1164 59
12 771 59
13 1182 59
51 1118 59
62 1307 59
65 589 59
79 1417 59
82 1091 59
93 208 59
97 1181 59
98 131 59
119 512 59
120 1038 59
151 939 59
165 1322 59
181 1241 59
214 457 59
222 886 59
238 938 59
238 1121 59
246 265 59
251 281 59
273 457 59
276 290 59
278 1402 59
304 856 59
305 1182 59
327 456 59
354 601 59
360 1013 59
364 431 59
368 685 59
420 517 59
432 533 59
444 451 59
445 519 59
451 1239 59
463 1177 59
481 1479 59
498 1256 59
515 1356 59
531 695 59
543 1341 59
598 629 59
628 892 59
640 1398 59
652 1389 59
661 1189 59
676 935 59
679 1003 59
683 1416 59
697 907 59
715 1196 59
725 925 59
786 821 59
791 1352 59
832 858 59
872 1322 59
928 1205 59
935 1255 59
953 1254 59
973 1445 59
1005 1371 59
1027 1041 59
1031 1127 59
1064 1067 59
1147 1178 59
1174 1433 59
1202 1466 59
1324 1397 59
1455 1458 59
10 426 60
34 1409 60
131 593 60
138 693 60
139 444 60
149 729 60
182 1086 60
210 825 60
237 690 60
239 1027 60
324 1086 60
358 846 60
408 1039 60
428 903 60
458 1015 60
586 653 60
664 1308 60
716 1124 60
755 1270 60
777 1395 60
856 882 60
862 1185 60
898 1426 60
954 1068 60
1014 1229 60
1145 1217 60
