24 72 186
29 71 186
80 70 186
91 69 186
26 20 223
83 19 223
115 17 223
140 6 223
15 81 235
36 80 235
39 79 235
95 78 235
14 12 239
33 11 239
74 9 239
82 8 239
0 12 244
53 11 244
56 9 244
75 8 244
8 139 255
39 138 255
42 137 255
137 136 255
11 19 279
22 18 279
80 17 279
120 14 279
16 81 285
98 80 285
116 79 285
145 78 285
22 111 286
36 110 286
66 109 286
106 105 286
3 12 294
84 11 294
102 9 294
111 8 294
103 95 296
113 86 296
125 84 296
129 82 296
67 100 304
72 99 304
132 98 304
134 0 304
60 81 326
83 80 326
86 79 326
118 78 326
44 35 329
48 34 329
50 33 329
137 32 329
13 139 339
100 138 339
135 137 339
150 136 339
3 70 341
64 69 341
75 68 341
98 67 341
20 127 350
60 126 350
73 125 350
97 124 350
53 105 352
92 103 352
122 102 352
147 101 352
62 141 354
105 140 354
119 139 354
136 134 354
4 147 357
8 146 357
55 145 357
61 144 357
8 60 358
32 59 358
79 58 358
101 57 358
31 28 367
50 27 367
71 26 367
130 25 367
18 127 371
77 126 371
108 125 371
135 124 371
41 111 372
50 110 372
64 109 372
148 105 372
10 121 374
17 120 374
26 119 374
136 118 374
10 121 376
26 120 376
108 119 376
128 118 376
19 121 382
89 120 382
91 119 382
139 118 382
44 98 387
52 97 387
79 96 387
111 95 387
42 100 388
63 99 388
118 98 388
125 0 388
69 12 393
107 11 393
108 9 393
120 8 393
3 121 394
10 120 394
86 119 394
100 118 394
21 82 395
32 81 395
113 80 395
136 79 395
81 112 406
93 111 406
106 110 406
117 109 406
28 141 411
65 140 411
69 139 411
123 134 411
28 60 413
44 59 413
76 58 413
148 57 413
14 127 429
30 126 429
41 125 429
142 124 429
24 112 438
36 111 438
38 110 438
74 109 438
41 100 439
93 99 439
148 98 439
149 0 439
18 12 450
58 11 450
61 9 450
63 8 450
26 127 452
47 126 452
94 125 452
136 124 452
17 148 456
21 147 456
125 146 456
127 145 456
0 121 464
17 120 464
60 119 464
144 118 464
0 148 475
50 147 475
83 146 475
136 145 475
46 82 482
76 81 482
135 80 482
142 79 482
7 141 484
30 140 484
69 139 484
126 134 484
1 105 490
91 103 490
125 102 490
126 101 490
82 139 492
116 138 492
136 137 492
137 136 492
27 98 496
59 97 496
110 96 496
111 95 496
52 28 508
71 27 508
111 26 508
148 25 508
23 127 511
56 126 511
107 125 511
146 124 511
53 148 518
56 147 518
74 146 518
77 145 518
0 19 522
25 18 522
51 17 522
122 14 522
11 87 529
61 86 529
77 85 529
134 84 529
13 70 530
29 69 530
51 68 530
104 67 530
9 141 534
17 140 534
100 139 534
143 134 534
14 106 539
41 105 539
130 104 539
134 103 539
97 121 545
100 120 545
122 119 545
147 118 545
2 87 546
40 86 546
131 85 546
139 84 546
2 147 548
27 146 548
49 145 548
76 144 548
78 60 551
121 59 551
128 58 551
150 57 551
27 25 573
76 28 573
84 27 573
142 26 573
63 81 588
92 80 588
147 79 588
150 78 588
25 147 590
34 146 590
126 145 590
150 144 590
17 35 591
54 34 591
58 33 591
95 32 591
3 147 609
21 146 609
112 145 609
134 144 609
30 123 614
87 122 614
94 121 614
131 120 614
83 95 615
102 86 615
127 84 615
129 82 615
95 139 622
116 138 622
144 137 622
145 136 622
7 123 623
13 122 623
19 121 623
52 120 623
0 81 624
90 80 624
98 79 624
109 78 624
7 105 635
20 103 635
56 102 635
118 101 635
37 35 636
97 34 636
110 33 636
129 32 636
42 106 637
63 105 637
85 104 637
89 103 637
69 60 638
71 59 638
131 58 638
139 57 638
62 106 641
65 105 641
125 104 641
129 103 641
64 98 643
91 97 643
125 96 643
142 95 643
40 105 644
54 103 644
118 102 644
128 101 644
22 72 648
87 71 648
127 70 648
130 69 648
52 139 649
73 138 649
87 137 649
146 136 649
6 72 650
38 71 650
53 70 650
107 69 650
52 106 651
124 105 651
129 104 651
139 103 651
8 87 655
45 86 655
84 85 655
137 84 655
17 14 656
92 19 656
115 18 656
121 17 656
19 111 657
29 110 657
48 109 657
88 105 657
23 121 658
27 120 658
102 119 658
139 118 658
3 100 663
12 99 663
36 98 663
94 0 663
31 147 664
71 146 664
142 145 664
145 144 664
31 60 665
52 59 665
116 58 665
142 57 665
20 123 669
43 122 669
74 121 669
96 120 669
49 112 670
60 111 670
102 110 670
112 109 670
7 20 672
41 19 672
135 17 672
145 6 672
14 95 675
35 86 675
62 84 675
118 82 675
1 70 676
26 69 676
107 68 676
110 67 676
29 149 678
46 76 678
94 74 678
116 73 678
3 28 679
16 27 679
95 26 679
96 25 679
36 35 683
62 34 683
82 33 683
142 32 683
49 121 684
73 120 684
75 119 684
117 118 684
13 87 686
16 86 686
62 85 686
120 84 686
15 149 689
74 73 689
83 76 689
147 74 689
36 82 690
38 81 690
72 80 690
84 79 690
0 105 691
7 103 691
122 102 691
139 101 691
34 149 692
105 76 692
119 74 692
143 73 692
10 106 693
11 105 693
79 104 693
85 103 693
28 72 696
43 71 696
76 70 696
117 69 696
84 20 697
126 19 697
137 17 697
141 6 697
43 112 698
98 111 698
119 110 698
122 109 698
16 112 702
91 111 702
103 110 702
118 109 702
4 111 703
94 110 703
126 109 703
140 105 703
52 139 704
58 138 704
76 137 704
78 136 704
32 81 705
40 80 705
41 79 705
68 78 705
2 147 706
103 146 706
113 145 706
138 144 706
24 35 709
34 32 709
115 34 709
137 33 709
12 19 715
20 18 715
91 17 715
119 14 715
54 20 716
67 19 716
75 17 716
116 6 716
2 35 717
6 34 717
37 33 717
116 32 717
1 121 718
22 120 718
84 119 718
92 118 718
11 149 726
14 76 726
21 74 726
141 73 726
52 81 730
60 80 730
73 79 730
99 78 730
2 70 731
6 69 731
73 68 731
119 67 731
0 148 736
8 147 736
80 146 736
149 145 736
14 106 743
48 105 743
76 104 743
107 103 743
17 123 747
58 122 747
121 120 747
141 121 747
36 95 749
86 82 749
134 86 749
150 84 749
67 12 755
89 11 755
98 9 755
108 8 755
38 98 756
104 97 756
133 96 756
150 95 756
8 98 759
28 97 759
72 96 759
135 95 759
5 60 761
52 59 761
65 58 761
114 57 761
52 72 763
89 71 763
95 70 763
96 69 763
36 106 767
76 105 767
107 104 767
133 103 767
79 149 769
80 76 769
115 74 769
139 73 769
54 148 774
104 147 774
137 146 774
144 145 774
41 141 775
56 140 775
94 139 775
112 134 775
37 60 782
69 59 782
76 58 782
118 57 782
22 147 783
29 146 783
40 145 783
123 144 783
22 82 785
45 81 785
87 80 785
131 79 785
0 123 793
6 122 793
71 121 793
124 120 793
44 28 816
53 27 816
69 26 816
134 25 816
