72 131 61
131 129 61
53 78 112
73 77 112
100 128 175
120 127 175
41 30 252
88 28 252
46 15 333
88 14 333
7 138 408
41 137 408
82 55 409
119 46 409
86 122 496
136 121 496
40 96 532
110 0 532
16 94 579
101 92 579
53 7 593
145 6 593
1 140 608
65 139 608
44 61 615
53 60 615
105 96 621
142 75 621
33 116 644
126 115 644
15 144 660
60 143 660
17 71 688
42 70 688
100 133 721
126 113 721
16 71 723
42 70 723
27 32 725
150 31 725
11 70 751
70 69 751
51 84 778
96 83 778
27 128 808
63 127 808
18 15 816
54 14 816
53 104 876
66 103 876
90 32 905
133 31 905
81 148 933
115 147 933
7 123 938
85 122 938
126 116 943
132 115 943
120 88 946
128 87 946
57 104 954
142 103 954
75 131 958
108 129 958
25 131 996
82 129 996
36 98 1001
74 97 1001
37 122 1003
44 121 1003
11 146 1033
111 145 1033
6 144 1055
92 143 1055
20 68 1066
33 67 1066
38 65 1103
76 64 1103
5 110 1127
88 109 1127
121 67 1138
122 66 1138
79 98 1143
113 97 1143
53 100 1169
114 99 1169
17 72 1238
33 71 1238
63 127 1241
69 126 1241
62 34 1242
108 33 1242
56 96 1245
122 75 1245
71 34 1281
149 33 1281
78 108 1285
112 107 1285
36 100 1343
53 99 1343
1 58 1344
136 57 1344
33 63 1347
143 62 1347
76 24 1354
88 23 1354
9 135 1368
123 134 1368
46 102 1420
76 96 1420
102 135 1422
113 134 1422
76 5 1434
100 4 1434
3 149 1448
113 131 1448
31 117 1451
131 116 1451
81 80 1465
130 79 1465
48 123 1474
110 122 1474
23 61 1487
139 60 1487
125 92 1588
142 77 1588
14 143 1621
15 142 1621
9 139 1626
53 138 1626
32 28 1633
134 21 1633
48 90 1672
113 89 1672
99 147 1715
145 146 1715
47 100 1717
136 99 1717
43 12 1728
70 11 1728
59 88 1744
92 87 1744
63 68 1749
71 67 1749
133 7 1751
146 6 1751
20 79 1754
48 78 1754
30 5 1758
114 4 1758
65 130 1770
117 115 1770
21 130 1783
81 115 1783
14 102 1790
146 101 1790
49 140 1801
138 139 1801
78 53 1802
88 52 1802
75 82 1810
84 81 1810
88 112 1826
99 111 1826
0 96 1829
1 0 1829
60 78 1830
127 77 1830
51 35 1849
133 34 1849
5 36 1852
95 35 1852
139 51 1854
142 50 1854
8 120 1859
12 119 1859
9 136 1877
120 135 1877
22 67 1886
89 66 1886
43 144 1887
129 143 1887
19 14 1889
140 13 1889
88 148 1897
146 147 1897
11 136 1899
31 135 1899
43 19 1900
74 18 1900
127 142 1903
146 141 1903
104 31 1912
150 30 1912
24 49 1925
30 48 1925
113 117 1942
121 116 1942
15 96 1943
24 75 1943
55 107 1956
76 106 1956
53 147 1968
56 146 1968
72 102 1974
78 101 1974
107 33 1985
141 32 1985
52 15 1993
94 14 1993
72 33 2021
99 32 2021
57 32 2031
125 31 2031
119 126 2056
129 125 2056
2 70 2062
104 69 2062
67 138 2064
136 137 2064
29 67 2066
105 65 2066
11 70 2091
112 69 2091
30 102 2092
134 101 2092
148 149 2096
149 131 2096
8 49 2102
70 48 2102
59 112 2105
119 111 2105
20 52 2115
99 51 2115
10 97 2118
134 0 2118
5 133 2127
78 113 2127
101 68 2134
132 67 2134
99 127 2139
135 126 2139
21 2 2141
46 1 2141
22 53 2151
96 52 2151
80 148 2155
107 147 2155
86 135 2166
92 134 2166
0 52 2173
120 51 2173
69 130 2174
116 114 2174
10 2 2177
36 1 2177
45 98 2178
111 97 2178
94 51 2180
150 50 2180
51 61 2185
79 60 2185
42 108 2186
133 107 2186
33 64 2187
36 63 2187
102 46 2190
104 45 2190
3 147 2199
42 146 2199
70 24 2201
80 23 2201
76 75 2203
80 73 2203
14 12 2216
42 11 2216
57 80 2236
128 79 2236
70 127 2261
108 126 2261
25 2 2308
141 1 2308
62 101 2334
93 100 2334
38 68 2381
48 67 2381
120 66 2415
141 65 2415
0 142 2491
18 141 2491
86 87 2498
87 88 2498
34 67 2541
42 65 2541
32 84 2547
55 83 2547
129 16 2592
140 15 2592
19 79 2601
108 78 2601
99 44 2604
149 43 2604
106 61 2612
134 60 2612
0 50 2614
78 49 2614
30 15 2615
134 9 2615
105 35 2627
150 34 2627
66 7 2637
72 6 2637
16 11 2647
149 10 2647
131 114 2653
144 113 2653
10 140 2677
11 139 2677
14 4 2682
90 3 2682
96 23 2714
110 21 2714
68 15 2717
130 14 2717
15 114 2720
150 113 2720
36 97 2722
71 0 2722
71 149 2751
98 131 2751
125 34 2752
131 33 2752
89 123 2764
106 122 2764
1 82 2782
105 81 2782
17 51 2786
139 50 2786
16 32 2788
74 31 2788
35 30 2803
87 29 2803
23 4 2810
26 3 2810
91 41 2813
140 40 2813
63 65 2816
146 64 2816
44 5 2820
47 4 2820
80 30 2832
133 29 2832
25 148 2840
78 133 2840
102 147 2844
134 146 2844
71 78 2848
106 77 2848
16 147 2855
147 146 2855
66 139 2899
77 138 2899
0 147 2906
44 146 2906
53 101 2917
127 100 2917
102 138 2922
117 137 2922
22 99 2943
122 98 2943
91 13 2947
131 12 2947
0 5 2948
109 4 2948
21 80 2978
92 79 2978
57 90 2983
59 89 2983
52 141 3004
118 140 3004
95 119 3015
99 118 3015
12 64 3018
62 63 3018
46 13 3023
86 12 3023
18 5 3030
102 4 3030
59 27 3037
120 26 3037
42 62 3058
146 61 3058
71 61 3059
133 60 3059
4 123 3065
148 122 3065
115 148 3093
150 133 3093
54 78 3113
56 77 3113
11 112 3153
12 111 3153
0 13 3155
2 12 3155
81 15 3182
135 14 3182
78 107 3200
93 106 3200
2 15 3211
143 9 3211
26 99 3213
56 98 3213
59 61 3228
96 60 3228
64 117 3242
71 116 3242
7 87 3250
119 86 3250
0 19 3252
82 18 3252
120 139 3285
145 138 3285
92 101 3320
117 100 3320
64 90 3333
76 89 3333
8 28 3334
138 27 3334
78 20 3345
137 19 3345
118 26 3351
123 25 3351
9 84 3365
143 83 3365
76 130 3385
101 115 3385
46 130 3443
109 114 3443
5 78 3447
128 77 3447
7 145 3449
17 144 3449
13 24 3450
120 23 3450
21 128 3451
140 127 3451
2 59 3479
65 58 3479
42 12 3529
134 11 3529
87 99 3544
108 98 3544
25 14 3550
113 13 3550
59 35 3562
88 34 3562
138 25 3576
150 24 3576
17 7 3578
59 6 3578
39 122 3582
131 121 3582
17 58 3584
109 57 3584
30 71 3594
145 70 3594
50 112 3596
143 111 3596
1 110 3598
66 104 3598
2 123 3611
80 122 3611
33 28 3620
84 21 3620
19 78 3631
52 77 3631
37 120 3655
56 119 3655
108 72 3680
114 71 3680
54 72 3690
122 71 3690
40 104 3692
148 103 3692
61 92 3731
63 77 3731
145 61 3733
146 60 3733
94 128 3735
106 112 3735
97 130 3740
112 115 3740
27 62 3755
41 61 3755
39 146 3760
84 145 3760
34 121 3787
83 120 3787
67 25 3798
93 24 3798
16 36 3807
108 35 3807
21 31 3810
60 30 3810
75 26 3811
107 20 3811
5 27 3814
121 18 3814
10 89 3824
83 88 3824
71 128 3852
138 127 3852
22 67 3857
29 65 3857
37 30 3878
104 29 3878
54 99 3927
64 98 3927
14 61 3948
56 60 3948
1 100 3952
123 99 3952
3 63 3958
47 62 3958
0 148 3983
52 132 3983
23 125 4061
65 124 4061
49 52 4131
128 51 4131
131 50 4167
138 49 4167
113 146 4176
116 145 4176
21 67 4180
48 66 4180
18 126 4203
50 125 4203
16 100 4205
28 99 4205
29 24 4218
47 23 4218
140 133 4232
150 113 4232
86 94 4235
89 92 4235
18 137 4244
43 136 4244
109 120 4245
147 119 4245
20 98 4258
63 97 4258
2 124 4264
139 123 4264
47 91 4269
142 90 4269
36 24 4271
138 23 4271
9 4 4280
28 3 4280
23 79 4288
61 78 4288
21 133 4293
79 132 4293
58 31 4295
140 30 4295
59 106 4314
82 105 4314
7 78 4316
97 77 4316
86 23 4342
104 22 4342
130 52 4350
131 51 4350
6 24 4356
78 23 4356
26 112 4368
29 111 4368
85 63 4376
125 62 4376
17 15 4400
99 14 4400
46 109 4403
136 103 4403
32 29 4455
81 27 4455
31 95 4471
39 0 4471
30 146 4478
143 145 4478
47 110 4479
94 109 4479
12 33 4488
145 32 4488
139 140 4491
149 139 4491
41 145 4501
134 144 4501
121 66 4502
143 65 4502
91 61 4514
130 60 4514
37 96 4528
75 0 4528
74 27 4535
143 26 4535
11 51 4544
32 50 4544
132 59 4563
148 58 4563
64 62 4568
127 61 4568
12 31 4594
130 30 4594
21 139 4602
114 138 4602
106 13 4616
107 12 4616
39 117 4645
56 116 4645
55 128 4659
60 127 4659
109 92 4673
136 77 4673
86 49 4679
87 48 4679
94 102 4680
100 96 4680
26 136 4682
110 135 4682
116 97 4684
136 0 4684
50 35 4696
124 34 4696
82 31 4699
118 30 4699
49 107 4710
66 106 4710
21 128 4714
144 112 4714
85 99 4725
122 98 4725
15 105 4727
16 104 4727
0 135 4729
94 134 4729
33 136 4737
61 135 4737
41 51 4740
108 50 4740
79 69 4745
150 68 4745
104 107 4751
141 106 4751
88 147 4754
118 146 4754
23 79 4755
115 78 4755
23 109 4756
62 103 4756
10 105 4763
56 104 4763
47 34 4775
105 33 4775
51 32 4778
86 31 4778
20 133 4784
150 132 4784
26 72 4790
81 71 4790
13 130 4803
55 114 4803
11 13 4805
45 12 4805
8 125 4807
93 124 4807
69 114 4810
138 113 4810
25 120 4818
32 119 4818
8 137 4819
42 136 4819
45 109 4819
141 103 4819
3 142 4824
27 141 4824
35 119 4826
65 118 4826
27 148 4831
150 132 4831
47 27 4832
72 18 4832
28 57 4836
81 56 4836
63 116 4851
89 115 4851
65 19 4853
138 18 4853
120 123 4854
147 122 4854
4 123 4859
115 122 4859
148 70 4861
150 69 4861
52 123 4870
72 122 4870
120 83 4876
123 82 4876
43 15 4877
104 9 4877
100 68 4885
118 67 4885
9 149 4888
51 131 4888
29 131 4917
144 129 4917
33 5 4931
128 4 4931
7 28 4933
136 27 4933
78 50 4934
120 49 4934
61 49 4938
111 48 4938
3 95 4939
108 0 4939
78 109 4940
128 103 4940
14 69 4941
65 68 4941
77 141 4943
97 140 4943
70 59 4949
135 58 4949
95 65 4950
124 64 4950
1 24 4952
68 23 4952
43 78 4953
131 77 4953
52 47 4956
99 46 4956
67 123 4966
119 122 4966
127 124 4969
135 123 4969
37 51 4971
93 50 4971
16 47 4978
116 46 4978
56 31 4979
67 30 4979
4 2 4984
81 1 4984
88 121 4985
125 120 4985
84 83 4989
91 84 4989
31 106 4991
89 105 4991
15 2 4995
24 1 4995
30 71 5005
33 70 5005
41 61 5006
49 60 5006
107 144 5009
139 143 5009
141 20 5011
148 19 5011
75 106 5013
88 105 5013
54 46 5015
128 45 5015
120 27 5020
124 26 5020
36 5 5025
74 4 5025
53 60 5026
81 59 5026
3 5 5027
32 4 5027
84 25 5033
132 24 5033
101 5 5034
143 4 5034
100 119 5038
104 118 5038
11 30 5039
67 29 5039
50 67 5050
74 66 5050
2 75 5055
143 72 5055
10 138 5056
124 137 5056
13 78 5061
110 77 5061
1 136 5064
76 135 5064
14 41 5068
139 40 5068
16 44 5069
120 43 5069
4 6 5086
126 5 5086
13 147 5088
139 146 5088
35 148 5092
86 147 5092
29 49 5093
123 48 5093
92 125 5095
112 124 5095
22 136 5104
108 135 5104
144 24 5104
148 23 5104
85 106 5109
119 105 5109
68 101 5111
142 100 5111
54 65 5112
74 64 5112
42 89 5117
131 88 5117
137 98 5118
146 97 5118
10 101 5120
53 100 5120
41 124 5125
52 123 5125
114 25 5132
146 24 5132
26 139 5134
56 138 5134
47 105 5137
85 104 5137
56 79 5138
103 78 5138
42 49 5139
104 48 5139
122 142 5140
123 141 5140
7 71 5141
31 70 5141
64 30 5147
67 29 5147
49 117 5148
78 116 5148
113 107 5150
118 106 5150
16 30 5153
124 29 5153
18 121 5154
68 120 5154
39 34 5155
52 33 5155
31 58 5176
144 57 5176
32 97 5179
57 96 5179
102 91 5180
104 90 5180
111 148 5182
126 147 5182
58 123 5183
90 122 5183
31 13 5186
101 12 5186
97 11 5188
135 10 5188
111 55 5194
147 46 5194
55 89 5196
116 88 5196
11 6 5197
14 5 5197
69 114 5199
114 113 5199
48 33 5205
93 32 5205
41 119 5206
102 118 5206
24 135 5207
72 134 5207
19 58 5208
51 57 5208
22 36 5209
69 35 5209
7 144 5212
85 143 5212
54 19 5214
56 18 5214
24 62 5215
57 61 5215
26 138 5222
134 137 5222
19 12 5225
125 11 5225
18 143 5226
145 142 5226
87 24 5230
135 23 5230
2 66 5236
24 65 5236
2 23 5238
119 21 5238
6 97 5239
129 96 5239
104 146 5241
124 145 5241
36 78 5259
85 77 5259
51 12 5262
130 11 5262
57 15 5263
114 14 5263
22 51 5265
148 50 5265
3 60 5267
51 59 5267
78 95 5271
117 0 5271
24 137 5273
37 136 5273
69 56 5273
119 55 5273
35 63 5276
51 62 5276
80 49 5277
148 48 5277
5 70 5279
123 69 5279
69 12 5280
135 11 5280
42 119 5286
52 118 5286
8 59 5287
117 58 5287
10 84 5288
29 83 5288
65 87 5293
150 86 5293
46 108 5294
65 107 5294
32 133 5296
141 132 5296
1 138 5306
91 137 5306
22 137 5309
70 136 5309
75 56 5309
86 55 5309
74 135 5311
122 134 5311
55 16 5331
149 9 5331
88 98 5332
120 97 5332
11 128 5333
70 127 5333
32 23 5342
140 21 5342
44 59 5344
83 58 5344
59 60 5351
80 59 5351
13 78 5353
65 77 5353
32 109 5355
58 74 5355
35 145 5356
145 144 5356
31 70 5363
92 69 5363
58 148 5364
84 133 5364
2 75 5366
17 71 5366
32 82 5370
53 81 5370
38 32 5371
114 31 5371
52 109 5373
107 74 5373
26 32 5374
137 31 5374
13 66 5376
148 65 5376
67 94 5387
136 92 5387
112 87 5388
130 86 5388
117 147 5393
149 146 5393
83 28 5394
147 26 5394
102 139 5407
123 138 5407
21 2 5408
32 1 5408
4 49 5410
133 48 5410
15 136 5412
58 135 5412
66 24 5412
78 23 5412
47 97 5415
135 96 5415
41 101 5421
50 100 5421
39 147 5423
91 146 5423
3 47 5424
59 3 5424
5 84 5425
32 83 5425
18 109 5428
143 108 5428
82 47 5431
140 3 5431
4 59 5432
59 58 5432
48 15 5439
125 14 5439
76 138 5440
139 137 5440
22 84 5442
85 83 5442
80 63 5470
127 62 5470
94 20 5471
95 19 5471
10 52 5472
77 51 5472
22 7 5477
106 6 5477
14 95 5478
30 0 5478
75 125 5485
95 124 5485
136 24 5489
146 23 5489
20 16 5490
104 15 5490
2 147 5491
140 146 5491
18 121 5492
40 120 5492
110 144 5493
120 143 5493
58 106 5500
69 105 5500
68 12 5505
137 11 5505
123 65 5510
139 64 5510
70 97 5513
102 96 5513
14 24 5564
75 23 5564
19 96 5586
116 0 5586
63 148 5587
137 132 5587
89 135 5588
96 134 5588
73 117 5595
78 116 5595
39 108 5616
99 107 5616
11 110 5628
123 104 5628
50 116 5636
106 115 5636
33 67 5637
76 66 5637
74 108 5640
128 107 5640
13 34 5641
118 33 5641
2 98 5660
108 97 5660
58 116 5663
79 115 5663
55 90 5677
90 91 5677
24 33 5678
118 32 5678
109 128 5684
141 127 5684
17 29 5685
99 27 5685
51 98 5719
104 97 5719
70 34 5731
126 33 5731
101 111 5736
114 110 5736
7 66 5746
101 65 5746
34 122 5748
114 121 5748
40 32 5754
59 31 5754
67 137 5755
132 136 5755
47 16 5763
145 15 5763
23 71 5768
99 70 5768
83 111 5772
138 110 5772
22 75 5776
55 72 5776
27 89 5780
82 88 5780
61 137 5782
70 136 5782
128 109 5782
135 103 5782
49 97 5784
56 96 5784
110 78 5803
134 77 5803
74 68 5805
117 67 5805
46 14 5810
94 13 5810
97 141 5818
103 140 5818
1 148 5825
119 147 5825
19 144 5827
91 143 5827
6 125 5828
133 124 5828
2 60 5830
85 59 5830
2 16 5831
137 15 5831
31 24 5839
82 23 5839
9 11 5851
78 10 5851
73 138 5854
91 137 5854
36 121 5857
49 120 5857
94 26 5869
100 20 5869
19 84 5881
27 83 5881
31 70 5882
32 69 5882
0 46 5884
28 45 5884
16 28 5889
42 26 5889
18 49 5903
95 48 5903
22 103 5908
103 104 5908
94 99 5922
109 98 5922
24 109 5932
75 108 5932
19 23 5950
131 22 5950
93 23 5951
100 22 5951
49 79 5964
74 78 5964
3 28 5977
51 27 5977
130 120 6002
131 119 6002
137 141 6003
145 140 6003
37 109 6004
94 74 6004
64 148 6005
124 147 6005
16 120 6006
39 119 6006
94 58 6008
134 57 6008
17 119 6013
82 118 6013
62 41 6015
99 40 6015
56 64 6019
84 63 6019
37 58 6021
128 57 6021
2 62 6022
79 61 6022
3 116 6029
57 115 6029
120 82 6035
124 81 6035
13 122 6042
93 121 6042
63 88 6045
69 87 6045
128 146 6063
147 145 6063
54 139 6071
140 138 6071
121 90 6072
146 89 6072
75 71 6075
126 75 6075
32 108 6080
62 107 6080
57 61 6081
114 60 6081
17 4 6083
104 3 6083
39 34 6084
72 33 6084
10 123 6086
19 122 6086
25 2 6087
64 1 6087
129 46 6093
144 45 6093
7 20 6105
118 19 6105
36 137 6106
99 136 6106
39 26 6117
58 25 6117
32 16 6118
149 9 6118
6 57 6122
37 56 6122
18 97 6129
82 96 6129
0 32 6140
18 31 6140
38 83 6147
79 82 6147
45 75 6175
138 73 6175
21 30 6200
84 28 6200
108 98 6204
143 97 6204
45 72 6205
144 71 6205
95 89 6218
139 88 6218
108 65 6231
121 64 6231
90 83 6256
98 82 6256
47 79 6272
108 78 6272
81 46 6280
133 45 6280
53 67 6298
138 66 6298
69 124 6321
93 123 6321
107 87 6325
126 86 6325
125 109 6338
132 103 6338
76 123 6406
141 122 6406
110 6 6408
127 5 6408
