15 67 0
80 65 0
86 25 0
104 24 0
68 118 1
84 117 1
102 26 1
129 25 1
10 118 2
16 117 2
39 26 2
89 25 2
44 67 3
74 65 3
129 25 3
132 24 3
2 67 4
53 65 4
132 25 4
148 24 4
11 67 5
39 65 5
49 25 5
71 24 5
26 67 6
68 65 6
86 25 6
149 24 6
60 67 7
123 65 7
127 25 7
130 24 7
48 67 8
128 65 8
145 25 8
150 24 8
22 67 9
53 65 9
60 25 9
120 24 9
14 118 10
38 117 10
74 26 10
134 25 10
8 67 11
65 24 11
70 65 11
109 25 11
30 67 12
65 24 12
93 65 12
99 25 12
28 67 13
35 65 13
123 25 13
128 24 13
3 50 14
3 51 14
44 37 14
44 38 14
55 50 14
55 51 14
62 37 14
62 38 14
28 67 15
88 65 15
92 25 15
118 24 15
0 42 16
0 45 16
0 47 16
1 98 16
1 99 16
2 96 16
2 97 16
5 86 16
5 94 16
6 84 16
6 85 16
11 82 16
11 83 16
12 71 16
12 73 16
12 74 16
13 150 16
14 78 16
14 79 16
18 144 16
20 75 16
20 76 16
22 24 16
22 25 16
24 16 16
24 20 16
26 73 16
26 74 16
27 13 16
27 15 16
28 143 16
30 8 16
30 10 16
32 6 16
32 7 16
34 71 16
34 72 16
35 3 16
35 5 16
37 143 16
37 144 16
37 5 16
37 6 16
40 68 16
40 69 16
41 66 16
41 67 16
43 140 16
46 139 16
47 150 16
47 0 16
48 64 16
48 66 16
48 67 16
52 63 16
52 64 16
53 60 16
53 61 16
54 58 16
54 59 16
55 125 16
55 127 16
55 136 16
55 137 16
55 15 16
55 16 16
56 138 16
57 143 16
57 144 16
58 137 16
59 136 16
61 139 16
61 140 16
62 56 16
62 57 16
63 125 16
63 127 16
63 136 16
63 137 16
64 137 16
64 138 16
66 135 16
66 136 16
67 125 16
67 127 16
67 63 16
67 79 16
69 131 16
69 132 16
70 47 16
70 49 16
74 127 16
74 130 16
75 135 16
77 132 16
78 119 16
78 125 16
80 131 16
82 36 16
82 37 16
82 38 16
84 130 16
85 113 16
85 118 16
86 127 16
91 125 16
94 108 16
94 112 16
96 119 16
97 98 16
97 103 16
99 118 16
100 97 16
100 104 16
101 16 16
101 20 16
101 22 16
101 24 16
102 44 16
102 45 16
104 86 16
104 96 16
107 38 16
107 42 16
110 7 16
110 10 16
110 13 16
110 15 16
111 36 16
111 37 16
113 67 16
113 103 16
113 104 16
113 118 16
114 117 16
116 32 16
116 35 16
119 30 16
119 31 16
119 32 16
120 115 16
121 113 16
123 30 16
123 31 16
125 82 16
125 85 16
128 112 16
132 108 16
133 57 16
133 60 16
133 63 16
135 104 16
139 78 16
139 79 16
140 103 16
142 28 16
142 29 16
143 100 16
144 75 16
144 76 16
146 125 16
146 127 16
146 63 16
146 103 16
146 104 16
146 118 16
147 22 16
147 27 16
69 118 17
76 117 17
108 26 17
109 25 17
0 65 18
0 66 18
0 73 18
0 74 18
0 76 18
1 113 18
1 114 18
2 110 18
2 112 18
4 55 18
4 56 18
4 59 18
5 150 18
6 148 18
7 16 18
7 17 18
7 19 18
7 20 18
8 145 18
9 107 18
9 109 18
10 105 18
10 106 18
11 52 18
11 53 18
11 54 18
12 103 18
12 104 18
13 101 18
13 102 18
15 98 18
15 100 18
16 48 18
16 49 18
16 51 18
17 144 18
18 96 18
18 97 18
20 4 18
20 5 18
20 8 18
20 9 18
23 0 18
23 1 18
23 2 18
23 3 18
24 36 18
24 45 18
24 46 18
24 48 18
24 60 18
25 94 18
25 95 18
26 92 18
26 93 18
27 90 18
27 91 18
28 74 18
28 76 18
28 77 18
29 66 18
29 72 18
29 73 18
30 88 18
30 89 18
31 143 18
32 142 18
33 141 18
35 86 18
35 87 18
36 84 18
36 85 18
37 81 18
37 82 18
38 140 18
40 139 18
41 79 18
41 80 18
42 45 18
42 46 18
42 65 18
42 66 18
42 73 18
42 74 18
43 77 18
43 78 18
44 74 18
44 76 18
46 72 18
46 73 18
47 138 18
48 70 18
48 71 18
49 46 18
49 48 18
50 67 18
50 68 18
51 143 18
51 144 18
51 145 18
51 150 18
52 137 18
54 44 18
54 45 18
55 42 18
55 43 18
56 39 18
56 41 18
57 65 18
57 66 18
58 136 18
60 37 18
60 38 18
61 35 18
61 36 18
64 62 18
64 63 18
65 32 18
65 33 18
68 26 18
68 30 18
70 24 18
70 25 18
72 22 18
72 23 18
73 20 18
73 21 18
74 18 18
74 19 18
75 135 18
76 16 18
76 17 18
77 14 18
77 15 18
78 12 18
78 13 18
79 10 18
79 11 18
80 8 18
80 9 18
81 5 18
81 6 18
83 45 18
83 46 18
83 112 18
83 135 18
83 17 18
83 36 18
85 135 18
85 150 18
85 16 18
85 17 18
85 19 18
86 134 18
87 3 18
87 4 18
88 112 18
88 128 18
88 135 18
88 140 18
90 133 18
91 1 18
91 2 18
92 10 18
92 11 18
92 14 18
92 15 18
93 41 18
93 42 18
93 43 18
95 150 18
95 0 18
96 128 18
97 37 18
97 38 18
97 39 18
98 144 18
98 145 18
100 80 18
100 87 18
100 89 18
100 96 18
100 103 18
101 142 18
101 143 18
102 139 18
102 140 18
103 137 18
103 138 18
104 135 18
104 136 18
105 128 18
105 134 18
106 127 18
107 126 18
108 60 18
108 61 18
109 126 18
109 127 18
110 124 18
110 125 18
111 60 18
111 63 18
111 65 18
112 122 18
112 123 18
113 119 18
113 120 18
115 112 18
115 113 18
116 106 18
116 110 18
117 56 18
117 59 18
118 125 18
119 33 18
119 35 18
119 36 18
120 101 18
120 103 18
121 115 18
121 116 18
124 73 18
124 74 18
124 76 18
124 80 18
124 112 18
125 45 18
125 46 18
125 60 18
125 65 18
125 66 18
126 97 18
126 98 18
127 95 18
127 96 18
128 93 18
128 94 18
129 54 18
129 55 18
130 124 18
132 123 18
133 44 18
133 45 18
133 46 18
134 121 18
135 120 18
136 119 18
137 90 18
137 91 18
138 88 18
138 89 18
139 118 18
140 86 18
140 87 18
142 24 18
142 26 18
142 30 18
143 21 18
143 22 18
143 23 18
144 116 18
145 81 18
145 85 18
146 122 18
147 52 18
147 53 18
148 115 18
149 49 18
149 51 18
150 78 18
150 80 18
0 10 19
0 11 19
0 14 19
0 15 19
1 150 19
2 113 19
2 114 19
3 148 19
5 110 19
5 112 19
6 145 19
7 107 19
7 109 19
9 105 19
9 106 19
11 103 19
11 104 19
12 101 19
12 102 19
13 45 19
13 46 19
13 112 19
13 135 19
13 17 19
13 36 19
14 98 19
14 100 19
15 96 19
15 97 19
17 4 19
17 5 19
17 8 19
17 9 19
19 94 19
19 95 19
22 92 19
22 93 19
23 90 19
23 91 19
24 88 19
24 89 19
25 86 19
25 87 19
26 65 19
26 66 19
26 73 19
26 74 19
26 76 19
27 74 19
27 76 19
27 77 19
28 84 19
28 85 19
29 81 19
29 82 19
31 79 19
31 80 19
32 144 19
34 77 19
34 78 19
36 73 19
36 74 19
36 76 19
36 80 19
36 112 19
37 74 19
37 76 19
38 72 19
38 73 19
39 70 19
39 71 19
41 143 19
42 36 19
42 45 19
42 46 19
42 48 19
42 60 19
43 67 19
43 68 19
44 42 19
44 43 19
45 142 19
46 39 19
46 41 19
47 141 19
48 37 19
48 38 19
49 35 19
49 36 19
50 65 19
50 66 19
51 32 19
51 33 19
52 0 19
52 1 19
52 2 19
52 3 19
53 26 19
53 30 19
54 140 19
55 24 19
55 25 19
56 22 19
56 23 19
58 66 19
58 72 19
58 73 19
59 20 19
59 21 19
60 18 19
60 19 19
61 139 19
62 138 19
63 137 19
64 62 19
64 63 19
65 16 19
65 17 19
66 44 19
66 45 19
66 46 19
67 136 19
68 80 19
68 87 19
68 89 19
68 96 19
68 103 19
69 60 19
69 61 19
70 14 19
70 15 19
71 12 19
71 13 19
72 10 19
72 11 19
73 8 19
73 9 19
74 135 19
75 134 19
76 143 19
76 144 19
76 145 19
76 150 19
77 41 19
77 42 19
77 43 19
78 37 19
78 38 19
78 39 19
80 5 19
80 6 19
81 133 19
82 3 19
82 4 19
83 56 19
83 59 19
84 128 19
85 1 19
85 2 19
86 127 19
87 150 19
87 0 19
89 144 19
89 145 19
90 142 19
90 143 19
92 52 19
92 53 19
92 54 19
93 139 19
93 140 19
97 137 19
97 138 19
98 135 19
98 136 19
99 54 19
99 55 19
100 128 19
100 134 19
101 126 19
101 127 19
102 126 19
103 125 19
104 124 19
104 125 19
105 124 19
106 122 19
106 123 19
107 48 19
107 49 19
107 51 19
108 52 19
108 53 19
109 119 19
109 120 19
110 123 19
111 60 19
111 63 19
111 65 19
112 33 19
112 35 19
112 36 19
113 112 19
113 115 19
115 106 19
115 110 19
116 135 19
116 150 19
116 16 19
116 17 19
116 19 19
117 49 19
117 51 19
119 122 19
121 119 19
122 24 19
122 26 19
122 30 19
123 112 19
123 128 19
123 135 19
123 140 19
124 118 19
126 101 19
126 103 19
127 97 19
127 98 19
128 95 19
128 96 19
129 55 19
129 56 19
129 59 19
130 46 19
130 48 19
132 16 19
132 17 19
132 19 19
132 20 19
134 45 19
134 46 19
134 65 19
134 66 19
134 73 19
134 74 19
135 93 19
135 94 19
136 21 19
136 22 19
136 23 19
137 90 19
137 91 19
138 88 19
138 89 19
139 86 19
139 87 19
140 81 19
140 85 19
141 116 19
143 78 19
143 80 19
145 45 19
145 46 19
145 60 19
145 65 19
145 66 19
146 121 19
147 120 19
148 113 19
148 116 19
149 44 19
149 45 19
150 115 19
10 62 20
36 61 20
49 42 20
49 43 20
72 3 20
72 4 20
88 61 20
88 62 20
131 3 20
131 4 20
1 98 21
1 99 21
2 71 21
2 73 21
2 74 21
3 96 21
3 97 21
4 86 21
4 94 21
6 84 21
6 85 21
8 143 21
8 144 21
8 5 21
8 6 21
10 82 21
10 83 21
13 150 21
15 42 21
15 45 21
15 47 21
16 20 21
16 22 21
20 144 21
22 143 21
23 78 21
23 79 21
27 140 21
36 13 21
36 15 21
38 125 21
38 127 21
38 136 21
38 137 21
40 139 21
41 75 21
41 76 21
44 8 21
44 10 21
45 6 21
45 7 21
46 73 21
46 74 21
49 3 21
49 5 21
50 138 21
52 71 21
52 72 21
54 68 21
54 69 21
55 66 21
55 67 21
58 137 21
59 150 21
59 0 21
63 125 21
63 127 21
63 67 21
63 79 21
64 36 21
64 37 21
64 38 21
65 136 21
68 143 21
68 144 21
69 139 21
69 140 21
72 135 21
73 137 21
73 138 21
74 132 21
80 63 21
80 64 21
81 60 21
81 61 21
82 131 21
85 135 21
85 136 21
86 63 21
86 103 21
86 104 21
86 118 21
87 58 21
87 59 21
88 16 21
88 20 21
88 22 21
88 24 21
89 56 21
89 57 21
90 130 21
92 125 21
92 127 21
92 136 21
92 137 21
92 15 21
92 16 21
93 127 21
95 47 21
95 49 21
96 131 21
96 132 21
97 127 21
97 130 21
100 125 21
101 44 21
101 45 21
102 38 21
102 42 21
103 119 21
103 125 21
104 113 21
104 118 21
105 119 21
106 36 21
106 37 21
109 64 21
109 66 21
109 67 21
114 32 21
114 35 21
116 118 21
117 108 21
117 112 21
119 103 21
119 104 21
121 117 21
122 30 21
122 31 21
123 115 21
124 57 21
124 60 21
124 63 21
126 113 21
127 103 21
128 28 21
128 29 21
130 97 21
130 98 21
132 86 21
132 96 21
133 25 21
133 27 21
134 112 21
135 30 21
135 31 21
135 32 21
137 82 21
137 85 21
140 100 21
144 78 21
144 79 21
145 7 21
145 10 21
145 13 21
145 15 21
146 108 21
147 125 21
147 127 21
147 63 21
147 103 21
147 104 21
147 118 21
148 104 21
149 16 21
149 24 21
150 75 21
150 76 21
0 150 22
2 16 22
2 20 22
2 22 22
2 24 22
3 98 22
3 99 22
5 96 22
5 97 22
6 144 22
7 143 22
8 86 22
8 94 22
9 84 22
9 85 22
10 82 22
10 83 22
11 140 22
14 139 22
15 78 22
15 79 22
18 75 22
18 76 22
21 138 22
23 137 22
25 125 22
25 127 22
25 136 22
25 137 22
29 13 22
29 15 22
30 8 22
30 10 22
31 6 22
31 7 22
34 73 22
34 74 22
35 136 22
36 135 22
37 3 22
37 5 22
38 132 22
41 71 22
41 72 22
44 131 22
45 130 22
48 68 22
48 69 22
49 79 22
49 103 22
49 104 22
49 118 22
50 66 22
50 67 22
52 63 22
52 64 22
54 71 22
54 73 22
54 74 22
55 127 22
60 125 22
63 125 22
63 127 22
63 103 22
63 104 22
63 118 22
63 136 22
66 150 22
66 0 22
67 143 22
67 144 22
68 139 22
68 140 22
69 137 22
69 138 22
70 60 22
70 61 22
71 135 22
71 136 22
72 131 22
72 132 22
74 127 22
74 130 22
78 119 22
78 125 22
82 119 22
84 113 22
84 118 22
85 118 22
87 117 22
90 58 22
90 59 22
91 56 22
91 57 22
95 7 22
95 10 22
95 13 22
95 15 22
96 36 22
96 37 22
96 38 22
97 108 22
97 112 22
99 115 22
101 47 22
101 49 22
103 30 22
103 31 22
103 32 22
105 44 22
105 45 22
109 113 22
110 38 22
110 42 22
113 104 22
114 36 22
114 37 22
116 32 22
116 35 22
118 103 22
118 104 22
119 97 22
119 98 22
120 30 22
120 31 22
121 28 22
121 29 22
123 64 22
123 66 22
123 67 22
124 57 22
124 60 22
124 63 22
126 112 22
127 86 22
127 96 22
129 25 22
129 27 22
131 82 22
131 85 22
132 125 22
132 127 22
132 63 22
132 137 22
132 15 22
132 16 22
133 42 22
133 45 22
133 47 22
134 22 22
134 24 22
136 103 22
138 100 22
140 125 22
140 127 22
140 63 22
140 67 22
143 78 22
143 79 22
144 75 22
144 76 22
145 143 22
145 144 22
145 5 22
145 6 22
148 16 22
148 20 22
149 108 22
1 113 23
1 114 23
2 150 23
3 80 23
3 87 23
3 89 23
3 96 23
3 103 23
4 148 23
5 60 23
5 63 23
5 65 23
6 145 23
7 110 23
7 112 23
8 107 23
8 109 23
9 105 23
9 106 23
10 55 23
10 56 23
10 59 23
11 103 23
11 104 23
12 101 23
12 102 23
13 98 23
13 100 23
14 96 23
14 97 23
15 52 23
15 53 23
15 54 23
16 144 23
17 143 23
18 142 23
19 94 23
19 95 23
20 92 23
20 93 23
21 10 23
21 11 23
21 14 23
21 15 23
22 90 23
22 91 23
23 48 23
23 49 23
23 51 23
24 88 23
24 89 23
25 86 23
25 87 23
26 84 23
26 85 23
27 81 23
27 82 23
29 79 23
29 80 23
30 77 23
30 78 23
31 74 23
31 76 23
33 65 23
33 66 23
33 73 23
33 74 23
33 76 23
35 72 23
35 73 23
36 70 23
36 71 23
37 35 23
37 36 23
38 32 23
38 33 23
39 26 23
39 30 23
40 67 23
40 68 23
43 24 23
43 25 23
44 22 23
44 23 23
45 20 23
45 21 23
46 141 23
47 74 23
47 76 23
47 77 23
48 45 23
48 46 23
48 65 23
48 66 23
48 73 23
48 74 23
49 140 23
51 139 23
52 18 23
52 19 23
53 138 23
55 137 23
56 16 23
56 17 23
57 65 23
57 66 23
58 62 23
58 63 23
59 14 23
59 15 23
60 45 23
60 46 23
60 65 23
60 66 23
60 73 23
61 12 23
61 13 23
64 60 23
64 61 23
65 136 23
66 41 23
66 42 23
66 43 23
67 10 23
67 11 23
68 135 23
69 56 23
69 59 23
70 134 23
71 133 23
72 8 23
72 9 23
73 5 23
73 6 23
74 4 23
74 5 23
74 8 23
74 9 23
75 66 23
75 72 23
75 73 23
77 128 23
79 3 23
79 4 23
80 1 23
80 2 23
81 150 23
81 0 23
82 144 23
82 145 23
84 142 23
84 143 23
85 127 23
86 45 23
86 46 23
86 112 23
86 135 23
86 17 23
86 36 23
89 37 23
89 38 23
89 39 23
90 0 23
90 1 23
90 2 23
90 3 23
91 139 23
91 140 23
92 44 23
92 45 23
92 46 23
93 137 23
93 138 23
94 135 23
94 136 23
96 126 23
97 125 23
98 128 23
98 134 23
99 54 23
99 55 23
100 126 23
100 127 23
101 124 23
101 125 23
102 124 23
105 122 23
105 123 23
106 33 23
106 35 23
106 36 23
107 123 23
108 52 23
108 53 23
109 16 23
109 17 23
109 19 23
109 20 23
110 122 23
111 49 23
111 51 23
112 121 23
113 106 23
113 110 23
114 120 23
115 101 23
115 103 23
116 36 23
116 45 23
116 46 23
116 48 23
116 60 23
118 119 23
118 120 23
119 97 23
119 98 23
120 118 23
122 24 23
122 26 23
122 30 23
123 135 23
123 150 23
123 16 23
123 17 23
123 19 23
124 95 23
124 96 23
127 93 23
127 94 23
128 116 23
129 46 23
129 48 23
131 44 23
131 45 23
132 119 23
133 115 23
133 116 23
134 143 23
134 144 23
134 145 23
134 150 23
135 21 23
135 22 23
135 23 23
137 90 23
137 91 23
138 88 23
138 89 23
139 112 23
139 128 23
139 135 23
139 140 23
140 86 23
140 87 23
142 81 23
142 85 23
143 115 23
144 78 23
144 80 23
145 60 23
145 74 23
145 76 23
145 80 23
145 112 23
146 42 23
146 43 23
147 39 23
147 41 23
148 112 23
148 113 23
149 37 23
149 38 23
0 136 24
0 137 24
1 133 24
1 135 24
2 131 24
2 132 24
3 128 24
3 129 24
4 126 24
4 127 24
5 123 24
5 125 24
6 120 24
6 121 24
7 150 24
8 116 24
8 118 24
8 120 24
9 61 24
9 62 24
9 63 24
9 64 24
10 57 24
10 58 24
10 59 24
10 64 24
10 65 24
10 73 24
11 57 24
11 58 24
11 59 24
11 60 24
12 118 24
12 119 24
13 52 24
13 53 24
13 55 24
13 56 24
15 116 24
15 117 24
16 113 24
16 114 24
16 115 24
17 45 24
17 46 24
17 47 24
17 50 24
18 32 24
18 33 24
18 37 24
18 45 24
18 47 24
18 56 24
19 114 24
19 115 24
20 149 24
21 112 24
21 113 24
22 110 24
22 111 24
24 87 24
24 88 24
24 89 24
24 90 24
26 108 24
26 109 24
27 21 24
27 22 24
27 23 24
27 25 24
28 105 24
28 106 24
29 103 24
29 104 24
30 101 24
30 102 24
31 148 24
33 16 24
33 17 24
33 18 24
33 19 24
34 99 24
34 100 24
35 97 24
35 98 24
36 95 24
36 96 24
37 147 24
39 82 24
39 84 24
39 85 24
39 86 24
40 11 24
40 13 24
40 14 24
40 15 24
41 7 24
41 8 24
41 9 24
41 10 24
42 109 24
42 110 24
42 112 24
43 93 24
43 94 24
44 76 24
44 78 24
44 79 24
44 80 24
45 91 24
45 92 24
47 105 24
47 106 24
47 108 24
48 146 24
49 38 24
49 40 24
49 41 24
49 42 24
50 0 24
50 3 24
50 4 24
50 5 24
51 70 24
51 73 24
51 74 24
51 75 24
52 145 24
53 89 24
53 90 24
55 103 24
55 105 24
55 110 24
55 113 24
55 121 24
57 100 24
57 103 24
57 104 24
58 87 24
58 88 24
59 85 24
59 86 24
60 82 24
60 84 24
61 79 24
61 80 24
62 76 24
62 78 24
63 62 24
63 64 24
64 59 24
64 65 24
64 67 24
64 73 24
65 47 24
65 56 24
65 57 24
65 58 24
66 60 24
66 61 24
67 58 24
67 59 24
69 126 24
69 127 24
69 128 24
70 56 24
70 57 24
71 121 24
71 123 24
71 125 24
72 144 24
74 54 24
74 55 24
75 52 24
75 53 24
76 49 24
76 50 24
78 137 24
78 143 24
78 145 24
78 146 24
79 47 24
79 48 24
81 74 24
81 75 24
82 32 24
82 33 24
82 37 24
82 45 24
83 72 24
83 73 24
84 45 24
84 46 24
85 41 24
85 42 24
86 94 24
86 98 24
86 99 24
87 38 24
87 40 24
88 36 24
88 37 24
89 143 24
90 142 24
91 64 24
91 65 24
91 14 24
91 105 24
91 110 24
91 136 24
91 0 24
91 47 24
92 21 24
92 23 24
92 25 24
92 27 24
94 95 24
94 96 24
94 97 24
96 64 24
96 65 24
96 17 24
96 21 24
96 25 24
96 27 24
97 141 24
100 34 24
100 35 24
101 32 24
101 33 24
104 64 24
104 65 24
104 14 24
104 105 24
104 110 24
104 136 24
104 0 24
104 3 24
107 68 24
107 70 24
109 123 24
109 127 24
109 131 24
109 136 24
110 28 24
110 31 24
111 34 24
111 35 24
111 36 24
111 37 24
112 25 24
112 27 24
113 13 24
113 14 24
113 16 24
113 17 24
114 108 24
114 110 24
114 113 24
114 121 24
115 22 24
115 23 24
116 19 24
116 21 24
117 17 24
117 18 24
118 15 24
118 16 24
120 13 24
120 14 24
121 10 24
121 11 24
122 66 24
122 67 24
123 8 24
123 9 24
124 139 24
125 97 24
125 98 24
125 103 24
125 105 24
126 5 24
126 7 24
128 3 24
128 4 24
129 91 24
129 92 24
129 94 24
129 96 24
130 63 24
130 65 24
131 150 24
131 0 24
132 148 24
132 149 24
134 65 24
134 66 24
134 67 24
134 68 24
135 27 24
135 28 24
135 32 24
135 33 24
136 3 24
136 4 24
136 7 24
136 11 24
137 143 24
137 145 24
137 146 24
137 0 24
138 146 24
138 147 24
139 90 24
139 91 24
139 94 24
139 96 24
139 98 24
140 138 24
141 142 24
141 145 24
142 143 24
142 144 24
143 123 24
143 127 24
143 136 24
143 137 24
144 91 24
144 92 24
144 93 24
145 64 24
145 65 24
145 4 24
145 11 24
145 14 24
145 16 24
146 138 24
146 139 24
147 64 24
147 82 24
147 87 24
147 90 24
148 136 24
148 137 24
149 132 24
149 133 24
150 129 24
150 131 24
0 113 25
0 114 25
1 65 25
1 66 25
1 73 25
1 74 25
1 76 25
2 150 25
3 110 25
3 112 25
4 148 25
6 145 25
7 107 25
7 109 25
8 105 25
8 106 25
9 103 25
9 104 25
10 101 25
10 102 25
11 98 25
11 100 25
16 10 25
16 11 25
16 14 25
16 15 25
18 96 25
18 97 25
19 94 25
19 95 25
20 92 25
20 93 25
21 90 25
21 91 25
22 88 25
22 89 25
23 36 25
23 45 25
23 46 25
23 48 25
23 60 25
24 86 25
24 87 25
25 84 25
25 85 25
26 52 25
26 53 25
26 54 25
27 81 25
27 82 25
28 74 25
28 76 25
28 77 25
29 79 25
29 80 25
30 77 25
30 78 25
33 4 25
33 5 25
33 8 25
33 9 25
34 144 25
35 74 25
35 76 25
37 72 25
37 73 25
38 70 25
38 71 25
39 67 25
39 68 25
41 65 25
41 66 25
42 135 25
42 150 25
42 16 25
42 17 25
42 19 25
43 39 25
43 41 25
44 37 25
44 38 25
45 35 25
45 36 25
46 143 25
47 142 25
48 32 25
48 33 25
50 62 25
50 63 25
51 26 25
51 30 25
55 141 25
56 140 25
58 139 25
59 138 25
60 24 25
60 25 25
61 45 25
61 46 25
61 112 25
61 135 25
61 17 25
61 36 25
62 22 25
62 23 25
63 20 25
63 21 25
64 60 25
64 61 25
65 18 25
65 19 25
66 137 25
67 16 25
67 17 25
68 14 25
68 15 25
70 48 25
70 49 25
70 51 25
71 12 25
71 13 25
72 10 25
72 11 25
73 136 25
74 135 25
75 56 25
75 59 25
76 8 25
76 9 25
77 0 25
77 1 25
77 2 25
77 3 25
78 45 25
78 46 25
78 65 25
78 66 25
78 73 25
78 74 25
80 143 25
80 144 25
80 145 25
80 150 25
81 134 25
82 44 25
82 45 25
82 46 25
84 5 25
84 6 25
85 3 25
85 4 25
86 112 25
86 128 25
86 135 25
86 140 25
87 133 25
88 1 25
88 2 25
89 150 25
89 0 25
90 144 25
90 145 25
91 142 25
91 143 25
92 139 25
92 140 25
93 128 25
94 137 25
94 138 25
95 41 25
95 42 25
95 43 25
96 37 25
96 38 25
96 39 25
97 135 25
97 136 25
98 128 25
98 134 25
99 66 25
99 72 25
99 73 25
100 126 25
100 127 25
101 124 25
101 125 25
102 122 25
102 123 25
103 119 25
103 120 25
104 80 25
104 87 25
104 89 25
104 96 25
104 103 25
106 110 25
106 112 25
108 60 25
108 63 25
108 65 25
109 127 25
110 33 25
110 35 25
110 36 25
111 54 25
111 55 25
113 73 25
113 74 25
113 76 25
113 80 25
113 112 25
114 115 25
114 116 25
115 126 25
116 24 25
116 26 25
116 30 25
117 52 25
117 53 25
118 125 25
119 45 25
119 46 25
119 60 25
119 65 25
119 66 25
120 124 25
123 101 25
123 103 25
125 122 25
127 97 25
127 98 25
128 95 25
128 96 25
129 49 25
129 51 25
130 46 25
130 48 25
131 16 25
131 17 25
131 19 25
131 20 25
132 123 25
133 106 25
133 113 25
134 121 25
135 120 25
136 93 25
136 94 25
137 90 25
137 91 25
138 119 25
139 21 25
139 22 25
139 23 25
140 88 25
140 89 25
141 118 25
143 86 25
143 87 25
144 116 25
145 81 25
145 85 25
146 44 25
146 45 25
147 55 25
147 56 25
147 59 25
148 115 25
149 42 25
149 43 25
150 78 25
150 80 25
0 113 26
0 114 26
1 110 26
1 112 26
2 150 26
6 148 26
7 107 26
7 109 26
8 0 26
8 1 26
8 2 26
8 3 26
9 105 26
9 106 26
10 145 26
11 144 26
12 103 26
12 104 26
13 101 26
13 102 26
14 60 26
14 63 26
14 65 26
16 98 26
16 100 26
17 143 26
17 144 26
17 145 26
17 150 26
18 96 26
18 97 26
19 45 26
19 46 26
19 112 26
19 135 26
19 17 26
19 36 26
23 94 26
23 95 26
24 92 26
24 93 26
26 143 26
27 16 26
27 17 26
27 19 26
27 20 26
28 80 26
28 87 26
28 89 26
28 96 26
28 103 26
29 90 26
29 91 26
30 142 26
31 141 26
32 88 26
32 89 26
33 86 26
33 87 26
34 84 26
34 85 26
35 81 26
35 82 26
36 79 26
36 80 26
37 140 26
38 77 26
38 78 26
39 74 26
39 76 26
40 10 26
40 11 26
40 14 26
40 15 26
41 112 26
41 128 26
41 135 26
41 140 26
43 42 26
43 44 26
44 39 26
44 41 26
46 139 26
47 72 26
47 73 26
48 138 26
49 37 26
49 38 26
50 70 26
50 71 26
51 35 26
51 36 26
52 137 26
55 36 26
55 45 26
55 46 26
55 48 26
55 60 26
56 48 26
56 49 26
56 51 26
57 67 26
57 68 26
58 65 26
58 66 26
59 32 26
59 33 26
60 26 26
60 30 26
61 24 26
61 25 26
62 22 26
62 23 26
64 62 26
64 63 26
65 44 26
65 45 26
65 46 26
66 136 26
67 135 26
68 20 26
68 21 26
69 134 26
70 133 26
72 18 26
72 19 26
73 16 26
73 17 26
74 14 26
74 15 26
75 60 26
75 61 26
76 12 26
76 13 26
77 10 26
77 11 26
78 8 26
78 9 26
79 5 26
79 6 26
80 128 26
82 55 26
82 56 26
82 59 26
85 127 26
87 3 26
87 4 26
88 1 26
88 2 26
89 45 26
89 46 26
89 65 26
89 66 26
89 73 26
89 74 26
90 126 26
91 150 26
91 0 26
92 4 26
92 5 26
92 8 26
92 9 26
93 144 26
93 145 26
96 142 26
96 143 26
97 125 26
98 41 26
98 42 26
98 43 26
99 56 26
99 59 26
100 139 26
100 140 26
101 37 26
101 38 26
101 39 26
102 52 26
102 53 26
102 54 26
103 137 26
103 138 26
104 124 26
105 123 26
107 135 26
107 136 26
108 54 26
108 55 26
109 128 26
109 134 26
110 126 26
110 127 26
111 122 26
112 124 26
112 125 26
113 112 26
113 115 26
114 122 26
114 123 26
115 33 26
115 35 26
115 36 26
116 106 26
116 110 26
117 52 26
117 53 26
118 121 26
119 24 26
119 26 26
119 30 26
121 119 26
121 120 26
123 135 26
123 150 26
123 16 26
123 17 26
123 19 26
125 101 26
125 103 26
126 97 26
126 98 26
127 73 26
127 74 26
127 76 26
127 80 26
127 112 26
128 95 26
128 96 26
129 49 26
129 51 26
130 46 26
130 48 26
131 74 26
131 76 26
131 77 26
134 93 26
134 94 26
135 120 26
136 90 26
136 91 26
137 119 26
138 21 26
138 22 26
138 23 26
139 88 26
139 89 26
140 45 26
140 46 26
140 60 26
140 65 26
140 66 26
141 118 26
142 86 26
142 87 26
143 81 26
143 85 26
144 116 26
145 115 26
146 65 26
146 66 26
146 73 26
146 74 26
146 76 26
147 43 26
147 45 26
148 113 26
148 116 26
149 66 26
149 72 26
149 73 26
150 78 26
150 80 26
0 136 27
0 137 27
1 150 27
3 133 27
3 135 27
4 149 27
5 131 27
5 132 27
6 103 27
6 105 27
6 110 27
6 113 27
6 121 27
7 116 27
7 118 27
7 120 27
8 65 27
8 66 27
8 67 27
8 68 27
9 128 27
9 129 27
11 64 27
11 65 27
11 4 27
11 14 27
11 16 27
11 17 27
12 87 27
12 88 27
12 89 27
12 90 27
13 148 27
14 126 27
14 127 27
15 61 27
15 62 27
15 63 27
15 64 27
16 57 27
16 58 27
16 59 27
16 60 27
17 123 27
17 125 27
18 120 27
18 121 27
20 82 27
20 84 27
20 85 27
20 86 27
21 118 27
21 119 27
22 116 27
22 117 27
24 114 27
24 115 27
25 147 27
26 112 27
26 113 27
27 110 27
27 111 27
28 52 27
28 53 27
28 55 27
28 56 27
29 108 27
29 109 27
30 146 27
31 105 27
31 106 27
32 103 27
32 104 27
33 145 27
34 144 27
36 101 27
36 102 27
37 45 27
37 46 27
37 47 27
37 50 27
38 113 27
38 114 27
38 115 27
39 126 27
39 127 27
39 128 27
40 99 27
40 100 27
41 57 27
41 58 27
41 59 27
41 64 27
41 65 27
41 73 27
42 34 27
42 35 27
42 36 27
42 37 27
45 97 27
45 98 27
46 95 27
46 96 27
47 93 27
47 94 27
48 109 27
48 110 27
48 112 27
49 91 27
49 92 27
51 76 27
51 78 27
51 79 27
51 80 27
52 105 27
52 106 27
52 108 27
53 89 27
53 90 27
54 143 27
55 27 27
55 28 27
55 32 27
55 33 27
56 87 27
56 88 27
57 142 27
58 21 27
58 22 27
58 23 27
58 25 27
59 85 27
59 86 27
60 16 27
60 17 27
60 18 27
60 19 27
61 82 27
61 84 27
62 11 27
62 13 27
62 14 27
62 15 27
63 32 27
63 33 27
63 37 27
63 45 27
63 47 27
63 56 27
64 65 27
64 66 27
66 100 27
66 103 27
66 104 27
67 64 27
67 65 27
67 11 27
67 21 27
67 25 27
67 27 27
69 79 27
69 80 27
70 62 27
70 63 27
72 60 27
72 61 27
73 58 27
73 59 27
74 56 27
74 57 27
75 7 27
75 8 27
75 9 27
75 10 27
76 54 27
76 55 27
77 70 27
77 73 27
77 74 27
77 75 27
78 0 27
78 3 27
78 4 27
78 5 27
79 64 27
79 65 27
79 14 27
79 105 27
79 110 27
79 136 27
79 0 27
79 3 27
80 52 27
80 53 27
81 76 27
81 78 27
82 49 27
82 50 27
83 74 27
83 75 27
84 64 27
84 65 27
84 14 27
84 105 27
84 110 27
84 136 27
84 0 27
84 47 27
85 47 27
85 48 27
86 45 27
86 46 27
87 47 27
87 56 27
87 57 27
87 58 27
88 41 27
88 42 27
90 38 27
90 40 27
91 36 27
91 37 27
93 34 27
93 35 27
94 32 27
94 33 27
95 28 27
95 31 27
96 25 27
96 27 27
98 32 27
98 33 27
98 37 27
98 45 27
99 90 27
99 91 27
99 94 27
99 96 27
99 98 27
100 137 27
100 143 27
100 145 27
100 146 27
101 38 27
101 40 27
101 41 27
101 42 27
103 22 27
103 23 27
104 123 27
104 127 27
104 131 27
104 136 27
105 21 27
105 23 27
105 25 27
105 27 27
106 19 27
106 21 27
108 17 27
108 18 27
109 15 27
109 16 27
110 13 27
110 14 27
111 97 27
111 98 27
111 99 27
112 94 27
112 95 27
112 96 27
113 13 27
113 14 27
113 16 27
113 17 27
114 108 27
114 110 27
114 113 27
114 121 27
115 97 27
115 98 27
115 103 27
115 105 27
116 10 27
116 11 27
117 8 27
117 9 27
120 5 27
120 7 27
121 3 27
121 4 27
121 7 27
121 11 27
122 121 27
122 123 27
122 125 27
123 3 27
123 4 27
125 91 27
125 92 27
125 94 27
125 96 27
127 150 27
127 0 27
128 148 27
128 149 27
129 146 27
129 147 27
130 72 27
130 73 27
131 136 27
131 145 27
131 146 27
131 0 27
132 141 27
133 144 27
133 145 27
134 68 27
134 70 27
135 142 27
135 143 27
136 123 27
136 127 27
136 137 27
136 143 27
137 139 27
138 73 27
138 82 27
138 87 27
138 90 27
140 64 27
140 67 27
141 138 27
141 139 27
142 59 27
142 64 27
142 65 27
142 67 27
143 91 27
143 92 27
143 93 27
144 138 27
145 136 27
145 137 27
146 132 27
146 133 27
149 129 27
149 131 27
0 65 28
0 66 28
0 67 28
0 68 28
2 136 28
2 137 28
3 133 28
3 135 28
4 131 28
4 132 28
5 128 28
5 129 28
6 126 28
6 127 28
7 123 28
7 125 28
8 61 28
8 62 28
8 63 28
8 64 28
9 121 28
9 123 28
9 125 28
10 116 28
10 118 28
10 120 28
11 113 28
11 114 28
11 115 28
13 120 28
13 121 28
14 118 28
14 119 28
15 116 28
15 117 28
16 57 28
16 58 28
16 59 28
16 60 28
17 52 28
17 53 28
17 55 28
17 56 28
18 150 28
19 114 28
19 115 28
20 87 28
20 88 28
20 89 28
20 90 28
21 109 28
21 110 28
21 112 28
22 112 28
22 113 28
25 45 28
25 46 28
25 47 28
25 50 28
26 57 28
26 58 28
26 59 28
26 64 28
26 65 28
26 73 28
27 110 28
27 111 28
28 38 28
28 40 28
28 41 28
28 42 28
29 149 28
30 108 28
30 109 28
31 105 28
31 106 28
33 27 28
33 28 28
33 32 28
33 34 28
34 21 28
34 22 28
34 23 28
34 25 28
35 16 28
35 17 28
35 18 28
35 19 28
36 11 28
36 13 28
36 14 28
36 15 28
37 64 28
37 65 28
37 14 28
37 105 28
37 110 28
37 136 28
37 0 28
37 3 28
38 103 28
38 104 28
39 148 28
40 7 28
40 8 28
40 9 28
40 10 28
41 101 28
41 102 28
42 147 28
43 82 28
43 84 28
43 85 28
43 86 28
44 146 28
46 145 28
47 32 28
47 33 28
47 37 28
47 45 28
49 32 28
49 33 28
49 37 28
49 45 28
49 47 28
49 56 28
50 144 28
51 126 28
51 127 28
51 128 28
52 99 28
52 100 28
54 97 28
54 98 28
55 0 28
55 3 28
55 4 28
55 5 28
56 95 28
56 96 28
57 64 28
57 65 28
57 4 28
57 11 28
57 14 28
57 16 28
58 21 28
58 23 28
58 25 28
58 27 28
59 93 28
59 94 28
60 91 28
60 92 28
61 89 28
61 90 28
63 87 28
63 88 28
64 65 28
64 66 28
66 137 28
66 143 28
66 145 28
66 146 28
67 62 28
67 63 28
68 60 28
68 61 28
69 143 28
70 105 28
70 106 28
70 108 28
71 76 28
71 78 28
71 79 28
71 80 28
72 142 28
73 13 28
73 14 28
73 16 28
73 17 28
74 58 28
74 59 28
76 56 28
76 57 28
77 85 28
77 86 28
78 54 28
78 55 28
80 100 28
80 103 28
80 104 28
81 82 28
81 84 28
82 52 28
82 53 28
83 79 28
83 80 28
85 123 28
85 127 28
85 131 28
85 136 28
87 64 28
87 65 28
87 17 28
87 21 28
87 25 28
87 27 28
88 49 28
88 50 28
89 47 28
89 48 28
90 64 28
90 65 28
90 14 28
90 105 28
90 110 28
90 136 28
90 0 28
90 47 28
91 45 28
91 46 28
92 103 28
92 105 28
92 110 28
92 113 28
92 121 28
93 108 28
93 110 28
93 113 28
93 121 28
94 3 28
94 4 28
94 7 28
94 11 28
96 41 28
96 42 28
97 38 28
97 40 28
98 36 28
98 37 28
99 34 28
99 35 28
100 97 28
100 98 28
100 103 28
100 105 28
101 33 28
101 35 28
101 36 28
101 37 28
102 141 28
103 32 28
103 33 28
104 91 28
104 92 28
104 94 28
104 96 28
105 143 28
105 145 28
105 146 28
105 0 28
106 28 28
106 31 28
107 76 28
107 78 28
108 25 28
108 27 28
109 22 28
109 23 28
110 19 28
110 21 28
111 17 28
111 18 28
112 15 28
112 16 28
113 94 28
113 95 28
113 96 28
114 73 28
114 82 28
114 87 28
114 90 28
115 59 28
115 64 28
115 65 28
115 67 28
116 47 28
116 56 28
116 57 28
116 58 28
117 97 28
117 98 28
117 99 28
119 13 28
119 14 28
121 10 28
121 11 28
122 74 28
122 75 28
123 8 28
123 9 28
124 72 28
124 73 28
125 91 28
125 92 28
125 93 28
126 5 28
126 7 28
127 90 28
127 91 28
127 94 28
127 96 28
127 98 28
129 3 28
129 4 28
130 68 28
130 70 28
132 139 28
133 150 28
133 0 28
134 70 28
134 73 28
134 74 28
134 75 28
135 148 28
135 149 28
137 146 28
137 147 28
138 144 28
138 145 28
139 138 28
139 142 28
140 64 28
140 67 28
141 139 28
141 143 28
142 136 28
142 137 28
143 138 28
144 132 28
144 133 28
145 123 28
145 127 28
145 136 28
145 137 28
150 129 28
150 131 28
0 140 29
0 141 29
1 138 29
1 139 29
2 50 29
2 51 29
2 52 29
2 53 29
3 46 29
3 47 29
3 48 29
3 49 29
4 41 29
4 42 29
4 43 29
4 44 29
4 45 29
4 46 29
4 47 29
5 21 29
5 24 29
5 25 29
5 27 29
5 28 29
5 34 29
5 36 29
5 44 29
5 46 29
5 47 29
6 42 29
6 43 29
6 44 29
6 45 29
7 71 29
7 72 29
7 73 29
7 77 29
7 78 29
7 79 29
8 5 29
8 6 29
8 7 29
8 9 29
8 10 29
9 38 29
9 39 29
9 40 29
9 41 29
10 136 29
10 137 29
11 33 29
11 34 29
11 36 29
11 37 29
12 63 29
12 64 29
12 65 29
12 66 29
12 69 29
12 70 29
13 108 29
13 126 29
13 2 29
13 6 29
13 25 29
13 28 29
13 34 29
13 53 29
13 58 29
13 59 29
14 28 29
14 32 29
14 33 29
14 34 29
14 36 29
14 37 29
14 39 29
15 29 29
15 30 29
15 31 29
15 32 29
16 134 29
16 135 29
17 91 29
17 96 29
17 97 29
17 98 29
17 100 29
17 106 29
17 107 29
17 108 29
17 120 29
18 25 29
18 26 29
18 27 29
18 28 29
19 17 29
19 18 29
19 20 29
19 21 29
20 69 29
20 70 29
20 71 29
22 56 29
22 57 29
22 58 29
22 59 29
22 61 29
22 62 29
23 132 29
23 133 29
24 144 29
24 150 29
24 0 29
24 2 29
24 4 29
25 138 29
25 140 29
25 141 29
25 142 29
25 143 29
26 47 29
26 48 29
26 49 29
26 53 29
26 54 29
26 55 29
27 130 29
27 131 29
28 13 29
28 14 29
28 15 29
28 16 29
29 9 29
29 10 29
29 11 29
29 12 29
30 150 29
31 128 29
31 129 29
32 132 29
32 133 29
32 134 29
32 135 29
32 136 29
33 5 29
33 6 29
33 7 29
33 8 29
34 150 29
34 0 29
34 2 29
34 4 29
35 149 29
36 22 29
36 23 29
36 24 29
36 25 29
36 27 29
36 28 29
37 13 29
37 16 29
37 17 29
37 18 29
37 19 29
37 21 29
38 143 29
38 144 29
38 145 29
38 148 29
39 126 29
39 127 29
40 2 29
40 6 29
40 13 29
40 16 29
40 17 29
40 21 29
40 24 29
40 25 29
40 27 29
41 138 29
41 140 29
41 141 29
41 142 29
42 134 29
42 135 29
42 136 29
42 137 29
43 123 29
43 124 29
44 126 29
44 128 29
44 129 29
44 130 29
44 131 29
45 148 29
46 121 29
46 122 29
47 2 29
47 5 29
47 6 29
47 8 29
47 9 29
47 12 29
48 147 29
49 124 29
49 126 29
49 128 29
49 133 29
49 135 29
49 136 29
49 138 29
49 141 29
49 150 29
50 119 29
50 120 29
51 130 29
51 131 29
51 132 29
51 133 29
52 126 29
52 127 29
52 128 29
52 129 29
53 116 29
53 117 29
53 120 29
53 121 29
53 124 29
54 117 29
54 118 29
55 121 29
55 122 29
55 123 29
55 124 29
56 108 29
56 126 29
56 6 29
56 28 29
56 34 29
56 91 29
56 98 29
56 124 29
56 2 29
56 25 29
56 79 29
56 107 29
57 115 29
57 116 29
58 141 29
58 142 29
58 143 29
58 144 29
58 150 29
58 0 29
59 81 29
59 85 29
59 90 29
59 91 29
59 95 29
59 96 29
59 97 29
59 98 29
60 117 29
60 118 29
60 119 29
60 120 29
61 113 29
61 114 29
62 113 29
62 114 29
62 115 29
62 116 29
63 111 29
63 112 29
64 108 29
64 126 29
64 128 29
64 135 29
64 136 29
64 141 29
64 2 29
64 6 29
64 13 29
64 16 29
65 108 29
65 109 29
65 110 29
65 112 29
66 108 29
66 126 29
66 70 29
66 79 29
66 80 29
66 91 29
66 98 29
66 107 29
66 120 29
66 124 29
67 104 29
67 105 29
67 106 29
67 107 29
68 53 29
68 56 29
68 58 29
68 59 29
68 70 29
68 79 29
68 80 29
68 81 29
68 85 29
68 90 29
69 66 29
69 67 29
69 68 29
70 133 29
70 134 29
70 135 29
70 136 29
70 138 29
70 140 29
71 100 29
71 101 29
71 102 29
71 103 29
72 109 29
72 110 29
73 108 29
73 109 29
73 110 29
73 112 29
73 115 29
74 96 29
74 97 29
74 98 29
74 99 29
75 80 29
75 81 29
75 85 29
75 86 29
75 87 29
75 88 29
76 48 29
76 53 29
76 54 29
76 56 29
76 57 29
76 58 29
76 59 29
77 92 29
77 93 29
77 94 29
77 95 29
78 107 29
78 108 29
80 72 29
80 73 29
80 74 29
80 77 29
81 19 29
81 21 29
81 22 29
81 23 29
81 24 29
81 25 29
81 27 29
82 41 29
82 42 29
82 43 29
82 44 29
82 45 29
82 46 29
83 28 29
83 33 29
83 34 29
83 36 29
83 43 29
83 44 29
83 46 29
83 47 29
83 53 29
84 105 29
84 106 29
85 68 29
85 69 29
85 70 29
85 71 29
86 108 29
86 126 29
86 6 29
86 28 29
86 34 29
86 91 29
86 98 29
86 124 29
86 2 29
86 25 29
86 59 29
86 70 29
87 145 29
88 64 29
88 65 29
88 66 29
88 67 29
89 87 29
89 88 29
89 90 29
89 91 29
90 103 29
90 104 29
91 8 29
91 9 29
91 12 29
91 13 29
91 16 29
91 17 29
91 18 29
92 60 29
92 61 29
92 62 29
92 63 29
93 102 29
93 103 29
93 104 29
93 106 29
93 107 29
94 56 29
94 57 29
94 58 29
94 59 29
96 56 29
96 58 29
96 59 29
96 66 29
96 70 29
96 73 29
96 79 29
96 80 29
97 101 29
97 102 29
98 97 29
98 99 29
99 52 29
99 53 29
99 54 29
99 55 29
100 138 29
100 141 29
100 143 29
100 150 29
100 0 29
100 2 29
100 6 29
101 95 29
101 96 29
102 93 29
102 94 29
103 48 29
103 49 29
103 50 29
103 51 29
104 120 29
104 124 29
104 126 29
104 128 29
104 130 29
104 132 29
105 44 29
105 45 29
105 46 29
105 47 29
106 120 29
106 124 29
106 126 29
106 128 29
106 133 29
106 135 29
106 136 29
108 91 29
108 92 29
109 40 29
109 41 29
109 42 29
109 43 29
110 89 29
110 90 29
111 82 29
111 84 29
111 85 29
111 86 29
112 63 29
112 64 29
112 65 29
114 87 29
114 88 29
115 60 29
115 61 29
115 62 29
116 36 29
116 37 29
116 38 29
116 39 29
117 85 29
117 86 29
118 83 29
118 84 29
119 81 29
119 82 29
120 110 29
120 112 29
120 115 29
120 116 29
120 117 29
120 121 29
121 79 29
121 80 29
122 31 29
122 32 29
122 33 29
122 34 29
124 100 29
124 106 29
124 107 29
124 108 29
124 109 29
124 110 29
124 115 29
125 19 29
125 22 29
125 23 29
125 24 29
126 103 29
126 104 29
126 106 29
126 107 29
126 108 29
126 109 29
127 26 29
127 27 29
127 28 29
127 29 29
128 97 29
128 98 29
128 99 29
128 100 29
128 101 29
128 102 29
129 77 29
129 78 29
130 144 29
131 57 29
131 58 29
131 59 29
132 87 29
132 88 29
132 90 29
132 91 29
132 95 29
132 96 29
133 22 29
133 23 29
133 24 29
133 25 29
134 97 29
134 98 29
134 99 29
134 100 29
134 101 29
135 108 29
135 126 29
135 6 29
135 28 29
135 34 29
135 79 29
135 91 29
135 98 29
135 107 29
135 124 29
136 143 29
137 32 29
137 33 29
137 34 29
137 36 29
137 37 29
137 39 29
138 18 29
138 19 29
138 20 29
138 21 29
139 142 29
140 90 29
140 91 29
140 93 29
140 95 29
140 96 29
141 78 29
141 79 29
141 80 29
141 81 29
141 85 29
141 86 29
142 69 29
142 70 29
142 71 29
142 72 29
142 73 29
142 77 29
143 61 29
143 62 29
143 63 29
143 64 29
143 65 29
143 66 29
144 14 29
144 15 29
144 16 29
144 17 29
145 8 29
145 11 29
145 12 29
145 13 29
146 98 29
146 100 29
147 78 29
147 79 29
147 80 29
147 81 29
148 54 29
148 55 29
148 56 29
149 74 29
149 76 29
150 72 29
150 73 29
0 50 30
0 51 30
0 52 30
0 53 30
1 69 30
1 70 30
1 71 30
2 140 30
2 141 30
3 46 30
3 47 30
3 48 30
3 49 30
4 150 30
5 42 30
5 43 30
5 44 30
5 45 30
6 19 30
6 21 30
6 22 30
6 23 30
6 24 30
6 25 30
6 27 30
7 56 30
7 57 30
7 58 30
7 59 30
7 61 30
7 62 30
8 138 30
8 139 30
9 47 30
9 48 30
9 49 30
9 53 30
9 54 30
9 55 30
10 2 30
10 6 30
10 13 30
10 16 30
10 17 30
10 21 30
10 24 30
10 25 30
10 27 30
11 144 30
11 150 30
11 0 30
11 2 30
11 4 30
12 136 30
12 137 30
13 149 30
14 41 30
14 42 30
14 43 30
14 44 30
14 45 30
14 46 30
15 28 30
15 32 30
15 33 30
15 34 30
15 36 30
15 37 30
15 39 30
16 38 30
16 39 30
16 40 30
16 41 30
17 134 30
17 135 30
18 138 30
18 141 30
18 143 30
18 150 30
18 0 30
18 2 30
18 6 30
19 2 30
19 5 30
19 6 30
19 8 30
19 9 30
19 12 30
20 33 30
20 34 30
20 36 30
20 37 30
21 141 30
21 142 30
21 143 30
21 144 30
21 150 30
21 0 30
22 29 30
22 30 30
22 31 30
22 32 30
23 124 30
23 126 30
23 128 30
23 133 30
23 135 30
23 136 30
23 138 30
23 141 30
23 150 30
24 25 30
24 26 30
24 27 30
24 28 30
25 133 30
25 134 30
25 135 30
25 136 30
25 138 30
25 140 30
26 132 30
26 133 30
27 138 30
27 140 30
27 141 30
27 142 30
27 143 30
28 130 30
28 131 30
29 128 30
29 129 30
30 21 30
30 22 30
30 23 30
30 24 30
31 17 30
31 18 30
31 19 30
31 20 30
32 126 30
32 127 30
33 121 30
33 124 30
33 126 30
33 128 30
33 130 30
33 132 30
34 110 30
34 112 30
34 115 30
34 116 30
34 117 30
34 120 30
35 148 30
36 123 30
36 124 30
37 13 30
37 14 30
37 15 30
37 16 30
38 147 30
39 9 30
39 10 30
39 11 30
39 12 30
40 132 30
40 133 30
40 134 30
40 135 30
40 136 30
41 5 30
41 6 30
41 7 30
41 8 30
42 66 30
42 67 30
42 68 30
43 108 30
43 126 30
43 70 30
43 79 30
43 80 30
43 91 30
43 98 30
43 107 30
43 120 30
43 124 30
44 103 30
44 104 30
44 106 30
44 107 30
44 108 30
44 109 30
45 121 30
45 122 30
46 150 30
46 0 30
46 2 30
46 4 30
47 143 30
47 144 30
47 145 30
47 148 30
48 119 30
48 120 30
49 8 30
49 9 30
49 12 30
49 13 30
49 16 30
49 17 30
49 18 30
50 81 30
50 85 30
50 90 30
50 91 30
50 95 30
50 96 30
50 97 30
50 98 30
51 32 30
51 33 30
51 34 30
51 36 30
51 37 30
51 39 30
52 117 30
52 118 30
53 138 30
53 140 30
53 141 30
53 142 30
54 134 30
54 135 30
54 136 30
54 137 30
55 126 30
55 128 30
55 129 30
55 130 30
55 131 30
56 63 30
56 64 30
56 65 30
57 130 30
57 131 30
57 132 30
57 133 30
58 120 30
58 124 30
58 126 30
58 128 30
58 133 30
58 135 30
58 136 30
59 126 30
59 127 30
59 128 30
59 129 30
60 121 30
60 122 30
60 123 30
60 124 30
61 117 30
61 118 30
61 119 30
61 120 30
62 97 30
62 98 30
62 99 30
62 100 30
62 101 30
62 102 30
63 108 30
63 126 30
63 6 30
63 28 30
63 34 30
63 91 30
63 98 30
63 124 30
63 2 30
63 25 30
63 79 30
63 107 30
64 81 30
64 88 30
64 90 30
64 91 30
64 95 30
64 96 30
65 21 30
65 24 30
65 25 30
65 27 30
65 28 30
65 34 30
65 36 30
65 44 30
65 46 30
65 47 30
66 113 30
66 114 30
66 115 30
66 116 30
67 145 30
68 115 30
68 116 30
69 100 30
69 106 30
69 107 30
69 108 30
69 109 30
69 110 30
69 115 30
70 60 30
70 61 30
70 62 30
71 113 30
71 114 30
72 111 30
72 112 30
73 108 30
73 109 30
73 110 30
73 112 30
74 108 30
74 126 30
74 6 30
74 28 30
74 34 30
74 91 30
74 98 30
74 124 30
74 2 30
74 25 30
74 59 30
74 70 30
75 48 30
75 53 30
75 54 30
75 56 30
75 57 30
75 58 30
75 59 30
76 109 30
76 110 30
77 104 30
77 105 30
77 106 30
77 107 30
78 107 30
78 108 30
79 100 30
79 101 30
79 102 30
79 103 30
80 105 30
80 106 30
81 78 30
81 79 30
81 80 30
81 85 30
81 86 30
81 87 30
82 96 30
82 97 30
82 98 30
82 99 30
83 41 30
83 42 30
83 43 30
83 44 30
83 45 30
83 46 30
83 47 30
84 53 30
84 56 30
84 58 30
84 59 30
84 70 30
84 79 30
84 80 30
84 81 30
84 85 30
84 90 30
85 90 30
85 93 30
85 94 30
85 95 30
86 116 30
86 117 30
86 120 30
86 121 30
86 124 30
87 144 30
88 108 30
88 126 30
88 128 30
88 135 30
88 136 30
88 141 30
88 2 30
88 6 30
88 13 30
88 16 30
89 103 30
89 104 30
90 87 30
90 88 30
90 91 30
90 92 30
91 108 30
91 126 30
91 6 30
91 28 30
91 34 30
91 79 30
91 98 30
91 107 30
91 124 30
91 2 30
92 101 30
92 102 30
93 82 30
93 84 30
93 85 30
93 86 30
94 99 30
94 100 30
95 69 30
95 70 30
95 71 30
95 72 30
95 73 30
95 77 30
97 78 30
97 79 30
97 80 30
97 81 30
98 61 30
98 62 30
98 63 30
98 64 30
98 65 30
98 66 30
99 72 30
99 73 30
99 74 30
99 77 30
100 97 30
100 98 30
101 95 30
101 96 30
102 103 30
102 104 30
102 106 30
102 107 30
102 108 30
103 97 30
103 98 30
103 99 30
103 100 30
103 101 30
104 68 30
104 69 30
104 70 30
104 71 30
106 64 30
106 65 30
106 66 30
106 67 30
108 60 30
108 61 30
108 62 30
108 63 30
109 93 30
109 94 30
110 57 30
110 58 30
110 59 30
112 56 30
112 57 30
112 58 30
112 59 30
113 102 30
113 109 30
113 110 30
113 112 30
113 115 30
114 56 30
114 58 30
114 59 30
114 66 30
114 70 30
114 73 30
114 79 30
114 80 30
115 91 30
115 92 30
116 89 30
116 90 30
117 52 30
117 53 30
117 54 30
117 55 30
118 87 30
118 88 30
119 85 30
119 86 30
120 108 30
120 126 30
120 91 30
120 6 30
120 25 30
120 28 30
120 34 30
120 53 30
120 58 30
120 59 30
122 83 30
122 84 30
123 22 30
123 23 30
123 24 30
123 25 30
123 27 30
123 28 30
124 48 30
124 49 30
124 50 30
124 51 30
125 80 30
125 81 30
125 85 30
125 86 30
125 87 30
125 88 30
126 90 30
126 91 30
126 93 30
126 95 30
126 96 30
127 44 30
127 45 30
127 46 30
127 47 30
128 81 30
128 82 30
129 40 30
129 41 30
129 42 30
129 43 30
130 36 30
130 37 30
130 38 30
130 39 30
131 79 30
131 80 30
132 142 30
133 91 30
133 96 30
133 97 30
133 98 30
133 100 30
133 106 30
133 107 30
133 108 30
133 120 30
134 77 30
134 78 30
136 54 30
136 55 30
136 56 30
137 74 30
137 76 30
138 31 30
138 32 30
138 33 30
138 34 30
139 28 30
139 33 30
139 34 30
139 36 30
139 43 30
139 44 30
139 46 30
139 47 30
139 53 30
140 26 30
140 27 30
140 28 30
140 29 30
141 72 30
141 73 30
142 143 30
143 22 30
143 23 30
143 24 30
143 25 30
144 18 30
144 19 30
144 20 30
144 21 30
145 14 30
145 15 30
145 16 30
145 17 30
146 5 30
146 6 30
146 7 30
146 8 30
146 9 30
147 71 30
147 72 30
147 73 30
147 77 30
147 78 30
147 79 30
148 13 30
148 16 30
148 17 30
148 18 30
148 19 30
148 21 30
149 63 30
149 64 30
149 65 30
149 66 30
149 69 30
149 70 30
150 10 30
150 11 30
150 12 30
150 13 30
0 136 31
0 137 31
1 87 31
1 88 31
1 89 31
1 90 31
2 133 31
2 135 31
4 131 31
4 132 31
5 32 31
5 33 31
5 37 31
5 45 31
5 47 31
5 56 31
6 82 31
6 84 31
6 85 31
6 86 31
7 70 31
7 73 31
7 74 31
7 75 31
8 128 31
8 129 31
9 113 31
9 114 31
9 115 31
10 65 31
10 66 31
10 67 31
10 68 31
11 61 31
11 62 31
11 63 31
11 64 31
13 126 31
13 127 31
14 150 31
15 123 31
15 125 31
16 57 31
16 58 31
16 59 31
16 60 31
17 109 31
17 110 31
17 112 31
18 120 31
18 121 31
19 52 31
19 53 31
19 55 31
19 56 31
21 90 31
21 91 31
21 94 31
21 96 31
21 98 31
22 105 31
22 106 31
22 108 31
23 149 31
24 118 31
24 119 31
26 76 31
26 78 31
26 79 31
26 80 31
27 64 31
27 65 31
27 4 31
27 11 31
27 14 31
27 16 31
28 116 31
28 117 31
30 114 31
30 115 31
31 112 31
31 113 31
32 110 31
32 111 31
33 108 31
33 109 31
34 35 31
34 36 31
34 37 31
34 38 31
35 27 31
35 28 31
35 32 31
35 33 31
36 105 31
36 106 31
37 32 31
37 33 31
37 45 31
37 47 31
38 21 31
38 22 31
38 23 31
38 25 31
39 126 31
39 127 31
39 128 31
40 103 31
40 104 31
41 16 31
41 17 31
41 18 31
41 19 31
43 101 31
43 102 31
44 99 31
44 100 31
45 97 31
45 98 31
46 95 31
46 96 31
48 45 31
48 46 31
48 47 31
48 50 31
49 148 31
51 93 31
51 94 31
52 91 31
52 92 31
54 34 31
54 40 31
54 41 31
54 42 31
55 147 31
56 89 31
56 90 31
57 100 31
57 103 31
57 104 31
58 87 31
58 88 31
59 146 31
60 64 31
60 65 31
60 17 31
60 21 31
60 25 31
60 27 31
61 85 31
61 86 31
62 82 31
62 84 31
63 79 31
63 80 31
64 21 31
64 23 31
64 25 31
64 27 31
65 76 31
65 78 31
66 74 31
66 75 31
68 66 31
68 67 31
69 72 31
69 73 31
70 11 31
70 13 31
70 14 31
70 15 31
71 103 31
71 105 31
71 110 31
71 113 31
71 121 31
72 64 31
72 65 31
73 62 31
73 63 31
74 60 31
74 61 31
75 97 31
75 98 31
75 99 31
76 58 31
76 59 31
77 145 31
79 56 31
79 57 31
80 7 31
80 8 31
80 9 31
80 10 31
81 144 31
82 143 31
83 121 31
83 123 31
83 125 31
84 54 31
84 55 31
86 0 31
86 3 31
86 4 31
86 5 31
87 52 31
87 53 31
88 49 31
88 50 31
89 137 31
89 143 31
89 145 31
89 146 31
90 13 31
90 14 31
90 16 31
90 17 31
92 47 31
92 48 31
95 123 31
95 127 31
95 131 31
95 136 31
96 45 31
96 46 31
97 41 31
97 42 31
99 108 31
99 110 31
99 113 31
99 121 31
100 97 31
100 98 31
100 103 31
100 105 31
101 38 31
101 40 31
102 36 31
102 37 31
104 142 31
105 34 31
105 35 31
106 32 31
106 33 31
108 28 31
108 31 31
109 94 31
109 95 31
109 96 31
110 25 31
110 27 31
113 22 31
113 23 31
114 19 31
114 21 31
115 17 31
115 18 31
116 91 31
116 92 31
116 94 31
116 96 31
117 15 31
117 16 31
118 64 31
118 65 31
118 14 31
118 105 31
118 110 31
118 136 31
118 0 31
118 3 31
119 13 31
119 14 31
121 10 31
121 11 31
123 64 31
123 65 31
123 14 31
123 105 31
123 110 31
123 136 31
123 0 31
123 47 31
124 68 31
124 70 31
125 8 31
125 9 31
126 141 31
128 5 31
128 7 31
129 73 31
129 82 31
129 87 31
129 90 31
130 57 31
130 58 31
130 59 31
130 64 31
130 65 31
130 73 31
131 145 31
131 4 31
131 7 31
131 11 31
132 3 31
132 4 31
133 150 31
133 0 31
134 139 31
135 148 31
135 149 31
136 146 31
136 147 31
137 144 31
137 145 31
138 142 31
138 143 31
139 59 31
139 64 31
139 65 31
139 67 31
140 116 31
140 118 31
140 120 31
141 138 31
142 37 31
142 56 31
142 57 31
142 58 31
143 138 31
143 139 31
144 136 31
144 137 31
145 143 31
145 146 31
145 0 31
145 3 31
146 123 31
146 127 31
146 136 31
146 137 31
147 132 31
147 133 31
148 129 31
148 131 31
150 91 31
150 92 31
150 93 31
0 113 32
0 114 32
1 74 32
1 76 32
1 77 32
2 110 32
2 112 32
4 107 32
4 109 32
7 150 32
8 148 32
9 145 32
12 144 32
13 105 32
13 106 32
14 103 32
14 104 32
15 101 32
15 102 32
16 98 32
16 100 32
17 96 32
17 97 32
18 94 32
18 95 32
19 143 32
21 92 32
21 93 32
22 142 32
23 66 32
23 72 32
23 73 32
24 90 32
24 91 32
25 141 32
26 140 32
27 88 32
27 89 32
28 139 32
29 86 32
29 87 32
30 60 32
30 63 32
30 65 32
31 84 32
31 85 32
32 55 32
32 56 32
32 59 32
33 81 32
33 82 32
34 79 32
34 80 32
35 77 32
35 78 32
36 74 32
36 76 32
37 72 32
37 73 32
38 70 32
38 71 32
39 138 32
40 67 32
40 68 32
44 137 32
45 135 32
45 150 32
45 16 32
45 17 32
45 19 32
46 42 32
46 43 32
47 65 32
47 66 32
48 136 32
50 62 32
50 63 32
51 135 32
52 39 32
52 41 32
53 37 32
53 38 32
54 37 32
54 38 32
54 39 32
55 35 32
55 36 32
56 45 32
56 46 32
56 112 32
56 135 32
56 17 32
56 36 32
57 60 32
57 61 32
58 16 32
58 17 32
58 19 32
58 20 32
59 134 32
60 32 32
60 33 32
61 133 32
62 26 32
62 30 32
63 24 32
63 25 32
64 56 32
64 59 32
65 73 32
65 74 32
65 76 32
65 80 32
65 112 32
66 143 32
66 144 32
66 145 32
66 150 32
67 52 32
67 53 32
67 54 32
68 22 32
68 23 32
69 128 32
71 48 32
71 49 32
71 51 32
72 127 32
73 20 32
73 21 32
75 54 32
75 55 32
76 18 32
76 19 32
77 126 32
78 33 32
78 35 32
78 36 32
80 45 32
80 46 32
80 60 32
80 65 32
80 66 32
81 16 32
81 17 32
82 44 32
82 45 32
82 46 32
83 52 32
83 53 32
84 14 32
84 15 32
86 12 32
86 13 32
87 10 32
87 11 32
88 112 32
88 128 32
88 135 32
88 140 32
89 125 32
90 8 32
90 9 32
91 5 32
91 6 32
92 3 32
92 4 32
93 1 32
93 2 32
94 124 32
96 150 32
96 0 32
98 123 32
99 10 32
99 11 32
99 14 32
99 15 32
100 144 32
100 145 32
101 142 32
101 143 32
102 139 32
102 140 32
103 137 32
103 138 32
104 135 32
104 136 32
106 65 32
106 66 32
106 73 32
106 74 32
106 76 32
107 128 32
107 134 32
109 126 32
109 127 32
111 122 32
112 124 32
112 125 32
113 122 32
113 123 32
114 119 32
114 120 32
115 121 32
117 49 32
117 51 32
118 115 32
118 116 32
119 120 32
120 45 32
120 46 32
120 65 32
120 66 32
120 73 32
120 74 32
121 41 32
121 42 32
121 43 32
122 112 32
122 113 32
124 36 32
124 45 32
124 46 32
124 48 32
124 60 32
125 106 32
125 110 32
126 101 32
126 103 32
127 97 32
127 98 32
128 95 32
128 96 32
130 46 32
130 48 32
131 4 32
131 5 32
131 8 32
131 9 32
132 0 32
132 1 32
132 2 32
132 3 32
133 119 32
134 118 32
135 93 32
135 94 32
136 116 32
137 90 32
137 91 32
139 88 32
139 89 32
140 86 32
140 87 32
141 80 32
141 87 32
141 89 32
141 96 32
141 103 32
142 24 32
142 26 32
142 30 32
143 115 32
144 81 32
144 85 32
145 78 32
145 80 32
146 44 32
146 45 32
150 21 32
150 22 32
150 23 32
0 136 33
0 137 33
1 126 33
1 127 33
1 128 33
2 150 33
3 64 33
3 65 33
3 17 33
3 21 33
3 25 33
3 27 33
4 133 33
4 135 33
5 131 33
5 132 33
6 149 33
9 65 33
9 66 33
9 67 33
9 68 33
10 128 33
10 129 33
11 126 33
11 127 33
12 123 33
12 125 33
13 148 33
14 61 33
14 62 33
14 63 33
14 64 33
15 120 33
15 121 33
16 118 33
16 119 33
17 116 33
17 117 33
18 114 33
18 115 33
21 57 33
21 58 33
21 59 33
21 60 33
22 112 33
22 113 33
23 52 33
23 53 33
23 55 33
23 56 33
24 110 33
24 111 33
25 21 33
25 22 33
25 23 33
25 27 33
26 121 33
26 123 33
26 125 33
27 108 33
27 109 33
28 16 33
28 17 33
28 18 33
28 19 33
29 105 33
29 106 33
30 103 33
30 104 33
31 45 33
31 46 33
31 47 33
31 50 33
32 90 33
32 91 33
32 94 33
32 96 33
32 98 33
33 101 33
33 102 33
34 11 33
34 13 33
34 14 33
34 15 33
35 7 33
35 8 33
35 9 33
35 10 33
37 99 33
37 100 33
38 0 33
38 3 33
38 4 33
38 5 33
39 97 33
39 98 33
40 95 33
40 96 33
41 93 33
41 94 33
43 91 33
43 92 33
44 89 33
44 90 33
45 147 33
47 87 33
47 88 33
49 116 33
49 118 33
49 120 33
50 57 33
50 58 33
50 59 33
50 64 33
50 65 33
50 73 33
51 87 33
51 88 33
51 89 33
51 90 33
52 103 33
52 105 33
52 110 33
52 113 33
52 121 33
53 85 33
53 86 33
54 38 33
54 40 33
54 41 33
54 42 33
55 82 33
55 84 33
56 21 33
56 23 33
56 25 33
56 27 33
57 13 33
57 14 33
57 16 33
57 17 33
58 79 33
58 80 33
59 76 33
59 78 33
60 137 33
60 143 33
60 145 33
60 146 33
61 60 33
61 62 33
62 146 33
63 58 33
63 59 33
64 56 33
64 57 33
65 54 33
65 55 33
66 52 33
66 53 33
67 49 33
67 50 33
68 47 33
68 48 33
69 145 33
70 113 33
70 114 33
70 115 33
71 74 33
71 75 33
72 45 33
72 46 33
73 144 33
74 109 33
74 110 33
74 112 33
75 41 33
75 42 33
76 123 33
76 127 33
76 131 33
76 136 33
77 72 33
77 73 33
78 64 33
78 65 33
78 105 33
78 14 33
78 110 33
78 136 33
78 0 33
78 4 33
80 108 33
80 110 33
80 113 33
80 121 33
81 68 33
81 70 33
83 66 33
83 67 33
85 38 33
85 40 33
86 97 33
86 98 33
86 103 33
86 105 33
87 36 33
87 37 33
88 91 33
88 92 33
88 94 33
88 96 33
89 34 33
89 35 33
90 143 33
92 142 33
93 32 33
93 33 33
94 28 33
94 31 33
96 3 33
96 4 33
96 7 33
96 11 33
97 143 33
97 145 33
97 146 33
97 0 33
99 25 33
99 27 33
100 22 33
100 23 33
101 19 33
101 21 33
103 17 33
103 18 33
105 64 33
105 65 33
105 14 33
105 110 33
105 136 33
105 0 33
105 47 33
105 3 33
106 15 33
106 16 33
107 82 33
107 84 33
107 85 33
107 86 33
108 141 33
109 73 33
109 82 33
109 87 33
109 90 33
111 13 33
111 14 33
112 105 33
112 106 33
112 108 33
113 10 33
113 11 33
114 8 33
114 9 33
116 59 33
116 64 33
116 65 33
116 67 33
117 34 33
117 35 33
117 36 33
117 37 33
118 100 33
118 103 33
118 104 33
119 5 33
119 7 33
120 97 33
120 98 33
120 99 33
121 3 33
121 4 33
122 64 33
122 65 33
124 76 33
124 78 33
124 79 33
124 80 33
125 150 33
125 0 33
126 148 33
126 149 33
127 146 33
127 147 33
131 123 33
131 127 33
131 136 33
131 137 33
132 144 33
132 145 33
133 47 33
133 56 33
133 57 33
133 58 33
134 61 33
134 63 33
135 138 33
136 142 33
136 143 33
137 138 33
137 139 33
138 139 33
139 94 33
139 95 33
139 96 33
140 70 33
140 73 33
140 74 33
140 75 33
141 25 33
141 28 33
141 32 33
141 33 33
142 136 33
142 137 33
143 64 33
143 65 33
143 105 33
143 11 33
143 14 33
143 16 33
145 132 33
145 133 33
146 91 33
146 92 33
146 93 33
148 32 33
148 33 33
148 37 33
148 45 33
148 47 33
148 56 33
149 129 33
149 131 33
150 32 33
150 33 33
150 37 33
150 45 33
11 42 34
11 43 34
14 3 34
14 4 34
19 62 34
40 61 34
40 62 34
43 3 34
43 4 34
131 61 34
52 67 35
55 65 35
62 25 35
82 24 35
8 42 36
8 43 36
13 3 36
13 4 36
18 61 36
18 62 36
48 3 36
48 4 36
116 62 36
131 61 36
13 50 37
13 51 37
92 37 37
92 38 37
132 50 37
132 51 37
133 37 37
133 38 37
