0 142 18
0 143 18
1 140 18
1 141 18
2 138 18
2 139 18
3 136 18
3 137 18
4 133 18
4 135 18
7 131 18
7 132 18
8 123 18
8 130 18
9 121 18
9 122 18
10 119 18
10 120 18
11 117 18
11 118 18
12 108 18
12 111 18
14 106 18
14 107 18
15 104 18
15 105 18
16 101 18
16 103 18
17 14 18
17 15 18
18 12 18
18 13 18
20 97 18
20 100 18
21 9 18
21 10 18
23 5 18
23 8 18
27 94 18
27 95 18
29 3 18
29 4 18
30 1 18
30 2 18
31 148 18
31 149 18
34 92 18
34 93 18
35 90 18
35 91 18
36 83 18
36 85 18
38 146 18
38 147 18
40 144 18
40 145 18
43 149 18
44 142 18
44 143 18
47 140 18
47 141 18
49 138 18
49 139 18
52 136 18
52 137 18
54 133 18
54 135 18
55 131 18
55 132 18
56 123 18
56 130 18
58 148 18
59 77 18
59 78 18
60 75 18
60 76 18
61 121 18
61 122 18
62 119 18
62 120 18
64 117 18
64 118 18
65 108 18
65 111 18
66 106 18
66 107 18
67 104 18
67 105 18
69 73 18
69 74 18
70 67 18
70 68 18
71 65 18
71 66 18
72 63 18
72 64 18
73 101 18
73 103 18
75 97 18
75 100 18
77 147 18
80 61 18
80 62 18
82 146 18
83 145 18
84 57 18
84 58 18
86 55 18
86 56 18
88 53 18
88 54 18
91 92 18
91 94 18
92 85 18
92 90 18
93 91 18
93 95 18
94 78 18
94 83 18
96 51 18
96 52 18
97 75 18
97 76 18
98 49 18
98 50 18
99 47 18
99 48 18
100 73 18
100 74 18
104 67 18
104 68 18
107 65 18
107 66 18
108 63 18
108 64 18
109 144 18
111 61 18
111 62 18
112 44 18
112 45 18
114 40 18
114 42 18
117 57 18
117 58 18
118 55 18
118 56 18
119 53 18
119 54 18
120 51 18
120 52 18
123 49 18
123 50 18
124 37 18
124 38 18
125 32 18
125 33 18
126 30 18
126 31 18
127 28 18
127 29 18
128 24 18
128 26 18
129 22 18
129 23 18
131 47 18
131 48 18
132 44 18
132 45 18
133 38 18
133 42 18
134 19 18
134 21 18
135 33 18
135 37 18
136 31 18
136 32 18
137 28 18
137 29 18
138 24 18
138 26 18
140 22 18
140 23 18
141 19 18
141 21 18
143 15 18
143 18 18
144 13 18
144 14 18
145 10 18
145 12 18
146 8 18
146 9 18
147 3 18
147 5 18
148 1 18
148 2 18
150 17 18
150 18 18
1 142 21
1 143 21
3 140 21
3 141 21
4 138 21
4 139 21
5 136 21
5 137 21
6 133 21
6 135 21
7 131 21
7 132 21
8 123 21
8 130 21
9 121 21
9 122 21
10 119 21
10 120 21
11 117 21
11 118 21
12 108 21
12 111 21
13 106 21
13 107 21
15 104 21
15 105 21
16 101 21
16 103 21
17 97 21
17 100 21
18 94 21
18 95 21
19 92 21
19 93 21
25 90 21
25 91 21
26 19 21
26 21 21
28 17 21
28 18 21
29 14 21
29 15 21
30 12 21
30 13 21
31 9 21
31 10 21
32 5 21
32 8 21
33 3 21
33 4 21
34 83 21
34 85 21
35 77 21
35 78 21
36 75 21
36 76 21
40 1 21
40 2 21
41 73 21
41 74 21
46 67 21
46 68 21
48 148 21
48 149 21
49 146 21
49 147 21
50 144 21
50 145 21
51 142 21
51 143 21
54 140 21
54 141 21
55 138 21
55 139 21
56 136 21
56 137 21
58 133 21
58 135 21
59 65 21
59 66 21
60 63 21
60 64 21
61 131 21
61 132 21
62 123 21
62 130 21
63 121 21
63 122 21
65 119 21
65 120 21
66 117 21
66 118 21
67 108 21
67 111 21
68 106 21
68 107 21
69 61 21
69 62 21
70 149 21
74 104 21
74 105 21
76 101 21
76 103 21
78 148 21
79 57 21
79 58 21
80 55 21
80 56 21
82 53 21
82 54 21
83 97 21
83 100 21
85 94 21
85 95 21
86 51 21
86 52 21
87 49 21
87 50 21
88 47 21
88 48 21
89 44 21
89 45 21
90 91 21
90 92 21
92 85 21
92 90 21
94 78 21
94 83 21
95 75 21
95 76 21
97 73 21
97 74 21
99 40 21
99 42 21
100 67 21
100 68 21
101 65 21
101 66 21
104 63 21
104 64 21
106 61 21
106 62 21
108 57 21
108 58 21
110 147 21
111 55 21
111 56 21
112 37 21
112 38 21
113 32 21
113 33 21
114 30 21
114 31 21
115 146 21
117 53 21
117 54 21
118 145 21
119 51 21
119 52 21
120 49 21
120 50 21
121 47 21
121 48 21
124 28 21
124 29 21
125 24 21
125 26 21
126 22 21
126 23 21
130 44 21
130 45 21
132 38 21
132 42 21
133 144 21
136 33 21
136 37 21
137 31 21
137 32 21
138 28 21
138 29 21
140 24 21
140 26 21
142 22 21
142 23 21
143 19 21
143 21 21
144 15 21
144 18 21
145 13 21
145 14 21
146 10 21
146 12 21
147 8 21
147 9 21
148 3 21
148 5 21
149 1 21
149 2 21
0 108 23
0 112 23
1 106 23
1 107 23
2 104 23
2 105 23
3 102 23
3 103 23
4 99 23
4 101 23
5 96 23
5 97 23
6 29 23
6 30 23
6 32 23
6 33 23
7 94 23
7 95 23
8 91 23
8 93 23
9 89 23
9 90 23
10 150 23
11 87 23
11 88 23
13 20 23
13 21 23
13 22 23
13 26 23
15 148 23
16 147 23
17 85 23
17 86 23
18 82 23
18 83 23
19 80 23
19 81 23
21 8 23
21 10 23
21 13 23
21 15 23
22 146 23
23 145 23
24 144 23
25 78 23
25 79 23
26 76 23
26 77 23
27 74 23
27 75 23
28 72 23
28 73 23
29 30 23
29 31 23
30 143 23
31 27 23
31 28 23
32 142 23
33 25 23
33 26 23
35 23 23
35 24 23
36 21 23
36 22 23
37 19 23
37 20 23
40 141 23
41 137 23
42 17 23
42 18 23
44 70 23
44 71 23
46 68 23
46 69 23
47 66 23
47 67 23
49 34 23
49 35 23
49 36 23
49 37 23
50 136 23
51 1 23
51 5 23
51 6 23
51 7 23
53 133 23
54 63 23
54 65 23
56 132 23
57 106 23
57 137 23
57 142 23
57 144 23
58 15 23
58 16 23
59 13 23
59 14 23
61 60 23
61 62 23
62 8 23
62 10 23
63 6 23
63 7 23
64 58 23
64 59 23
65 4 23
65 5 23
66 150 23
66 1 23
67 131 23
70 147 23
70 148 23
71 145 23
71 146 23
72 129 23
73 143 23
73 144 23
74 137 23
74 142 23
75 133 23
75 136 23
77 131 23
77 132 23
78 62 23
78 68 23
78 70 23
78 81 23
79 128 23
81 128 23
81 129 23
82 127 23
83 126 23
83 127 23
84 56 23
84 57 23
85 126 23
86 124 23
86 125 23
87 122 23
87 123 23
88 125 23
90 124 23
91 16 23
91 17 23
91 18 23
91 19 23
92 53 23
92 55 23
94 117 23
94 121 23
95 113 23
95 114 23
96 107 23
96 112 23
97 99 23
97 101 23
99 90 23
99 93 23
101 87 23
101 89 23
102 82 23
102 83 23
103 81 23
103 90 23
103 93 23
103 97 23
105 62 23
105 68 23
105 70 23
105 78 23
107 80 23
107 81 23
108 105 23
108 106 23
111 51 23
111 52 23
112 123 23
114 106 23
114 137 23
114 142 23
114 144 23
115 122 23
117 76 23
117 78 23
118 45 23
118 50 23
119 103 23
119 104 23
120 97 23
120 102 23
122 74 23
122 75 23
124 120 23
125 69 23
125 70 23
127 78 23
127 90 23
127 93 23
127 97 23
128 67 23
128 68 23
129 65 23
129 66 23
130 42 23
130 43 23
131 119 23
132 117 23
133 62 23
133 63 23
134 39 23
134 41 23
135 37 23
135 38 23
136 59 23
136 60 23
137 57 23
137 58 23
138 35 23
138 36 23
139 33 23
139 34 23
140 29 23
140 32 23
141 116 23
142 55 23
142 56 23
143 115 23
144 114 23
146 113 23
147 51 23
147 53 23
148 43 23
148 45 23
149 121 23
150 39 23
150 42 23
0 142 24
0 143 24
1 140 24
1 141 24
2 138 24
2 139 24
3 136 24
3 137 24
5 133 24
5 135 24
6 149 24
9 131 24
9 132 24
10 123 24
10 130 24
11 121 24
11 122 24
12 119 24
12 120 24
14 117 24
14 118 24
15 148 24
16 108 24
16 111 24
17 106 24
17 107 24
19 104 24
19 105 24
20 101 24
20 103 24
21 19 24
21 22 24
23 147 24
24 17 24
24 18 24
25 97 24
25 100 24
26 14 24
26 15 24
27 94 24
27 95 24
29 12 24
29 13 24
30 9 24
30 10 24
31 5 24
31 8 24
32 3 24
32 4 24
33 1 24
33 2 24
35 92 24
35 93 24
36 90 24
36 91 24
37 148 24
37 149 24
39 83 24
39 85 24
41 77 24
41 78 24
42 146 24
42 147 24
43 75 24
43 76 24
46 73 24
46 74 24
47 144 24
47 145 24
49 142 24
49 143 24
51 140 24
51 141 24
52 138 24
52 139 24
53 136 24
53 137 24
55 133 24
55 135 24
56 131 24
56 132 24
58 123 24
58 130 24
59 67 24
59 68 24
61 121 24
61 122 24
62 119 24
62 120 24
63 117 24
63 118 24
64 146 24
65 108 24
65 111 24
69 65 24
69 66 24
71 63 24
71 64 24
73 106 24
73 107 24
74 104 24
74 105 24
76 101 24
76 103 24
78 97 24
78 100 24
79 61 24
79 62 24
82 57 24
82 58 24
84 145 24
86 55 24
86 56 24
87 53 24
87 54 24
88 51 24
88 52 24
89 49 24
89 50 24
90 94 24
90 95 24
91 85 24
91 90 24
93 91 24
93 92 24
94 78 24
94 83 24
95 75 24
95 76 24
96 47 24
96 48 24
97 73 24
97 74 24
99 44 24
99 45 24
101 67 24
101 68 24
103 65 24
103 66 24
104 63 24
104 64 24
105 61 24
105 62 24
106 57 24
106 58 24
108 55 24
108 56 24
113 40 24
113 42 24
115 37 24
115 38 24
116 32 24
116 33 24
118 53 24
118 54 24
119 51 24
119 52 24
120 49 24
120 50 24
121 47 24
121 48 24
122 44 24
122 45 24
124 30 24
124 31 24
125 144 24
128 28 24
128 29 24
130 38 24
130 42 24
131 33 24
131 37 24
133 31 24
133 32 24
134 24 24
134 26 24
136 28 24
136 29 24
137 24 24
137 26 24
138 22 24
138 23 24
139 19 24
139 21 24
140 15 24
140 18 24
142 13 24
142 14 24
144 10 24
144 12 24
145 8 24
145 9 24
146 3 24
146 5 24
149 1 24
149 2 24
150 21 24
150 23 24
1 142 25
1 143 25
2 140 25
2 141 25
3 138 25
3 139 25
5 136 25
5 137 25
8 133 25
8 135 25
9 131 25
9 132 25
10 123 25
10 130 25
11 121 25
11 122 25
12 119 25
12 120 25
14 117 25
14 118 25
16 108 25
16 111 25
17 106 25
17 107 25
19 104 25
19 105 25
21 101 25
21 103 25
22 97 25
22 100 25
23 22 25
23 24 25
24 19 25
24 21 25
25 94 25
25 95 25
26 17 25
26 18 25
28 14 25
28 15 25
29 12 25
29 13 25
30 9 25
30 10 25
34 92 25
34 93 25
36 90 25
36 91 25
37 5 25
37 8 25
39 83 25
39 85 25
40 3 25
40 4 25
41 77 25
41 78 25
43 75 25
43 76 25
44 1 25
44 2 25
46 73 25
46 74 25
47 148 25
47 149 25
49 146 25
49 147 25
50 144 25
50 145 25
51 142 25
51 143 25
52 140 25
52 141 25
53 138 25
53 139 25
54 136 25
54 137 25
55 133 25
55 135 25
57 131 25
57 132 25
59 67 25
59 68 25
60 65 25
60 66 25
61 123 25
61 130 25
62 121 25
62 122 25
63 119 25
63 120 25
64 117 25
64 118 25
66 108 25
66 111 25
68 106 25
68 107 25
69 63 25
69 64 25
70 61 25
70 62 25
71 57 25
71 58 25
72 55 25
72 56 25
73 104 25
73 105 25
74 101 25
74 103 25
76 97 25
76 100 25
79 149 25
80 53 25
80 54 25
82 51 25
82 52 25
83 148 25
84 147 25
86 49 25
86 50 25
88 146 25
89 47 25
89 48 25
91 94 25
91 95 25
97 91 25
97 92 25
100 85 25
100 90 25
101 78 25
101 83 25
102 44 25
102 45 25
105 75 25
105 76 25
106 73 25
106 74 25
107 67 25
107 68 25
108 65 25
108 66 25
109 40 25
109 42 25
111 63 25
111 64 25
114 145 25
117 61 25
117 62 25
118 57 25
118 58 25
120 55 25
120 56 25
121 53 25
121 54 25
122 51 25
122 52 25
123 49 25
123 50 25
125 37 25
125 38 25
126 32 25
126 33 25
127 144 25
128 30 25
128 31 25
131 47 25
131 48 25
132 44 25
132 45 25
133 38 25
133 42 25
134 28 25
134 29 25
135 33 25
135 37 25
136 31 25
136 32 25
137 28 25
137 29 25
138 24 25
138 26 25
139 22 25
139 23 25
140 19 25
140 21 25
141 15 25
141 18 25
142 13 25
142 14 25
145 10 25
145 12 25
146 8 25
146 9 25
148 3 25
148 5 25
149 1 25
149 2 25
150 23 25
150 26 25
0 150 26
1 148 26
2 34 26
2 35 26
2 36 26
2 37 26
3 108 26
3 112 26
4 106 26
4 107 26
5 104 26
5 105 26
7 102 26
7 103 26
8 147 26
9 99 26
9 101 26
10 96 26
10 97 26
11 94 26
11 95 26
12 29 26
12 30 26
12 32 26
12 33 26
14 8 26
14 10 26
14 13 26
14 15 26
15 146 26
16 91 26
16 93 26
18 89 26
18 90 26
19 87 26
19 88 26
20 85 26
20 86 26
21 145 26
22 144 26
23 143 26
24 82 26
24 83 26
25 142 26
26 80 26
26 81 26
27 78 26
27 79 26
28 141 26
29 137 26
31 76 26
31 77 26
33 74 26
33 75 26
34 33 26
34 35 26
35 136 26
36 31 26
36 32 26
38 29 26
38 30 26
39 106 26
39 137 26
39 142 26
39 144 26
40 133 26
41 27 26
41 28 26
42 25 26
42 26 26
44 72 26
44 73 26
45 81 26
45 90 26
45 93 26
45 97 26
46 20 26
46 21 26
46 22 26
46 26 26
47 70 26
47 71 26
48 68 26
48 69 26
49 66 26
49 67 26
51 132 26
52 23 26
52 24 26
53 21 26
53 22 26
54 63 26
54 65 26
55 19 26
55 20 26
57 131 26
58 17 26
58 18 26
59 15 26
59 16 26
60 13 26
60 14 26
62 129 26
63 62 26
63 68 26
63 70 26
63 78 26
64 60 26
64 62 26
66 106 26
66 137 26
66 142 26
66 144 26
68 8 26
68 10 26
69 6 26
69 7 26
71 4 26
71 5 26
72 128 26
74 150 26
74 1 26
76 127 26
78 126 26
79 147 26
79 148 26
80 145 26
80 146 26
81 143 26
81 144 26
84 58 26
84 59 26
85 137 26
85 142 26
86 133 26
86 136 26
87 131 26
87 132 26
88 128 26
88 129 26
89 126 26
89 127 26
90 124 26
90 125 26
91 125 26
92 16 26
92 17 26
92 18 26
92 19 26
93 124 26
94 123 26
95 122 26
96 121 26
98 56 26
98 57 26
99 122 26
99 123 26
100 53 26
100 55 26
102 117 26
102 121 26
103 101 26
103 102 26
104 97 26
104 99 26
105 90 26
105 93 26
106 87 26
106 89 26
107 120 26
110 51 26
110 52 26
113 82 26
113 83 26
115 1 26
115 5 26
115 6 26
115 7 26
116 113 26
116 114 26
118 45 26
118 50 26
119 107 26
119 112 26
120 105 26
120 106 26
121 117 26
122 80 26
122 81 26
123 81 26
123 90 26
123 93 26
123 97 26
124 116 26
125 115 26
126 76 26
126 78 26
127 74 26
127 75 26
128 69 26
128 70 26
129 114 26
131 113 26
132 62 26
132 68 26
132 70 26
132 78 26
133 67 26
133 68 26
134 42 26
134 43 26
135 39 26
135 41 26
136 65 26
136 66 26
137 62 26
137 63 26
139 37 26
139 38 26
140 34 26
140 36 26
141 103 26
141 104 26
143 59 26
143 60 26
145 57 26
145 58 26
146 55 26
146 56 26
147 51 26
147 53 26
148 43 26
148 45 26
149 119 26
150 39 26
150 42 26
0 108 27
0 112 27
1 106 27
1 107 27
2 104 27
2 105 27
3 102 27
3 103 27
4 99 27
4 101 27
7 96 27
7 97 27
8 150 27
9 34 27
9 35 27
9 36 27
9 37 27
10 148 27
11 94 27
11 95 27
12 29 27
12 30 27
12 32 27
12 33 27
13 91 27
13 93 27
14 89 27
14 90 27
15 87 27
15 88 27
16 106 27
16 137 27
16 142 27
16 144 27
17 85 27
17 86 27
18 147 27
19 82 27
19 83 27
20 146 27
21 81 27
21 90 27
21 93 27
21 97 27
22 80 27
22 81 27
23 145 27
24 78 27
24 79 27
25 76 27
25 77 27
26 74 27
26 75 27
28 72 27
28 73 27
29 70 27
29 71 27
30 62 27
30 68 27
30 70 27
30 78 27
31 8 27
31 10 27
31 13 27
31 15 27
32 68 27
32 69 27
34 144 27
37 35 27
37 36 27
38 33 27
38 34 27
39 31 27
39 32 27
40 66 27
40 67 27
42 143 27
43 29 27
43 30 27
44 63 27
44 65 27
47 60 27
47 62 27
48 142 27
49 141 27
50 27 27
50 28 27
51 25 27
51 26 27
52 1 27
52 5 27
52 6 27
52 7 27
54 58 27
54 59 27
55 137 27
56 136 27
57 23 27
57 24 27
58 133 27
59 132 27
61 56 27
61 57 27
62 21 27
62 22 27
65 19 27
65 20 27
66 106 27
66 137 27
66 142 27
66 144 27
67 17 27
67 18 27
68 15 27
68 16 27
69 131 27
70 13 27
70 14 27
71 8 27
71 10 27
73 6 27
73 7 27
74 4 27
74 5 27
75 150 27
75 1 27
76 147 27
76 148 27
78 145 27
78 146 27
80 143 27
80 144 27
81 129 27
82 137 27
82 142 27
83 133 27
83 136 27
84 53 27
84 55 27
85 131 27
85 132 27
86 128 27
86 129 27
87 126 27
87 127 27
89 124 27
89 125 27
90 122 27
90 123 27
91 117 27
91 121 27
92 51 27
92 52 27
93 128 27
94 113 27
94 114 27
96 107 27
96 112 27
98 45 27
98 50 27
100 127 27
101 126 27
102 81 27
102 90 27
102 93 27
102 97 27
105 97 27
105 99 27
106 125 27
107 90 27
107 93 27
109 20 27
109 21 27
109 22 27
109 26 27
110 42 27
110 43 27
111 39 27
111 41 27
113 87 27
113 89 27
114 62 27
114 68 27
114 70 27
114 78 27
115 105 27
115 106 27
118 124 27
119 103 27
119 104 27
121 82 27
121 83 27
122 120 27
123 80 27
123 81 27
124 119 27
125 117 27
126 76 27
126 78 27
127 74 27
127 75 27
128 69 27
128 70 27
129 67 27
129 68 27
130 16 27
130 17 27
130 18 27
130 19 27
132 65 27
132 66 27
133 62 27
133 63 27
134 123 27
136 59 27
136 60 27
137 116 27
139 37 27
139 38 27
140 122 27
141 101 27
141 102 27
142 115 27
143 57 27
143 58 27
144 55 27
144 56 27
145 114 27
146 51 27
146 53 27
147 113 27
148 43 27
148 45 27
149 121 27
150 39 27
150 42 27
1 108 28
1 112 28
2 106 28
2 107 28
3 150 28
4 34 28
4 35 28
4 36 28
4 37 28
5 104 28
5 105 28
6 148 28
7 147 28
8 102 28
8 103 28
9 99 28
9 101 28
10 96 28
10 97 28
11 94 28
11 95 28
12 91 28
12 93 28
13 89 28
13 90 28
14 87 28
14 88 28
15 85 28
15 86 28
16 29 28
16 30 28
16 32 28
16 33 28
17 82 28
17 83 28
18 80 28
18 81 28
19 78 28
19 79 28
21 146 28
23 145 28
24 76 28
24 77 28
25 144 28
26 143 28
27 74 28
27 75 28
28 72 28
28 73 28
29 70 28
29 71 28
30 68 28
30 69 28
31 29 28
31 30 28
32 27 28
32 28 28
33 25 28
33 26 28
34 16 28
34 17 28
34 18 28
34 19 28
35 23 28
35 24 28
36 21 28
36 22 28
37 19 28
37 20 28
38 17 28
38 18 28
39 8 28
39 10 28
39 13 28
39 15 28
40 142 28
41 20 28
41 21 28
41 22 28
41 26 28
43 15 28
43 16 28
44 66 28
44 67 28
45 141 28
47 63 28
47 65 28
49 137 28
51 13 28
51 14 28
52 8 28
52 10 28
53 6 28
53 7 28
54 60 28
54 62 28
55 4 28
55 5 28
56 150 28
56 1 28
57 136 28
58 147 28
58 148 28
59 1 28
59 5 28
59 6 28
59 7 28
61 58 28
61 59 28
62 68 28
62 70 28
62 78 28
62 81 28
64 56 28
64 57 28
66 145 28
66 146 28
68 133 28
69 106 28
69 137 28
69 142 28
69 144 28
72 143 28
72 144 28
73 137 28
73 142 28
74 132 28
75 133 28
75 136 28
76 131 28
78 129 28
79 131 28
79 132 28
80 81 28
80 90 28
80 93 28
80 97 28
81 128 28
81 129 28
82 126 28
82 127 28
83 124 28
83 125 28
85 128 28
87 127 28
88 122 28
88 123 28
91 117 28
91 121 28
92 126 28
93 125 28
94 113 28
94 114 28
95 124 28
96 107 28
96 112 28
97 82 28
97 83 28
99 80 28
99 81 28
100 53 28
100 55 28
101 76 28
101 78 28
102 74 28
102 75 28
103 69 28
103 70 28
105 123 28
107 67 28
107 68 28
108 105 28
108 106 28
109 51 28
109 52 28
110 45 28
110 50 28
111 42 28
111 43 28
112 122 28
113 121 28
114 62 28
114 68 28
114 70 28
114 78 28
115 103 28
115 104 28
116 101 28
116 102 28
118 39 28
118 41 28
119 97 28
119 99 28
120 90 28
120 93 28
121 65 28
121 66 28
122 62 28
122 63 28
123 59 28
123 60 28
124 119 28
125 57 28
125 58 28
126 55 28
126 56 28
128 51 28
128 53 28
131 117 28
132 106 28
132 137 28
132 142 28
132 144 28
133 116 28
134 37 28
134 38 28
136 115 28
137 43 28
137 45 28
138 35 28
138 36 28
139 33 28
139 34 28
140 120 28
141 87 28
141 89 28
143 114 28
144 39 28
144 42 28
145 113 28
147 62 28
147 90 28
147 93 28
147 97 28
149 31 28
149 32 28
0 108 29
0 112 29
1 106 29
1 107 29
4 104 29
4 105 29
6 29 29
6 30 29
6 32 29
6 33 29
7 150 29
9 102 29
9 103 29
11 99 29
11 101 29
12 96 29
12 97 29
13 94 29
13 95 29
15 91 29
15 93 29
16 89 29
16 90 29
17 87 29
17 88 29
22 85 29
22 86 29
23 82 29
23 83 29
24 80 29
24 81 29
26 1 29
26 5 29
26 6 29
26 7 29
27 78 29
27 79 29
28 148 29
29 76 29
29 77 29
30 74 29
30 75 29
31 32 29
31 33 29
32 147 29
33 29 29
33 30 29
34 146 29
38 27 29
38 28 29
39 145 29
42 25 29
42 26 29
43 144 29
44 34 29
44 35 29
44 36 29
44 37 29
45 23 29
45 24 29
46 72 29
46 73 29
47 70 29
47 71 29
48 68 29
48 69 29
49 143 29
50 21 29
50 22 29
51 19 29
51 20 29
52 142 29
54 66 29
54 67 29
55 17 29
55 18 29
56 15 29
56 16 29
57 13 29
57 14 29
59 8 29
59 10 29
60 106 29
60 137 29
60 142 29
60 144 29
61 63 29
61 65 29
62 6 29
62 7 29
63 4 29
63 5 29
64 60 29
64 62 29
65 150 29
65 1 29
66 147 29
66 148 29
67 145 29
67 146 29
68 143 29
68 144 29
69 137 29
69 142 29
72 133 29
72 136 29
73 131 29
73 132 29
74 141 29
75 128 29
75 129 29
76 81 29
76 90 29
76 93 29
76 97 29
77 20 29
77 21 29
77 22 29
77 26 29
78 126 29
78 127 29
79 124 29
79 125 29
80 122 29
80 123 29
81 137 29
82 62 29
82 68 29
82 70 29
82 78 29
83 136 29
84 58 29
84 59 29
86 117 29
86 121 29
87 113 29
87 114 29
88 16 29
88 17 29
88 18 29
88 19 29
89 107 29
89 112 29
90 105 29
90 106 29
91 133 29
92 132 29
93 103 29
93 104 29
94 101 29
94 102 29
95 97 29
95 99 29
97 131 29
98 56 29
98 57 29
99 90 29
99 93 29
100 53 29
100 55 29
101 87 29
101 89 29
102 129 29
103 82 29
103 83 29
105 80 29
105 81 29
106 128 29
107 127 29
109 51 29
109 52 29
110 126 29
111 45 29
111 50 29
112 76 29
112 78 29
113 74 29
113 75 29
114 125 29
116 124 29
119 8 29
119 10 29
119 13 29
119 15 29
120 123 29
121 69 29
121 70 29
122 120 29
123 67 29
123 68 29
124 106 29
124 137 29
124 142 29
124 144 29
125 119 29
127 65 29
127 66 29
128 117 29
129 116 29
130 122 29
131 115 29
132 81 29
132 90 29
132 93 29
132 97 29
133 62 29
133 63 29
134 42 29
134 43 29
135 39 29
135 41 29
136 59 29
136 60 29
137 57 29
137 58 29
138 37 29
138 38 29
139 35 29
139 36 29
140 121 29
141 114 29
142 55 29
142 56 29
143 51 29
143 53 29
144 43 29
144 45 29
145 113 29
146 39 29
146 42 29
148 62 29
148 68 29
148 70 29
148 78 29
149 31 29
149 34 29
0 108 30
0 112 30
1 106 30
1 107 30
2 104 30
2 105 30
3 102 30
3 103 30
4 99 30
4 101 30
5 150 30
6 96 30
6 97 30
7 94 30
7 95 30
8 148 30
9 34 30
9 35 30
9 36 30
9 37 30
10 147 30
11 91 30
11 93 30
13 89 30
13 90 30
15 146 30
16 87 30
16 88 30
17 85 30
17 86 30
18 82 30
18 83 30
19 80 30
19 81 30
20 145 30
22 8 30
22 10 30
22 13 30
22 15 30
25 78 30
25 79 30
26 1 30
26 5 30
26 6 30
26 7 30
27 76 30
27 77 30
28 74 30
28 75 30
29 72 30
29 73 30
30 70 30
30 71 30
31 144 30
32 143 30
33 142 30
34 141 30
35 29 30
35 30 30
36 27 30
36 28 30
37 25 30
37 26 30
38 23 30
38 24 30
39 21 30
39 22 30
40 68 30
40 69 30
42 19 30
42 20 30
43 137 30
44 66 30
44 67 30
45 17 30
45 18 30
46 63 30
46 65 30
47 60 30
47 62 30
48 58 30
48 59 30
52 15 30
52 16 30
54 56 30
54 57 30
56 13 30
56 14 30
57 8 30
57 10 30
58 6 30
58 7 30
59 106 30
59 137 30
59 142 30
59 144 30
61 53 30
61 55 30
63 4 30
63 5 30
64 51 30
64 52 30
65 136 30
68 133 30
69 81 30
69 90 30
69 93 30
69 97 30
70 150 30
70 1 30
71 147 30
71 148 30
72 20 30
72 21 30
72 22 30
72 26 30
73 132 30
74 131 30
75 62 30
75 68 30
75 70 30
75 78 30
76 145 30
76 146 30
77 143 30
77 144 30
78 81 30
78 90 30
78 93 30
78 97 30
79 137 30
79 142 30
80 133 30
80 136 30
81 129 30
82 128 30
83 131 30
83 132 30
85 128 30
85 129 30
86 127 30
88 126 30
88 127 30
89 106 30
89 137 30
89 142 30
89 144 30
90 126 30
92 45 30
92 50 30
93 62 30
93 68 30
93 70 30
93 78 30
94 125 30
95 124 30
95 125 30
96 122 30
96 123 30
97 124 30
99 117 30
99 121 30
100 123 30
101 113 30
101 114 30
102 107 30
102 112 30
103 101 30
103 102 30
104 122 30
106 121 30
107 97 30
107 99 30
108 120 30
109 42 30
109 43 30
110 39 30
110 41 30
111 37 30
111 38 30
112 90 30
112 93 30
113 87 30
113 89 30
115 105 30
115 106 30
117 82 30
117 83 30
118 119 30
119 116 30
120 16 30
120 17 30
120 18 30
120 19 30
121 115 30
122 80 30
122 81 30
128 76 30
128 78 30
129 114 30
131 74 30
131 75 30
132 69 30
132 70 30
133 67 30
133 68 30
135 35 30
135 36 30
137 65 30
137 66 30
138 33 30
138 34 30
139 117 30
140 31 30
140 32 30
141 103 30
141 104 30
142 62 30
142 63 30
143 59 30
143 60 30
144 57 30
144 58 30
145 113 30
146 55 30
146 56 30
147 51 30
147 53 30
148 43 30
148 45 30
149 29 30
149 30 30
149 32 30
149 33 30
150 39 30
150 42 30
0 142 31
0 143 31
1 140 31
1 141 31
2 149 31
3 138 31
3 139 31
4 136 31
4 137 31
6 133 31
6 135 31
7 131 31
7 132 31
8 123 31
8 130 31
9 121 31
9 122 31
11 119 31
11 120 31
13 117 31
13 118 31
15 148 31
16 108 31
16 111 31
18 106 31
18 107 31
19 104 31
19 105 31
21 101 31
21 103 31
22 97 31
22 100 31
23 94 31
23 95 31
24 22 31
24 23 31
26 19 31
26 21 31
27 92 31
27 93 31
28 17 31
28 18 31
31 14 31
31 15 31
32 12 31
32 13 31
33 9 31
33 10 31
34 90 31
34 91 31
37 5 31
37 8 31
38 3 31
38 4 31
39 83 31
39 85 31
40 1 31
40 2 31
41 77 31
41 78 31
42 148 31
42 149 31
44 146 31
44 147 31
45 144 31
45 145 31
46 75 31
46 76 31
47 142 31
47 143 31
48 140 31
48 141 31
49 138 31
49 139 31
50 136 31
50 137 31
52 133 31
52 135 31
54 131 31
54 132 31
55 123 31
55 130 31
56 121 31
56 122 31
57 119 31
57 120 31
58 117 31
58 118 31
59 73 31
59 74 31
60 67 31
60 68 31
61 108 31
61 111 31
62 147 31
63 106 31
63 107 31
64 104 31
64 105 31
65 101 31
65 103 31
66 146 31
67 97 31
67 100 31
68 94 31
68 95 31
69 65 31
69 66 31
75 91 31
75 92 31
77 78 31
77 90 31
78 83 31
78 85 31
79 63 31
79 64 31
80 145 31
82 61 31
82 62 31
83 75 31
83 76 31
85 73 31
85 74 31
86 57 31
86 58 31
89 55 31
89 56 31
91 67 31
91 68 31
94 65 31
94 66 31
96 53 31
96 54 31
98 51 31
98 52 31
101 63 31
101 64 31
102 49 31
102 50 31
104 61 31
104 62 31
105 57 31
105 58 31
106 55 31
106 56 31
107 144 31
108 53 31
108 54 31
109 47 31
109 48 31
111 51 31
111 52 31
112 44 31
112 45 31
114 40 31
114 42 31
117 49 31
117 50 31
121 47 31
121 48 31
122 44 31
122 45 31
123 38 31
123 42 31
126 37 31
126 38 31
127 32 31
127 33 31
128 30 31
128 31 31
129 28 31
129 29 31
130 33 31
130 37 31
131 31 31
131 32 31
132 28 31
132 29 31
135 24 31
135 26 31
136 22 31
136 23 31
137 19 31
137 21 31
139 15 31
139 18 31
143 13 31
143 14 31
144 10 31
144 12 31
145 8 31
145 9 31
146 3 31
146 5 31
147 1 31
147 2 31
150 24 31
150 26 31
0 108 32
0 112 32
1 150 32
2 106 32
2 107 32
3 104 32
3 105 32
4 148 32
5 102 32
5 103 32
6 99 32
6 101 32
7 106 32
7 137 32
7 142 32
7 144 32
9 147 32
10 96 32
10 97 32
11 94 32
11 95 32
12 91 32
12 93 32
13 89 32
13 90 32
15 87 32
15 88 32
18 85 32
18 86 32
19 82 32
19 83 32
23 80 32
23 81 32
26 78 32
26 79 32
27 1 32
27 5 32
27 6 32
27 7 32
28 76 32
28 77 32
29 146 32
30 145 32
31 74 32
31 75 32
33 72 32
33 73 32
34 144 32
35 70 32
35 71 32
36 35 32
36 37 32
39 81 32
39 90 32
39 93 32
39 97 32
40 68 32
40 69 32
41 33 32
41 34 32
42 31 32
42 32 32
43 29 32
43 30 32
44 66 32
44 67 32
46 63 32
46 65 32
47 143 32
48 60 32
48 62 32
49 142 32
50 27 32
50 28 32
51 141 32
52 25 32
52 26 32
53 23 32
53 24 32
54 34 32
54 35 32
54 36 32
54 37 32
55 62 32
55 68 32
55 70 32
55 78 32
57 21 32
57 22 32
58 106 32
58 137 32
58 142 32
58 144 32
59 19 32
59 20 32
61 58 32
61 59 32
62 137 32
63 17 32
63 18 32
64 29 32
64 30 32
64 32 32
64 33 32
65 15 32
65 16 32
66 13 32
66 14 32
67 8 32
67 10 32
68 6 32
68 7 32
69 136 32
71 133 32
72 4 32
72 5 32
75 132 32
77 150 32
77 1 32
78 147 32
78 148 32
80 145 32
80 146 32
81 143 32
81 144 32
82 137 32
82 142 32
83 131 32
84 129 32
85 133 32
85 136 32
86 131 32
86 132 32
87 128 32
87 129 32
88 126 32
88 127 32
89 128 32
90 127 32
92 20 32
92 21 32
92 22 32
92 26 32
93 124 32
93 125 32
94 126 32
95 122 32
95 123 32
96 125 32
97 124 32
98 56 32
98 57 32
99 117 32
99 121 32
100 53 32
100 55 32
101 113 32
101 114 32
102 101 32
102 103 32
103 97 32
103 99 32
105 90 32
105 93 32
106 87 32
106 89 32
107 81 32
107 90 32
107 93 32
107 97 32
108 107 32
108 112 32
110 51 32
110 52 32
111 16 32
111 17 32
111 18 32
111 19 32
112 82 32
112 83 32
113 123 32
114 122 32
115 105 32
115 106 32
117 80 32
117 81 32
119 102 32
119 104 32
120 119 32
121 76 32
121 78 32
122 74 32
122 75 32
123 69 32
123 70 32
124 67 32
124 68 32
125 65 32
125 66 32
126 117 32
127 116 32
128 62 32
128 63 32
129 59 32
129 60 32
130 121 32
132 57 32
132 58 32
133 115 32
134 8 32
134 10 32
134 13 32
134 15 32
135 45 32
135 50 32
137 114 32
138 120 32
139 42 32
139 43 32
140 39 32
140 41 32
141 113 32
142 55 32
142 56 32
145 51 32
145 53 32
146 62 32
146 68 32
146 70 32
146 78 32
147 43 32
147 45 32
148 39 32
148 42 32
149 36 32
149 38 32
2 142 33
2 143 33
3 140 33
3 141 33
5 149 33
6 138 33
6 139 33
9 136 33
9 137 33
10 133 33
10 135 33
12 148 33
13 131 33
13 132 33
15 123 33
15 130 33
17 121 33
17 122 33
18 119 33
18 120 33
19 117 33
19 118 33
20 147 33
23 108 33
23 111 33
24 106 33
24 107 33
28 24 33
28 26 33
30 22 33
30 23 33
32 19 33
32 21 33
33 17 33
33 18 33
34 104 33
34 105 33
35 101 33
35 103 33
37 14 33
37 15 33
38 12 33
38 13 33
40 9 33
40 10 33
42 5 33
42 8 33
43 97 33
43 100 33
44 3 33
44 4 33
45 1 33
45 2 33
46 94 33
46 95 33
47 148 33
47 149 33
48 146 33
48 147 33
49 144 33
49 145 33
50 142 33
50 143 33
51 140 33
51 141 33
53 138 33
53 139 33
55 136 33
55 137 33
56 133 33
56 135 33
57 131 33
57 132 33
59 92 33
59 93 33
60 90 33
60 91 33
62 123 33
62 130 33
63 121 33
63 122 33
65 119 33
65 120 33
66 117 33
66 118 33
67 108 33
67 111 33
68 106 33
68 107 33
69 83 33
69 85 33
70 77 33
70 78 33
71 75 33
71 76 33
73 104 33
73 105 33
75 101 33
75 103 33
76 97 33
76 100 33
77 94 33
77 95 33
78 91 33
78 92 33
80 73 33
80 74 33
82 67 33
82 68 33
83 78 33
83 85 33
84 65 33
84 66 33
85 75 33
85 76 33
86 63 33
86 64 33
88 61 33
88 62 33
89 57 33
89 58 33
90 73 33
90 74 33
93 83 33
93 90 33
95 146 33
96 55 33
96 56 33
97 67 33
97 68 33
98 53 33
98 54 33
99 51 33
99 52 33
101 65 33
101 66 33
102 49 33
102 50 33
103 63 33
103 64 33
104 61 33
104 62 33
105 57 33
105 58 33
106 55 33
106 56 33
108 53 33
108 54 33
110 47 33
110 48 33
111 51 33
111 52 33
114 145 33
117 49 33
117 50 33
118 47 33
118 48 33
119 44 33
119 45 33
121 38 33
121 42 33
123 33 33
123 37 33
124 44 33
124 45 33
125 40 33
125 42 33
127 37 33
127 38 33
128 32 33
128 33 33
129 30 33
129 31 33
130 31 33
130 32 33
131 144 33
132 28 33
132 29 33
133 24 33
133 26 33
137 22 33
137 23 33
140 19 33
140 21 33
141 15 33
141 18 33
143 13 33
143 14 33
145 10 33
145 12 33
147 8 33
147 9 33
148 3 33
148 5 33
149 1 33
149 2 33
150 28 33
150 29 33
