24 106 10
38 105 10
69 47 10
69 73 10
78 44 10
78 46 10
100 105 10
100 106 10
119 104 10
128 103 10
128 104 10
134 103 10
1 106 11
2 105 11
4 47 11
4 73 11
43 104 11
63 44 11
63 46 11
77 105 11
77 106 11
82 103 11
82 104 11
92 103 11
29 47 13
29 73 13
34 106 13
43 105 13
57 104 13
70 103 13
100 44 13
100 46 13
119 105 13
119 106 13
132 103 13
132 104 13
77 106 15
99 47 15
99 73 15
101 105 15
102 44 15
102 46 15
116 105 15
116 106 15
135 104 15
147 103 15
150 103 15
150 104 15
0 93 18
0 95 18
1 150 18
3 91 18
3 92 18
5 148 18
6 147 18
7 88 18
7 90 18
8 146 18
9 86 18
9 87 18
12 84 18
12 85 18
13 145 18
14 81 18
14 82 18
15 79 18
15 80 18
16 140 18
18 10 18
18 11 18
20 139 18
21 138 18
22 137 18
24 8 18
24 9 18
25 4 18
25 7 18
27 148 18
27 0 18
28 146 18
28 147 18
29 140 18
29 145 18
30 134 18
31 138 18
31 139 18
35 77 18
35 78 18
37 72 18
37 75 18
40 133 18
43 132 18
44 133 18
44 137 18
46 69 18
46 70 18
47 131 18
48 131 18
48 132 18
49 108 18
49 122 18
51 67 18
51 68 18
52 98 18
52 100 18
53 64 18
53 65 18
54 128 18
55 49 18
55 50 18
56 47 18
56 48 18
57 127 18
59 44 18
59 45 18
60 126 18
61 125 18
62 122 18
63 61 18
63 62 18
66 59 18
66 60 18
67 96 18
67 97 18
68 93 18
68 95 18
69 42 18
69 43 18
71 116 18
74 57 18
74 58 18
75 113 18
79 111 18
80 40 18
80 41 18
81 109 18
82 91 18
82 92 18
83 55 18
83 56 18
84 36 18
84 39 18
85 30 18
85 31 18
87 85 18
87 88 18
89 52 18
89 54 18
90 108 18
93 28 18
93 29 18
94 49 18
94 50 18
95 25 18
95 27 18
96 23 18
96 24 18
97 21 18
97 22 18
98 18 18
98 20 18
101 47 18
101 48 18
102 106 18
103 81 18
103 84 18
104 78 18
104 80 18
106 72 18
106 77 18
107 44 18
107 45 18
110 42 18
110 43 18
111 65 18
111 69 18
112 40 18
112 41 18
113 61 18
113 64 18
114 38 18
114 39 18
116 59 18
116 60 18
117 34 18
117 36 18
118 105 18
119 32 18
119 33 18
120 30 18
120 31 18
121 28 18
121 29 18
122 99 18
123 104 18
124 103 18
126 98 18
127 97 18
128 56 18
128 58 18
130 100 18
133 96 18
135 25 18
135 27 18
136 23 18
136 24 18
137 16 18
137 17 18
138 10 18
138 11 18
141 21 18
141 22 18
143 18 18
143 20 18
144 16 18
144 17 18
147 7 18
147 8 18
148 0 18
148 4 18
150 54 18
150 55 18
1 93 19
1 95 19
2 91 19
2 92 19
3 88 19
3 90 19
6 86 19
6 87 19
7 84 19
7 85 19
8 81 19
8 82 19
9 150 19
10 79 19
10 80 19
13 148 19
14 147 19
16 77 19
16 78 19
17 72 19
17 75 19
19 69 19
19 70 19
20 146 19
21 67 19
21 68 19
23 24 19
23 25 19
24 145 19
25 21 19
25 22 19
26 64 19
26 65 19
27 18 19
27 20 19
28 16 19
28 17 19
31 10 19
31 11 19
32 8 19
32 9 19
33 140 19
34 4 19
34 7 19
36 148 19
36 0 19
37 61 19
37 62 19
39 139 19
40 146 19
40 147 19
42 140 19
42 145 19
43 138 19
43 139 19
44 133 19
44 137 19
46 59 19
46 60 19
49 47 19
49 48 19
50 44 19
50 45 19
51 138 19
52 137 19
55 134 19
56 133 19
57 131 19
57 132 19
61 132 19
62 108 19
62 122 19
63 57 19
63 58 19
66 55 19
66 56 19
67 98 19
67 100 19
68 96 19
68 97 19
70 131 19
71 128 19
73 52 19
73 54 19
75 93 19
75 95 19
76 49 19
76 50 19
77 42 19
77 43 19
80 40 19
80 41 19
81 36 19
81 39 19
83 127 19
85 30 19
85 31 19
86 91 19
86 92 19
88 28 19
88 29 19
89 126 19
90 125 19
91 25 19
91 27 19
92 23 19
92 24 19
93 21 19
93 22 19
94 122 19
97 116 19
99 85 19
99 88 19
100 18 19
100 20 19
101 113 19
102 47 19
102 48 19
103 111 19
104 81 19
104 84 19
105 78 19
105 80 19
106 72 19
106 77 19
107 44 19
107 45 19
109 103 19
110 42 19
110 43 19
111 65 19
111 69 19
112 109 19
113 100 19
114 40 19
114 41 19
115 108 19
116 61 19
116 64 19
117 38 19
117 39 19
120 34 19
120 36 19
121 106 19
122 99 19
124 32 19
124 33 19
125 59 19
125 60 19
127 56 19
127 58 19
128 54 19
128 55 19
129 30 19
129 31 19
130 28 19
130 29 19
131 16 19
131 17 19
132 98 19
133 10 19
133 11 19
134 97 19
135 23 19
135 27 19
136 105 19
138 96 19
139 7 19
139 8 19
143 104 19
147 0 19
147 4 19
150 49 19
150 50 19
1 93 20
1 95 20
2 150 20
3 91 20
3 92 20
4 148 20
5 88 20
5 90 20
7 86 20
7 87 20
8 147 20
9 146 20
10 84 20
10 85 20
11 81 20
11 82 20
13 79 20
13 80 20
15 77 20
15 78 20
16 10 20
16 11 20
17 8 20
17 9 20
18 145 20
19 72 20
19 75 20
21 4 20
21 7 20
26 69 20
26 70 20
28 148 20
28 0 20
31 146 20
31 147 20
32 140 20
32 145 20
34 138 20
34 139 20
35 67 20
35 68 20
37 140 20
38 139 20
39 133 20
39 137 20
40 138 20
41 131 20
41 132 20
42 137 20
43 108 20
43 122 20
44 98 20
44 100 20
45 134 20
46 64 20
46 65 20
47 96 20
47 97 20
48 93 20
48 95 20
50 133 20
51 132 20
52 91 20
52 92 20
53 61 20
53 62 20
56 54 20
56 55 20
57 85 20
57 88 20
58 49 20
58 50 20
60 47 20
60 48 20
61 44 20
61 45 20
62 81 20
62 84 20
65 42 20
65 43 20
66 59 20
66 60 20
70 131 20
71 57 20
71 58 20
73 55 20
73 56 20
74 52 20
74 54 20
75 128 20
76 49 20
76 50 20
77 127 20
78 40 20
78 41 20
79 78 20
79 80 20
81 36 20
81 39 20
84 126 20
88 125 20
91 30 20
91 31 20
93 122 20
94 47 20
94 48 20
95 116 20
96 28 20
96 29 20
97 25 20
97 27 20
98 23 20
98 24 20
99 113 20
100 111 20
102 44 20
102 45 20
103 109 20
104 103 20
106 100 20
107 42 20
107 43 20
108 21 20
108 22 20
109 72 20
109 77 20
110 40 20
110 41 20
111 99 20
112 38 20
112 39 20
114 108 20
115 34 20
115 36 20
116 65 20
116 69 20
117 32 20
117 33 20
118 30 20
118 31 20
119 28 20
119 29 20
120 25 20
120 27 20
122 18 20
122 20 20
124 106 20
125 61 20
125 64 20
126 59 20
126 60 20
128 56 20
128 58 20
131 98 20
135 23 20
135 24 20
136 21 20
136 22 20
139 16 20
139 17 20
140 97 20
141 105 20
142 18 20
142 20 20
144 104 20
145 10 20
145 11 20
146 96 20
147 7 20
147 8 20
148 0 20
148 4 20
149 16 20
149 17 20
0 150 21
2 93 21
2 95 21
4 91 21
4 92 21
6 88 21
6 90 21
7 86 21
7 87 21
8 148 21
10 84 21
10 85 21
11 81 21
11 82 21
12 79 21
12 80 21
13 77 21
13 78 21
17 72 21
17 75 21
18 69 21
18 70 21
20 67 21
20 68 21
21 22 21
21 23 21
22 147 21
23 18 21
23 20 21
24 16 21
24 17 21
25 146 21
27 10 21
27 11 21
28 8 21
28 9 21
29 145 21
30 140 21
32 4 21
32 7 21
34 139 21
35 64 21
35 65 21
36 148 21
36 0 21
37 61 21
37 62 21
38 146 21
38 147 21
40 140 21
40 145 21
41 138 21
41 139 21
42 133 21
42 137 21
43 131 21
43 132 21
44 108 21
44 122 21
45 138 21
46 59 21
46 60 21
47 98 21
47 100 21
48 47 21
48 49 21
50 137 21
51 57 21
51 58 21
53 55 21
53 56 21
54 44 21
54 45 21
55 42 21
55 43 21
56 134 21
57 96 21
57 97 21
58 40 21
58 41 21
63 133 21
66 52 21
66 54 21
67 93 21
67 95 21
68 91 21
68 92 21
69 36 21
69 39 21
70 132 21
71 131 21
73 49 21
73 50 21
74 47 21
74 48 21
75 85 21
75 88 21
76 44 21
76 45 21
77 128 21
79 127 21
82 81 21
82 84 21
83 42 21
83 43 21
88 30 21
88 31 21
89 126 21
91 28 21
91 29 21
93 25 21
93 27 21
94 125 21
95 23 21
95 24 21
96 21 21
96 22 21
97 122 21
98 116 21
99 113 21
101 40 21
101 41 21
102 111 21
103 104 21
104 78 21
104 80 21
105 72 21
105 77 21
106 100 21
107 38 21
107 39 21
109 65 21
109 69 21
110 109 21
112 108 21
113 61 21
113 64 21
115 34 21
115 36 21
120 32 21
120 33 21
121 106 21
123 30 21
123 31 21
126 59 21
126 60 21
127 56 21
127 58 21
128 54 21
128 55 21
129 28 21
129 29 21
131 18 21
131 20 21
132 99 21
133 16 21
133 17 21
134 98 21
137 10 21
137 11 21
138 7 21
138 8 21
139 97 21
140 0 21
140 4 21
141 25 21
141 27 21
143 105 21
144 103 21
145 96 21
149 21 21
149 24 21
150 48 21
150 50 21
0 150 23
1 148 23
2 147 23
4 146 23
5 93 23
5 95 23
7 91 23
7 92 23
8 88 23
8 90 23
9 86 23
9 87 23
11 145 23
13 84 23
13 85 23
14 81 23
14 82 23
17 79 23
17 80 23
18 77 23
18 78 23
19 72 23
19 75 23
20 140 23
21 139 23
22 69 23
22 70 23
24 67 23
24 68 23
25 64 23
25 65 23
26 61 23
26 62 23
27 138 23
29 25 23
29 27 23
30 23 23
30 24 23
32 21 23
32 22 23
33 137 23
34 18 23
34 20 23
35 59 23
35 60 23
36 134 23
37 57 23
37 58 23
38 133 23
39 16 23
39 17 23
40 10 23
40 11 23
42 8 23
42 9 23
43 132 23
45 4 23
45 7 23
46 55 23
46 56 23
47 148 23
47 0 23
49 146 23
49 147 23
51 131 23
52 128 23
53 52 23
53 54 23
54 127 23
55 126 23
57 140 23
57 145 23
58 138 23
58 139 23
60 56 23
60 58 23
61 54 23
61 55 23
63 49 23
63 50 23
67 133 23
67 137 23
70 125 23
71 47 23
71 48 23
72 49 23
72 50 23
75 131 23
75 132 23
76 44 23
76 45 23
78 122 23
79 116 23
80 47 23
80 48 23
81 44 23
81 45 23
83 42 23
83 43 23
84 42 23
84 43 23
85 40 23
85 41 23
86 108 23
86 122 23
87 98 23
87 100 23
88 36 23
88 39 23
90 96 23
90 97 23
95 30 23
95 31 23
96 28 23
96 29 23
98 113 23
99 93 23
99 95 23
100 103 23
101 111 23
102 109 23
103 91 23
103 92 23
104 99 23
107 108 23
109 98 23
110 106 23
113 85 23
113 88 23
115 40 23
115 41 23
116 81 23
116 84 23
117 38 23
117 39 23
119 34 23
119 36 23
121 32 23
121 33 23
122 25 23
122 27 23
123 105 23
125 78 23
125 80 23
126 72 23
126 77 23
128 65 23
128 69 23
130 104 23
131 97 23
132 23 23
132 24 23
134 61 23
134 64 23
137 21 23
137 22 23
138 18 23
138 20 23
140 16 23
140 17 23
142 30 23
142 31 23
143 100 23
145 96 23
146 10 23
146 11 23
147 7 23
147 8 23
148 0 23
148 4 23
149 28 23
149 29 23
150 59 23
150 60 23
0 120 24
0 121 24
1 54 24
1 55 24
1 57 24
1 58 24
2 118 24
2 119 24
4 116 24
4 117 24
5 113 24
5 115 24
6 111 24
6 112 24
7 150 24
8 109 24
8 110 24
9 107 24
9 108 24
10 105 24
10 106 24
11 103 24
11 104 24
12 101 24
12 102 24
13 149 24
14 50 24
14 51 24
14 52 24
14 53 24
15 99 24
15 100 24
16 97 24
16 98 24
17 148 24
18 1 24
18 3 24
18 5 24
18 14 24
19 95 24
19 96 24
20 93 24
20 94 24
21 91 24
21 92 24
22 87 24
22 89 24
23 85 24
23 86 24
24 19 24
24 20 24
24 23 24
24 25 24
25 147 24
26 83 24
26 84 24
27 81 24
27 82 24
28 79 24
28 80 24
29 77 24
29 78 24
30 75 24
30 76 24
31 73 24
31 74 24
32 14 24
32 16 24
32 17 24
32 18 24
33 146 24
34 71 24
34 72 24
35 69 24
35 70 24
36 67 24
36 68 24
37 65 24
37 66 24
38 76 24
38 77 24
38 78 24
39 8 24
39 9 24
39 10 24
39 11 24
40 63 24
40 64 24
41 61 24
41 62 24
42 59 24
42 60 24
43 57 24
43 58 24
44 55 24
44 56 24
45 106 24
45 123 24
45 130 24
45 134 24
46 53 24
46 54 24
47 145 24
48 4 24
48 5 24
48 6 24
48 7 24
49 45 24
49 46 24
50 43 24
50 44 24
51 144 24
52 143 24
53 41 24
53 42 24
54 0 24
54 1 24
54 2 24
54 3 24
55 138 24
55 139 24
55 140 24
55 148 24
56 39 24
56 40 24
57 142 24
58 37 24
58 38 24
59 46 24
59 47 24
59 48 24
59 49 24
60 73 24
60 74 24
60 75 24
61 34 24
61 36 24
62 32 24
62 33 24
63 141 24
64 140 24
65 30 24
65 31 24
66 71 24
66 78 24
66 81 24
66 92 24
67 27 24
67 29 24
68 106 24
68 123 24
68 130 24
68 134 24
69 25 24
69 26 24
70 23 24
70 24 24
71 64 24
71 66 24
71 74 24
71 77 24
73 20 24
73 21 24
74 52 24
74 53 24
74 57 24
74 62 24
75 139 24
76 77 24
76 78 24
76 81 24
76 92 24
77 69 24
77 71 24
77 72 24
78 138 24
79 18 24
79 19 24
80 16 24
80 17 24
82 65 24
82 66 24
82 68 24
83 13 24
83 14 24
84 11 24
84 12 24
85 9 24
85 10 24
86 7 24
86 8 24
87 64 24
87 66 24
87 71 24
87 74 24
88 51 24
88 52 24
89 5 24
89 6 24
90 49 24
90 50 24
91 137 24
92 42 24
92 45 24
92 46 24
92 47 24
93 136 24
94 3 24
94 4 24
95 1 24
95 2 24
96 135 24
97 41 24
97 42 24
97 44 24
97 45 24
98 134 24
99 150 24
99 0 24
100 132 24
101 52 24
101 53 24
101 57 24
101 62 24
103 147 24
103 148 24
104 131 24
105 130 24
106 144 24
106 145 24
107 37 24
107 38 24
107 39 24
107 40 24
108 141 24
108 142 24
109 129 24
110 139 24
110 140 24
111 134 24
111 138 24
113 128 24
114 61 24
114 62 24
114 63 24
114 64 24
115 130 24
115 131 24
116 115 24
116 117 24
117 112 24
117 113 24
118 128 24
118 129 24
119 110 24
119 111 24
120 126 24
121 106 24
121 109 24
122 31 24
122 32 24
122 33 24
122 34 24
123 17 24
123 18 24
123 20 24
123 37 24
124 104 24
124 105 24
125 102 24
125 103 24
126 127 24
128 100 24
128 101 24
129 125 24
130 1 24
130 3 24
130 5 24
130 14 24
131 124 24
132 126 24
132 127 24
133 47 24
133 48 24
134 96 24
134 98 24
135 124 24
135 125 24
136 121 24
136 123 24
137 123 24
138 92 24
138 93 24
140 89 24
140 91 24
141 86 24
141 87 24
142 84 24
142 85 24
143 24 24
143 26 24
143 27 24
143 29 24
144 81 24
144 82 24
145 42 24
145 45 24
145 46 24
145 47 24
146 122 24
147 17 24
147 18 24
147 20 24
147 37 24
148 79 24
148 80 24
149 116 24
149 119 24
0 93 25
0 95 25
1 91 25
1 92 25
5 150 25
6 88 25
6 90 25
7 148 25
8 86 25
8 87 25
9 84 25
9 85 25
10 81 25
10 82 25
12 147 25
13 146 25
15 79 25
15 80 25
17 145 25
18 77 25
18 78 25
19 140 25
20 72 25
20 75 25
21 22 25
21 23 25
22 139 25
23 18 25
23 20 25
24 138 25
28 16 25
28 17 25
29 10 25
29 11 25
30 8 25
30 9 25
31 4 25
31 7 25
34 148 25
34 0 25
37 69 25
37 70 25
39 146 25
39 147 25
40 137 25
41 134 25
42 140 25
42 145 25
44 138 25
44 139 25
45 133 25
45 137 25
46 67 25
46 68 25
51 64 25
51 65 25
52 131 25
52 132 25
53 61 25
53 62 25
54 133 25
56 132 25
57 108 25
57 122 25
58 47 25
58 48 25
60 44 25
60 45 25
61 131 25
62 98 25
62 100 25
63 59 25
63 60 25
64 42 25
64 43 25
65 128 25
66 57 25
66 58 25
67 96 25
67 97 25
68 93 25
68 95 25
69 40 25
69 41 25
71 127 25
72 126 25
75 91 25
75 92 25
79 85 25
79 88 25
81 36 25
81 39 25
82 81 25
82 84 25
85 30 25
85 31 25
86 78 25
86 80 25
89 55 25
89 56 25
90 125 25
91 122 25
94 52 25
94 54 25
97 28 25
97 29 25
99 72 25
99 77 25
100 25 25
100 27 25
102 116 25
103 65 25
103 69 25
104 61 25
104 64 25
105 104 25
106 103 25
107 49 25
107 50 25
109 59 25
109 60 25
111 100 25
112 113 25
114 47 25
114 48 25
115 111 25
116 99 25
117 44 25
117 45 25
118 109 25
119 108 25
120 42 25
120 43 25
121 40 25
121 41 25
124 38 25
124 39 25
125 56 25
125 58 25
127 98 25
130 106 25
132 23 25
132 24 25
134 54 25
134 55 25
135 34 25
135 36 25
136 32 25
136 33 25
137 21 25
137 22 25
138 18 25
138 20 25
139 97 25
140 16 25
140 17 25
141 30 25
141 31 25
142 28 25
142 29 25
143 25 25
143 27 25
144 21 25
144 24 25
145 10 25
145 11 25
146 7 25
146 8 25
147 96 25
148 0 25
148 4 25
149 105 25
150 49 25
150 50 25
0 54 26
0 55 26
0 57 26
0 58 26
2 120 26
2 121 26
3 118 26
3 119 26
4 50 26
4 51 26
4 52 26
4 53 26
5 116 26
5 117 26
6 46 26
6 47 26
6 48 26
6 49 26
7 150 26
8 41 26
8 42 26
8 44 26
8 45 26
9 113 26
9 115 26
10 37 26
10 38 26
10 39 26
10 40 26
11 111 26
11 112 26
12 109 26
12 110 26
13 107 26
13 108 26
14 105 26
14 106 26
15 149 26
16 103 26
16 104 26
17 77 26
17 78 26
17 81 26
17 92 26
18 101 26
18 102 26
19 99 26
19 100 26
20 148 26
21 97 26
21 98 26
22 76 26
22 77 26
22 78 26
23 31 26
23 32 26
23 33 26
23 34 26
24 95 26
24 96 26
25 19 26
25 20 26
25 23 26
25 24 26
27 93 26
27 94 26
28 61 26
28 62 26
28 63 26
28 64 26
29 91 26
29 92 26
30 147 26
31 146 26
32 87 26
32 89 26
33 85 26
33 86 26
34 83 26
34 84 26
35 145 26
36 144 26
37 143 26
38 81 26
38 82 26
39 79 26
39 80 26
40 142 26
41 141 26
42 77 26
42 78 26
43 75 26
43 76 26
44 73 26
44 74 26
44 75 26
45 73 26
45 74 26
46 42 26
46 45 26
46 47 26
46 52 26
47 71 26
47 72 26
48 69 26
48 70 26
49 140 26
50 67 26
50 68 26
51 14 26
51 16 26
51 17 26
51 18 26
52 139 26
53 65 26
53 66 26
54 8 26
54 9 26
54 10 26
54 11 26
55 56 26
55 57 26
56 53 26
56 54 26
57 138 26
58 137 26
59 51 26
59 52 26
60 136 26
61 4 26
61 5 26
61 6 26
61 7 26
62 69 26
62 71 26
62 72 26
63 0 26
63 1 26
63 2 26
63 3 26
64 49 26
64 50 26
65 135 26
66 47 26
66 48 26
67 45 26
67 46 26
68 43 26
68 44 26
69 41 26
69 42 26
70 39 26
70 40 26
71 17 26
71 18 26
71 20 26
71 37 26
72 138 26
72 139 26
72 140 26
72 148 26
73 37 26
73 38 26
74 34 26
74 36 26
76 134 26
77 1 26
77 3 26
77 5 26
77 14 26
78 32 26
78 33 26
79 132 26
80 30 26
80 31 26
81 27 26
81 29 26
82 25 26
82 26 26
83 131 26
84 130 26
85 129 26
86 106 26
86 123 26
86 130 26
86 134 26
87 23 26
87 24 26
88 63 26
88 64 26
89 128 26
90 61 26
90 62 26
91 20 26
91 21 26
92 127 26
93 18 26
93 19 26
94 126 26
95 16 26
95 17 26
96 77 26
96 78 26
96 81 26
96 92 26
98 13 26
98 14 26
101 11 26
101 12 26
102 64 26
102 66 26
102 71 26
102 74 26
103 52 26
103 53 26
103 57 26
103 62 26
104 9 26
104 10 26
105 7 26
105 8 26
106 5 26
106 6 26
107 3 26
107 4 26
109 125 26
110 1 26
110 2 26
111 150 26
111 0 26
112 42 26
112 45 26
112 46 26
112 47 26
113 147 26
113 148 26
114 59 26
114 60 26
115 144 26
115 145 26
116 141 26
116 142 26
117 139 26
117 140 26
118 134 26
118 138 26
119 117 26
119 121 26
120 130 26
120 131 26
121 115 26
121 116 26
122 124 26
123 112 26
123 113 26
124 17 26
124 18 26
124 20 26
124 37 26
125 110 26
125 111 26
126 106 26
126 109 26
127 104 26
127 105 26
128 1 26
128 3 26
128 5 26
128 14 26
129 102 26
129 103 26
130 100 26
130 101 26
131 96 26
131 98 26
132 128 26
132 129 26
133 55 26
133 58 26
134 92 26
134 93 26
135 123 26
136 25 26
136 26 26
136 27 26
136 29 26
137 65 26
137 66 26
137 68 26
138 89 26
138 91 26
139 86 26
139 87 26
140 64 26
140 66 26
140 71 26
140 74 26
141 106 26
141 123 26
141 130 26
141 134 26
143 126 26
143 127 26
144 84 26
144 85 26
145 81 26
145 82 26
146 124 26
146 125 26
147 122 26
148 46 26
148 53 26
148 57 26
148 62 26
149 119 26
149 123 26
150 79 26
150 80 26
0 120 27
0 121 27
1 150 27
2 118 27
2 119 27
3 116 27
3 117 27
4 149 27
5 76 27
5 77 27
5 78 27
6 113 27
6 115 27
7 111 27
7 112 27
8 109 27
8 110 27
9 107 27
9 108 27
10 148 27
11 105 27
11 106 27
12 103 27
12 104 27
13 101 27
13 102 27
14 99 27
14 100 27
15 97 27
15 98 27
16 95 27
16 96 27
17 54 27
17 55 27
17 57 27
17 58 27
18 147 27
19 50 27
19 51 27
19 52 27
19 53 27
20 17 27
20 18 27
20 37 27
20 42 27
21 146 27
23 93 27
23 94 27
25 91 27
25 92 27
26 87 27
26 89 27
27 145 27
28 144 27
29 85 27
29 86 27
30 83 27
30 84 27
31 81 27
31 82 27
32 79 27
32 80 27
33 46 27
33 47 27
33 48 27
33 49 27
34 143 27
35 77 27
35 78 27
36 75 27
36 76 27
37 73 27
37 74 27
38 71 27
38 72 27
39 69 27
39 70 27
40 67 27
40 68 27
41 31 27
41 32 27
41 33 27
41 34 27
42 65 27
42 66 27
43 63 27
43 64 27
44 25 27
44 26 27
44 27 27
44 29 27
45 61 27
45 62 27
47 142 27
48 73 27
48 74 27
48 75 27
49 141 27
50 140 27
51 59 27
51 60 27
52 1 27
52 3 27
52 5 27
52 14 27
53 52 27
53 57 27
53 62 27
53 64 27
54 19 27
54 20 27
54 23 27
54 24 27
55 139 27
56 53 27
56 54 27
57 51 27
57 52 27
58 49 27
58 50 27
59 138 27
60 47 27
60 48 27
61 45 27
61 46 27
62 43 27
62 44 27
63 137 27
64 42 27
64 45 27
64 46 27
64 47 27
65 136 27
66 41 27
66 42 27
67 41 27
67 42 27
67 44 27
67 45 27
68 39 27
68 40 27
69 37 27
69 38 27
70 34 27
70 36 27
71 135 27
72 134 27
73 32 27
73 33 27
74 30 27
74 31 27
75 27 27
75 29 27
76 25 27
76 26 27
77 17 27
77 18 27
77 20 27
77 37 27
78 23 27
78 24 27
79 20 27
79 21 27
80 18 27
80 19 27
83 16 27
83 17 27
84 132 27
85 13 27
85 14 27
86 14 27
86 16 27
86 17 27
86 18 27
87 131 27
88 57 27
88 58 27
89 11 27
89 12 27
90 61 27
90 62 27
90 63 27
90 64 27
91 130 27
92 9 27
92 10 27
93 129 27
94 7 27
94 8 27
95 69 27
95 71 27
95 72 27
96 5 27
96 6 27
98 3 27
98 4 27
99 1 27
99 2 27
100 150 27
100 0 27
102 147 27
102 148 27
103 144 27
103 145 27
104 141 27
104 142 27
105 8 27
105 9 27
105 10 27
105 11 27
106 1 27
106 3 27
106 5 27
106 14 27
107 128 27
108 139 27
108 140 27
109 134 27
109 138 27
110 130 27
110 131 27
111 4 27
111 5 27
111 6 27
111 7 27
112 0 27
112 1 27
112 2 27
112 3 27
113 110 27
113 111 27
114 55 27
114 56 27
115 138 27
115 139 27
115 140 27
115 148 27
116 106 27
116 123 27
116 130 27
116 134 27
117 106 27
117 109 27
118 128 27
118 129 27
119 77 27
119 78 27
119 81 27
119 92 27
120 126 27
120 127 27
121 104 27
121 105 27
122 124 27
122 125 27
123 102 27
123 103 27
124 100 27
124 101 27
125 96 27
125 98 27
126 64 27
126 66 27
126 71 27
126 74 27
127 52 27
127 53 27
127 57 27
127 62 27
128 126 27
129 125 27
130 92 27
130 93 27
131 89 27
131 91 27
132 124 27
133 127 27
134 86 27
134 87 27
135 121 27
135 123 27
136 37 27
136 38 27
136 39 27
136 40 27
137 117 27
137 119 27
138 106 27
138 123 27
138 130 27
138 134 27
139 77 27
139 78 27
139 81 27
139 92 27
140 53 27
140 66 27
140 71 27
140 74 27
141 65 27
141 66 27
141 68 27
142 84 27
142 85 27
143 123 27
144 20 27
144 45 27
144 46 27
144 47 27
146 115 27
146 116 27
147 122 27
148 81 27
148 82 27
149 112 27
149 113 27
150 79 27
150 80 27
0 54 28
0 55 28
0 57 28
0 58 28
1 120 28
1 121 28
2 118 28
2 119 28
3 116 28
3 117 28
4 113 28
4 115 28
5 150 28
6 111 28
6 112 28
7 109 28
7 110 28
8 50 28
8 51 28
8 52 28
8 53 28
9 107 28
9 108 28
10 76 28
10 77 28
10 78 28
11 105 28
11 106 28
12 73 28
12 74 28
12 75 28
13 69 28
13 71 28
13 72 28
14 106 28
14 123 28
14 130 28
14 134 28
15 103 28
15 104 28
16 101 28
16 102 28
17 77 28
17 78 28
17 81 28
17 92 28
18 64 28
18 66 28
18 71 28
18 74 28
19 99 28
19 100 28
20 97 28
20 98 28
21 95 28
21 96 28
22 93 28
22 94 28
23 149 28
24 91 28
24 92 28
25 26 28
25 27 28
25 29 28
25 31 28
26 87 28
26 89 28
27 148 28
28 85 28
28 86 28
29 83 28
29 84 28
30 147 28
31 146 28
33 19 28
33 20 28
33 23 28
33 24 28
34 81 28
34 82 28
35 145 28
36 79 28
36 80 28
37 144 28
38 77 28
38 78 28
39 14 28
39 16 28
39 17 28
39 18 28
40 75 28
40 76 28
41 8 28
41 9 28
41 10 28
41 11 28
42 73 28
42 74 28
43 71 28
43 72 28
44 69 28
44 70 28
45 67 28
45 68 28
46 65 28
46 66 28
47 63 28
47 64 28
48 61 28
48 62 28
49 4 28
49 5 28
49 6 28
49 7 28
50 59 28
50 60 28
51 57 28
51 58 28
52 42 28
52 45 28
52 46 28
52 47 28
53 55 28
53 56 28
54 0 28
54 1 28
54 2 28
54 3 28
55 138 28
55 139 28
55 140 28
55 148 28
56 53 28
56 54 28
57 143 28
58 51 28
58 52 28
59 49 28
59 50 28
60 142 28
61 47 28
61 48 28
62 141 28
63 45 28
63 46 28
65 43 28
65 44 28
66 41 28
66 42 28
67 39 28
67 40 28
68 140 28
69 37 28
69 38 28
70 34 28
70 36 28
71 32 28
71 33 28
72 30 28
72 31 28
73 27 28
73 29 28
74 25 28
74 26 28
75 23 28
75 24 28
76 139 28
77 20 28
77 21 28
78 18 28
78 19 28
79 16 28
79 17 28
80 138 28
81 17 28
81 18 28
81 20 28
81 37 28
84 137 28
85 136 28
86 13 28
86 14 28
88 61 28
88 62 28
88 63 28
88 64 28
89 11 28
89 12 28
90 135 28
91 9 28
91 10 28
92 134 28
93 7 28
93 8 28
94 5 28
94 6 28
95 3 28
95 4 28
96 132 28
97 1 28
97 2 28
98 106 28
98 123 28
98 130 28
98 134 28
99 150 28
99 0 28
101 147 28
101 148 28
102 144 28
102 145 28
103 77 28
103 78 28
103 81 28
103 92 28
104 141 28
104 142 28
105 131 28
107 130 28
108 129 28
109 139 28
109 140 28
110 134 28
110 138 28
111 128 28
112 130 28
112 131 28
113 112 28
113 115 28
114 127 28
115 110 28
115 111 28
116 106 28
116 109 28
117 104 28
117 105 28
118 46 28
118 47 28
118 48 28
118 49 28
119 126 28
120 41 28
120 42 28
120 44 28
120 45 28
121 102 28
121 103 28
122 128 28
122 129 28
123 100 28
123 101 28
124 96 28
124 98 28
125 64 28
125 66 28
125 71 28
125 74 28
126 52 28
126 53 28
126 57 28
126 62 28
127 42 28
127 45 28
127 46 28
127 47 28
128 92 28
128 93 28
129 89 28
129 91 28
131 124 28
132 37 28
132 38 28
132 39 28
132 40 28
133 125 28
134 1 28
134 3 28
134 5 28
134 14 28
135 25 28
135 32 28
135 33 28
135 34 28
136 126 28
136 127 28
137 124 28
137 125 28
138 52 28
138 53 28
138 57 28
138 62 28
139 123 28
140 86 28
140 87 28
141 17 28
141 18 28
141 20 28
141 37 28
142 122 28
143 121 28
143 123 28
144 84 28
144 85 28
145 81 28
145 82 28
146 117 28
146 119 28
147 79 28
147 80 28
148 65 28
148 66 28
148 68 28
149 113 28
149 116 28
150 1 28
150 3 28
150 5 28
150 14 28
0 120 29
0 121 29
1 118 29
1 119 29
2 150 29
3 77 29
3 78 29
3 81 29
3 92 29
4 116 29
4 117 29
6 113 29
6 115 29
7 50 29
7 51 29
7 52 29
7 53 29
8 111 29
8 112 29
9 149 29
10 46 29
10 47 29
10 48 29
10 49 29
11 41 29
11 42 29
11 44 29
11 45 29
13 37 29
13 38 29
13 39 29
13 40 29
14 109 29
14 110 29
15 148 29
16 76 29
16 77 29
16 78 29
17 147 29
18 107 29
18 108 29
19 105 29
19 106 29
20 103 29
20 104 29
21 146 29
22 61 29
22 62 29
22 63 29
22 64 29
23 14 29
23 16 29
23 17 29
23 18 29
24 8 29
24 9 29
24 10 29
24 11 29
25 101 29
25 102 29
26 4 29
26 5 29
26 6 29
26 7 29
27 99 29
27 100 29
29 0 29
29 1 29
29 2 29
29 3 29
30 31 29
30 32 29
30 33 29
30 34 29
31 145 29
32 97 29
32 98 29
33 95 29
33 96 29
34 93 29
34 94 29
35 91 29
35 92 29
36 144 29
37 73 29
37 74 29
37 75 29
38 87 29
38 89 29
39 85 29
39 86 29
40 138 29
40 139 29
40 140 29
40 148 29
41 143 29
42 83 29
42 84 29
43 142 29
44 81 29
44 82 29
45 141 29
46 79 29
46 80 29
48 77 29
48 78 29
49 75 29
49 76 29
50 73 29
50 74 29
51 106 29
51 123 29
51 130 29
51 134 29
52 71 29
52 72 29
53 57 29
53 66 29
53 71 29
53 74 29
54 140 29
55 69 29
55 70 29
56 67 29
56 68 29
57 52 29
57 53 29
57 62 29
57 64 29
58 139 29
59 25 29
59 26 29
59 27 29
59 29 29
60 19 29
60 20 29
60 23 29
60 24 29
61 62 29
61 63 29
62 59 29
62 60 29
63 138 29
64 57 29
64 58 29
65 77 29
65 78 29
65 81 29
65 92 29
66 65 29
66 68 29
66 69 29
67 55 29
67 56 29
68 53 29
68 54 29
69 64 29
69 66 29
69 71 29
69 74 29
70 51 29
70 52 29
71 42 29
71 45 29
71 46 29
71 47 29
72 137 29
73 49 29
73 50 29
74 136 29
75 52 29
75 53 29
75 57 29
75 62 29
76 135 29
77 47 29
77 48 29
78 45 29
78 46 29
79 43 29
79 44 29
80 41 29
80 42 29
81 39 29
81 40 29
82 37 29
82 38 29
83 34 29
83 36 29
84 32 29
84 33 29
85 30 29
85 31 29
86 27 29
86 29 29
87 25 29
87 26 29
88 65 29
88 66 29
89 23 29
89 24 29
90 61 29
90 64 29
92 17 29
92 18 29
92 20 29
92 37 29
93 20 29
93 21 29
94 134 29
96 18 29
96 19 29
97 16 29
97 17 29
98 13 29
98 14 29
99 11 29
99 12 29
100 9 29
100 10 29
101 7 29
101 8 29
102 5 29
102 6 29
103 132 29
104 3 29
104 4 29
105 131 29
106 1 29
106 2 29
107 150 29
107 0 29
108 147 29
108 148 29
109 144 29
109 145 29
110 141 29
110 142 29
111 139 29
111 140 29
112 42 29
112 45 29
112 46 29
112 47 29
113 134 29
113 138 29
115 130 29
115 131 29
116 130 29
117 128 29
117 129 29
118 126 29
118 127 29
119 117 29
119 121 29
120 129 29
121 115 29
121 116 29
122 124 29
122 125 29
123 1 29
123 3 29
123 5 29
123 14 29
124 112 29
124 113 29
125 110 29
125 111 29
126 106 29
126 109 29
128 17 29
128 18 29
128 20 29
128 37 29
129 104 29
129 105 29
130 128 29
131 102 29
131 103 29
132 66 29
132 71 29
132 72 29
133 54 29
133 55 29
133 57 29
133 58 29
134 100 29
134 101 29
135 127 29
136 126 29
137 119 29
137 123 29
138 96 29
138 98 29
139 92 29
139 93 29
140 125 29
141 89 29
141 91 29
142 1 29
142 3 29
142 5 29
142 14 29
143 124 29
144 86 29
144 87 29
145 84 29
145 85 29
146 123 29
147 106 29
147 123 29
147 130 29
147 134 29
148 81 29
148 82 29
149 122 29
150 79 29
150 80 29
0 150 30
1 120 30
1 121 30
2 46 30
2 47 30
2 48 30
2 49 30
3 149 30
4 148 30
6 41 30
6 42 30
6 44 30
6 45 30
7 118 30
7 119 30
8 76 30
8 77 30
8 78 30
9 116 30
9 117 30
10 8 30
10 9 30
10 11 30
10 14 30
11 113 30
11 115 30
12 147 30
13 73 30
13 74 30
13 75 30
14 52 30
14 53 30
14 57 30
14 62 30
15 111 30
15 112 30
16 4 30
16 5 30
16 6 30
16 7 30
17 109 30
17 110 30
18 107 30
18 108 30
19 105 30
19 106 30
20 103 30
20 104 30
21 146 30
22 101 30
22 102 30
23 99 30
23 100 30
24 97 30
24 98 30
25 145 30
26 95 30
26 96 30
27 0 30
27 1 30
27 2 30
27 3 30
28 61 30
28 62 30
28 63 30
28 64 30
29 93 30
29 94 30
30 91 30
30 92 30
31 87 30
31 89 30
32 144 30
33 85 30
33 86 30
34 83 30
34 84 30
36 143 30
37 81 30
37 82 30
38 79 30
38 80 30
39 77 30
39 78 30
40 75 30
40 76 30
41 73 30
41 74 30
42 71 30
42 72 30
43 142 30
44 69 30
44 70 30
45 17 30
45 18 30
45 20 30
45 37 30
46 67 30
46 68 30
47 65 30
47 66 30
48 138 30
48 139 30
48 140 30
48 148 30
49 106 30
49 123 30
49 130 30
49 134 30
50 77 30
50 78 30
50 81 30
50 92 30
51 64 30
51 66 30
51 71 30
51 74 30
52 141 30
53 63 30
53 64 30
54 52 30
54 53 30
54 57 30
54 62 30
55 61 30
55 62 30
56 55 30
56 57 30
57 53 30
57 54 30
58 51 30
58 52 30
59 140 30
60 139 30
61 49 30
61 50 30
62 138 30
63 137 30
64 47 30
64 48 30
65 45 30
65 46 30
66 43 30
66 44 30
67 41 30
67 42 30
68 39 30
68 40 30
69 37 30
69 38 30
70 37 30
70 38 30
70 39 30
70 40 30
71 34 30
71 36 30
72 32 30
72 33 30
73 42 30
73 45 30
73 46 30
73 47 30
74 30 30
74 31 30
75 27 30
75 29 30
76 25 30
76 26 30
77 23 30
77 24 30
78 20 30
78 21 30
79 18 30
79 19 30
80 16 30
80 17 30
81 1 30
81 3 30
81 5 30
81 14 30
82 13 30
82 14 30
84 17 30
84 18 30
84 20 30
84 37 30
85 69 30
85 71 30
85 72 30
86 136 30
88 59 30
88 60 30
89 11 30
89 12 30
90 56 30
90 58 30
91 9 30
91 10 30
92 135 30
93 7 30
93 8 30
94 31 30
94 32 30
94 33 30
94 34 30
95 5 30
95 6 30
96 134 30
97 3 30
97 4 30
98 1 30
98 3 30
98 5 30
98 14 30
99 25 30
99 26 30
99 27 30
99 29 30
100 1 30
100 2 30
101 132 30
103 150 30
103 0 30
104 147 30
104 148 30
105 106 30
105 123 30
105 130 30
105 134 30
106 131 30
107 144 30
107 145 30
108 19 30
108 20 30
108 23 30
108 24 30
109 141 30
109 142 30
110 139 30
110 140 30
111 130 30
112 134 30
112 138 30
113 130 30
113 131 30
114 54 30
114 55 30
114 57 30
114 58 30
115 77 30
115 78 30
115 81 30
115 92 30
116 115 30
116 117 30
117 64 30
117 66 30
117 71 30
117 74 30
118 128 30
118 129 30
120 129 30
121 128 30
122 126 30
122 127 30
123 112 30
123 113 30
124 110 30
124 111 30
125 127 30
127 106 30
127 109 30
128 126 30
129 104 30
129 105 30
130 102 30
130 103 30
131 100 30
131 101 30
132 125 30
133 50 30
133 51 30
133 52 30
133 53 30
134 96 30
134 98 30
135 10 30
135 16 30
135 17 30
135 18 30
136 124 30
136 125 30
137 121 30
137 123 30
138 42 30
138 45 30
138 46 30
138 47 30
139 124 30
141 92 30
141 93 30
142 65 30
142 66 30
142 68 30
143 116 30
143 119 30
144 89 30
144 91 30
145 86 30
145 87 30
146 123 30
147 84 30
147 85 30
148 81 30
148 82 30
149 122 30
150 79 30
150 80 30
0 120 31
0 121 31
1 150 31
2 149 31
3 118 31
3 119 31
4 61 31
4 62 31
4 63 31
4 64 31
5 148 31
6 147 31
7 116 31
7 117 31
8 113 31
8 115 31
9 111 31
9 112 31
11 109 31
11 110 31
12 107 31
12 108 31
13 54 31
13 55 31
13 57 31
13 58 31
14 105 31
14 106 31
15 103 31
15 104 31
17 101 31
17 102 31
19 50 31
19 51 31
19 52 31
19 53 31
20 146 31
21 99 31
21 100 31
22 97 31
22 98 31
23 95 31
23 96 31
25 93 31
25 94 31
26 91 31
26 92 31
27 87 31
27 89 31
28 85 31
28 86 31
29 19 31
29 20 31
29 23 31
29 24 31
30 83 31
30 84 31
31 145 31
32 81 31
32 82 31
33 79 31
33 80 31
34 76 31
34 77 31
34 78 31
35 77 31
35 78 31
36 75 31
36 76 31
37 73 31
37 74 31
38 71 31
38 72 31
40 144 31
41 143 31
42 69 31
42 70 31
43 142 31
44 14 31
44 16 31
44 17 31
44 18 31
45 106 31
45 123 31
45 130 31
45 134 31
46 67 31
46 68 31
47 65 31
47 66 31
48 63 31
48 64 31
49 61 31
49 62 31
50 59 31
50 60 31
51 73 31
51 74 31
51 75 31
52 57 31
52 58 31
53 52 31
53 57 31
53 62 31
53 64 31
54 51 31
54 52 31
55 49 31
55 50 31
56 47 31
56 48 31
57 45 31
57 46 31
58 43 31
58 44 31
59 41 31
59 42 31
60 39 31
60 40 31
61 37 31
61 38 31
62 42 31
62 45 31
62 46 31
62 47 31
63 34 31
63 36 31
64 17 31
64 18 31
64 20 31
64 37 31
65 32 31
65 33 31
66 30 31
66 31 31
67 141 31
68 140 31
69 8 31
69 9 31
69 10 31
69 11 31
70 27 31
70 29 31
72 25 31
72 26 31
73 139 31
74 23 31
74 24 31
75 20 31
75 21 31
76 4 31
76 5 31
76 6 31
76 7 31
77 138 31
78 1 31
78 3 31
78 5 31
78 14 31
79 18 31
79 19 31
80 16 31
80 17 31
81 13 31
81 14 31
82 137 31
83 46 31
83 47 31
83 48 31
83 49 31
84 136 31
85 11 31
85 12 31
86 9 31
86 10 31
87 7 31
87 8 31
88 135 31
89 5 31
89 6 31
90 134 31
91 132 31
92 3 31
92 4 31
93 0 31
93 1 31
93 2 31
93 3 31
95 41 31
95 42 31
95 44 31
95 45 31
96 138 31
96 139 31
96 140 31
96 148 31
97 1 31
97 2 31
98 106 31
98 123 31
98 130 31
98 134 31
99 131 31
100 150 31
100 0 31
101 147 31
101 148 31
102 130 31
103 144 31
103 145 31
104 77 31
104 78 31
104 81 31
104 92 31
105 141 31
105 142 31
106 129 31
107 37 31
107 38 31
107 39 31
107 40 31
108 69 31
108 71 31
108 72 31
110 139 31
110 140 31
111 134 31
111 138 31
112 128 31
113 130 31
113 131 31
114 55 31
114 56 31
115 64 31
115 66 31
115 71 31
115 74 31
116 112 31
116 113 31
117 110 31
117 111 31
118 128 31
118 129 31
119 52 31
119 53 31
119 57 31
119 62 31
120 31 31
120 32 31
120 33 31
120 34 31
121 106 31
121 109 31
122 126 31
122 127 31
123 104 31
123 105 31
124 102 31
124 103 31
125 100 31
125 101 31
126 42 31
126 45 31
126 46 31
126 47 31
127 96 31
127 98 31
128 127 31
129 17 31
129 18 31
129 20 31
129 37 31
130 92 31
130 93 31
131 89 31
131 91 31
132 25 31
132 26 31
132 27 31
132 29 31
133 53 31
133 54 31
134 126 31
135 125 31
136 124 31
136 125 31
137 121 31
137 123 31
138 77 31
138 78 31
138 81 31
138 92 31
139 86 31
139 87 31
140 53 31
140 66 31
140 71 31
140 74 31
141 84 31
141 85 31
142 124 31
143 117 31
143 119 31
144 1 31
144 3 31
144 5 31
144 14 31
145 65 31
145 66 31
145 68 31
146 115 31
146 116 31
147 81 31
147 82 31
148 123 31
149 122 31
150 79 31
150 80 31
0 50 32
0 51 32
0 52 32
0 53 32
1 77 32
1 78 32
1 81 32
1 92 32
2 120 32
2 121 32
3 118 32
3 119 32
4 116 32
4 117 32
5 113 32
5 115 32
6 111 32
6 112 32
7 150 32
8 109 32
8 110 32
10 149 32
11 107 32
11 108 32
12 105 32
12 106 32
13 103 32
13 104 32
14 148 32
15 101 32
15 102 32
16 46 32
16 47 32
16 48 32
16 49 32
17 99 32
17 100 32
18 97 32
18 98 32
19 95 32
19 96 32
20 64 32
20 66 32
20 71 32
20 74 32
21 93 32
21 94 32
22 91 32
22 92 32
23 41 32
23 42 32
23 44 32
23 45 32
24 87 32
24 89 32
25 85 32
25 86 32
26 83 32
26 84 32
27 81 32
27 82 32
28 147 32
29 146 32
30 79 32
30 80 32
31 19 32
31 20 32
31 23 32
31 24 32
32 77 32
32 78 32
33 145 32
34 75 32
34 76 32
35 144 32
36 73 32
36 74 32
37 71 32
37 72 32
38 69 32
38 70 32
40 67 32
40 68 32
41 14 32
41 16 32
41 17 32
41 18 32
42 143 32
43 65 32
43 66 32
44 8 32
44 9 32
44 10 32
44 11 32
45 52 32
45 53 32
45 57 32
45 62 32
46 63 32
46 64 32
47 61 32
47 62 32
48 142 32
49 59 32
49 60 32
50 4 32
50 5 32
50 6 32
50 7 32
51 0 32
51 1 32
51 2 32
51 3 32
52 57 32
52 58 32
53 51 32
53 52 32
54 49 32
54 50 32
55 47 32
55 48 32
56 45 32
56 46 32
57 42 32
57 45 32
57 46 32
57 47 32
58 43 32
58 44 32
59 141 32
60 140 32
61 41 32
61 42 32
62 139 32
63 39 32
63 40 32
64 17 32
64 18 32
64 20 32
64 37 32
65 138 32
65 139 32
65 140 32
65 148 32
66 37 32
66 38 32
67 34 32
67 36 32
69 138 32
70 32 32
70 33 32
71 137 32
72 76 32
72 77 32
72 78 32
73 30 32
73 31 32
74 27 32
74 29 32
75 25 32
75 26 32
76 23 32
76 24 32
77 136 32
78 1 32
78 3 32
78 5 32
78 14 32
79 73 32
79 74 32
79 75 32
80 20 32
80 21 32
81 18 32
81 19 32
82 16 32
82 17 32
83 13 32
83 14 32
84 106 32
84 123 32
84 130 32
84 134 32
85 11 32
85 12 32
86 135 32
87 134 32
88 61 32
88 62 32
88 63 32
88 64 32
89 132 32
90 54 32
90 55 32
90 57 32
90 58 32
91 69 32
91 71 32
91 72 32
92 9 32
92 10 32
93 7 32
93 8 32
94 5 32
94 6 32
95 3 32
95 4 32
97 1 32
97 2 32
98 150 32
98 0 32
99 37 32
99 38 32
99 39 32
99 40 32
100 77 32
100 78 32
100 81 32
100 92 32
101 64 32
101 66 32
101 71 32
101 74 32
102 52 32
102 53 32
102 57 32
102 62 32
103 147 32
103 148 32
104 42 32
104 45 32
104 46 32
104 47 32
105 144 32
105 145 32
106 141 32
106 142 32
107 139 32
107 140 32
108 134 32
108 138 32
109 130 32
109 131 32
110 128 32
110 129 32
111 126 32
111 127 32
112 124 32
112 125 32
113 121 32
113 123 32
114 55 32
114 56 32
115 112 32
115 113 32
116 17 32
116 18 32
116 20 32
116 37 32
118 117 32
118 119 32
119 131 32
120 130 32
121 110 32
121 111 32
122 129 32
123 106 32
123 109 32
124 104 32
124 105 32
125 1 32
125 3 32
125 5 32
125 14 32
126 102 32
126 103 32
127 100 32
127 101 32
129 96 32
129 98 32
131 92 32
131 93 32
132 31 32
132 32 32
132 33 32
132 34 32
133 53 32
133 54 32
134 89 32
134 91 32
135 128 32
136 25 32
136 26 32
136 27 32
136 29 32
137 127 32
138 86 32
138 87 32
139 126 32
140 65 32
140 66 32
140 68 32
141 84 32
141 85 32
142 81 32
142 82 32
143 125 32
144 106 32
144 123 32
144 130 32
144 134 32
145 124 32
146 115 32
146 116 32
147 123 32
148 122 32
150 79 32
150 80 32
0 150 33
1 93 33
1 95 33
2 91 33
2 92 33
3 88 33
3 90 33
5 148 33
6 86 33
6 87 33
7 147 33
10 84 33
10 85 33
11 81 33
11 82 33
13 79 33
13 80 33
14 77 33
14 78 33
15 146 33
17 72 33
17 75 33
18 145 33
19 140 33
21 69 33
21 70 33
22 67 33
22 68 33
23 64 33
23 65 33
25 27 33
25 28 33
26 61 33
26 62 33
27 23 33
27 24 33
29 21 33
29 22 33
30 18 33
30 20 33
31 139 33
32 16 33
32 17 33
33 10 33
33 11 33
34 8 33
34 9 33
35 59 33
35 60 33
38 4 33
38 7 33
39 138 33
40 148 33
40 0 33
41 137 33
45 146 33
45 147 33
47 140 33
47 145 33
49 134 33
52 138 33
52 139 33
53 57 33
53 58 33
54 133 33
54 137 33
55 133 33
57 132 33
58 131 33
58 132 33
60 59 33
60 61 33
61 56 33
61 58 33
62 108 33
62 122 33
63 55 33
63 56 33
64 54 33
64 55 33
65 49 33
65 50 33
66 131 33
67 98 33
67 100 33
68 128 33
69 127 33
70 126 33
72 47 33
72 48 33
74 52 33
74 54 33
75 96 33
75 97 33
76 49 33
76 50 33
79 93 33
79 95 33
80 44 33
80 45 33
82 125 33
83 122 33
85 116 33
86 113 33
87 91 33
87 92 33
90 85 33
90 88 33
91 42 33
91 43 33
92 40 33
92 41 33
94 111 33
96 36 33
96 39 33
97 109 33
100 30 33
100 31 33
104 81 33
104 84 33
106 78 33
106 80 33
108 104 33
109 72 33
109 77 33
110 108 33
111 103 33
113 100 33
115 47 33
115 48 33
116 99 33
118 44 33
118 45 33
119 42 33
119 43 33
120 40 33
120 41 33
127 65 33
127 69 33
128 60 33
128 64 33
129 38 33
129 39 33
130 106 33
131 28 33
131 29 33
132 25 33
132 27 33
133 23 33
133 24 33
134 98 33
135 34 33
135 36 33
136 105 33
137 21 33
137 22 33
138 97 33
139 18 33
139 20 33
140 16 33
140 17 33
141 32 33
141 33 33
143 30 33
143 31 33
144 25 33
144 29 33
145 10 33
145 11 33
146 7 33
146 8 33
147 96 33
148 0 33
148 4 33
