0 145 17
1 144 17
2 46 17
2 47 17
3 143 17
5 33 17
5 40 17
5 48 17
6 44 17
6 45 17
7 15 17
7 25 17
7 32 17
8 42 17
8 43 17
10 142 17
11 141 17
12 140 17
13 14 17
13 15 17
17 139 17
18 138 17
22 137 17
23 136 17
26 135 17
27 11 17
27 12 17
28 134 17
30 129 17
31 7 17
31 8 17
32 128 17
33 5 17
33 6 17
34 40 17
34 41 17
35 127 17
36 126 17
37 2 17
37 3 17
38 37 17
38 39 17
43 125 17
45 124 17
46 134 17
46 1 17
47 127 17
47 129 17
48 123 17
50 121 17
51 113 17
54 33 17
54 35 17
55 111 17
56 110 17
57 109 17
58 107 17
59 106 17
60 104 17
61 101 17
62 95 17
63 7 17
63 15 17
63 16 17
64 93 17
66 125 17
66 126 17
67 123 17
67 124 17
68 101 17
68 113 17
69 91 17
70 65 17
74 64 17
75 88 17
75 95 17
76 90 17
78 89 17
79 88 17
80 31 17
80 32 17
82 29 17
82 32 17
82 33 17
83 63 17
84 62 17
85 22 17
85 25 17
85 26 17
86 28 17
86 29 17
88 49 17
88 51 17
91 61 17
92 26 17
92 27 17
94 84 17
95 60 17
96 24 17
96 25 17
99 83 17
100 22 17
100 23 17
101 47 17
101 48 17
103 77 17
104 59 17
105 75 17
106 58 17
107 57 17
109 74 17
109 84 17
112 74 17
113 56 17
115 73 17
116 20 17
116 21 17
118 72 17
120 71 17
121 55 17
122 19 17
122 20 17
122 21 17
125 53 17
127 40 17
127 45 17
128 52 17
129 37 17
129 39 17
131 18 17
131 19 17
132 70 17
134 51 17
136 50 17
137 49 17
138 48 17
139 59 17
139 61 17
140 113 17
140 5 17
140 6 17
141 53 17
141 55 17
146 13 17
146 16 17
147 68 17
148 67 17
150 66 17
0 145 18
2 46 18
2 47 18
3 144 18
4 143 18
6 44 18
6 45 18
7 42 18
7 43 18
8 40 18
8 41 18
10 142 18
11 141 18
13 37 18
13 39 18
14 140 18
17 139 18
18 138 18
19 137 18
20 136 18
23 135 18
25 134 18
26 129 18
29 15 18
29 16 18
31 13 18
31 14 18
33 128 18
34 33 18
34 35 18
37 127 18
39 126 18
40 125 18
41 11 18
41 12 18
42 7 18
42 8 18
43 124 18
44 123 18
45 5 18
45 6 18
46 121 18
47 2 18
47 3 18
48 113 18
49 51 18
49 53 18
51 111 18
53 47 18
53 48 18
55 40 18
55 45 18
56 110 18
58 109 18
59 107 18
60 106 18
62 134 18
62 1 18
64 104 18
65 127 18
65 129 18
66 7 18
66 15 18
66 16 18
67 101 18
68 125 18
68 126 18
69 95 18
70 67 18
71 66 18
73 65 18
74 64 18
76 93 18
77 123 18
77 124 18
79 91 18
80 90 18
81 89 18
82 88 18
85 84 18
86 29 18
86 32 18
86 33 18
87 31 18
87 32 18
89 113 18
89 5 18
89 6 18
91 33 18
91 40 18
91 48 18
92 28 18
92 29 18
93 63 18
95 62 18
97 83 18
99 26 18
99 27 18
101 61 18
103 77 18
106 60 18
107 101 18
107 113 18
109 59 18
110 58 18
112 75 18
113 57 18
114 22 18
114 25 18
114 26 18
115 19 18
115 20 18
115 21 18
116 74 18
117 73 18
118 24 18
118 25 18
120 22 18
120 23 18
121 56 18
122 72 18
123 55 18
124 37 18
124 39 18
126 53 18
127 52 18
128 88 18
128 95 18
129 51 18
131 20 18
131 21 18
132 71 18
133 70 18
134 50 18
135 49 18
136 74 18
136 84 18
137 59 18
137 61 18
138 15 18
138 25 18
138 32 18
140 49 18
140 55 18
143 48 18
146 18 18
146 19 18
149 68 18
1 46 20
1 47 20
2 145 20
3 144 20
4 44 20
4 45 20
5 143 20
6 42 20
6 43 20
7 142 20
8 141 20
9 140 20
10 139 20
11 138 20
12 137 20
18 13 20
18 14 20
19 11 20
19 12 20
20 113 20
20 5 20
20 6 20
21 33 20
21 40 20
21 48 20
22 7 20
22 8 20
24 5 20
24 6 20
25 2 20
25 3 20
26 136 20
28 135 20
29 134 20
31 129 20
32 128 20
33 127 20
34 126 20
37 125 20
40 124 20
41 134 20
41 1 20
42 123 20
44 121 20
45 113 20
46 111 20
48 47 20
48 49 20
50 110 20
52 22 20
52 25 20
52 26 20
53 109 20
55 40 20
55 45 20
56 107 20
60 106 20
61 104 20
63 101 20
64 127 20
64 129 20
66 95 20
67 66 20
68 65 20
69 93 20
70 64 20
71 125 20
71 126 20
73 63 20
74 62 20
75 123 20
75 124 20
76 91 20
77 61 20
78 40 20
78 41 20
79 90 20
81 89 20
83 101 20
83 113 20
86 88 20
87 84 20
90 60 20
91 88 20
91 95 20
94 83 20
95 59 20
96 37 20
96 39 20
98 33 20
98 35 20
99 77 20
100 31 20
100 32 20
101 58 20
102 28 20
102 29 20
103 75 20
104 19 20
104 20 20
104 21 20
107 57 20
108 74 20
110 7 20
110 15 20
110 16 20
111 56 20
114 73 20
115 26 20
115 27 20
116 24 20
116 25 20
118 72 20
121 55 20
122 71 20
125 15 20
125 25 20
125 32 20
126 53 20
127 52 20
128 74 20
128 84 20
130 22 20
130 23 20
131 70 20
132 68 20
133 20 20
133 21 20
134 37 20
134 39 20
135 59 20
135 61 20
137 51 20
139 50 20
142 53 20
142 55 20
143 49 20
144 48 20
145 48 20
145 51 20
147 29 20
147 32 20
147 33 20
148 18 20
148 19 20
149 67 20
150 15 20
150 16 20
0 145 21
2 144 21
3 143 21
8 142 21
9 141 21
10 140 21
12 46 21
12 47 21
14 139 21
15 138 21
18 137 21
19 136 21
20 135 21
21 13 21
21 14 21
22 11 21
22 12 21
23 134 21
24 129 21
25 7 21
25 8 21
27 5 21
27 6 21
28 128 21
29 127 21
31 126 21
32 2 21
32 3 21
33 134 21
33 1 21
34 125 21
35 127 21
35 129 21
36 44 21
36 45 21
38 42 21
38 43 21
40 124 21
42 123 21
43 121 21
44 113 21
47 125 21
47 126 21
49 51 21
49 53 21
50 7 21
50 15 21
50 16 21
54 111 21
56 110 21
57 109 21
58 107 21
59 106 21
61 104 21
63 101 21
64 123 21
64 124 21
66 101 21
66 113 21
67 95 21
68 93 21
71 70 21
72 68 21
74 67 21
75 66 21
76 29 21
76 32 21
76 33 21
77 65 21
78 91 21
79 90 21
80 89 21
81 40 21
81 41 21
82 88 21
83 88 21
83 95 21
84 47 21
84 48 21
85 37 21
85 39 21
86 84 21
87 33 21
87 35 21
90 64 21
91 113 21
91 5 21
91 6 21
93 63 21
94 31 21
94 32 21
95 40 21
95 45 21
96 22 21
96 25 21
96 26 21
97 28 21
97 29 21
98 26 21
98 27 21
99 24 21
99 25 21
101 62 21
105 83 21
106 61 21
107 60 21
109 59 21
110 58 21
111 33 21
111 40 21
111 48 21
113 57 21
115 19 21
115 20 21
115 21 21
116 77 21
117 22 21
117 23 21
119 20 21
119 21 21
120 75 21
121 56 21
124 55 21
125 37 21
125 39 21
126 53 21
127 15 21
127 25 21
127 32 21
128 52 21
130 74 21
131 73 21
133 72 21
134 51 21
135 74 21
135 84 21
136 59 21
136 61 21
140 50 21
141 49 21
143 48 21
145 49 21
145 55 21
147 71 21
149 18 21
149 19 21
150 15 21
150 16 21
0 145 22
1 144 22
3 143 22
6 142 22
7 46 22
7 47 22
8 141 22
9 140 22
12 139 22
13 138 22
15 44 22
15 45 22
16 42 22
16 43 22
17 137 22
18 136 22
19 135 22
20 18 22
20 19 22
21 134 22
22 15 22
22 16 22
26 113 22
26 5 22
26 6 22
28 129 22
29 128 22
30 127 22
33 13 22
33 14 22
34 126 22
36 40 22
36 41 22
39 125 22
40 11 22
40 12 22
42 124 22
43 7 22
43 8 22
44 123 22
45 33 22
45 40 22
45 48 22
47 121 22
48 113 22
49 111 22
55 110 22
57 5 22
57 6 22
58 109 22
59 107 22
61 106 22
63 104 22
66 7 22
66 15 22
66 16 22
67 66 22
68 2 22
68 3 22
69 101 22
70 134 22
70 1 22
72 65 22
74 64 22
75 63 22
77 127 22
77 129 22
78 37 22
78 39 22
79 95 22
80 93 22
81 91 22
82 33 22
82 35 22
85 90 22
86 89 22
87 88 22
88 15 22
88 25 22
88 32 22
89 62 22
90 61 22
91 60 22
92 29 22
92 32 22
92 33 22
93 125 22
93 126 22
94 84 22
95 53 22
95 55 22
96 31 22
96 32 22
99 83 22
100 77 22
101 59 22
102 28 22
102 29 22
103 26 22
103 27 22
104 58 22
105 24 22
105 25 22
106 123 22
106 124 22
108 22 22
108 25 22
108 26 22
109 101 22
109 113 22
110 57 22
112 75 22
113 49 22
113 51 22
116 22 22
116 23 22
117 74 22
118 20 22
118 21 22
119 19 22
119 20 22
119 21 22
120 73 22
123 47 22
123 48 22
125 40 22
125 45 22
127 56 22
131 72 22
132 71 22
133 70 22
134 37 22
134 39 22
135 55 22
136 53 22
138 52 22
139 51 22
140 50 22
141 88 22
141 95 22
142 74 22
142 84 22
143 49 22
144 48 22
145 59 22
145 61 22
146 68 22
148 67 22
3 46 23
3 47 23
4 44 23
4 45 23
5 145 23
6 144 23
7 42 23
7 43 23
9 40 23
9 41 23
11 143 23
12 37 23
12 39 23
13 142 23
14 141 23
17 140 23
18 15 23
18 16 23
20 139 23
22 138 23
23 137 23
24 136 23
25 135 23
26 113 23
26 5 23
26 6 23
27 13 23
27 14 23
29 33 23
29 40 23
29 48 23
33 134 23
34 129 23
36 33 23
36 35 23
37 11 23
37 12 23
38 128 23
39 15 23
39 25 23
39 32 23
40 127 23
41 126 23
42 125 23
43 124 23
45 123 23
46 7 23
46 8 23
47 48 23
47 49 23
48 121 23
49 40 23
49 45 23
50 113 23
51 37 23
51 39 23
52 5 23
52 6 23
54 111 23
55 110 23
56 2 23
56 3 23
57 109 23
58 134 23
58 1 23
61 107 23
63 106 23
64 127 23
64 129 23
66 104 23
67 125 23
67 126 23
69 31 23
69 32 23
70 123 23
70 124 23
72 67 23
73 101 23
73 113 23
74 66 23
75 65 23
76 101 23
77 64 23
80 28 23
80 29 23
82 26 23
82 27 23
85 95 23
87 93 23
88 63 23
89 62 23
91 61 23
92 91 23
93 60 23
94 90 23
95 59 23
96 89 23
97 29 23
97 32 23
97 33 23
98 88 23
99 24 23
99 25 23
100 22 23
100 25 23
100 26 23
102 84 23
103 22 23
103 23 23
104 88 23
104 95 23
105 20 23
105 21 23
106 74 23
106 84 23
107 58 23
108 83 23
111 19 23
111 20 23
111 21 23
114 77 23
116 75 23
118 74 23
120 73 23
121 57 23
122 18 23
122 19 23
123 56 23
125 55 23
126 53 23
127 52 23
131 72 23
133 71 23
134 51 23
136 50 23
137 7 23
137 15 23
137 16 23
138 49 23
140 48 23
142 59 23
142 61 23
144 53 23
144 55 23
145 47 23
145 51 23
147 70 23
149 68 23
2 145 24
3 144 24
4 143 24
7 142 24
9 46 24
9 47 24
11 141 24
12 140 24
14 139 24
16 138 24
17 137 24
18 136 24
20 135 24
21 44 24
21 45 24
22 134 24
23 129 24
24 22 24
24 23 24
25 20 24
25 21 24
28 19 24
28 20 24
28 21 24
29 128 24
30 127 24
31 126 24
32 125 24
33 18 24
33 19 24
34 42 24
34 43 24
35 124 24
42 123 24
44 15 24
44 16 24
45 121 24
46 113 24
47 113 24
47 5 24
47 6 24
48 13 24
48 14 24
50 111 24
51 11 24
51 12 24
52 7 24
52 15 24
52 16 24
53 110 24
54 109 24
55 53 24
55 59 24
58 107 24
59 33 24
59 40 24
59 48 24
60 7 24
60 8 24
62 5 24
62 6 24
63 106 24
64 104 24
66 2 24
66 3 24
67 101 24
68 134 24
68 1 24
69 95 24
70 127 24
70 129 24
71 68 24
72 67 24
74 66 24
76 93 24
78 40 24
78 41 24
79 91 24
80 90 24
81 37 24
81 39 24
82 89 24
83 125 24
83 126 24
84 65 24
85 88 24
86 84 24
88 49 24
88 51 24
89 64 24
91 63 24
93 62 24
94 83 24
95 61 24
96 29 24
96 32 24
96 33 24
98 77 24
99 22 24
99 25 24
99 26 24
100 75 24
101 60 24
104 59 24
105 74 24
107 58 24
109 57 24
110 56 24
111 123 24
111 124 24
113 47 24
113 48 24
114 33 24
114 35 24
115 31 24
115 32 24
116 73 24
120 72 24
121 55 24
122 28 24
122 29 24
123 40 24
123 45 24
124 53 24
128 101 24
128 113 24
129 37 24
129 39 24
133 26 24
133 27 24
134 15 24
134 25 24
134 32 24
136 52 24
137 88 24
137 95 24
138 51 24
139 50 24
140 49 24
141 74 24
141 84 24
142 55 24
142 61 24
145 48 24
146 71 24
147 70 24
149 24 24
149 25 24
0 46 25
0 47 25
1 44 25
1 45 25
2 145 25
3 42 25
3 43 25
4 144 25
9 40 25
9 41 25
10 37 25
10 39 25
11 143 25
16 33 25
16 35 25
17 142 25
18 141 25
20 21 25
20 22 25
22 140 25
23 18 25
23 19 25
24 139 25
25 15 25
25 16 25
27 138 25
28 113 25
28 5 25
28 6 25
30 137 25
32 136 25
33 13 25
33 14 25
35 135 25
37 134 25
40 129 25
41 128 25
42 127 25
43 126 25
44 11 25
44 12 25
48 47 25
48 49 25
50 125 25
51 124 25
52 123 25
54 29 25
54 32 25
54 33 25
58 121 25
59 113 25
61 40 25
61 45 25
62 111 25
63 7 25
63 8 25
64 5 25
64 6 25
65 110 25
68 67 25
69 109 25
70 66 25
71 65 25
72 2 25
72 3 25
74 15 25
74 25 25
74 32 25
75 64 25
76 22 25
76 25 25
76 26 25
78 19 25
78 20 25
78 21 25
79 107 25
80 106 25
81 104 25
82 101 25
83 134 25
83 1 25
84 63 25
85 95 25
88 62 25
90 33 25
90 40 25
90 48 25
92 31 25
92 32 25
93 127 25
93 129 25
94 93 25
95 61 25
96 28 25
96 29 25
97 26 25
97 27 25
100 24 25
100 25 25
102 91 25
103 7 25
103 15 25
103 16 25
104 60 25
105 90 25
106 125 25
106 126 25
107 59 25
108 89 25
109 123 25
109 124 25
110 58 25
111 101 25
111 113 25
113 57 25
114 88 25
115 84 25
119 20 25
119 23 25
120 83 25
122 77 25
123 56 25
124 55 25
125 53 25
126 52 25
127 51 25
128 88 25
128 95 25
129 50 25
130 75 25
131 74 25
132 73 25
133 72 25
134 37 25
134 39 25
137 49 25
138 48 25
139 74 25
139 84 25
142 59 25
142 61 25
144 53 25
144 55 25
145 48 25
145 51 25
146 71 25
147 70 25
148 68 25
0 150 26
2 38 26
2 39 26
2 40 26
2 41 26
3 149 26
4 148 26
6 147 26
7 112 26
7 113 26
8 146 26
9 34 26
9 35 26
9 36 26
9 37 26
10 110 26
10 111 26
12 108 26
12 109 26
13 145 26
14 30 26
14 31 26
14 32 26
14 33 26
15 144 26
16 105 26
16 106 26
17 103 26
17 104 26
19 25 26
19 26 26
19 28 26
19 29 26
20 7 26
20 8 26
20 9 26
20 10 26
21 101 26
21 102 26
22 143 26
23 72 26
23 74 26
23 75 26
24 99 26
24 100 26
25 142 26
26 92 26
26 98 26
26 111 26
26 112 26
27 96 26
27 98 26
28 92 26
28 93 26
29 90 26
29 91 26
30 88 26
30 89 26
31 86 26
31 87 26
32 127 26
32 0 26
32 1 26
32 4 26
33 83 26
33 84 26
34 81 26
34 82 26
35 79 26
35 80 26
36 76 26
36 78 26
37 74 26
37 75 26
38 118 26
38 120 26
38 124 26
38 126 26
39 72 26
39 73 26
40 141 26
41 70 26
41 79 26
41 80 26
41 90 26
42 70 26
42 71 26
43 67 26
43 69 26
44 65 26
44 66 26
45 63 26
45 64 26
46 81 26
46 82 26
46 83 26
47 48 26
47 49 26
48 44 26
48 45 26
49 140 26
50 138 26
51 42 26
51 43 26
52 40 26
52 41 26
53 137 26
54 136 26
55 135 26
56 38 26
56 39 26
57 36 26
57 37 26
58 34 26
58 35 26
59 20 26
59 22 26
59 23 26
59 24 26
60 32 26
60 33 26
61 30 26
61 31 26
62 28 26
62 29 26
63 25 26
63 26 26
65 23 26
65 24 26
66 21 26
66 22 26
67 19 26
67 20 26
68 61 26
68 62 26
69 17 26
69 18 26
70 15 26
70 16 26
71 13 26
71 14 26
72 134 26
73 133 26
74 98 26
74 104 26
74 111 26
74 112 26
75 132 26
76 67 26
76 69 26
76 70 26
77 42 26
77 43 26
77 45 26
77 47 26
79 11 26
79 12 26
80 131 26
81 9 26
81 10 26
82 7 26
82 8 26
83 4 26
83 5 26
84 130 26
86 58 26
86 65 26
86 66 26
87 2 26
87 3 26
88 129 26
89 127 26
90 0 26
90 1 26
91 126 26
93 86 26
93 89 26
93 90 26
93 92 26
94 59 26
94 60 26
95 57 26
95 58 26
97 53 26
97 56 26
98 149 26
98 150 26
99 125 26
100 79 26
100 80 26
100 81 26
100 84 26
101 50 26
101 51 26
101 65 26
101 70 26
103 53 26
103 56 26
103 57 26
104 145 26
104 148 26
105 26 26
105 39 26
105 41 26
105 47 26
106 124 26
107 51 26
107 52 26
108 50 26
108 51 26
108 52 26
109 142 26
109 144 26
110 123 26
111 136 26
111 138 26
112 134 26
112 135 26
113 112 26
113 115 26
114 131 26
114 133 26
115 122 26
116 121 26
118 120 26
120 108 26
120 111 26
121 104 26
121 105 26
122 11 26
122 12 26
122 13 26
122 16 26
123 129 26
123 130 26
124 47 26
124 50 26
124 51 26
124 65 26
125 126 26
125 127 26
126 119 26
127 13 26
127 23 26
127 24 26
127 26 26
128 76 26
128 79 26
128 80 26
129 118 26
130 102 26
130 103 26
132 117 26
133 100 26
133 101 26
134 98 26
134 99 26
135 127 26
135 13 26
135 23 26
135 24 26
136 118 26
136 120 26
136 124 26
136 126 26
137 116 26
138 93 26
138 96 26
139 47 26
139 50 26
140 121 26
140 124 26
141 119 26
141 120 26
142 91 26
142 92 26
143 115 26
144 89 26
144 90 26
145 87 26
145 88 26
146 117 26
146 118 26
147 113 26
147 116 26
148 84 26
148 86 26
149 114 26
1 112 27
1 113 27
2 150 27
3 110 27
3 111 27
4 38 27
4 39 27
4 40 27
4 41 27
5 149 27
6 108 27
6 109 27
7 105 27
7 106 27
8 103 27
8 104 27
10 101 27
10 102 27
11 99 27
11 100 27
12 11 27
12 13 27
12 16 27
12 20 27
13 148 27
14 34 27
14 35 27
14 36 27
14 37 27
15 96 27
15 98 27
16 92 27
16 93 27
17 90 27
17 91 27
18 88 27
18 89 27
19 86 27
19 87 27
20 83 27
20 84 27
22 81 27
22 82 27
23 147 27
24 79 27
24 80 27
25 76 27
25 78 27
26 74 27
26 75 27
27 72 27
27 73 27
28 7 27
28 8 27
28 9 27
28 10 27
29 70 27
29 71 27
30 67 27
30 69 27
31 65 27
31 66 27
32 63 27
32 64 27
33 61 27
33 62 27
35 146 27
36 59 27
36 60 27
37 145 27
39 118 27
39 120 27
39 124 27
39 126 27
40 127 27
40 0 27
40 1 27
40 4 27
41 57 27
41 58 27
42 144 27
43 42 27
43 44 27
44 40 27
44 41 27
46 53 27
46 56 27
47 38 27
47 39 27
48 36 27
48 37 27
50 92 27
50 98 27
50 111 27
50 112 27
51 70 27
51 79 27
51 80 27
51 90 27
52 34 27
52 35 27
53 118 27
53 120 27
53 124 27
53 126 27
54 51 27
54 52 27
55 143 27
56 142 27
57 76 27
57 79 27
57 80 27
58 98 27
58 104 27
58 111 27
58 112 27
59 32 27
59 33 27
60 30 27
60 31 27
61 28 27
61 29 27
62 141 27
63 25 27
63 26 27
64 140 27
65 138 27
66 137 27
67 136 27
68 135 27
69 23 27
69 24 27
70 134 27
71 30 27
71 31 27
71 32 27
71 33 27
72 58 27
72 65 27
72 66 27
73 25 27
73 26 27
73 28 27
73 29 27
74 133 27
75 21 27
75 22 27
76 132 27
77 42 27
77 43 27
77 45 27
77 47 27
79 19 27
79 20 27
80 131 27
81 17 27
81 18 27
82 86 27
82 89 27
82 90 27
82 92 27
83 79 27
83 80 27
83 81 27
83 84 27
84 15 27
84 16 27
86 13 27
86 14 27
87 130 27
88 11 27
88 12 27
89 9 27
89 10 27
90 47 27
90 50 27
90 51 27
90 65 27
91 7 27
91 8 27
92 4 27
92 5 27
93 129 27
94 49 27
94 50 27
95 127 27
96 2 27
96 3 27
97 81 27
97 82 27
97 83 27
98 0 27
98 1 27
99 50 27
99 51 27
99 65 27
99 70 27
100 53 27
100 56 27
100 57 27
101 26 27
101 39 27
101 41 27
101 47 27
103 149 27
103 150 27
104 145 27
104 148 27
105 142 27
105 144 27
106 136 27
106 138 27
107 47 27
107 48 27
108 126 27
109 125 27
110 124 27
111 134 27
111 135 27
112 131 27
112 133 27
113 123 27
114 129 27
114 130 27
115 122 27
116 50 27
116 51 27
116 52 27
119 121 27
120 117 27
120 118 27
121 115 27
121 116 27
122 72 27
122 74 27
122 75 27
123 119 27
124 112 27
124 113 27
125 67 27
125 69 27
125 70 27
126 13 27
126 23 27
126 24 27
126 26 27
127 118 27
128 120 27
129 108 27
129 111 27
130 104 27
130 105 27
131 102 27
131 103 27
132 117 27
133 100 27
133 101 27
134 98 27
134 99 27
135 127 27
135 13 27
135 23 27
135 24 27
136 93 27
136 96 27
137 126 27
137 127 27
138 116 27
139 43 27
139 45 27
140 121 27
140 124 27
141 115 27
142 91 27
142 92 27
143 119 27
143 120 27
145 89 27
145 90 27
146 12 27
146 22 27
146 23 27
146 24 27
147 114 27
149 87 27
149 88 27
150 84 27
150 86 27
1 112 28
1 113 28
3 150 28
4 110 28
4 111 28
5 108 28
5 109 28
6 42 28
6 43 28
6 45 28
6 47 28
7 105 28
7 106 28
8 30 28
8 31 28
8 32 28
8 33 28
9 103 28
9 104 28
11 101 28
11 102 28
12 11 28
12 13 28
12 16 28
12 20 28
13 149 28
14 99 28
14 100 28
15 96 28
15 98 28
16 92 28
16 93 28
17 90 28
17 91 28
18 88 28
18 89 28
19 86 28
19 87 28
20 148 28
21 83 28
21 84 28
22 7 28
22 8 28
22 9 28
22 10 28
23 147 28
24 81 28
24 82 28
26 79 28
26 80 28
27 38 28
27 39 28
27 40 28
27 41 28
28 76 28
28 78 28
29 74 28
29 75 28
30 72 28
30 73 28
31 70 28
31 71 28
32 127 28
32 0 28
32 1 28
32 4 28
33 67 28
33 69 28
34 146 28
35 65 28
35 66 28
36 63 28
36 64 28
37 61 28
37 62 28
38 145 28
39 127 28
39 13 28
39 23 28
39 24 28
40 118 28
40 120 28
40 124 28
40 126 28
41 59 28
41 60 28
42 144 28
43 57 28
43 58 28
44 42 28
44 43 28
45 40 28
45 41 28
46 53 28
46 56 28
47 118 28
47 120 28
47 124 28
47 126 28
49 38 28
49 39 28
50 36 28
50 37 28
51 34 28
51 35 28
52 143 28
53 32 28
53 33 28
54 142 28
55 51 28
55 52 28
56 141 28
57 140 28
58 30 28
58 31 28
59 138 28
60 28 28
60 29 28
61 137 28
62 25 28
62 26 28
62 28 28
62 29 28
64 136 28
65 76 28
65 79 28
65 80 28
66 135 28
67 25 28
67 26 28
68 134 28
69 23 28
69 24 28
70 79 28
70 98 28
70 111 28
70 112 28
71 133 28
72 132 28
73 131 28
75 130 28
76 67 28
76 69 28
76 70 28
77 129 28
78 21 28
78 22 28
79 70 28
79 80 28
79 90 28
79 92 28
80 47 28
80 50 28
80 51 28
80 65 28
81 19 28
81 20 28
82 58 28
82 65 28
82 66 28
83 17 28
83 18 28
85 49 28
85 50 28
88 98 28
88 104 28
88 111 28
88 112 28
89 15 28
89 16 28
90 127 28
91 13 28
91 14 28
92 11 28
92 12 28
94 81 28
94 82 28
94 83 28
95 34 28
95 35 28
95 36 28
95 37 28
96 126 28
97 47 28
97 48 28
98 9 28
98 10 28
99 7 28
99 8 28
100 4 28
100 5 28
101 125 28
102 2 28
102 3 28
103 124 28
104 0 28
104 1 28
105 149 28
105 150 28
106 72 28
106 74 28
106 75 28
107 123 28
108 145 28
108 148 28
109 142 28
109 144 28
110 122 28
111 121 28
112 13 28
112 23 28
112 24 28
112 26 28
113 136 28
113 138 28
114 12 28
114 22 28
114 23 28
114 24 28
115 116 28
115 117 28
116 120 28
117 119 28
118 117 28
120 112 28
120 113 28
121 108 28
121 111 28
123 134 28
123 135 28
124 104 28
124 105 28
125 131 28
125 133 28
127 102 28
127 103 28
128 44 28
128 45 28
129 86 28
129 89 28
129 90 28
129 92 28
130 53 28
130 56 28
130 57 28
131 50 28
131 51 28
131 52 28
132 129 28
132 130 28
133 100 28
133 101 28
134 98 28
134 99 28
135 93 28
135 96 28
136 79 28
136 80 28
136 81 28
136 84 28
137 116 28
138 91 28
138 92 28
139 118 28
140 126 28
140 127 28
141 121 28
141 124 28
142 115 28
143 119 28
143 120 28
144 89 28
144 90 28
145 50 28
145 51 28
145 65 28
145 70 28
146 114 28
147 115 28
147 118 28
148 87 28
148 88 28
149 84 28
149 86 28
150 26 28
150 39 28
150 41 28
150 47 28
1 81 29
1 82 29
1 83 29
2 150 29
4 42 29
4 43 29
4 45 29
4 47 29
5 38 29
5 39 29
5 40 29
5 41 29
6 112 29
6 113 29
7 110 29
7 111 29
8 108 29
8 109 29
9 34 29
9 35 29
9 36 29
9 37 29
10 149 29
11 105 29
11 106 29
12 103 29
12 104 29
13 76 29
13 79 29
13 80 29
14 101 29
14 102 29
15 148 29
16 11 29
16 12 29
16 13 29
16 20 29
17 147 29
18 146 29
19 30 29
19 31 29
19 32 29
19 33 29
20 145 29
21 99 29
21 100 29
22 144 29
23 143 29
24 96 29
24 98 29
25 142 29
26 141 29
27 92 29
27 93 29
28 90 29
28 91 29
29 7 29
29 8 29
29 9 29
29 10 29
30 88 29
30 89 29
31 127 29
31 0 29
31 1 29
31 4 29
32 118 29
32 120 29
32 124 29
32 126 29
33 86 29
33 87 29
34 83 29
34 84 29
35 81 29
35 82 29
36 98 29
36 104 29
36 111 29
36 112 29
37 72 29
37 74 29
37 75 29
38 79 29
38 80 29
39 92 29
39 98 29
39 111 29
39 112 29
40 140 29
41 76 29
41 78 29
42 74 29
42 75 29
43 72 29
43 73 29
44 70 29
44 71 29
45 67 29
45 69 29
46 65 29
46 66 29
47 48 29
47 49 29
49 44 29
49 45 29
50 70 29
50 79 29
50 80 29
50 90 29
52 42 29
52 43 29
53 40 29
53 41 29
54 63 29
54 64 29
55 61 29
55 62 29
57 38 29
57 39 29
59 36 29
59 37 29
60 34 29
60 35 29
61 138 29
62 32 29
62 33 29
63 30 29
63 31 29
66 28 29
66 29 29
67 25 29
67 26 29
69 137 29
70 23 29
70 24 29
71 136 29
72 21 29
72 22 29
73 19 29
73 20 29
74 17 29
74 18 29
75 86 29
75 89 29
75 90 29
75 92 29
76 15 29
76 16 29
77 135 29
78 67 29
78 69 29
78 70 29
79 13 29
79 14 29
80 11 29
80 12 29
81 134 29
82 133 29
83 79 29
83 80 29
83 81 29
83 84 29
84 9 29
84 10 29
85 59 29
85 60 29
86 7 29
86 8 29
87 132 29
88 50 29
88 51 29
88 65 29
88 70 29
89 131 29
90 4 29
90 5 29
91 130 29
92 2 29
92 3 29
93 0 29
93 1 29
94 129 29
95 57 29
95 58 29
96 26 29
96 39 29
96 41 29
96 47 29
97 53 29
97 56 29
98 149 29
98 150 29
99 145 29
99 148 29
100 142 29
100 144 29
101 136 29
101 138 29
102 127 29
102 13 29
102 23 29
102 24 29
103 134 29
103 135 29
104 127 29
105 131 29
105 133 29
106 129 29
106 130 29
107 51 29
107 52 29
109 126 29
109 127 29
110 126 29
111 47 29
111 50 29
111 51 29
111 65 29
112 121 29
112 124 29
113 58 29
113 65 29
113 66 29
114 119 29
114 120 29
115 112 29
115 113 29
117 108 29
117 111 29
118 125 29
119 104 29
119 105 29
120 124 29
121 102 29
121 103 29
122 123 29
123 121 29
124 120 29
125 25 29
125 26 29
125 28 29
125 29 29
126 13 29
126 23 29
126 24 29
126 26 29
127 53 29
127 56 29
127 57 29
128 47 29
128 50 29
129 119 29
130 50 29
130 51 29
130 52 29
131 118 29
131 120 29
131 124 29
131 126 29
133 118 29
134 100 29
134 101 29
136 117 29
137 116 29
138 98 29
138 99 29
139 122 29
140 115 29
141 117 29
141 118 29
142 93 29
142 96 29
143 115 29
143 116 29
144 91 29
144 92 29
145 89 29
145 90 29
146 16 29
146 22 29
146 23 29
146 24 29
147 114 29
148 87 29
148 88 29
150 84 29
150 86 29
0 150 30
1 112 30
1 113 30
2 110 30
2 111 30
3 108 30
3 109 30
4 105 30
4 106 30
5 149 30
6 103 30
6 104 30
7 30 30
7 31 30
7 32 30
7 33 30
9 148 30
10 101 30
10 102 30
11 99 30
11 100 30
12 7 30
12 8 30
12 9 30
12 10 30
13 96 30
13 98 30
14 25 30
14 26 30
14 28 30
14 29 30
15 92 30
15 93 30
16 90 30
16 91 30
17 88 30
17 89 30
18 147 30
19 86 30
19 87 30
20 83 30
20 84 30
21 81 30
21 82 30
22 79 30
22 80 30
23 76 30
23 78 30
24 118 30
24 120 30
24 124 30
24 126 30
25 146 30
26 74 30
26 75 30
27 72 30
27 73 30
28 145 30
30 76 30
30 79 30
30 80 30
31 72 30
31 74 30
31 75 30
32 70 30
32 71 30
33 144 30
34 67 30
34 69 30
35 143 30
36 65 30
36 66 30
37 142 30
38 63 30
38 64 30
39 61 30
39 62 30
40 127 30
40 0 30
40 1 30
40 4 30
41 92 30
41 98 30
41 111 30
41 112 30
42 59 30
42 60 30
43 141 30
44 57 30
44 58 30
45 44 30
45 47 30
46 53 30
46 56 30
47 42 30
47 43 30
48 140 30
49 40 30
49 41 30
50 38 30
50 39 30
51 138 30
52 36 30
52 37 30
53 137 30
54 42 30
54 43 30
54 45 30
54 47 30
55 38 30
55 39 30
55 40 30
55 41 30
56 118 30
56 120 30
56 124 30
56 126 30
57 34 30
57 35 30
58 98 30
58 104 30
58 111 30
58 112 30
59 136 30
60 32 30
60 33 30
61 30 30
61 31 30
63 135 30
64 134 30
67 86 30
67 89 30
67 90 30
67 92 30
68 51 30
68 52 30
70 28 30
70 29 30
71 25 30
71 26 30
72 79 30
72 80 30
72 81 30
72 84 30
73 133 30
74 67 30
74 69 30
74 70 30
75 23 30
75 24 30
76 21 30
76 22 30
77 132 30
78 131 30
79 47 30
79 50 30
79 51 30
79 65 30
80 19 30
80 20 30
81 17 30
81 18 30
82 50 30
82 51 30
82 65 30
82 70 30
83 130 30
84 15 30
84 16 30
85 81 30
85 82 30
85 83 30
87 129 30
88 13 30
88 14 30
89 70 30
89 79 30
89 80 30
89 90 30
90 127 30
91 11 30
91 12 30
92 9 30
92 10 30
93 7 30
93 8 30
95 49 30
95 50 30
96 4 30
96 5 30
97 126 30
98 2 30
98 3 30
99 0 30
99 1 30
100 149 30
100 150 30
101 26 30
101 39 30
101 41 30
101 47 30
102 58 30
102 65 30
102 66 30
103 145 30
103 148 30
104 142 30
104 144 30
105 136 30
105 138 30
106 134 30
106 135 30
107 34 30
107 35 30
107 36 30
107 37 30
108 131 30
108 133 30
109 20 30
109 22 30
109 23 30
109 24 30
110 125 30
111 129 30
111 130 30
112 108 30
112 111 30
113 127 30
113 13 30
113 23 30
113 24 30
114 126 30
114 127 30
115 104 30
115 105 30
117 102 30
117 103 30
118 100 30
118 101 30
119 98 30
119 99 30
120 124 30
122 121 30
122 124 30
124 93 30
124 96 30
125 119 30
125 120 30
126 13 30
126 23 30
126 24 30
126 26 30
127 123 30
129 122 30
130 121 30
131 91 30
131 92 30
132 120 30
133 53 30
133 56 30
133 57 30
134 50 30
134 51 30
134 52 30
135 119 30
136 89 30
136 90 30
137 118 30
139 45 30
139 48 30
140 11 30
140 12 30
140 13 30
140 16 30
141 117 30
141 118 30
142 117 30
143 116 30
144 87 30
144 88 30
145 115 30
146 115 30
146 116 30
147 112 30
147 113 30
148 114 30
150 84 30
150 86 30
0 112 31
0 113 31
1 150 31
2 110 31
2 111 31
3 149 31
4 148 31
5 108 31
5 109 31
6 105 31
6 106 31
8 103 31
8 104 31
9 127 31
9 0 31
9 1 31
9 4 31
10 101 31
10 102 31
11 147 31
14 38 31
14 39 31
14 40 31
14 41 31
15 99 31
15 100 31
16 146 31
17 34 31
17 35 31
17 36 31
17 37 31
18 96 31
18 98 31
19 92 31
19 93 31
20 145 31
21 90 31
21 91 31
22 88 31
22 89 31
23 86 31
23 87 31
24 144 31
25 143 31
26 83 31
26 84 31
27 142 31
28 118 31
28 120 31
28 124 31
28 126 31
29 81 31
29 82 31
30 79 31
30 80 31
31 76 31
31 78 31
32 74 31
32 75 31
33 72 31
33 73 31
34 81 31
34 82 31
34 83 31
35 76 31
35 79 31
35 80 31
36 98 31
36 104 31
36 111 31
36 112 31
37 70 31
37 71 31
38 67 31
38 69 31
39 65 31
39 66 31
40 141 31
41 63 31
41 64 31
42 40 31
42 41 31
43 38 31
43 39 31
44 36 31
44 37 31
45 140 31
46 61 31
46 62 31
47 34 31
47 35 31
48 30 31
48 31 31
48 32 31
48 33 31
49 138 31
50 32 31
50 33 31
51 30 31
51 31 31
52 28 31
52 29 31
53 25 31
53 26 31
54 59 31
54 60 31
55 42 31
55 43 31
55 45 31
55 47 31
56 23 31
56 24 31
57 137 31
58 21 31
58 22 31
59 19 31
59 20 31
60 72 31
60 74 31
60 75 31
61 136 31
62 25 31
62 26 31
62 28 31
62 29 31
63 135 31
64 134 31
65 47 31
65 50 31
65 51 31
65 70 31
67 86 31
67 89 31
67 90 31
67 92 31
68 57 31
68 58 31
69 58 31
69 65 31
69 66 31
70 17 31
70 18 31
71 15 31
71 16 31
72 13 31
72 14 31
75 11 31
75 12 31
76 133 31
77 53 31
77 56 31
78 20 31
78 22 31
78 23 31
78 24 31
79 9 31
79 10 31
81 7 31
81 8 31
82 4 31
82 5 31
83 2 31
83 3 31
84 92 31
84 98 31
84 111 31
84 112 31
85 51 31
85 52 31
86 132 31
87 131 31
88 79 31
88 80 31
88 81 31
88 84 31
89 53 31
89 56 31
89 57 31
90 0 31
90 1 31
91 149 31
91 150 31
92 145 31
92 148 31
93 142 31
93 144 31
94 49 31
94 50 31
95 47 31
95 48 31
96 130 31
98 129 31
99 136 31
99 138 31
100 50 31
100 51 31
100 52 31
101 134 31
101 135 31
102 127 31
103 131 31
103 133 31
104 65 31
104 79 31
104 80 31
104 90 31
105 129 31
105 130 31
106 126 31
106 127 31
107 44 31
107 45 31
108 126 31
109 125 31
110 121 31
110 124 31
111 124 31
112 13 31
112 23 31
112 24 31
112 26 31
113 119 31
113 120 31
114 11 31
114 12 31
114 13 31
114 16 31
115 123 31
116 122 31
119 115 31
119 116 31
121 50 31
121 51 31
121 65 31
121 70 31
122 120 31
124 112 31
124 113 31
125 119 31
126 118 31
127 108 31
127 111 31
128 121 31
129 104 31
129 105 31
130 102 31
130 103 31
131 117 31
132 116 31
133 100 31
133 101 31
134 98 31
134 99 31
135 93 31
135 96 31
136 26 31
136 39 31
136 41 31
136 47 31
137 115 31
138 91 31
138 92 31
139 42 31
139 43 31
140 67 31
140 69 31
140 70 31
141 7 31
141 8 31
141 9 31
141 10 31
142 127 31
142 13 31
142 23 31
142 24 31
143 114 31
145 89 31
145 90 31
147 117 31
147 118 31
148 87 31
148 88 31
149 118 31
149 120 31
149 124 31
149 126 31
150 84 31
150 86 31
0 112 32
0 113 32
1 110 32
1 111 32
2 108 32
2 109 32
4 150 32
5 76 32
5 79 32
5 80 32
6 105 32
6 106 32
7 103 32
7 104 32
9 101 32
9 102 32
10 99 32
10 100 32
11 96 32
11 98 32
12 149 32
13 92 32
13 93 32
14 90 32
14 91 32
16 148 32
17 42 32
17 43 32
17 45 32
17 47 32
18 38 32
18 39 32
18 40 32
18 41 32
19 88 32
19 89 32
20 147 32
21 86 32
21 87 32
22 83 32
22 84 32
23 81 32
23 82 32
24 79 32
24 80 32
25 20 32
25 22 32
25 23 32
25 24 32
26 76 32
26 78 32
27 74 32
27 75 32
28 72 32
28 73 32
29 11 32
29 12 32
29 13 32
29 16 32
30 70 32
30 71 32
31 146 32
32 145 32
33 144 32
34 67 32
34 69 32
35 143 32
36 65 32
36 66 32
38 142 32
39 141 32
40 63 32
40 64 32
41 61 32
41 62 32
42 40 32
42 41 32
43 7 32
43 8 32
43 9 32
43 10 32
44 38 32
44 39 32
45 72 32
45 74 32
45 75 32
46 59 32
46 60 32
47 140 32
48 36 32
48 37 32
49 34 32
49 35 32
49 36 32
49 37 32
50 138 32
51 34 32
51 35 32
52 32 32
52 33 32
53 30 32
53 31 32
54 57 32
54 58 32
56 28 32
56 29 32
57 127 32
57 0 32
57 1 32
57 4 32
58 137 32
59 30 32
59 31 32
59 32 32
59 33 32
60 25 32
60 26 32
61 136 32
62 67 32
62 69 32
62 70 32
63 23 32
63 24 32
64 21 32
64 22 32
65 118 32
65 120 32
65 124 32
65 126 32
66 19 32
66 20 32
67 118 32
67 120 32
67 124 32
67 126 32
68 53 32
68 56 32
69 17 32
69 18 32
70 135 32
71 15 32
71 16 32
72 98 32
72 104 32
72 111 32
72 112 32
74 134 32
75 133 32
77 132 32
78 131 32
79 70 32
79 80 32
79 90 32
79 92 32
80 47 32
80 50 32
80 51 32
80 65 32
81 53 32
81 56 32
81 57 32
82 86 32
82 89 32
82 90 32
82 92 32
83 13 32
83 14 32
84 11 32
84 12 32
85 51 32
85 52 32
86 79 32
86 98 32
86 111 32
86 112 32
88 9 32
88 10 32
89 7 32
89 8 32
90 4 32
90 5 32
91 130 32
92 129 32
93 2 32
93 3 32
94 49 32
94 50 32
95 81 32
95 82 32
95 83 32
96 0 32
96 1 32
97 47 32
97 48 32
99 149 32
99 150 32
100 145 32
100 148 32
101 127 32
102 79 32
102 80 32
102 81 32
102 84 32
103 50 32
103 51 32
103 65 32
103 70 32
105 142 32
105 144 32
106 126 32
107 44 32
107 45 32
108 136 32
108 138 32
109 134 32
109 135 32
110 131 32
110 133 32
111 13 32
111 23 32
111 24 32
111 26 32
112 129 32
112 130 32
113 126 32
113 127 32
114 121 32
114 124 32
115 112 32
115 113 32
116 108 32
116 111 32
117 26 32
117 39 32
117 41 32
117 47 32
118 104 32
118 105 32
119 102 32
119 103 32
121 100 32
121 101 32
122 119 32
122 120 32
123 25 32
123 26 32
123 28 32
123 29 32
124 125 32
125 123 32
126 98 32
126 99 32
127 93 32
127 96 32
128 42 32
128 43 32
129 122 32
130 121 32
131 91 32
131 92 32
132 117 32
132 118 32
133 120 32
135 127 32
135 13 32
135 23 32
135 24 32
136 119 32
137 58 32
137 65 32
137 66 32
139 124 32
141 118 32
142 117 32
143 116 32
144 115 32
145 89 32
145 90 32
146 114 32
147 115 32
147 116 32
148 50 32
148 51 32
148 52 32
149 87 32
149 88 32
150 84 32
150 86 32
2 46 33
2 47 33
3 44 33
3 45 33
5 145 33
6 144 33
7 143 33
8 142 33
9 141 33
10 140 33
13 139 33
14 138 33
15 137 33
17 136 33
18 135 33
20 134 33
21 13 33
21 14 33
22 11 33
22 12 33
25 7 33
25 8 33
27 5 33
27 6 33
29 129 33
32 128 33
33 127 33
34 42 33
34 43 33
36 126 33
39 2 33
39 3 33
41 125 33
42 134 33
42 1 33
43 124 33
44 123 33
45 127 33
45 129 33
46 125 33
46 126 33
47 121 33
48 113 33
49 113 33
49 5 33
49 6 33
50 111 33
52 110 33
54 109 33
55 107 33
56 123 33
56 124 33
58 106 33
59 104 33
60 101 33
60 113 33
61 33 33
61 40 33
61 48 33
65 101 33
67 88 33
67 95 33
70 71 33
71 74 33
71 84 33
74 68 33
75 67 33
76 95 33
77 66 33
78 40 33
78 41 33
79 93 33
80 91 33
85 90 33
87 89 33
88 65 33
89 59 33
89 61 33
90 64 33
92 37 33
92 39 33
93 63 33
94 88 33
95 15 33
95 25 33
95 32 33
96 33 33
96 35 33
97 84 33
98 31 33
98 32 33
100 28 33
100 29 33
103 29 33
103 32 33
103 33 33
104 53 33
104 55 33
106 49 33
106 51 33
107 62 33
108 26 33
108 27 33
109 61 33
110 60 33
113 59 33
114 83 33
115 77 33
116 75 33
117 24 33
117 25 33
119 22 33
119 23 33
120 22 33
120 25 33
120 26 33
121 58 33
124 40 33
124 45 33
126 37 33
126 39 33
129 57 33
130 74 33
131 20 33
131 21 33
132 18 33
132 19 33
133 73 33
134 56 33
135 55 33
136 7 33
136 15 33
136 16 33
138 53 33
139 52 33
141 47 33
141 48 33
142 51 33
143 50 33
144 49 33
145 48 33
146 15 33
146 16 33
148 72 33
149 19 33
149 20 33
149 21 33
150 70 33
