7 146 66
26 145 66
28 144 66
39 143 66
49 142 66
55 141 66
74 140 66
80 99 66
92 98 66
100 93 66
102 91 66
115 90 66
136 89 66
142 88 66
18 146 90
36 145 90
42 144 90
61 143 90
64 142 90
68 141 90
69 140 90
85 99 90
91 88 90
101 98 90
104 93 90
119 91 90
133 90 90
139 89 90
7 146 92
14 145 92
21 144 92
32 143 92
33 142 92
38 141 92
59 140 92
60 99 92
88 89 92
102 98 92
105 93 92
125 91 92
129 90 92
147 88 92
5 146 101
19 145 101
29 144 101
39 143 101
41 142 101
56 141 101
60 140 101
67 99 101
82 98 101
84 93 101
88 89 101
96 91 101
108 90 101
150 88 101
2 146 102
5 145 102
30 144 102
38 143 102
42 142 102
50 141 102
63 140 102
67 99 102
82 98 102
123 93 102
139 91 102
147 90 102
149 89 102
150 88 102
7 146 103
13 145 103
16 144 103
21 143 103
33 142 103
46 141 103
49 140 103
50 99 103
67 98 103
69 93 103
72 91 103
121 90 103
145 88 103
147 89 103
6 146 104
8 145 104
14 144 104
36 143 104
57 142 104
76 141 104
83 140 104
91 89 104
108 99 104
112 98 104
122 93 104
123 91 104
136 90 104
145 88 104
0 150 105
1 149 105
3 148 105
6 142 105
8 125 105
9 122 105
12 118 105
13 117 105
14 115 105
15 114 105
17 112 105
18 111 105
20 110 105
21 109 105
22 108 105
23 107 105
31 103 105
32 102 105
34 101 105
35 100 105
36 18 105
36 19 105
39 99 105
40 97 105
42 96 105
43 95 105
47 97 105
47 1 105
52 94 105
54 92 105
58 91 105
60 90 105
61 7 105
61 10 105
62 89 105
63 87 105
66 59 105
67 58 105
69 57 105
71 54 105
73 94 105
73 96 105
74 48 105
74 49 105
75 53 105
78 51 105
79 29 105
79 31 105
80 49 105
81 48 105
86 82 105
87 47 105
91 44 105
95 42 105
97 40 105
98 81 105
99 39 105
105 80 105
106 79 105
109 35 105
110 31 105
111 29 105
112 28 105
113 78 105
118 25 105
119 76 105
121 75 105
122 24 105
125 23 105
126 74 105
127 73 105
128 72 105
130 71 105
131 70 105
133 4 105
133 6 105
134 69 105
137 68 105
138 67 105
140 66 105
142 22 105
143 65 105
148 21 105
149 20 105
0 146 106
7 145 106
8 144 106
30 143 106
41 142 106
45 141 106
55 140 106
57 99 106
61 98 106
85 93 106
89 88 106
122 91 106
124 90 106
129 89 106
8 146 109
13 145 109
21 144 109
29 143 109
32 142 109
50 141 109
56 140 109
70 99 109
78 98 109
105 93 109
107 91 109
109 90 109
118 89 109
147 88 109
4 150 115
7 149 115
8 148 115
9 142 115
10 125 115
13 122 115
18 118 115
22 117 115
24 115 115
25 114 115
26 112 115
28 111 115
32 110 115
33 109 115
34 108 115
35 107 115
36 103 115
37 102 115
38 101 115
46 18 115
46 19 115
47 100 115
50 99 115
51 97 115
52 96 115
56 95 115
57 94 115
59 92 115
61 91 115
62 90 115
72 59 115
74 58 115
75 57 115
76 54 115
77 89 115
78 53 115
81 51 115
82 49 115
83 87 115
85 82 115
86 81 115
88 80 115
89 48 115
91 47 115
92 44 115
96 42 115
97 40 115
98 79 115
99 39 115
100 35 115
101 31 115
103 29 115
104 78 115
105 76 115
108 28 115
109 25 115
110 24 115
111 48 115
111 49 115
113 75 115
114 23 115
116 74 115
117 22 115
120 73 115
121 72 115
124 71 115
125 21 115
128 70 115
131 7 115
131 10 115
132 4 115
132 6 115
133 97 115
133 1 115
135 69 115
137 68 115
138 94 115
138 96 115
139 67 115
141 66 115
146 65 115
148 29 115
148 31 115
149 20 115
1 150 117
3 149 117
4 148 117
6 142 117
7 125 117
9 122 117
10 118 117
11 117 117
13 115 117
14 114 117
15 112 117
17 111 117
19 110 117
22 109 117
24 108 117
25 107 117
28 4 117
28 6 117
30 103 117
32 102 117
33 101 117
34 100 117
39 99 117
40 97 117
41 96 117
45 95 117
46 94 117
47 92 117
48 91 117
50 90 117
53 97 117
53 1 117
54 51 117
58 49 117
60 89 117
63 87 117
64 82 117
68 48 117
70 47 117
74 44 117
81 42 117
82 40 117
83 81 117
85 80 117
86 79 117
87 39 117
88 78 117
91 94 117
91 96 117
92 35 117
93 76 117
94 29 117
94 31 117
96 31 117
101 48 117
101 49 117
102 29 117
106 18 117
106 19 117
109 28 117
111 25 117
112 24 117
113 75 117
116 74 117
118 23 117
119 73 117
120 72 117
123 71 117
124 70 117
125 22 117
127 69 117
129 68 117
130 67 117
131 7 117
131 10 117
132 66 117
135 65 117
136 59 117
139 58 117
141 57 117
142 21 117
145 54 117
147 53 117
150 20 117
0 150 118
4 149 118
6 148 118
8 142 118
14 125 118
15 122 118
16 118 118
17 117 118
19 115 118
21 94 118
21 96 118
22 114 118
23 112 118
25 111 118
26 110 118
28 109 118
29 108 118
30 107 118
34 103 118
38 102 118
42 101 118
44 100 118
45 99 118
46 97 118
47 96 118
49 95 118
50 94 118
51 92 118
52 91 118
54 90 118
56 89 118
60 87 118
61 82 118
62 81 118
66 59 118
70 48 118
70 49 118
73 58 118
74 57 118
76 29 118
76 31 118
78 54 118
80 53 118
81 51 118
82 49 118
84 80 118
86 79 118
90 48 118
91 47 118
92 44 118
94 42 118
96 40 118
97 39 118
99 35 118
101 31 118
102 29 118
103 28 118
105 18 118
105 19 118
112 25 118
113 78 118
117 24 118
119 76 118
120 75 118
122 23 118
123 7 118
123 10 118
124 74 118
125 22 118
130 73 118
133 72 118
134 71 118
136 70 118
137 69 118
138 68 118
139 67 118
140 66 118
141 4 118
141 6 118
143 97 118
143 1 118
145 65 118
149 21 118
150 20 118
7 150 119
8 149 119
11 148 119
12 142 119
13 125 119
14 122 119
15 118 119
16 117 119
17 115 119
19 114 119
20 4 119
20 6 119
21 112 119
23 111 119
25 97 119
25 1 119
26 110 119
28 109 119
29 108 119
30 107 119
31 103 119
34 102 119
36 101 119
39 100 119
40 99 119
41 97 119
44 96 119
45 95 119
46 94 119
47 92 119
49 29 119
49 31 119
56 91 119
59 90 119
60 89 119
65 66 119
66 59 119
67 58 119
68 57 119
69 54 119
70 94 119
70 96 119
71 53 119
73 51 119
74 49 119
75 48 119
76 47 119
78 44 119
86 87 119
87 42 119
88 82 119
92 40 119
97 39 119
98 81 119
99 35 119
101 31 119
102 29 119
106 18 119
106 19 119
108 28 119
114 48 119
114 49 119
115 25 119
117 24 119
118 23 119
119 80 119
120 79 119
121 78 119
124 76 119
126 75 119
129 74 119
131 73 119
133 72 119
135 71 119
136 70 119
138 69 119
141 68 119
142 22 119
145 7 119
145 10 119
146 67 119
147 65 119
148 21 119
149 20 119
2 150 121
3 149 121
4 6 121
4 7 121
5 148 121
9 18 121
9 19 121
10 142 121
11 125 121
12 4 121
12 10 121
13 122 121
16 118 121
17 117 121
18 115 121
20 114 121
25 112 121
29 111 121
31 110 121
32 109 121
36 108 121
38 107 121
40 103 121
41 102 121
43 101 121
44 100 121
45 99 121
47 97 121
48 96 121
50 95 121
52 94 121
53 92 121
55 91 121
57 97 121
57 1 121
58 90 121
60 89 121
63 87 121
65 59 121
66 58 121
68 57 121
69 54 121
70 53 121
73 51 121
74 49 121
75 48 121
77 82 121
80 94 121
80 96 121
82 48 121
82 49 121
83 81 121
84 80 121
86 79 121
87 29 121
87 31 121
88 78 121
91 47 121
92 44 121
93 76 121
94 42 121
95 40 121
99 39 121
100 35 121
102 31 121
103 29 121
105 75 121
109 28 121
111 25 121
112 24 121
114 23 121
115 22 121
116 74 121
123 73 121
125 21 121
128 72 121
129 71 121
130 70 121
134 69 121
137 68 121
139 67 121
140 66 121
144 65 121
148 20 121
0 32 122
0 34 122
0 37 122
3 64 122
3 65 122
4 62 122
4 63 122
6 60 122
6 61 122
7 150 122
8 149 122
9 148 122
11 58 122
11 59 122
12 54 122
12 57 122
13 52 122
13 53 122
14 147 122
15 14 122
15 32 122
15 46 122
16 50 122
16 51 122
17 47 122
17 49 122
18 45 122
18 46 122
19 146 122
20 43 122
20 44 122
21 145 122
22 41 122
22 42 122
23 144 122
24 143 122
25 39 122
25 40 122
26 142 122
29 141 122
31 29 122
31 30 122
32 140 122
33 139 122
34 138 122
35 137 122
36 136 122
37 135 122
38 134 122
39 133 122
40 26 122
40 28 122
41 132 122
42 23 122
42 25 122
43 131 122
45 130 122
46 129 122
47 128 122
49 127 122
52 6 122
52 14 122
52 15 122
53 20 122
53 21 122
54 18 122
54 19 122
55 37 122
55 38 122
56 126 122
57 16 122
57 17 122
58 125 122
59 124 122
60 123 122
61 122 122
62 121 122
63 120 122
64 119 122
65 14 122
65 15 122
67 12 122
67 13 122
68 118 122
69 117 122
70 10 122
70 11 122
71 8 122
71 9 122
72 116 122
73 114 122
74 6 122
74 7 122
75 4 122
75 5 122
76 113 122
77 2 122
77 3 122
78 0 122
78 1 122
79 149 122
79 150 122
80 145 122
80 147 122
81 35 122
81 36 122
82 112 122
83 111 122
84 110 122
85 109 122
86 143 122
86 144 122
87 108 122
88 107 122
89 106 122
90 29 122
90 30 122
90 31 122
91 105 122
92 104 122
93 103 122
94 86 122
94 87 122
95 102 122
96 141 122
96 142 122
97 100 122
98 33 122
98 34 122
99 78 122
99 79 122
100 101 122
101 99 122
102 150 122
102 0 122
102 1 122
103 97 122
104 76 122
104 77 122
105 96 122
106 95 122
107 94 122
108 93 122
109 92 122
110 139 122
110 140 122
111 137 122
111 138 122
112 91 122
113 134 122
113 136 122
114 129 122
114 131 122
115 31 122
115 32 122
116 90 122
117 74 122
117 75 122
118 116 122
118 117 122
119 104 122
119 112 122
120 89 122
121 87 122
122 101 122
122 102 122
123 86 122
124 85 122
125 84 122
127 83 122
128 95 122
128 99 122
129 80 122
130 18 122
130 19 122
130 25 122
131 71 122
131 73 122
132 79 122
133 78 122
134 15 122
134 104 122
134 131 122
135 89 122
135 94 122
136 77 122
137 58 122
137 70 122
138 52 122
138 53 122
139 76 122
140 75 122
141 50 122
141 51 122
142 74 122
143 73 122
144 46 122
144 49 122
145 71 122
146 70 122
147 68 122
148 67 122
149 39 122
149 45 122
0 150 123
1 149 123
2 148 123
3 64 123
3 65 123
4 147 123
5 146 123
6 62 123
6 63 123
7 29 123
7 30 123
7 31 123
9 145 123
10 144 123
11 143 123
12 60 123
12 61 123
13 58 123
13 59 123
14 142 123
16 141 123
18 140 123
19 139 123
20 138 123
21 54 123
21 57 123
22 137 123
24 52 123
24 53 123
25 136 123
26 135 123
27 134 123
28 133 123
29 132 123
30 50 123
30 51 123
31 131 123
32 47 123
32 49 123
33 34 123
33 35 123
34 130 123
35 129 123
36 18 123
36 19 123
36 25 123
37 150 123
37 0 123
37 1 123
38 128 123
39 127 123
40 126 123
41 125 123
43 31 123
43 32 123
44 29 123
44 30 123
45 26 123
45 28 123
46 124 123
48 45 123
48 46 123
49 123 123
50 122 123
51 23 123
51 25 123
52 20 123
52 21 123
53 121 123
54 18 123
54 19 123
55 120 123
56 43 123
56 44 123
58 16 123
58 17 123
59 119 123
60 14 123
60 15 123
61 118 123
62 12 123
62 13 123
63 117 123
64 10 123
64 11 123
65 116 123
66 41 123
66 42 123
67 114 123
68 8 123
68 9 123
69 39 123
69 40 123
70 113 123
71 6 123
71 7 123
72 112 123
73 111 123
74 110 123
75 109 123
76 4 123
76 5 123
77 2 123
77 3 123
78 0 123
78 1 123
79 108 123
80 149 123
80 150 123
81 107 123
82 106 123
85 105 123
86 87 123
86 89 123
87 78 123
87 79 123
88 37 123
88 38 123
89 46 123
89 104 123
89 131 123
90 104 123
91 145 123
91 147 123
92 143 123
92 144 123
93 6 123
93 14 123
93 15 123
94 103 123
95 76 123
95 77 123
96 141 123
96 142 123
97 139 123
97 140 123
98 33 123
98 36 123
99 74 123
99 75 123
100 137 123
100 138 123
101 102 123
102 71 123
102 73 123
103 134 123
103 136 123
104 101 123
105 129 123
105 131 123
106 100 123
107 116 123
107 117 123
108 99 123
109 97 123
110 96 123
111 95 123
112 94 123
114 104 123
114 112 123
115 32 123
115 34 123
115 37 123
116 93 123
117 92 123
119 91 123
120 90 123
121 89 123
122 101 123
122 102 123
123 87 123
124 86 123
125 85 123
127 84 123
129 83 123
130 80 123
132 79 123
133 95 123
133 99 123
134 78 123
135 77 123
136 76 123
137 75 123
138 58 123
138 70 123
139 14 123
139 15 123
139 32 123
140 74 123
141 73 123
142 71 123
143 52 123
143 53 123
144 70 123
145 68 123
146 67 123
147 50 123
147 51 123
148 86 123
148 94 123
149 46 123
149 49 123
150 39 123
150 45 123
0 150 124
1 32 124
1 34 124
1 37 124
2 149 124
3 148 124
4 147 124
5 146 124
6 64 124
6 65 124
7 145 124
8 144 124
9 62 124
9 63 124
10 143 124
11 60 124
11 61 124
12 142 124
13 58 124
13 59 124
14 54 124
14 57 124
16 52 124
16 53 124
17 141 124
18 140 124
19 50 124
19 51 124
20 47 124
20 49 124
21 45 124
21 46 124
22 139 124
23 138 124
24 43 124
24 44 124
25 41 124
25 42 124
26 39 124
26 40 124
27 137 124
28 136 124
30 26 124
30 28 124
31 135 124
33 23 124
33 25 124
34 20 124
34 21 124
35 18 124
35 19 124
36 134 124
38 16 124
38 17 124
39 133 124
40 14 124
40 15 124
41 132 124
42 131 124
43 130 124
44 129 124
45 12 124
45 13 124
46 128 124
47 127 124
49 126 124
50 125 124
51 150 124
51 0 124
51 1 124
53 124 124
54 10 124
54 11 124
55 37 124
55 38 124
56 123 124
57 29 124
57 30 124
57 31 124
58 8 124
58 9 124
60 122 124
61 6 124
61 7 124
62 121 124
63 120 124
64 119 124
65 118 124
66 35 124
66 36 124
67 4 124
67 5 124
68 2 124
68 3 124
69 117 124
70 0 124
70 1 124
71 149 124
71 150 124
73 116 124
74 114 124
75 145 124
75 147 124
76 113 124
77 143 124
77 144 124
78 141 124
78 142 124
79 112 124
81 33 124
81 34 124
83 111 124
86 87 124
86 89 124
87 110 124
88 109 124
89 78 124
89 79 124
90 108 124
91 107 124
92 106 124
93 105 124
94 76 124
94 77 124
95 74 124
95 75 124
96 18 124
96 19 124
96 25 124
97 139 124
97 140 124
98 31 124
98 32 124
99 71 124
99 73 124
100 104 124
101 103 124
103 102 124
104 58 124
104 70 124
105 137 124
105 138 124
106 101 124
107 100 124
108 134 124
108 136 124
109 99 124
110 97 124
111 96 124
112 95 124
113 94 124
114 129 124
114 131 124
115 29 124
115 30 124
116 93 124
117 52 124
117 53 124
118 92 124
119 91 124
120 6 124
120 14 124
120 15 124
121 90 124
122 89 124
123 116 124
123 117 124
124 87 124
125 86 124
126 85 124
127 84 124
128 83 124
129 80 124
130 104 124
130 112 124
131 79 124
132 101 124
132 102 124
133 78 124
134 46 124
134 104 124
134 131 124
135 95 124
135 99 124
136 77 124
137 76 124
138 14 124
138 15 124
138 32 124
139 75 124
140 74 124
141 50 124
141 51 124
142 73 124
143 46 124
143 49 124
144 71 124
145 39 124
145 45 124
146 86 124
146 94 124
147 70 124
148 68 124
150 67 124
0 64 125
0 65 125
2 150 125
3 62 125
3 63 125
4 60 125
4 61 125
5 58 125
5 59 125
6 149 125
7 148 125
8 147 125
9 54 125
9 57 125
10 146 125
11 52 125
11 53 125
13 50 125
13 51 125
14 145 125
15 144 125
16 47 125
16 49 125
17 143 125
18 142 125
19 45 125
19 46 125
20 141 125
21 140 125
22 139 125
23 43 125
23 44 125
24 41 125
24 42 125
25 138 125
26 39 125
26 40 125
27 137 125
28 136 125
30 29 125
30 31 125
31 26 125
31 28 125
32 23 125
32 25 125
33 20 125
33 21 125
34 135 125
35 134 125
36 133 125
37 18 125
37 19 125
38 132 125
40 16 125
40 17 125
41 131 125
42 130 125
43 129 125
44 14 125
44 15 125
45 128 125
46 12 125
46 13 125
47 10 125
47 11 125
48 127 125
49 126 125
50 8 125
50 9 125
51 125 125
52 124 125
53 6 125
53 7 125
54 4 125
54 5 125
56 37 125
56 38 125
58 2 125
58 3 125
60 123 125
61 122 125
62 121 125
64 120 125
65 119 125
66 35 125
66 36 125
68 0 125
68 1 125
69 118 125
70 149 125
70 150 125
71 145 125
71 147 125
72 117 125
73 143 125
73 144 125
74 141 125
74 142 125
75 116 125
76 114 125
77 46 125
77 104 125
77 131 125
78 113 125
79 112 125
80 111 125
81 110 125
82 33 125
82 34 125
83 139 125
83 140 125
84 29 125
84 30 125
84 31 125
85 18 125
85 19 125
85 25 125
86 74 125
86 75 125
87 71 125
87 73 125
88 109 125
89 58 125
89 70 125
90 108 125
91 137 125
91 138 125
92 107 125
93 106 125
95 105 125
96 134 125
96 136 125
97 129 125
97 131 125
98 30 125
98 32 125
99 104 125
100 103 125
101 52 125
101 53 125
102 50 125
102 51 125
103 102 125
104 101 125
105 100 125
106 116 125
106 117 125
107 99 125
108 97 125
109 96 125
110 104 125
110 112 125
111 95 125
112 94 125
114 93 125
115 32 125
115 34 125
115 37 125
116 92 125
117 91 125
118 101 125
118 102 125
119 95 125
119 99 125
120 90 125
121 89 125
122 87 125
123 86 125
124 85 125
125 84 125
126 89 125
126 94 125
127 86 125
127 87 125
128 78 125
128 79 125
129 83 125
130 76 125
130 77 125
131 80 125
132 79 125
133 6 125
133 14 125
133 15 125
134 14 125
134 15 125
134 32 125
135 78 125
137 77 125
138 46 125
138 49 125
139 76 125
140 75 125
141 74 125
142 73 125
143 71 125
144 70 125
145 68 125
146 150 125
146 0 125
146 1 125
148 67 125
149 39 125
149 45 125
0 150 126
1 149 126
2 148 126
3 18 126
3 19 126
4 142 126
5 125 126
8 122 126
10 118 126
11 7 126
11 10 126
15 117 126
17 115 126
18 114 126
19 112 126
20 111 126
24 110 126
25 109 126
26 108 126
30 107 126
32 103 126
35 102 126
37 101 126
39 100 126
41 99 126
42 97 126
45 96 126
47 95 126
48 94 126
50 92 126
51 91 126
53 90 126
54 89 126
55 87 126
56 82 126
57 58 126
58 54 126
61 81 126
62 80 126
63 79 126
65 53 126
68 51 126
69 49 126
70 48 126
73 47 126
75 44 126
88 78 126
89 42 126
90 40 126
91 39 126
92 35 126
94 31 126
95 29 126
97 29 126
97 31 126
100 28 126
101 25 126
103 97 126
103 1 126
105 76 126
107 94 126
107 96 126
109 24 126
110 23 126
113 75 126
114 48 126
114 49 126
117 22 126
121 74 126
122 21 126
124 73 126
126 72 126
128 71 126
129 70 126
130 69 126
131 68 126
132 67 126
133 66 126
138 65 126
139 59 126
141 4 126
141 6 126
146 57 126
150 20 126
0 150 127
1 149 127
2 148 127
3 147 127
4 146 127
5 145 127
7 144 127
8 64 127
8 65 127
9 143 127
10 142 127
11 62 127
11 63 127
12 141 127
13 140 127
14 139 127
15 60 127
15 61 127
16 29 127
16 30 127
16 31 127
17 18 127
17 19 127
17 25 127
18 58 127
18 59 127
19 138 127
20 137 127
21 54 127
21 57 127
22 52 127
22 53 127
23 136 127
24 50 127
24 51 127
25 135 127
26 134 127
27 133 127
28 132 127
29 47 127
29 49 127
30 45 127
30 46 127
31 131 127
32 130 127
33 129 127
34 128 127
35 127 127
36 6 127
36 14 127
36 15 127
37 126 127
39 35 127
39 36 127
40 33 127
40 34 127
41 125 127
42 31 127
42 32 127
43 150 127
43 0 127
43 1 127
44 124 127
45 123 127
46 29 127
46 30 127
48 43 127
48 44 127
49 122 127
50 121 127
51 120 127
52 119 127
53 26 127
53 28 127
54 23 127
54 25 127
55 32 127
55 34 127
55 37 127
56 118 127
57 20 127
57 21 127
58 117 127
59 116 127
60 114 127
61 113 127
62 112 127
63 18 127
63 19 127
64 16 127
64 17 127
65 14 127
65 15 127
67 111 127
68 110 127
70 12 127
70 13 127
71 109 127
72 108 127
73 107 127
75 10 127
75 11 127
76 106 127
77 105 127
78 104 127
80 8 127
80 9 127
81 103 127
82 102 127
83 6 127
83 7 127
84 101 127
85 100 127
86 4 127
86 5 127
88 41 127
88 42 127
90 99 127
91 2 127
91 3 127
92 97 127
93 95 127
94 0 127
94 1 127
95 96 127
96 149 127
96 150 127
98 39 127
98 40 127
99 94 127
100 145 127
100 147 127
101 93 127
102 95 127
102 99 127
103 92 127
104 91 127
105 90 127
106 143 127
106 144 127
107 89 127
109 87 127
110 86 127
111 141 127
111 142 127
112 89 127
112 94 127
113 85 127
114 139 127
114 140 127
115 37 127
115 38 127
116 86 127
116 87 127
117 78 127
117 79 127
118 137 127
118 138 127
119 134 127
119 136 127
120 129 127
120 131 127
121 84 127
122 116 127
122 117 127
123 83 127
124 80 127
125 104 127
125 112 127
127 79 127
129 78 127
130 77 127
131 76 127
131 77 127
132 46 127
132 104 127
132 131 127
133 76 127
134 74 127
134 75 127
135 101 127
135 102 127
136 75 127
137 71 127
137 73 127
139 58 127
139 70 127
140 74 127
141 73 127
142 14 127
142 15 127
142 32 127
143 52 127
143 53 127
144 71 127
145 50 127
145 51 127
146 70 127
147 46 127
147 49 127
148 68 127
149 39 127
149 45 127
150 67 127
0 150 128
1 64 128
1 65 128
2 149 128
3 62 128
3 63 128
4 148 128
5 147 128
6 60 128
6 61 128
7 146 128
8 29 128
8 30 128
8 31 128
9 145 128
10 58 128
10 59 128
12 144 128
13 143 128
14 142 128
15 141 128
16 140 128
17 54 128
17 57 128
19 52 128
19 53 128
20 139 128
21 138 128
22 50 128
22 51 128
23 137 128
25 136 128
26 18 128
26 19 128
26 25 128
29 135 128
30 134 128
31 133 128
32 47 128
32 49 128
33 132 128
34 131 128
36 45 128
36 46 128
37 35 128
37 36 128
39 130 128
40 129 128
41 128 128
42 33 128
42 34 128
43 31 128
43 32 128
44 127 128
45 29 128
45 30 128
46 14 128
46 15 128
46 32 128
47 126 128
48 125 128
49 26 128
49 28 128
50 124 128
52 123 128
53 122 128
54 23 128
54 25 128
55 43 128
55 44 128
56 41 128
56 42 128
57 20 128
57 21 128
58 18 128
58 19 128
59 16 128
59 17 128
60 121 128
62 14 128
62 15 128
63 120 128
64 12 128
64 13 128
65 119 128
66 118 128
67 117 128
68 116 128
69 32 128
69 34 128
69 37 128
70 114 128
71 10 128
71 11 128
72 113 128
73 112 128
74 111 128
75 110 128
76 8 128
76 9 128
77 6 128
77 7 128
78 79 128
78 86 128
80 109 128
81 108 128
82 107 128
83 106 128
85 105 128
86 104 128
87 76 128
87 77 128
88 39 128
88 40 128
90 4 128
90 5 128
91 2 128
91 3 128
92 103 128
93 102 128
94 101 128
95 100 128
96 99 128
97 0 128
97 1 128
98 37 128
98 38 128
99 150 128
99 0 128
99 1 128
100 97 128
101 96 128
102 95 128
103 149 128
103 150 128
104 94 128
105 93 128
106 92 128
107 91 128
108 145 128
108 147 128
109 143 128
109 144 128
110 141 128
110 142 128
111 139 128
111 140 128
112 74 128
112 75 128
113 90 128
114 89 128
116 87 128
117 71 128
117 73 128
118 137 128
118 138 128
119 86 128
120 85 128
121 84 128
122 83 128
123 134 128
123 136 128
124 80 128
125 129 128
125 131 128
126 116 128
126 117 128
128 104 128
128 112 128
129 79 128
130 101 128
130 102 128
131 58 128
131 70 128
132 95 128
132 99 128
133 89 128
133 94 128
134 46 128
134 104 128
134 131 128
135 6 128
135 14 128
135 15 128
136 78 128
137 77 128
138 52 128
138 53 128
139 76 128
140 75 128
141 74 128
142 73 128
143 71 128
144 50 128
144 51 128
145 70 128
146 68 128
147 67 128
148 78 128
148 87 128
149 46 128
149 49 128
150 39 128
150 45 128
0 64 129
0 65 129
1 150 129
2 62 129
2 63 129
4 149 129
5 60 129
5 61 129
6 148 129
7 147 129
8 58 129
8 59 129
9 146 129
10 145 129
11 144 129
12 143 129
13 54 129
13 57 129
14 142 129
15 141 129
16 52 129
16 53 129
17 50 129
17 51 129
18 47 129
18 49 129
19 140 129
20 139 129
21 45 129
21 46 129
22 138 129
24 137 129
25 136 129
26 43 129
26 44 129
27 135 129
28 134 129
29 41 129
29 42 129
30 133 129
31 132 129
32 31 129
32 33 129
33 131 129
37 130 129
38 129 129
39 128 129
40 29 129
40 30 129
41 26 129
41 28 129
42 127 129
43 126 129
44 125 129
45 23 129
45 25 129
46 14 129
46 15 129
46 32 129
47 124 129
48 123 129
49 20 129
49 21 129
50 18 129
50 19 129
51 122 129
52 18 129
52 19 129
52 25 129
53 121 129
54 16 129
54 17 129
55 39 129
55 40 129
56 37 129
56 38 129
57 120 129
58 119 129
59 14 129
59 15 129
60 118 129
61 12 129
61 13 129
62 10 129
62 11 129
63 8 129
63 9 129
64 117 129
65 116 129
67 114 129
68 6 129
68 7 129
69 113 129
70 4 129
70 5 129
71 6 129
71 14 129
71 15 129
73 112 129
74 150 129
74 0 129
74 1 129
75 2 129
75 3 129
76 111 129
77 0 129
77 1 129
78 149 129
78 150 129
80 110 129
81 109 129
82 35 129
82 36 129
83 108 129
84 145 129
84 147 129
85 143 129
85 144 129
87 46 129
87 104 129
87 131 129
88 32 129
88 34 129
89 94 129
89 95 129
90 107 129
91 106 129
92 29 129
92 30 129
92 31 129
93 105 129
94 86 129
94 87 129
95 104 129
96 141 129
96 142 129
97 139 129
97 140 129
98 32 129
98 34 129
98 37 129
100 103 129
101 78 129
101 79 129
102 101 129
103 100 129
104 99 129
105 97 129
106 96 129
107 137 129
107 138 129
108 95 129
110 134 129
110 136 129
111 94 129
112 76 129
112 77 129
113 93 129
114 92 129
115 102 129
116 91 129
118 90 129
119 89 129
120 87 129
121 129 129
121 131 129
122 86 129
123 116 129
123 117 129
125 85 129
126 84 129
127 104 129
127 112 129
128 83 129
129 80 129
130 79 129
131 78 129
132 77 129
133 76 129
134 74 129
134 75 129
135 75 129
136 74 129
138 71 129
138 73 129
139 58 129
139 70 129
140 73 129
141 71 129
142 52 129
142 53 129
143 50 129
143 51 129
144 70 129
145 46 129
145 49 129
146 101 129
146 102 129
147 39 129
147 45 129
148 89 129
148 99 129
149 68 129
150 67 129
0 150 130
1 149 130
2 64 130
2 65 130
4 148 130
5 147 130
6 146 130
8 29 130
8 30 130
8 31 130
9 18 130
9 19 130
9 25 130
10 62 130
10 63 130
11 145 130
12 60 130
12 61 130
13 144 130
14 143 130
15 142 130
16 58 130
16 59 130
17 54 130
17 57 130
18 141 130
19 52 130
19 53 130
20 50 130
20 51 130
21 140 130
23 139 130
25 14 130
25 15 130
25 32 130
26 138 130
27 32 130
27 34 130
27 37 130
28 137 130
29 136 130
30 135 130
31 134 130
32 47 130
32 49 130
33 133 130
34 45 130
34 46 130
35 132 130
36 131 130
37 130 130
38 6 130
38 14 130
38 15 130
40 33 130
40 34 130
41 150 130
41 0 130
41 1 130
42 129 130
43 128 130
44 31 130
44 32 130
45 127 130
46 126 130
48 125 130
49 29 130
49 30 130
50 26 130
50 28 130
51 124 130
53 123 130
54 122 130
55 43 130
55 44 130
56 41 130
56 42 130
57 121 130
58 120 130
59 119 130
60 118 130
61 23 130
61 25 130
62 117 130
63 20 130
63 21 130
64 18 130
64 19 130
65 16 130
65 17 130
67 116 130
68 114 130
69 39 130
69 40 130
70 14 130
70 15 130
71 12 130
71 13 130
72 37 130
72 38 130
73 113 130
74 10 130
74 11 130
75 8 130
75 9 130
76 112 130
77 111 130
78 110 130
79 6 130
79 7 130
80 109 130
82 35 130
82 36 130
83 4 130
83 5 130
85 108 130
86 2 130
86 3 130
87 0 130
87 1 130
88 107 130
89 106 130
90 105 130
91 104 130
92 103 130
93 102 130
94 89 130
94 95 130
95 101 130
96 149 130
96 150 130
97 145 130
97 147 130
98 100 130
99 86 130
99 87 130
100 97 130
101 96 130
102 95 130
104 94 130
105 93 130
106 143 130
106 144 130
107 92 130
108 91 130
109 90 130
110 141 130
110 142 130
111 139 130
111 140 130
112 78 130
112 79 130
113 137 130
113 138 130
114 89 130
115 99 130
116 87 130
117 86 130
118 134 130
118 136 130
119 129 130
119 131 130
121 116 130
121 117 130
122 85 130
123 84 130
124 104 130
124 112 130
125 83 130
126 101 130
126 102 130
127 80 130
128 79 130
129 78 130
130 77 130
131 76 130
131 77 130
132 76 130
133 94 130
133 99 130
134 74 130
134 75 130
135 46 130
135 104 130
135 131 130
136 71 130
136 73 130
137 58 130
137 70 130
138 75 130
139 74 130
140 52 130
140 53 130
141 73 130
143 71 130
144 70 130
145 50 130
145 51 130
146 68 130
147 67 130
149 46 130
149 49 130
150 39 130
150 45 130
1 150 131
5 149 131
9 148 131
10 94 131
10 96 131
11 18 131
11 19 131
12 142 131
14 125 131
15 122 131
16 118 131
20 117 131
21 115 131
24 114 131
25 112 131
27 111 131
31 110 131
32 109 131
34 108 131
36 107 131
38 103 131
39 102 131
40 101 131
41 100 131
43 99 131
46 97 131
49 96 131
51 95 131
52 94 131
54 92 131
56 91 131
57 90 131
59 65 131
61 89 131
62 7 131
62 10 131
67 58 131
68 48 131
68 49 131
69 57 131
70 54 131
75 53 131
76 51 131
80 49 131
82 48 131
83 4 131
83 6 131
84 87 131
86 82 131
87 47 131
88 81 131
89 44 131
91 42 131
92 40 131
97 39 131
98 80 131
99 35 131
101 31 131
102 29 131
103 28 131
106 79 131
107 25 131
108 24 131
112 23 131
114 22 131
117 21 131
121 78 131
124 76 131
125 20 131
127 75 131
129 74 131
130 73 131
133 72 131
134 71 131
137 97 131
137 1 131
138 70 131
140 69 131
144 68 131
145 67 131
146 66 131
147 59 131
150 29 131
150 31 131
0 150 132
1 64 132
1 65 132
2 62 132
2 63 132
4 149 132
5 60 132
5 61 132
7 148 132
8 58 132
8 59 132
9 147 132
10 54 132
10 57 132
11 146 132
12 52 132
12 53 132
13 32 132
13 34 132
13 37 132
14 50 132
14 51 132
15 47 132
15 49 132
16 29 132
16 30 132
16 31 132
17 45 132
17 46 132
18 145 132
19 43 132
19 44 132
20 144 132
21 143 132
22 142 132
23 141 132
24 41 132
24 42 132
25 140 132
26 139 132
28 23 132
28 25 132
29 138 132
30 20 132
30 21 132
31 137 132
32 18 132
32 19 132
34 16 132
34 17 132
35 14 132
35 15 132
36 12 132
36 13 132
37 136 132
38 135 132
39 134 132
40 133 132
41 132 132
42 10 132
42 11 132
43 131 132
44 8 132
44 9 132
45 130 132
46 129 132
47 6 132
47 7 132
48 128 132
49 127 132
50 126 132
51 125 132
52 124 132
53 4 132
53 5 132
54 18 132
54 19 132
54 25 132
55 123 132
56 39 132
56 40 132
57 6 132
57 14 132
57 15 132
58 122 132
59 121 132
60 2 132
60 3 132
61 0 132
61 1 132
62 120 132
63 119 132
64 149 132
64 150 132
65 145 132
65 147 132
66 37 132
66 38 132
67 143 132
67 144 132
68 118 132
69 35 132
69 36 132
70 141 132
70 142 132
71 117 132
72 116 132
73 114 132
74 139 132
74 140 132
75 74 132
75 76 132
76 113 132
78 112 132
79 111 132
80 110 132
81 33 132
81 34 132
82 31 132
82 32 132
83 109 132
84 137 132
84 138 132
87 108 132
88 29 132
88 30 132
89 107 132
90 134 132
90 136 132
91 129 132
91 131 132
93 116 132
93 117 132
95 106 132
96 105 132
97 104 132
98 103 132
100 102 132
101 71 132
101 73 132
102 58 132
102 70 132
103 104 132
103 112 132
104 101 132
105 100 132
107 99 132
108 101 132
108 102 132
109 95 132
109 99 132
110 89 132
110 94 132
111 97 132
112 96 132
113 95 132
114 94 132
115 26 132
115 28 132
116 93 132
117 52 132
117 53 132
118 92 132
119 86 132
119 87 132
120 78 132
120 79 132
121 150 132
121 0 132
121 1 132
122 91 132
123 90 132
125 89 132
126 87 132
127 86 132
128 85 132
129 84 132
130 83 132
131 14 132
131 15 132
131 32 132
132 80 132
133 79 132
134 78 132
135 75 132
135 77 132
136 77 132
137 76 132
138 75 132
139 74 132
140 50 132
140 51 132
141 73 132
143 71 132
144 70 132
145 68 132
146 67 132
147 46 132
147 49 132
148 46 132
148 104 132
148 131 132
150 39 132
150 45 132
1 94 133
1 96 133
7 150 133
8 149 133
9 148 133
11 142 133
13 18 133
13 19 133
15 125 133
19 122 133
21 118 133
22 117 133
23 115 133
27 114 133
28 112 133
29 111 133
31 110 133
32 109 133
35 108 133
38 107 133
41 103 133
42 102 133
43 101 133
44 100 133
48 99 133
52 97 133
53 48 133
53 49 133
54 96 133
57 95 133
58 94 133
59 92 133
60 91 133
61 7 133
61 10 133
62 90 133
65 89 133
66 65 133
68 59 133
69 58 133
71 57 133
72 54 133
74 53 133
75 51 133
79 49 133
81 48 133
82 47 133
83 87 133
84 82 133
85 81 133
86 80 133
89 44 133
92 42 133
93 4 133
93 6 133
95 40 133
98 79 133
99 39 133
101 35 133
102 29 133
102 31 133
103 31 133
105 78 133
107 29 133
109 28 133
110 25 133
112 24 133
116 76 133
118 23 133
120 75 133
127 74 133
128 73 133
130 97 133
130 1 133
132 72 133
133 71 133
134 70 133
135 69 133
137 68 133
138 67 133
142 22 133
143 66 133
149 21 133
150 20 133
0 150 142
1 149 142
2 64 142
2 65 142
3 148 142
4 147 142
5 146 142
6 62 142
6 63 142
7 29 142
7 30 142
7 31 142
8 145 142
9 60 142
9 61 142
10 144 142
11 58 142
11 59 142
12 143 142
13 142 142
14 54 142
14 57 142
15 52 142
15 53 142
16 50 142
16 51 142
17 141 142
18 47 142
18 49 142
19 140 142
20 45 142
20 46 142
21 139 142
22 138 142
23 137 142
24 136 142
25 135 142
26 43 142
26 44 142
27 134 142
28 41 142
28 42 142
29 39 142
29 40 142
30 37 142
30 38 142
31 133 142
32 132 142
33 131 142
34 130 142
36 129 142
37 29 142
37 30 142
38 128 142
39 127 142
40 26 142
40 28 142
41 23 142
41 25 142
42 126 142
43 18 142
43 19 142
43 25 142
44 20 142
44 21 142
45 125 142
46 124 142
47 123 142
48 35 142
48 36 142
49 122 142
50 121 142
51 120 142
53 119 142
55 118 142
56 33 142
56 34 142
58 117 142
59 116 142
60 18 142
60 19 142
61 114 142
62 113 142
64 16 142
64 17 142
65 112 142
66 111 142
67 110 142
68 109 142
69 108 142
70 14 142
70 15 142
71 12 142
71 13 142
72 107 142
73 106 142
74 105 142
75 10 142
75 11 142
76 8 142
76 9 142
77 104 142
78 6 142
78 7 142
79 103 142
80 6 142
80 14 142
80 15 142
81 102 142
82 31 142
82 32 142
84 101 142
85 100 142
87 78 142
87 79 142
88 99 142
89 97 142
91 96 142
92 4 142
92 5 142
93 95 142
94 46 142
94 104 142
94 131 142
95 93 142
96 2 142
96 3 142
98 94 142
100 92 142
101 91 142
102 76 142
102 77 142
103 0 142
103 1 142
104 90 142
106 149 142
106 150 142
107 89 142
108 145 142
108 147 142
109 87 142
110 143 142
110 144 142
111 141 142
111 142 142
112 86 142
113 85 142
114 139 142
114 140 142
115 32 142
115 34 142
115 37 142
116 84 142
117 74 142
117 75 142
118 137 142
118 138 142
119 134 142
119 136 142
120 150 142
120 0 142
120 1 142
121 129 142
121 131 142
122 83 142
123 116 142
123 117 142
124 80 142
125 79 142
126 104 142
126 112 142
127 78 142
128 101 142
128 102 142
130 95 142
130 99 142
131 77 142
133 89 142
133 94 142
134 76 142
135 86 142
135 87 142
136 71 142
136 73 142
137 75 142
138 58 142
138 70 142
139 74 142
140 52 142
140 53 142
141 50 142
141 51 142
142 73 142
143 71 142
144 14 142
144 15 142
144 32 142
145 46 142
145 49 142
146 70 142
148 68 142
149 39 142
149 45 142
150 67 142
