10 69 43
25 68 43
43 67 43
98 66 43
114 65 43
130 64 43
0 93 53
17 82 53
49 81 53
82 78 53
120 80 53
147 79 53
14 93 74
31 82 74
36 81 74
41 80 74
71 79 74
147 78 74
0 69 77
41 68 77
48 67 77
85 66 77
90 65 77
132 64 77
26 93 91
28 82 91
66 81 91
68 80 91
85 79 91
98 78 91
17 93 93
26 82 93
38 81 93
39 80 93
41 79 93
109 78 93
7 69 94
19 68 94
53 67 94
80 66 94
81 65 94
137 64 94
35 69 97
49 68 97
67 64 97
86 67 97
89 66 97
96 65 97
0 150 105
1 149 105
2 61 105
2 63 105
3 148 105
4 147 105
5 58 105
5 59 105
6 146 105
7 145 105
8 144 105
9 143 105
10 142 105
11 141 105
13 140 105
14 139 105
15 56 105
15 57 105
16 54 105
16 55 105
19 138 105
20 137 105
21 52 105
21 53 105
22 135 105
23 134 105
24 133 105
25 132 105
26 50 105
26 51 105
27 48 105
27 49 105
28 26 105
28 29 105
29 131 105
31 22 105
31 25 105
32 129 105
33 128 105
35 18 105
35 19 105
36 127 105
38 46 105
38 47 105
39 15 105
39 17 105
40 124 105
41 123 105
42 120 105
44 118 105
45 117 105
46 116 105
47 13 105
47 14 105
48 115 105
49 11 105
49 12 105
50 112 105
52 8 105
52 10 105
53 111 105
55 110 105
57 4 105
57 5 105
61 109 105
62 41 105
62 42 105
63 107 105
64 106 105
65 148 105
65 2 105
67 105 105
68 141 105
68 143 105
69 137 105
69 140 105
70 133 105
70 134 105
73 39 105
73 40 105
75 104 105
77 103 105
78 102 105
79 101 105
80 127 105
80 129 105
82 117 105
82 120 105
84 112 105
84 115 105
85 84 105
86 83 105
88 82 105
90 100 105
91 81 105
92 35 105
92 36 105
94 99 105
95 97 105
96 91 105
98 89 105
99 88 105
99 89 105
103 80 105
104 85 105
104 87 105
105 79 105
105 81 105
106 79 105
108 31 105
108 34 105
109 78 105
110 49 105
110 59 105
111 25 105
111 34 105
116 110 105
116 111 105
118 107 105
118 109 105
119 88 105
120 11 105
120 13 105
122 87 105
123 105 105
123 106 105
125 86 105
126 28 105
126 30 105
127 76 105
128 75 105
129 74 105
132 70 105
133 8 105
133 10 105
134 2 105
134 5 105
135 103 105
135 104 105
136 85 105
137 69 105
138 68 105
139 101 105
139 102 105
141 67 105
144 99 105
144 100 105
146 91 105
146 97 105
147 66 105
148 65 105
149 64 105
12 69 107
46 68 107
56 67 107
59 66 107
114 65 107
118 64 107
0 93 114
48 82 114
60 81 114
79 78 114
84 80 114
95 79 114
0 150 121
2 149 121
3 148 121
4 147 121
5 146 121
6 145 121
8 61 121
8 63 121
9 58 121
9 59 121
11 56 121
11 57 121
12 144 121
13 143 121
15 142 121
16 141 121
17 140 121
18 54 121
18 55 121
19 52 121
19 53 121
21 139 121
24 50 121
24 51 121
26 138 121
27 48 121
27 49 121
30 137 121
32 135 121
33 46 121
33 47 121
34 134 121
36 18 121
36 19 121
38 133 121
39 132 121
41 15 121
41 17 121
42 131 121
44 129 121
45 128 121
47 13 121
47 14 121
48 127 121
49 11 121
49 12 121
51 8 121
51 10 121
54 4 121
54 5 121
55 124 121
57 123 121
58 148 121
58 2 121
61 120 121
62 41 121
62 42 121
63 141 121
63 143 121
65 118 121
66 117 121
67 116 121
69 115 121
70 137 121
70 140 121
71 112 121
72 39 121
72 40 121
74 111 121
75 133 121
75 134 121
76 127 121
76 129 121
77 110 121
78 109 121
79 107 121
81 106 121
82 105 121
83 104 121
84 117 121
84 120 121
85 112 121
85 115 121
86 103 121
87 88 121
88 86 121
89 110 121
89 111 121
90 35 121
90 36 121
91 107 121
91 109 121
92 102 121
93 101 121
94 31 121
94 34 121
95 100 121
96 99 121
97 91 121
97 99 121
99 88 121
99 89 121
100 85 121
101 85 121
101 87 121
103 79 121
103 81 121
104 84 121
105 49 121
105 59 121
106 83 121
108 29 121
108 30 121
109 25 121
109 34 121
110 11 121
110 13 121
113 97 121
116 82 121
118 81 121
119 26 121
119 28 121
120 8 121
120 10 121
121 22 121
121 25 121
122 91 121
123 105 121
123 106 121
124 103 121
124 104 121
127 80 121
128 79 121
129 78 121
130 89 121
133 76 121
134 75 121
135 101 121
135 102 121
136 87 121
137 74 121
139 70 121
141 69 121
142 68 121
143 2 121
143 5 121
144 67 121
147 66 121
148 65 121
149 97 121
149 100 121
150 64 121
0 150 122
2 91 122
2 93 122
4 149 122
5 148 122
6 85 122
6 88 122
9 79 122
9 83 122
11 76 122
11 78 122
12 27 122
12 28 122
12 33 122
13 71 122
13 72 122
14 147 122
15 146 122
16 145 122
17 69 122
17 70 122
18 66 122
18 67 122
19 64 122
19 65 122
20 59 122
20 60 122
21 57 122
21 58 122
22 55 122
22 56 122
23 21 122
23 22 122
24 144 122
25 19 122
25 20 122
27 143 122
28 142 122
29 141 122
31 17 122
31 18 122
32 15 122
32 16 122
33 130 122
33 143 122
33 144 122
35 11 122
35 14 122
36 51 122
36 53 122
41 9 122
41 10 122
42 7 122
42 8 122
45 140 122
47 5 122
47 6 122
48 139 122
49 1 122
49 2 122
50 149 122
50 0 122
51 138 122
53 137 122
55 147 122
55 148 122
56 136 122
58 134 122
59 144 122
59 145 122
60 142 122
60 143 122
61 49 122
61 50 122
62 17 122
62 20 122
62 26 122
63 131 122
64 129 122
64 130 122
66 125 122
66 128 122
68 45 122
68 47 122
69 118 122
69 124 122
72 130 122
73 129 122
74 43 122
74 44 122
75 41 122
75 42 122
78 128 122
79 83 122
79 85 122
81 127 122
82 39 122
82 40 122
83 76 122
83 78 122
84 37 122
84 38 122
85 71 122
85 72 122
86 125 122
87 124 122
88 114 122
88 115 122
89 122 122
93 118 122
94 106 122
94 113 122
95 67 122
95 70 122
98 65 122
98 66 122
100 115 122
101 114 122
102 8 122
102 14 122
102 15 122
103 60 122
103 64 122
105 40 122
105 125 122
105 129 122
107 105 122
108 0 122
108 5 122
108 7 122
109 34 122
109 35 122
110 32 122
110 33 122
111 113 122
113 104 122
115 58 122
115 59 122
117 112 122
118 103 122
119 108 122
120 29 122
120 31 122
121 107 122
122 104 122
122 105 122
123 27 122
123 28 122
124 56 122
124 57 122
125 51 122
125 53 122
126 25 122
126 26 122
128 49 122
128 50 122
132 23 122
132 24 122
134 101 122
134 103 122
135 106 122
136 101 122
138 99 122
138 100 122
139 95 122
139 98 122
140 100 122
141 79 122
141 91 122
142 43 122
142 45 122
143 40 122
143 42 122
144 99 122
145 98 122
146 97 122
147 38 122
147 39 122
148 95 122
149 35 122
149 37 122
150 94 122
0 150 123
1 149 123
2 148 123
4 147 123
5 146 123
6 145 123
8 61 123
8 63 123
9 144 123
10 143 123
11 142 123
12 141 123
13 58 123
13 59 123
15 56 123
15 57 123
16 54 123
16 55 123
17 52 123
17 53 123
18 140 123
21 139 123
23 138 123
25 137 123
26 135 123
27 50 123
27 51 123
28 134 123
29 133 123
30 26 123
30 28 123
31 22 123
31 25 123
32 48 123
32 49 123
33 132 123
35 18 123
35 19 123
36 131 123
37 129 123
38 128 123
39 15 123
39 17 123
42 127 123
43 124 123
44 123 123
46 13 123
46 14 123
47 120 123
48 118 123
49 11 123
49 12 123
50 117 123
54 8 123
54 10 123
55 116 123
56 115 123
58 4 123
58 5 123
60 46 123
60 47 123
61 112 123
62 111 123
63 148 123
63 2 123
64 141 123
64 143 123
65 137 123
65 140 123
67 133 123
67 134 123
68 127 123
68 129 123
69 110 123
70 117 123
70 120 123
72 109 123
74 107 123
75 112 123
75 115 123
76 110 123
76 111 123
78 106 123
81 105 123
85 104 123
86 103 123
87 107 123
87 109 123
88 105 123
88 106 123
89 87 123
90 41 123
90 42 123
91 86 123
93 102 123
94 101 123
95 100 123
96 39 123
96 40 123
98 99 123
99 85 123
100 84 123
102 83 123
103 91 123
103 97 123
104 88 123
104 89 123
106 82 123
107 85 123
107 87 123
111 79 123
111 81 123
112 49 123
112 59 123
113 97 123
114 35 123
114 36 123
115 81 123
116 80 123
117 79 123
118 78 123
119 31 123
119 34 123
120 76 123
121 91 123
123 103 123
123 104 123
124 101 123
124 102 123
125 29 123
125 30 123
126 89 123
127 25 123
127 34 123
129 75 123
130 88 123
132 74 123
133 70 123
134 11 123
134 13 123
139 69 123
140 8 123
140 10 123
142 68 123
143 2 123
143 5 123
144 99 123
144 100 123
145 67 123
146 66 123
149 65 123
150 64 123
0 150 124
1 149 124
2 91 124
2 93 124
3 148 124
4 85 124
4 88 124
5 27 124
5 28 124
5 33 124
6 147 124
7 146 124
9 79 124
9 83 124
12 76 124
12 78 124
13 71 124
13 72 124
14 145 124
18 69 124
18 70 124
20 0 124
20 5 124
20 7 124
22 66 124
22 67 124
24 23 124
24 25 124
25 21 124
25 22 124
26 19 124
26 20 124
27 17 124
27 18 124
32 144 124
33 143 124
34 142 124
35 15 124
35 16 124
37 11 124
37 14 124
38 141 124
39 9 124
39 10 124
40 7 124
40 8 124
42 140 124
43 139 124
44 5 124
44 6 124
45 138 124
46 64 124
46 65 124
47 1 124
47 2 124
48 59 124
48 60 124
49 149 124
49 0 124
50 147 124
50 148 124
51 137 124
52 136 124
53 134 124
56 144 124
56 145 124
57 142 124
57 143 124
59 131 124
60 130 124
62 57 124
62 58 124
63 55 124
63 56 124
64 129 124
64 130 124
66 125 124
66 128 124
68 129 124
69 118 124
69 124 124
71 128 124
73 51 124
73 53 124
74 127 124
75 125 124
76 124 124
78 122 124
79 67 124
79 70 124
81 49 124
81 50 124
83 118 124
84 45 124
84 47 124
85 115 124
86 114 124
87 113 124
93 114 124
93 115 124
94 106 124
94 113 124
95 65 124
95 66 124
96 43 124
96 44 124
98 60 124
98 64 124
99 58 124
99 59 124
101 112 124
102 41 124
102 42 124
104 103 124
105 101 124
106 130 124
106 143 124
106 144 124
108 104 124
108 105 124
109 39 124
109 40 124
110 37 124
110 38 124
111 34 124
111 35 124
112 101 124
112 103 124
113 100 124
114 56 124
114 57 124
115 51 124
115 53 124
116 32 124
116 33 124
117 108 124
120 107 124
121 29 124
121 31 124
123 27 124
123 28 124
124 99 124
125 98 124
126 24 124
126 26 124
127 99 124
127 100 124
128 49 124
128 50 124
129 97 124
131 95 124
131 98 124
132 106 124
133 105 124
134 95 124
135 104 124
136 17 124
136 20 124
136 26 124
138 85 124
138 91 124
139 79 124
139 83 124
140 76 124
140 78 124
141 71 124
141 72 124
142 43 124
142 45 124
143 40 124
143 125 124
143 129 124
144 40 124
144 42 124
145 38 124
145 39 124
147 94 124
149 35 124
149 37 124
150 8 124
150 14 124
150 15 124
1 91 125
1 93 125
2 85 125
2 88 125
4 150 125
5 149 125
7 148 125
8 79 125
8 83 125
9 76 125
9 78 125
11 71 125
11 72 125
12 147 125
13 69 125
13 70 125
16 146 125
18 66 125
18 67 125
19 64 125
19 65 125
21 145 125
22 21 125
22 23 125
23 19 125
23 20 125
24 144 125
25 17 125
25 18 125
26 15 125
26 16 125
27 143 125
28 142 125
29 11 125
29 14 125
30 59 125
30 60 125
31 141 125
32 9 125
32 10 125
33 7 125
33 8 125
34 140 125
35 5 125
35 6 125
37 139 125
38 1 125
38 2 125
40 149 125
40 0 125
41 147 125
41 148 125
42 144 125
42 145 125
43 142 125
43 143 125
45 129 125
45 130 125
46 138 125
47 137 125
48 57 125
48 58 125
50 136 125
51 125 125
51 128 125
53 134 125
55 118 125
55 124 125
56 114 125
56 115 125
57 131 125
58 106 125
58 113 125
59 104 125
59 105 125
60 130 125
61 27 125
61 28 125
61 33 125
62 55 125
62 56 125
63 51 125
63 53 125
64 101 125
64 103 125
66 99 125
66 100 125
68 129 125
70 128 125
72 65 125
72 66 125
73 49 125
73 50 125
76 60 125
76 64 125
78 58 125
78 59 125
81 45 125
81 47 125
83 127 125
84 43 125
84 44 125
86 17 125
86 20 125
86 26 125
87 41 125
87 42 125
89 39 125
89 40 125
90 125 125
91 56 125
91 57 125
93 124 125
94 95 125
94 98 125
95 51 125
95 53 125
98 122 125
99 49 125
99 50 125
100 43 125
100 45 125
101 40 125
101 125 125
101 129 125
102 37 125
102 38 125
104 118 125
105 40 125
105 42 125
106 115 125
107 106 125
109 114 125
110 113 125
111 34 125
111 35 125
112 85 125
112 91 125
116 8 125
116 14 125
116 15 125
117 112 125
119 32 125
119 33 125
120 108 125
121 29 125
121 31 125
122 0 125
122 5 125
122 7 125
123 27 125
123 28 125
124 105 125
126 107 125
127 104 125
128 103 125
129 101 125
130 38 125
130 39 125
131 100 125
133 25 125
133 26 125
134 99 125
135 22 125
135 24 125
136 130 125
136 143 125
136 144 125
137 79 125
137 83 125
140 98 125
141 76 125
141 78 125
143 97 125
145 95 125
146 71 125
146 72 125
148 35 125
148 37 125
149 94 125
150 67 125
150 70 125
0 150 126
1 149 126
2 148 126
4 147 126
5 146 126
6 61 126
6 63 126
7 145 126
9 144 126
10 58 126
10 59 126
11 56 126
11 57 126
12 143 126
13 142 126
15 11 126
15 12 126
18 141 126
19 140 126
21 54 126
21 55 126
22 139 126
23 138 126
24 52 126
24 53 126
27 137 126
28 135 126
29 134 126
30 133 126
31 8 126
31 10 126
32 50 126
32 51 126
34 132 126
35 4 126
35 5 126
37 48 126
37 49 126
39 131 126
40 129 126
41 128 126
42 148 126
42 2 126
43 46 126
43 47 126
45 127 126
46 141 126
46 143 126
47 124 126
49 123 126
51 137 126
51 140 126
52 120 126
54 118 126
57 117 126
59 116 126
60 41 126
60 42 126
61 133 126
61 134 126
62 39 126
62 40 126
63 115 126
65 112 126
68 127 126
68 129 126
72 35 126
72 36 126
73 31 126
73 34 126
74 111 126
78 117 126
78 120 126
79 112 126
79 115 126
81 110 126
82 110 126
82 111 126
84 109 126
85 107 126
86 106 126
87 107 126
87 109 126
89 105 126
90 29 126
90 30 126
91 88 126
91 89 126
92 26 126
92 28 126
93 104 126
94 22 126
94 25 126
96 103 126
97 89 126
98 18 126
98 19 126
100 85 126
100 87 126
101 88 126
102 79 126
102 81 126
103 87 126
105 49 126
105 59 126
106 86 126
107 85 126
108 15 126
108 17 126
109 84 126
110 25 126
110 34 126
112 83 126
114 102 126
115 11 126
115 13 126
116 82 126
117 81 126
119 101 126
120 80 126
121 100 126
122 13 126
122 14 126
123 79 126
124 78 126
125 99 126
126 97 126
127 76 126
129 8 126
129 10 126
130 91 126
131 75 126
132 105 126
132 106 126
133 74 126
134 70 126
135 69 126
138 103 126
138 104 126
139 68 126
140 67 126
141 2 126
141 5 126
143 66 126
145 101 126
145 102 126
146 65 126
147 64 126
149 99 126
149 100 126
150 91 126
150 97 126
0 91 127
0 93 127
1 85 127
1 88 127
3 150 127
4 149 127
7 148 127
8 147 127
9 146 127
10 79 127
10 83 127
11 76 127
11 78 127
12 71 127
12 72 127
14 145 127
15 69 127
15 70 127
16 66 127
16 67 127
18 144 127
19 64 127
19 65 127
20 59 127
20 60 127
21 143 127
22 57 127
22 58 127
23 142 127
24 141 127
25 21 127
25 22 127
26 0 127
26 5 127
26 7 127
27 140 127
28 139 127
29 138 127
30 55 127
30 56 127
31 19 127
31 20 127
32 137 127
33 17 127
33 18 127
34 15 127
34 16 127
35 130 127
35 143 127
35 144 127
37 11 127
37 14 127
39 9 127
39 10 127
41 7 127
41 8 127
42 5 127
42 6 127
43 1 127
43 2 127
44 149 127
44 0 127
46 51 127
46 53 127
47 147 127
47 148 127
48 49 127
48 50 127
49 144 127
49 145 127
50 136 127
51 134 127
53 131 127
54 130 127
55 142 127
55 143 127
56 129 127
56 130 127
57 125 127
57 128 127
58 129 127
59 118 127
59 124 127
60 114 127
60 115 127
61 128 127
62 45 127
62 47 127
63 127 127
64 125 127
66 106 127
66 113 127
67 124 127
68 122 127
70 104 127
70 105 127
71 72 127
71 76 127
74 43 127
74 44 127
75 41 127
75 42 127
76 40 127
76 125 127
76 129 127
77 118 127
80 39 127
80 40 127
81 37 127
81 38 127
82 34 127
82 35 127
84 32 127
84 33 127
85 67 127
85 70 127
88 101 127
88 103 127
89 115 127
91 114 127
92 27 127
92 28 127
92 33 127
93 113 127
94 112 127
95 65 127
95 66 127
96 29 127
96 31 127
97 99 127
97 100 127
99 60 127
99 64 127
100 58 127
100 59 127
101 56 127
101 57 127
103 51 127
103 53 127
106 104 127
108 17 127
108 20 127
108 26 127
112 103 127
115 49 127
115 50 127
116 27 127
116 28 127
117 25 127
117 26 127
118 43 127
118 45 127
119 108 127
120 107 127
121 106 127
122 101 127
124 100 127
125 40 127
125 42 127
127 8 127
127 14 127
127 15 127
128 38 127
128 39 127
130 99 127
131 95 127
131 98 127
132 23 127
132 24 127
133 105 127
136 98 127
137 85 127
137 91 127
138 79 127
138 83 127
141 71 127
141 78 127
143 97 127
145 95 127
147 35 127
147 37 127
149 94 127
0 61 128
0 63 128
1 58 128
1 59 128
2 150 128
3 149 128
4 148 128
6 147 128
7 146 128
9 145 128
11 56 128
11 57 128
12 54 128
12 55 128
13 144 128
14 52 128
14 53 128
15 143 128
16 142 128
17 50 128
17 51 128
18 141 128
19 140 128
20 139 128
21 138 128
22 137 128
23 48 128
23 49 128
24 135 128
25 18 128
25 19 128
26 134 128
27 133 128
28 132 128
29 131 128
30 15 128
30 17 128
31 129 128
33 128 128
35 13 128
35 14 128
39 11 128
39 12 128
40 8 128
40 10 128
41 127 128
42 124 128
43 46 128
43 47 128
44 41 128
44 42 128
45 123 128
46 120 128
47 118 128
49 117 128
50 4 128
50 5 128
51 116 128
54 115 128
55 148 128
55 2 128
56 141 128
56 143 128
57 137 128
57 140 128
58 112 128
59 133 128
59 134 128
60 111 128
61 127 128
61 129 128
62 110 128
63 109 128
64 117 128
64 120 128
65 112 128
65 115 128
66 110 128
66 111 128
67 107 128
67 109 128
68 107 128
70 106 128
71 39 128
71 40 128
72 105 128
73 104 128
78 105 128
78 106 128
79 103 128
80 103 128
80 104 128
82 102 128
84 101 128
88 87 128
90 100 128
91 86 128
92 99 128
94 97 128
95 35 128
95 36 128
98 31 128
98 34 128
99 85 128
99 87 128
100 85 128
101 84 128
102 83 128
103 79 128
103 81 128
105 82 128
107 49 128
107 59 128
108 91 128
109 25 128
109 34 128
110 81 128
111 80 128
113 29 128
113 30 128
114 89 128
115 79 128
117 11 128
117 13 128
118 101 128
118 102 128
119 26 128
119 28 128
120 78 128
122 22 128
122 25 128
124 76 128
125 88 128
127 75 128
128 99 128
128 100 128
134 74 128
135 70 128
137 69 128
139 68 128
141 8 128
141 10 128
142 91 128
142 97 128
143 2 128
143 5 128
144 67 128
145 88 128
145 89 128
148 66 128
149 65 128
150 64 128
0 150 129
1 149 129
2 148 129
3 147 129
5 61 129
5 63 129
8 146 129
9 145 129
12 144 129
13 143 129
14 58 129
14 59 129
16 142 129
17 141 129
18 56 129
18 57 129
20 54 129
20 55 129
21 52 129
21 53 129
23 140 129
24 50 129
24 51 129
25 18 129
25 19 129
27 48 129
27 49 129
28 15 129
28 17 129
29 139 129
30 13 129
30 14 129
31 11 129
31 12 129
32 138 129
34 8 129
34 10 129
35 4 129
35 5 129
36 137 129
39 148 129
39 2 129
40 141 129
40 143 129
41 135 129
42 134 129
43 46 129
43 47 129
44 133 129
46 137 129
46 140 129
47 132 129
48 131 129
50 129 129
52 128 129
53 133 129
53 134 129
54 127 129
57 127 129
57 129 129
59 124 129
60 41 129
60 42 129
61 123 129
63 117 129
63 120 129
64 112 129
64 115 129
65 110 129
65 111 129
66 120 129
67 107 129
67 109 129
69 118 129
72 39 129
72 40 129
73 117 129
74 116 129
75 105 129
75 106 129
77 115 129
79 103 129
79 104 129
80 101 129
80 102 129
81 112 129
82 99 129
82 100 129
83 91 129
83 97 129
84 111 129
85 110 129
86 109 129
87 107 129
90 106 129
92 105 129
93 104 129
94 103 129
95 102 129
97 79 129
97 81 129
98 101 129
99 88 129
102 49 129
102 59 129
103 87 129
104 25 129
104 34 129
105 86 129
106 85 129
108 100 129
111 84 129
112 11 129
112 13 129
113 35 129
113 36 129
114 31 129
114 34 129
117 83 129
118 82 129
119 99 129
121 97 129
122 29 129
122 30 129
123 88 129
123 89 129
124 81 129
125 91 129
126 26 129
126 28 129
129 80 129
130 89 129
131 79 129
133 78 129
134 76 129
135 75 129
136 22 129
136 25 129
138 74 129
139 70 129
140 8 129
140 10 129
141 2 129
141 5 129
142 69 129
143 68 129
144 67 129
146 66 129
147 65 129
149 64 129
150 85 129
150 87 129
0 150 130
2 91 130
2 93 130
3 27 130
3 28 130
3 33 130
5 149 130
6 85 130
6 88 130
7 130 130
7 143 130
7 144 130
8 79 130
8 83 130
9 8 130
9 14 130
9 15 130
12 148 130
13 76 130
13 78 130
14 147 130
15 71 130
15 72 130
19 69 130
19 70 130
21 66 130
21 67 130
22 64 130
22 65 130
23 146 130
24 145 130
25 21 130
25 22 130
29 19 130
29 20 130
30 144 130
31 143 130
32 0 130
32 5 130
32 7 130
33 142 130
34 141 130
35 17 130
35 18 130
36 140 130
38 15 130
38 16 130
41 139 130
43 11 130
43 14 130
44 9 130
44 10 130
45 138 130
47 137 130
48 59 130
48 60 130
49 136 130
50 7 130
50 8 130
51 134 130
52 57 130
52 58 130
54 131 130
55 5 130
55 6 130
56 1 130
56 2 130
57 130 130
58 149 130
58 0 130
59 129 130
61 55 130
61 56 130
63 51 130
63 53 130
64 147 130
64 148 130
65 144 130
65 145 130
67 128 130
68 49 130
68 50 130
69 142 130
69 143 130
70 127 130
71 125 130
72 129 130
72 130 130
74 45 130
74 47 130
75 43 130
75 44 130
76 125 130
76 128 130
78 118 130
78 124 130
79 76 130
79 78 130
80 41 130
80 42 130
82 39 130
82 40 130
83 40 130
83 125 130
83 129 130
84 37 130
84 38 130
85 71 130
85 72 130
86 34 130
86 35 130
90 124 130
91 122 130
92 32 130
92 33 130
93 118 130
94 115 130
95 67 130
95 70 130
96 114 130
97 113 130
98 65 130
98 66 130
99 60 130
99 64 130
100 112 130
101 58 130
101 59 130
104 108 130
105 104 130
106 56 130
106 57 130
108 114 130
108 115 130
109 17 130
109 20 130
109 26 130
110 29 130
110 31 130
111 27 130
111 28 130
112 103 130
113 101 130
114 51 130
114 53 130
116 25 130
116 26 130
117 107 130
118 100 130
121 106 130
122 106 130
122 113 130
124 49 130
124 50 130
127 99 130
128 43 130
128 45 130
132 105 130
133 23 130
133 24 130
136 104 130
136 105 130
137 101 130
137 103 130
138 99 130
138 100 130
139 98 130
141 95 130
141 98 130
142 97 130
143 95 130
145 40 130
145 42 130
146 85 130
146 91 130
147 38 130
147 39 130
148 35 130
148 37 130
149 94 130
150 79 130
150 83 130
0 61 131
0 63 131
1 150 131
2 58 131
2 59 131
3 149 131
4 56 131
4 57 131
5 148 131
6 54 131
6 55 131
7 147 131
8 146 131
10 145 131
11 144 131
12 143 131
13 14 131
13 15 131
14 11 131
14 12 131
15 142 131
16 141 131
17 140 131
18 139 131
19 138 131
20 137 131
21 52 131
21 53 131
23 50 131
23 51 131
24 48 131
24 49 131
25 8 131
25 10 131
26 135 131
28 134 131
31 133 131
33 132 131
34 131 131
35 4 131
35 5 131
36 129 131
38 46 131
38 47 131
40 128 131
41 148 131
41 2 131
44 41 131
44 42 131
46 141 131
46 143 131
47 127 131
49 137 131
49 140 131
51 124 131
53 123 131
54 120 131
56 118 131
58 117 131
59 133 131
59 134 131
60 39 131
60 40 131
61 116 131
62 35 131
62 36 131
63 115 131
64 127 131
64 129 131
65 112 131
66 111 131
67 110 131
68 117 131
68 120 131
71 31 131
71 34 131
72 109 131
74 112 131
74 115 131
75 107 131
76 110 131
76 111 131
77 29 131
77 30 131
78 107 131
78 109 131
80 106 131
82 105 131
82 106 131
84 105 131
86 104 131
87 103 131
88 87 131
89 86 131
90 102 131
91 85 131
94 101 131
95 26 131
95 28 131
96 100 131
97 88 131
97 89 131
99 85 131
99 87 131
100 84 131
101 79 131
101 81 131
104 83 131
105 49 131
105 59 131
106 25 131
106 34 131
108 22 131
108 25 131
109 82 131
111 11 131
111 13 131
112 81 131
113 99 131
114 18 131
114 19 131
116 80 131
117 79 131
119 97 131
120 78 131
122 91 131
123 103 131
123 104 131
124 101 131
124 102 131
126 89 131
129 76 131
130 13 131
130 17 131
131 75 131
132 74 131
134 70 131
136 88 131
137 69 131
138 99 131
138 100 131
139 91 131
139 97 131
140 8 131
140 10 131
141 2 131
141 5 131
145 68 131
146 67 131
147 66 131
148 65 131
149 64 131
0 150 132
1 91 132
1 93 132
2 149 132
3 85 132
3 88 132
5 79 132
5 83 132
6 148 132
7 76 132
7 78 132
8 147 132
11 146 132
12 145 132
14 71 132
14 72 132
15 144 132
17 143 132
19 8 132
19 14 132
19 15 132
20 142 132
21 69 132
21 70 132
23 66 132
23 67 132
24 64 132
24 65 132
25 141 132
26 25 132
26 27 132
27 140 132
28 23 132
28 24 132
29 139 132
31 21 132
31 22 132
32 19 132
32 20 132
33 138 132
34 17 132
34 18 132
36 137 132
39 15 132
39 16 132
40 11 132
40 14 132
41 9 132
41 10 132
42 7 132
42 8 132
43 5 132
43 6 132
45 1 132
45 2 132
46 59 132
46 60 132
47 136 132
48 134 132
49 131 132
50 130 132
51 149 132
51 0 132
54 57 132
54 58 132
55 147 132
55 148 132
56 144 132
56 145 132
58 129 132
60 128 132
63 127 132
64 142 132
64 143 132
66 125 132
67 124 132
69 122 132
70 129 132
70 130 132
72 125 132
72 128 132
73 118 132
76 115 132
77 114 132
78 113 132
79 118 132
79 124 132
80 55 132
80 56 132
81 51 132
81 53 132
82 49 132
82 50 132
83 114 132
83 115 132
84 45 132
84 47 132
85 79 132
85 83 132
86 112 132
87 43 132
87 44 132
88 108 132
89 41 132
89 42 132
90 39 132
90 40 132
91 76 132
91 78 132
93 107 132
94 106 132
95 130 132
95 143 132
95 144 132
98 71 132
98 72 132
99 67 132
99 70 132
100 65 132
100 66 132
101 60 132
101 64 132
102 37 132
102 38 132
103 58 132
103 59 132
106 56 132
106 57 132
107 101 132
110 27 132
110 28 132
110 33 132
112 106 132
112 113 132
113 40 132
113 125 132
113 129 132
115 51 132
115 53 132
116 105 132
117 104 132
118 100 132
119 34 132
119 35 132
120 32 132
120 33 132
122 99 132
125 49 132
125 50 132
126 103 132
127 104 132
127 105 132
129 43 132
129 45 132
132 17 132
132 20 132
132 26 132
133 29 132
133 31 132
134 101 132
134 103 132
135 26 132
135 28 132
136 99 132
136 100 132
137 98 132
138 97 132
139 95 132
139 98 132
141 0 132
141 5 132
141 7 132
143 95 132
145 94 132
146 85 132
146 91 132
147 40 132
147 42 132
148 38 132
148 39 132
149 35 132
149 37 132
5 93 136
8 82 136
39 81 136
65 80 136
126 79 136
148 78 136
20 69 138
41 68 138
55 67 138
67 64 138
94 66 138
140 65 138
2 93 139
53 82 139
63 81 139
79 78 139
116 80 139
136 79 139
2 91 142
2 93 142
3 85 142
3 88 142
4 150 142
5 79 142
5 83 142
6 17 142
6 20 142
6 26 142
7 76 142
7 78 142
8 71 142
8 72 142
9 149 142
10 69 142
10 70 142
12 66 142
12 67 142
13 148 142
14 64 142
14 65 142
16 147 142
17 146 142
18 59 142
18 60 142
20 57 142
20 58 142
21 19 142
21 20 142
23 17 142
23 18 142
24 15 142
24 16 142
25 11 142
25 14 142
26 145 142
27 144 142
28 9 142
28 10 142
29 7 142
29 8 142
31 5 142
31 6 142
32 143 142
34 142 142
35 1 142
35 2 142
37 130 142
37 143 142
37 144 142
44 141 142
45 149 142
45 0 142
48 55 142
48 56 142
49 40 142
49 125 142
49 129 142
50 147 142
50 148 142
51 144 142
51 145 142
54 140 142
57 142 142
57 143 142
58 139 142
60 129 142
60 130 142
61 138 142
62 137 142
63 51 142
63 53 142
64 136 142
66 125 142
66 128 142
67 134 142
68 131 142
69 8 142
69 14 142
69 15 142
70 130 142
71 129 142
73 49 142
73 50 142
74 128 142
76 71 142
76 72 142
77 127 142
78 67 142
78 70 142
79 65 142
79 66 142
80 45 142
80 47 142
81 43 142
81 44 142
84 125 142
85 60 142
85 64 142
86 41 142
86 42 142
87 39 142
87 40 142
88 118 142
88 124 142
89 37 142
89 38 142
90 34 142
90 35 142
91 124 142
92 32 142
92 33 142
93 114 142
93 115 142
94 122 142
97 118 142
99 115 142
100 58 142
100 59 142
101 114 142
104 56 142
104 57 142
106 105 142
107 106 142
107 113 142
108 104 142
108 105 142
110 29 142
110 31 142
111 113 142
112 101 142
112 103 142
113 51 142
113 53 142
114 49 142
114 50 142
115 104 142
117 27 142
117 28 142
119 25 142
119 26 142
120 112 142
121 27 142
121 28 142
121 33 142
122 103 142
123 108 142
125 43 142
125 45 142
126 107 142
128 101 142
130 40 142
130 42 142
131 100 142
132 106 142
133 23 142
133 24 142
134 99 142
135 21 142
135 22 142
136 99 142
136 100 142
137 95 142
137 98 142
138 0 142
138 5 142
138 7 142
139 98 142
140 85 142
140 91 142
142 97 142
143 38 142
143 39 142
144 35 142
144 37 142
146 79 142
146 83 142
147 95 142
148 94 142
150 76 142
150 78 142
