4 147 358
27 146 358
33 142 358
42 139 358
51 138 358
62 136 358
77 135 358
122 88 358
123 87 358
124 86 358
138 81 358
145 85 358
149 84 358
150 82 358
26 150 444
49 148 444
59 147 444
66 142 444
90 133 444
91 132 444
98 131 444
111 116 444
125 73 444
137 72 444
138 71 444
140 70 444
142 40 444
150 37 444
3 147 522
25 146 522
27 142 522
28 139 522
30 138 522
35 136 522
40 135 522
52 88 522
58 87 522
70 86 522
81 82 522
110 85 522
120 84 522
145 81 522
16 150 542
32 148 542
47 147 542
52 142 542
74 133 542
81 132 542
84 131 542
105 116 542
120 73 542
131 40 542
139 72 542
140 71 542
141 70 542
148 37 542
3 147 615
12 146 615
15 142 615
18 139 615
19 138 615
43 136 615
49 135 615
57 88 615
75 87 615
99 86 615
100 85 615
117 84 615
128 82 615
144 81 615
0 150 624
3 148 624
12 147 624
22 142 624
32 133 624
42 132 624
60 131 624
67 116 624
79 73 624
88 72 624
132 40 624
135 71 624
139 70 624
150 37 624
16 147 655
21 146 655
29 142 655
30 139 655
57 138 655
62 136 655
79 135 655
84 81 655
97 88 655
110 87 655
114 86 655
115 85 655
122 84 655
125 82 655
6 150 657
38 148 657
40 147 657
68 142 657
82 133 657
85 132 657
98 131 657
100 116 657
106 73 657
115 72 657
124 71 657
127 70 657
132 40 657
147 37 657
16 150 677
17 148 677
23 147 677
31 142 677
39 133 677
41 132 677
43 131 677
56 116 677
60 73 677
72 37 677
81 72 677
86 71 677
88 70 677
111 40 677
23 150 684
36 148 684
44 147 684
45 142 684
53 133 684
54 132 684
67 131 684
71 40 684
72 37 684
85 116 684
101 73 684
110 72 684
120 71 684
121 70 684
25 147 698
36 146 698
37 142 698
46 139 698
57 138 698
59 136 698
71 135 698
78 88 698
88 84 698
122 87 698
126 86 698
134 85 698
146 82 698
147 81 698
3 147 702
4 146 702
5 142 702
7 139 702
10 138 702
16 136 702
26 135 702
47 88 702
50 87 702
76 86 702
85 82 702
95 85 702
100 84 702
147 81 702
1 150 704
42 148 704
46 147 704
52 142 704
55 133 704
57 132 704
58 131 704
59 116 704
79 73 704
83 72 704
90 71 704
95 70 704
106 40 704
132 37 704
26 147 709
39 146 709
50 142 709
54 139 709
64 138 709
79 136 709
87 81 709
90 135 709
97 88 709
104 87 709
108 86 709
120 85 709
121 84 709
131 82 709
1 150 710
3 148 710
18 147 710
70 40 710
76 142 710
85 133 710
89 132 710
92 131 710
110 116 710
113 73 710
125 72 710
139 71 710
142 37 710
144 70 710
6 150 715
21 148 715
23 147 715
30 142 715
36 133 715
54 132 715
55 131 715
62 116 715
65 73 715
75 72 715
103 71 715
130 70 715
132 37 715
145 40 715
