12 148 393
18 142 393
20 133 393
29 132 393
41 131 393
77 130 393
86 129 393
100 128 393
137 127 393
150 126 393
68 86 406
81 23 406
106 84 406
128 81 406
134 75 406
135 45 406
64 148 412
65 142 412
70 133 412
90 132 412
98 131 412
122 130 412
135 129 412
139 128 412
144 127 412
148 126 412
1 148 431
50 142 431
57 133 431
62 132 431
68 131 431
78 130 431
84 129 431
91 128 431
111 127 431
132 126 431
0 149 456
15 79 456
25 78 456
57 77 456
77 14 456
82 76 456
91 70 456
97 40 456
101 39 456
119 19 456
9 105 477
29 104 477
48 103 477
54 101 477
57 100 477
58 99 477
81 98 477
96 97 477
99 96 477
103 60 477
41 148 485
43 142 485
57 133 485
70 132 485
79 131 485
86 130 485
119 129 485
124 128 485
139 127 485
150 126 485
18 105 540
27 104 540
48 103 540
55 101 540
112 100 540
120 99 540
126 98 540
137 97 540
138 96 540
144 60 540
15 128 547
28 127 547
47 126 547
59 125 547
97 124 547
101 123 547
114 122 547
123 119 547
135 121 547
149 120 547
2 148 629
18 147 629
22 146 629
33 145 629
39 142 629
61 138 629
69 137 629
73 136 629
76 135 629
78 134 629
84 133 629
99 132 629
102 117 629
114 106 629
130 105 629
136 95 629
138 46 629
145 33 629
146 32 629
149 104 629
16 148 644
20 147 644
25 146 644
31 145 644
44 142 644
64 138 644
73 137 644
80 136 644
82 135 644
100 134 644
110 133 644
113 132 644
115 117 644
119 106 644
121 105 644
130 104 644
133 95 644
134 46 644
136 33 644
137 32 644
4 128 648
20 127 648
64 126 648
65 125 648
96 124 648
102 123 648
120 119 648
134 122 648
141 121 648
150 120 648
8 149 651
15 79 651
20 78 651
37 77 651
41 76 651
43 70 651
49 40 651
63 39 651
85 19 651
99 14 651
6 148 655
17 147 655
20 146 655
25 145 655
39 142 655
42 138 655
46 95 655
53 137 655
60 136 655
62 135 655
64 134 655
80 133 655
85 132 655
90 117 655
105 33 655
110 106 655
111 105 655
114 104 655
138 32 655
141 46 655
15 105 658
17 104 658
21 103 658
35 101 658
50 100 658
65 99 658
86 98 658
87 97 658
91 96 658
139 60 658
39 86 663
67 84 663
77 81 663
98 75 663
117 45 663
122 23 663
52 128 668
60 127 668
61 126 668
73 125 668
78 124 668
101 123 668
124 120 668
128 119 668
134 122 668
141 121 668
0 128 670
13 127 670
31 126 670
61 125 670
77 124 670
81 123 670
100 122 670
114 121 670
115 120 670
124 119 670
1 148 672
2 147 672
9 146 672
20 145 672
35 142 672
45 138 672
50 137 672
51 136 672
56 135 672
64 134 672
68 133 672
70 132 672
91 117 672
99 106 672
110 105 672
139 104 672
141 95 672
143 46 672
147 32 672
150 33 672
12 148 675
14 142 675
47 133 675
50 132 675
59 131 675
69 130 675
86 129 675
90 128 675
112 127 675
125 126 675
48 148 676
72 142 676
86 133 676
87 132 676
90 131 676
112 130 676
128 127 676
133 126 676
138 129 676
144 128 676
6 105 678
16 104 678
54 103 678
55 101 678
76 100 678
81 99 678
112 98 678
124 97 678
135 96 678
138 60 678
2 148 682
5 142 682
24 133 682
32 132 682
57 131 682
65 130 682
80 129 682
90 128 682
99 127 682
149 126 682
2 105 684
31 104 684
33 103 684
38 101 684
56 100 684
58 99 684
72 98 684
100 60 684
121 97 684
132 96 684
3 148 685
15 147 685
18 146 685
22 145 685
26 142 685
33 32 685
45 138 685
48 137 685
57 136 685
64 135 685
74 134 685
81 133 685
89 132 685
94 117 685
96 106 685
98 105 685
108 104 685
122 95 685
140 46 685
143 33 685
3 86 686
12 84 686
16 81 686
83 75 686
93 45 686
100 23 686
5 86 692
13 84 692
39 81 692
42 75 692
53 45 692
91 23 692
21 105 696
41 104 696
60 103 696
69 101 696
77 100 696
97 96 696
100 60 696
121 99 696
144 98 696
145 97 696
16 149 702
25 79 702
36 78 702
44 77 702
64 76 702
85 70 702
103 40 702
111 39 702
127 19 702
129 14 702
6 105 703
15 104 703
18 103 703
34 101 703
51 100 703
73 99 703
93 98 703
109 97 703
120 96 703
134 60 703
10 105 709
12 104 709
14 103 709
62 101 709
66 100 709
67 99 709
77 98 709
82 97 709
114 96 709
117 60 709
35 148 710
38 142 710
45 133 710
48 132 710
71 131 710
83 130 710
84 129 710
85 128 710
112 127 710
131 126 710
8 105 722
15 104 722
30 103 722
37 101 722
67 100 722
76 99 722
78 98 722
127 97 722
128 96 722
140 60 722
22 86 728
26 84 728
33 81 728
108 75 728
118 45 728
149 23 728
7 149 731
13 79 731
31 78 731
36 77 731
64 76 731
87 70 731
92 40 731
108 39 731
124 19 731
128 14 731
2 128 734
7 127 734
32 126 734
48 125 734
50 124 734
62 123 734
73 122 734
96 121 734
120 119 734
142 120 734
5 148 767
12 142 767
14 133 767
34 132 767
53 131 767
59 130 767
65 129 767
110 128 767
133 127 767
142 126 767
29 86 775
45 75 775
55 84 775
81 23 775
124 81 775
126 45 775
32 149 780
54 79 780
72 78 780
92 77 780
113 76 780
122 70 780
127 40 780
130 39 780
135 19 780
141 14 780
23 105 781
29 104 781
30 103 781
36 101 781
44 100 781
49 99 781
50 98 781
67 97 781
72 96 781
124 60 781
37 128 782
66 127 782
68 126 782
91 125 782
94 124 782
101 123 782
115 122 782
117 121 782
124 120 782
128 119 782
