1 150 18
3 56 18
3 57 18
4 149 18
5 148 18
6 54 18
6 55 18
8 147 18
9 52 18
9 53 18
10 146 18
11 145 18
12 144 18
13 143 18
14 140 18
15 50 18
15 51 18
16 48 18
16 49 18
17 139 18
18 138 18
19 137 18
20 136 18
23 135 18
24 46 18
24 47 18
25 133 18
26 132 18
27 43 18
27 44 18
28 41 18
28 42 18
29 39 18
29 40 18
30 37 18
30 38 18
31 131 18
32 130 18
33 30 18
33 31 18
34 35 18
34 36 18
35 28 18
35 29 18
36 129 18
37 26 18
37 27 18
38 24 18
38 25 18
39 128 18
40 22 18
40 23 18
41 127 18
42 126 18
43 20 18
43 21 18
44 18 18
44 19 18
45 125 18
47 124 18
48 16 18
48 17 18
49 122 18
50 121 18
51 14 18
51 15 18
52 119 18
53 118 18
54 12 18
54 13 18
55 117 18
56 116 18
57 55 18
57 56 18
58 115 18
59 114 18
60 113 18
61 112 18
62 10 18
62 11 18
63 111 18
64 110 18
65 109 18
66 108 18
67 107 18
68 8 18
68 9 18
69 32 18
69 33 18
70 6 18
70 7 18
71 106 18
72 105 18
73 104 18
74 3 18
74 4 18
75 146 18
75 2 18
76 103 18
77 101 18
78 144 18
78 145 18
79 135 18
79 143 18
80 100 18
81 53 18
81 54 18
84 99 18
85 131 18
85 132 18
86 128 18
86 129 18
87 124 18
87 125 18
88 98 18
89 97 18
90 114 18
90 118 18
91 89 18
92 96 18
93 88 18
94 87 18
95 86 18
96 112 18
96 113 18
97 49 18
97 51 18
98 85 18
99 105 18
99 107 18
100 84 18
101 83 18
102 95 18
103 82 18
104 47 18
104 48 18
105 81 18
107 80 18
108 103 18
108 104 18
110 79 18
111 78 18
112 37 18
112 39 18
113 77 18
114 76 18
117 75 18
119 74 18
121 95 18
121 97 18
122 91 18
122 93 18
123 94 18
124 73 18
125 26 18
125 33 18
126 72 18
127 71 18
128 70 18
129 68 18
130 66 18
131 16 18
131 19 18
132 11 18
132 14 18
133 65 18
134 93 18
135 9 18
135 10 18
136 64 18
137 81 18
137 84 18
138 72 18
138 77 18
139 63 18
139 64 18
140 57 18
140 59 18
141 91 18
142 90 18
143 4 18
143 8 18
144 2 18
144 3 18
145 63 18
146 62 18
147 61 18
148 60 18
149 59 18
150 58 18
0 150 19
1 149 19
2 148 19
3 147 19
4 146 19
5 56 19
5 57 19
6 145 19
8 144 19
9 143 19
11 54 19
11 55 19
12 140 19
13 52 19
13 53 19
14 139 19
15 138 19
16 50 19
16 51 19
17 48 19
17 49 19
18 137 19
19 46 19
19 47 19
20 136 19
21 135 19
22 133 19
23 43 19
23 44 19
24 132 19
25 41 19
25 42 19
26 131 19
27 39 19
27 40 19
28 37 19
28 38 19
29 35 19
29 36 19
30 31 19
30 32 19
31 130 19
32 28 19
32 29 19
33 26 19
33 27 19
34 129 19
35 24 19
35 25 19
36 128 19
37 22 19
37 23 19
38 20 19
38 21 19
39 18 19
39 19 19
40 127 19
41 126 19
42 16 19
42 17 19
43 14 19
43 15 19
44 125 19
46 12 19
46 13 19
47 124 19
48 122 19
49 10 19
49 11 19
50 121 19
51 119 19
52 118 19
53 8 19
53 9 19
54 6 19
54 7 19
55 3 19
55 4 19
56 117 19
57 146 19
57 2 19
58 144 19
58 145 19
60 116 19
61 115 19
62 114 19
63 113 19
64 112 19
66 111 19
67 110 19
69 109 19
70 135 19
70 143 19
71 131 19
71 132 19
72 57 19
72 59 19
73 108 19
74 107 19
75 128 19
75 129 19
77 106 19
78 105 19
79 124 19
79 125 19
81 55 19
81 56 19
82 104 19
83 103 19
84 53 19
84 54 19
85 114 19
85 118 19
86 101 19
87 100 19
88 99 19
89 98 19
90 97 19
91 93 19
92 30 19
92 33 19
93 49 19
93 51 19
94 90 19
95 47 19
95 48 19
96 89 19
97 88 19
99 87 19
100 86 19
101 85 19
102 96 19
103 84 19
104 37 19
104 39 19
105 26 19
105 33 19
106 83 19
107 16 19
107 19 19
109 112 19
109 113 19
111 105 19
111 107 19
112 82 19
113 81 19
114 80 19
115 103 19
115 104 19
116 79 19
117 78 19
118 11 19
118 14 19
119 77 19
121 76 19
122 95 19
122 97 19
125 75 19
126 91 19
126 93 19
127 74 19
128 9 19
128 10 19
129 73 19
130 72 19
131 71 19
132 70 19
133 68 19
134 95 19
135 66 19
136 65 19
137 64 19
138 81 19
138 84 19
139 63 19
140 72 19
140 77 19
141 94 19
142 91 19
143 4 19
143 8 19
144 62 19
145 2 19
145 3 19
146 61 19
147 60 19
148 63 19
148 64 19
149 59 19
150 58 19
0 56 20
0 57 20
2 54 20
2 55 20
3 150 20
4 149 20
5 52 20
5 53 20
6 148 20
7 147 20
8 50 20
8 51 20
9 146 20
10 48 20
10 49 20
11 46 20
11 47 20
12 145 20
13 144 20
14 43 20
14 44 20
15 41 20
15 42 20
16 39 20
16 40 20
17 37 20
17 38 20
18 143 20
19 35 20
19 36 20
21 32 20
21 33 20
22 140 20
23 139 20
24 138 20
25 30 20
25 31 20
26 137 20
27 26 20
27 28 20
28 24 20
28 25 20
29 136 20
30 135 20
31 133 20
32 132 20
33 22 20
33 23 20
34 131 20
36 130 20
37 20 20
37 21 20
39 18 20
39 19 20
40 129 20
41 128 20
42 16 20
42 17 20
44 127 20
45 126 20
46 14 20
46 15 20
47 12 20
47 13 20
48 125 20
49 10 20
49 11 20
50 124 20
51 122 20
52 121 20
53 119 20
54 118 20
55 117 20
56 116 20
57 115 20
58 8 20
58 9 20
59 53 20
59 54 20
60 114 20
61 113 20
62 112 20
63 111 20
64 110 20
65 6 20
65 7 20
66 109 20
68 3 20
68 4 20
69 108 20
71 146 20
71 2 20
72 107 20
73 106 20
74 105 20
75 144 20
75 145 20
76 104 20
77 103 20
78 101 20
79 135 20
79 143 20
80 131 20
80 132 20
82 128 20
82 129 20
83 100 20
84 49 20
84 51 20
85 124 20
85 125 20
86 114 20
86 118 20
87 99 20
89 98 20
90 97 20
92 96 20
93 47 20
93 48 20
94 90 20
95 89 20
96 112 20
96 113 20
97 37 20
97 39 20
99 105 20
99 107 20
100 88 20
101 87 20
102 95 20
103 86 20
104 85 20
105 84 20
106 103 20
106 104 20
107 83 20
108 82 20
109 81 20
110 95 20
110 97 20
111 80 20
112 26 20
112 33 20
113 16 20
113 19 20
114 79 20
116 78 20
117 77 20
118 11 20
118 14 20
119 91 20
119 93 20
120 27 20
120 29 20
121 76 20
122 81 20
122 84 20
123 94 20
124 75 20
125 74 20
126 73 20
127 72 20
127 77 20
128 9 20
128 10 20
129 72 20
130 71 20
131 4 20
131 8 20
132 70 20
133 68 20
134 93 20
135 66 20
136 65 20
137 64 20
138 63 20
138 64 20
139 63 20
142 91 20
143 62 20
144 61 20
145 60 20
146 2 20
146 3 20
147 57 20
147 59 20
148 55 20
148 56 20
149 59 20
150 58 20
0 150 22
2 149 22
3 148 22
4 147 22
5 56 22
5 57 22
6 54 22
6 55 22
7 146 22
8 145 22
9 144 22
10 143 22
11 140 22
12 52 22
12 53 22
13 139 22
14 138 22
15 137 22
16 136 22
17 50 22
17 51 22
18 135 22
19 133 22
20 132 22
21 48 22
21 49 22
22 131 22
24 130 22
26 46 22
26 47 22
27 43 22
27 44 22
28 129 22
30 41 22
30 42 22
31 128 22
33 30 22
33 31 22
34 39 22
34 40 22
35 28 22
35 29 22
36 26 22
36 27 22
37 127 22
38 126 22
39 125 22
40 124 22
41 122 22
42 24 22
42 25 22
43 22 22
43 23 22
44 121 22
45 119 22
46 20 22
46 21 22
48 118 22
49 117 22
50 18 22
50 19 22
51 116 22
52 16 22
52 17 22
53 14 22
53 15 22
54 115 22
55 56 22
55 57 22
57 53 22
57 54 22
58 12 22
58 13 22
59 49 22
59 51 22
60 10 22
60 11 22
61 114 22
62 8 22
62 9 22
63 113 22
64 47 22
64 48 22
66 112 22
67 111 22
68 6 22
68 7 22
69 110 22
70 3 22
70 4 22
71 109 22
72 108 22
73 107 22
74 106 22
75 105 22
76 146 22
76 2 22
77 104 22
78 103 22
79 101 22
80 144 22
80 145 22
81 100 22
82 99 22
83 98 22
84 37 22
84 39 22
85 135 22
85 143 22
86 131 22
86 132 22
87 128 22
87 129 22
88 97 22
89 96 22
90 91 22
91 89 22
92 37 22
92 38 22
93 88 22
94 124 22
94 125 22
95 26 22
95 33 22
96 114 22
96 118 22
98 87 22
99 86 22
100 112 22
100 113 22
102 95 22
104 85 22
105 84 22
106 105 22
106 107 22
107 83 22
108 82 22
109 81 22
111 80 22
112 79 22
113 16 22
113 19 22
114 11 22
114 14 22
115 103 22
115 104 22
116 78 22
117 95 22
117 97 22
118 77 22
119 76 22
120 94 22
121 75 22
122 74 22
123 93 22
124 73 22
125 9 22
125 10 22
126 72 22
127 71 22
128 70 22
129 4 22
129 8 22
130 91 22
130 93 22
132 68 22
134 35 22
134 36 22
135 2 22
135 3 22
136 81 22
136 84 22
137 66 22
138 65 22
139 64 22
140 63 22
141 90 22
142 32 22
142 33 22
143 62 22
144 61 22
145 60 22
146 59 22
147 72 22
147 77 22
148 63 22
148 64 22
149 58 22
150 55 22
150 59 22
0 150 23
1 149 23
2 148 23
3 56 23
3 57 23
4 147 23
5 146 23
6 54 23
6 55 23
7 145 23
10 52 23
10 53 23
11 50 23
11 51 23
12 144 23
13 143 23
14 140 23
15 48 23
15 49 23
16 46 23
16 47 23
17 139 23
18 138 23
19 43 23
19 44 23
20 137 23
21 136 23
22 41 23
22 42 23
23 135 23
24 133 23
25 39 23
25 40 23
26 27 23
26 28 23
27 132 23
29 131 23
30 130 23
31 24 23
31 25 23
32 22 23
32 23 23
33 129 23
34 128 23
35 127 23
36 126 23
37 125 23
38 124 23
39 20 23
39 21 23
40 18 23
40 19 23
41 122 23
42 121 23
43 119 23
44 118 23
45 37 23
45 38 23
46 16 23
46 17 23
47 117 23
48 116 23
49 115 23
50 14 23
50 15 23
51 114 23
52 113 23
53 112 23
54 12 23
54 13 23
55 111 23
56 110 23
57 109 23
58 10 23
58 11 23
59 8 23
59 9 23
60 6 23
60 7 23
61 3 23
61 4 23
62 146 23
62 2 23
63 57 23
63 59 23
64 108 23
65 107 23
66 106 23
67 105 23
68 104 23
69 103 23
70 144 23
70 145 23
71 135 23
71 143 23
73 131 23
73 132 23
74 101 23
77 55 23
77 56 23
78 100 23
79 99 23
80 128 23
80 129 23
81 98 23
82 124 23
82 125 23
83 114 23
83 118 23
84 97 23
85 96 23
86 95 23
87 94 23
88 93 23
89 90 23
90 88 23
91 53 23
91 54 23
92 35 23
92 36 23
93 87 23
94 86 23
95 49 23
95 51 23
96 85 23
97 84 23
100 83 23
101 112 23
101 113 23
102 32 23
102 33 23
103 47 23
103 48 23
104 82 23
107 81 23
108 80 23
109 105 23
109 107 23
110 79 23
111 78 23
112 37 23
112 39 23
114 77 23
115 76 23
116 75 23
117 74 23
118 73 23
119 103 23
119 104 23
120 30 23
120 31 23
121 72 23
122 71 23
124 26 23
124 33 23
125 16 23
125 19 23
126 95 23
126 97 23
127 91 23
127 93 23
128 11 23
128 14 23
129 70 23
130 68 23
131 9 23
131 10 23
132 4 23
132 8 23
133 66 23
134 91 23
135 2 23
135 3 23
137 65 23
138 64 23
139 63 23
140 81 23
140 84 23
141 26 23
141 29 23
142 89 23
143 62 23
144 61 23
145 60 23
146 59 23
147 72 23
147 77 23
148 63 23
148 64 23
149 58 23
0 56 24
0 57 24
1 150 24
2 54 24
2 55 24
3 149 24
4 148 24
5 147 24
6 146 24
7 145 24
8 144 24
9 143 24
10 52 24
10 53 24
11 140 24
12 139 24
13 50 24
13 51 24
14 138 24
15 48 24
15 49 24
16 46 24
16 47 24
17 137 24
18 43 24
18 44 24
19 41 24
19 42 24
21 136 24
22 135 24
23 133 24
24 132 24
26 27 24
26 28 24
27 131 24
28 24 24
28 25 24
29 22 24
29 23 24
30 20 24
30 21 24
31 130 24
32 18 24
32 19 24
36 16 24
36 17 24
37 129 24
38 128 24
39 14 24
39 15 24
40 127 24
41 12 24
41 13 24
42 126 24
43 125 24
44 10 24
44 11 24
45 124 24
46 122 24
47 121 24
48 119 24
49 8 24
49 9 24
50 6 24
50 7 24
51 3 24
51 4 24
52 118 24
53 54 24
53 55 24
54 117 24
55 49 24
55 51 24
56 116 24
57 115 24
58 114 24
59 113 24
60 112 24
61 146 24
61 2 24
62 144 24
62 145 24
64 111 24
65 110 24
66 109 24
67 39 24
67 40 24
68 135 24
68 143 24
69 37 24
69 38 24
70 131 24
70 132 24
71 108 24
72 47 24
72 48 24
74 107 24
75 128 24
75 129 24
76 106 24
77 105 24
78 124 24
78 125 24
79 104 24
80 103 24
81 101 24
82 100 24
83 114 24
83 118 24
84 37 24
84 39 24
85 99 24
86 112 24
86 113 24
87 98 24
88 105 24
88 107 24
89 97 24
91 96 24
92 35 24
92 36 24
93 94 24
95 91 24
96 90 24
97 89 24
98 88 24
99 87 24
100 86 24
101 103 24
101 104 24
102 32 24
102 33 24
103 85 24
105 84 24
106 83 24
107 82 24
109 95 24
109 97 24
110 81 24
111 80 24
112 79 24
113 26 24
113 33 24
114 78 24
115 77 24
116 91 24
116 93 24
117 76 24
118 75 24
119 74 24
120 95 24
121 73 24
122 72 24
123 93 24
124 71 24
125 16 24
125 19 24
126 81 24
126 84 24
127 72 24
127 77 24
128 11 24
128 14 24
129 70 24
130 68 24
131 9 24
131 10 24
132 4 24
132 8 24
133 66 24
134 30 24
134 31 24
135 65 24
136 63 24
136 64 24
137 64 24
138 63 24
140 57 24
140 59 24
141 26 24
141 29 24
143 2 24
143 3 24
144 62 24
145 61 24
147 53 24
147 56 24
148 60 24
149 59 24
150 58 24
0 56 25
0 57 25
1 150 25
2 54 25
2 55 25
3 52 25
3 53 25
4 50 25
4 51 25
5 149 25
6 48 25
6 49 25
7 148 25
8 147 25
9 46 25
9 47 25
10 146 25
11 145 25
12 43 25
12 44 25
14 144 25
15 143 25
16 41 25
16 42 25
18 140 25
19 39 25
19 40 25
20 37 25
20 38 25
22 35 25
22 36 25
23 22 25
23 24 25
24 20 25
24 21 25
26 139 25
27 138 25
28 137 25
29 136 25
30 135 25
31 18 25
31 19 25
32 16 25
32 17 25
33 14 25
33 15 25
34 133 25
35 132 25
36 131 25
37 12 25
37 13 25
38 130 25
39 129 25
40 10 25
40 11 25
41 128 25
42 127 25
43 8 25
43 9 25
44 126 25
45 32 25
45 33 25
46 125 25
47 124 25
48 122 25
49 121 25
50 119 25
51 6 25
51 7 25
52 118 25
53 117 25
54 116 25
55 49 25
55 51 25
56 115 25
57 47 25
57 48 25
58 3 25
58 4 25
59 114 25
60 113 25
61 146 25
61 2 25
62 144 25
62 145 25
64 37 25
64 39 25
66 112 25
67 111 25
68 110 25
69 30 25
69 31 25
70 135 25
70 143 25
71 109 25
72 26 25
72 33 25
73 131 25
73 132 25
74 108 25
75 107 25
76 106 25
77 105 25
78 104 25
79 103 25
80 128 25
80 129 25
82 124 25
82 125 25
83 114 25
83 118 25
85 101 25
86 100 25
87 112 25
87 113 25
88 99 25
89 98 25
90 97 25
91 16 25
91 19 25
92 96 25
93 91 25
94 90 25
95 89 25
96 105 25
96 107 25
98 103 25
98 104 25
99 95 25
99 97 25
100 88 25
101 91 25
101 93 25
102 95 25
103 11 25
103 14 25
104 87 25
107 9 25
107 10 25
108 86 25
109 81 25
109 84 25
112 85 25
113 84 25
114 83 25
115 82 25
116 81 25
117 72 25
117 77 25
118 80 25
119 79 25
120 28 25
120 29 25
121 78 25
122 63 25
122 64 25
123 94 25
124 77 25
125 4 25
125 8 25
126 76 25
127 57 25
127 59 25
128 75 25
129 74 25
130 73 25
131 2 25
131 3 25
132 72 25
133 71 25
134 26 25
134 27 25
135 70 25
136 68 25
137 55 25
137 56 25
139 66 25
140 65 25
141 23 25
141 25 25
142 93 25
143 64 25
144 63 25
145 62 25
146 61 25
147 53 25
147 54 25
148 60 25
149 59 25
150 58 25
1 56 26
1 57 26
2 54 26
2 55 26
3 150 26
4 52 26
4 53 26
5 149 26
6 148 26
7 147 26
8 50 26
8 51 26
9 146 26
10 145 26
11 144 26
12 143 26
13 48 26
13 49 26
14 140 26
15 139 26
16 138 26
17 46 26
17 47 26
18 43 26
18 44 26
19 41 26
19 42 26
20 137 26
21 39 26
21 40 26
22 136 26
23 135 26
24 37 26
24 38 26
25 133 26
26 35 26
26 36 26
27 26 26
27 28 26
28 132 26
29 24 26
29 25 26
30 131 26
31 130 26
32 129 26
33 22 26
33 23 26
34 32 26
34 33 26
35 128 26
36 20 26
36 21 26
37 127 26
38 126 26
39 125 26
41 124 26
42 18 26
42 19 26
43 122 26
44 121 26
45 119 26
46 118 26
47 117 26
49 16 26
49 17 26
50 116 26
51 115 26
52 114 26
53 14 26
53 15 26
54 113 26
55 12 26
55 13 26
56 10 26
56 11 26
57 112 26
58 111 26
59 57 26
59 63 26
60 110 26
61 109 26
62 8 26
62 9 26
63 108 26
65 6 26
65 7 26
66 107 26
67 106 26
68 3 26
68 4 26
69 30 26
69 31 26
71 105 26
72 104 26
73 103 26
74 101 26
75 100 26
76 99 26
77 98 26
78 97 26
79 96 26
80 146 26
80 2 26
81 95 26
82 94 26
83 93 26
84 91 26
86 144 26
86 145 26
87 86 26
88 85 26
89 84 26
91 55 26
91 56 26
92 90 26
93 83 26
94 82 26
95 81 26
96 80 26
97 53 26
97 54 26
98 79 26
99 78 26
100 77 26
101 76 26
102 27 26
102 29 26
103 49 26
103 51 26
104 47 26
104 48 26
105 75 26
106 135 26
106 143 26
107 37 26
107 39 26
108 131 26
108 132 26
109 128 26
109 129 26
110 124 26
110 125 26
111 114 26
111 118 26
113 74 26
114 26 26
114 33 26
116 112 26
116 113 26
117 73 26
118 72 26
119 71 26
120 89 26
121 105 26
121 107 26
122 70 26
124 16 26
124 19 26
125 68 26
126 103 26
126 104 26
127 66 26
128 65 26
129 64 26
130 95 26
130 97 26
131 11 26
131 14 26
132 63 26
133 91 26
133 93 26
134 88 26
136 62 26
137 81 26
137 84 26
138 72 26
138 77 26
139 61 26
142 87 26
143 60 26
144 9 26
144 10 26
145 4 26
145 8 26
146 2 26
146 3 26
147 59 26
149 59 26
149 64 26
150 58 26
0 56 27
0 57 27
1 150 27
2 149 27
3 148 27
4 54 27
4 55 27
6 147 27
7 52 27
7 53 27
8 50 27
8 51 27
9 48 27
9 49 27
10 146 27
11 46 27
11 47 27
12 145 27
13 144 27
15 43 27
15 44 27
16 143 27
17 140 27
18 41 27
18 42 27
20 139 27
21 39 27
21 40 27
22 37 27
22 38 27
23 138 27
24 137 27
25 136 27
26 135 27
27 35 27
27 36 27
28 26 27
28 27 27
29 133 27
30 132 27
31 24 27
31 25 27
32 22 27
32 23 27
33 131 27
34 32 27
34 33 27
35 130 27
39 20 27
39 21 27
40 129 27
41 18 27
41 19 27
43 128 27
44 16 27
44 17 27
45 127 27
46 126 27
47 14 27
47 15 27
48 12 27
48 13 27
49 125 27
50 10 27
50 11 27
51 124 27
52 8 27
52 9 27
53 122 27
54 121 27
55 119 27
56 118 27
57 55 27
57 56 27
58 6 27
58 7 27
60 3 27
60 4 27
61 146 27
61 2 27
62 117 27
63 53 27
63 54 27
64 116 27
66 144 27
66 145 27
67 115 27
69 30 27
69 31 27
71 114 27
72 113 27
73 112 27
74 111 27
75 110 27
76 109 27
77 108 27
78 135 27
78 143 27
79 107 27
80 106 27
81 105 27
82 104 27
83 103 27
84 49 27
84 51 27
85 101 27
86 100 27
87 99 27
88 98 27
89 131 27
89 132 27
90 91 27
92 28 27
92 29 27
93 89 27
94 128 27
94 129 27
95 88 27
96 87 27
97 86 27
98 124 27
98 125 27
99 85 27
100 114 27
100 118 27
101 84 27
102 97 27
103 83 27
104 47 27
104 48 27
105 37 27
105 39 27
106 112 27
106 113 27
107 26 27
107 33 27
108 105 27
108 107 27
109 103 27
109 104 27
110 82 27
111 81 27
112 80 27
113 79 27
114 78 27
115 95 27
115 97 27
116 77 27
117 91 27
117 93 27
118 76 27
119 81 27
119 84 27
120 96 27
121 75 27
122 74 27
123 95 27
124 16 27
124 19 27
125 11 27
125 14 27
127 72 27
127 77 27
128 73 27
129 72 27
130 71 27
131 9 27
131 10 27
132 4 27
132 8 27
133 63 27
133 64 27
134 94 27
136 70 27
137 68 27
138 66 27
139 65 27
140 64 27
141 93 27
142 90 27
143 63 27
144 62 27
145 61 27
146 2 27
146 3 27
147 60 27
148 59 27
149 58 27
150 57 27
150 59 27
0 56 28
0 57 28
1 150 28
2 54 28
2 55 28
3 149 28
4 148 28
5 52 28
5 53 28
6 147 28
7 146 28
8 50 28
8 51 28
9 145 28
10 144 28
11 143 28
12 140 28
13 139 28
14 138 28
15 48 28
15 49 28
16 46 28
16 47 28
17 137 28
19 136 28
20 135 28
21 43 28
21 44 28
23 41 28
23 42 28
24 133 28
25 132 28
26 131 28
27 130 28
28 39 28
28 40 28
29 129 28
30 31 28
30 32 28
31 128 28
32 28 28
32 29 28
33 127 28
34 126 28
36 26 28
36 27 28
37 125 28
38 124 28
39 24 28
39 25 28
40 122 28
41 22 28
41 23 28
42 20 28
42 21 28
43 121 28
44 119 28
45 118 28
46 18 28
46 19 28
47 16 28
47 17 28
49 14 28
49 15 28
50 117 28
51 12 28
51 13 28
52 116 28
53 115 28
54 114 28
55 49 28
55 51 28
56 113 28
57 112 28
58 111 28
59 110 28
60 109 28
61 108 28
62 107 28
63 47 28
63 48 28
64 106 28
65 10 28
65 11 28
66 8 28
66 9 28
67 105 28
68 104 28
69 37 28
69 38 28
70 103 28
71 6 28
71 7 28
72 101 28
73 100 28
74 99 28
75 98 28
76 97 28
77 96 28
78 3 28
78 4 28
79 95 28
81 94 28
82 93 28
83 91 28
84 90 28
85 146 28
85 2 28
86 85 28
87 144 28
87 145 28
88 135 28
88 143 28
90 131 28
90 132 28
91 37 28
91 39 28
92 89 28
93 84 28
94 128 28
94 129 28
96 124 28
96 125 28
97 26 28
97 33 28
98 114 28
98 118 28
99 83 28
100 82 28
101 81 28
102 35 28
102 36 28
103 80 28
104 79 28
105 78 28
106 112 28
106 113 28
107 16 28
107 19 28
109 77 28
110 76 28
111 105 28
111 107 28
112 75 28
113 11 28
113 14 28
114 74 28
115 103 28
115 104 28
116 73 28
117 72 28
119 95 28
119 97 28
120 30 28
120 33 28
121 91 28
121 93 28
122 71 28
123 88 28
124 9 28
124 10 28
125 70 28
126 81 28
126 84 28
128 4 28
128 8 28
129 68 28
130 66 28
131 65 28
132 64 28
133 72 28
133 77 28
135 63 28
136 63 28
136 64 28
137 57 28
137 59 28
138 55 28
138 56 28
140 62 28
141 87 28
142 86 28
143 61 28
146 2 28
146 3 28
147 60 28
148 53 28
148 54 28
149 59 28
150 58 28
0 150 29
1 149 29
3 148 29
4 147 29
5 146 29
6 56 29
6 57 29
7 145 29
8 54 29
8 55 29
9 52 29
9 53 29
10 50 29
10 51 29
11 144 29
12 143 29
13 140 29
14 139 29
15 48 29
15 49 29
16 138 29
18 46 29
18 47 29
20 137 29
21 136 29
22 135 29
23 133 29
24 132 29
26 131 29
28 43 29
28 44 29
29 130 29
30 31 29
30 32 29
31 28 29
31 29 29
32 26 29
32 27 29
33 129 29
34 41 29
34 42 29
36 24 29
36 25 29
37 128 29
38 22 29
38 23 29
39 20 29
39 21 29
40 127 29
41 126 29
42 125 29
43 124 29
44 18 29
44 19 29
46 122 29
47 121 29
48 16 29
48 17 29
49 14 29
49 15 29
50 119 29
51 49 29
51 53 29
52 12 29
52 13 29
53 118 29
54 47 29
54 48 29
55 117 29
56 37 29
56 39 29
57 116 29
58 10 29
58 11 29
59 115 29
60 114 29
61 113 29
62 112 29
64 111 29
65 8 29
65 9 29
66 110 29
67 39 29
67 40 29
68 6 29
68 7 29
69 109 29
70 108 29
71 3 29
71 4 29
72 107 29
73 106 29
74 146 29
74 2 29
75 105 29
76 104 29
77 26 29
77 33 29
78 103 29
79 101 29
80 100 29
81 16 29
81 19 29
82 99 29
83 144 29
83 145 29
84 98 29
85 135 29
85 143 29
86 131 29
86 132 29
87 128 29
87 129 29
88 97 29
89 124 29
89 125 29
90 96 29
91 11 29
91 14 29
92 95 29
93 91 29
94 90 29
95 89 29
96 114 29
96 118 29
97 88 29
98 87 29
99 86 29
100 85 29
101 112 29
101 113 29
102 94 29
103 84 29
105 83 29
106 105 29
106 107 29
108 82 29
109 103 29
109 104 29
110 95 29
110 97 29
112 81 29
113 9 29
113 10 29
114 4 29
114 8 29
116 80 29
117 79 29
118 78 29
119 77 29
120 93 29
121 76 29
122 75 29
123 37 29
123 38 29
124 74 29
125 73 29
126 72 29
127 91 29
127 93 29
128 71 29
129 70 29
130 68 29
131 2 29
131 3 29
132 66 29
133 81 29
133 84 29
134 35 29
134 36 29
135 65 29
136 72 29
136 77 29
137 64 29
138 63 29
139 63 29
139 64 29
140 57 29
140 59 29
141 30 29
141 33 29
143 62 29
144 61 29
145 60 29
146 59 29
147 55 29
147 56 29
148 51 29
148 54 29
150 58 29
0 150 30
2 149 30
3 56 30
3 57 30
4 148 30
5 147 30
6 54 30
6 55 30
7 146 30
8 52 30
8 53 30
9 50 30
9 51 30
10 145 30
12 144 30
14 143 30
15 140 30
16 139 30
17 138 30
18 137 30
19 48 30
19 49 30
20 136 30
21 135 30
22 133 30
23 46 30
23 47 30
25 132 30
26 43 30
26 44 30
27 131 30
28 130 30
29 41 30
29 42 30
31 30 30
31 32 30
32 129 30
33 28 30
33 29 30
34 128 30
35 127 30
36 126 30
37 125 30
38 124 30
39 122 30
40 121 30
41 26 30
41 27 30
42 24 30
42 25 30
43 119 30
44 22 30
44 23 30
45 118 30
46 117 30
47 116 30
48 115 30
49 114 30
50 113 30
52 112 30
53 20 30
53 21 30
54 111 30
55 18 30
55 19 30
56 16 30
56 17 30
57 110 30
58 109 30
60 14 30
60 15 30
61 108 30
62 107 30
63 57 30
63 59 30
64 55 30
64 56 30
65 12 30
65 13 30
66 106 30
67 105 30
68 104 30
69 103 30
70 101 30
71 100 30
72 53 30
72 54 30
73 10 30
73 11 30
74 8 30
74 9 30
75 99 30
76 6 30
76 7 30
77 98 30
79 97 30
80 96 30
81 95 30
82 3 30
82 4 30
83 146 30
83 2 30
84 49 30
84 51 30
85 94 30
86 93 30
87 91 30
88 87 30
89 144 30
89 145 30
90 86 30
91 85 30
92 90 30
93 84 30
94 135 30
94 143 30
95 83 30
97 82 30
98 131 30
98 132 30
99 81 30
100 80 30
101 128 30
101 129 30
102 39 30
102 40 30
103 79 30
104 47 30
104 48 30
105 78 30
108 77 30
110 76 30
111 75 30
112 74 30
113 73 30
114 37 30
114 39 30
115 124 30
115 125 30
116 114 30
116 118 30
117 72 30
118 26 30
118 33 30
119 112 30
119 113 30
120 37 30
120 38 30
121 105 30
121 107 30
122 71 30
123 89 30
124 16 30
124 19 30
125 70 30
126 103 30
126 104 30
127 68 30
128 11 30
128 14 30
129 9 30
129 10 30
130 95 30
130 97 30
131 66 30
132 4 30
132 8 30
133 65 30
134 88 30
135 64 30
136 63 30
137 62 30
138 91 30
138 93 30
139 81 30
139 84 30
140 72 30
140 77 30
141 35 30
141 36 30
142 31 30
142 33 30
144 61 30
145 2 30
145 3 30
146 60 30
148 59 30
149 63 30
149 64 30
150 58 30
0 150 31
1 56 31
1 57 31
2 149 31
4 148 31
6 147 31
7 146 31
8 145 31
10 144 31
11 143 31
12 140 31
13 139 31
14 54 31
14 55 31
15 138 31
16 137 31
17 136 31
19 52 31
19 53 31
20 50 31
20 51 31
22 135 31
23 48 31
23 49 31
25 133 31
26 132 31
27 131 31
28 130 31
29 46 31
29 47 31
30 43 31
30 44 31
31 30 31
31 32 31
32 28 31
32 29 31
33 129 31
34 128 31
36 26 31
36 27 31
38 24 31
38 25 31
39 22 31
39 23 31
40 127 31
41 126 31
42 125 31
43 20 31
43 21 31
44 18 31
44 19 31
45 41 31
45 42 31
46 124 31
47 122 31
48 121 31
49 119 31
50 16 31
50 17 31
51 14 31
51 15 31
52 118 31
53 12 31
53 13 31
54 117 31
55 116 31
56 55 31
56 57 31
57 115 31
58 10 31
58 11 31
60 114 31
61 113 31
62 8 31
62 9 31
63 112 31
64 111 31
65 6 31
65 7 31
66 110 31
67 39 31
67 40 31
68 3 31
68 4 31
69 109 31
70 108 31
71 107 31
72 106 31
73 146 31
73 2 31
74 144 31
74 145 31
76 135 31
76 143 31
77 53 31
77 54 31
78 105 31
79 131 31
79 132 31
80 128 31
80 129 31
81 104 31
82 103 31
83 124 31
83 125 31
84 49 31
84 51 31
85 114 31
85 118 31
86 101 31
87 100 31
88 112 31
88 113 31
90 99 31
91 98 31
92 37 31
92 38 31
93 94 31
94 91 31
95 90 31
96 89 31
97 47 31
97 48 31
100 105 31
100 107 31
101 88 31
102 35 31
102 36 31
103 37 31
103 39 31
104 87 31
105 86 31
106 103 31
106 104 31
107 85 31
108 84 31
109 83 31
110 82 31
111 81 31
112 26 31
112 33 31
113 16 31
113 19 31
114 11 31
114 14 31
115 80 31
116 95 31
116 97 31
117 79 31
118 78 31
119 77 31
120 97 31
121 91 31
121 93 31
122 76 31
123 31 31
123 33 31
124 75 31
126 74 31
127 73 31
128 72 31
129 9 31
129 10 31
130 71 31
131 70 31
132 4 31
132 8 31
133 81 31
133 84 31
134 96 31
135 68 31
136 72 31
136 77 31
137 66 31
138 65 31
139 64 31
140 63 31
141 95 31
142 93 31
143 62 31
144 61 31
145 60 31
146 2 31
146 3 31
147 63 31
147 64 31
148 59 31
149 58 31
150 56 31
150 59 31
0 150 32
1 149 32
2 148 32
3 147 32
4 146 32
5 145 32
6 144 32
7 56 32
7 57 32
8 54 32
8 55 32
10 143 32
12 140 32
13 139 32
14 52 32
14 53 32
15 50 32
15 51 32
16 48 32
16 49 32
17 138 32
18 137 32
19 136 32
20 135 32
21 133 32
22 46 32
22 47 32
23 132 32
24 131 32
25 130 32
26 43 32
26 44 32
27 41 32
27 42 32
28 129 32
29 28 32
29 30 32
30 128 32
31 127 32
32 126 32
33 125 32
34 39 32
34 40 32
35 124 32
36 26 32
36 27 32
38 122 32
40 24 32
40 25 32
41 121 32
42 119 32
43 118 32
44 22 32
44 23 32
45 117 32
46 116 32
48 20 32
48 21 32
49 115 32
50 114 32
51 113 32
52 18 32
52 19 32
53 112 32
54 16 32
54 17 32
55 14 32
55 15 32
56 12 32
56 13 32
57 55 32
57 56 32
58 10 32
58 11 32
59 111 32
60 110 32
61 109 32
62 8 32
62 9 32
63 108 32
64 107 32
65 6 32
65 7 32
66 106 32
69 105 32
70 104 32
72 53 32
72 54 32
73 3 32
73 4 32
74 146 32
74 2 32
75 103 32
77 101 32
78 144 32
78 145 32
79 135 32
79 143 32
80 131 32
80 132 32
81 49 32
81 51 32
82 128 32
82 129 32
83 100 32
85 99 32
86 98 32
87 97 32
88 96 32
89 124 32
89 125 32
92 37 32
92 38 32
93 47 32
93 48 32
94 114 32
94 118 32
95 37 32
95 39 32
96 91 32
97 90 32
98 89 32
99 112 32
99 113 32
100 105 32
100 107 32
101 88 32
102 35 32
102 36 32
103 87 32
104 86 32
105 26 32
105 33 32
106 85 32
107 84 32
108 83 32
109 82 32
110 103 32
110 104 32
111 81 32
112 80 32
113 16 32
113 19 32
114 79 32
115 78 32
117 95 32
117 97 32
118 11 32
118 14 32
119 77 32
120 32 32
120 33 32
121 91 32
121 93 32
122 76 32
123 29 32
123 31 32
124 75 32
125 74 32
126 73 32
127 81 32
127 84 32
128 72 32
129 71 32
130 70 32
131 68 32
132 66 32
133 65 32
134 95 32
135 9 32
135 10 32
136 72 32
136 77 32
137 64 32
138 63 32
138 64 32
140 63 32
141 94 32
142 93 32
143 4 32
143 8 32
144 62 32
145 61 32
146 2 32
146 3 32
147 60 32
148 59 32
149 57 32
149 59 32
150 58 32
0 56 33
0 57 33
1 150 33
2 149 33
3 148 33
4 54 33
4 55 33
5 52 33
5 53 33
6 50 33
6 51 33
7 48 33
7 49 33
8 46 33
8 47 33
11 147 33
12 43 33
12 44 33
13 146 33
14 145 33
15 41 33
15 42 33
16 144 33
17 39 33
17 40 33
18 37 33
18 38 33
19 35 33
19 36 33
20 143 33
21 32 33
21 33 33
22 140 33
23 139 33
24 138 33
26 20 33
26 21 33
27 137 33
29 136 33
30 135 33
32 18 33
32 19 33
33 133 33
34 132 33
35 16 33
35 17 33
36 131 33
38 130 33
39 14 33
39 15 33
41 129 33
42 128 33
43 12 33
43 13 33
44 127 33
45 126 33
46 125 33
47 10 33
47 11 33
49 8 33
49 9 33
50 124 33
51 6 33
51 7 33
52 122 33
53 3 33
53 4 33
54 121 33
55 119 33
56 53 33
56 54 33
57 49 33
57 51 33
58 146 33
58 2 33
59 47 33
59 48 33
60 118 33
62 117 33
63 116 33
64 37 33
64 39 33
65 115 33
66 114 33
67 30 33
67 31 33
68 113 33
69 112 33
70 111 33
71 110 33
72 109 33
73 144 33
73 145 33
74 135 33
74 143 33
75 108 33
77 107 33
78 106 33
79 105 33
80 131 33
80 132 33
81 104 33
82 103 33
83 101 33
84 100 33
85 99 33
86 98 33
87 128 33
87 129 33
88 97 33
89 124 33
89 125 33
91 26 33
91 33 33
92 28 33
92 29 33
93 94 33
94 91 33
95 90 33
96 114 33
96 118 33
97 89 33
98 88 33
99 112 33
99 113 33
100 105 33
100 107 33
101 87 33
102 96 33
103 86 33
104 85 33
105 84 33
106 103 33
106 104 33
107 16 33
107 19 33
108 95 33
108 97 33
109 83 33
110 91 33
110 93 33
111 82 33
112 81 33
113 11 33
113 14 33
114 9 33
114 10 33
115 81 33
115 84 33
116 80 33
117 79 33
118 4 33
118 8 33
119 78 33
120 26 33
120 27 33
121 77 33
122 76 33
123 24 33
123 25 33
124 75 33
125 74 33
126 73 33
127 72 33
128 71 33
129 2 33
129 3 33
130 70 33
131 68 33
133 72 33
133 77 33
134 95 33
135 66 33
136 63 33
136 64 33
137 65 33
139 64 33
140 63 33
141 93 33
142 22 33
142 23 33
144 62 33
145 61 33
146 60 33
147 59 33
148 57 33
148 59 33
149 58 33
150 55 33
150 56 33
