2 28 12
2 30 12
3 149 12
11 141 12
16 137 12
32 136 12
38 135 12
40 127 12
44 59 12
50 126 12
52 11 12
52 12 12
54 125 12
66 124 12
70 122 12
78 121 12
82 120 12
84 4 12
84 10 12
90 43 12
94 109 12
95 44 12
95 120 12
95 121 12
95 137 12
96 108 12
98 90 12
99 89 12
107 44 12
107 120 12
107 121 12
107 136 12
116 88 12
123 67 12
125 41 12
126 40 12
140 62 12
145 44 12
145 120 12
145 121 12
145 135 12
146 44 12
4 150 14
11 149 14
13 132 14
16 86 14
16 92 14
18 131 14
21 130 14
22 129 14
26 48 14
26 50 14
31 125 14
47 124 14
50 123 14
55 119 14
57 62 14
59 118 14
62 57 14
62 75 14
63 53 14
63 54 14
65 113 14
66 35 14
66 43 14
68 24 14
68 28 14
71 54 14
72 112 14
74 93 14
77 92 14
79 43 14
79 50 14
83 87 14
85 20 14
85 21 14
87 53 14
88 17 14
88 19 14
90 86 14
91 82 14
95 9 14
95 16 14
99 3 14
99 4 14
104 79 14
114 113 14
114 2 14
121 76 14
124 20 14
124 28 14
125 2 14
125 19 14
127 75 14
128 73 14
131 51 14
133 71 14
135 70 14
136 63 14
138 93 14
138 112 14
145 57 14
5 149 17
6 28 17
6 30 17
17 44 17
17 120 17
17 121 17
17 137 17
18 141 17
23 44 17
23 120 17
23 121 17
23 136 17
30 137 17
31 44 17
31 120 17
31 121 17
31 135 17
37 136 17
38 11 17
38 12 17
46 135 17
52 127 17
55 126 17
58 125 17
61 124 17
68 122 17
83 4 17
83 10 17
92 121 17
98 120 17
99 109 17
108 62 17
109 59 17
110 108 17
113 90 17
121 44 17
125 43 17
129 89 17
135 41 17
138 88 17
140 67 17
141 40 17
2 86 18
2 92 18
13 48 18
13 50 18
16 57 18
16 75 18
18 150 18
24 53 18
24 54 18
26 149 18
33 35 18
33 43 18
34 132 18
37 24 18
37 28 18
41 20 18
41 21 18
52 17 18
52 19 18
54 131 18
55 130 18
56 129 18
57 125 18
64 124 18
66 123 18
67 119 18
69 118 18
70 71 18
75 63 18
76 62 18
77 113 18
83 9 18
83 16 18
84 3 18
84 4 18
86 57 18
89 112 18
98 93 18
99 92 18
102 87 18
105 86 18
108 113 18
108 2 18
112 20 18
112 28 18
113 2 18
113 19 18
116 82 18
119 43 18
119 50 18
120 79 18
123 54 18
131 53 18
132 51 18
133 76 18
136 75 18
141 73 18
145 93 18
145 112 18
148 70 18
3 149 19
22 141 19
37 137 19
40 44 19
40 120 19
40 121 19
40 135 19
44 136 19
45 135 19
47 127 19
53 126 19
64 125 19
71 124 19
75 122 19
79 121 19
83 120 19
86 44 19
86 120 19
86 121 19
86 137 19
87 28 19
87 30 19
90 59 19
94 11 19
94 12 19
95 109 19
104 108 19
105 90 19
109 44 19
114 89 19
128 88 19
136 43 19
140 4 19
140 10 19
141 41 19
146 67 19
148 62 19
149 40 19
150 44 19
150 120 19
150 121 19
150 136 19
1 57 20
1 58 20
3 55 20
3 56 20
4 149 20
5 53 20
5 54 20
7 148 20
8 147 20
9 49 20
9 51 20
10 146 20
12 145 20
14 144 20
15 80 20
15 81 20
15 86 20
16 143 20
18 142 20
19 46 20
19 47 20
20 73 20
20 75 20
20 76 20
21 141 20
25 18 20
25 42 20
25 43 20
26 51 20
26 53 20
26 57 20
27 110 20
27 113 20
27 119 20
28 140 20
29 23 20
29 25 20
30 43 20
30 44 20
32 139 20
33 138 20
34 41 20
34 42 20
35 135 20
36 134 20
37 129 20
38 21 20
38 22 20
39 38 20
39 40 20
41 19 20
41 20 20
42 16 20
42 18 20
44 128 20
45 33 20
45 37 20
46 10 20
46 13 20
46 15 20
51 127 20
52 126 20
54 89 20
54 93 20
54 94 20
54 102 20
54 106 20
54 109 20
55 125 20
56 25 20
56 46 20
56 49 20
58 124 20
59 123 20
66 122 20
67 105 20
67 106 20
67 109 20
69 120 20
73 89 20
73 93 20
73 94 20
73 43 20
73 46 20
73 49 20
75 119 20
76 110 20
76 119 20
76 120 20
80 14 20
80 15 20
82 114 20
83 31 20
83 32 20
84 101 20
84 102 20
84 104 20
85 113 20
86 112 20
89 111 20
91 110 20
92 109 20
93 94 20
94 92 20
96 108 20
97 106 20
98 105 20
100 104 20
103 91 20
108 89 20
112 12 20
112 13 20
113 10 20
113 11 20
114 86 20
115 89 20
115 93 20
115 94 20
117 103 20
118 102 20
120 81 20
121 101 20
122 80 20
123 77 20
124 76 20
125 129 20
125 134 20
126 75 20
128 89 20
128 93 20
128 94 20
129 73 20
132 95 20
133 93 20
135 63 20
138 62 20
141 124 20
141 128 20
142 60 20
144 89 20
144 93 20
144 94 20
144 73 20
144 80 20
144 81 20
145 59 20
148 120 20
148 123 20
150 26 20
150 29 20
2 150 21
3 149 21
5 132 21
7 131 21
10 48 21
10 50 21
17 130 21
22 129 21
28 125 21
31 35 21
31 43 21
34 124 21
37 123 21
38 119 21
42 24 21
42 28 21
44 118 21
45 20 21
45 21 21
47 113 21
48 112 21
51 53 21
51 54 21
52 93 21
54 92 21
55 17 21
55 19 21
58 87 21
77 86 21
94 82 21
95 9 21
95 16 21
99 79 21
100 3 21
100 4 21
101 76 21
102 75 21
105 113 21
105 2 21
107 93 21
107 112 21
117 73 21
119 43 21
119 50 21
124 54 21
126 71 21
128 86 21
128 92 21
131 53 21
132 20 21
132 28 21
137 70 21
138 63 21
142 57 21
142 75 21
143 62 21
147 57 21
149 51 21
150 2 21
150 19 21
0 110 22
0 113 22
0 119 22
4 89 22
4 93 22
4 94 22
4 102 22
4 106 22
4 109 22
5 105 22
5 106 22
5 109 22
6 149 22
9 57 22
9 58 22
11 148 22
12 147 22
16 55 22
16 56 22
17 101 22
17 102 22
17 104 22
20 146 22
21 19 22
21 20 22
22 43 22
22 46 22
22 49 22
23 145 22
24 53 22
24 54 22
25 144 22
26 143 22
27 142 22
29 141 22
30 140 22
31 16 22
31 18 22
32 139 22
33 14 22
33 15 22
34 138 22
35 49 22
35 51 22
36 135 22
37 134 22
39 89 22
39 93 22
39 94 22
41 129 22
43 12 22
43 13 22
44 128 22
45 80 22
45 81 22
45 86 22
46 127 22
47 10 22
47 11 22
48 46 22
48 47 22
50 43 22
50 44 22
51 126 22
53 125 22
54 124 22
55 129 22
55 134 22
56 18 22
56 25 22
56 42 22
58 10 22
58 13 22
58 15 22
60 123 22
61 41 22
61 42 22
62 122 22
64 38 22
64 40 22
66 120 22
67 119 22
68 114 22
69 73 22
69 75 22
69 76 22
70 113 22
76 112 22
79 111 22
80 110 22
81 109 22
82 108 22
83 33 22
83 37 22
85 106 22
86 105 22
87 104 22
88 31 22
88 32 22
89 103 22
90 51 22
90 53 22
90 57 22
91 102 22
92 101 22
93 124 22
93 128 22
94 92 22
96 95 22
97 94 22
100 89 22
100 93 22
100 94 22
100 73 22
100 80 22
100 81 22
103 120 22
103 123 22
104 91 22
108 89 22
111 86 22
114 110 22
114 119 22
114 120 22
117 26 22
117 29 22
121 23 22
121 25 22
126 81 22
127 80 22
128 77 22
129 76 22
130 21 22
130 22 22
132 93 22
133 89 22
133 93 22
133 94 22
133 43 22
133 46 22
133 49 22
139 75 22
141 73 22
142 63 22
144 62 22
146 60 22
148 59 22
149 89 22
149 93 22
149 94 22
0 115 23
0 117 23
0 119 23
1 149 23
2 101 23
2 109 23
2 114 23
4 30 23
4 31 23
4 33 23
4 34 23
5 18 23
5 24 23
5 28 23
5 29 23
6 94 23
6 99 23
6 100 23
7 148 23
8 133 23
8 138 23
8 139 23
8 140 23
9 90 23
9 91 23
9 92 23
10 147 23
11 93 23
11 94 23
12 91 23
12 92 23
14 8 23
14 9 23
14 10 23
14 12 23
15 146 23
16 145 23
17 144 23
18 89 23
18 90 23
19 87 23
19 88 23
20 140 23
21 139 23
22 53 23
22 54 23
22 55 23
22 59 23
22 66 23
22 68 23
23 140 23
23 144 23
23 145 23
26 85 23
26 86 23
27 83 23
27 84 23
28 81 23
28 82 23
29 138 23
30 79 23
30 80 23
31 94 23
31 101 23
31 109 23
31 115 23
32 148 23
32 2 23
32 6 23
32 7 23
37 83 23
37 88 23
37 89 23
37 90 23
38 76 23
38 78 23
39 66 23
39 67 23
39 68 23
39 79 23
40 87 23
40 88 23
40 89 23
41 73 23
41 75 23
42 38 23
42 39 23
43 137 23
44 133 23
44 138 23
44 139 23
45 136 23
46 80 23
46 84 23
46 86 23
47 135 23
49 36 23
49 37 23
50 134 23
51 129 23
51 130 23
51 132 23
52 133 23
53 132 23
55 146 23
55 2 23
55 6 23
55 9 23
56 130 23
57 34 23
57 35 23
58 129 23
59 139 23
59 140 23
59 144 23
59 145 23
60 32 23
60 33 23
63 68 23
63 72 23
64 128 23
65 50 23
65 52 23
65 53 23
65 54 23
68 127 23
69 66 23
69 67 23
71 60 23
71 61 23
72 30 23
72 31 23
73 126 23
74 58 23
74 59 23
75 28 23
75 29 23
76 125 23
80 78 23
80 79 23
80 83 23
84 24 23
84 26 23
85 21 23
85 22 23
86 124 23
87 101 23
87 109 23
87 140 23
87 10 23
87 36 23
87 50 23
88 18 23
88 19 23
90 101 23
90 109 23
90 140 23
90 2 23
90 6 23
90 9 23
91 53 23
91 54 23
91 55 23
91 59 23
93 144 23
93 145 23
93 146 23
93 147 23
94 83 23
94 101 23
94 109 23
94 138 23
95 56 23
95 57 23
96 39 23
96 42 23
96 43 23
96 46 23
97 123 23
97 124 23
97 128 23
99 68 23
99 73 23
99 76 23
100 16 23
100 17 23
101 14 23
101 15 23
102 123 23
103 54 23
103 55 23
105 120 23
105 121 23
105 122 23
107 52 23
107 53 23
108 49 23
108 50 23
109 122 23
110 11 23
110 12 23
111 46 23
111 48 23
113 121 23
114 9 23
114 10 23
115 120 23
116 43 23
116 45 23
117 7 23
117 8 23
118 119 23
119 117 23
120 42 23
120 43 23
120 46 23
120 50 23
121 115 23
126 114 23
128 5 23
128 6 23
129 10 23
129 12 23
129 24 23
129 36 23
130 113 23
132 59 23
132 66 23
132 67 23
133 112 23
134 110 23
135 109 23
136 106 23
138 3 23
138 4 23
139 55 23
139 56 23
139 58 23
140 0 23
140 2 23
141 40 23
141 42 23
144 104 23
145 148 23
145 149 23
146 101 23
147 100 23
148 146 23
148 147 23
149 99 23
150 35 23
150 36 23
150 37 23
150 38 23
0 93 24
0 94 24
1 91 24
1 92 24
2 35 24
2 36 24
2 37 24
2 38 24
5 53 24
5 54 24
5 55 24
5 59 24
5 66 24
5 68 24
6 30 24
6 31 24
6 33 24
6 34 24
7 129 24
7 130 24
7 132 24
8 149 24
9 8 24
9 10 24
9 12 24
9 18 24
11 123 24
11 124 24
11 128 24
12 89 24
12 90 24
14 148 24
15 147 24
16 120 24
16 121 24
16 122 24
17 87 24
17 88 24
19 146 24
23 85 24
23 86 24
25 83 24
25 84 24
26 81 24
26 82 24
28 148 24
28 2 24
28 6 24
28 7 24
30 79 24
30 80 24
31 145 24
32 144 24
33 140 24
34 144 24
34 145 24
34 146 24
34 147 24
35 101 24
35 109 24
35 140 24
35 2 24
35 6 24
35 9 24
37 139 24
38 138 24
40 115 24
40 117 24
40 119 24
41 137 24
42 101 24
42 109 24
42 114 24
43 136 24
45 101 24
45 109 24
45 140 24
45 10 24
45 36 24
45 50 24
46 94 24
46 99 24
46 100 24
48 135 24
49 50 24
49 52 24
50 90 24
50 91 24
50 92 24
51 76 24
51 78 24
53 10 24
53 12 24
53 24 24
53 36 24
54 46 24
54 48 24
55 134 24
56 87 24
56 88 24
56 89 24
57 43 24
57 45 24
58 133 24
58 138 24
58 139 24
58 140 24
59 40 24
59 42 24
60 38 24
60 39 24
61 36 24
61 37 24
62 133 24
63 73 24
63 75 24
64 68 24
64 72 24
66 132 24
67 34 24
67 35 24
69 130 24
70 129 24
71 66 24
71 67 24
72 32 24
72 33 24
73 128 24
74 60 24
74 61 24
75 30 24
75 31 24
76 28 24
76 29 24
77 140 24
77 144 24
77 145 24
79 68 24
79 73 24
79 76 24
80 24 24
80 26 24
82 21 24
82 22 24
83 127 24
85 126 24
86 94 24
86 101 24
86 109 24
86 115 24
87 125 24
88 124 24
89 59 24
89 66 24
89 67 24
90 123 24
91 83 24
91 88 24
91 89 24
91 90 24
92 18 24
92 19 24
93 16 24
93 17 24
94 122 24
97 121 24
99 66 24
99 67 24
99 68 24
99 79 24
101 120 24
103 58 24
103 59 24
104 83 24
104 84 24
104 86 24
105 133 24
105 138 24
105 139 24
106 119 24
107 117 24
108 50 24
108 52 24
108 53 24
108 54 24
109 115 24
111 56 24
111 57 24
112 113 24
113 110 24
114 14 24
114 15 24
115 109 24
119 11 24
119 12 24
121 9 24
121 10 24
122 106 24
123 55 24
123 56 24
123 58 24
124 7 24
124 8 24
125 9 24
125 24 24
125 28 24
125 29 24
126 104 24
128 53 24
128 54 24
128 55 24
128 59 24
129 5 24
129 6 24
130 3 24
130 4 24
131 54 24
131 55 24
132 42 24
132 43 24
132 46 24
132 50 24
133 0 24
133 2 24
135 148 24
135 149 24
136 78 24
136 79 24
136 80 24
138 146 24
138 147 24
139 145 24
139 2 24
139 6 24
139 9 24
140 101 24
141 114 24
142 49 24
142 53 24
143 39 24
143 42 24
143 43 24
143 46 24
145 139 24
145 140 24
145 144 24
145 146 24
146 83 24
146 101 24
146 109 24
146 138 24
147 100 24
148 99 24
150 112 24
3 93 25
3 112 25
6 150 25
7 149 25
9 132 25
10 131 25
12 130 25
13 129 25
19 125 25
22 124 25
24 123 25
38 48 25
38 50 25
43 50 25
43 53 25
46 119 25
47 118 25
48 113 25
51 86 25
51 92 25
57 20 25
57 28 25
62 63 25
63 57 25
65 35 25
65 43 25
69 24 25
69 28 25
84 112 25
90 20 25
90 21 25
93 2 25
93 19 25
94 93 25
97 92 25
102 17 25
102 19 25
106 9 25
106 16 25
107 87 25
109 3 25
109 4 25
114 86 25
118 54 25
125 53 25
126 82 25
128 79 25
129 51 25
132 57 25
132 75 25
134 76 25
135 75 25
136 73 25
140 71 25
142 70 25
146 62 25
147 113 25
147 2 25
149 43 25
149 54 25
2 149 26
3 93 26
3 94 26
4 91 26
4 92 26
5 148 26
8 147 26
9 89 26
9 90 26
11 35 26
11 36 26
11 37 26
11 38 26
12 24 26
12 31 26
12 33 26
12 34 26
13 50 26
13 52 26
13 53 26
13 54 26
14 146 26
15 145 26
16 144 26
17 87 26
17 88 26
19 85 26
19 86 26
20 83 26
20 84 26
21 81 26
21 82 26
22 123 26
22 124 26
22 128 26
24 18 26
24 28 26
24 29 26
24 30 26
25 140 26
25 144 26
25 145 26
26 79 26
26 80 26
27 39 26
27 42 26
27 43 26
27 46 26
28 120 26
28 121 26
28 122 26
30 115 26
30 117 26
30 119 26
31 140 26
32 101 26
32 109 26
32 114 26
33 139 26
34 94 26
34 99 26
34 100 26
35 138 26
36 34 26
36 35 26
37 137 26
38 136 26
39 135 26
40 134 26
41 133 26
42 132 26
43 32 26
43 33 26
45 130 26
46 129 26
47 76 26
47 78 26
48 90 26
48 91 26
48 92 26
51 73 26
51 75 26
52 87 26
52 88 26
52 89 26
55 8 26
55 9 26
55 10 26
55 12 26
56 30 26
56 31 26
57 83 26
57 84 26
57 86 26
58 148 26
58 2 26
58 6 26
58 7 26
61 128 26
62 68 26
62 72 26
63 66 26
63 67 26
64 60 26
64 61 26
65 58 26
65 59 26
66 28 26
66 29 26
67 53 26
67 54 26
67 55 26
67 59 26
68 127 26
70 53 26
70 54 26
70 55 26
70 59 26
70 66 26
70 68 26
71 126 26
72 125 26
73 144 26
73 145 26
73 146 26
73 147 26
74 56 26
74 57 26
78 124 26
79 123 26
80 122 26
83 24 26
83 26 26
84 21 26
84 22 26
85 18 26
85 19 26
86 16 26
86 17 26
87 121 26
89 120 26
90 68 26
90 73 26
90 76 26
91 119 26
92 133 26
92 138 26
92 139 26
92 140 26
94 59 26
94 66 26
94 67 26
96 117 26
97 115 26
98 133 26
98 138 26
98 139 26
99 114 26
100 101 26
100 109 26
100 140 26
100 10 26
100 36 26
100 50 26
101 42 26
101 43 26
101 46 26
101 50 26
103 113 26
105 54 26
105 55 26
107 112 26
108 52 26
108 53 26
109 110 26
112 14 26
112 15 26
113 78 26
113 79 26
113 80 26
114 94 26
114 101 26
114 109 26
114 115 26
115 10 26
115 12 26
115 24 26
115 36 26
116 49 26
116 50 26
117 109 26
118 46 26
118 48 26
121 55 26
121 56 26
121 58 26
122 11 26
122 12 26
123 9 26
123 10 26
124 7 26
124 8 26
125 106 26
127 104 26
129 83 26
129 88 26
129 89 26
129 90 26
130 66 26
130 67 26
130 68 26
130 79 26
131 43 26
131 45 26
132 101 26
135 5 26
135 6 26
136 3 26
136 4 26
137 0 26
137 2 26
138 147 26
138 149 26
139 100 26
140 99 26
141 40 26
141 42 26
142 38 26
142 39 26
143 129 26
143 130 26
143 132 26
144 101 26
144 109 26
144 140 26
144 2 26
144 6 26
144 9 26
145 139 26
145 140 26
145 144 26
145 146 26
146 83 26
146 101 26
146 109 26
146 138 26
147 146 26
147 148 26
148 145 26
148 2 26
148 6 26
148 9 26
150 36 26
150 37 26
0 48 27
0 50 27
2 86 27
2 92 27
10 150 27
13 149 27
15 132 27
17 131 27
18 35 27
18 43 27
20 130 27
21 129 27
26 125 27
28 124 27
32 123 27
34 119 27
40 118 27
42 113 27
43 50 27
43 53 27
45 24 27
45 28 27
50 20 27
50 28 27
52 112 27
63 62 27
65 20 27
65 21 27
68 93 27
69 17 27
69 19 27
75 57 27
77 9 27
77 16 27
79 54 27
81 92 27
82 57 27
82 75 27
83 87 27
104 86 27
105 82 27
110 79 27
113 2 27
113 19 27
120 76 27
123 43 27
123 54 27
130 53 27
134 75 27
135 73 27
137 3 27
137 4 27
140 113 27
140 2 27
141 71 27
143 70 27
144 93 27
144 112 27
145 63 27
150 51 27
0 148 28
0 2 28
0 6 28
0 7 28
1 50 28
1 52 28
1 53 28
1 54 28
3 93 28
3 94 28
4 149 28
5 91 28
5 92 28
6 89 28
6 90 28
7 148 28
8 147 28
10 87 28
10 88 28
11 85 28
11 86 28
13 140 28
13 144 28
13 145 28
14 144 28
14 145 28
14 146 28
14 147 28
15 146 28
16 101 28
16 109 28
16 140 28
16 10 28
16 36 28
16 50 28
17 145 28
18 144 28
19 83 28
19 84 28
20 81 28
20 82 28
21 79 28
21 80 28
22 76 28
22 78 28
23 133 28
23 138 28
23 139 28
24 140 28
25 39 28
25 42 28
25 43 28
25 46 28
28 120 28
28 121 28
28 122 28
31 115 28
31 117 28
31 119 28
32 133 28
32 138 28
32 139 28
32 140 28
34 101 28
34 109 28
34 114 28
36 139 28
37 73 28
37 75 28
39 83 28
39 88 28
39 89 28
39 90 28
43 138 28
44 137 28
45 68 28
45 72 28
47 66 28
47 67 28
48 43 28
48 45 28
49 94 28
49 99 28
49 100 28
50 10 28
50 12 28
50 24 28
50 36 28
51 35 28
51 36 28
51 37 28
51 38 28
52 136 28
53 90 28
53 91 28
53 92 28
54 40 28
54 42 28
55 135 28
56 38 28
56 39 28
57 134 28
58 36 28
58 37 28
59 133 28
60 132 28
62 130 28
63 30 28
63 31 28
63 33 28
63 34 28
65 18 28
65 24 28
65 28 28
65 29 28
66 129 28
68 128 28
69 60 28
69 61 28
70 58 28
70 59 28
72 127 28
74 56 28
74 57 28
75 126 28
76 34 28
76 35 28
77 8 28
77 9 28
77 10 28
77 12 28
78 87 28
78 88 28
78 89 28
79 125 28
80 124 28
81 32 28
81 33 28
82 123 28
83 30 28
83 31 28
84 122 28
86 28 28
86 29 28
87 83 28
87 84 28
87 86 28
88 24 28
88 26 28
91 66 28
91 67 28
91 68 28
91 79 28
92 121 28
94 120 28
95 54 28
95 55 28
97 119 28
98 52 28
98 53 28
99 21 28
99 22 28
100 18 28
100 19 28
101 16 28
101 17 28
102 49 28
102 50 28
103 117 28
104 94 28
104 101 28
104 109 28
104 115 28
105 46 28
105 48 28
106 115 28
107 114 28
109 146 28
109 2 28
109 6 28
109 9 28
111 129 28
111 130 28
111 132 28
112 14 28
112 15 28
113 11 28
113 12 28
115 9 28
115 10 28
116 113 28
117 78 28
117 79 28
117 80 28
118 53 28
118 54 28
118 55 28
118 59 28
118 66 28
118 68 28
119 68 28
119 73 28
119 76 28
120 7 28
120 8 28
121 106 28
122 53 28
122 54 28
122 55 28
122 59 28
123 42 28
123 43 28
123 46 28
123 50 28
125 104 28
126 101 28
127 100 28
128 5 28
128 6 28
133 139 28
133 140 28
133 144 28
133 145 28
135 3 28
135 4 28
137 0 28
137 2 28
138 148 28
138 149 28
139 99 28
140 59 28
140 66 28
140 67 28
141 112 28
142 123 28
142 124 28
142 128 28
143 110 28
144 83 28
144 101 28
144 109 28
144 138 28
145 55 28
145 56 28
145 58 28
147 101 28
147 109 28
147 140 28
147 2 28
147 6 28
147 9 28
148 146 28
148 147 28
150 109 28
0 39 29
0 42 29
0 43 29
0 46 29
1 93 29
1 94 29
2 94 29
2 101 29
2 109 29
2 115 29
3 149 29
4 91 29
4 92 29
5 148 29
7 123 29
7 124 29
7 128 29
8 89 29
8 90 29
9 87 29
9 88 29
11 85 29
11 86 29
12 120 29
12 121 29
12 122 29
14 115 29
14 117 29
14 119 29
15 83 29
15 84 29
16 81 29
16 82 29
17 101 29
17 109 29
17 114 29
18 94 29
18 99 29
18 100 29
19 147 29
20 140 29
20 144 29
20 145 29
21 79 29
21 80 29
22 35 29
22 36 29
22 37 29
22 38 29
24 76 29
24 78 29
25 146 29
26 73 29
26 75 29
27 68 29
27 72 29
28 90 29
28 91 29
28 92 29
29 66 29
29 67 29
30 83 29
30 88 29
30 89 29
30 90 29
32 60 29
32 61 29
34 58 29
34 59 29
36 56 29
36 57 29
37 145 29
38 36 29
38 37 29
40 30 29
40 31 29
40 33 29
40 34 29
42 34 29
42 35 29
43 32 29
43 33 29
44 53 29
44 54 29
44 55 29
44 59 29
44 66 29
44 68 29
45 144 29
46 87 29
46 88 29
46 89 29
48 30 29
48 31 29
49 140 29
50 10 29
50 12 29
50 24 29
50 36 29
51 50 29
51 52 29
51 53 29
51 54 29
52 83 29
52 84 29
52 86 29
53 146 29
53 2 29
53 6 29
53 9 29
54 139 29
55 138 29
56 66 29
56 67 29
56 68 29
56 79 29
58 28 29
58 29 29
59 68 29
59 79 29
59 80 29
60 18 29
60 24 29
60 28 29
60 29 29
64 137 29
66 136 29
67 24 29
67 26 29
68 73 29
68 76 29
68 78 29
69 54 29
69 55 29
70 135 29
71 52 29
71 53 29
72 21 29
72 22 29
73 134 29
74 49 29
74 50 29
75 8 29
75 9 29
75 10 29
75 12 29
76 133 29
78 132 29
80 130 29
81 129 29
82 128 29
84 18 29
84 19 29
85 16 29
85 17 29
86 53 29
86 54 29
86 55 29
86 59 29
87 101 29
87 109 29
87 140 29
87 10 29
87 36 29
87 50 29
89 127 29
90 139 29
90 140 29
90 144 29
90 145 29
92 59 29
92 66 29
92 67 29
94 126 29
96 46 29
96 48 29
97 43 29
97 45 29
98 125 29
99 14 29
99 15 29
100 55 29
100 56 29
100 58 29
101 124 29
103 123 29
104 11 29
104 12 29
105 122 29
106 148 29
106 2 29
106 6 29
106 7 29
107 121 29
108 133 29
108 138 29
108 139 29
111 40 29
111 42 29
112 120 29
113 144 29
113 145 29
113 146 29
113 147 29
114 42 29
114 43 29
114 46 29
114 50 29
115 9 29
115 10 29
116 119 29
117 114 29
120 7 29
120 8 29
123 113 29
124 112 29
126 133 29
126 138 29
126 139 29
126 140 29
127 110 29
128 109 29
131 129 29
131 130 29
131 132 29
132 5 29
132 6 29
133 83 29
133 101 29
133 109 29
133 138 29
134 106 29
135 3 29
135 4 29
136 104 29
137 0 29
137 2 29
138 101 29
138 109 29
138 140 29
138 2 29
138 6 29
138 9 29
139 148 29
139 149 29
141 117 29
142 38 29
142 39 29
143 115 29
144 101 29
145 146 29
145 147 29
147 100 29
148 99 29
1 149 30
4 148 30
6 147 30
7 57 30
7 58 30
8 146 30
9 145 30
10 144 30
11 55 30
11 56 30
14 143 30
15 142 30
16 53 30
16 54 30
17 141 30
19 51 30
19 53 30
19 57 30
21 140 30
22 139 30
25 138 30
26 135 30
27 134 30
28 129 30
29 128 30
30 127 30
33 126 30
38 125 30
39 124 30
40 26 30
40 29 30
41 23 30
41 25 30
43 123 30
44 89 30
44 93 30
44 94 30
44 102 30
44 106 30
44 109 30
45 122 30
48 110 30
48 113 30
48 119 30
50 120 30
51 119 30
53 114 30
55 21 30
55 22 30
56 113 30
59 112 30
61 105 30
61 106 30
61 109 30
62 111 30
63 110 30
64 109 30
65 108 30
66 106 30
67 105 30
69 101 30
69 102 30
69 104 30
71 104 30
72 103 30
73 19 30
73 20 30
76 102 30
77 16 30
77 18 30
78 89 30
78 93 30
78 94 30
81 80 30
82 101 30
83 95 30
84 94 30
86 77 30
87 49 30
87 51 30
88 46 30
88 47 30
90 93 30
91 43 30
91 46 30
91 49 30
92 14 30
92 15 30
95 76 30
97 80 30
97 81 30
97 86 30
98 43 30
98 44 30
99 73 30
99 75 30
99 76 30
102 75 30
106 89 30
106 93 30
106 94 30
106 43 30
106 46 30
106 49 30
107 41 30
107 42 30
109 110 30
109 119 30
109 120 30
110 12 30
110 13 30
112 73 30
114 10 30
114 11 30
115 92 30
116 91 30
118 89 30
120 123 30
120 124 30
121 38 30
121 40 30
126 89 30
126 93 30
126 94 30
126 73 30
126 80 30
126 81 30
127 129 30
127 134 30
128 89 30
128 93 30
128 94 30
131 86 30
132 81 30
133 33 30
133 37 30
136 31 30
136 32 30
138 63 30
139 62 30
141 18 30
141 25 30
141 42 30
144 60 30
146 120 30
146 128 30
147 10 30
147 13 30
147 15 30
148 59 30
0 149 31
2 110 31
2 113 31
2 119 31
3 148 31
7 147 31
10 57 31
10 58 31
11 146 31
12 55 31
12 56 31
16 73 31
16 75 31
16 76 31
18 53 31
18 54 31
19 145 31
20 144 31
22 49 31
22 51 31
23 143 31
24 142 31
25 141 31
26 140 31
30 46 31
30 47 31
31 139 31
33 138 31
34 105 31
34 106 31
34 109 31
36 43 31
36 44 31
37 23 31
37 25 31
38 51 31
38 53 31
38 57 31
39 41 31
39 42 31
40 135 31
41 134 31
45 101 31
45 102 31
45 104 31
48 129 31
51 128 31
53 127 31
54 126 31
55 21 31
55 22 31
57 125 31
58 124 31
60 123 31
61 122 31
62 120 31
63 19 31
63 20 31
64 119 31
66 89 31
66 93 31
66 94 31
68 114 31
69 113 31
71 112 31
74 38 31
74 40 31
78 93 31
78 89 31
78 94 31
78 106 31
78 109 31
78 110 31
79 33 31
79 37 31
80 111 31
81 110 31
82 109 31
83 108 31
84 106 31
86 93 31
86 119 31
86 120 31
88 105 31
91 104 31
92 103 31
93 89 31
93 94 31
93 43 31
93 46 31
93 49 31
93 73 31
95 93 31
97 102 31
98 101 31
99 31 31
99 32 31
102 92 31
103 16 31
103 18 31
104 91 31
105 89 31
106 14 31
106 15 31
108 43 31
108 46 31
108 49 31
109 86 31
112 18 31
112 25 31
112 42 31
113 93 31
113 89 31
113 94 31
114 81 31
118 95 31
120 80 31
123 77 31
124 128 31
124 129 31
126 76 31
127 93 31
127 89 31
127 94 31
127 80 31
127 81 31
127 102 31
128 120 31
128 123 31
134 75 31
136 94 31
137 26 31
137 29 31
138 12 31
138 13 31
139 10 31
139 11 31
140 73 31
142 63 31
143 62 31
144 60 31
145 124 31
145 134 31
147 10 31
147 13 31
147 15 31
149 59 31
150 80 31
150 81 31
150 86 31
0 149 32
1 93 32
1 94 32
2 101 32
2 109 32
2 140 32
2 6 32
2 9 32
2 10 32
4 35 32
4 36 32
4 37 32
4 38 32
5 120 32
5 121 32
5 122 32
6 133 32
6 138 32
6 139 32
6 140 32
7 148 32
8 91 32
8 92 32
9 147 32
11 89 32
11 90 32
12 87 32
12 88 32
13 50 32
13 52 32
13 53 32
13 54 32
14 115 32
14 117 32
14 119 32
15 85 32
15 86 32
16 146 32
17 145 32
18 101 32
18 109 32
18 114 32
19 83 32
19 84 32
20 39 32
20 42 32
20 43 32
20 46 32
21 81 32
21 82 32
22 144 32
24 79 32
24 80 32
25 76 32
25 78 32
27 140 32
28 73 32
28 75 32
29 94 32
29 101 32
29 109 32
29 115 32
30 139 32
33 138 32
34 94 32
34 99 32
34 100 32
35 137 32
36 83 32
36 88 32
36 89 32
36 90 32
38 68 32
38 72 32
39 136 32
40 90 32
40 91 32
40 92 32
41 135 32
42 87 32
42 88 32
42 89 32
43 66 32
43 67 32
44 140 32
44 144 32
44 145 32
45 60 32
45 61 32
46 134 32
47 58 32
47 59 32
48 83 32
48 84 32
48 86 32
49 30 32
49 31 32
49 33 32
49 34 32
50 66 32
50 67 32
50 68 32
50 79 32
51 53 32
51 54 32
51 55 32
51 59 32
51 66 32
51 68 32
52 133 32
55 132 32
57 46 32
57 48 32
58 43 32
58 45 32
59 66 32
59 67 32
59 68 32
60 40 32
60 42 32
63 101 32
63 109 32
63 140 32
63 2 32
63 36 32
63 50 32
64 130 32
66 38 32
66 39 32
67 42 32
67 43 32
67 46 32
67 50 32
68 129 32
69 56 32
69 57 32
70 128 32
72 78 32
72 79 32
72 80 32
73 36 32
73 37 32
76 127 32
77 133 32
77 138 32
77 139 32
78 34 32
78 35 32
79 126 32
82 32 32
82 33 32
83 30 32
83 31 32
84 28 32
84 29 32
85 18 32
85 24 32
85 28 32
85 29 32
86 53 32
86 54 32
86 55 32
86 59 32
88 24 32
88 26 32
89 21 32
89 22 32
91 18 32
91 19 32
92 16 32
92 17 32
93 59 32
93 73 32
93 76 32
94 10 32
94 12 32
94 24 32
94 36 32
95 129 32
95 130 32
95 132 32
96 54 32
96 55 32
97 125 32
99 124 32
100 123 32
101 122 32
103 52 32
103 53 32
104 14 32
104 15 32
109 11 32
109 12 32
110 8 32
110 9 32
110 10 32
110 12 32
112 9 32
112 10 32
114 121 32
115 139 32
115 2 32
115 6 32
115 9 32
116 120 32
117 7 32
117 8 32
120 117 32
121 55 32
121 56 32
121 58 32
122 115 32
123 114 32
125 113 32
128 112 32
129 5 32
129 6 32
130 110 32
131 49 32
131 50 32
132 3 32
132 4 32
133 109 32
134 148 32
134 2 32
134 6 32
134 7 32
135 106 32
136 104 32
137 144 32
137 145 32
137 146 32
137 147 32
139 140 32
139 144 32
139 145 32
139 146 32
140 83 32
140 101 32
140 109 32
140 138 32
141 119 32
143 123 32
143 124 32
143 128 32
144 148 32
144 2 32
145 101 32
146 100 32
147 99 32
148 149 32
148 0 32
149 146 32
149 147 32
0 149 33
4 148 33
5 147 33
8 57 33
8 58 33
9 55 33
9 56 33
11 53 33
11 54 33
13 146 33
14 145 33
18 144 33
19 49 33
19 51 33
20 73 33
20 75 33
20 76 33
22 46 33
22 47 33
23 143 33
24 142 33
26 51 33
26 53 33
26 57 33
27 141 33
28 140 33
31 139 33
32 138 33
33 135 33
34 134 33
35 129 33
37 23 33
37 25 33
38 43 33
38 46 33
38 49 33
43 128 33
44 127 33
46 21 33
46 22 33
47 126 33
49 125 33
50 124 33
51 123 33
54 19 33
54 20 33
56 122 33
57 110 33
57 119 33
57 120 33
59 120 33
60 119 33
61 43 33
61 44 33
64 110 33
64 113 33
64 119 33
66 89 33
66 93 33
66 94 33
66 102 33
66 106 33
66 109 33
68 41 33
68 42 33
72 105 33
72 106 33
72 109 33
73 114 33
76 113 33
79 112 33
80 111 33
81 110 33
83 109 33
84 38 33
84 40 33
85 101 33
85 102 33
85 104 33
87 89 33
87 93 33
87 94 33
89 108 33
91 16 33
91 18 33
94 95 33
95 93 33
96 106 33
99 105 33
101 89 33
101 93 33
101 94 33
101 43 33
101 46 33
101 49 33
102 92 33
104 14 33
104 15 33
105 91 33
106 89 33
107 104 33
108 18 33
108 25 33
108 42 33
109 89 33
109 93 33
109 94 33
110 12 33
110 13 33
113 86 33
116 80 33
116 81 33
116 86 33
117 33 33
117 37 33
118 103 33
119 81 33
122 89 33
122 93 33
122 94 33
122 73 33
122 80 33
122 81 33
123 80 33
125 77 33
126 76 33
128 120 33
128 123 33
129 75 33
131 102 33
132 101 33
133 94 33
134 73 33
137 31 33
137 32 33
140 10 33
140 11 33
142 129 33
142 134 33
143 10 33
143 13 33
143 15 33
144 63 33
145 62 33
146 60 33
147 59 33
148 124 33
148 128 33
150 26 33
150 29 33
