0 127 17
0 128 17
1 125 17
1 126 17
2 123 17
2 124 17
3 121 17
3 122 17
4 119 17
4 120 17
5 150 17
6 117 17
6 118 17
7 115 17
7 116 17
8 24 17
8 25 17
8 26 17
8 27 17
9 113 17
9 114 17
10 111 17
10 112 17
11 109 17
11 110 17
12 107 17
12 108 17
13 105 17
13 106 17
14 103 17
14 104 17
15 149 17
16 101 17
16 102 17
17 99 17
17 100 17
18 97 17
18 98 17
19 10 17
19 11 17
19 12 17
19 13 17
20 95 17
20 96 17
21 93 17
21 94 17
22 91 17
22 92 17
23 148 17
24 89 17
24 90 17
25 87 17
25 88 17
26 6 17
26 7 17
26 8 17
26 9 17
27 85 17
27 86 17
28 83 17
28 84 17
29 147 17
30 81 17
30 82 17
31 79 17
31 80 17
32 77 17
32 78 17
33 75 17
33 76 17
34 73 17
34 74 17
35 71 17
35 72 17
36 69 17
36 70 17
37 67 17
37 68 17
38 65 17
38 66 17
39 63 17
39 64 17
40 61 17
40 62 17
41 59 17
41 60 17
42 57 17
42 58 17
43 55 17
43 56 17
44 53 17
44 54 17
45 51 17
45 52 17
46 47 17
46 50 17
47 48 17
47 49 17
48 2 17
48 3 17
48 4 17
48 5 17
49 45 17
49 46 17
50 43 17
50 44 17
51 106 17
51 109 17
51 0 17
51 1 17
52 146 17
53 145 17
54 144 17
55 41 17
55 42 17
56 39 17
56 40 17
57 37 17
57 38 17
58 35 17
58 36 17
59 33 17
59 34 17
60 31 17
60 32 17
61 143 17
62 29 17
62 30 17
63 44 17
63 47 17
63 50 17
63 55 17
64 27 17
64 28 17
65 62 17
65 63 17
65 64 17
65 79 17
66 25 17
66 26 17
67 23 17
67 24 17
68 21 17
68 22 17
69 19 17
69 20 17
70 17 17
70 18 17
71 15 17
71 16 17
72 13 17
72 14 17
73 11 17
73 12 17
74 9 17
74 10 17
75 7 17
75 8 17
76 5 17
76 6 17
77 142 17
78 3 17
78 4 17
79 1 17
79 2 17
80 150 17
80 0 17
81 148 17
81 149 17
82 144 17
82 145 17
83 141 17
84 142 17
84 143 17
85 139 17
85 140 17
86 19 17
86 20 17
86 22 17
86 23 17
87 137 17
87 138 17
88 135 17
88 136 17
89 140 17
90 133 17
90 134 17
91 139 17
92 131 17
92 132 17
93 129 17
93 130 17
94 127 17
94 128 17
95 125 17
95 126 17
96 123 17
96 124 17
97 121 17
97 122 17
98 119 17
98 120 17
99 98 17
99 100 17
100 138 17
101 117 17
101 118 17
102 115 17
102 116 17
103 95 17
103 97 17
104 137 17
105 136 17
106 93 17
106 94 17
107 91 17
107 92 17
108 88 17
108 90 17
109 85 17
109 87 17
110 82 17
110 83 17
111 135 17
112 134 17
113 111 17
113 112 17
114 109 17
114 110 17
115 47 17
115 50 17
115 55 17
115 60 17
116 79 17
116 106 17
116 109 17
116 44 17
117 80 17
117 81 17
118 78 17
118 79 17
119 133 17
120 132 17
121 76 17
121 77 17
122 131 17
123 73 17
123 74 17
124 71 17
124 72 17
125 69 17
125 70 17
126 67 17
126 68 17
127 65 17
127 66 17
128 63 17
128 64 17
129 61 17
129 62 17
130 59 17
130 60 17
131 56 17
131 57 17
132 130 17
133 60 17
133 62 17
133 63 17
133 64 17
134 54 17
134 55 17
135 52 17
135 53 17
136 129 17
137 50 17
137 51 17
138 48 17
138 49 17
139 46 17
139 47 17
140 44 17
140 45 17
141 107 17
141 108 17
142 42 17
142 43 17
143 40 17
143 41 17
144 38 17
144 39 17
145 36 17
145 37 17
146 105 17
146 106 17
147 99 17
147 103 17
148 33 17
148 34 17
149 30 17
149 31 17
150 28 17
150 29 17
0 127 18
0 128 18
1 150 18
2 125 18
2 126 18
3 123 18
3 124 18
4 121 18
4 122 18
5 119 18
5 120 18
6 117 18
6 118 18
7 24 18
7 25 18
7 26 18
7 27 18
8 115 18
8 116 18
9 149 18
10 148 18
11 113 18
11 114 18
12 111 18
12 112 18
13 109 18
13 110 18
14 107 18
14 108 18
15 105 18
15 106 18
16 103 18
16 104 18
17 19 18
17 20 18
17 22 18
17 23 18
18 101 18
18 102 18
19 99 18
19 100 18
20 6 18
20 7 18
20 8 18
20 9 18
21 97 18
21 98 18
22 95 18
22 96 18
23 93 18
23 94 18
24 147 18
25 91 18
25 92 18
26 2 18
26 3 18
26 4 18
26 5 18
27 89 18
27 90 18
28 87 18
28 88 18
29 85 18
29 86 18
30 83 18
30 84 18
31 81 18
31 82 18
32 79 18
32 80 18
33 77 18
33 78 18
34 75 18
34 76 18
35 73 18
35 74 18
36 71 18
36 72 18
37 69 18
37 70 18
38 67 18
38 68 18
39 65 18
39 66 18
40 63 18
40 64 18
41 61 18
41 62 18
42 59 18
42 60 18
43 57 18
43 58 18
44 55 18
44 56 18
45 53 18
45 54 18
46 146 18
47 51 18
47 52 18
48 49 18
48 50 18
49 47 18
49 48 18
50 145 18
51 45 18
51 46 18
52 144 18
53 43 18
53 44 18
54 41 18
54 42 18
55 39 18
55 40 18
56 37 18
56 38 18
57 35 18
57 36 18
58 10 18
58 11 18
58 12 18
58 13 18
59 33 18
59 34 18
60 143 18
61 31 18
61 32 18
62 29 18
62 30 18
63 27 18
63 28 18
64 25 18
64 26 18
65 23 18
65 24 18
66 142 18
67 21 18
67 22 18
68 19 18
68 20 18
69 17 18
69 18 18
70 106 18
70 109 18
70 0 18
70 1 18
71 15 18
71 16 18
72 13 18
72 14 18
73 141 18
74 11 18
74 12 18
75 9 18
75 10 18
76 7 18
76 8 18
77 5 18
77 6 18
78 3 18
78 4 18
79 140 18
80 1 18
80 2 18
81 150 18
81 0 18
82 148 18
82 149 18
83 144 18
83 145 18
84 139 18
85 62 18
85 63 18
85 64 18
85 79 18
86 142 18
86 143 18
87 139 18
87 140 18
88 137 18
88 138 18
89 135 18
89 136 18
90 133 18
90 134 18
91 131 18
91 132 18
92 138 18
93 129 18
93 130 18
94 137 18
95 127 18
95 128 18
96 125 18
96 126 18
97 136 18
98 123 18
98 124 18
99 121 18
99 122 18
100 98 18
100 99 18
101 119 18
101 120 18
102 117 18
102 118 18
103 95 18
103 97 18
104 115 18
104 116 18
105 93 18
105 94 18
106 91 18
106 92 18
107 88 18
107 90 18
108 85 18
108 87 18
109 82 18
109 83 18
110 47 18
110 50 18
110 55 18
110 60 18
111 135 18
112 80 18
112 81 18
113 111 18
113 112 18
114 109 18
114 110 18
115 78 18
115 79 18
116 134 18
117 133 18
118 132 18
119 76 18
119 77 18
120 73 18
120 74 18
121 71 18
121 72 18
122 69 18
122 70 18
123 67 18
123 68 18
124 65 18
124 66 18
125 79 18
125 106 18
125 109 18
125 44 18
126 63 18
126 64 18
127 61 18
127 62 18
128 59 18
128 60 18
129 56 18
129 57 18
130 54 18
130 55 18
131 52 18
131 53 18
132 50 18
132 51 18
133 48 18
133 49 18
134 60 18
134 62 18
134 63 18
134 64 18
135 46 18
135 47 18
136 131 18
137 44 18
137 45 18
138 44 18
138 47 18
138 50 18
138 55 18
139 42 18
139 43 18
140 40 18
140 41 18
141 107 18
141 108 18
142 38 18
142 39 18
143 130 18
144 36 18
144 37 18
145 33 18
145 34 18
146 105 18
146 106 18
147 100 18
147 103 18
148 30 18
148 31 18
149 28 18
149 29 18
150 129 18
0 150 21
1 127 21
1 128 21
2 125 21
2 126 21
3 149 21
4 123 21
4 124 21
5 2 21
5 3 21
5 4 21
5 6 21
6 121 21
6 122 21
7 119 21
7 120 21
8 117 21
8 118 21
9 115 21
9 116 21
10 113 21
10 114 21
11 111 21
11 112 21
12 148 21
13 109 21
13 110 21
14 107 21
14 108 21
15 105 21
15 106 21
16 24 21
16 25 21
16 26 21
16 27 21
17 147 21
18 103 21
18 104 21
19 101 21
19 102 21
20 99 21
20 100 21
21 97 21
21 98 21
22 95 21
22 96 21
23 93 21
23 94 21
24 91 21
24 92 21
25 89 21
25 90 21
26 87 21
26 88 21
27 85 21
27 86 21
28 83 21
28 84 21
29 81 21
29 82 21
30 79 21
30 80 21
31 77 21
31 78 21
32 75 21
32 76 21
33 73 21
33 74 21
34 71 21
34 72 21
35 19 21
35 20 21
35 22 21
35 23 21
36 69 21
36 70 21
37 67 21
37 68 21
38 65 21
38 66 21
39 63 21
39 64 21
40 61 21
40 62 21
41 59 21
41 60 21
42 57 21
42 58 21
43 55 21
43 56 21
44 146 21
45 53 21
45 54 21
46 51 21
46 52 21
47 48 21
47 50 21
48 47 21
48 49 21
49 45 21
49 46 21
50 43 21
50 44 21
51 41 21
51 42 21
52 106 21
52 109 21
52 0 21
52 1 21
53 39 21
53 40 21
54 37 21
54 38 21
55 35 21
55 36 21
56 33 21
56 34 21
57 62 21
57 63 21
57 64 21
57 79 21
58 31 21
58 32 21
59 29 21
59 30 21
60 27 21
60 28 21
61 145 21
62 25 21
62 26 21
63 23 21
63 24 21
64 21 21
64 22 21
65 19 21
65 20 21
66 17 21
66 18 21
67 15 21
67 16 21
68 13 21
68 14 21
69 11 21
69 12 21
70 9 21
70 10 21
71 7 21
71 8 21
72 5 21
72 6 21
73 3 21
73 4 21
74 1 21
74 2 21
75 10 21
75 11 21
75 12 21
75 13 21
76 150 21
76 0 21
77 148 21
77 149 21
78 144 21
78 145 21
79 142 21
79 143 21
80 144 21
81 139 21
81 140 21
82 137 21
82 138 21
83 47 21
83 50 21
83 55 21
83 60 21
84 135 21
84 136 21
85 143 21
86 142 21
87 133 21
87 134 21
88 131 21
88 132 21
89 129 21
89 130 21
90 127 21
90 128 21
91 125 21
91 126 21
92 123 21
92 124 21
93 141 21
94 121 21
94 122 21
95 119 21
95 120 21
96 140 21
97 117 21
97 118 21
98 139 21
99 115 21
99 116 21
100 138 21
101 137 21
102 111 21
102 112 21
103 100 21
103 105 21
104 136 21
105 98 21
105 99 21
106 95 21
106 97 21
107 135 21
108 93 21
108 94 21
109 91 21
109 92 21
110 88 21
110 90 21
111 85 21
111 87 21
112 79 21
112 106 21
112 109 21
112 44 21
113 134 21
114 5 21
114 7 21
114 8 21
114 9 21
115 82 21
115 83 21
116 80 21
116 81 21
117 133 21
118 78 21
118 79 21
119 132 21
120 76 21
120 77 21
121 131 21
122 73 21
122 74 21
123 71 21
123 72 21
124 130 21
125 69 21
125 70 21
126 67 21
126 68 21
127 129 21
128 65 21
128 66 21
129 63 21
129 64 21
130 61 21
130 62 21
131 59 21
131 60 21
132 56 21
132 57 21
133 54 21
133 55 21
134 52 21
134 53 21
135 50 21
135 51 21
136 48 21
136 49 21
137 60 21
137 62 21
137 63 21
137 64 21
138 46 21
138 47 21
139 44 21
139 47 21
139 50 21
139 55 21
140 44 21
140 45 21
141 109 21
141 110 21
142 42 21
142 43 21
143 40 21
143 41 21
144 38 21
144 39 21
145 36 21
145 37 21
146 107 21
146 108 21
147 103 21
147 106 21
148 33 21
148 34 21
149 30 21
149 31 21
150 28 21
150 29 21
0 127 22
0 128 22
1 125 22
1 126 22
2 123 22
2 124 22
3 121 22
3 122 22
4 119 22
4 120 22
5 117 22
5 118 22
6 115 22
6 116 22
7 113 22
7 114 22
8 111 22
8 112 22
9 109 22
9 110 22
10 107 22
10 108 22
11 105 22
11 106 22
12 103 22
12 104 22
13 101 22
13 102 22
14 150 22
15 149 22
16 99 22
16 100 22
17 24 22
17 25 22
17 26 22
17 27 22
18 19 22
18 20 22
18 22 22
18 23 22
19 97 22
19 98 22
20 95 22
20 96 22
21 93 22
21 94 22
22 91 22
22 92 22
23 148 22
24 89 22
24 90 22
25 147 22
26 87 22
26 88 22
27 6 22
27 7 22
27 8 22
27 9 22
28 85 22
28 86 22
29 83 22
29 84 22
30 81 22
30 82 22
31 79 22
31 80 22
32 77 22
32 78 22
33 75 22
33 76 22
34 146 22
35 73 22
35 74 22
36 71 22
36 72 22
37 145 22
38 69 22
38 70 22
39 67 22
39 68 22
40 65 22
40 66 22
41 63 22
41 64 22
42 144 22
43 61 22
43 62 22
44 59 22
44 60 22
45 143 22
46 57 22
46 58 22
47 55 22
47 56 22
48 2 22
48 3 22
48 4 22
48 5 22
49 53 22
49 54 22
50 51 22
50 52 22
51 49 22
51 50 22
52 47 22
52 48 22
53 45 22
53 46 22
54 43 22
54 44 22
55 41 22
55 42 22
56 39 22
56 40 22
57 37 22
57 38 22
58 35 22
58 36 22
59 33 22
59 34 22
60 31 22
60 32 22
61 142 22
62 29 22
62 30 22
63 27 22
63 28 22
64 25 22
64 26 22
65 23 22
65 24 22
66 21 22
66 22 22
67 106 22
67 109 22
67 0 22
67 1 22
68 19 22
68 20 22
69 17 22
69 18 22
70 15 22
70 16 22
71 141 22
72 140 22
73 13 22
73 14 22
74 11 22
74 12 22
75 9 22
75 10 22
76 7 22
76 8 22
77 5 22
77 6 22
78 3 22
78 4 22
79 1 22
79 2 22
80 150 22
80 0 22
81 139 22
82 148 22
82 149 22
83 138 22
84 144 22
84 145 22
85 142 22
85 143 22
86 139 22
86 140 22
87 137 22
87 138 22
88 135 22
88 136 22
89 137 22
90 133 22
90 134 22
91 131 22
91 132 22
92 129 22
92 130 22
93 127 22
93 128 22
94 136 22
95 125 22
95 126 22
96 123 22
96 124 22
97 135 22
98 134 22
99 121 22
99 122 22
100 103 22
100 105 22
101 119 22
101 120 22
102 117 22
102 118 22
103 98 22
103 99 22
104 115 22
104 116 22
105 95 22
105 97 22
106 44 22
106 47 22
106 50 22
106 55 22
107 133 22
108 132 22
109 93 22
109 94 22
110 91 22
110 92 22
111 88 22
111 90 22
112 85 22
112 87 22
113 10 22
113 11 22
113 12 22
113 13 22
114 111 22
114 112 22
115 82 22
115 83 22
116 80 22
116 81 22
117 78 22
117 79 22
118 76 22
118 77 22
119 73 22
119 74 22
120 71 22
120 72 22
121 69 22
121 70 22
122 67 22
122 68 22
123 62 22
123 63 22
123 64 22
123 79 22
124 65 22
124 66 22
125 131 22
126 63 22
126 64 22
127 61 22
127 62 22
128 59 22
128 60 22
129 56 22
129 57 22
130 54 22
130 55 22
131 52 22
131 53 22
132 47 22
132 50 22
132 55 22
132 60 22
133 50 22
133 51 22
134 130 22
135 48 22
135 49 22
136 79 22
136 106 22
136 109 22
136 44 22
137 46 22
137 47 22
138 44 22
138 45 22
139 42 22
139 43 22
140 40 22
140 41 22
141 109 22
141 110 22
142 129 22
143 38 22
143 39 22
144 36 22
144 37 22
145 33 22
145 34 22
146 107 22
146 108 22
147 100 22
147 106 22
148 30 22
148 31 22
149 60 22
149 62 22
149 63 22
149 64 22
150 28 22
150 29 22
0 127 23
0 128 23
1 125 23
1 126 23
2 24 23
2 25 23
2 26 23
2 27 23
3 123 23
3 124 23
4 121 23
4 122 23
5 119 23
5 120 23
6 117 23
6 118 23
7 115 23
7 116 23
8 113 23
8 114 23
9 111 23
9 112 23
10 109 23
10 110 23
11 107 23
11 108 23
12 105 23
12 106 23
13 103 23
13 104 23
14 101 23
14 102 23
15 19 23
15 20 23
15 22 23
15 23 23
16 150 23
17 99 23
17 100 23
18 97 23
18 98 23
19 95 23
19 96 23
20 93 23
20 94 23
21 91 23
21 92 23
22 89 23
22 90 23
23 87 23
23 88 23
24 85 23
24 86 23
25 83 23
25 84 23
26 81 23
26 82 23
27 2 23
27 3 23
27 4 23
27 5 23
28 79 23
28 80 23
29 77 23
29 78 23
30 75 23
30 76 23
31 73 23
31 74 23
32 149 23
33 71 23
33 72 23
34 69 23
34 70 23
35 148 23
36 67 23
36 68 23
37 147 23
38 146 23
39 65 23
39 66 23
40 63 23
40 64 23
41 61 23
41 62 23
42 59 23
42 60 23
43 57 23
43 58 23
44 47 23
44 50 23
44 55 23
44 60 23
45 55 23
45 56 23
46 53 23
46 54 23
47 51 23
47 52 23
48 49 23
48 50 23
49 47 23
49 48 23
50 45 23
50 46 23
51 43 23
51 44 23
52 41 23
52 42 23
53 39 23
53 40 23
54 37 23
54 38 23
55 35 23
55 36 23
56 33 23
56 34 23
57 145 23
58 31 23
58 32 23
59 106 23
59 109 23
59 0 23
59 1 23
60 29 23
60 30 23
61 27 23
61 28 23
62 25 23
62 26 23
63 144 23
64 23 23
64 24 23
65 143 23
66 21 23
66 22 23
67 19 23
67 20 23
68 17 23
68 18 23
69 15 23
69 16 23
70 142 23
71 13 23
71 14 23
72 11 23
72 12 23
73 141 23
74 140 23
75 9 23
75 10 23
76 7 23
76 8 23
77 5 23
77 6 23
78 3 23
78 4 23
79 139 23
80 1 23
80 2 23
81 150 23
81 0 23
82 148 23
82 149 23
83 144 23
83 145 23
84 10 23
84 11 23
84 12 23
84 13 23
85 142 23
85 143 23
86 139 23
86 140 23
87 137 23
87 138 23
88 135 23
88 136 23
89 133 23
89 134 23
90 138 23
91 131 23
91 132 23
92 129 23
92 130 23
93 127 23
93 128 23
94 125 23
94 126 23
95 123 23
95 124 23
96 137 23
97 62 23
97 63 23
97 64 23
97 79 23
98 47 23
98 50 23
98 55 23
98 60 23
99 121 23
99 122 23
100 103 23
100 105 23
101 119 23
101 120 23
102 117 23
102 118 23
103 98 23
103 99 23
104 115 23
104 116 23
105 136 23
106 95 23
106 97 23
107 135 23
108 93 23
108 94 23
109 91 23
109 92 23
110 88 23
110 90 23
111 85 23
111 87 23
112 134 23
113 111 23
113 112 23
114 109 23
114 110 23
115 82 23
115 83 23
116 80 23
116 81 23
117 133 23
118 78 23
118 79 23
119 76 23
119 77 23
120 73 23
120 74 23
121 71 23
121 72 23
122 69 23
122 70 23
123 67 23
123 68 23
124 65 23
124 66 23
125 63 23
125 64 23
126 61 23
126 62 23
127 59 23
127 60 23
128 132 23
129 56 23
129 57 23
130 54 23
130 55 23
131 52 23
131 53 23
132 50 23
132 51 23
133 48 23
133 49 23
134 46 23
134 47 23
135 44 23
135 45 23
136 42 23
136 43 23
137 40 23
137 41 23
138 79 23
138 106 23
138 109 23
138 44 23
139 131 23
140 38 23
140 39 23
141 107 23
141 108 23
142 44 23
142 62 23
142 63 23
142 64 23
143 36 23
143 37 23
144 130 23
145 33 23
145 34 23
146 100 23
146 106 23
147 6 23
147 7 23
147 8 23
147 9 23
148 30 23
148 31 23
149 28 23
149 29 23
150 129 23
0 127 24
0 128 24
1 125 24
1 126 24
2 24 24
2 25 24
2 26 24
2 27 24
3 123 24
3 124 24
4 121 24
4 122 24
5 19 24
5 20 24
5 22 24
5 23 24
6 119 24
6 120 24
7 117 24
7 118 24
8 115 24
8 116 24
9 113 24
9 114 24
10 111 24
10 112 24
11 150 24
12 109 24
12 110 24
13 107 24
13 108 24
14 105 24
14 106 24
15 10 24
15 11 24
15 12 24
15 13 24
16 103 24
16 104 24
17 101 24
17 102 24
18 99 24
18 100 24
19 97 24
19 98 24
20 95 24
20 96 24
21 149 24
22 93 24
22 94 24
23 91 24
23 92 24
24 89 24
24 90 24
25 148 24
26 2 24
26 3 24
26 4 24
26 5 24
27 87 24
27 88 24
28 85 24
28 86 24
29 83 24
29 84 24
30 81 24
30 82 24
31 79 24
31 80 24
32 77 24
32 78 24
33 75 24
33 76 24
34 73 24
34 74 24
35 6 24
35 7 24
35 8 24
35 9 24
36 71 24
36 72 24
37 69 24
37 70 24
38 67 24
38 68 24
39 65 24
39 66 24
40 63 24
40 64 24
41 61 24
41 62 24
42 59 24
42 60 24
43 57 24
43 58 24
44 55 24
44 56 24
45 53 24
45 54 24
46 147 24
47 51 24
47 52 24
48 49 24
48 50 24
49 47 24
49 48 24
50 45 24
50 46 24
51 43 24
51 44 24
52 41 24
52 42 24
53 39 24
53 40 24
54 37 24
54 38 24
55 35 24
55 36 24
56 33 24
56 34 24
57 31 24
57 32 24
58 146 24
59 29 24
59 30 24
60 27 24
60 28 24
61 25 24
61 26 24
62 145 24
63 44 24
63 47 24
63 50 24
63 55 24
64 23 24
64 24 24
65 21 24
65 22 24
66 19 24
66 20 24
67 144 24
68 106 24
68 109 24
68 0 24
68 1 24
69 17 24
69 18 24
70 15 24
70 16 24
71 143 24
72 13 24
72 14 24
73 11 24
73 12 24
74 142 24
75 141 24
76 9 24
76 10 24
77 7 24
77 8 24
78 5 24
78 6 24
79 3 24
79 4 24
80 1 24
80 2 24
81 150 24
81 0 24
82 148 24
82 149 24
83 144 24
83 145 24
84 142 24
84 143 24
85 62 24
85 63 24
85 64 24
85 79 24
86 139 24
86 140 24
87 137 24
87 138 24
88 47 24
88 50 24
88 55 24
88 60 24
89 135 24
89 136 24
90 133 24
90 134 24
91 140 24
92 131 24
92 132 24
93 129 24
93 130 24
94 127 24
94 128 24
95 125 24
95 126 24
96 123 24
96 124 24
97 121 24
97 122 24
98 119 24
98 120 24
99 139 24
100 98 24
100 99 24
101 138 24
102 117 24
102 118 24
103 137 24
104 115 24
104 116 24
105 95 24
105 97 24
106 93 24
106 94 24
107 91 24
107 92 24
108 88 24
108 90 24
109 85 24
109 87 24
110 136 24
111 82 24
111 83 24
112 80 24
112 81 24
113 111 24
113 112 24
114 109 24
114 110 24
115 78 24
115 79 24
116 79 24
116 106 24
116 109 24
116 44 24
117 135 24
118 76 24
118 77 24
119 73 24
119 74 24
120 134 24
121 133 24
122 71 24
122 72 24
123 132 24
124 69 24
124 70 24
125 67 24
125 68 24
126 131 24
127 65 24
127 66 24
128 60 24
128 62 24
128 63 24
128 64 24
129 63 24
129 64 24
130 61 24
130 62 24
131 130 24
132 129 24
133 59 24
133 60 24
134 56 24
134 57 24
135 54 24
135 55 24
136 52 24
136 53 24
137 50 24
137 51 24
138 48 24
138 49 24
139 46 24
139 47 24
140 44 24
140 45 24
141 107 24
141 108 24
142 42 24
142 43 24
143 40 24
143 41 24
144 38 24
144 39 24
145 36 24
145 37 24
146 105 24
146 106 24
147 100 24
147 103 24
148 33 24
148 34 24
149 30 24
149 31 24
150 28 24
150 29 24
0 127 25
0 128 25
1 125 25
1 126 25
2 123 25
2 124 25
3 121 25
3 122 25
4 119 25
4 120 25
5 24 25
5 25 25
5 26 25
5 27 25
6 117 25
6 118 25
7 115 25
7 116 25
8 113 25
8 114 25
9 111 25
9 112 25
10 109 25
10 110 25
11 107 25
11 108 25
12 105 25
12 106 25
13 103 25
13 104 25
14 101 25
14 102 25
15 99 25
15 100 25
16 97 25
16 98 25
17 95 25
17 96 25
18 150 25
19 93 25
19 94 25
20 91 25
20 92 25
21 89 25
21 90 25
22 149 25
23 10 25
23 11 25
23 12 25
23 13 25
24 87 25
24 88 25
25 85 25
25 86 25
26 83 25
26 84 25
27 81 25
27 82 25
28 79 25
28 80 25
29 77 25
29 78 25
30 75 25
30 76 25
31 73 25
31 74 25
32 71 25
32 72 25
33 69 25
33 70 25
34 67 25
34 68 25
35 65 25
35 66 25
36 148 25
37 147 25
38 146 25
39 63 25
39 64 25
40 61 25
40 62 25
41 59 25
41 60 25
42 57 25
42 58 25
43 55 25
43 56 25
44 53 25
44 54 25
45 145 25
46 51 25
46 52 25
47 48 25
47 50 25
48 47 25
48 49 25
49 45 25
49 46 25
50 43 25
50 44 25
51 6 25
51 7 25
51 8 25
51 9 25
52 41 25
52 42 25
53 39 25
53 40 25
54 37 25
54 38 25
55 144 25
56 35 25
56 36 25
57 33 25
57 34 25
58 31 25
58 32 25
59 29 25
59 30 25
60 27 25
60 28 25
61 25 25
61 26 25
62 23 25
62 24 25
63 21 25
63 22 25
64 19 25
64 20 25
65 17 25
65 18 25
66 15 25
66 16 25
67 13 25
67 14 25
68 11 25
68 12 25
69 9 25
69 10 25
70 143 25
71 7 25
71 8 25
72 142 25
73 5 25
73 6 25
74 3 25
74 4 25
75 1 25
75 2 25
76 2 25
76 3 25
76 4 25
76 5 25
77 150 25
77 0 25
78 148 25
78 149 25
79 144 25
79 145 25
80 142 25
80 143 25
81 139 25
81 140 25
82 137 25
82 138 25
83 135 25
83 136 25
84 141 25
85 106 25
85 109 25
85 0 25
85 1 25
86 133 25
86 134 25
87 131 25
87 132 25
88 129 25
88 130 25
89 127 25
89 128 25
90 125 25
90 126 25
91 123 25
91 124 25
92 121 25
92 122 25
93 62 25
93 63 25
93 64 25
93 79 25
94 140 25
95 119 25
95 120 25
96 117 25
96 118 25
97 139 25
98 47 25
98 50 25
98 55 25
98 60 25
99 98 25
99 100 25
100 138 25
101 115 25
101 116 25
102 111 25
102 112 25
103 95 25
103 97 25
104 109 25
104 110 25
105 93 25
105 94 25
106 91 25
106 92 25
107 88 25
107 90 25
108 85 25
108 87 25
109 82 25
109 83 25
110 137 25
111 136 25
112 80 25
112 81 25
113 107 25
113 108 25
114 19 25
114 20 25
114 22 25
114 23 25
115 135 25
116 78 25
116 79 25
117 76 25
117 77 25
118 73 25
118 74 25
119 71 25
119 72 25
120 69 25
120 70 25
121 67 25
121 68 25
122 65 25
122 66 25
123 134 25
124 63 25
124 64 25
125 79 25
125 106 25
125 109 25
125 44 25
126 61 25
126 62 25
127 60 25
127 62 25
127 63 25
127 64 25
128 59 25
128 60 25
129 56 25
129 57 25
130 54 25
130 55 25
131 52 25
131 53 25
132 50 25
132 51 25
133 48 25
133 49 25
134 46 25
134 47 25
135 133 25
136 132 25
137 44 25
137 45 25
138 131 25
139 42 25
139 43 25
140 40 25
140 41 25
141 130 25
142 38 25
142 39 25
143 36 25
143 37 25
144 33 25
144 34 25
145 30 25
145 31 25
146 105 25
146 106 25
147 99 25
147 103 25
148 44 25
148 47 25
148 50 25
148 55 25
149 28 25
149 29 25
150 129 25
0 127 26
0 128 26
1 125 26
1 126 26
2 123 26
2 124 26
3 121 26
3 122 26
4 150 26
5 119 26
5 120 26
6 117 26
6 118 26
7 115 26
7 116 26
8 113 26
8 114 26
9 111 26
9 112 26
10 109 26
10 110 26
11 107 26
11 108 26
12 24 26
12 25 26
12 26 26
12 27 26
13 105 26
13 106 26
14 103 26
14 104 26
15 101 26
15 102 26
16 149 26
17 99 26
17 100 26
18 97 26
18 98 26
19 95 26
19 96 26
20 93 26
20 94 26
21 91 26
21 92 26
22 89 26
22 90 26
23 87 26
23 88 26
24 85 26
24 86 26
25 10 26
25 11 26
25 12 26
25 13 26
26 6 26
26 7 26
26 8 26
26 9 26
27 83 26
27 84 26
28 81 26
28 82 26
29 79 26
29 80 26
30 77 26
30 78 26
31 75 26
31 76 26
32 73 26
32 74 26
33 71 26
33 72 26
34 69 26
34 70 26
35 67 26
35 68 26
36 65 26
36 66 26
37 63 26
37 64 26
38 61 26
38 62 26
39 59 26
39 60 26
40 57 26
40 58 26
41 55 26
41 56 26
42 53 26
42 54 26
43 51 26
43 52 26
44 49 26
44 50 26
45 46 26
45 48 26
46 45 26
46 47 26
47 55 26
47 62 26
47 63 26
47 64 26
48 43 26
48 44 26
49 41 26
49 42 26
50 39 26
50 40 26
51 37 26
51 38 26
52 148 26
53 35 26
53 36 26
54 33 26
54 34 26
55 44 26
55 47 26
55 50 26
55 60 26
56 31 26
56 32 26
57 29 26
57 30 26
58 27 26
58 28 26
59 25 26
59 26 26
60 23 26
60 24 26
61 21 26
61 22 26
62 19 26
62 20 26
63 147 26
64 17 26
64 18 26
65 15 26
65 16 26
66 13 26
66 14 26
67 11 26
67 12 26
68 9 26
68 10 26
69 7 26
69 8 26
70 146 26
71 5 26
71 6 26
72 2 26
72 3 26
72 4 26
72 5 26
73 3 26
73 4 26
74 1 26
74 2 26
75 150 26
75 0 26
76 148 26
76 149 26
77 144 26
77 145 26
78 142 26
78 143 26
79 139 26
79 140 26
80 137 26
80 138 26
81 135 26
81 136 26
82 133 26
82 134 26
83 131 26
83 132 26
84 145 26
85 144 26
86 143 26
87 129 26
87 130 26
88 127 26
88 128 26
89 142 26
90 125 26
90 126 26
91 123 26
91 124 26
92 121 26
92 122 26
93 119 26
93 120 26
94 117 26
94 118 26
95 115 26
95 116 26
96 111 26
96 112 26
97 95 26
97 98 26
98 93 26
98 94 26
99 141 26
100 91 26
100 92 26
101 19 26
101 20 26
101 22 26
101 23 26
102 140 26
103 88 26
103 90 26
104 109 26
104 110 26
105 85 26
105 87 26
106 139 26
107 82 26
107 83 26
108 106 26
108 109 26
108 0 26
108 1 26
109 138 26
110 80 26
110 81 26
111 78 26
111 79 26
112 62 26
112 63 26
112 64 26
112 79 26
113 137 26
114 107 26
114 108 26
115 136 26
116 76 26
116 77 26
117 73 26
117 74 26
118 47 26
118 50 26
118 55 26
118 60 26
119 71 26
119 72 26
120 69 26
120 70 26
121 67 26
121 68 26
122 65 26
122 66 26
123 135 26
124 63 26
124 64 26
125 61 26
125 62 26
126 59 26
126 60 26
127 134 26
128 56 26
128 57 26
129 54 26
129 55 26
130 52 26
130 53 26
131 133 26
132 50 26
132 51 26
133 79 26
133 106 26
133 109 26
133 44 26
134 48 26
134 49 26
135 46 26
135 47 26
136 44 26
136 45 26
137 42 26
137 43 26
138 40 26
138 41 26
139 132 26
140 131 26
141 105 26
141 106 26
142 38 26
142 39 26
143 36 26
143 37 26
144 130 26
145 129 26
146 100 26
146 103 26
147 97 26
147 99 26
148 33 26
148 34 26
149 30 26
149 31 26
150 28 26
150 29 26
0 127 27
0 128 27
1 125 27
1 126 27
2 123 27
2 124 27
3 24 27
3 25 27
3 26 27
3 27 27
4 121 27
4 122 27
5 119 27
5 120 27
6 117 27
6 118 27
7 115 27
7 116 27
8 150 27
9 113 27
9 114 27
10 111 27
10 112 27
11 109 27
11 110 27
12 107 27
12 108 27
13 105 27
13 106 27
14 103 27
14 104 27
15 101 27
15 102 27
16 99 27
16 100 27
17 97 27
17 98 27
18 149 27
19 95 27
19 96 27
20 148 27
21 93 27
21 94 27
22 147 27
23 91 27
23 92 27
24 89 27
24 90 27
25 87 27
25 88 27
26 85 27
26 86 27
27 146 27
28 83 27
28 84 27
29 81 27
29 82 27
30 79 27
30 80 27
31 77 27
31 78 27
32 75 27
32 76 27
33 145 27
34 73 27
34 74 27
35 71 27
35 72 27
36 6 27
36 7 27
36 8 27
36 9 27
37 2 27
37 3 27
37 4 27
37 5 27
38 69 27
38 70 27
39 144 27
40 67 27
40 68 27
41 65 27
41 66 27
42 63 27
42 64 27
43 143 27
44 61 27
44 62 27
45 59 27
45 60 27
46 142 27
47 141 27
48 57 27
48 58 27
49 140 27
50 55 27
50 56 27
51 106 27
51 109 27
51 0 27
51 1 27
52 53 27
52 54 27
53 51 27
53 52 27
54 49 27
54 50 27
55 47 27
55 48 27
56 139 27
57 45 27
57 46 27
58 43 27
58 44 27
59 41 27
59 42 27
60 62 27
60 63 27
60 64 27
60 79 27
61 39 27
61 40 27
62 37 27
62 38 27
63 35 27
63 36 27
64 33 27
64 34 27
65 31 27
65 32 27
66 138 27
67 29 27
67 30 27
68 27 27
68 28 27
69 25 27
69 26 27
70 23 27
70 24 27
71 21 27
71 22 27
72 19 27
72 20 27
73 17 27
73 18 27
74 15 27
74 16 27
75 13 27
75 14 27
76 11 27
76 12 27
77 9 27
77 10 27
78 7 27
78 8 27
79 5 27
79 6 27
80 137 27
81 136 27
82 3 27
82 4 27
83 1 27
83 2 27
84 150 27
84 0 27
85 148 27
85 149 27
86 144 27
86 145 27
87 135 27
88 134 27
89 142 27
89 143 27
90 133 27
91 139 27
91 140 27
92 137 27
92 138 27
93 135 27
93 136 27
94 133 27
94 134 27
95 131 27
95 132 27
96 129 27
96 130 27
97 127 27
97 128 27
98 125 27
98 126 27
99 123 27
99 124 27
100 121 27
100 122 27
101 119 27
101 120 27
102 19 27
102 20 27
102 22 27
102 23 27
103 117 27
103 118 27
104 115 27
104 116 27
105 100 27
105 103 27
106 98 27
106 99 27
107 95 27
107 97 27
108 62 27
108 63 27
108 64 27
108 79 27
109 44 27
109 47 27
109 50 27
109 55 27
110 93 27
110 94 27
111 91 27
111 92 27
112 88 27
112 90 27
113 111 27
113 112 27
114 109 27
114 110 27
115 85 27
115 87 27
116 132 27
117 82 27
117 83 27
118 131 27
119 130 27
120 80 27
120 81 27
121 78 27
121 79 27
122 76 27
122 77 27
123 73 27
123 74 27
124 71 27
124 72 27
125 69 27
125 70 27
126 47 27
126 50 27
126 55 27
126 60 27
127 67 27
127 68 27
128 60 27
128 106 27
128 109 27
128 44 27
129 65 27
129 66 27
130 63 27
130 64 27
131 61 27
131 62 27
132 59 27
132 60 27
133 56 27
133 57 27
134 54 27
134 55 27
135 52 27
135 53 27
136 50 27
136 51 27
137 48 27
137 49 27
138 46 27
138 47 27
139 44 27
139 45 27
140 129 27
141 107 27
141 108 27
142 42 27
142 43 27
143 40 27
143 41 27
144 38 27
144 39 27
145 36 27
145 37 27
146 105 27
146 106 27
147 10 27
147 11 27
147 12 27
147 13 27
148 33 27
148 34 27
149 30 27
149 31 27
150 28 27
150 29 27
0 150 28
1 149 28
2 127 28
2 128 28
3 125 28
3 126 28
4 148 28
5 24 28
5 25 28
5 26 28
5 27 28
6 123 28
6 124 28
7 147 28
8 146 28
9 19 28
9 20 28
9 22 28
9 23 28
10 121 28
10 122 28
11 145 28
12 119 28
12 120 28
13 117 28
13 118 28
14 115 28
14 116 28
15 113 28
15 114 28
16 111 28
16 112 28
17 109 28
17 110 28
18 107 28
18 108 28
19 105 28
19 106 28
20 103 28
20 104 28
21 101 28
21 102 28
22 144 28
23 99 28
23 100 28
24 97 28
24 98 28
25 95 28
25 96 28
26 93 28
26 94 28
27 91 28
27 92 28
28 89 28
28 90 28
29 6 28
29 7 28
29 8 28
29 9 28
30 2 28
30 3 28
30 4 28
30 5 28
31 87 28
31 88 28
32 143 28
33 85 28
33 86 28
34 83 28
34 84 28
35 81 28
35 82 28
36 79 28
36 80 28
37 77 28
37 78 28
38 75 28
38 76 28
39 73 28
39 74 28
40 71 28
40 72 28
41 142 28
42 69 28
42 70 28
43 67 28
43 68 28
44 65 28
44 66 28
45 106 28
45 109 28
45 0 28
45 1 28
46 63 28
46 64 28
47 61 28
47 62 28
48 59 28
48 60 28
49 57 28
49 58 28
50 141 28
51 55 28
51 56 28
52 53 28
52 54 28
53 51 28
53 52 28
54 49 28
54 50 28
55 47 28
55 48 28
56 45 28
56 46 28
57 43 28
57 44 28
58 41 28
58 42 28
59 140 28
60 39 28
60 40 28
61 139 28
62 37 28
62 38 28
63 35 28
63 36 28
64 33 28
64 34 28
65 62 28
65 63 28
65 64 28
65 79 28
66 31 28
66 32 28
67 29 28
67 30 28
68 27 28
68 28 28
69 25 28
69 26 28
70 23 28
70 24 28
71 21 28
71 22 28
72 19 28
72 20 28
73 17 28
73 18 28
74 15 28
74 16 28
75 13 28
75 14 28
76 138 28
77 11 28
77 12 28
78 9 28
78 10 28
79 7 28
79 8 28
80 5 28
80 6 28
81 3 28
81 4 28
82 1 28
82 2 28
83 137 28
84 150 28
84 0 28
85 148 28
85 149 28
86 144 28
86 145 28
87 136 28
88 142 28
88 143 28
89 10 28
89 11 28
89 12 28
89 13 28
90 139 28
90 140 28
91 137 28
91 138 28
92 135 28
92 136 28
93 133 28
93 134 28
94 131 28
94 132 28
95 129 28
95 130 28
96 127 28
96 128 28
97 125 28
97 126 28
98 47 28
98 50 28
98 55 28
98 60 28
99 135 28
100 123 28
100 124 28
101 121 28
101 122 28
102 119 28
102 120 28
103 134 28
104 117 28
104 118 28
105 133 28
106 100 28
106 103 28
107 98 28
107 99 28
108 79 28
108 106 28
108 109 28
108 44 28
109 95 28
109 97 28
110 93 28
110 94 28
111 91 28
111 92 28
112 132 28
113 115 28
113 116 28
114 111 28
114 112 28
115 88 28
115 90 28
116 85 28
116 87 28
117 82 28
117 83 28
118 131 28
119 80 28
119 81 28
120 78 28
120 79 28
121 76 28
121 77 28
122 73 28
122 74 28
123 71 28
123 72 28
124 69 28
124 70 28
125 67 28
125 68 28
126 65 28
126 66 28
127 63 28
127 64 28
128 61 28
128 62 28
129 59 28
129 60 28
130 56 28
130 57 28
131 54 28
131 55 28
132 130 28
133 52 28
133 53 28
134 50 28
134 51 28
135 48 28
135 49 28
136 46 28
136 47 28
137 44 28
137 45 28
138 60 28
138 62 28
138 63 28
138 64 28
139 129 28
140 42 28
140 43 28
141 109 28
141 110 28
142 40 28
142 41 28
143 38 28
143 39 28
144 36 28
144 37 28
145 33 28
145 34 28
146 107 28
146 108 28
147 105 28
147 106 28
148 30 28
148 31 28
149 44 28
149 47 28
149 50 28
149 55 28
150 28 28
150 29 28
0 127 29
0 128 29
1 125 29
1 126 29
2 123 29
2 124 29
3 150 29
4 121 29
4 122 29
5 119 29
5 120 29
6 117 29
6 118 29
7 149 29
8 115 29
8 116 29
9 148 29
10 113 29
10 114 29
11 147 29
12 111 29
12 112 29
13 109 29
13 110 29
14 107 29
14 108 29
15 105 29
15 106 29
16 103 29
16 104 29
17 24 29
17 25 29
17 26 29
17 27 29
18 146 29
19 101 29
19 102 29
20 99 29
20 100 29
21 97 29
21 98 29
22 145 29
23 95 29
23 96 29
24 19 29
24 20 29
24 22 29
24 23 29
25 93 29
25 94 29
26 91 29
26 92 29
27 89 29
27 90 29
28 144 29
29 87 29
29 88 29
30 85 29
30 86 29
31 83 29
31 84 29
32 81 29
32 82 29
33 143 29
34 79 29
34 80 29
35 77 29
35 78 29
36 75 29
36 76 29
37 73 29
37 74 29
38 71 29
38 72 29
39 69 29
39 70 29
40 67 29
40 68 29
41 65 29
41 66 29
42 63 29
42 64 29
43 142 29
44 61 29
44 62 29
45 59 29
45 60 29
46 10 29
46 11 29
46 12 29
46 13 29
47 57 29
47 58 29
48 55 29
48 56 29
49 141 29
50 51 29
50 54 29
51 52 29
51 53 29
52 49 29
52 50 29
53 140 29
54 47 29
54 48 29
55 45 29
55 46 29
56 43 29
56 44 29
57 41 29
57 42 29
58 39 29
58 40 29
59 37 29
59 38 29
60 35 29
60 36 29
61 139 29
62 33 29
62 34 29
63 31 29
63 32 29
64 29 29
64 30 29
65 27 29
65 28 29
66 25 29
66 26 29
67 23 29
67 24 29
68 138 29
69 21 29
69 22 29
70 19 29
70 20 29
71 17 29
71 18 29
72 15 29
72 16 29
73 13 29
73 14 29
74 11 29
74 12 29
75 137 29
76 136 29
77 6 29
77 7 29
77 8 29
77 9 29
78 9 29
78 10 29
79 7 29
79 8 29
80 5 29
80 6 29
81 3 29
81 4 29
82 1 29
82 2 29
83 2 29
83 3 29
83 4 29
83 5 29
84 150 29
84 0 29
85 148 29
85 149 29
86 144 29
86 145 29
87 142 29
87 143 29
88 139 29
88 140 29
89 137 29
89 138 29
90 135 29
90 136 29
91 133 29
91 134 29
92 131 29
92 132 29
93 106 29
93 109 29
93 0 29
93 1 29
94 129 29
94 130 29
95 62 29
95 63 29
95 64 29
95 79 29
96 135 29
97 127 29
97 128 29
98 125 29
98 126 29
99 123 29
99 124 29
100 47 29
100 50 29
100 55 29
100 60 29
101 121 29
101 122 29
102 134 29
103 133 29
104 119 29
104 120 29
105 106 29
105 107 29
106 132 29
107 100 29
107 103 29
108 79 29
108 106 29
108 109 29
108 44 29
109 98 29
109 99 29
110 60 29
110 62 29
110 63 29
110 64 29
111 95 29
111 97 29
112 131 29
113 117 29
113 118 29
114 115 29
114 116 29
115 93 29
115 94 29
116 91 29
116 92 29
117 88 29
117 90 29
118 85 29
118 87 29
119 82 29
119 83 29
120 80 29
120 81 29
121 78 29
121 79 29
122 76 29
122 77 29
123 73 29
123 74 29
124 130 29
125 71 29
125 72 29
126 69 29
126 70 29
127 67 29
127 68 29
128 65 29
128 66 29
129 63 29
129 64 29
130 61 29
130 62 29
131 59 29
131 60 29
132 56 29
132 57 29
133 54 29
133 55 29
134 129 29
135 52 29
135 53 29
136 50 29
136 51 29
137 48 29
137 49 29
138 46 29
138 47 29
139 44 29
139 47 29
139 50 29
139 55 29
140 44 29
140 45 29
141 111 29
141 112 29
142 42 29
142 43 29
143 40 29
143 41 29
144 38 29
144 39 29
145 36 29
145 37 29
146 109 29
146 110 29
147 105 29
147 108 29
148 33 29
148 34 29
149 30 29
149 31 29
150 28 29
150 29 29
0 127 30
0 128 30
1 125 30
1 126 30
2 123 30
2 124 30
3 121 30
3 122 30
4 119 30
4 120 30
5 117 30
5 118 30
6 115 30
6 116 30
7 113 30
7 114 30
8 111 30
8 112 30
9 109 30
9 110 30
10 107 30
10 108 30
11 105 30
11 106 30
12 150 30
13 103 30
13 104 30
14 101 30
14 102 30
15 99 30
15 100 30
16 97 30
16 98 30
17 95 30
17 96 30
18 93 30
18 94 30
19 149 30
20 91 30
20 92 30
21 148 30
22 147 30
23 146 30
24 89 30
24 90 30
25 87 30
25 88 30
26 85 30
26 86 30
27 83 30
27 84 30
28 81 30
28 82 30
29 79 30
29 80 30
30 77 30
30 78 30
31 75 30
31 76 30
32 73 30
32 74 30
33 71 30
33 72 30
34 69 30
34 70 30
35 24 30
35 25 30
35 26 30
35 27 30
36 67 30
36 68 30
37 65 30
37 66 30
38 63 30
38 64 30
39 61 30
39 62 30
40 59 30
40 60 30
41 57 30
41 58 30
42 145 30
43 55 30
43 56 30
44 53 30
44 54 30
45 49 30
45 52 30
46 19 30
46 20 30
46 22 30
46 23 30
47 144 30
48 10 30
48 11 30
48 12 30
48 13 30
49 50 30
49 51 30
50 47 30
50 48 30
51 45 30
51 46 30
52 43 30
52 44 30
53 41 30
53 42 30
54 39 30
54 40 30
55 44 30
55 47 30
55 50 30
55 60 30
56 37 30
56 38 30
57 35 30
57 36 30
58 143 30
59 33 30
59 34 30
60 142 30
61 31 30
61 32 30
62 29 30
62 30 30
63 27 30
63 28 30
64 25 30
64 26 30
65 23 30
65 24 30
66 141 30
67 6 30
67 7 30
67 8 30
67 9 30
68 21 30
68 22 30
69 19 30
69 20 30
70 2 30
70 3 30
70 4 30
70 5 30
71 140 30
72 17 30
72 18 30
73 15 30
73 16 30
74 139 30
75 13 30
75 14 30
76 11 30
76 12 30
77 9 30
77 10 30
78 7 30
78 8 30
79 138 30
80 137 30
81 5 30
81 6 30
82 3 30
82 4 30
83 136 30
84 1 30
84 2 30
85 150 30
85 0 30
86 148 30
86 149 30
87 144 30
87 145 30
88 142 30
88 143 30
89 139 30
89 140 30
90 106 30
90 109 30
90 0 30
90 1 30
91 137 30
91 138 30
92 135 30
92 136 30
93 133 30
93 134 30
94 62 30
94 63 30
94 64 30
94 79 30
95 135 30
96 131 30
96 132 30
97 134 30
98 129 30
98 130 30
99 127 30
99 128 30
100 125 30
100 126 30
101 123 30
101 124 30
102 121 30
102 122 30
103 119 30
103 120 30
104 117 30
104 118 30
105 106 30
105 107 30
106 100 30
106 103 30
107 98 30
107 99 30
108 95 30
108 97 30
109 93 30
109 94 30
110 91 30
110 92 30
111 88 30
111 90 30
112 85 30
112 87 30
113 115 30
113 116 30
114 111 30
114 112 30
115 47 30
115 50 30
115 55 30
115 60 30
116 82 30
116 83 30
117 80 30
117 81 30
118 78 30
118 79 30
119 76 30
119 77 30
120 73 30
120 74 30
121 71 30
121 72 30
122 69 30
122 70 30
123 67 30
123 68 30
124 133 30
125 65 30
125 66 30
126 63 30
126 64 30
127 61 30
127 62 30
128 59 30
128 60 30
129 56 30
129 57 30
130 54 30
130 55 30
131 52 30
131 53 30
132 50 30
132 51 30
133 132 30
134 48 30
134 49 30
135 131 30
136 46 30
136 47 30
137 44 30
137 45 30
138 42 30
138 43 30
139 130 30
140 40 30
140 41 30
141 129 30
142 38 30
142 39 30
143 36 30
143 37 30
144 33 30
144 34 30
145 79 30
145 106 30
145 109 30
145 44 30
146 109 30
146 110 30
147 105 30
147 108 30
148 30 30
148 31 30
149 55 30
149 62 30
149 63 30
149 64 30
150 28 30
150 29 30
0 127 31
0 128 31
1 150 31
2 125 31
2 126 31
3 123 31
3 124 31
4 121 31
4 122 31
5 119 31
5 120 31
6 117 31
6 118 31
7 115 31
7 116 31
8 113 31
8 114 31
9 24 31
9 25 31
9 26 31
9 27 31
10 111 31
10 112 31
11 149 31
12 109 31
12 110 31
13 107 31
13 108 31
14 105 31
14 106 31
15 103 31
15 104 31
16 148 31
17 147 31
18 101 31
18 102 31
19 99 31
19 100 31
20 97 31
20 98 31
21 95 31
21 96 31
22 93 31
22 94 31
23 10 31
23 11 31
23 12 31
23 13 31
24 91 31
24 92 31
25 146 31
26 89 31
26 90 31
27 87 31
27 88 31
28 85 31
28 86 31
29 83 31
29 84 31
30 81 31
30 82 31
31 145 31
32 79 31
32 80 31
33 77 31
33 78 31
34 75 31
34 76 31
35 144 31
36 73 31
36 74 31
37 71 31
37 72 31
38 69 31
38 70 31
39 67 31
39 68 31
40 65 31
40 66 31
41 143 31
42 63 31
42 64 31
43 61 31
43 62 31
44 59 31
44 60 31
45 57 31
45 58 31
46 55 31
46 56 31
47 142 31
48 53 31
48 54 31
49 50 31
49 52 31
50 49 31
50 51 31
51 47 31
51 48 31
52 45 31
52 46 31
53 43 31
53 44 31
54 141 31
55 140 31
56 41 31
56 42 31
57 39 31
57 40 31
58 139 31
59 37 31
59 38 31
60 35 31
60 36 31
61 33 31
61 34 31
62 31 31
62 32 31
63 138 31
64 29 31
64 30 31
65 27 31
65 28 31
66 137 31
67 25 31
67 26 31
68 23 31
68 24 31
69 136 31
70 21 31
70 22 31
71 19 31
71 20 31
72 17 31
72 18 31
73 15 31
73 16 31
74 13 31
74 14 31
75 11 31
75 12 31
76 9 31
76 10 31
77 6 31
77 7 31
77 8 31
77 9 31
78 135 31
79 7 31
79 8 31
80 5 31
80 6 31
81 3 31
81 4 31
82 1 31
82 2 31
83 150 31
83 0 31
84 148 31
84 149 31
85 134 31
86 144 31
86 145 31
87 2 31
87 3 31
87 4 31
87 5 31
88 142 31
88 143 31
89 139 31
89 140 31
90 137 31
90 138 31
91 135 31
91 136 31
92 133 31
92 134 31
93 131 31
93 132 31
94 129 31
94 130 31
95 127 31
95 128 31
96 125 31
96 126 31
97 106 31
97 109 31
97 0 31
97 1 31
98 123 31
98 124 31
99 121 31
99 122 31
100 119 31
100 120 31
101 117 31
101 118 31
102 115 31
102 116 31
103 100 31
103 105 31
104 111 31
104 112 31
105 98 31
105 99 31
106 95 31
106 97 31
107 133 31
108 93 31
108 94 31
109 91 31
109 92 31
110 88 31
110 90 31
111 85 31
111 87 31
112 132 31
113 19 31
113 20 31
113 22 31
113 23 31
114 109 31
114 110 31
115 82 31
115 83 31
116 62 31
116 63 31
116 64 31
116 79 31
117 80 31
117 81 31
118 78 31
118 79 31
119 131 31
120 76 31
120 77 31
121 73 31
121 74 31
122 71 31
122 72 31
123 47 31
123 50 31
123 55 31
123 60 31
124 69 31
124 70 31
125 67 31
125 68 31
126 65 31
126 66 31
127 79 31
127 106 31
127 109 31
127 44 31
128 63 31
128 64 31
129 61 31
129 62 31
130 59 31
130 60 31
131 56 31
131 57 31
132 54 31
132 55 31
133 52 31
133 53 31
134 50 31
134 51 31
135 48 31
135 49 31
136 60 31
136 62 31
136 63 31
136 64 31
137 46 31
137 47 31
138 130 31
139 44 31
139 45 31
140 42 31
140 43 31
141 129 31
142 40 31
142 41 31
143 38 31
143 39 31
144 36 31
144 37 31
145 33 31
145 34 31
146 107 31
146 108 31
147 103 31
147 106 31
148 44 31
148 47 31
148 50 31
148 55 31
149 30 31
149 31 31
150 28 31
150 29 31
0 127 32
0 128 32
1 125 32
1 126 32
2 123 32
2 124 32
3 121 32
3 122 32
4 119 32
4 120 32
5 117 32
5 118 32
6 115 32
6 116 32
7 113 32
7 114 32
8 150 32
9 111 32
9 112 32
10 109 32
10 110 32
11 107 32
11 108 32
12 105 32
12 106 32
13 103 32
13 104 32
14 149 32
15 101 32
15 102 32
16 148 32
17 99 32
17 100 32
18 97 32
18 98 32
19 95 32
19 96 32
20 93 32
20 94 32
21 91 32
21 92 32
22 89 32
22 90 32
23 147 32
24 87 32
24 88 32
25 85 32
25 86 32
26 83 32
26 84 32
27 146 32
28 81 32
28 82 32
29 79 32
29 80 32
30 77 32
30 78 32
31 75 32
31 76 32
32 73 32
32 74 32
33 145 32
34 71 32
34 72 32
35 69 32
35 70 32
36 144 32
37 6 32
37 7 32
37 8 32
37 9 32
38 67 32
38 68 32
39 65 32
39 66 32
40 63 32
40 64 32
41 61 32
41 62 32
42 59 32
42 60 32
43 57 32
43 58 32
44 47 32
44 50 32
44 55 32
44 60 32
45 55 32
45 56 32
46 53 32
46 54 32
47 51 32
47 52 32
48 49 32
48 50 32
49 47 32
49 48 32
50 45 32
50 46 32
51 43 32
51 44 32
52 41 32
52 42 32
53 39 32
53 40 32
54 37 32
54 38 32
55 35 32
55 36 32
56 33 32
56 34 32
57 143 32
58 142 32
59 31 32
59 32 32
60 141 32
61 29 32
61 30 32
62 27 32
62 28 32
63 25 32
63 26 32
64 140 32
65 139 32
66 2 32
66 3 32
66 4 32
66 5 32
67 23 32
67 24 32
68 21 32
68 22 32
69 106 32
69 109 32
69 0 32
69 1 32
70 19 32
70 20 32
71 17 32
71 18 32
72 15 32
72 16 32
73 138 32
74 13 32
74 14 32
75 24 32
75 25 32
75 26 32
75 27 32
76 11 32
76 12 32
77 9 32
77 10 32
78 7 32
78 8 32
79 5 32
79 6 32
80 3 32
80 4 32
81 1 32
81 2 32
82 150 32
82 0 32
83 148 32
83 149 32
84 144 32
84 145 32
85 142 32
85 143 32
86 139 32
86 140 32
87 137 32
88 137 32
88 138 32
89 135 32
89 136 32
90 133 32
90 134 32
91 131 32
91 132 32
92 129 32
92 130 32
93 127 32
93 128 32
94 125 32
94 126 32
95 136 32
96 19 32
96 20 32
96 22 32
96 23 32
97 135 32
98 123 32
98 124 32
99 121 32
99 122 32
100 119 32
100 120 32
101 117 32
101 118 32
102 10 32
102 11 32
102 12 32
102 13 32
103 134 32
104 115 32
104 116 32
105 133 32
106 100 32
106 103 32
107 98 32
107 99 32
108 132 32
109 95 32
109 97 32
110 93 32
110 94 32
111 91 32
111 92 32
112 88 32
112 90 32
113 111 32
113 112 32
114 109 32
114 110 32
115 85 32
115 87 32
116 62 32
116 63 32
116 64 32
116 79 32
117 82 32
117 83 32
118 80 32
118 81 32
119 78 32
119 79 32
120 76 32
120 77 32
121 73 32
121 74 32
122 47 32
122 50 32
122 55 32
122 60 32
123 71 32
123 72 32
124 69 32
124 70 32
125 67 32
125 68 32
126 65 32
126 66 32
127 79 32
127 106 32
127 109 32
127 44 32
128 63 32
128 64 32
129 61 32
129 62 32
130 59 32
130 60 32
131 56 32
131 57 32
132 131 32
133 54 32
133 55 32
134 52 32
134 53 32
135 50 32
135 51 32
136 48 32
136 49 32
137 46 32
137 47 32
138 44 32
138 45 32
139 42 32
139 43 32
140 40 32
140 41 32
141 107 32
141 108 32
142 38 32
142 39 32
143 36 32
143 37 32
144 33 32
144 34 32
145 30 32
145 31 32
146 105 32
146 106 32
147 130 32
148 129 32
149 44 32
149 62 32
149 63 32
149 64 32
150 28 32
150 29 32
0 127 33
0 128 33
1 150 33
2 149 33
3 125 33
3 126 33
4 123 33
4 124 33
5 121 33
5 122 33
6 119 33
6 120 33
7 148 33
8 117 33
8 118 33
9 147 33
10 115 33
10 116 33
11 113 33
11 114 33
12 111 33
12 112 33
13 109 33
13 110 33
14 107 33
14 108 33
15 105 33
15 106 33
16 103 33
16 104 33
17 146 33
18 145 33
19 101 33
19 102 33
20 99 33
20 100 33
21 97 33
21 98 33
22 95 33
22 96 33
23 19 33
23 20 33
23 22 33
23 24 33
24 10 33
24 11 33
24 12 33
24 13 33
25 93 33
25 94 33
26 144 33
27 143 33
28 91 33
28 92 33
29 89 33
29 90 33
30 87 33
30 88 33
31 85 33
31 86 33
32 83 33
32 84 33
33 142 33
34 81 33
34 82 33
35 79 33
35 80 33
36 77 33
36 78 33
37 75 33
37 76 33
38 141 33
39 73 33
39 74 33
40 140 33
41 71 33
41 72 33
42 69 33
42 70 33
43 67 33
43 68 33
44 65 33
44 66 33
45 63 33
45 64 33
46 6 33
46 7 33
46 8 33
46 9 33
47 44 33
47 50 33
47 55 33
47 60 33
48 61 33
48 62 33
49 59 33
49 60 33
50 57 33
50 58 33
51 55 33
51 56 33
52 53 33
52 54 33
53 51 33
53 52 33
54 49 33
54 50 33
55 47 33
55 48 33
56 45 33
56 46 33
57 43 33
57 44 33
58 41 33
58 42 33
59 39 33
59 40 33
60 37 33
60 38 33
61 35 33
61 36 33
62 33 33
62 34 33
63 31 33
63 32 33
64 29 33
64 30 33
65 2 33
65 3 33
65 4 33
65 5 33
66 27 33
66 28 33
67 25 33
67 26 33
68 106 33
68 109 33
68 0 33
68 1 33
69 23 33
69 24 33
70 21 33
70 22 33
71 19 33
71 20 33
72 62 33
72 63 33
72 64 33
72 79 33
73 17 33
73 18 33
74 15 33
74 16 33
75 23 33
75 25 33
75 26 33
75 27 33
76 13 33
76 14 33
77 11 33
77 12 33
78 9 33
78 10 33
79 7 33
79 8 33
80 47 33
80 50 33
80 55 33
80 60 33
81 139 33
82 5 33
82 6 33
83 3 33
83 4 33
84 138 33
85 1 33
85 2 33
86 150 33
86 0 33
87 148 33
87 149 33
88 144 33
88 145 33
89 142 33
89 143 33
90 139 33
90 140 33
91 137 33
91 138 33
92 137 33
93 135 33
93 136 33
94 133 33
94 134 33
95 131 33
95 132 33
96 129 33
96 130 33
97 79 33
97 106 33
97 109 33
97 44 33
98 127 33
98 128 33
99 125 33
99 126 33
100 136 33
101 123 33
101 124 33
102 121 33
102 122 33
103 119 33
103 120 33
104 117 33
104 118 33
105 100 33
105 103 33
106 98 33
106 99 33
107 135 33
108 95 33
108 97 33
109 93 33
109 94 33
110 91 33
110 92 33
111 88 33
111 90 33
112 85 33
112 87 33
113 115 33
113 116 33
114 111 33
114 112 33
115 82 33
115 83 33
116 134 33
117 133 33
118 80 33
118 81 33
119 78 33
119 79 33
120 76 33
120 77 33
121 73 33
121 74 33
122 71 33
122 72 33
123 69 33
123 70 33
124 67 33
124 68 33
125 132 33
126 131 33
127 130 33
128 65 33
128 66 33
129 63 33
129 64 33
130 61 33
130 62 33
131 59 33
131 60 33
132 56 33
132 57 33
133 54 33
133 55 33
134 52 33
134 53 33
135 50 33
135 51 33
136 48 33
136 49 33
137 46 33
137 47 33
138 47 33
138 62 33
138 63 33
138 64 33
139 44 33
139 45 33
140 42 33
140 43 33
141 109 33
141 110 33
142 40 33
142 41 33
143 38 33
143 39 33
144 36 33
144 37 33
145 33 33
145 34 33
146 107 33
146 108 33
147 105 33
147 106 33
148 30 33
148 31 33
149 28 33
149 29 33
150 129 33
