0 68 17
0 69 17
1 150 17
2 149 17
3 148 17
4 147 17
5 146 17
6 145 17
7 144 17
8 143 17
10 142 17
11 66 17
11 67 17
12 141 17
13 64 17
13 65 17
14 62 17
14 63 17
15 60 17
15 61 17
16 140 17
17 58 17
17 59 17
18 139 17
20 138 17
21 137 17
23 136 17
24 135 17
25 134 17
26 133 17
28 56 17
28 57 17
29 132 17
30 131 17
31 130 17
32 54 17
32 55 17
33 129 17
34 128 17
36 127 17
37 52 17
37 53 17
38 126 17
39 50 17
39 51 17
40 125 17
41 124 17
42 123 17
44 48 17
44 49 17
45 122 17
46 44 17
46 45 17
47 42 17
47 43 17
48 121 17
49 120 17
50 119 17
51 40 17
51 41 17
52 118 17
54 117 17
55 35 17
55 38 17
56 116 17
57 115 17
58 33 17
58 34 17
59 114 17
60 30 17
60 32 17
61 27 17
61 28 17
62 113 17
63 25 17
63 26 17
65 23 17
65 24 17
66 20 17
66 22 17
67 112 17
68 75 17
68 79 17
69 111 17
70 16 17
70 17 17
71 14 17
71 15 17
72 110 17
74 46 17
74 47 17
75 109 17
76 12 17
76 13 17
78 108 17
80 107 17
81 63 17
81 67 17
82 106 17
83 105 17
84 1 17
84 11 17
85 143 17
85 150 17
86 60 17
86 62 17
87 104 17
88 141 17
88 142 17
89 103 17
90 139 17
90 140 17
91 135 17
91 138 17
92 102 17
93 101 17
95 100 17
96 99 17
97 58 17
97 59 17
99 98 17
100 123 17
100 124 17
101 97 17
102 96 17
103 95 17
105 121 17
105 122 17
106 48 17
106 57 17
108 43 17
108 46 17
109 119 17
109 120 17
110 117 17
110 118 17
111 114 17
111 116 17
112 94 17
113 106 17
113 108 17
114 93 17
115 92 17
116 91 17
117 38 17
117 40 17
119 90 17
120 28 17
120 34 17
121 89 17
122 88 17
123 25 17
123 27 17
125 102 17
125 104 17
127 87 17
128 97 17
128 98 17
129 86 17
130 85 17
131 84 17
132 87 17
132 89 17
133 82 17
134 81 17
136 81 17
136 86 17
137 80 17
138 14 17
138 24 17
139 79 17
141 78 17
142 12 17
142 13 17
143 77 17
144 76 17
145 75 17
146 73 17
147 71 17
148 68 17
148 80 17
150 70 17
0 68 18
0 69 18
1 150 18
2 149 18
3 66 18
3 67 18
4 148 18
5 147 18
6 64 18
6 65 18
7 146 18
8 62 18
8 63 18
9 145 18
10 60 18
10 61 18
11 58 18
11 59 18
12 144 18
13 143 18
14 56 18
14 57 18
15 54 18
15 55 18
16 142 18
18 52 18
18 53 18
19 141 18
20 50 18
20 51 18
21 48 18
21 49 18
22 46 18
22 47 18
23 140 18
24 44 18
24 45 18
25 139 18
26 42 18
26 43 18
27 40 18
27 41 18
28 138 18
29 137 18
30 136 18
31 135 18
33 134 18
34 133 18
36 35 18
36 38 18
38 132 18
39 33 18
39 34 18
40 131 18
41 30 18
41 32 18
42 27 18
42 28 18
43 25 18
43 26 18
44 130 18
45 23 18
45 24 18
46 129 18
47 20 18
47 22 18
51 128 18
52 16 18
52 17 18
53 14 18
53 15 18
55 12 18
55 13 18
56 1 18
56 11 18
57 127 18
58 143 18
58 150 18
59 126 18
60 125 18
61 141 18
61 142 18
62 124 18
63 123 18
64 139 18
64 140 18
65 122 18
67 63 18
67 68 18
68 60 18
68 62 18
69 121 18
70 135 18
70 138 18
71 120 18
72 119 18
73 118 18
74 117 18
75 116 18
76 115 18
77 114 18
78 113 18
81 112 18
82 111 18
83 110 18
85 109 18
86 58 18
86 59 18
87 108 18
88 107 18
89 106 18
90 123 18
90 124 18
91 105 18
92 104 18
93 121 18
93 122 18
94 103 18
95 119 18
95 120 18
96 102 18
97 100 18
100 101 18
101 99 18
102 98 18
103 117 18
103 118 18
104 48 18
104 57 18
105 97 18
106 43 18
106 46 18
107 114 18
107 116 18
108 96 18
109 95 18
112 94 18
113 106 18
113 108 18
114 93 18
115 92 18
116 91 18
117 38 18
117 40 18
118 90 18
121 89 18
122 28 18
122 34 18
123 88 18
124 87 18
125 86 18
126 102 18
126 104 18
127 97 18
127 98 18
128 85 18
129 84 18
130 87 18
130 89 18
132 82 18
133 81 18
134 81 18
134 86 18
135 80 18
136 79 18
137 78 18
138 25 18
138 27 18
139 77 18
141 76 18
142 75 18
143 14 18
143 24 18
144 79 18
144 80 18
145 73 18
147 71 18
148 70 18
149 67 18
149 75 18
150 12 18
150 13 18
0 68 19
0 69 19
1 150 19
2 149 19
4 148 19
6 147 19
7 146 19
10 145 19
11 144 19
12 66 19
12 67 19
14 64 19
14 65 19
15 143 19
16 142 19
17 141 19
18 62 19
18 63 19
20 140 19
21 139 19
22 60 19
22 61 19
23 138 19
24 58 19
24 59 19
25 137 19
26 136 19
27 135 19
28 56 19
28 57 19
29 54 19
29 55 19
30 52 19
30 53 19
31 50 19
31 51 19
32 48 19
32 49 19
33 134 19
34 46 19
34 47 19
35 133 19
36 132 19
37 131 19
38 130 19
39 129 19
40 128 19
41 127 19
42 35 19
42 38 19
43 33 19
43 34 19
44 126 19
46 125 19
47 30 19
47 32 19
48 124 19
49 27 19
49 28 19
50 25 19
50 26 19
51 123 19
52 23 19
52 24 19
53 122 19
55 121 19
56 120 19
57 119 19
58 118 19
59 20 19
59 22 19
60 58 19
60 59 19
61 16 19
61 17 19
63 117 19
64 14 19
64 15 19
65 12 19
65 13 19
66 116 19
69 1 19
69 11 19
70 115 19
71 143 19
71 150 19
72 44 19
72 45 19
73 141 19
73 142 19
74 42 19
74 43 19
75 114 19
76 113 19
78 112 19
79 48 19
79 57 19
80 111 19
81 110 19
82 109 19
83 40 19
83 41 19
84 108 19
85 107 19
86 106 19
87 105 19
88 139 19
88 140 19
89 104 19
90 103 19
91 135 19
91 138 19
92 123 19
92 124 19
93 102 19
95 101 19
96 100 19
97 43 19
97 46 19
98 38 19
98 40 19
99 121 19
99 122 19
100 119 19
100 120 19
101 99 19
102 98 19
103 97 19
104 28 19
104 34 19
105 117 19
105 118 19
106 96 19
107 114 19
107 116 19
108 25 19
108 27 19
109 106 19
109 108 19
110 95 19
111 94 19
112 102 19
112 104 19
113 93 19
116 92 19
117 91 19
118 90 19
119 89 19
120 88 19
121 14 19
121 24 19
122 87 19
124 12 19
124 13 19
126 97 19
126 98 19
127 86 19
128 87 19
128 89 19
129 85 19
131 81 19
131 86 19
132 79 19
132 80 19
133 68 19
133 75 19
134 84 19
135 82 19
136 63 19
136 67 19
137 81 19
138 80 19
140 79 19
142 78 19
143 77 19
144 60 19
144 62 19
145 76 19
146 75 19
147 73 19
148 71 19
150 70 19
0 150 20
2 149 20
3 68 20
3 69 20
4 66 20
4 67 20
5 148 20
6 64 20
6 65 20
7 62 20
7 63 20
8 147 20
9 146 20
10 145 20
12 60 20
12 61 20
13 58 20
13 59 20
14 56 20
14 57 20
15 144 20
16 143 20
17 142 20
18 141 20
19 140 20
20 139 20
22 138 20
23 137 20
24 54 20
24 55 20
25 52 20
25 53 20
26 50 20
26 51 20
27 48 20
27 49 20
28 136 20
29 135 20
30 46 20
30 47 20
31 134 20
32 133 20
33 132 20
34 44 20
34 45 20
35 131 20
36 40 20
36 43 20
37 130 20
38 129 20
40 41 20
40 42 20
41 128 20
42 35 20
42 38 20
43 127 20
44 33 20
44 34 20
45 126 20
46 30 20
46 32 20
47 27 20
47 28 20
48 125 20
49 25 20
49 26 20
50 124 20
52 123 20
53 23 20
53 24 20
54 20 20
54 22 20
56 122 20
57 121 20
58 120 20
59 16 20
59 17 20
60 119 20
62 118 20
63 14 20
63 15 20
64 117 20
65 12 20
65 13 20
67 116 20
68 115 20
69 114 20
70 1 20
70 11 20
71 113 20
73 112 20
74 111 20
75 143 20
75 150 20
76 141 20
76 142 20
77 139 20
77 140 20
80 79 20
80 81 20
81 110 20
82 135 20
82 138 20
83 109 20
84 108 20
85 123 20
85 124 20
86 107 20
89 68 20
89 75 20
90 106 20
92 121 20
92 122 20
93 105 20
94 104 20
95 103 20
96 102 20
97 101 20
98 100 20
100 119 20
100 120 20
101 117 20
101 118 20
102 63 20
102 67 20
103 99 20
105 98 20
107 97 20
108 96 20
109 95 20
110 94 20
111 93 20
112 114 20
112 116 20
113 92 20
114 60 20
114 62 20
115 91 20
116 90 20
117 89 20
118 58 20
118 59 20
119 48 20
119 57 20
120 43 20
120 46 20
121 88 20
122 87 20
123 38 20
123 40 20
125 86 20
126 106 20
126 108 20
127 102 20
127 104 20
128 85 20
129 97 20
129 98 20
130 84 20
131 82 20
132 81 20
133 87 20
133 89 20
134 80 20
135 28 20
135 34 20
136 79 20
137 78 20
138 77 20
139 76 20
140 25 20
140 27 20
142 75 20
143 14 20
143 24 20
144 73 20
145 71 20
146 70 20
149 80 20
149 86 20
150 12 20
150 13 20
0 150 21
1 149 21
2 68 21
2 69 21
3 148 21
4 147 21
5 66 21
5 67 21
6 146 21
7 145 21
8 144 21
10 64 21
10 65 21
11 62 21
11 63 21
12 143 21
13 142 21
14 141 21
15 140 21
16 60 21
16 61 21
17 139 21
18 138 21
19 58 21
19 59 21
20 137 21
21 56 21
21 57 21
22 136 21
23 135 21
24 134 21
25 133 21
26 54 21
26 55 21
27 52 21
27 53 21
29 132 21
30 131 21
31 130 21
32 50 21
32 51 21
33 48 21
33 49 21
36 46 21
36 47 21
37 129 21
39 128 21
40 127 21
41 126 21
42 125 21
43 42 21
43 44 21
44 124 21
45 123 21
46 40 21
46 41 21
47 35 21
47 38 21
48 122 21
49 33 21
49 34 21
50 121 21
51 120 21
52 119 21
53 118 21
54 117 21
55 30 21
55 32 21
56 116 21
57 27 21
57 28 21
58 115 21
61 114 21
62 113 21
63 25 21
63 26 21
64 112 21
65 23 21
65 24 21
66 111 21
67 110 21
68 63 21
68 67 21
69 109 21
70 20 21
70 22 21
71 16 21
71 17 21
73 108 21
74 43 21
74 45 21
75 60 21
75 62 21
76 14 21
76 15 21
77 12 21
77 13 21
79 58 21
79 59 21
80 107 21
81 48 21
81 57 21
82 1 21
82 11 21
83 106 21
84 143 21
84 150 21
85 105 21
87 104 21
89 103 21
90 141 21
90 142 21
91 139 21
91 140 21
93 135 21
93 138 21
94 102 21
95 101 21
96 99 21
99 100 21
100 98 21
101 123 21
101 124 21
102 97 21
103 96 21
104 95 21
105 94 21
106 93 21
108 43 21
108 46 21
109 92 21
110 121 21
110 122 21
114 91 21
115 119 21
115 120 21
116 38 21
116 40 21
117 90 21
118 89 21
119 88 21
120 87 21
121 86 21
122 28 21
122 34 21
124 85 21
125 84 21
127 117 21
127 118 21
129 114 21
129 116 21
130 82 21
131 106 21
131 108 21
132 81 21
133 80 21
134 79 21
135 78 21
136 102 21
136 104 21
137 97 21
137 98 21
138 25 21
138 27 21
139 77 21
140 14 21
140 24 21
141 76 21
142 75 21
143 73 21
144 87 21
144 89 21
145 71 21
146 81 21
146 86 21
147 79 21
147 80 21
148 70 21
149 68 21
149 75 21
150 12 21
150 13 21
0 150 22
1 149 22
2 148 22
3 68 22
3 69 22
4 147 22
5 66 22
5 67 22
6 146 22
7 145 22
10 64 22
10 65 22
11 144 22
12 143 22
13 142 22
15 62 22
15 63 22
17 60 22
17 61 22
18 58 22
18 59 22
19 56 22
19 57 22
21 54 22
21 55 22
22 52 22
22 53 22
23 141 22
24 140 22
25 139 22
26 50 22
26 51 22
27 48 22
27 49 22
28 46 22
28 47 22
29 138 22
30 137 22
31 136 22
32 135 22
33 44 22
33 45 22
35 134 22
36 133 22
37 42 22
37 43 22
38 132 22
40 131 22
41 130 22
42 35 22
42 38 22
43 33 22
43 34 22
44 129 22
45 128 22
46 127 22
47 30 22
47 32 22
48 126 22
49 27 22
49 28 22
50 125 22
52 124 22
53 25 22
53 26 22
54 23 22
54 24 22
55 123 22
56 20 22
56 22 22
58 122 22
59 16 22
59 17 22
60 14 22
60 15 22
61 121 22
62 12 22
62 13 22
63 67 22
63 68 22
64 1 22
64 11 22
65 120 22
66 119 22
67 118 22
68 117 22
69 116 22
70 115 22
71 114 22
72 40 22
72 41 22
73 113 22
74 112 22
75 111 22
76 110 22
77 143 22
77 150 22
78 141 22
78 142 22
81 60 22
81 62 22
82 109 22
83 108 22
84 107 22
85 106 22
86 105 22
87 104 22
88 139 22
88 140 22
89 103 22
90 102 22
91 135 22
91 138 22
92 123 22
92 124 22
93 121 22
93 122 22
94 101 22
95 100 22
96 98 22
97 58 22
97 59 22
98 99 22
99 119 22
99 120 22
100 97 22
102 48 22
102 57 22
103 117 22
103 118 22
104 96 22
105 95 22
106 94 22
107 93 22
109 114 22
109 116 22
110 92 22
111 91 22
112 106 22
112 108 22
113 90 22
114 89 22
116 88 22
117 87 22
118 43 22
118 46 22
119 86 22
120 85 22
121 38 22
121 40 22
122 84 22
123 82 22
124 81 22
125 102 22
125 104 22
127 97 22
127 98 22
128 80 22
129 79 22
130 87 22
130 89 22
131 78 22
132 77 22
133 76 22
134 81 22
134 86 22
138 28 22
138 34 22
139 25 22
139 27 22
140 14 22
140 24 22
141 12 22
141 13 22
142 75 22
144 73 22
145 79 22
145 80 22
146 63 22
146 75 22
147 71 22
148 70 22
0 150 23
3 68 23
3 69 23
5 149 23
6 66 23
6 67 23
7 148 23
10 147 23
11 146 23
12 145 23
13 144 23
14 64 23
14 65 23
16 62 23
16 63 23
17 60 23
17 61 23
18 58 23
18 59 23
19 56 23
19 57 23
20 143 23
21 142 23
22 141 23
23 140 23
24 54 23
24 55 23
25 139 23
26 138 23
27 52 23
27 53 23
28 137 23
29 136 23
30 50 23
30 51 23
31 135 23
32 48 23
32 49 23
33 134 23
34 46 23
34 47 23
35 133 23
36 44 23
36 45 23
37 132 23
38 131 23
39 42 23
39 43 23
40 35 23
40 38 23
41 130 23
42 129 23
43 33 23
43 34 23
44 30 23
44 32 23
45 128 23
46 127 23
48 126 23
49 125 23
50 124 23
51 123 23
52 27 23
52 28 23
54 25 23
54 26 23
55 122 23
56 23 23
56 24 23
57 20 23
57 22 23
59 16 23
59 17 23
60 121 23
61 120 23
62 119 23
63 14 23
63 15 23
64 118 23
65 12 23
65 13 23
66 117 23
68 116 23
69 1 23
69 11 23
70 115 23
71 114 23
72 40 23
72 41 23
73 143 23
73 150 23
75 113 23
76 112 23
77 141 23
77 142 23
79 80 23
79 81 23
80 68 23
80 75 23
81 63 23
81 67 23
82 139 23
82 140 23
83 111 23
84 110 23
85 135 23
85 138 23
86 109 23
87 108 23
89 60 23
89 62 23
90 107 23
91 123 23
91 124 23
92 106 23
93 121 23
93 122 23
94 119 23
94 120 23
95 105 23
96 117 23
96 118 23
97 104 23
98 58 23
98 59 23
100 102 23
101 114 23
101 116 23
102 103 23
103 106 23
103 108 23
104 48 23
104 57 23
105 101 23
106 43 23
106 46 23
107 100 23
108 38 23
108 40 23
109 102 23
109 104 23
110 99 23
111 98 23
112 97 23
113 96 23
114 28 23
114 34 23
115 95 23
116 94 23
118 25 23
118 27 23
119 93 23
120 92 23
121 91 23
122 90 23
123 14 23
123 24 23
124 89 23
126 88 23
128 87 23
129 97 23
129 98 23
130 86 23
131 85 23
132 84 23
133 82 23
135 81 23
136 87 23
136 89 23
138 12 23
138 13 23
139 80 23
140 79 23
142 78 23
143 77 23
144 76 23
145 75 23
146 79 23
146 86 23
147 73 23
149 71 23
150 70 23
2 68 24
2 69 24
3 150 24
5 149 24
6 66 24
6 67 24
7 148 24
9 147 24
11 146 24
12 145 24
13 144 24
14 143 24
15 142 24
16 141 24
17 64 24
17 65 24
18 62 24
18 63 24
19 140 24
21 60 24
21 61 24
22 58 24
22 59 24
25 139 24
26 138 24
27 137 24
28 136 24
29 135 24
30 56 24
30 57 24
31 134 24
32 133 24
33 54 24
33 55 24
34 132 24
35 131 24
36 130 24
37 52 24
37 53 24
38 129 24
39 50 24
39 51 24
40 128 24
41 48 24
41 49 24
42 46 24
42 47 24
43 127 24
44 126 24
46 42 24
46 43 24
47 40 24
47 41 24
48 125 24
49 35 24
49 38 24
50 124 24
51 123 24
52 122 24
53 121 24
54 120 24
56 119 24
57 118 24
58 33 24
58 34 24
60 30 24
60 32 24
61 27 24
61 28 24
62 117 24
63 25 24
63 26 24
64 116 24
65 115 24
66 23 24
66 24 24
67 63 24
67 68 24
68 114 24
69 20 24
69 22 24
70 113 24
71 112 24
72 111 24
73 110 24
74 44 24
74 45 24
75 109 24
76 16 24
76 17 24
77 14 24
77 15 24
78 108 24
80 107 24
81 60 24
81 62 24
82 12 24
82 13 24
83 106 24
84 1 24
84 11 24
85 143 24
85 150 24
86 58 24
86 59 24
87 105 24
88 104 24
90 141 24
90 142 24
91 103 24
92 139 24
92 140 24
93 102 24
94 101 24
95 100 24
96 99 24
97 98 24
98 97 24
99 96 24
100 95 24
101 135 24
101 138 24
103 123 24
103 124 24
104 94 24
105 93 24
106 48 24
106 57 24
107 92 24
108 43 24
108 46 24
109 91 24
110 121 24
110 122 24
112 119 24
112 120 24
113 117 24
113 118 24
114 38 24
114 40 24
115 114 24
115 116 24
116 28 24
116 34 24
117 90 24
118 89 24
119 88 24
120 87 24
122 25 24
122 27 24
123 14 24
123 24 24
124 86 24
125 85 24
126 106 24
126 108 24
127 84 24
128 102 24
128 104 24
129 82 24
130 81 24
131 80 24
132 97 24
132 98 24
133 87 24
133 89 24
134 79 24
136 78 24
137 77 24
138 76 24
140 12 24
140 13 24
141 75 24
142 73 24
144 71 24
146 81 24
146 86 24
147 79 24
147 80 24
148 67 24
148 75 24
149 70 24
0 68 25
0 69 25
1 66 25
1 67 25
2 150 25
3 149 25
4 148 25
5 64 25
5 65 25
6 62 25
6 63 25
7 60 25
7 61 25
8 58 25
8 59 25
9 147 25
10 146 25
11 145 25
12 144 25
13 143 25
14 56 25
14 57 25
15 142 25
16 141 25
17 54 25
17 55 25
18 140 25
19 52 25
19 53 25
21 50 25
21 51 25
22 139 25
23 48 25
23 49 25
24 138 25
25 137 25
26 46 25
26 47 25
27 44 25
27 45 25
29 136 25
31 42 25
31 43 25
33 135 25
35 134 25
36 133 25
37 40 25
37 41 25
39 132 25
40 131 25
41 130 25
42 129 25
43 33 25
43 34 25
44 128 25
45 127 25
46 30 25
46 32 25
47 27 25
47 28 25
48 126 25
49 125 25
50 25 25
50 26 25
51 23 25
51 24 25
52 124 25
53 20 25
53 22 25
54 123 25
55 16 25
55 17 25
56 122 25
57 121 25
58 120 25
59 14 25
59 15 25
60 119 25
62 118 25
63 117 25
64 116 25
65 115 25
66 114 25
67 63 25
67 68 25
69 12 25
69 13 25
70 1 25
70 11 25
71 113 25
72 35 25
72 38 25
73 112 25
74 111 25
75 60 25
75 62 25
77 110 25
78 109 25
79 108 25
80 107 25
81 106 25
82 143 25
82 150 25
83 105 25
85 141 25
85 142 25
86 104 25
87 103 25
88 139 25
88 140 25
89 58 25
89 59 25
90 102 25
91 135 25
91 138 25
92 101 25
93 123 25
93 124 25
94 100 25
95 99 25
96 98 25
97 48 25
97 57 25
98 97 25
101 96 25
102 95 25
103 94 25
104 43 25
104 46 25
105 93 25
106 38 25
106 40 25
107 121 25
107 122 25
108 92 25
111 91 25
112 90 25
115 89 25
116 88 25
118 28 25
118 34 25
119 87 25
120 86 25
121 85 25
122 84 25
123 82 25
124 81 25
125 80 25
126 119 25
126 120 25
127 117 25
127 118 25
128 79 25
129 114 25
129 116 25
130 106 25
130 108 25
132 102 25
132 104 25
133 97 25
133 98 25
134 78 25
135 25 25
135 27 25
136 87 25
136 89 25
137 81 25
137 86 25
138 77 25
140 14 25
140 24 25
141 76 25
142 12 25
142 13 25
144 75 25
145 73 25
146 79 25
146 80 25
147 67 25
147 75 25
148 71 25
150 70 25
0 68 26
0 69 26
2 150 26
3 149 26
4 66 26
4 67 26
5 148 26
7 64 26
7 65 26
8 62 26
8 63 26
9 147 26
10 146 26
11 145 26
12 60 26
12 61 26
13 144 26
15 58 26
15 59 26
16 143 26
17 142 26
18 56 26
18 57 26
20 54 26
20 55 26
22 52 26
22 53 26
23 141 26
24 50 26
24 51 26
25 140 26
26 48 26
26 49 26
27 139 26
30 138 26
32 46 26
32 47 26
33 137 26
35 136 26
36 135 26
37 134 26
38 133 26
39 44 26
39 45 26
40 35 26
40 38 26
41 132 26
42 131 26
43 33 26
43 34 26
44 130 26
45 30 26
45 32 26
46 129 26
47 27 26
47 28 26
48 128 26
49 25 26
49 26 26
50 23 26
50 24 26
52 20 26
52 22 26
53 127 26
54 126 26
55 125 26
56 16 26
56 17 26
57 124 26
58 123 26
59 122 26
60 121 26
61 14 26
61 15 26
62 120 26
63 119 26
64 118 26
65 12 26
65 13 26
66 117 26
67 116 26
68 115 26
71 1 26
71 11 26
72 42 26
72 43 26
74 40 26
74 41 26
75 114 26
76 143 26
76 150 26
77 141 26
77 142 26
79 113 26
80 112 26
81 63 26
81 67 26
83 111 26
84 139 26
84 140 26
85 110 26
86 60 26
86 62 26
87 109 26
88 108 26
89 107 26
90 135 26
90 138 26
91 106 26
93 105 26
94 123 26
94 124 26
95 121 26
95 122 26
96 104 26
98 58 26
98 59 26
99 103 26
100 102 26
101 119 26
101 120 26
102 48 26
102 57 26
103 101 26
104 100 26
105 99 26
106 43 26
106 46 26
107 98 26
108 97 26
109 96 26
110 95 26
111 94 26
112 93 26
113 92 26
114 91 26
116 90 26
117 89 26
118 88 26
119 87 26
120 86 26
121 38 26
121 40 26
122 85 26
123 84 26
124 28 26
124 34 26
125 82 26
126 81 26
127 80 26
128 117 26
128 118 26
130 79 26
132 114 26
132 116 26
133 106 26
133 108 26
134 102 26
134 104 26
135 25 26
135 27 26
136 97 26
136 98 26
137 78 26
138 14 26
138 24 26
139 77 26
140 76 26
141 75 26
142 12 26
142 13 26
143 73 26
144 87 26
144 89 26
145 81 26
145 86 26
147 71 26
148 79 26
148 80 26
149 68 26
149 75 26
150 70 26
0 150 27
1 149 27
2 68 27
2 69 27
4 66 27
4 67 27
5 148 27
6 147 27
7 64 27
7 65 27
9 146 27
11 62 27
11 63 27
12 145 27
13 60 27
13 61 27
14 58 27
14 59 27
15 144 27
16 143 27
17 142 27
18 141 27
19 140 27
20 139 27
21 138 27
22 56 27
22 57 27
23 54 27
23 55 27
25 137 27
26 136 27
27 135 27
28 52 27
28 53 27
29 50 27
29 51 27
30 48 27
30 49 27
32 46 27
32 47 27
33 134 27
34 133 27
35 44 27
35 45 27
37 42 27
37 43 27
38 40 27
38 41 27
39 132 27
40 131 27
41 35 27
41 38 27
42 33 27
42 34 27
43 130 27
44 129 27
45 128 27
47 30 27
47 32 27
48 127 27
49 27 27
49 28 27
50 126 27
51 25 27
51 26 27
52 125 27
53 23 27
53 24 27
54 124 27
55 123 27
56 20 27
56 22 27
57 122 27
58 16 27
58 17 27
59 14 27
59 15 27
60 12 27
60 13 27
61 121 27
63 120 27
64 119 27
65 118 27
66 117 27
67 116 27
69 1 27
69 11 27
70 115 27
71 143 27
71 150 27
72 114 27
73 113 27
75 141 27
75 142 27
77 139 27
77 140 27
78 112 27
79 111 27
80 79 27
80 81 27
81 68 27
81 75 27
82 110 27
83 109 27
84 135 27
84 138 27
85 108 27
86 107 27
87 63 27
87 67 27
88 106 27
89 60 27
89 62 27
90 105 27
92 104 27
93 103 27
94 102 27
95 123 27
95 124 27
96 101 27
97 100 27
98 58 27
98 59 27
99 121 27
99 122 27
100 99 27
101 98 27
103 119 27
103 120 27
104 48 27
104 57 27
105 117 27
105 118 27
106 43 27
106 46 27
107 97 27
108 38 27
108 40 27
109 114 27
109 116 27
110 96 27
111 95 27
112 94 27
113 106 27
113 108 27
114 93 27
115 92 27
116 91 27
118 90 27
119 28 27
119 34 27
120 89 27
122 88 27
123 25 27
123 27 27
124 87 27
125 102 27
125 104 27
126 86 27
128 97 27
128 98 27
129 85 27
130 84 27
133 82 27
134 81 27
135 80 27
136 79 27
138 78 27
139 14 27
139 24 27
140 77 27
142 76 27
143 75 27
144 87 27
144 89 27
146 80 27
146 86 27
147 73 27
148 71 27
149 70 27
150 12 27
150 13 27
1 68 28
1 69 28
3 150 28
4 149 28
6 66 28
6 67 28
7 148 28
8 147 28
9 64 28
9 65 28
10 146 28
11 145 28
12 62 28
12 63 28
14 144 28
15 143 28
17 142 28
18 141 28
19 140 28
20 139 28
21 138 28
23 137 28
24 60 28
24 61 28
25 136 28
26 58 28
26 59 28
27 56 28
27 57 28
28 135 28
29 134 28
30 54 28
30 55 28
31 133 28
32 52 28
32 53 28
33 50 28
33 51 28
34 132 28
35 48 28
35 49 28
36 131 28
38 46 28
38 47 28
39 44 28
39 45 28
40 130 28
41 129 28
42 128 28
43 127 28
44 126 28
45 40 28
45 41 28
46 125 28
48 124 28
50 35 28
50 38 28
51 123 28
52 122 28
53 121 28
54 33 28
54 34 28
56 120 28
57 119 28
58 118 28
59 30 28
59 32 28
60 117 28
61 27 28
61 28 28
62 116 28
63 25 28
63 26 28
64 115 28
65 23 28
65 24 28
66 114 28
67 113 28
68 112 28
69 111 28
70 20 28
70 22 28
71 110 28
72 109 28
75 16 28
75 17 28
76 14 28
76 15 28
77 108 28
78 107 28
79 68 28
79 75 28
80 63 28
80 67 28
81 106 28
82 12 28
82 13 28
83 42 28
83 43 28
84 1 28
84 11 28
85 143 28
85 150 28
86 105 28
87 104 28
88 141 28
88 142 28
89 60 28
89 62 28
90 139 28
90 140 28
91 135 28
91 138 28
92 103 28
93 123 28
93 124 28
94 102 28
95 101 28
96 100 28
97 98 28
98 99 28
100 121 28
100 122 28
102 97 28
103 119 28
103 120 28
104 58 28
104 59 28
105 96 28
106 95 28
107 94 28
108 93 28
109 92 28
110 91 28
111 117 28
111 118 28
112 90 28
113 114 28
113 116 28
114 89 28
115 106 28
115 108 28
116 88 28
118 48 28
118 57 28
120 87 28
121 43 28
121 46 28
122 38 28
122 40 28
123 86 28
124 28 28
124 34 28
125 102 28
125 104 28
126 85 28
127 84 28
130 82 28
131 81 28
132 80 28
134 97 28
134 98 28
135 79 28
136 78 28
137 77 28
139 76 28
141 25 28
141 27 28
142 14 28
142 24 28
143 12 28
143 13 28
144 87 28
144 89 28
145 75 28
146 73 28
147 81 28
147 86 28
148 71 28
149 79 28
149 80 28
150 70 28
0 150 29
1 149 29
2 68 29
2 69 29
4 66 29
4 67 29
5 64 29
5 65 29
6 62 29
6 63 29
7 148 29
8 60 29
8 61 29
9 58 29
9 59 29
11 147 29
12 146 29
13 56 29
13 57 29
14 145 29
15 144 29
17 143 29
18 142 29
19 141 29
20 54 29
20 55 29
21 140 29
22 139 29
23 52 29
23 53 29
24 50 29
24 51 29
25 48 29
25 49 29
26 138 29
27 46 29
27 47 29
29 137 29
31 136 29
32 44 29
32 45 29
33 34 29
33 35 29
34 135 29
35 30 29
35 32 29
36 42 29
36 43 29
38 27 29
38 28 29
39 40 29
39 41 29
40 25 29
40 26 29
41 134 29
42 133 29
43 132 29
45 131 29
46 130 29
47 129 29
48 128 29
49 127 29
50 23 29
50 24 29
51 126 29
52 125 29
53 20 29
53 22 29
54 124 29
55 123 29
56 16 29
56 17 29
57 14 29
57 15 29
58 12 29
58 13 29
59 122 29
60 1 29
60 11 29
61 143 29
61 150 29
62 121 29
63 120 29
64 119 29
65 118 29
67 141 29
67 142 29
69 139 29
69 140 29
70 117 29
72 116 29
73 115 29
74 33 29
74 38 29
75 114 29
76 113 29
77 112 29
78 111 29
79 135 29
79 138 29
80 110 29
81 109 29
82 108 29
83 107 29
84 106 29
85 123 29
85 124 29
88 105 29
89 81 29
89 86 29
90 121 29
90 122 29
91 104 29
93 119 29
93 120 29
94 103 29
95 102 29
96 101 29
97 99 29
98 79 29
98 80 29
99 100 29
100 98 29
101 97 29
102 68 29
102 75 29
104 96 29
105 95 29
106 94 29
107 93 29
108 63 29
108 67 29
109 92 29
111 91 29
112 90 29
113 89 29
114 88 29
115 117 29
115 118 29
116 60 29
116 62 29
117 58 29
117 59 29
118 48 29
118 57 29
119 43 29
119 46 29
120 87 29
121 86 29
123 38 29
123 40 29
124 28 29
124 34 29
126 85 29
127 84 29
129 82 29
130 114 29
130 116 29
132 106 29
132 108 29
133 81 29
135 80 29
136 102 29
136 104 29
138 25 29
138 27 29
139 79 29
140 78 29
141 14 29
141 24 29
142 77 29
143 12 29
143 13 29
144 97 29
144 98 29
145 76 29
146 87 29
146 89 29
147 75 29
148 73 29
149 71 29
150 70 29
0 150 30
2 149 30
3 148 30
4 68 30
4 69 30
5 147 30
6 146 30
8 66 30
8 67 30
9 145 30
10 144 30
11 143 30
13 64 30
13 65 30
14 62 30
14 63 30
15 60 30
15 61 30
16 142 30
17 141 30
19 140 30
20 139 30
21 58 30
21 59 30
22 138 30
23 137 30
24 136 30
26 135 30
27 56 30
27 57 30
28 134 30
29 133 30
30 54 30
30 55 30
31 132 30
32 131 30
34 130 30
35 52 30
35 53 30
37 129 30
38 128 30
40 127 30
41 126 30
42 50 30
42 51 30
43 48 30
43 49 30
44 46 30
44 47 30
45 125 30
46 44 30
46 45 30
47 42 30
47 43 30
48 124 30
49 40 30
49 41 30
50 123 30
51 35 30
51 38 30
52 122 30
53 121 30
55 120 30
56 33 30
56 34 30
57 119 30
58 118 30
60 117 30
61 30 30
61 32 30
62 27 30
62 28 30
63 116 30
64 25 30
64 26 30
65 115 30
66 23 30
66 24 30
67 114 30
68 113 30
70 112 30
71 20 30
71 22 30
72 111 30
73 110 30
74 109 30
75 16 30
75 17 30
76 14 30
76 15 30
77 12 30
77 13 30
78 108 30
79 107 30
81 106 30
82 105 30
83 104 30
84 103 30
85 1 30
85 11 30
86 102 30
87 79 30
87 80 30
88 101 30
89 68 30
89 75 30
90 100 30
91 143 30
91 150 30
92 141 30
92 142 30
93 99 30
96 97 30
97 98 30
98 96 30
99 95 30
100 94 30
101 93 30
102 92 30
103 91 30
104 63 30
104 67 30
106 90 30
107 89 30
108 60 30
108 62 30
109 88 30
111 139 30
111 140 30
112 87 30
113 135 30
113 138 30
114 86 30
115 123 30
115 124 30
116 85 30
118 84 30
119 58 30
119 59 30
120 82 30
121 48 30
121 57 30
122 43 30
122 46 30
123 81 30
124 80 30
125 121 30
125 122 30
126 119 30
126 120 30
127 79 30
128 117 30
128 118 30
129 114 30
129 116 30
130 106 30
130 108 30
132 78 30
133 102 30
133 104 30
135 77 30
137 76 30
138 38 30
138 40 30
139 28 30
139 34 30
140 25 30
140 27 30
141 14 30
141 24 30
142 75 30
143 73 30
144 97 30
144 98 30
145 87 30
145 89 30
146 81 30
146 86 30
147 71 30
148 70 30
150 12 30
150 13 30
1 150 31
3 149 31
5 148 31
6 147 31
7 68 31
7 69 31
8 146 31
9 145 31
10 66 31
10 67 31
11 64 31
11 65 31
12 62 31
12 63 31
13 60 31
13 61 31
14 144 31
15 58 31
15 59 31
16 56 31
16 57 31
17 54 31
17 55 31
18 143 31
19 52 31
19 53 31
20 142 31
21 50 31
21 51 31
22 48 31
22 49 31
23 141 31
24 46 31
24 47 31
25 140 31
26 44 31
26 45 31
27 28 31
27 30 31
28 139 31
29 42 31
29 43 31
30 138 31
31 40 31
31 41 31
32 25 31
32 26 31
33 137 31
34 136 31
35 135 31
36 35 31
36 38 31
37 134 31
38 133 31
39 132 31
40 131 31
41 23 31
41 24 31
42 130 31
43 20 31
43 22 31
44 129 31
45 128 31
46 127 31
47 126 31
48 16 31
48 17 31
49 14 31
49 15 31
50 125 31
51 124 31
52 12 31
52 13 31
55 123 31
56 122 31
57 1 31
57 11 31
58 121 31
59 120 31
60 143 31
60 150 31
61 119 31
62 141 31
62 142 31
63 60 31
63 62 31
64 139 31
64 140 31
65 135 31
65 138 31
66 118 31
67 117 31
68 58 31
68 59 31
70 116 31
71 115 31
72 33 31
72 34 31
73 114 31
74 27 31
74 32 31
75 48 31
75 57 31
77 113 31
78 112 31
79 111 31
80 110 31
83 109 31
84 108 31
85 123 31
85 124 31
87 107 31
88 106 31
89 43 31
89 46 31
91 105 31
92 121 31
92 122 31
93 104 31
94 119 31
94 120 31
95 117 31
95 118 31
96 103 31
97 102 31
98 101 31
99 114 31
99 116 31
101 106 31
101 108 31
102 100 31
103 102 31
103 104 31
104 99 31
105 98 31
106 97 31
108 38 31
108 40 31
110 96 31
111 95 31
112 94 31
113 97 31
113 98 31
114 93 31
115 92 31
116 91 31
117 28 31
117 34 31
118 90 31
119 89 31
120 25 31
120 27 31
121 14 31
121 24 31
122 88 31
123 87 31
124 86 31
125 87 31
125 89 31
127 85 31
128 84 31
129 82 31
130 81 31
131 81 31
131 86 31
132 80 31
133 79 31
133 80 31
135 79 31
136 78 31
137 77 31
138 76 31
139 12 31
139 13 31
141 75 31
142 73 31
145 71 31
146 68 31
146 75 31
148 70 31
149 63 31
149 67 31
0 68 32
0 69 32
1 150 32
2 149 32
3 66 32
3 67 32
4 148 32
5 64 32
5 65 32
6 62 32
6 63 32
7 60 32
7 61 32
8 58 32
8 59 32
9 147 32
10 146 32
11 145 32
12 144 32
13 143 32
14 142 32
15 141 32
16 140 32
17 56 32
17 57 32
18 139 32
19 138 32
20 137 32
21 54 32
21 55 32
22 136 32
23 52 32
23 53 32
24 135 32
25 50 32
25 51 32
26 134 32
27 133 32
28 48 32
28 49 32
29 46 32
29 47 32
30 132 32
31 131 32
32 130 32
33 44 32
33 45 32
34 129 32
35 128 32
36 127 32
37 126 32
38 125 32
39 124 32
40 123 32
41 40 32
41 42 32
42 35 32
42 38 32
43 33 32
43 34 32
45 122 32
46 30 32
46 32 32
47 121 32
49 120 32
50 119 32
51 27 32
51 28 32
52 25 32
52 26 32
53 23 32
53 24 32
55 20 32
55 22 32
56 118 32
57 117 32
58 16 32
58 17 32
59 116 32
60 115 32
61 114 32
62 113 32
63 112 32
64 111 32
65 14 32
65 15 32
66 110 32
67 109 32
68 108 32
69 107 32
70 12 32
70 13 32
72 106 32
74 41 32
74 43 32
75 105 32
76 104 32
78 103 32
79 102 32
80 101 32
81 100 32
82 1 32
82 11 32
83 99 32
84 98 32
85 97 32
86 81 32
86 87 32
88 96 32
90 143 32
90 150 32
91 141 32
91 142 32
93 94 32
94 95 32
95 93 32
97 79 32
97 80 32
99 139 32
99 140 32
101 135 32
101 138 32
102 68 32
102 75 32
103 92 32
104 63 32
104 67 32
105 123 32
105 124 32
106 60 32
106 62 32
107 121 32
107 122 32
111 91 32
112 119 32
112 120 32
113 117 32
113 118 32
114 58 32
114 59 32
115 114 32
115 116 32
116 90 32
117 48 32
117 57 32
118 89 32
120 43 32
120 46 32
121 38 32
121 40 32
123 28 32
123 34 32
124 25 32
124 27 32
125 106 32
125 108 32
126 88 32
127 87 32
128 86 32
129 85 32
130 84 32
131 82 32
132 102 32
132 104 32
134 81 32
135 14 32
135 24 32
137 80 32
138 79 32
139 12 32
139 13 32
140 78 32
142 77 32
144 97 32
144 98 32
145 76 32
146 86 32
146 89 32
147 75 32
148 73 32
149 71 32
150 70 32
0 68 33
0 69 33
1 150 33
4 66 33
4 67 33
5 64 33
5 65 33
6 62 33
6 63 33
7 149 33
8 148 33
9 147 33
10 60 33
10 61 33
11 146 33
12 145 33
13 58 33
13 59 33
15 144 33
16 143 33
17 142 33
18 56 33
18 57 33
19 54 33
19 55 33
20 141 33
21 52 33
21 53 33
22 140 33
24 139 33
25 50 33
25 51 33
26 138 33
27 137 33
28 48 33
28 49 33
29 136 33
30 135 33
31 134 33
32 133 33
33 132 33
34 131 33
36 130 33
37 129 33
39 128 33
40 127 33
41 46 33
41 47 33
42 40 33
42 41 33
43 35 33
43 38 33
44 126 33
45 33 33
45 34 33
46 30 33
46 32 33
47 125 33
48 124 33
50 123 33
52 27 33
52 28 33
53 122 33
54 121 33
55 120 33
56 25 33
56 26 33
57 119 33
58 23 33
58 24 33
59 118 33
60 20 33
60 22 33
61 16 33
61 17 33
62 117 33
63 116 33
65 115 33
67 114 33
69 113 33
70 14 33
70 15 33
71 112 33
72 44 33
72 45 33
73 12 33
73 13 33
74 111 33
75 110 33
76 1 33
76 11 33
77 109 33
79 108 33
80 79 33
80 81 33
81 107 33
83 42 33
83 43 33
84 106 33
85 105 33
86 68 33
86 75 33
87 104 33
88 103 33
89 102 33
91 143 33
91 150 33
92 101 33
93 141 33
93 142 33
94 100 33
95 99 33
96 139 33
96 140 33
97 98 33
99 97 33
100 96 33
101 95 33
102 63 33
102 67 33
103 94 33
104 93 33
105 135 33
105 138 33
106 60 33
106 62 33
107 92 33
108 91 33
109 123 33
109 124 33
110 90 33
111 121 33
111 122 33
112 89 33
113 88 33
115 87 33
116 58 33
116 59 33
117 86 33
118 48 33
118 57 33
119 85 33
120 43 33
120 46 33
121 84 33
122 38 33
122 40 33
123 28 33
123 34 33
124 25 33
124 27 33
125 119 33
125 120 33
126 82 33
128 81 33
129 117 33
129 118 33
130 80 33
131 79 33
133 114 33
133 116 33
135 78 33
136 106 33
136 108 33
138 14 33
138 24 33
139 77 33
140 12 33
140 13 33
141 76 33
142 75 33
143 73 33
144 102 33
144 104 33
145 97 33
145 98 33
146 87 33
146 89 33
147 80 33
147 86 33
148 71 33
149 70 33
