2 150 17
3 148 17
4 147 17
5 11 17
5 12 17
5 15 17
6 146 17
7 65 17
7 66 17
8 145 17
10 63 17
10 64 17
12 61 17
12 62 17
13 8 17
13 9 17
13 10 17
14 57 17
14 60 17
16 144 17
17 55 17
17 56 17
18 53 17
18 54 17
20 143 17
21 51 17
21 52 17
22 142 17
23 141 17
24 140 17
25 139 17
26 49 17
26 50 17
27 138 17
28 137 17
29 47 17
29 48 17
30 29 17
30 31 17
31 27 17
31 28 17
32 136 17
33 25 17
33 26 17
34 45 17
34 46 17
35 135 17
36 23 17
36 24 17
37 134 17
38 21 17
38 22 17
39 133 17
40 132 17
41 131 17
42 130 17
43 40 17
43 44 17
44 129 17
45 128 17
46 127 17
48 126 17
50 125 17
51 18 17
51 20 17
52 16 17
52 17 17
53 13 17
53 15 17
54 124 17
55 123 17
56 11 17
56 12 17
57 122 17
58 121 17
59 38 17
59 39 17
62 9 17
62 10 17
64 7 17
64 8 17
65 57 17
65 60 17
67 120 17
68 36 17
68 111 17
68 115 17
69 36 17
69 37 17
70 119 17
71 4 17
71 6 17
72 118 17
73 2 17
73 3 17
74 117 17
75 33 17
75 35 17
76 3 17
76 4 17
76 6 17
78 116 17
79 148 17
79 150 17
80 115 17
81 114 17
83 139 17
83 140 17
84 113 17
85 112 17
86 55 17
86 56 17
87 111 17
88 48 17
88 50 17
89 110 17
90 109 17
91 116 17
91 130 17
91 2 17
92 108 17
93 38 17
93 39 17
94 107 17
95 106 17
96 105 17
97 104 17
98 103 17
99 30 17
99 32 17
100 102 17
101 100 17
102 136 17
102 138 17
103 130 17
103 135 17
104 122 17
104 128 17
105 97 17
106 96 17
108 95 17
109 94 17
110 93 17
111 92 17
112 91 17
113 88 17
114 87 17
115 36 17
115 37 17
116 86 17
117 85 17
118 116 17
118 117 17
119 112 17
119 115 17
121 84 17
122 83 17
123 110 17
123 111 17
124 82 17
125 81 17
126 108 17
126 109 17
127 80 17
128 32 17
128 33 17
129 79 17
130 78 17
131 97 17
131 101 17
132 76 17
133 74 17
134 73 17
137 71 17
138 29 17
138 31 17
139 24 17
139 26 17
142 93 17
142 95 17
143 86 17
143 88 17
144 70 17
145 68 17
145 78 17
146 68 17
147 65 17
147 66 17
148 17 17
148 20 17
149 101 17
150 67 17
0 150 18
1 148 18
2 147 18
3 146 18
4 65 18
4 66 18
5 145 18
6 144 18
7 63 18
7 64 18
8 143 18
9 142 18
10 141 18
13 61 18
13 62 18
14 57 18
14 60 18
15 140 18
16 55 18
16 56 18
17 53 18
17 54 18
21 51 18
21 52 18
22 139 18
23 49 18
23 50 18
24 138 18
25 137 18
26 136 18
27 135 18
28 134 18
29 47 18
29 48 18
31 133 18
33 35 18
33 36 18
34 11 18
34 12 18
34 15 18
35 31 18
35 32 18
36 29 18
36 30 18
37 132 18
38 131 18
39 27 18
39 28 18
40 130 18
41 129 18
42 128 18
43 127 18
44 126 18
45 125 18
46 8 18
46 9 18
46 10 18
47 124 18
48 25 18
48 26 18
49 123 18
50 122 18
51 23 18
51 24 18
52 121 18
53 21 18
53 22 18
54 18 18
54 20 18
55 16 18
55 17 18
56 120 18
57 119 18
58 45 18
58 46 18
59 40 18
59 44 18
60 118 18
61 13 18
61 15 18
62 117 18
63 11 18
63 12 18
64 116 18
65 115 18
66 9 18
66 10 18
67 114 18
68 78 18
68 86 18
69 113 18
70 112 18
71 111 18
72 110 18
73 7 18
73 8 18
74 4 18
74 6 18
75 109 18
76 2 18
76 3 18
77 108 18
78 65 18
78 66 18
79 107 18
80 148 18
80 150 18
81 106 18
82 105 18
85 104 18
86 103 18
87 102 18
88 116 18
88 130 18
88 2 18
90 38 18
90 39 18
91 139 18
91 140 18
92 3 18
92 4 18
92 6 18
93 57 18
93 60 18
94 101 18
96 100 18
97 55 18
97 56 18
99 33 18
99 37 18
100 96 18
101 48 18
101 50 18
102 136 18
102 138 18
103 130 18
103 135 18
104 95 18
105 122 18
105 128 18
106 116 18
106 117 18
107 112 18
107 115 18
108 94 18
109 38 18
109 39 18
110 93 18
113 92 18
114 91 18
115 36 18
115 37 18
116 32 18
116 33 18
117 88 18
118 87 18
119 86 18
120 85 18
121 110 18
121 111 18
122 36 18
122 111 18
122 115 18
123 84 18
124 83 18
125 82 18
126 81 18
127 108 18
127 109 18
128 29 18
128 31 18
129 80 18
130 79 18
131 78 18
132 76 18
134 74 18
135 73 18
136 24 18
136 26 18
138 17 18
138 20 18
139 71 18
141 97 18
141 101 18
142 93 18
142 95 18
143 70 18
145 68 18
146 68 18
146 88 18
148 67 18
149 97 18
0 150 19
1 65 19
1 66 19
2 148 19
3 63 19
3 64 19
5 147 19
6 61 19
6 62 19
7 146 19
8 145 19
9 144 19
11 57 19
11 60 19
13 143 19
14 55 19
14 56 19
15 142 19
16 53 19
16 54 19
17 51 19
17 52 19
18 49 19
18 50 19
19 141 19
20 47 19
20 48 19
21 140 19
23 139 19
24 138 19
26 45 19
26 46 19
27 137 19
28 136 19
29 135 19
31 29 19
31 30 19
32 27 19
32 28 19
33 134 19
34 133 19
35 132 19
36 131 19
37 115 19
37 130 19
37 2 19
38 25 19
38 26 19
40 8 19
40 9 19
40 10 19
41 130 19
42 40 19
42 44 19
43 129 19
44 23 19
44 24 19
45 128 19
46 127 19
47 21 19
47 22 19
49 126 19
50 125 19
51 124 19
53 123 19
54 3 19
54 4 19
54 6 19
55 122 19
56 121 19
57 18 19
57 20 19
58 120 19
59 119 19
60 118 19
61 16 19
61 17 19
62 117 19
63 13 19
63 15 19
64 116 19
65 66 19
65 68 19
66 57 19
66 60 19
67 115 19
68 114 19
69 11 19
69 12 19
69 15 19
70 113 19
71 112 19
72 111 19
74 11 19
74 12 19
75 38 19
75 39 19
76 9 19
76 10 19
77 110 19
80 7 19
80 8 19
81 109 19
82 108 19
83 107 19
84 106 19
85 105 19
86 104 19
87 4 19
87 6 19
89 36 19
89 37 19
90 33 19
90 35 19
91 2 19
91 3 19
92 148 19
92 150 19
93 55 19
93 56 19
94 103 19
95 48 19
95 50 19
97 102 19
98 31 19
98 32 19
99 101 19
100 97 19
102 96 19
103 139 19
103 140 19
104 95 19
105 94 19
106 136 19
106 138 19
107 93 19
110 92 19
111 38 19
111 39 19
112 91 19
113 130 19
113 135 19
114 88 19
115 36 19
115 111 19
115 116 19
116 36 19
116 37 19
117 32 19
117 33 19
118 122 19
118 128 19
119 87 19
120 86 19
121 116 19
121 117 19
122 29 19
122 31 19
123 85 19
124 84 19
125 83 19
127 82 19
129 81 19
130 24 19
130 26 19
132 80 19
133 79 19
134 112 19
134 115 19
135 78 19
136 76 19
137 74 19
138 73 19
139 71 19
140 17 19
140 20 19
141 110 19
141 111 19
142 108 19
142 109 19
143 97 19
143 101 19
144 93 19
144 95 19
145 86 19
145 88 19
146 65 19
146 78 19
147 70 19
148 68 19
149 100 19
150 67 19
0 150 20
2 148 20
3 147 20
5 65 20
5 66 20
6 63 20
6 64 20
7 146 20
8 61 20
8 62 20
10 57 20
10 60 20
12 145 20
13 144 20
14 143 20
15 55 20
15 56 20
16 11 20
16 12 20
16 15 20
17 53 20
17 54 20
18 142 20
19 51 20
19 52 20
20 141 20
21 140 20
22 139 20
23 49 20
23 50 20
24 138 20
25 47 20
25 48 20
26 45 20
26 46 20
27 137 20
28 40 20
28 44 20
29 38 20
29 39 20
30 29 20
30 31 20
31 27 20
31 28 20
32 136 20
34 135 20
35 134 20
36 25 20
36 26 20
37 133 20
38 132 20
39 131 20
40 130 20
41 129 20
42 128 20
43 36 20
43 37 20
44 23 20
44 24 20
45 21 20
45 22 20
46 127 20
47 126 20
48 125 20
49 18 20
49 20 20
50 124 20
52 16 20
52 17 20
53 123 20
54 122 20
55 13 20
55 15 20
56 121 20
57 11 20
57 12 20
58 120 20
59 119 20
61 9 20
61 10 20
62 7 20
62 8 20
63 4 20
63 6 20
64 118 20
65 2 20
65 3 20
66 65 20
66 68 20
68 117 20
69 33 20
69 35 20
70 116 20
71 115 20
73 114 20
74 113 20
75 112 20
76 111 20
77 110 20
78 109 20
80 148 20
80 150 20
81 139 20
81 140 20
82 108 20
83 107 20
84 106 20
85 105 20
86 57 20
86 60 20
87 136 20
87 138 20
88 104 20
90 30 20
90 32 20
91 8 20
91 9 20
91 10 20
92 103 20
93 102 20
94 101 20
95 100 20
96 97 20
97 55 20
97 56 20
99 96 20
100 95 20
101 94 20
102 130 20
102 135 20
103 93 20
106 122 20
106 128 20
107 92 20
108 48 20
108 50 20
110 38 20
110 39 20
111 91 20
112 3 20
112 4 20
112 6 20
113 88 20
114 87 20
115 116 20
115 130 20
115 2 20
116 36 20
116 111 20
116 115 20
117 36 20
117 37 20
118 86 20
119 85 20
120 84 20
122 83 20
123 116 20
123 117 20
124 82 20
125 81 20
127 112 20
127 115 20
128 32 20
128 33 20
129 80 20
131 79 20
132 110 20
132 111 20
133 108 20
133 109 20
134 78 20
135 29 20
135 31 20
136 24 20
136 26 20
137 76 20
138 74 20
139 73 20
141 97 20
141 101 20
142 71 20
143 70 20
144 93 20
144 95 20
145 68 20
146 86 20
146 88 20
147 66 20
147 78 20
148 17 20
148 20 20
150 67 20
0 150 21
1 148 21
2 65 21
2 66 21
3 147 21
4 63 21
4 64 21
5 61 21
5 62 21
6 146 21
7 57 21
7 60 21
8 55 21
8 56 21
9 116 21
9 130 21
9 2 21
10 145 21
11 144 21
12 53 21
12 54 21
13 51 21
13 52 21
14 49 21
14 50 21
16 47 21
16 48 21
17 143 21
18 142 21
20 141 21
21 45 21
21 46 21
23 140 21
24 40 21
24 44 21
25 38 21
25 39 21
26 139 21
27 138 21
28 36 21
28 37 21
29 27 21
29 28 21
30 137 21
31 136 21
32 25 21
32 26 21
34 135 21
35 134 21
36 23 21
36 24 21
37 21 21
37 22 21
38 133 21
39 132 21
40 131 21
41 33 21
41 35 21
42 130 21
43 129 21
44 128 21
45 127 21
46 126 21
47 18 21
47 20 21
48 36 21
48 111 21
48 115 21
51 125 21
53 16 21
53 17 21
54 124 21
55 123 21
57 13 21
57 15 21
58 122 21
59 121 21
61 120 21
62 119 21
63 11 21
63 12 21
64 9 21
64 10 21
65 118 21
66 7 21
66 8 21
67 117 21
68 116 21
70 115 21
72 114 21
74 113 21
75 112 21
76 111 21
77 110 21
78 4 21
78 6 21
79 109 21
80 2 21
80 3 21
81 148 21
81 150 21
82 139 21
82 140 21
84 108 21
85 107 21
86 106 21
87 105 21
88 104 21
90 103 21
91 102 21
92 101 21
93 100 21
94 136 21
94 138 21
95 97 21
97 68 21
97 78 21
98 31 21
98 32 21
99 11 21
99 12 21
99 15 21
100 96 21
101 95 21
102 94 21
103 130 21
103 135 21
104 122 21
104 128 21
105 116 21
105 117 21
106 93 21
107 112 21
107 115 21
108 92 21
110 91 21
112 88 21
113 87 21
114 86 21
115 65 21
115 66 21
116 85 21
117 57 21
117 60 21
118 84 21
119 83 21
120 82 21
121 81 21
122 55 21
122 56 21
124 110 21
124 111 21
125 80 21
126 79 21
127 78 21
128 48 21
128 50 21
129 76 21
130 38 21
130 39 21
131 74 21
132 108 21
132 109 21
133 73 21
134 71 21
135 70 21
136 36 21
136 37 21
138 68 21
139 32 21
139 33 21
140 29 21
140 31 21
141 97 21
141 101 21
142 93 21
142 95 21
143 67 21
145 8 21
145 9 21
145 10 21
146 86 21
146 88 21
147 3 21
147 4 21
147 6 21
148 24 21
148 26 21
149 29 21
149 30 21
150 17 21
150 20 21
0 65 22
0 66 22
2 63 22
2 64 22
4 61 22
4 62 22
5 57 22
5 60 22
6 55 22
6 56 22
7 53 22
7 54 22
9 51 22
9 52 22
10 150 22
11 148 22
12 49 22
12 50 22
13 147 22
14 47 22
14 48 22
15 45 22
15 46 22
16 146 22
17 145 22
18 144 22
19 143 22
20 142 22
21 40 22
21 44 22
22 141 22
24 140 22
25 139 22
26 25 22
26 27 22
29 23 22
29 24 22
30 138 22
31 137 22
32 136 22
33 135 22
34 134 22
35 21 22
35 22 22
36 18 22
36 20 22
38 3 22
38 4 22
38 6 22
39 133 22
40 132 22
41 131 22
42 38 22
42 39 22
43 130 22
44 129 22
45 16 22
45 17 22
46 13 22
46 15 22
47 11 22
47 12 22
47 15 22
48 11 22
48 12 22
49 9 22
49 10 22
50 128 22
51 7 22
51 8 22
52 127 22
53 4 22
53 6 22
54 126 22
55 56 22
55 57 22
56 125 22
58 124 22
59 123 22
60 122 22
62 2 22
62 3 22
64 8 22
64 9 22
64 10 22
65 48 22
65 50 22
66 38 22
66 39 22
67 121 22
68 120 22
69 119 22
70 148 22
70 150 22
71 139 22
71 140 22
72 36 22
72 37 22
74 118 22
75 117 22
76 136 22
76 138 22
77 33 22
77 35 22
78 116 22
79 115 22
80 114 22
81 113 22
82 112 22
83 111 22
84 110 22
85 130 22
85 135 22
86 109 22
87 108 22
89 107 22
90 31 22
90 32 22
91 106 22
92 105 22
93 104 22
94 103 22
96 102 22
97 36 22
97 37 22
98 29 22
98 30 22
99 26 22
99 28 22
100 101 22
101 116 22
101 130 22
101 2 22
102 97 22
103 96 22
105 95 22
106 94 22
108 32 22
108 33 22
109 36 22
109 111 22
109 115 22
110 29 22
110 31 22
111 93 22
113 92 22
114 122 22
114 128 22
115 24 22
115 26 22
116 91 22
117 88 22
118 87 22
119 86 22
120 116 22
120 117 22
121 85 22
122 84 22
123 83 22
124 82 22
125 112 22
125 115 22
126 110 22
126 111 22
128 81 22
129 108 22
129 109 22
130 80 22
131 97 22
131 101 22
132 93 22
132 95 22
133 86 22
133 88 22
134 68 22
134 78 22
135 79 22
136 17 22
136 20 22
137 78 22
138 76 22
139 74 22
140 73 22
141 65 22
141 66 22
143 71 22
144 70 22
145 68 22
146 55 22
146 60 22
149 100 22
150 67 22
2 150 23
3 148 23
4 147 23
5 146 23
6 65 23
6 66 23
7 63 23
7 64 23
8 3 23
8 4 23
8 6 23
9 145 23
10 144 23
11 143 23
12 142 23
13 141 23
14 140 23
15 139 23
16 61 23
16 62 23
17 116 23
17 130 23
17 2 23
18 138 23
19 137 23
20 57 23
20 60 23
21 136 23
23 55 23
23 56 23
24 53 23
24 54 23
25 11 23
25 12 23
25 15 23
26 135 23
27 8 23
27 9 23
27 10 23
28 134 23
29 51 23
29 52 23
30 133 23
31 49 23
31 50 23
32 31 23
32 33 23
33 132 23
34 131 23
35 130 23
36 29 23
36 30 23
37 27 23
37 28 23
38 129 23
39 128 23
41 47 23
41 48 23
43 127 23
44 126 23
46 125 23
48 124 23
49 123 23
50 25 23
50 26 23
51 23 23
51 24 23
52 122 23
54 21 23
54 22 23
55 18 23
55 20 23
56 121 23
57 16 23
57 17 23
58 120 23
59 45 23
59 46 23
60 119 23
62 118 23
64 13 23
64 15 23
66 57 23
66 60 23
67 117 23
68 116 23
69 115 23
70 114 23
71 11 23
71 12 23
73 113 23
74 9 23
74 10 23
75 112 23
76 111 23
77 40 23
77 44 23
78 55 23
78 56 23
79 110 23
80 7 23
80 8 23
81 4 23
81 6 23
82 2 23
82 3 23
83 109 23
84 148 23
84 150 23
85 108 23
86 48 23
86 50 23
87 107 23
88 38 23
88 39 23
89 106 23
90 38 23
90 39 23
91 105 23
92 104 23
93 36 23
93 111 23
93 115 23
94 139 23
94 140 23
95 103 23
97 36 23
97 37 23
98 101 23
99 36 23
99 37 23
100 136 23
100 138 23
101 102 23
102 130 23
102 135 23
103 122 23
103 128 23
105 100 23
106 97 23
107 116 23
107 117 23
108 96 23
110 32 23
110 33 23
111 95 23
112 94 23
113 112 23
113 115 23
115 93 23
116 92 23
117 29 23
117 31 23
119 91 23
120 88 23
121 110 23
121 111 23
123 87 23
125 108 23
125 109 23
126 86 23
127 85 23
128 24 23
128 26 23
129 97 23
129 101 23
131 84 23
132 83 23
133 82 23
134 93 23
134 95 23
135 81 23
136 17 23
136 20 23
137 80 23
138 79 23
139 78 23
140 76 23
141 74 23
142 73 23
143 86 23
143 88 23
144 71 23
145 68 23
145 78 23
146 70 23
147 65 23
147 66 23
148 68 23
149 32 23
149 35 23
150 67 23
0 65 24
0 66 24
1 150 24
2 63 24
2 64 24
3 61 24
3 62 24
4 148 24
5 147 24
6 146 24
8 145 24
9 57 24
9 60 24
10 144 24
11 55 24
11 56 24
12 53 24
12 54 24
13 143 24
14 51 24
14 52 24
15 49 24
15 50 24
16 142 24
17 47 24
17 48 24
18 141 24
19 45 24
19 46 24
20 140 24
21 40 24
21 44 24
22 38 24
22 39 24
23 139 24
24 36 24
24 37 24
25 33 24
25 35 24
27 25 24
27 26 24
28 138 24
29 137 24
30 23 24
30 24 24
31 136 24
32 135 24
33 21 24
33 22 24
34 134 24
35 133 24
36 18 24
36 20 24
37 16 24
37 17 24
38 132 24
40 13 24
40 15 24
41 11 24
41 12 24
41 15 24
42 131 24
43 130 24
44 129 24
45 128 24
46 11 24
46 12 24
47 127 24
48 126 24
49 125 24
50 9 24
50 10 24
51 7 24
51 8 24
52 124 24
53 123 24
54 122 24
55 4 24
55 6 24
56 121 24
57 120 24
58 31 24
58 32 24
59 29 24
59 30 24
61 119 24
62 2 24
62 3 24
63 148 24
63 150 24
65 139 24
65 140 24
66 65 24
66 68 24
67 118 24
68 57 24
68 60 24
69 117 24
71 3 24
71 4 24
71 6 24
72 116 24
74 115 24
75 114 24
76 113 24
77 27 24
77 28 24
78 112 24
82 111 24
83 116 24
83 130 24
83 2 24
84 110 24
85 109 24
86 55 24
86 56 24
87 136 24
87 138 24
88 108 24
89 107 24
91 106 24
92 105 24
94 104 24
95 103 24
96 130 24
96 135 24
98 8 24
98 9 24
98 10 24
99 102 24
100 122 24
100 128 24
101 100 24
102 97 24
103 96 24
105 95 24
106 94 24
107 116 24
107 117 24
108 48 24
108 50 24
110 93 24
111 92 24
112 91 24
114 88 24
115 87 24
116 36 24
116 111 24
116 115 24
117 38 24
117 39 24
118 86 24
119 85 24
120 84 24
122 83 24
123 82 24
124 112 24
124 115 24
125 110 24
125 111 24
126 108 24
126 109 24
127 97 24
127 101 24
128 36 24
128 37 24
129 81 24
130 80 24
132 79 24
133 78 24
134 76 24
135 74 24
136 32 24
136 33 24
138 73 24
139 29 24
139 31 24
140 24 24
140 26 24
141 93 24
141 95 24
143 86 24
143 88 24
144 66 24
144 78 24
145 71 24
146 70 24
147 68 24
148 67 24
149 101 24
150 17 24
150 20 24
0 65 25
0 66 25
1 150 25
2 148 25
3 63 25
3 64 25
4 147 25
5 61 25
5 62 25
6 146 25
7 145 25
8 144 25
9 57 25
9 60 25
10 55 25
10 56 25
12 143 25
13 142 25
14 141 25
18 140 25
19 139 25
20 53 25
20 54 25
21 138 25
22 137 25
23 51 25
23 52 25
24 136 25
25 135 25
26 134 25
27 133 25
28 132 25
29 3 25
29 4 25
29 6 25
30 49 25
30 50 25
31 131 25
33 130 25
34 129 25
35 128 25
36 31 25
36 32 25
37 29 25
37 30 25
38 127 25
39 27 25
39 28 25
40 126 25
41 125 25
42 47 25
42 48 25
43 45 25
43 46 25
44 124 25
45 123 25
46 122 25
47 121 25
48 120 25
49 119 25
50 25 25
50 26 25
52 118 25
53 23 25
53 24 25
54 117 25
55 116 25
56 21 25
56 22 25
57 115 25
59 114 25
60 116 25
60 130 25
60 2 25
62 18 25
62 20 25
64 113 25
66 16 25
66 17 25
67 112 25
68 78 25
68 86 25
69 40 25
69 44 25
70 111 25
71 110 25
72 109 25
73 13 25
73 15 25
74 8 25
74 9 25
74 10 25
76 108 25
77 11 25
77 12 25
77 15 25
78 107 25
79 11 25
79 12 25
80 106 25
81 105 25
82 104 25
83 9 25
83 10 25
84 103 25
85 102 25
87 101 25
88 100 25
89 38 25
89 39 25
90 97 25
91 96 25
92 95 25
93 65 25
93 66 25
94 93 25
95 57 25
95 60 25
96 92 25
97 55 25
97 56 25
98 36 25
98 37 25
99 94 25
100 7 25
100 8 25
101 48 25
101 50 25
102 91 25
103 88 25
104 4 25
104 6 25
105 2 25
105 3 25
107 148 25
107 150 25
108 87 25
109 38 25
109 39 25
110 36 25
110 37 25
111 86 25
112 85 25
113 139 25
113 140 25
116 32 25
116 33 25
117 29 25
117 31 25
118 136 25
118 138 25
119 130 25
119 135 25
120 122 25
120 128 25
121 84 25
122 83 25
123 82 25
124 116 25
124 117 25
125 112 25
125 115 25
126 81 25
131 80 25
132 110 25
132 111 25
134 79 25
135 78 25
136 76 25
137 74 25
138 73 25
139 36 25
139 111 25
139 115 25
140 71 25
141 70 25
142 108 25
142 109 25
143 68 25
144 67 25
145 97 25
145 101 25
146 93 25
146 95 25
147 68 25
147 88 25
148 24 25
148 26 25
149 33 25
149 35 25
150 17 25
150 20 25
0 150 26
1 148 26
2 147 26
3 146 26
4 145 26
5 144 26
6 65 26
6 66 26
7 63 26
7 64 26
8 116 26
8 130 26
8 2 26
9 61 26
9 62 26
10 57 26
10 60 26
11 143 26
12 55 26
12 56 26
13 53 26
13 54 26
14 142 26
15 141 26
16 140 26
17 139 26
18 51 26
18 52 26
19 138 26
20 137 26
22 49 26
22 50 26
23 136 26
26 135 26
27 47 26
27 48 26
28 134 26
29 133 26
30 29 26
30 31 26
31 27 26
31 28 26
32 25 26
32 26 26
33 132 26
36 23 26
36 24 26
38 131 26
39 130 26
41 129 26
42 45 26
42 46 26
43 40 26
43 44 26
44 21 26
44 22 26
45 18 26
45 20 26
46 16 26
46 17 26
47 128 26
48 13 26
48 15 26
49 11 26
49 12 26
50 9 26
50 10 26
51 7 26
51 8 26
52 4 26
52 6 26
53 2 26
53 3 26
54 127 26
55 126 26
57 48 26
57 50 26
58 125 26
60 38 26
60 39 26
61 124 26
62 123 26
63 11 26
63 12 26
63 15 26
64 148 26
64 150 26
65 122 26
66 121 26
68 36 26
68 37 26
69 120 26
71 119 26
72 38 26
72 39 26
73 8 26
73 9 26
73 10 26
74 118 26
75 36 26
75 37 26
76 117 26
77 116 26
78 115 26
79 114 26
81 113 26
82 112 26
83 139 26
83 140 26
84 111 26
85 110 26
86 109 26
88 108 26
89 107 26
90 33 26
90 35 26
91 106 26
92 105 26
93 104 26
94 103 26
95 102 26
96 101 26
97 32 26
97 33 26
98 100 26
99 97 26
100 96 26
101 95 26
102 3 26
102 4 26
102 6 26
103 136 26
103 138 26
104 130 26
104 135 26
105 122 26
105 128 26
106 94 26
107 116 26
107 117 26
108 93 26
109 92 26
110 29 26
110 31 26
111 91 26
112 24 26
112 26 26
114 112 26
114 115 26
115 88 26
117 87 26
118 86 26
119 85 26
120 84 26
121 83 26
122 82 26
123 81 26
124 110 26
124 111 26
125 108 26
125 109 26
127 97 26
127 101 26
128 36 26
128 111 26
128 115 26
129 80 26
130 79 26
131 78 26
132 93 26
132 95 26
134 86 26
134 88 26
135 17 26
135 20 26
137 76 26
138 74 26
139 73 26
141 71 26
142 68 26
142 78 26
143 65 26
143 66 26
144 70 26
145 57 26
145 60 26
146 55 26
146 56 26
147 68 26
149 30 26
149 32 26
150 67 26
0 65 27
0 66 27
1 150 27
2 148 27
4 147 27
5 63 27
5 64 27
7 146 27
8 145 27
9 144 27
10 143 27
11 142 27
12 141 27
13 140 27
14 139 27
15 138 27
16 137 27
17 61 27
17 62 27
18 136 27
19 57 27
19 60 27
20 55 27
20 56 27
22 135 27
24 134 27
25 53 27
25 54 27
26 51 27
26 52 27
27 49 27
27 50 27
28 133 27
29 132 27
30 47 27
30 48 27
32 29 27
32 30 27
33 131 27
34 45 27
34 46 27
35 27 27
35 28 27
36 25 27
36 26 27
37 23 27
37 24 27
38 130 27
39 21 27
39 22 27
40 129 27
41 11 27
41 12 27
41 15 27
42 128 27
43 127 27
44 18 27
44 20 27
46 16 27
46 17 27
47 126 27
49 125 27
50 124 27
51 123 27
52 13 27
52 15 27
53 122 27
54 121 27
55 11 27
55 12 27
57 120 27
58 119 27
59 118 27
60 9 27
60 10 27
61 7 27
61 8 27
62 4 27
62 6 27
63 2 27
63 3 27
64 117 27
65 116 27
66 115 27
67 114 27
69 113 27
70 112 27
72 40 27
72 44 27
73 111 27
74 148 27
74 150 27
75 110 27
77 38 27
77 39 27
78 57 27
78 60 27
79 109 27
80 8 27
80 9 27
80 10 27
81 108 27
82 139 27
82 140 27
83 136 27
83 138 27
85 130 27
85 135 27
86 55 27
86 56 27
87 107 27
88 106 27
89 36 27
89 37 27
90 105 27
91 122 27
91 128 27
92 104 27
93 103 27
94 102 27
95 101 27
96 100 27
97 36 27
97 111 27
97 115 27
98 33 27
98 35 27
99 97 27
100 96 27
101 95 27
102 116 27
102 117 27
103 112 27
103 115 27
104 94 27
105 93 27
106 110 27
106 111 27
108 92 27
109 91 27
110 88 27
111 87 27
112 48 27
112 50 27
113 86 27
114 85 27
116 84 27
117 83 27
118 108 27
118 109 27
120 3 27
120 4 27
120 6 27
121 82 27
122 38 27
122 39 27
123 81 27
124 80 27
125 116 27
125 130 27
125 2 27
126 97 27
126 101 27
127 79 27
128 36 27
128 37 27
129 78 27
130 32 27
130 33 27
132 93 27
132 95 27
133 76 27
135 29 27
135 31 27
136 74 27
137 73 27
140 24 27
140 26 27
141 71 27
142 86 27
142 88 27
143 70 27
144 68 27
144 78 27
145 65 27
145 66 27
147 68 27
148 17 27
148 20 27
149 31 27
149 32 27
150 67 27
0 65 28
0 66 28
1 63 28
1 64 28
2 61 28
2 62 28
3 150 28
4 57 28
4 60 28
5 55 28
5 56 28
6 148 28
7 53 28
7 54 28
8 147 28
9 51 28
9 52 28
10 116 28
10 130 28
10 2 28
11 146 28
12 145 28
13 49 28
13 50 28
14 144 28
15 143 28
16 47 28
16 48 28
17 142 28
18 141 28
19 140 28
20 45 28
20 46 28
21 139 28
22 138 28
23 137 28
24 136 28
26 135 28
27 134 28
29 40 28
29 44 28
30 133 28
31 38 28
31 39 28
32 31 28
32 33 28
33 132 28
34 131 28
35 130 28
37 29 28
37 30 28
38 129 28
39 27 28
39 28 28
41 128 28
44 127 28
45 126 28
46 125 28
47 25 28
47 26 28
48 23 28
48 24 28
49 124 28
50 123 28
51 122 28
52 21 28
52 22 28
53 121 28
54 18 28
54 20 28
55 120 28
56 16 28
56 17 28
57 13 28
57 15 28
58 119 28
59 36 28
59 37 28
60 11 28
60 12 28
61 118 28
63 9 28
63 10 28
66 117 28
67 7 28
67 8 28
68 116 28
69 115 28
70 4 28
70 6 28
71 114 28
73 2 28
73 3 28
74 113 28
75 112 28
78 111 28
79 148 28
79 150 28
80 11 28
80 12 28
80 15 28
81 110 28
82 109 28
83 139 28
83 140 28
84 108 28
85 136 28
85 138 28
86 65 28
86 66 28
87 107 28
88 106 28
89 105 28
90 32 28
90 35 28
91 104 28
92 103 28
93 102 28
95 101 28
96 130 28
96 135 28
97 95 28
98 100 28
99 97 28
100 94 28
101 93 28
102 122 28
102 128 28
103 116 28
103 117 28
104 92 28
105 112 28
105 115 28
107 110 28
107 111 28
108 36 28
108 111 28
108 115 28
109 91 28
110 57 28
110 60 28
111 55 28
111 56 28
112 88 28
113 87 28
114 86 28
115 85 28
116 48 28
116 50 28
117 38 28
117 39 28
118 108 28
118 109 28
119 84 28
120 83 28
122 36 28
122 37 28
124 82 28
125 97 28
125 101 28
126 81 28
127 93 28
127 95 28
130 32 28
130 33 28
131 86 28
131 88 28
132 80 28
133 79 28
134 78 28
135 76 28
136 29 28
136 31 28
137 74 28
138 24 28
138 26 28
139 17 28
139 20 28
140 73 28
141 71 28
142 70 28
143 68 28
143 78 28
145 8 28
145 9 28
145 10 28
146 68 28
147 3 28
147 4 28
147 6 28
149 96 28
150 67 28
0 150 29
1 148 29
2 65 29
2 66 29
3 147 29
5 63 29
5 64 29
6 61 29
6 62 29
7 146 29
9 145 29
10 144 29
11 143 29
12 142 29
13 141 29
14 57 29
14 60 29
15 55 29
15 56 29
16 140 29
17 53 29
17 54 29
18 51 29
18 52 29
20 139 29
21 11 29
21 12 29
21 15 29
22 49 29
22 50 29
23 47 29
23 48 29
24 45 29
24 46 29
25 138 29
26 40 29
26 44 29
27 137 29
28 136 29
29 135 29
32 134 29
33 133 29
34 132 29
35 131 29
36 27 29
36 28 29
38 25 29
38 26 29
39 130 29
40 23 29
40 24 29
41 129 29
42 38 29
42 39 29
43 36 29
43 37 29
45 128 29
46 21 29
46 22 29
47 127 29
48 126 29
49 125 29
51 124 29
52 18 29
52 20 29
53 16 29
53 17 29
54 123 29
55 13 29
55 15 29
56 11 29
56 12 29
58 33 29
58 35 29
59 122 29
61 121 29
62 9 29
62 10 29
63 7 29
63 8 29
64 120 29
66 119 29
67 4 29
67 6 29
68 118 29
69 117 29
70 116 29
71 115 29
72 31 29
72 32 29
73 114 29
74 2 29
74 3 29
76 148 29
76 150 29
77 29 29
77 30 29
78 113 29
79 112 29
80 139 29
80 140 29
81 111 29
82 8 29
82 9 29
82 10 29
83 110 29
84 109 29
85 108 29
86 116 29
86 130 29
86 2 29
87 107 29
88 57 29
88 60 29
89 106 29
91 136 29
91 138 29
92 105 29
93 55 29
93 56 29
94 130 29
94 135 29
95 48 29
95 50 29
96 104 29
97 103 29
98 102 29
99 101 29
100 122 29
100 128 29
101 97 29
102 96 29
103 95 29
104 116 29
104 117 29
105 94 29
106 112 29
106 115 29
107 3 29
107 4 29
107 6 29
108 93 29
109 92 29
110 38 29
110 39 29
111 91 29
112 88 29
113 110 29
113 111 29
114 87 29
116 86 29
117 36 29
117 37 29
118 108 29
118 109 29
120 85 29
121 97 29
121 101 29
122 84 29
123 83 29
124 82 29
126 93 29
126 95 29
127 86 29
127 88 29
129 81 29
130 32 29
130 33 29
132 80 29
134 79 29
135 29 29
135 31 29
136 36 29
136 111 29
136 115 29
138 78 29
139 76 29
140 74 29
141 73 29
142 71 29
143 70 29
144 68 29
144 78 29
145 65 29
145 66 29
146 68 29
147 67 29
148 24 29
148 26 29
149 100 29
150 17 29
150 20 29
0 150 30
1 65 30
1 66 30
2 148 30
5 63 30
5 64 30
6 147 30
7 61 30
7 62 30
8 146 30
9 145 30
11 144 30
12 57 30
12 60 30
13 143 30
14 142 30
15 141 30
16 55 30
16 56 30
17 53 30
17 54 30
18 140 30
19 139 30
20 51 30
20 52 30
21 138 30
22 137 30
23 136 30
24 49 30
24 50 30
26 135 30
27 134 30
28 47 30
28 48 30
29 133 30
30 132 30
31 131 30
32 130 30
33 31 30
33 32 30
34 129 30
36 128 30
37 29 30
37 30 30
38 127 30
39 126 30
40 125 30
41 124 30
42 123 30
43 45 30
43 46 30
44 27 30
44 28 30
45 25 30
45 26 30
46 122 30
47 23 30
47 24 30
48 21 30
48 22 30
49 18 30
49 20 30
50 16 30
50 17 30
51 121 30
52 120 30
53 13 30
53 15 30
54 11 30
54 12 30
56 119 30
57 118 30
58 117 30
59 11 30
59 12 30
59 15 30
60 116 30
61 9 30
61 10 30
62 115 30
63 7 30
63 8 30
64 114 30
65 57 30
65 60 30
66 55 30
66 56 30
67 4 30
67 6 30
68 48 30
68 50 30
69 113 30
70 112 30
73 111 30
74 2 30
74 3 30
75 110 30
77 109 30
78 116 30
78 130 30
78 2 30
79 108 30
80 148 30
80 150 30
81 139 30
81 140 30
82 107 30
83 136 30
83 138 30
84 106 30
85 105 30
86 38 30
86 39 30
87 104 30
88 36 30
88 37 30
89 103 30
90 40 30
90 44 30
91 102 30
92 130 30
92 135 30
93 101 30
94 122 30
94 128 30
95 100 30
96 97 30
97 36 30
97 111 30
97 115 30
98 38 30
98 39 30
99 36 30
99 37 30
100 96 30
101 95 30
102 94 30
103 93 30
104 116 30
104 117 30
106 92 30
107 91 30
110 32 30
110 33 30
111 88 30
112 87 30
113 112 30
113 115 30
114 110 30
114 111 30
116 29 30
116 31 30
117 86 30
118 85 30
119 84 30
120 83 30
121 108 30
121 109 30
122 24 30
122 26 30
123 82 30
124 97 30
124 101 30
125 93 30
125 95 30
126 86 30
126 88 30
128 81 30
129 80 30
130 79 30
131 68 30
131 78 30
132 65 30
132 66 30
133 78 30
134 76 30
135 74 30
136 73 30
137 8 30
137 9 30
137 10 30
138 17 30
138 20 30
143 3 30
143 4 30
143 6 30
146 71 30
147 70 30
148 68 30
149 33 30
149 35 30
150 67 30
0 150 31
1 65 31
1 66 31
2 148 31
4 147 31
5 146 31
6 145 31
7 63 31
7 64 31
9 61 31
9 62 31
10 57 31
10 60 31
11 144 31
12 143 31
13 142 31
15 55 31
15 56 31
16 53 31
16 54 31
17 51 31
17 52 31
19 49 31
19 50 31
21 47 31
21 48 31
22 45 31
22 46 31
23 40 31
23 44 31
24 141 31
25 140 31
26 25 31
26 27 31
29 23 31
29 24 31
31 21 31
31 22 31
32 139 31
33 138 31
34 38 31
34 39 31
36 18 31
36 20 31
37 16 31
37 17 31
38 137 31
39 13 31
39 15 31
40 136 31
42 135 31
43 134 31
45 133 31
46 132 31
47 131 31
48 11 31
48 12 31
49 9 31
49 10 31
51 11 31
51 12 31
51 15 31
52 7 31
52 8 31
53 4 31
53 6 31
54 130 31
55 129 31
56 128 31
57 127 31
58 126 31
59 36 31
59 37 31
60 57 31
60 65 31
61 125 31
62 8 31
62 9 31
62 10 31
63 124 31
64 123 31
65 55 31
65 56 31
67 122 31
68 121 31
69 33 31
69 35 31
70 120 31
71 119 31
72 31 31
72 32 31
73 118 31
74 2 31
74 3 31
75 29 31
75 30 31
76 148 31
76 150 31
78 117 31
79 116 31
80 115 31
81 139 31
81 140 31
83 136 31
83 138 31
84 114 31
85 130 31
85 135 31
86 113 31
87 112 31
88 111 31
89 110 31
90 109 31
91 122 31
91 128 31
93 36 31
93 111 31
93 115 31
94 116 31
94 117 31
95 108 31
96 112 31
96 115 31
97 48 31
97 50 31
98 107 31
99 26 31
99 28 31
100 110 31
100 111 31
101 106 31
102 105 31
103 104 31
104 108 31
104 109 31
105 97 31
105 101 31
106 102 31
107 3 31
107 4 31
107 6 31
108 38 31
108 39 31
109 101 31
110 100 31
111 97 31
112 36 31
112 37 31
113 96 31
114 93 31
114 95 31
115 32 31
115 33 31
116 29 31
116 31 31
117 95 31
118 94 31
119 93 31
120 86 31
120 88 31
122 92 31
123 91 31
124 88 31
125 87 31
126 86 31
127 85 31
128 84 31
129 68 31
129 78 31
130 83 31
131 82 31
132 81 31
133 80 31
134 79 31
135 24 31
135 26 31
137 78 31
138 76 31
139 17 31
139 20 31
141 74 31
142 73 31
143 60 31
143 66 31
144 71 31
145 116 31
145 130 31
145 2 31
146 70 31
147 68 31
149 103 31
150 67 31
2 65 32
2 66 32
3 150 32
4 148 32
5 147 32
6 63 32
6 64 32
7 146 32
10 145 32
11 61 32
11 62 32
12 144 32
13 143 32
14 57 32
14 60 32
15 55 32
15 56 32
16 142 32
17 53 32
17 54 32
18 141 32
19 51 32
19 52 32
20 49 32
20 50 32
22 47 32
22 48 32
25 140 32
26 139 32
27 138 32
29 137 32
30 29 32
30 31 32
31 136 32
32 27 32
32 28 32
33 25 32
33 26 32
34 45 32
34 46 32
35 135 32
36 134 32
37 133 32
38 132 32
40 131 32
42 40 32
42 44 32
43 11 32
43 12 32
43 15 32
45 130 32
46 23 32
46 24 32
47 129 32
48 21 32
48 22 32
50 18 32
50 20 32
51 128 32
52 127 32
53 16 32
53 17 32
54 13 32
54 15 32
55 126 32
57 11 32
57 12 32
58 38 32
58 39 32
59 125 32
60 124 32
61 9 32
61 10 32
62 123 32
63 122 32
64 7 32
64 8 32
65 121 32
68 65 32
68 66 32
69 36 32
69 37 32
70 4 32
70 6 32
71 120 32
72 8 32
72 9 32
72 10 32
73 119 32
74 2 32
74 3 32
75 118 32
76 117 32
77 33 32
77 35 32
78 57 32
78 60 32
79 116 32
80 115 32
81 148 32
81 150 32
82 114 32
83 113 32
84 139 32
84 140 32
85 112 32
86 111 32
88 55 32
88 56 32
89 110 32
90 30 32
90 32 32
91 136 32
91 138 32
92 130 32
92 135 32
93 109 32
95 116 32
95 130 32
95 2 32
96 122 32
96 128 32
97 108 32
98 107 32
99 106 32
100 105 32
101 48 32
101 50 32
102 104 32
103 116 32
103 117 32
104 102 32
105 101 32
106 100 32
107 97 32
108 96 32
109 36 32
109 111 32
109 115 32
111 95 32
112 38 32
112 39 32
113 112 32
113 115 32
114 94 32
116 93 32
117 92 32
118 91 32
119 110 32
119 111 32
120 88 32
121 87 32
122 86 32
123 108 32
123 109 32
124 85 32
125 3 32
125 4 32
125 6 32
127 84 32
128 83 32
129 82 32
130 36 32
130 37 32
131 81 32
132 80 32
133 97 32
133 101 32
134 93 32
134 95 32
135 32 32
135 33 32
136 79 32
137 78 32
138 29 32
138 31 32
139 24 32
139 26 32
140 76 32
141 74 32
142 73 32
143 86 32
143 88 32
144 68 32
144 78 32
145 71 32
146 70 32
147 68 32
148 67 32
149 103 32
150 17 32
150 20 32
0 65 33
0 66 33
1 63 33
1 64 33
2 36 33
2 111 33
2 115 33
4 150 33
7 8 33
7 9 33
7 10 33
8 148 33
10 147 33
11 61 33
11 62 33
12 146 33
13 145 33
14 144 33
15 143 33
16 57 33
16 60 33
17 55 33
17 56 33
18 142 33
19 141 33
20 53 33
20 54 33
21 51 33
21 52 33
22 140 33
23 3 33
23 4 33
23 6 33
24 139 33
25 138 33
26 49 33
26 50 33
27 137 33
29 136 33
30 29 33
30 31 33
31 27 33
31 28 33
32 25 33
32 26 33
33 23 33
33 24 33
34 135 33
35 21 33
35 22 33
36 134 33
37 133 33
38 132 33
39 131 33
41 47 33
41 48 33
42 45 33
42 46 33
43 130 33
44 129 33
45 128 33
46 18 33
46 20 33
47 127 33
48 126 33
49 125 33
50 124 33
51 123 33
52 16 33
52 17 33
53 13 33
53 15 33
54 122 33
55 121 33
56 11 33
56 12 33
57 9 33
57 10 33
58 120 33
59 119 33
60 57 33
60 65 33
61 118 33
62 7 33
62 8 33
63 117 33
64 116 33
65 55 33
65 56 33
66 48 33
66 50 33
67 4 33
67 6 33
68 38 33
68 39 33
69 40 33
69 44 33
71 115 33
72 114 33
73 113 33
74 112 33
75 111 33
76 110 33
77 38 33
77 39 33
79 109 33
80 108 33
81 2 33
81 3 33
82 107 33
83 106 33
84 105 33
85 148 33
85 150 33
86 36 33
86 37 33
87 139 33
87 140 33
88 104 33
89 36 33
89 37 33
90 11 33
90 12 33
90 15 33
91 136 33
91 138 33
92 103 33
94 102 33
95 32 33
95 33 33
97 101 33
98 100 33
99 33 33
99 35 33
100 97 33
101 96 33
102 130 33
102 135 33
103 95 33
104 122 33
104 128 33
106 94 33
107 93 33
108 92 33
109 91 33
110 88 33
111 87 33
112 86 33
114 85 33
115 84 33
117 83 33
118 116 33
118 117 33
120 112 33
120 115 33
121 110 33
121 111 33
122 29 33
122 31 33
123 108 33
123 109 33
124 97 33
124 101 33
125 93 33
125 95 33
126 82 33
128 81 33
129 80 33
130 24 33
130 26 33
131 86 33
131 88 33
132 116 33
132 130 33
132 2 33
133 79 33
134 78 33
136 76 33
138 74 33
140 17 33
140 20 33
142 73 33
143 71 33
144 68 33
144 78 33
145 60 33
145 66 33
146 70 33
148 68 33
149 30 33
149 32 33
150 67 33
