0 89 17
0 90 17
1 87 17
1 88 17
2 150 17
3 149 17
4 148 17
5 85 17
5 86 17
6 147 17
7 146 17
8 145 17
9 144 17
10 83 17
10 84 17
11 81 17
11 82 17
12 79 17
12 80 17
13 77 17
13 78 17
14 75 17
14 76 17
15 143 17
16 73 17
16 74 17
17 71 17
17 72 17
18 69 17
18 70 17
19 142 17
20 67 17
20 68 17
21 65 17
21 66 17
22 63 17
22 64 17
23 141 17
24 140 17
25 61 17
25 62 17
26 59 17
26 60 17
27 139 17
28 57 17
28 58 17
29 55 17
29 56 17
30 53 17
30 54 17
31 138 17
32 51 17
32 52 17
33 49 17
33 50 17
34 137 17
35 136 17
36 135 17
37 47 17
37 48 17
38 134 17
39 45 17
39 46 17
40 41 17
40 44 17
41 42 17
41 43 17
42 133 17
43 39 17
43 40 17
44 37 17
44 38 17
45 132 17
46 35 17
46 36 17
47 131 17
48 33 17
48 34 17
49 130 17
50 31 17
50 32 17
51 29 17
51 30 17
52 129 17
53 27 17
53 28 17
54 25 17
54 26 17
55 23 17
55 24 17
56 21 17
56 22 17
57 128 17
58 19 17
58 20 17
59 17 17
59 18 17
60 127 17
61 15 17
61 16 17
62 126 17
63 13 17
63 14 17
64 11 17
64 12 17
65 125 17
66 9 17
66 10 17
67 66 17
67 68 17
68 124 17
69 123 17
70 7 17
70 8 17
71 5 17
71 6 17
72 64 17
72 65 17
73 3 17
73 4 17
74 62 17
74 63 17
75 122 17
76 1 17
76 2 17
77 60 17
77 61 17
78 54 17
78 59 17
79 52 17
79 53 17
80 121 17
81 148 17
81 0 17
82 146 17
82 147 17
83 49 17
83 51 17
84 144 17
84 145 17
85 120 17
86 142 17
86 143 17
87 138 17
87 141 17
88 133 17
88 134 17
89 131 17
89 132 17
90 119 17
91 46 17
91 47 17
92 118 17
93 44 17
93 45 17
94 126 17
94 129 17
95 117 17
96 122 17
96 123 17
97 39 17
97 40 17
98 120 17
98 121 17
99 118 17
99 119 17
100 113 17
100 117 17
101 116 17
102 115 17
103 37 17
103 38 17
104 114 17
105 33 17
105 34 17
106 28 17
106 30 17
107 113 17
108 25 17
108 27 17
109 112 17
110 111 17
111 110 17
112 108 17
112 109 17
113 19 17
113 22 17
114 106 17
114 107 17
115 104 17
115 105 17
116 102 17
116 103 17
117 109 17
118 17 17
118 18 17
119 108 17
120 14 17
120 16 17
121 107 17
122 106 17
123 11 17
123 13 17
124 97 17
124 101 17
125 105 17
126 104 17
127 92 17
127 93 17
128 85 17
128 91 17
129 103 17
130 79 17
130 83 17
131 9 17
131 10 17
132 102 17
133 7 17
133 8 17
134 101 17
135 100 17
136 99 17
137 77 17
137 78 17
138 5 17
138 6 17
139 98 17
140 97 17
141 96 17
142 95 17
143 2 17
143 3 17
144 94 17
145 93 17
146 92 17
147 91 17
148 0 17
148 1 17
149 72 17
149 74 17
150 67 17
150 69 17
0 89 18
0 90 18
1 150 18
2 87 18
2 88 18
3 149 18
4 85 18
4 86 18
5 83 18
5 84 18
6 81 18
6 82 18
7 79 18
7 80 18
8 148 18
9 77 18
9 78 18
10 147 18
11 75 18
11 76 18
12 146 18
13 145 18
14 73 18
14 74 18
15 71 18
15 72 18
16 144 18
17 69 18
17 70 18
18 67 18
18 68 18
19 65 18
19 66 18
20 63 18
20 64 18
21 143 18
22 61 18
22 62 18
23 59 18
23 60 18
24 142 18
25 141 18
26 57 18
26 58 18
27 55 18
27 56 18
28 53 18
28 54 18
29 51 18
29 52 18
30 140 18
31 49 18
31 50 18
32 139 18
33 47 18
33 48 18
34 45 18
34 46 18
35 43 18
35 44 18
36 41 18
36 42 18
37 38 18
37 40 18
38 37 18
38 39 18
39 35 18
39 36 18
40 33 18
40 34 18
41 138 18
42 137 18
43 136 18
44 31 18
44 32 18
45 29 18
45 30 18
46 27 18
46 28 18
47 25 18
47 26 18
48 23 18
48 24 18
49 21 18
49 22 18
50 135 18
51 19 18
51 20 18
52 134 18
53 17 18
53 18 18
54 15 18
54 16 18
55 133 18
56 13 18
56 14 18
57 11 18
57 12 18
58 9 18
58 10 18
59 132 18
60 7 18
60 8 18
61 5 18
61 6 18
62 3 18
62 4 18
63 1 18
63 2 18
64 148 18
64 0 18
65 146 18
65 147 18
66 131 18
67 144 18
67 145 18
68 69 18
68 72 18
69 130 18
70 129 18
71 128 18
72 66 18
72 67 18
73 127 18
74 64 18
74 65 18
75 142 18
75 143 18
76 138 18
76 141 18
77 62 18
77 63 18
78 126 18
79 125 18
80 124 18
81 123 18
82 133 18
82 134 18
83 122 18
84 121 18
85 60 18
85 61 18
86 131 18
86 132 18
87 120 18
88 126 18
88 129 18
89 119 18
90 122 18
90 123 18
91 118 18
92 54 18
92 59 18
93 52 18
93 53 18
94 117 18
95 120 18
95 121 18
96 118 18
96 119 18
97 116 18
98 115 18
99 113 18
99 117 18
100 114 18
101 113 18
102 112 18
103 49 18
103 51 18
104 46 18
104 47 18
105 44 18
105 45 18
106 39 18
106 40 18
107 111 18
108 110 18
109 37 18
109 38 18
110 108 18
110 109 18
111 109 18
112 106 18
112 107 18
113 33 18
113 34 18
114 108 18
115 104 18
115 105 18
116 107 18
117 28 18
117 30 18
118 25 18
118 27 18
119 19 18
119 22 18
120 106 18
121 105 18
122 104 18
123 103 18
124 102 18
124 103 18
125 97 18
125 101 18
126 17 18
126 18 18
127 92 18
127 93 18
128 102 18
129 14 18
129 16 18
130 101 18
131 11 18
131 13 18
132 9 18
132 10 18
133 100 18
134 99 18
135 98 18
136 97 18
137 96 18
138 7 18
138 8 18
139 85 18
139 91 18
140 79 18
140 83 18
141 95 18
142 5 18
142 6 18
143 94 18
144 93 18
145 92 18
146 2 18
146 3 18
147 91 18
148 0 18
148 1 18
149 77 18
149 78 18
150 68 18
150 74 18
0 89 19
0 90 19
1 150 19
2 87 19
2 88 19
3 85 19
3 86 19
4 83 19
4 84 19
5 149 19
6 148 19
7 81 19
7 82 19
8 147 19
9 79 19
9 80 19
10 146 19
11 77 19
11 78 19
12 75 19
12 76 19
13 145 19
14 144 19
15 143 19
16 73 19
16 74 19
17 142 19
18 71 19
18 72 19
19 69 19
19 70 19
20 67 19
20 68 19
21 65 19
21 66 19
22 63 19
22 64 19
23 61 19
23 62 19
24 59 19
24 60 19
25 57 19
25 58 19
26 141 19
27 140 19
28 55 19
28 56 19
29 139 19
30 53 19
30 54 19
31 138 19
32 51 19
32 52 19
33 137 19
34 49 19
34 50 19
35 136 19
36 47 19
36 48 19
37 135 19
38 43 19
38 46 19
39 134 19
40 133 19
41 132 19
42 131 19
43 44 19
43 45 19
44 41 19
44 42 19
45 39 19
45 40 19
46 130 19
47 37 19
47 38 19
48 35 19
48 36 19
49 33 19
49 34 19
50 129 19
51 31 19
51 32 19
52 29 19
52 30 19
53 128 19
54 27 19
54 28 19
55 127 19
56 126 19
57 125 19
58 25 19
58 26 19
59 23 19
59 24 19
60 124 19
61 123 19
62 122 19
63 121 19
64 21 19
64 22 19
65 19 19
65 20 19
66 17 19
66 18 19
67 120 19
68 119 19
69 15 19
69 16 19
70 118 19
71 117 19
72 13 19
72 14 19
73 116 19
74 115 19
75 11 19
75 12 19
76 9 19
76 10 19
77 114 19
78 72 19
78 74 19
79 68 19
79 69 19
80 7 19
80 8 19
81 5 19
81 6 19
82 3 19
82 4 19
83 66 19
83 67 19
84 113 19
85 64 19
85 65 19
86 1 19
86 2 19
87 148 19
87 0 19
88 146 19
88 147 19
89 144 19
89 145 19
90 112 19
91 62 19
91 63 19
92 60 19
92 61 19
93 111 19
94 110 19
95 109 19
96 108 19
97 54 19
97 59 19
98 142 19
98 143 19
99 138 19
99 141 19
100 133 19
100 134 19
101 107 19
102 106 19
103 104 19
104 105 19
105 52 19
105 53 19
106 103 19
107 49 19
107 51 19
108 102 19
109 46 19
109 47 19
110 131 19
110 132 19
111 126 19
111 129 19
112 101 19
113 100 19
114 122 19
114 123 19
115 120 19
115 121 19
116 118 19
116 119 19
117 99 19
118 98 19
119 44 19
119 45 19
120 39 19
120 40 19
121 37 19
121 38 19
122 97 19
123 33 19
123 34 19
124 113 19
124 117 19
125 96 19
126 28 19
126 30 19
127 108 19
127 109 19
128 106 19
128 107 19
129 25 19
129 27 19
130 104 19
130 105 19
131 19 19
131 22 19
132 17 19
132 18 19
133 95 19
134 14 19
134 16 19
135 102 19
135 103 19
136 97 19
136 101 19
137 94 19
138 11 19
138 13 19
139 92 19
139 93 19
140 85 19
140 91 19
141 9 19
141 10 19
142 7 19
142 8 19
143 5 19
143 6 19
144 93 19
145 92 19
146 91 19
147 2 19
147 3 19
148 0 19
148 1 19
149 79 19
149 83 19
150 77 19
150 78 19
0 150 21
1 89 21
1 90 21
2 149 21
3 148 21
4 147 21
5 87 21
5 88 21
6 146 21
7 145 21
8 85 21
8 86 21
9 83 21
9 84 21
10 81 21
10 82 21
11 144 21
12 143 21
13 79 21
13 80 21
14 142 21
15 77 21
15 78 21
16 75 21
16 76 21
17 73 21
17 74 21
18 71 21
18 72 21
19 69 21
19 70 21
20 141 21
21 67 21
21 68 21
22 140 21
23 139 21
24 65 21
24 66 21
25 63 21
25 64 21
26 61 21
26 62 21
27 138 21
28 59 21
28 60 21
29 137 21
30 57 21
30 58 21
31 55 21
31 56 21
32 53 21
32 54 21
33 136 21
34 51 21
34 52 21
35 49 21
35 50 21
36 47 21
36 48 21
37 135 21
38 45 21
38 46 21
39 134 21
40 41 21
40 44 21
41 42 21
41 43 21
42 133 21
43 39 21
43 40 21
44 37 21
44 38 21
45 132 21
46 131 21
47 130 21
48 129 21
49 35 21
49 36 21
50 33 21
50 34 21
51 128 21
52 127 21
53 31 21
53 32 21
54 29 21
54 30 21
55 27 21
55 28 21
56 126 21
57 125 21
58 25 21
58 26 21
59 124 21
60 23 21
60 24 21
61 21 21
61 22 21
62 19 21
62 20 21
63 17 21
63 18 21
64 123 21
65 15 21
65 16 21
66 13 21
66 14 21
67 11 21
67 12 21
68 122 21
69 9 21
69 10 21
70 7 21
70 8 21
71 5 21
71 6 21
72 3 21
72 4 21
73 121 21
74 120 21
75 1 21
75 2 21
76 119 21
77 148 21
77 0 21
78 146 21
78 147 21
79 77 21
79 78 21
80 144 21
80 145 21
81 142 21
81 143 21
82 118 21
83 117 21
84 138 21
84 141 21
85 116 21
86 115 21
87 133 21
87 134 21
88 114 21
89 131 21
89 132 21
90 126 21
90 129 21
91 113 21
92 112 21
93 111 21
94 122 21
94 123 21
95 120 21
95 121 21
96 110 21
97 72 21
97 74 21
98 109 21
99 118 21
99 119 21
100 108 21
101 68 21
101 69 21
102 66 21
102 67 21
103 107 21
104 64 21
104 65 21
105 62 21
105 63 21
106 60 21
106 61 21
107 54 21
107 59 21
108 106 21
109 52 21
109 53 21
110 113 21
110 117 21
111 105 21
112 104 21
113 49 21
113 51 21
114 103 21
115 108 21
115 109 21
116 106 21
116 107 21
117 46 21
117 47 21
118 44 21
118 45 21
119 102 21
120 39 21
120 40 21
121 37 21
121 38 21
122 33 21
122 34 21
123 28 21
123 30 21
124 104 21
124 105 21
125 101 21
126 100 21
127 102 21
127 103 21
128 99 21
129 25 21
129 27 21
130 97 21
130 101 21
131 19 21
131 22 21
132 17 21
132 18 21
133 14 21
133 16 21
134 11 21
134 13 21
135 98 21
136 92 21
136 93 21
137 85 21
137 91 21
138 97 21
139 96 21
140 95 21
141 9 21
141 10 21
142 94 21
143 7 21
143 8 21
144 5 21
144 6 21
145 93 21
146 2 21
146 3 21
147 0 21
147 1 21
148 92 21
149 91 21
150 79 21
150 83 21
0 89 22
0 90 22
1 87 22
1 88 22
2 150 22
3 85 22
3 86 22
4 83 22
4 84 22
5 149 22
6 81 22
6 82 22
7 79 22
7 80 22
8 77 22
8 78 22
9 75 22
9 76 22
10 73 22
10 74 22
11 148 22
12 71 22
12 72 22
13 147 22
14 69 22
14 70 22
15 146 22
16 67 22
16 68 22
17 145 22
18 65 22
18 66 22
19 63 22
19 64 22
20 144 22
21 143 22
22 61 22
22 62 22
23 59 22
23 60 22
24 57 22
24 58 22
25 142 22
26 55 22
26 56 22
27 141 22
28 53 22
28 54 22
29 140 22
30 139 22
31 138 22
32 51 22
32 52 22
33 49 22
33 50 22
34 137 22
35 47 22
35 48 22
36 45 22
36 46 22
37 43 22
37 44 22
38 40 22
38 42 22
39 136 22
40 39 22
40 41 22
41 135 22
42 37 22
42 38 22
43 35 22
43 36 22
44 134 22
45 33 22
45 34 22
46 31 22
46 32 22
47 29 22
47 30 22
48 133 22
49 27 22
49 28 22
50 25 22
50 26 22
51 23 22
51 24 22
52 132 22
53 21 22
53 22 22
54 131 22
55 130 22
56 19 22
56 20 22
57 17 22
57 18 22
58 15 22
58 16 22
59 13 22
59 14 22
60 129 22
61 128 22
62 11 22
62 12 22
63 9 22
63 10 22
64 127 22
65 126 22
66 125 22
67 7 22
67 8 22
68 5 22
68 6 22
69 3 22
69 4 22
70 124 22
71 1 22
71 2 22
72 148 22
72 0 22
73 123 22
74 146 22
74 147 22
75 144 22
75 145 22
76 142 22
76 143 22
77 138 22
77 141 22
78 122 22
79 77 22
79 78 22
80 133 22
80 134 22
81 121 22
82 131 22
82 132 22
83 120 22
84 126 22
84 129 22
85 72 22
85 74 22
86 119 22
87 118 22
88 122 22
88 123 22
89 120 22
89 121 22
90 118 22
90 119 22
91 68 22
91 69 22
92 66 22
92 67 22
93 64 22
93 65 22
94 113 22
94 117 22
95 117 22
96 108 22
96 109 22
97 62 22
97 63 22
98 116 22
99 106 22
99 107 22
100 115 22
101 60 22
101 61 22
102 114 22
103 54 22
103 59 22
104 113 22
105 112 22
106 52 22
106 53 22
107 49 22
107 51 22
108 46 22
108 47 22
109 44 22
109 45 22
110 111 22
111 110 22
112 109 22
113 39 22
113 40 22
114 104 22
114 105 22
115 108 22
116 107 22
117 106 22
118 37 22
118 38 22
119 105 22
120 104 22
121 33 22
121 34 22
122 28 22
122 30 22
123 25 22
123 27 22
124 102 22
124 103 22
125 103 22
126 102 22
127 101 22
128 97 22
128 101 22
129 100 22
130 99 22
131 98 22
132 19 22
132 22 22
133 17 22
133 18 22
134 97 22
135 92 22
135 93 22
136 96 22
137 95 22
138 14 22
138 16 22
139 94 22
140 93 22
141 11 22
141 13 22
142 9 22
142 10 22
143 7 22
143 8 22
144 5 22
144 6 22
145 2 22
145 3 22
146 0 22
146 1 22
147 92 22
148 91 22
149 85 22
149 91 22
150 79 22
150 83 22
0 89 23
0 90 23
1 150 23
2 149 23
3 87 23
3 88 23
4 85 23
4 86 23
5 148 23
6 147 23
7 146 23
8 83 23
8 84 23
9 81 23
9 82 23
10 79 23
10 80 23
11 77 23
11 78 23
12 145 23
13 75 23
13 76 23
14 73 23
14 74 23
15 144 23
16 71 23
16 72 23
17 143 23
18 142 23
19 69 23
19 70 23
20 141 23
21 67 23
21 68 23
22 140 23
23 139 23
24 138 23
25 137 23
26 65 23
26 66 23
27 63 23
27 64 23
28 61 23
28 62 23
29 59 23
29 60 23
30 57 23
30 58 23
31 55 23
31 56 23
32 53 23
32 54 23
33 136 23
34 51 23
34 52 23
35 135 23
36 134 23
37 133 23
38 132 23
39 131 23
40 49 23
40 50 23
41 47 23
41 48 23
42 43 23
42 46 23
43 44 23
43 45 23
44 41 23
44 42 23
45 130 23
46 129 23
47 39 23
47 40 23
48 128 23
49 37 23
49 38 23
50 127 23
51 126 23
52 35 23
52 36 23
53 33 23
53 34 23
54 125 23
55 31 23
55 32 23
56 124 23
57 29 23
57 30 23
58 123 23
59 27 23
59 28 23
60 122 23
61 25 23
61 26 23
62 23 23
62 24 23
63 21 23
63 22 23
64 19 23
64 20 23
65 17 23
65 18 23
66 121 23
67 15 23
67 16 23
68 13 23
68 14 23
69 120 23
70 11 23
70 12 23
71 119 23
72 9 23
72 10 23
73 118 23
74 117 23
75 116 23
76 115 23
77 114 23
78 7 23
78 8 23
79 113 23
80 112 23
81 5 23
81 6 23
82 111 23
83 77 23
83 78 23
84 3 23
84 4 23
85 72 23
85 74 23
86 110 23
87 1 23
87 2 23
88 109 23
89 148 23
89 0 23
90 108 23
91 68 23
91 69 23
92 107 23
93 66 23
93 67 23
94 146 23
94 147 23
95 144 23
95 145 23
96 142 23
96 143 23
97 64 23
97 65 23
98 106 23
99 138 23
99 141 23
100 133 23
100 134 23
101 62 23
101 63 23
102 60 23
102 61 23
103 54 23
103 59 23
104 105 23
105 104 23
106 52 23
106 53 23
107 49 23
107 51 23
108 103 23
109 46 23
109 47 23
110 131 23
110 132 23
111 126 23
111 129 23
112 122 23
112 123 23
113 102 23
114 120 23
114 121 23
115 118 23
115 119 23
116 113 23
116 117 23
117 44 23
117 45 23
118 39 23
118 40 23
119 37 23
119 38 23
120 101 23
121 100 23
122 33 23
122 34 23
123 99 23
124 108 23
124 109 23
125 106 23
125 107 23
126 28 23
126 30 23
127 104 23
127 105 23
128 102 23
128 103 23
129 25 23
129 27 23
130 98 23
131 19 23
131 22 23
132 17 23
132 18 23
133 14 23
133 16 23
134 97 23
135 97 23
135 101 23
136 96 23
137 92 23
137 93 23
138 11 23
138 13 23
139 95 23
140 85 23
140 91 23
141 94 23
142 93 23
143 9 23
143 10 23
144 7 23
144 8 23
145 5 23
145 6 23
146 92 23
147 2 23
147 3 23
148 0 23
148 1 23
149 91 23
150 79 23
150 83 23
0 150 24
1 149 24
2 89 24
2 90 24
3 87 24
3 88 24
4 85 24
4 86 24
5 83 24
5 84 24
6 148 24
7 81 24
7 82 24
8 79 24
8 80 24
9 77 24
9 78 24
10 75 24
10 76 24
11 73 24
11 74 24
12 147 24
13 71 24
13 72 24
14 146 24
15 69 24
15 70 24
16 67 24
16 68 24
17 65 24
17 66 24
18 145 24
19 144 24
20 143 24
21 63 24
21 64 24
22 61 24
22 62 24
23 59 24
23 60 24
24 142 24
25 141 24
26 140 24
27 57 24
27 58 24
28 55 24
28 56 24
29 139 24
30 53 24
30 54 24
31 51 24
31 52 24
32 49 24
32 50 24
33 138 24
34 47 24
34 48 24
35 45 24
35 46 24
36 137 24
37 136 24
38 43 24
38 44 24
39 135 24
40 41 24
40 42 24
41 39 24
41 40 24
42 37 24
42 38 24
43 134 24
44 35 24
44 36 24
45 33 24
45 34 24
46 133 24
47 132 24
48 31 24
48 32 24
49 29 24
49 30 24
50 131 24
51 130 24
52 27 24
52 28 24
53 25 24
53 26 24
54 23 24
54 24 24
55 129 24
56 128 24
57 21 24
57 22 24
58 19 24
58 20 24
59 127 24
60 17 24
60 18 24
61 15 24
61 16 24
62 13 24
62 14 24
63 11 24
63 12 24
64 126 24
65 9 24
65 10 24
66 125 24
67 7 24
67 8 24
68 5 24
68 6 24
69 124 24
70 3 24
70 4 24
71 1 24
71 2 24
72 123 24
73 122 24
74 72 24
74 77 24
75 148 24
75 0 24
76 121 24
77 68 24
77 69 24
78 120 24
79 66 24
79 67 24
80 119 24
81 146 24
81 147 24
82 118 24
83 64 24
83 65 24
84 117 24
85 62 24
85 63 24
86 116 24
87 115 24
88 114 24
89 144 24
89 145 24
90 113 24
91 60 24
91 61 24
92 54 24
92 59 24
93 52 24
93 53 24
94 142 24
94 143 24
95 138 24
95 141 24
96 112 24
97 49 24
97 51 24
98 133 24
98 134 24
99 131 24
99 132 24
100 111 24
101 110 24
102 109 24
103 46 24
103 47 24
104 44 24
104 45 24
105 107 24
106 39 24
106 40 24
107 108 24
108 106 24
109 37 24
109 38 24
110 126 24
110 129 24
111 105 24
112 122 24
112 123 24
113 104 24
114 120 24
114 121 24
115 103 24
116 118 24
116 119 24
117 33 24
117 34 24
118 102 24
119 101 24
120 100 24
121 28 24
121 30 24
122 25 24
122 27 24
123 99 24
124 113 24
124 117 24
125 108 24
125 109 24
126 98 24
127 106 24
127 107 24
128 104 24
128 105 24
129 19 24
129 22 24
130 102 24
130 103 24
131 17 24
131 18 24
132 14 24
132 16 24
133 11 24
133 13 24
134 97 24
135 96 24
136 97 24
136 101 24
137 92 24
137 93 24
138 95 24
139 85 24
139 91 24
140 79 24
140 83 24
141 9 24
141 10 24
142 7 24
142 8 24
143 94 24
144 5 24
144 6 24
145 93 24
146 92 24
147 2 24
147 3 24
148 0 24
148 1 24
149 74 24
149 78 24
150 91 24
0 150 25
1 89 25
1 90 25
2 149 25
3 87 25
3 88 25
4 148 25
5 85 25
5 86 25
6 83 25
6 84 25
7 147 25
8 81 25
8 82 25
9 146 25
10 79 25
10 80 25
11 145 25
12 144 25
13 143 25
14 142 25
15 141 25
16 77 25
16 78 25
17 75 25
17 76 25
18 73 25
18 74 25
19 71 25
19 72 25
20 69 25
20 70 25
21 67 25
21 68 25
22 65 25
22 66 25
23 140 25
24 63 25
24 64 25
25 139 25
26 138 25
27 61 25
27 62 25
28 59 25
28 60 25
29 57 25
29 58 25
30 55 25
30 56 25
31 53 25
31 54 25
32 51 25
32 52 25
33 49 25
33 50 25
34 137 25
35 47 25
35 48 25
36 45 25
36 46 25
37 43 25
37 44 25
38 39 25
38 42 25
39 40 25
39 41 25
40 37 25
40 38 25
41 136 25
42 135 25
43 35 25
43 36 25
44 33 25
44 34 25
45 31 25
45 32 25
46 134 25
47 29 25
47 30 25
48 133 25
49 27 25
49 28 25
50 132 25
51 25 25
51 26 25
52 131 25
53 23 25
53 24 25
54 130 25
55 129 25
56 128 25
57 21 25
57 22 25
58 19 25
58 20 25
59 17 25
59 18 25
60 15 25
60 16 25
61 13 25
61 14 25
62 11 25
62 12 25
63 127 25
64 126 25
65 125 25
66 124 25
67 9 25
67 10 25
68 7 25
68 8 25
69 123 25
70 5 25
70 6 25
71 3 25
71 4 25
72 1 25
72 2 25
73 148 25
73 0 25
74 72 25
74 77 25
75 146 25
75 147 25
76 122 25
77 121 25
78 68 25
78 69 25
79 120 25
80 144 25
80 145 25
81 119 25
82 142 25
82 143 25
83 66 25
83 67 25
84 138 25
84 141 25
85 64 25
85 65 25
86 133 25
86 134 25
87 118 25
88 131 25
88 132 25
89 117 25
90 126 25
90 129 25
91 116 25
92 62 25
92 63 25
93 60 25
93 61 25
94 122 25
94 123 25
95 115 25
96 120 25
96 121 25
97 54 25
97 59 25
98 118 25
98 119 25
99 114 25
100 113 25
101 112 25
102 52 25
102 53 25
103 111 25
104 110 25
105 49 25
105 51 25
106 109 25
107 108 25
108 46 25
108 47 25
109 107 25
110 113 25
110 117 25
111 106 25
112 108 25
112 109 25
113 44 25
113 45 25
114 105 25
115 106 25
115 107 25
116 104 25
117 103 25
118 39 25
118 40 25
119 37 25
119 38 25
120 102 25
121 33 25
121 34 25
122 28 25
122 30 25
123 101 25
124 100 25
125 104 25
125 105 25
126 99 25
127 98 25
128 102 25
128 103 25
129 97 25
130 97 25
130 101 25
131 25 25
131 27 25
132 19 25
132 22 25
133 17 25
133 18 25
134 14 25
134 16 25
135 96 25
136 92 25
136 93 25
137 95 25
138 11 25
138 13 25
139 85 25
139 91 25
140 79 25
140 83 25
141 9 25
141 10 25
142 7 25
142 8 25
143 94 25
144 5 25
144 6 25
145 93 25
146 92 25
147 2 25
147 3 25
148 0 25
148 1 25
149 91 25
150 74 25
150 78 25
0 150 26
1 89 26
1 90 26
2 87 26
2 88 26
3 85 26
3 86 26
4 149 26
5 148 26
6 83 26
6 84 26
7 81 26
7 82 26
8 147 26
9 79 26
9 80 26
10 77 26
10 78 26
11 146 26
12 145 26
13 75 26
13 76 26
14 73 26
14 74 26
15 144 26
16 143 26
17 142 26
18 71 26
18 72 26
19 141 26
20 140 26
21 69 26
21 70 26
22 139 26
23 138 26
24 137 26
25 67 26
25 68 26
26 65 26
26 66 26
27 63 26
27 64 26
28 136 26
29 135 26
30 61 26
30 62 26
31 59 26
31 60 26
32 134 26
33 57 26
33 58 26
34 55 26
34 56 26
35 133 26
36 53 26
36 54 26
37 51 26
37 52 26
38 49 26
38 50 26
39 132 26
40 47 26
40 48 26
41 131 26
42 43 26
42 46 26
43 44 26
43 45 26
44 130 26
45 41 26
45 42 26
46 39 26
46 40 26
47 37 26
47 38 26
48 35 26
48 36 26
49 33 26
49 34 26
50 129 26
51 128 26
52 127 26
53 31 26
53 32 26
54 29 26
54 30 26
55 126 26
56 27 26
56 28 26
57 125 26
58 25 26
58 26 26
59 23 26
59 24 26
60 21 26
60 22 26
61 19 26
61 20 26
62 124 26
63 17 26
63 18 26
64 15 26
64 16 26
65 123 26
66 122 26
67 121 26
68 13 26
68 14 26
69 120 26
70 11 26
70 12 26
71 119 26
72 9 26
72 10 26
73 7 26
73 8 26
74 5 26
74 6 26
75 3 26
75 4 26
76 118 26
77 117 26
78 72 26
78 74 26
79 68 26
79 69 26
80 116 26
81 115 26
82 114 26
83 113 26
84 1 26
84 2 26
85 66 26
85 67 26
86 148 26
86 0 26
87 146 26
87 147 26
88 144 26
88 145 26
89 142 26
89 143 26
90 138 26
90 141 26
91 64 26
91 65 26
92 62 26
92 63 26
93 60 26
93 61 26
94 112 26
95 133 26
95 134 26
96 131 26
96 132 26
97 54 26
97 59 26
98 126 26
98 129 26
99 111 26
100 122 26
100 123 26
101 52 26
101 53 26
102 49 26
102 51 26
103 110 26
104 46 26
104 47 26
105 44 26
105 45 26
106 39 26
106 40 26
107 37 26
107 38 26
108 33 26
108 34 26
109 28 26
109 30 26
110 109 26
111 120 26
111 121 26
112 118 26
112 119 26
113 108 26
114 113 26
114 117 26
115 108 26
115 109 26
116 106 26
116 107 26
117 107 26
118 106 26
119 25 26
119 27 26
120 105 26
121 19 26
121 22 26
122 17 26
122 18 26
123 14 26
123 16 26
124 104 26
125 103 26
126 11 26
126 13 26
127 104 26
127 105 26
128 102 26
128 103 26
129 9 26
129 10 26
130 97 26
130 101 26
131 102 26
132 101 26
133 100 26
134 7 26
134 8 26
135 92 26
135 93 26
136 99 26
137 85 26
137 91 26
138 98 26
139 97 26
140 96 26
141 5 26
141 6 26
142 95 26
143 94 26
144 2 26
144 3 26
145 93 26
146 92 26
147 0 26
147 1 26
148 91 26
149 79 26
149 83 26
150 77 26
150 78 26
0 89 27
0 90 27
1 87 27
1 88 27
2 85 27
2 86 27
3 150 27
4 149 27
5 83 27
5 84 27
6 81 27
6 82 27
7 79 27
7 80 27
8 77 27
8 78 27
9 75 27
9 76 27
10 148 27
11 73 27
11 74 27
12 147 27
13 71 27
13 72 27
14 69 27
14 70 27
15 146 27
16 145 27
17 67 27
17 68 27
18 65 27
18 66 27
19 63 27
19 64 27
20 61 27
20 62 27
21 59 27
21 60 27
22 57 27
22 58 27
23 144 27
24 55 27
24 56 27
25 53 27
25 54 27
26 51 27
26 52 27
27 143 27
28 142 27
29 49 27
29 50 27
30 141 27
31 47 27
31 48 27
32 45 27
32 46 27
33 43 27
33 44 27
34 140 27
35 139 27
36 138 27
37 137 27
38 39 27
38 42 27
39 40 27
39 41 27
40 37 27
40 38 27
41 136 27
42 35 27
42 36 27
43 135 27
44 33 27
44 34 27
45 31 27
45 32 27
46 134 27
47 133 27
48 29 27
48 30 27
49 27 27
49 28 27
50 132 27
51 131 27
52 130 27
53 25 27
53 26 27
54 23 27
54 24 27
55 21 27
55 22 27
56 19 27
56 20 27
57 129 27
58 128 27
59 17 27
59 18 27
60 127 27
61 126 27
62 15 27
62 16 27
63 125 27
64 124 27
65 123 27
66 13 27
66 14 27
67 122 27
68 121 27
69 11 27
69 12 27
70 9 27
70 10 27
71 7 27
71 8 27
72 5 27
72 6 27
73 120 27
74 119 27
75 3 27
75 4 27
76 118 27
77 117 27
78 77 27
78 79 27
79 116 27
80 1 27
80 2 27
81 115 27
82 148 27
82 0 27
83 114 27
84 113 27
85 72 27
85 74 27
86 146 27
86 147 27
87 144 27
87 145 27
88 112 27
89 142 27
89 143 27
90 138 27
90 141 27
91 68 27
91 69 27
92 66 27
92 67 27
93 111 27
94 110 27
95 133 27
95 134 27
96 131 27
96 132 27
97 109 27
98 108 27
99 107 27
100 126 27
100 129 27
101 64 27
101 65 27
102 62 27
102 63 27
103 60 27
103 61 27
104 54 27
104 59 27
105 106 27
106 105 27
107 104 27
108 52 27
108 53 27
109 49 27
109 51 27
110 122 27
110 123 27
111 103 27
112 120 27
112 121 27
113 46 27
113 47 27
114 118 27
114 119 27
115 113 27
115 117 27
116 108 27
116 109 27
117 102 27
118 44 27
118 45 27
119 39 27
119 40 27
120 101 27
121 37 27
121 38 27
122 100 27
123 99 27
124 106 27
124 107 27
125 98 27
126 33 27
126 34 27
127 104 27
127 105 27
128 97 27
129 28 27
129 30 27
130 102 27
130 103 27
131 25 27
131 27 27
132 19 27
132 22 27
133 96 27
134 17 27
134 18 27
135 95 27
136 94 27
137 93 27
138 14 27
138 16 27
139 97 27
139 101 27
140 92 27
140 93 27
141 11 27
141 13 27
142 9 27
142 10 27
143 7 27
143 8 27
144 5 27
144 6 27
145 2 27
145 3 27
146 0 27
146 1 27
147 92 27
148 91 27
149 85 27
149 91 27
150 78 27
150 83 27
0 150 28
1 89 28
1 90 28
2 149 28
3 87 28
3 88 28
4 148 28
5 85 28
5 86 28
6 83 28
6 84 28
7 147 28
8 146 28
9 145 28
10 144 28
11 143 28
12 81 28
12 82 28
13 79 28
13 80 28
14 77 28
14 78 28
15 75 28
15 76 28
16 73 28
16 74 28
17 71 28
17 72 28
18 142 28
19 141 28
20 140 28
21 69 28
21 70 28
22 67 28
22 68 28
23 65 28
23 66 28
24 63 28
24 64 28
25 61 28
25 62 28
26 59 28
26 60 28
27 57 28
27 58 28
28 55 28
28 56 28
29 53 28
29 54 28
30 51 28
30 52 28
31 139 28
32 49 28
32 50 28
33 47 28
33 48 28
34 45 28
34 46 28
35 43 28
35 44 28
36 138 28
37 39 28
37 42 28
38 137 28
39 40 28
39 41 28
40 37 28
40 38 28
41 35 28
41 36 28
42 136 28
43 135 28
44 33 28
44 34 28
45 134 28
46 133 28
47 132 28
48 131 28
49 31 28
49 32 28
50 130 28
51 129 28
52 29 28
52 30 28
53 128 28
54 27 28
54 28 28
55 127 28
56 25 28
56 26 28
57 23 28
57 24 28
58 21 28
58 22 28
59 19 28
59 20 28
60 17 28
60 18 28
61 126 28
62 125 28
63 15 28
63 16 28
64 124 28
65 123 28
66 122 28
67 13 28
67 14 28
68 11 28
68 12 28
69 9 28
69 10 28
70 7 28
70 8 28
71 121 28
72 120 28
73 119 28
74 118 28
75 5 28
75 6 28
76 3 28
76 4 28
77 72 28
77 74 28
78 117 28
79 68 28
79 69 28
80 1 28
80 2 28
81 148 28
81 0 28
82 116 28
83 115 28
84 114 28
85 113 28
86 112 28
87 146 28
87 147 28
88 111 28
89 144 28
89 145 28
90 142 28
90 143 28
91 66 28
91 67 28
92 110 28
93 64 28
93 65 28
94 138 28
94 141 28
95 133 28
95 134 28
96 131 28
96 132 28
97 62 28
97 63 28
98 126 28
98 129 28
99 109 28
100 108 28
101 107 28
102 105 28
103 60 28
103 61 28
104 54 28
104 59 28
105 106 28
106 52 28
106 53 28
107 49 28
107 51 28
108 46 28
108 47 28
109 44 28
109 45 28
110 122 28
110 123 28
111 104 28
112 120 28
112 121 28
113 103 28
114 102 28
115 118 28
115 119 28
116 113 28
116 117 28
117 39 28
117 40 28
118 101 28
119 37 28
119 38 28
120 100 28
121 99 28
122 33 28
122 34 28
123 28 28
123 30 28
124 108 28
124 109 28
125 106 28
125 107 28
126 25 28
126 27 28
127 104 28
127 105 28
128 102 28
128 103 28
129 98 28
130 97 28
130 101 28
131 19 28
131 22 28
132 17 28
132 18 28
133 14 28
133 16 28
134 97 28
135 92 28
135 93 28
136 96 28
137 95 28
138 11 28
138 13 28
139 85 28
139 91 28
140 79 28
140 83 28
141 94 28
142 9 28
142 10 28
143 7 28
143 8 28
144 5 28
144 6 28
145 2 28
145 3 28
146 93 28
147 92 28
148 0 28
148 1 28
149 91 28
150 77 28
150 78 28
0 150 29
1 89 29
1 90 29
2 149 29
3 148 29
4 147 29
5 146 29
6 87 29
6 88 29
7 85 29
7 86 29
8 83 29
8 84 29
9 81 29
9 82 29
10 79 29
10 80 29
11 77 29
11 78 29
12 75 29
12 76 29
13 145 29
14 73 29
14 74 29
15 71 29
15 72 29
16 144 29
17 69 29
17 70 29
18 143 29
19 67 29
19 68 29
20 65 29
20 66 29
21 63 29
21 64 29
22 61 29
22 62 29
23 59 29
23 60 29
24 57 29
24 58 29
25 142 29
26 55 29
26 56 29
27 141 29
28 140 29
29 53 29
29 54 29
30 139 29
31 138 29
32 137 29
33 51 29
33 52 29
34 136 29
35 49 29
35 50 29
36 135 29
37 47 29
37 48 29
38 134 29
39 45 29
39 46 29
40 43 29
40 44 29
41 133 29
42 132 29
43 41 29
43 42 29
44 39 29
44 40 29
45 131 29
46 130 29
47 37 29
47 38 29
48 35 29
48 36 29
49 33 29
49 34 29
50 129 29
51 128 29
52 31 29
52 32 29
53 29 29
53 30 29
54 127 29
55 126 29
56 27 29
56 28 29
57 125 29
58 124 29
59 25 29
59 26 29
60 23 29
60 24 29
61 21 29
61 22 29
62 19 29
62 20 29
63 123 29
64 122 29
65 121 29
66 17 29
66 18 29
67 120 29
68 15 29
68 16 29
69 119 29
70 13 29
70 14 29
71 11 29
71 12 29
72 74 29
72 77 29
73 9 29
73 10 29
74 68 29
74 69 29
75 118 29
76 7 29
76 8 29
77 117 29
78 116 29
79 66 29
79 67 29
80 5 29
80 6 29
81 3 29
81 4 29
82 1 29
82 2 29
83 115 29
84 148 29
84 0 29
85 64 29
85 65 29
86 146 29
86 147 29
87 144 29
87 145 29
88 142 29
88 143 29
89 138 29
89 141 29
90 133 29
90 134 29
91 62 29
91 63 29
92 60 29
92 61 29
93 54 29
93 59 29
94 114 29
95 113 29
96 131 29
96 132 29
97 52 29
97 53 29
98 126 29
98 129 29
99 112 29
100 111 29
101 110 29
102 49 29
102 51 29
103 109 29
104 107 29
105 46 29
105 47 29
106 44 29
106 45 29
107 108 29
108 39 29
108 40 29
109 37 29
109 38 29
110 106 29
111 122 29
111 123 29
112 120 29
112 121 29
113 33 29
113 34 29
114 118 29
114 119 29
115 113 29
115 117 29
116 108 29
116 109 29
117 28 29
117 30 29
118 105 29
119 104 29
120 25 29
120 27 29
121 19 29
121 22 29
122 17 29
122 18 29
123 103 29
124 106 29
124 107 29
125 104 29
125 105 29
126 102 29
127 102 29
127 103 29
128 97 29
128 101 29
129 14 29
129 16 29
130 92 29
130 93 29
131 101 29
132 11 29
132 13 29
133 9 29
133 10 29
134 7 29
134 8 29
135 85 29
135 91 29
136 100 29
137 99 29
138 98 29
139 79 29
139 83 29
140 97 29
141 96 29
142 95 29
143 94 29
144 93 29
145 92 29
146 5 29
146 6 29
147 2 29
147 3 29
148 0 29
148 1 29
149 72 29
149 78 29
150 91 29
0 89 30
0 90 30
1 87 30
1 88 30
2 150 30
3 149 30
4 148 30
5 85 30
5 86 30
6 83 30
6 84 30
7 81 30
7 82 30
8 147 30
9 146 30
10 79 30
10 80 30
11 77 30
11 78 30
12 145 30
13 144 30
14 75 30
14 76 30
15 143 30
16 73 30
16 74 30
17 142 30
18 71 30
18 72 30
19 69 30
19 70 30
20 67 30
20 68 30
21 141 30
22 65 30
22 66 30
23 140 30
24 139 30
25 63 30
25 64 30
26 61 30
26 62 30
27 59 30
27 60 30
28 138 30
29 57 30
29 58 30
30 137 30
31 136 30
32 55 30
32 56 30
33 53 30
33 54 30
34 51 30
34 52 30
35 49 30
35 50 30
36 47 30
36 48 30
37 45 30
37 46 30
38 135 30
39 43 30
39 44 30
40 41 30
40 42 30
41 134 30
42 39 30
42 40 30
43 133 30
44 37 30
44 38 30
45 35 30
45 36 30
46 33 30
46 34 30
47 31 30
47 32 30
48 29 30
48 30 30
49 27 30
49 28 30
50 132 30
51 131 30
52 25 30
52 26 30
53 23 30
53 24 30
54 21 30
54 22 30
55 19 30
55 20 30
56 17 30
56 18 30
57 130 30
58 15 30
58 16 30
59 129 30
60 13 30
60 14 30
61 128 30
62 127 30
63 126 30
64 11 30
64 12 30
65 125 30
66 9 30
66 10 30
67 124 30
68 7 30
68 8 30
69 123 30
70 5 30
70 6 30
71 3 30
71 4 30
72 74 30
72 77 30
73 122 30
74 68 30
74 69 30
75 121 30
76 1 30
76 2 30
77 66 30
77 67 30
78 64 30
78 65 30
79 120 30
80 119 30
81 118 30
82 148 30
82 0 30
83 117 30
84 116 30
85 62 30
85 63 30
86 146 30
86 147 30
87 115 30
88 144 30
88 145 30
89 114 30
90 142 30
90 143 30
91 113 30
92 112 30
93 60 30
93 61 30
94 138 30
94 141 30
95 133 30
95 134 30
96 131 30
96 132 30
97 54 30
97 59 30
98 126 30
98 129 30
99 111 30
100 122 30
100 123 30
101 110 30
102 109 30
103 52 30
103 53 30
104 49 30
104 51 30
105 108 30
106 107 30
107 106 30
108 105 30
109 46 30
109 47 30
110 104 30
111 120 30
111 121 30
112 118 30
112 119 30
113 44 30
113 45 30
114 103 30
115 113 30
115 117 30
116 108 30
116 109 30
117 39 30
117 40 30
118 102 30
119 101 30
120 100 30
121 37 30
121 38 30
122 33 30
122 34 30
123 99 30
124 106 30
124 107 30
125 98 30
126 28 30
126 30 30
127 104 30
127 105 30
128 97 30
129 96 30
130 102 30
130 103 30
131 95 30
132 25 30
132 27 30
133 94 30
134 19 30
134 22 30
135 97 30
135 101 30
136 92 30
136 93 30
137 85 30
137 91 30
138 17 30
138 18 30
139 79 30
139 83 30
140 93 30
141 14 30
141 16 30
142 11 30
142 13 30
143 9 30
143 10 30
144 7 30
144 8 30
145 92 30
146 5 30
146 6 30
147 2 30
147 3 30
148 0 30
148 1 30
149 91 30
150 72 30
150 78 30
0 89 31
0 90 31
1 87 31
1 88 31
2 85 31
2 86 31
3 83 31
3 84 31
4 150 31
5 81 31
5 82 31
6 79 31
6 80 31
7 77 31
7 78 31
8 149 31
9 75 31
9 76 31
10 148 31
11 73 31
11 74 31
12 71 31
12 72 31
13 147 31
14 69 31
14 70 31
15 67 31
15 68 31
16 65 31
16 66 31
17 63 31
17 64 31
18 146 31
19 61 31
19 62 31
20 59 31
20 60 31
21 57 31
21 58 31
22 55 31
22 56 31
23 53 31
23 54 31
24 51 31
24 52 31
25 49 31
25 50 31
26 47 31
26 48 31
27 45 31
27 46 31
28 43 31
28 44 31
29 41 31
29 42 31
30 145 31
31 144 31
32 143 31
33 39 31
33 40 31
34 142 31
35 141 31
36 37 31
36 38 31
37 140 31
38 35 31
38 36 31
39 33 31
39 34 31
40 31 31
40 32 31
41 139 31
42 138 31
43 137 31
44 136 31
45 135 31
46 134 31
47 29 31
47 30 31
48 27 31
48 28 31
49 25 31
49 26 31
50 133 31
51 132 31
52 131 31
53 130 31
54 23 31
54 24 31
55 21 31
55 22 31
56 19 31
56 20 31
57 129 31
58 128 31
59 17 31
59 18 31
60 15 31
60 16 31
61 13 31
61 14 31
62 11 31
62 12 31
63 127 31
64 126 31
65 9 31
65 10 31
66 125 31
67 7 31
67 8 31
68 124 31
69 68 31
69 72 31
70 5 31
70 6 31
71 3 31
71 4 31
72 123 31
73 122 31
74 66 31
74 67 31
75 1 31
75 2 31
76 148 31
76 0 31
77 121 31
78 64 31
78 65 31
79 120 31
80 146 31
80 147 31
81 144 31
81 145 31
82 119 31
83 118 31
84 142 31
84 143 31
85 117 31
86 138 31
86 141 31
87 116 31
88 115 31
89 133 31
89 134 31
90 131 31
90 132 31
91 114 31
92 62 31
92 63 31
93 60 31
93 61 31
94 113 31
95 126 31
95 129 31
96 122 31
96 123 31
97 112 31
98 111 31
99 120 31
99 121 31
100 110 31
101 54 31
101 59 31
102 109 31
103 108 31
104 106 31
105 52 31
105 53 31
106 107 31
107 105 31
108 49 31
108 51 31
109 46 31
109 47 31
110 118 31
110 119 31
111 113 31
111 117 31
112 108 31
112 109 31
113 44 31
113 45 31
114 106 31
114 107 31
115 104 31
115 105 31
116 104 31
117 39 31
117 40 31
118 103 31
119 37 31
119 38 31
120 33 31
120 34 31
121 102 31
122 28 31
122 30 31
123 101 31
124 102 31
124 103 31
125 100 31
126 25 31
126 27 31
127 99 31
128 98 31
129 19 31
129 22 31
130 97 31
130 101 31
131 97 31
132 17 31
132 18 31
133 14 31
133 16 31
134 11 31
134 13 31
135 92 31
135 93 31
136 96 31
137 95 31
138 9 31
138 10 31
139 85 31
139 91 31
140 79 31
140 83 31
141 7 31
141 8 31
142 5 31
142 6 31
143 94 31
144 93 31
145 2 31
145 3 31
146 92 31
147 0 31
147 1 31
148 91 31
149 77 31
149 78 31
150 69 31
150 74 31
0 89 32
0 90 32
1 87 32
1 88 32
2 85 32
2 86 32
3 83 32
3 84 32
4 150 32
5 81 32
5 82 32
6 79 32
6 80 32
7 77 32
7 78 32
8 75 32
8 76 32
9 73 32
9 74 32
10 71 32
10 72 32
11 69 32
11 70 32
12 67 32
12 68 32
13 65 32
13 66 32
14 63 32
14 64 32
15 61 32
15 62 32
16 59 32
16 60 32
17 149 32
18 57 32
18 58 32
19 55 32
19 56 32
20 53 32
20 54 32
21 51 32
21 52 32
22 49 32
22 50 32
23 148 32
24 47 32
24 48 32
25 147 32
26 45 32
26 46 32
27 43 32
27 44 32
28 41 32
28 42 32
29 39 32
29 40 32
30 146 32
31 145 32
32 144 32
33 37 32
33 38 32
34 35 32
34 36 32
35 143 32
36 33 32
36 34 32
37 142 32
38 141 32
39 31 32
39 32 32
40 29 32
40 30 32
41 27 32
41 28 32
42 140 32
43 139 32
44 25 32
44 26 32
45 138 32
46 23 32
46 24 32
47 21 32
47 22 32
48 137 32
49 136 32
50 135 32
51 134 32
52 19 32
52 20 32
53 133 32
54 132 32
55 131 32
56 17 32
56 18 32
57 15 32
57 16 32
58 130 32
59 13 32
59 14 32
60 129 32
61 128 32
62 127 32
63 126 32
64 125 32
65 124 32
66 123 32
67 122 32
68 11 32
68 12 32
69 9 32
69 10 32
70 7 32
70 8 32
71 5 32
71 6 32
72 121 32
73 120 32
74 119 32
75 118 32
76 3 32
76 4 32
77 68 32
77 69 32
78 66 32
78 67 32
79 117 32
80 1 32
80 2 32
81 116 32
82 148 32
82 0 32
83 64 32
83 65 32
84 146 32
84 147 32
85 62 32
85 63 32
86 115 32
87 144 32
87 145 32
88 142 32
88 143 32
89 138 32
89 141 32
90 133 32
90 134 32
91 60 32
91 61 32
92 114 32
93 54 32
93 59 32
94 131 32
94 132 32
95 126 32
95 129 32
96 122 32
96 123 32
97 113 32
98 120 32
98 121 32
99 118 32
99 119 32
100 113 32
100 117 32
101 52 32
101 53 32
102 49 32
102 51 32
103 112 32
104 46 32
104 47 32
105 111 32
106 44 32
106 45 32
107 39 32
107 40 32
108 110 32
109 37 32
109 38 32
110 109 32
111 108 32
112 107 32
113 106 32
114 105 32
115 108 32
115 109 32
116 106 32
116 107 32
117 33 32
117 34 32
118 28 32
118 30 32
119 104 32
120 25 32
120 27 32
121 19 32
121 22 32
122 17 32
122 18 32
123 14 32
123 16 32
124 104 32
124 105 32
125 103 32
126 11 32
126 13 32
127 102 32
127 103 32
128 97 32
128 101 32
129 102 32
130 101 32
131 9 32
131 10 32
132 100 32
133 99 32
134 98 32
135 97 32
136 92 32
136 93 32
137 85 32
137 91 32
138 7 32
138 8 32
139 79 32
139 83 32
140 96 32
141 5 32
141 6 32
142 95 32
143 2 32
143 3 32
144 94 32
145 93 32
146 92 32
147 0 32
147 1 32
148 91 32
149 77 32
149 78 32
150 72 32
150 74 32
0 150 33
1 149 33
2 148 33
3 89 33
3 90 33
4 87 33
4 88 33
5 147 33
6 85 33
6 86 33
7 83 33
7 84 33
8 81 33
8 82 33
9 79 33
9 80 33
10 77 33
10 78 33
11 146 33
12 75 33
12 76 33
13 73 33
13 74 33
14 71 33
14 72 33
15 69 33
15 70 33
16 67 33
16 68 33
17 65 33
17 66 33
18 63 33
18 64 33
19 145 33
20 144 33
21 61 33
21 62 33
22 59 33
22 60 33
23 57 33
23 58 33
24 55 33
24 56 33
25 53 33
25 54 33
26 51 33
26 52 33
27 143 33
28 142 33
29 141 33
30 140 33
31 139 33
32 49 33
32 50 33
33 138 33
34 47 33
34 48 33
35 137 33
36 45 33
36 46 33
37 43 33
37 44 33
38 136 33
39 41 33
39 42 33
40 135 33
41 39 33
41 40 33
42 37 33
42 38 33
43 35 33
43 36 33
44 33 33
44 34 33
45 31 33
45 32 33
46 29 33
46 30 33
47 27 33
47 28 33
48 134 33
49 25 33
49 26 33
50 23 33
50 24 33
51 21 33
51 22 33
52 133 33
53 19 33
53 20 33
54 17 33
54 18 33
55 15 33
55 16 33
56 132 33
57 131 33
58 130 33
59 129 33
60 13 33
60 14 33
61 11 33
61 12 33
62 9 33
62 10 33
63 7 33
63 8 33
64 5 33
64 6 33
65 3 33
65 4 33
66 1 33
66 2 33
67 148 33
67 0 33
68 128 33
69 68 33
69 72 33
70 146 33
70 147 33
71 127 33
72 66 33
72 67 33
73 144 33
73 145 33
74 64 33
74 65 33
75 126 33
76 125 33
77 62 33
77 63 33
78 60 33
78 61 33
79 54 33
79 59 33
80 124 33
81 142 33
81 143 33
82 138 33
82 141 33
83 52 33
83 53 33
84 133 33
84 134 33
85 49 33
85 51 33
86 123 33
87 122 33
88 121 33
89 120 33
90 131 33
90 132 33
91 46 33
91 47 33
92 44 33
92 45 33
93 119 33
94 126 33
94 129 33
95 122 33
95 123 33
96 118 33
97 39 33
97 40 33
98 117 33
99 120 33
99 121 33
100 118 33
100 119 33
101 37 33
101 38 33
102 116 33
103 115 33
104 114 33
105 33 33
105 34 33
106 28 33
106 30 33
107 25 33
107 27 33
108 19 33
108 22 33
109 113 33
110 113 33
110 117 33
111 112 33
112 108 33
112 109 33
113 17 33
113 18 33
114 106 33
114 107 33
115 104 33
115 105 33
116 102 33
116 103 33
117 111 33
118 14 33
118 16 33
119 110 33
120 109 33
121 11 33
121 13 33
122 9 33
122 10 33
123 7 33
123 8 33
124 108 33
125 107 33
126 106 33
127 97 33
127 101 33
128 105 33
129 5 33
129 6 33
130 104 33
131 103 33
132 102 33
133 101 33
134 100 33
135 92 33
135 93 33
136 85 33
136 91 33
137 79 33
137 83 33
138 2 33
138 3 33
139 77 33
139 78 33
140 99 33
141 98 33
142 97 33
143 96 33
144 95 33
145 94 33
146 93 33
147 0 33
147 1 33
148 92 33
149 91 33
150 69 33
150 74 33
