7 5 16
10 4 16
49 1 16
117 0 16
33 5 26
35 4 26
43 1 26
115 0 26
37 142 30
38 141 30
48 140 30
67 94 30
81 92 30
92 77 30
57 142 32
98 141 32
101 140 32
112 44 32
120 43 32
130 42 32
12 130 33
26 116 33
30 28 33
50 115 33
71 30 33
130 14 33
3 5 34
14 4 34
84 1 34
88 0 34
0 94 36
12 92 36
14 89 36
23 88 36
27 87 36
65 86 36
94 12 36
109 85 36
116 84 36
117 77 36
131 31 36
132 13 36
0 1 49
54 5 49
107 4 49
149 0 49
87 5 58
95 4 58
108 1 58
111 0 58
40 57 59
47 42 59
83 39 59
101 38 59
119 35 59
146 16 59
16 142 60
50 141 60
72 140 60
84 44 60
125 43 60
140 42 60
1 149 63
3 104 63
8 103 63
15 16 63
44 97 63
51 94 63
55 10 63
66 76 63
72 59 63
80 58 63
107 55 63
110 50 63
113 33 63
118 29 63
124 23 63
127 22 63
129 21 63
134 15 63
0 148 69
34 147 69
35 146 69
104 31 69
116 30 69
142 28 69
6 5 71
112 4 71
128 1 71
137 0 71
30 142 73
37 141 73
69 140 73
75 94 73
92 77 73
139 92 73
7 142 74
84 141 74
100 140 74
106 44 74
111 43 74
116 42 74
3 130 75
11 116 75
34 115 75
39 30 75
102 28 75
130 14 75
0 141 76
1 140 76
5 139 76
6 138 76
7 42 76
7 44 76
8 40 76
8 41 76
14 37 76
14 39 76
15 137 76
19 136 76
20 135 76
23 134 76
26 133 76
27 126 76
28 33 76
28 34 76
29 125 76
30 124 76
33 17 76
33 18 76
35 123 76
41 9 76
41 16 76
43 122 76
44 1 76
44 6 76
46 120 76
49 103 76
50 101 76
51 100 76
52 99 76
57 134 76
57 135 76
58 98 76
59 97 76
62 96 76
64 95 76
68 94 76
69 58 76
72 135 76
72 16 76
72 19 76
74 103 76
74 133 76
75 27 76
75 32 76
76 92 76
78 91 76
80 90 76
81 89 76
84 88 76
88 96 76
88 98 76
90 72 76
90 95 76
94 57 76
97 56 76
100 55 76
101 54 76
103 53 76
105 83 76
107 77 76
117 74 76
118 19 76
118 25 76
119 72 76
120 49 76
122 69 76
122 71 76
123 46 76
130 71 76
135 133 76
135 134 76
135 1 76
138 49 76
138 60 76
140 45 76
142 33 76
142 39 76
142 45 76
143 69 76
147 60 76
0 147 77
1 146 77
3 145 77
4 139 77
6 137 77
9 136 77
10 135 77
13 134 77
14 133 77
17 132 77
20 131 77
28 130 77
33 129 77
34 128 77
35 127 77
39 126 77
48 125 77
56 124 77
58 122 77
61 117 77
70 114 77
75 113 77
77 112 77
80 110 77
81 14 77
81 18 77
83 109 77
84 104 77
86 102 77
92 100 77
93 99 77
94 98 77
95 9 77
95 13 77
99 61 77
100 57 77
102 112 77
102 117 77
103 97 77
105 0 77
105 8 77
107 78 77
110 49 77
112 44 77
116 67 77
117 41 77
119 132 77
119 133 77
120 65 77
121 64 77
130 18 77
130 109 77
133 39 77
134 33 77
136 28 77
140 63 77
142 62 77
147 22 77
1 0 78
96 5 78
117 4 78
148 1 78
10 136 80
18 135 80
61 134 80
87 79 80
119 78 80
121 76 80
4 147 82
8 146 82
9 145 82
12 14 82
12 18 82
13 139 82
18 137 82
19 136 82
22 135 82
26 134 82
27 133 82
28 132 82
29 131 82
36 130 82
37 129 82
39 112 82
39 117 82
41 128 82
47 127 82
50 126 82
53 125 82
55 124 82
56 122 82
57 18 82
57 109 82
58 117 82
62 63 82
71 114 82
72 113 82
73 112 82
74 110 82
78 61 82
79 9 82
79 13 82
80 109 82
81 104 82
82 102 82
83 100 82
87 99 82
97 57 82
101 98 82
104 49 82
106 97 82
116 78 82
117 44 82
119 67 82
125 41 82
126 39 82
127 33 82
140 65 82
141 64 82
142 62 82
145 28 82
146 22 82
148 0 82
148 8 82
149 132 82
149 133 82
21 5 83
38 4 83
47 1 83
73 0 83
36 5 84
49 4 84
110 1 84
118 0 84
3 94 85
21 92 85
27 89 85
47 88 85
48 87 85
69 86 85
70 85 85
90 84 85
104 77 85
126 31 85
128 13 85
131 12 85
9 94 88
20 92 88
56 89 88
76 88 88
83 87 88
88 12 88
101 86 88
103 85 88
105 84 88
119 77 88
133 31 88
144 13 88
0 134 89
4 127 89
7 29 89
7 32 89
13 126 89
17 27 89
17 28 89
18 125 89
19 121 89
23 120 89
26 112 89
26 113 89
28 118 89
30 113 89
31 112 89
34 111 89
35 110 89
37 107 89
37 111 89
38 74 89
38 91 89
45 109 89
48 108 89
49 107 89
50 106 89
51 104 89
55 98 89
58 97 89
61 93 89
62 70 89
62 72 89
67 91 89
69 70 89
71 88 89
72 66 89
73 21 89
73 26 89
77 65 89
78 64 89
80 62 89
81 61 89
82 58 89
83 57 89
85 56 89
90 86 89
95 85 89
96 16 89
96 20 89
104 57 89
104 69 89
106 55 89
107 49 89
110 2 89
110 20 89
112 45 89
115 83 89
119 82 89
120 39 89
121 38 89
123 81 89
124 11 89
124 14 89
127 37 89
130 80 89
131 79 89
132 0 89
132 2 89
135 78 89
136 77 89
146 74 89
149 72 89
150 69 89
3 136 90
40 135 90
55 134 90
73 79 90
117 78 90
135 76 90
31 142 91
35 141 91
46 140 91
98 44 91
109 43 91
123 42 91
61 142 92
67 141 92
82 140 92
99 44 92
133 43 92
149 42 92
8 142 93
30 141 93
66 140 93
79 94 93
89 92 93
145 77 93
9 5 94
18 4 94
20 1 94
128 0 94
6 136 95
12 135 95
53 134 95
81 79 95
83 78 95
87 76 95
1 147 96
2 146 96
7 145 96
8 139 96
10 137 96
14 136 96
16 135 96
19 134 96
20 14 96
20 18 96
21 133 96
23 132 96
26 131 96
32 130 96
33 132 96
33 133 96
35 129 96
36 128 96
47 127 96
50 126 96
51 125 96
52 124 96
53 9 96
53 13 96
57 61 96
58 122 96
59 117 96
60 114 96
67 49 96
70 113 96
81 0 96
81 8 96
83 112 96
84 110 96
85 109 96
86 104 96
88 102 96
91 100 96
95 99 96
98 44 96
100 41 96
105 98 96
106 97 96
111 78 96
114 39 96
118 67 96
120 65 96
122 112 96
122 117 96
123 64 96
125 33 96
136 28 96
137 22 96
138 63 96
141 62 96
143 57 96
145 18 96
145 109 96
29 5 97
69 4 97
72 1 97
129 0 97
38 5 98
105 4 98
109 1 98
113 0 98
37 5 99
55 4 99
96 1 99
108 0 99
21 148 100
26 147 100
56 146 100
89 31 100
137 30 100
146 28 100
0 134 101
2 127 101
4 126 101
5 125 101
11 121 101
13 120 101
16 118 101
17 113 101
19 112 101
20 111 101
22 110 101
26 109 101
27 107 101
27 111 101
29 108 101
31 107 101
32 106 101
35 29 101
35 32 101
41 104 101
43 98 101
45 97 101
49 93 101
51 27 101
51 28 101
55 74 101
55 91 101
58 70 101
58 72 101
61 91 101
66 65 101
67 88 101
70 64 101
72 62 101
75 86 101
76 85 101
77 61 101
82 58 101
84 83 101
91 57 101
92 82 101
93 56 101
94 81 101
96 80 101
97 55 101
99 21 101
99 26 101
100 79 101
101 16 101
101 20 101
107 49 101
108 57 101
108 69 101
109 45 101
112 39 101
113 38 101
115 11 101
115 14 101
118 2 101
118 20 101
122 78 101
127 37 101
130 0 101
130 2 101
136 112 101
136 113 101
141 77 101
142 74 101
143 72 101
144 70 101
145 69 101
148 66 101
18 94 102
20 92 102
37 89 102
51 88 102
52 87 102
57 86 102
62 85 102
70 84 102
84 13 102
94 12 102
115 77 102
124 31 102
6 94 103
10 92 103
38 89 103
52 88 103
55 87 103
76 86 103
81 85 103
105 84 103
116 77 103
118 31 103
137 13 103
139 12 103
64 142 104
80 141 104
86 140 104
116 94 104
118 92 104
121 77 104
0 54 105
0 55 105
1 150 105
2 149 105
3 51 105
3 53 105
4 148 105
5 147 105
6 143 105
7 49 105
7 50 105
8 142 105
9 141 105
11 42 105
11 116 105
11 150 105
12 47 105
12 48 105
13 140 105
14 45 105
14 46 105
15 139 105
16 138 105
18 137 105
20 136 105
21 43 105
21 44 105
22 135 105
23 133 105
24 23 105
24 26 105
26 21 105
26 22 105
27 132 105
28 131 105
31 19 105
31 20 105
32 13 105
32 18 105
33 130 105
34 129 105
36 127 105
37 124 105
38 122 105
39 119 105
40 118 105
41 39 105
41 42 105
42 11 105
42 12 105
43 117 105
45 116 105
46 115 105
49 114 105
51 8 105
51 9 105
52 37 105
52 38 105
54 113 105
55 6 105
55 7 105
56 111 105
57 110 105
58 9 105
58 11 105
58 18 105
59 35 105
59 36 105
63 4 105
63 5 105
64 109 105
65 107 105
66 2 105
66 3 105
67 106 105
68 105 105
69 104 105
71 103 105
72 33 105
72 34 105
73 0 105
73 1 105
74 102 105
77 101 105
79 100 105
80 99 105
81 133 105
81 150 105
83 82 105
84 98 105
85 81 105
86 24 105
86 27 105
86 30 105
87 96 105
90 117 105
90 118 105
92 4 105
92 24 105
92 27 105
93 80 105
94 95 105
95 79 105
96 78 105
97 93 105
98 76 105
99 75 105
100 92 105
100 93 105
102 75 105
102 83 105
103 65 105
103 67 105
104 115 105
104 116 105
105 60 105
105 61 105
106 109 105
106 114 105
107 103 105
107 105 105
109 46 105
109 47 105
110 101 105
110 102 105
111 74 105
112 92 105
114 42 105
114 45 105
115 36 105
115 39 105
116 73 105
117 34 105
117 35 105
118 31 105
118 32 105
119 71 105
120 31 105
120 32 105
121 91 105
122 70 105
123 28 105
123 30 105
124 98 105
124 100 105
127 69 105
128 90 105
129 68 105
130 67 105
131 66 105
132 65 105
134 89 105
136 63 105
137 62 105
138 6 105
138 7 105
138 8 105
139 61 105
140 60 105
141 95 105
141 96 105
142 1 105
142 4 105
142 5 105
143 58 105
144 24 105
144 27 105
145 85 105
146 83 105
148 57 105
14 149 106
20 104 106
37 103 106
41 97 106
46 94 106
52 76 106
58 16 106
63 59 106
73 58 106
75 55 106
76 15 106
84 50 106
103 10 106
115 33 106
122 29 106
127 23 106
143 22 106
146 21 106
14 149 107
22 15 107
27 104 107
36 103 107
44 97 107
48 94 107
54 76 107
62 59 107
65 58 107
75 55 107
76 10 107
79 50 107
85 33 107
98 29 107
99 23 107
115 22 107
120 21 107
137 16 107
39 16 109
59 57 109
66 42 109
77 39 109
87 38 109
125 35 109
0 147 110
1 146 110
2 145 110
6 139 110
10 137 110
11 136 110
14 135 110
16 134 110
18 109 110
18 112 110
25 133 110
27 132 110
30 131 110
34 130 110
40 129 110
45 128 110
46 14 110
46 18 110
51 127 110
52 9 110
52 13 110
53 126 110
55 0 110
55 8 110
58 125 110
63 62 110
64 61 110
65 57 110
66 124 110
74 122 110
75 117 110
77 114 110
79 113 110
80 112 110
82 110 110
84 109 110
87 132 110
87 133 110
88 104 110
92 102 110
99 49 110
100 44 110
103 100 110
104 18 110
104 117 110
106 99 110
110 41 110
111 98 110
118 97 110
121 78 110
124 39 110
129 33 110
137 28 110
143 67 110
144 65 110
145 22 110
148 64 110
149 63 110
33 5 112
58 4 112
101 1 112
111 0 112
12 149 114
14 104 114
18 103 114
19 97 114
28 94 114
30 76 114
33 15 114
53 59 114
73 58 114
81 55 114
83 50 114
89 33 114
97 10 114
98 29 114
99 23 114
121 22 114
124 21 114
142 16 114
0 150 115
1 147 115
3 146 115
4 24 115
4 25 115
6 141 115
9 140 115
10 139 115
11 138 115
13 137 115
14 136 115
15 5 115
15 7 115
16 3 115
16 4 115
18 21 115
18 23 115
19 17 115
19 20 115
20 135 115
21 134 115
22 133 115
23 132 115
24 131 115
29 130 115
32 129 115
37 128 115
44 147 115
44 1 115
46 127 115
47 126 115
48 124 115
49 122 115
50 25 115
50 28 115
55 121 115
58 120 115
60 119 115
62 117 115
63 116 115
65 114 115
66 113 115
67 112 115
68 69 115
71 67 115
72 138 115
72 146 115
74 65 115
75 108 115
77 62 115
78 105 115
79 15 115
79 16 115
80 59 115
82 58 115
86 20 115
86 24 115
87 103 115
88 92 115
89 91 115
90 57 115
92 56 115
93 90 115
94 86 115
96 84 115
97 83 115
101 82 115
103 52 115
104 81 115
105 112 115
105 114 115
107 80 115
110 77 115
113 51 115
116 86 115
116 91 115
117 50 115
117 81 115
118 74 115
120 50 115
121 49 115
124 48 115
125 73 115
128 44 115
130 35 115
130 36 115
131 41 115
132 40 115
133 39 115
134 38 115
136 36 115
137 35 115
140 32 115
141 31 115
142 72 115
143 9 115
143 10 115
145 71 115
146 30 115
147 28 115
149 68 115
150 27 115
0 150 116
1 24 116
1 25 116
2 21 116
2 23 116
3 147 116
4 146 116
7 141 116
8 140 116
10 139 116
13 138 116
14 17 116
14 20 116
17 137 116
20 136 116
24 135 116
28 134 116
29 133 116
30 132 116
32 131 116
34 130 116
37 129 116
38 128 116
44 147 116
44 1 116
45 127 116
48 126 116
53 124 116
55 122 116
57 121 116
58 120 116
60 119 116
61 15 116
61 16 116
62 117 116
63 116 116
64 114 116
66 113 116
67 65 116
68 138 116
68 146 116
69 62 116
70 112 116
71 59 116
72 112 116
72 114 116
73 58 116
75 108 116
77 57 116
78 105 116
79 103 116
81 25 116
81 28 116
82 56 116
83 52 116
84 51 116
86 50 116
88 92 116
89 91 116
91 20 116
91 24 116
93 90 116
94 86 116
96 84 116
98 83 116
99 82 116
101 9 116
101 10 116
104 81 116
105 86 116
105 91 116
106 5 116
106 7 116
107 80 116
108 49 116
109 77 116
110 74 116
111 3 116
111 4 116
113 48 116
114 44 116
116 50 116
116 81 116
118 73 116
120 41 116
121 40 116
123 72 116
124 39 116
125 71 116
126 38 116
127 36 116
128 35 116
131 32 116
133 35 116
133 36 116
139 31 116
141 30 116
143 69 116
144 68 116
146 28 116
148 67 116
150 27 116
21 148 117
31 28 117
56 147 117
107 146 117
119 31 117
127 30 117
0 150 118
1 4 118
1 5 118
1 6 118
2 149 118
3 148 118
4 54 118
4 55 118
7 147 118
8 143 118
9 142 118
11 51 118
11 53 118
12 141 118
13 49 118
13 50 118
16 140 118
18 139 118
19 47 118
19 48 118
22 45 118
22 46 118
23 43 118
23 44 118
24 138 118
26 137 118
28 30 118
28 31 118
29 136 118
30 26 118
30 27 118
31 135 118
33 23 118
33 24 118
34 133 118
35 21 118
35 22 118
37 132 118
39 19 118
39 20 118
40 131 118
41 130 118
42 129 118
43 13 118
43 18 118
44 127 118
45 11 118
45 12 118
48 8 118
48 9 118
49 124 118
50 122 118
51 119 118
52 118 118
53 117 118
54 116 118
55 115 118
56 114 118
57 113 118
58 6 118
58 7 118
59 111 118
61 110 118
62 4 118
62 5 118
63 2 118
63 3 118
64 39 118
64 42 118
65 109 118
66 107 118
67 65 118
67 75 118
68 106 118
69 0 118
69 1 118
70 105 118
71 104 118
72 103 118
74 102 118
76 101 118
78 100 118
79 99 118
80 98 118
81 133 118
81 150 118
82 96 118
83 95 118
87 37 118
87 38 118
89 83 118
90 117 118
90 118 118
91 115 118
91 116 118
92 82 118
93 81 118
95 80 118
96 60 118
96 61 118
97 35 118
97 36 118
99 79 118
100 46 118
100 47 118
101 78 118
102 42 118
102 45 118
103 36 118
103 39 118
104 109 118
104 114 118
105 76 118
106 75 118
107 74 118
109 73 118
110 103 118
110 105 118
111 71 118
112 93 118
113 70 118
114 69 118
115 34 118
115 35 118
116 68 118
117 42 118
117 116 118
117 150 118
118 67 118
119 9 118
119 11 118
119 18 118
121 92 118
122 66 118
123 91 118
124 65 118
125 33 118
125 34 118
126 90 118
127 63 118
128 24 118
128 27 118
128 30 118
130 101 118
130 102 118
131 62 118
132 98 118
132 100 118
133 31 118
133 32 118
134 89 118
137 95 118
137 96 118
138 61 118
139 60 118
141 58 118
142 57 118
143 92 118
143 93 118
145 85 118
146 28 118
146 32 118
147 1 118
147 7 118
147 8 118
149 67 118
149 83 118
150 4 118
150 24 118
150 27 118
0 150 119
1 147 119
2 146 119
4 141 119
6 140 119
9 139 119
10 138 119
13 137 119
14 136 119
16 9 119
16 10 119
17 135 119
18 134 119
21 133 119
22 132 119
23 131 119
24 130 119
28 129 119
29 128 119
31 127 119
32 126 119
33 124 119
34 122 119
35 121 119
36 120 119
40 119 119
41 117 119
45 24 119
45 25 119
48 116 119
49 5 119
49 7 119
50 25 119
50 28 119
51 114 119
52 113 119
55 21 119
55 23 119
56 3 119
56 4 119
57 112 119
59 108 119
60 105 119
61 103 119
62 147 119
62 1 119
63 17 119
63 20 119
64 92 119
66 91 119
68 138 119
68 146 119
69 62 119
71 59 119
72 58 119
75 90 119
80 57 119
83 112 119
83 114 119
84 86 119
84 91 119
85 86 119
86 20 119
86 24 119
88 84 119
90 56 119
92 52 119
93 83 119
95 82 119
97 81 119
98 80 119
100 77 119
101 74 119
103 51 119
105 50 119
106 15 119
106 16 119
108 50 119
108 81 119
109 73 119
110 72 119
114 49 119
115 71 119
118 69 119
121 48 119
124 44 119
129 41 119
130 40 119
131 39 119
132 38 119
134 36 119
135 35 119
136 32 119
138 31 119
139 35 119
139 36 119
140 30 119
141 28 119
142 68 119
143 67 119
145 65 119
147 27 119
38 130 120
55 116 120
104 115 120
122 30 120
123 28 120
148 14 120
1 147 121
4 146 121
7 145 121
8 139 121
9 137 121
11 136 121
12 135 121
14 134 121
15 133 121
16 132 121
18 131 121
19 130 121
22 112 121
22 117 121
23 129 121
27 128 121
30 127 121
32 126 121
34 125 121
38 124 121
45 14 121
45 18 121
46 122 121
49 117 121
50 114 121
51 9 121
51 13 121
54 113 121
58 112 121
60 110 121
65 63 121
68 109 121
70 104 121
74 102 121
76 100 121
79 0 121
79 8 121
95 99 121
97 62 121
99 61 121
100 18 121
100 109 121
101 132 121
101 133 121
104 57 121
105 98 121
106 97 121
111 78 121
112 49 121
115 67 121
121 65 121
131 44 121
133 41 121
134 39 121
136 33 121
145 28 121
146 22 121
148 64 121
0 150 122
1 147 122
2 146 122
3 141 122
4 140 122
5 139 122
6 138 122
7 137 122
8 24 122
8 25 122
10 9 122
10 15 122
11 136 122
12 135 122
16 5 122
16 7 122
17 134 122
19 133 122
21 3 122
21 4 122
22 132 122
23 147 122
23 1 122
25 131 122
26 130 122
28 129 122
29 128 122
33 127 122
34 126 122
35 124 122
38 122 122
40 121 122
41 120 122
43 119 122
44 117 122
47 116 122
48 114 122
55 113 122
57 112 122
58 108 122
60 105 122
61 103 122
64 21 122
64 23 122
65 92 122
67 68 122
68 65 122
69 62 122
70 91 122
71 59 122
73 138 122
73 146 122
75 90 122
76 86 122
77 58 122
83 57 122
84 56 122
87 84 122
88 83 122
91 52 122
92 51 122
94 82 122
95 81 122
96 80 122
98 17 122
98 20 122
104 77 122
105 50 122
106 74 122
110 73 122
112 49 122
113 48 122
115 72 122
116 44 122
120 41 122
121 40 122
123 10 122
123 16 122
125 71 122
127 39 122
128 38 122
130 112 122
130 114 122
131 36 122
132 86 122
132 91 122
133 35 122
134 32 122
135 50 122
135 81 122
136 31 122
137 30 122
138 28 122
139 35 122
139 36 122
141 25 122
141 28 122
144 69 122
146 27 122
147 20 122
147 24 122
149 67 122
0 150 123
1 4 123
1 24 123
1 27 123
2 149 123
4 54 123
4 55 123
5 148 123
6 51 123
6 53 123
7 49 123
7 50 123
8 147 123
9 143 123
10 142 123
12 47 123
12 48 123
13 45 123
13 46 123
15 43 123
15 44 123
16 39 123
16 42 123
18 141 123
19 140 123
21 37 123
21 38 123
22 139 123
25 35 123
25 36 123
26 21 123
26 22 123
28 138 123
29 33 123
29 34 123
30 137 123
31 19 123
31 20 123
32 136 123
33 135 123
34 133 123
36 132 123
37 13 123
37 18 123
38 11 123
38 12 123
39 131 123
40 130 123
42 8 123
42 9 123
43 129 123
44 127 123
45 124 123
47 122 123
49 119 123
50 118 123
51 117 123
52 116 123
54 6 123
54 7 123
55 4 123
55 5 123
56 115 123
57 114 123
58 113 123
60 2 123
60 3 123
62 111 123
63 110 123
64 109 123
65 107 123
66 6 123
66 7 123
66 8 123
67 106 123
68 105 123
69 104 123
70 103 123
71 102 123
72 101 123
74 100 123
75 99 123
77 31 123
77 32 123
78 0 123
78 1 123
79 133 123
79 150 123
80 1 123
80 4 123
80 5 123
81 98 123
82 96 123
83 65 123
83 67 123
85 117 123
85 118 123
87 95 123
88 28 123
88 30 123
89 115 123
89 116 123
90 82 123
91 81 123
93 60 123
93 61 123
95 46 123
95 47 123
96 42 123
96 45 123
98 80 123
100 79 123
101 78 123
103 76 123
104 109 123
104 114 123
105 36 123
105 39 123
107 103 123
107 105 123
108 93 123
109 75 123
110 101 123
110 102 123
111 74 123
112 24 123
112 27 123
112 30 123
113 73 123
114 71 123
115 70 123
116 34 123
116 35 123
118 31 123
118 32 123
120 92 123
121 91 123
122 69 123
123 90 123
124 68 123
125 26 123
125 27 123
126 9 123
126 11 123
126 18 123
127 98 123
127 100 123
128 89 123
129 67 123
130 66 123
131 65 123
132 95 123
132 96 123
134 85 123
135 92 123
135 93 123
136 63 123
137 62 123
142 75 123
142 83 123
143 61 123
145 23 123
145 24 123
146 83 123
147 60 123
148 58 123
149 42 123
149 116 123
149 150 123
150 57 123
0 150 124
1 148 124
3 86 124
3 87 124
4 147 124
5 146 124
6 84 124
6 85 124
7 82 124
7 83 124
8 145 124
9 143 124
10 80 124
10 81 124
11 142 124
12 78 124
12 79 124
13 76 124
13 77 124
14 141 124
15 140 124
17 74 124
17 75 124
18 71 124
18 72 124
19 139 124
20 68 124
20 69 124
21 138 124
22 66 124
22 67 124
23 64 124
23 65 124
24 79 124
24 80 124
24 81 124
26 137 124
27 62 124
27 63 124
28 60 124
28 61 124
30 58 124
30 59 124
31 54 124
31 56 124
32 34 124
32 35 124
32 36 124
33 51 124
33 53 124
34 136 124
35 86 124
35 87 124
35 89 124
35 93 124
36 134 124
37 49 124
37 50 124
38 133 124
39 32 124
39 34 124
40 132 124
41 118 124
41 0 124
41 2 124
41 3 124
42 128 124
43 127 124
44 125 124
45 123 124
46 29 124
46 30 124
47 122 124
48 121 124
50 27 124
50 28 124
51 76 124
51 77 124
51 79 124
51 84 124
52 120 124
53 119 124
54 75 124
54 76 124
54 77 124
57 118 124
58 23 124
58 24 124
60 117 124
62 116 124
64 21 124
64 22 124
65 115 124
66 19 124
66 20 124
67 17 124
67 18 124
68 109 124
68 110 124
68 116 124
68 117 124
69 15 124
69 16 124
71 114 124
72 13 124
72 14 124
73 113 124
75 11 124
75 12 124
76 9 124
76 10 124
77 7 124
77 8 124
78 112 124
79 109 124
79 110 124
79 116 124
79 117 124
80 110 124
81 109 124
82 69 124
82 71 124
82 74 124
84 5 124
84 6 124
85 56 124
85 64 124
85 65 124
85 75 124
86 108 124
87 106 124
88 3 124
88 4 124
89 84 124
89 86 124
89 87 124
89 108 124
90 27 124
90 28 124
90 29 124
92 105 124
94 56 124
94 64 124
94 65 124
95 104 124
97 46 124
97 48 124
98 86 124
98 87 124
98 89 124
99 22 124
99 23 124
99 24 124
100 49 124
100 51 124
100 53 124
103 0 124
103 2 124
104 148 124
104 150 124
105 146 124
105 147 124
106 118 124
106 22 124
106 23 124
106 53 124
107 103 124
108 143 124
108 145 124
109 141 124
109 142 124
110 116 124
110 117 124
111 44 124
111 45 124
112 99 124
113 96 124
114 95 124
116 108 124
116 109 124
117 105 124
117 106 124
118 16 124
118 17 124
118 21 124
119 94 124
121 93 124
122 44 124
122 45 124
122 46 124
123 32 124
123 38 124
123 40 124
124 83 124
124 84 124
124 85 124
125 92 124
126 42 124
126 43 124
127 138 124
127 139 124
128 91 124
129 102 124
130 101 124
131 40 124
131 41 124
132 119 124
132 137 124
133 95 124
133 99 124
133 102 124
133 108 124
134 90 124
135 38 124
135 39 124
136 89 124
138 88 124
139 103 124
139 104 124
140 110 124
140 118 124
141 99 124
141 102 124
142 8 124
142 14 124
142 15 124
143 4 124
143 6 124
143 7 124
144 100 124
146 95 124
146 96 124
149 35 124
149 36 124
150 90 124
150 93 124
0 150 125
1 149 125
2 54 125
2 55 125
5 51 125
5 53 125
6 49 125
6 50 125
8 47 125
8 48 125
9 148 125
10 147 125
11 45 125
11 46 125
12 43 125
12 44 125
13 18 125
13 19 125
15 143 125
16 142 125
18 141 125
19 140 125
20 139 125
21 138 125
22 137 125
23 11 125
23 12 125
24 8 125
24 9 125
25 39 125
25 42 125
27 136 125
28 42 125
28 116 125
28 150 125
29 135 125
30 133 125
33 132 125
35 131 125
37 130 125
38 4 125
38 24 125
38 27 125
39 129 125
40 127 125
41 24 125
41 27 125
41 30 125
42 124 125
43 6 125
43 7 125
45 122 125
46 119 125
47 118 125
48 4 125
48 5 125
49 117 125
50 116 125
51 115 125
52 37 125
52 38 125
53 114 125
54 2 125
54 3 125
55 113 125
56 35 125
56 36 125
57 111 125
59 33 125
59 34 125
63 110 125
64 109 125
65 107 125
66 0 125
66 1 125
67 106 125
69 133 125
69 150 125
70 105 125
71 104 125
73 103 125
74 117 125
74 118 125
75 102 125
76 101 125
77 31 125
77 32 125
80 100 125
81 115 125
81 116 125
82 99 125
83 98 125
84 28 125
84 30 125
85 109 125
85 114 125
87 96 125
88 9 125
88 11 125
88 18 125
89 95 125
90 103 125
90 105 125
91 89 125
93 85 125
94 6 125
94 7 125
94 8 125
96 83 125
97 26 125
97 27 125
98 82 125
99 81 125
100 46 125
100 47 125
101 42 125
101 45 125
103 36 125
103 39 125
104 80 125
105 79 125
106 78 125
107 76 125
108 93 125
109 75 125
110 101 125
110 102 125
111 98 125
111 100 125
112 1 125
112 4 125
112 5 125
113 74 125
115 73 125
116 34 125
116 35 125
118 31 125
118 32 125
119 71 125
120 23 125
120 24 125
124 95 125
124 96 125
125 92 125
126 91 125
127 70 125
129 92 125
129 93 125
130 75 125
130 83 125
131 69 125
132 68 125
134 90 125
135 67 125
136 66 125
137 65 125
138 63 125
139 62 125
140 61 125
141 60 125
142 65 125
142 67 125
144 21 125
144 22 125
145 13 125
145 20 125
148 60 125
148 61 125
149 58 125
150 57 125
0 150 126
1 147 126
5 7 126
5 9 126
6 146 126
10 141 126
11 140 126
12 24 126
12 25 126
13 139 126
15 138 126
16 137 126
19 136 126
21 3 126
21 4 126
22 21 126
22 23 126
25 135 126
26 134 126
29 133 126
33 132 126
34 131 126
35 130 126
36 129 126
38 128 126
39 127 126
40 126 126
41 147 126
41 1 126
42 124 126
43 122 126
45 121 126
46 120 126
53 119 126
54 117 126
58 138 126
58 146 126
59 116 126
60 114 126
62 112 126
62 114 126
64 17 126
64 20 126
66 113 126
67 65 126
70 15 126
70 16 126
76 112 126
79 108 126
80 86 126
80 91 126
81 62 126
84 50 126
84 81 126
85 105 126
86 59 126
87 103 126
88 92 126
91 25 126
91 28 126
93 91 126
94 90 126
95 86 126
96 5 126
96 10 126
99 84 126
101 83 126
102 82 126
103 58 126
104 81 126
105 57 126
107 80 126
108 56 126
109 77 126
110 74 126
112 52 126
113 51 126
116 50 126
118 73 126
120 35 126
120 36 126
121 49 126
123 72 126
124 48 126
125 71 126
127 44 126
129 41 126
131 40 126
132 39 126
134 38 126
135 36 126
136 35 126
137 32 126
138 20 126
138 24 126
140 31 126
144 69 126
145 68 126
146 30 126
147 28 126
149 67 126
150 27 126
0 150 127
2 149 127
3 9 127
3 11 127
3 18 127
4 148 127
6 54 127
6 55 127
8 147 127
9 143 127
10 51 127
10 53 127
12 49 127
12 50 127
13 142 127
14 47 127
14 48 127
15 141 127
16 140 127
18 45 127
18 46 127
19 20 127
19 21 127
21 13 127
21 18 127
22 11 127
22 12 127
23 139 127
24 8 127
24 9 127
25 43 127
25 44 127
26 138 127
27 6 127
27 7 127
28 137 127
29 136 127
30 135 127
31 4 127
31 5 127
34 133 127
36 132 127
38 131 127
40 130 127
41 129 127
42 127 127
44 124 127
45 122 127
46 42 127
46 116 127
46 150 127
47 2 127
47 3 127
49 119 127
50 118 127
51 117 127
53 0 127
53 1 127
54 133 127
54 150 127
55 116 127
56 24 127
56 27 127
56 30 127
57 6 127
57 7 127
57 8 127
59 115 127
60 114 127
61 113 127
64 39 127
64 42 127
65 111 127
67 110 127
68 109 127
69 107 127
70 106 127
71 117 127
71 118 127
72 37 127
72 38 127
73 105 127
74 115 127
74 116 127
75 104 127
78 103 127
79 102 127
80 101 127
81 109 127
81 114 127
83 46 127
83 47 127
84 100 127
85 89 127
86 35 127
86 36 127
87 99 127
88 33 127
88 34 127
90 83 127
92 4 127
92 24 127
92 27 127
93 82 127
94 98 127
95 81 127
96 42 127
96 45 127
97 96 127
98 36 127
98 39 127
100 34 127
100 35 127
101 80 127
102 79 127
103 78 127
104 76 127
105 31 127
105 32 127
107 75 127
108 95 127
109 74 127
110 73 127
111 71 127
112 31 127
112 32 127
114 70 127
115 69 127
117 68 127
119 103 127
119 105 127
120 28 127
120 30 127
121 93 127
122 101 127
122 102 127
123 26 127
123 27 127
124 98 127
124 100 127
125 92 127
126 23 127
126 24 127
127 67 127
128 91 127
129 95 127
129 96 127
130 92 127
130 93 127
131 1 127
131 4 127
131 5 127
132 66 127
133 65 127
134 90 127
135 63 127
138 75 127
138 83 127
139 62 127
141 61 127
142 60 127
143 58 127
144 85 127
146 19 127
146 22 127
147 57 127
148 65 127
148 67 127
149 60 127
149 61 127
3 54 128
3 55 128
4 51 128
4 53 128
5 150 128
6 149 128
7 49 128
7 50 128
8 148 128
9 147 128
11 143 128
13 142 128
14 141 128
15 140 128
16 139 128
17 138 128
18 137 128
19 136 128
20 135 128
21 133 128
22 132 128
23 6 128
23 7 128
23 8 128
24 131 128
25 130 128
27 47 128
27 48 128
28 129 128
30 127 128
31 124 128
32 26 128
32 27 128
33 122 128
34 119 128
35 23 128
35 24 128
36 118 128
37 117 128
38 116 128
39 21 128
39 22 128
40 115 128
41 114 128
42 113 128
45 111 128
46 110 128
47 109 128
48 107 128
49 106 128
50 105 128
51 19 128
51 20 128
53 13 128
53 18 128
54 11 128
54 12 128
55 104 128
56 45 128
56 46 128
57 103 128
58 8 128
58 9 128
59 102 128
60 101 128
62 6 128
62 7 128
64 43 128
64 44 128
65 100 128
66 4 128
66 5 128
67 99 128
69 98 128
70 96 128
71 95 128
72 39 128
72 42 128
73 2 128
73 3 128
75 93 128
77 92 128
78 0 128
78 1 128
79 133 128
79 150 128
80 78 128
81 117 128
81 118 128
82 115 128
82 116 128
84 91 128
85 109 128
85 114 128
86 24 128
86 27 128
86 30 128
87 90 128
88 89 128
90 103 128
90 105 128
91 76 128
92 60 128
92 61 128
93 46 128
93 47 128
94 85 128
96 42 128
96 45 128
97 37 128
97 38 128
98 42 128
98 116 128
98 150 128
99 75 128
101 4 128
101 24 128
101 27 128
102 74 128
103 73 128
104 101 128
104 102 128
105 71 128
106 1 128
106 4 128
106 5 128
107 70 128
109 69 128
110 68 128
112 83 128
113 98 128
113 100 128
115 36 128
115 39 128
116 34 128
116 35 128
120 35 128
120 36 128
121 33 128
121 34 128
125 82 128
126 31 128
126 32 128
127 67 128
128 81 128
129 95 128
129 96 128
130 92 128
130 93 128
132 66 128
133 65 128
134 28 128
134 30 128
136 75 128
136 83 128
137 63 128
139 62 128
142 61 128
143 60 128
144 80 128
145 9 128
145 11 128
145 18 128
146 79 128
147 58 128
148 65 128
148 67 128
149 57 128
150 31 128
150 32 128
0 150 129
1 86 129
1 87 129
2 75 129
2 76 129
2 77 129
3 84 129
3 85 129
4 148 129
6 147 129
7 82 129
7 83 129
8 80 129
8 81 129
10 78 129
10 79 129
11 146 129
12 76 129
12 77 129
13 74 129
13 75 129
14 145 129
15 143 129
16 142 129
17 71 129
17 72 129
18 68 129
18 69 129
19 66 129
19 67 129
20 109 129
20 110 129
20 116 129
20 117 129
21 64 129
21 65 129
23 141 129
25 62 129
25 63 129
26 118 129
26 0 129
26 2 129
26 3 129
27 76 129
27 77 129
27 79 129
27 84 129
28 140 129
29 60 129
29 61 129
30 58 129
30 59 129
31 139 129
32 138 129
33 86 129
33 87 129
33 89 129
35 32 129
35 34 129
36 29 129
36 30 129
37 54 129
37 56 129
39 95 129
39 99 129
39 102 129
39 108 129
40 137 129
43 27 129
43 28 129
44 136 129
46 56 129
46 64 129
46 65 129
46 75 129
47 134 129
49 44 129
49 45 129
49 46 129
51 133 129
52 132 129
53 36 129
53 38 129
53 40 129
54 128 129
55 83 129
55 84 129
55 85 129
56 32 129
56 34 129
56 35 129
59 23 129
59 24 129
60 21 129
60 22 129
61 127 129
62 19 129
62 20 129
63 125 129
64 27 129
64 28 129
64 29 129
65 123 129
66 122 129
68 17 129
68 18 129
70 121 129
72 120 129
73 51 129
73 53 129
74 119 129
75 22 129
75 23 129
75 24 129
76 15 129
76 16 129
77 118 129
78 117 129
80 13 129
80 14 129
81 11 129
81 12 129
82 116 129
83 115 129
84 114 129
85 16 129
85 17 129
85 21 129
86 113 129
87 109 129
87 110 129
87 116 129
87 117 129
88 112 129
89 110 129
90 9 129
90 10 129
91 109 129
92 7 129
92 8 129
93 8 129
93 14 129
93 15 129
94 108 129
95 106 129
96 5 129
96 6 129
98 49 129
98 50 129
99 3 129
99 4 129
100 0 129
100 2 129
101 69 129
101 71 129
101 74 129
103 104 129
104 118 129
104 22 129
104 23 129
104 53 129
105 102 129
106 4 129
106 6 129
106 7 129
108 148 129
108 150 129
109 108 129
109 110 129
110 105 129
110 106 129
111 46 129
111 48 129
112 101 129
113 56 129
113 64 129
113 65 129
114 146 129
114 147 129
115 143 129
115 145 129
116 100 129
117 84 129
117 86 129
117 87 129
117 108 129
118 99 129
119 96 129
120 141 129
120 142 129
121 138 129
121 139 129
122 95 129
124 44 129
124 45 129
125 94 129
126 42 129
126 43 129
127 119 129
127 137 129
128 49 129
128 51 129
128 53 129
129 105 129
130 40 129
130 41 129
131 103 129
132 117 129
132 118 129
133 93 129
135 38 129
135 39 129
136 109 129
136 116 129
137 92 129
138 103 129
138 104 129
139 99 129
139 102 129
140 86 129
140 87 129
140 89 129
140 93 129
141 91 129
142 95 129
142 96 129
143 90 129
144 79 129
144 80 129
144 81 129
145 89 129
147 88 129
149 35 129
149 36 129
150 90 129
150 93 129
0 150 130
1 149 130
2 148 130
3 147 130
4 143 130
5 142 130
7 54 130
7 55 130
9 141 130
10 24 130
10 27 130
10 30 130
11 140 130
13 139 130
14 138 130
16 137 130
17 136 130
18 51 130
18 53 130
19 135 130
20 49 130
20 50 130
21 133 130
22 132 130
24 131 130
25 47 130
25 48 130
26 130 130
28 129 130
29 127 130
33 124 130
35 122 130
36 26 130
36 27 130
37 6 130
37 7 130
37 8 130
39 23 130
39 24 130
40 119 130
41 118 130
42 21 130
42 22 130
43 19 130
43 20 130
45 42 130
45 116 130
45 150 130
46 117 130
49 13 130
49 18 130
50 116 130
51 1 130
51 4 130
51 5 130
52 45 130
52 46 130
53 115 130
54 11 130
54 12 130
55 8 130
55 9 130
56 43 130
56 44 130
57 114 130
58 113 130
59 111 130
60 110 130
61 109 130
62 6 130
62 7 130
64 107 130
65 4 130
65 24 130
65 27 130
66 106 130
67 105 130
68 104 130
70 103 130
71 4 130
71 5 130
72 102 130
73 2 130
73 3 130
74 0 130
74 1 130
76 101 130
78 133 130
78 150 130
79 117 130
79 118 130
81 100 130
82 115 130
82 116 130
83 99 130
85 98 130
86 39 130
86 42 130
88 96 130
89 90 130
90 109 130
90 114 130
91 85 130
92 46 130
92 47 130
93 42 130
93 45 130
94 9 130
94 11 130
94 18 130
96 36 130
96 39 130
97 95 130
98 83 130
99 82 130
100 81 130
101 80 130
102 34 130
102 35 130
103 79 130
104 78 130
105 31 130
105 32 130
106 103 130
106 105 130
108 37 130
108 38 130
109 76 130
110 75 130
111 74 130
113 101 130
113 102 130
114 73 130
115 71 130
117 70 130
119 98 130
119 100 130
120 35 130
120 36 130
122 69 130
123 33 130
123 34 130
124 68 130
125 93 130
126 31 130
126 32 130
127 67 130
128 92 130
129 95 130
129 96 130
130 66 130
131 92 130
131 93 130
132 65 130
134 28 130
134 30 130
135 63 130
136 75 130
136 83 130
137 65 130
137 67 130
138 62 130
139 61 130
140 60 130
141 60 130
141 61 130
145 91 130
146 89 130
147 58 130
150 57 130
0 141 131
3 140 131
4 139 131
6 138 131
7 137 131
10 136 131
11 135 131
15 42 131
15 44 131
16 134 131
18 133 131
21 126 131
23 125 131
26 40 131
26 41 131
27 96 131
27 98 131
33 124 131
36 37 131
36 39 131
37 123 131
39 122 131
43 120 131
45 103 131
50 101 131
51 100 131
55 99 131
56 98 131
58 97 131
60 96 131
61 33 131
61 39 131
61 45 131
66 33 131
66 34 131
68 95 131
76 94 131
77 60 131
78 1 131
78 16 131
78 19 131
81 92 131
83 72 131
83 95 131
84 91 131
85 27 131
85 32 131
86 90 131
87 89 131
88 58 131
92 57 131
97 56 131
98 55 131
100 54 131
102 19 131
102 25 131
103 49 131
103 60 131
104 88 131
105 83 131
107 17 131
107 18 131
108 77 131
111 9 131
111 16 131
113 1 131
113 6 131
115 133 131
115 134 131
115 135 131
118 74 131
123 53 131
126 49 131
129 72 131
133 46 131
135 45 131
140 69 131
140 71 131
142 71 131
143 69 131
149 134 131
149 135 131
150 103 131
150 133 131
11 149 132
19 104 132
24 103 132
30 97 132
33 10 132
45 94 132
54 76 132
70 59 132
98 58 132
107 55 132
109 50 132
111 33 132
118 29 132
119 23 132
128 22 132
129 21 132
132 16 132
142 15 132
0 149 133
10 104 133
15 16 133
18 103 133
19 97 133
25 94 133
32 76 133
49 59 133
52 58 133
57 55 133
73 50 133
112 33 133
128 29 133
130 23 133
135 22 133
137 21 133
141 15 133
149 10 133
1 141 134
3 42 134
3 44 134
5 140 134
10 40 134
10 41 134
13 37 134
13 39 134
14 139 134
15 138 134
17 103 134
17 133 134
20 137 134
24 136 134
30 135 134
31 33 134
31 34 134
32 96 134
32 98 134
34 134 134
37 133 134
39 126 134
42 125 134
44 72 134
44 95 134
48 124 134
52 123 134
53 1 134
53 16 134
53 19 134
54 122 134
57 120 134
58 103 134
59 101 134
60 100 134
64 99 134
66 98 134
67 97 134
68 96 134
69 71 134
71 60 134
73 95 134
75 27 134
75 32 134
81 94 134
82 92 134
86 19 134
86 25 134
90 69 134
90 71 134
93 91 134
97 133 134
97 134 134
97 135 134
99 58 134
100 49 134
100 60 134
103 57 134
104 90 134
105 17 134
105 18 134
109 9 134
109 16 134
110 33 134
110 39 134
110 45 134
112 89 134
115 88 134
119 83 134
120 56 134
122 55 134
123 54 134
125 53 134
127 77 134
128 74 134
129 72 134
130 1 134
130 6 134
134 49 134
136 46 134
141 45 134
144 69 134
148 134 134
148 135 134
57 5 135
59 4 135
63 1 135
110 0 135
2 149 136
9 104 136
15 10 136
30 103 136
34 97 136
36 94 136
39 76 136
41 59 136
51 58 136
65 55 136
74 50 136
81 33 136
86 29 136
90 23 136
105 22 136
120 21 136
123 16 136
128 15 136
2 94 137
11 92 137
21 89 137
41 88 137
50 87 137
63 86 137
71 85 137
74 84 137
99 77 137
110 31 137
111 13 137
112 12 137
18 57 138
40 42 138
44 39 138
102 38 138
127 35 138
149 16 138
1 142 139
18 141 139
42 43 139
46 140 139
120 44 139
123 42 139
9 5 140
21 4 140
56 1 140
114 0 140
0 134 141
3 127 141
6 29 141
6 32 141
7 126 141
8 125 141
9 27 141
9 28 141
11 121 141
13 21 141
13 26 141
14 120 141
19 118 141
22 113 141
26 112 141
31 111 141
33 110 141
37 109 141
39 108 141
40 107 141
41 106 141
47 104 141
53 98 141
54 97 141
56 93 141
57 91 141
60 88 141
63 86 141
65 85 141
70 65 141
71 83 141
73 16 141
73 20 141
76 82 141
77 64 141
81 62 141
82 70 141
82 72 141
83 57 141
83 69 141
88 61 141
90 11 141
90 14 141
94 0 141
94 2 141
97 58 141
98 57 141
100 81 141
102 80 141
108 56 141
109 55 141
110 49 141
111 45 141
112 39 141
114 79 141
116 78 141
118 2 141
118 20 141
122 77 141
127 38 141
129 74 141
134 37 141
136 112 141
136 113 141
137 107 141
137 111 141
139 72 141
140 70 141
143 69 141
146 74 141
146 91 141
149 66 141
0 86 142
0 87 142
1 84 142
1 85 142
2 150 142
3 148 142
4 95 142
4 99 142
4 102 142
4 108 142
5 82 142
5 83 142
6 80 142
6 81 142
8 147 142
9 146 142
11 78 142
11 79 142
12 145 142
13 76 142
13 77 142
14 74 142
14 75 142
15 143 142
16 71 142
16 72 142
17 142 142
18 141 142
19 68 142
19 69 142
24 66 142
24 67 142
25 118 142
25 0 142
25 2 142
25 3 142
26 140 142
27 139 142
29 64 142
29 65 142
30 62 142
30 63 142
31 60 142
31 61 142
32 58 142
32 59 142
33 138 142
36 35 142
36 38 142
37 86 142
37 87 142
37 89 142
38 86 142
38 87 142
38 89 142
38 93 142
39 79 142
39 80 142
39 81 142
40 137 142
41 75 142
41 76 142
41 77 142
43 69 142
43 71 142
43 74 142
45 32 142
45 34 142
47 109 142
47 110 142
47 116 142
47 117 142
48 136 142
49 134 142
50 56 142
50 64 142
50 65 142
51 133 142
52 132 142
53 128 142
54 127 142
55 125 142
56 123 142
57 54 142
57 56 142
58 122 142
59 49 142
59 51 142
59 53 142
60 121 142
61 120 142
62 29 142
62 30 142
63 27 142
63 28 142
64 23 142
64 24 142
65 21 142
65 22 142
66 119 142
67 19 142
67 20 142
68 118 142
69 117 142
70 116 142
72 44 142
72 45 142
72 46 142
73 51 142
73 53 142
74 22 142
74 23 142
74 24 142
75 115 142
76 114 142
77 16 142
77 17 142
77 21 142
78 17 142
78 18 142
79 8 142
79 14 142
79 15 142
80 15 142
80 16 142
81 113 142
82 112 142
83 13 142
83 14 142
84 11 142
84 12 142
85 110 142
88 109 142
89 108 142
90 76 142
90 77 142
90 79 142
90 84 142
92 9 142
92 10 142
93 109 142
93 110 142
93 116 142
93 117 142
94 106 142
95 7 142
95 8 142
96 5 142
96 6 142
97 105 142
98 104 142
99 103 142
100 3 142
100 4 142
102 100 142
103 0 142
103 2 142
104 99 142
105 56 142
105 64 142
105 65 142
105 75 142
106 148 142
106 150 142
107 49 142
107 50 142
108 146 142
108 147 142
109 143 142
109 145 142
110 84 142
110 86 142
110 87 142
110 108 142
111 83 142
111 84 142
111 85 142
112 141 142
112 142 142
113 36 142
113 38 142
113 40 142
114 96 142
115 138 142
115 139 142
116 95 142
117 108 142
117 109 142
119 105 142
119 106 142
120 119 142
120 137 142
121 117 142
121 118 142
122 32 142
122 34 142
122 35 142
123 94 142
125 27 142
125 28 142
125 29 142
126 46 142
126 48 142
127 93 142
128 92 142
129 102 142
130 44 142
130 45 142
131 42 142
131 43 142
132 91 142
133 90 142
135 40 142
135 41 142
136 89 142
137 103 142
137 104 142
138 88 142
139 99 142
139 102 142
140 110 142
140 116 142
141 4 142
141 6 142
141 7 142
142 118 142
142 22 142
142 23 142
142 53 142
144 101 142
145 95 142
145 96 142
147 90 142
147 93 142
149 36 142
149 39 142
19 142 143
41 141 143
58 140 143
106 94 143
111 92 143
144 77 143
1 148 144
21 147 144
25 146 144
51 31 144
112 30 144
125 28 144
23 136 146
48 135 146
83 134 146
84 79 146
106 78 146
111 76 146
