0 150 82
1 149 82
3 148 82
5 147 82
6 146 82
7 145 82
10 144 82
12 143 82
13 142 82
14 141 82
16 140 82
17 135 82
18 134 82
19 133 82
20 132 82
21 131 82
22 130 82
24 129 82
25 128 82
26 127 82
27 126 82
28 125 82
29 124 82
30 123 82
31 121 82
33 4 82
33 6 82
34 117 82
35 113 82
36 112 82
37 109 82
40 108 82
41 107 82
42 105 82
44 104 82
45 103 82
47 102 82
49 101 82
51 100 82
53 99 82
54 97 82
57 96 82
58 94 82
59 1 82
59 3 82
60 92 82
62 91 82
63 90 82
64 89 82
65 88 82
67 65 82
68 64 82
69 63 82
70 87 82
71 62 82
72 61 82
73 60 82
75 87 82
75 0 82
76 59 82
78 58 82
79 57 82
81 86 82
82 84 82
83 80 82
84 19 82
84 21 82
85 79 82
86 43 82
86 84 82
87 12 82
87 14 82
88 55 82
89 54 82
91 53 82
92 52 82
95 78 82
96 51 82
97 49 82
98 9 82
98 10 82
99 47 82
100 31 82
100 42 82
101 45 82
102 43 82
103 42 82
105 41 82
106 7 82
106 8 82
107 39 82
108 38 82
109 37 82
110 77 82
111 76 82
112 34 82
113 33 82
114 75 82
115 73 82
116 72 82
120 71 82
121 32 82
123 31 82
124 30 82
125 29 82
126 28 82
127 27 82
128 24 82
129 23 82
131 22 82
132 21 82
136 69 82
137 68 82
138 67 82
139 66 82
141 20 82
142 19 82
143 18 82
145 17 82
146 16 82
147 15 82
148 14 82
149 12 82
150 11 82
0 150 105
3 149 105
4 148 105
5 9 105
5 10 105
6 147 105
7 146 105
8 145 105
9 144 105
10 143 105
11 142 105
12 141 105
13 140 105
14 135 105
15 134 105
16 133 105
18 132 105
19 131 105
20 43 105
20 84 105
22 130 105
24 129 105
25 128 105
26 127 105
27 126 105
31 125 105
33 31 105
33 42 105
34 124 105
35 123 105
37 121 105
38 117 105
39 113 105
40 7 105
40 8 105
41 112 105
42 109 105
44 108 105
45 107 105
46 105 105
47 104 105
49 103 105
50 4 105
50 6 105
52 102 105
53 101 105
54 100 105
55 99 105
56 97 105
57 19 105
57 21 105
58 96 105
59 94 105
60 92 105
62 91 105
64 90 105
65 89 105
66 88 105
67 68 105
69 66 105
70 1 105
70 3 105
71 12 105
71 14 105
73 65 105
74 87 105
75 64 105
77 63 105
78 62 105
79 61 105
81 86 105
82 84 105
83 80 105
84 60 105
85 79 105
86 59 105
87 58 105
88 57 105
89 55 105
90 54 105
91 53 105
92 52 105
96 51 105
99 49 105
100 47 105
101 45 105
102 43 105
103 42 105
104 41 105
105 39 105
106 78 105
109 38 105
110 77 105
112 37 105
114 76 105
115 75 105
116 73 105
118 72 105
119 87 105
119 0 105
120 71 105
121 34 105
123 33 105
124 32 105
125 31 105
126 30 105
127 29 105
128 28 105
130 27 105
131 24 105
132 23 105
133 22 105
135 21 105
136 69 105
138 67 105
140 20 105
141 19 105
142 18 105
143 17 105
144 16 105
145 15 105
146 14 105
147 12 105
148 11 105
0 150 118
1 149 118
2 9 118
2 10 118
4 148 118
5 147 118
6 146 118
7 145 118
8 144 118
9 143 118
10 142 118
11 141 118
12 140 118
14 135 118
15 134 118
17 133 118
18 132 118
19 131 118
20 130 118
21 129 118
23 128 118
25 127 118
26 126 118
27 125 118
28 124 118
29 123 118
30 121 118
31 117 118
33 113 118
34 112 118
35 109 118
36 108 118
37 107 118
38 105 118
39 104 118
40 103 118
41 87 118
41 0 118
42 102 118
44 101 118
45 43 118
45 84 118
46 100 118
47 99 118
49 31 118
49 42 118
50 7 118
50 8 118
51 97 118
52 96 118
53 94 118
54 92 118
56 91 118
57 90 118
59 89 118
65 88 118
66 87 118
67 66 118
68 65 118
69 64 118
70 86 118
71 63 118
72 62 118
73 61 118
74 84 118
75 60 118
77 59 118
79 58 118
80 57 118
81 80 118
84 55 118
85 79 118
86 54 118
87 53 118
88 52 118
90 51 118
93 78 118
94 49 118
96 47 118
97 45 118
98 77 118
99 43 118
101 42 118
102 19 118
102 21 118
103 41 118
104 39 118
105 38 118
107 37 118
108 34 118
109 33 118
111 76 118
112 32 118
114 75 118
115 73 118
116 72 118
118 71 118
119 4 118
119 6 118
120 69 118
122 68 118
123 31 118
124 30 118
125 29 118
126 12 118
126 14 118
127 28 118
128 27 118
129 24 118
130 23 118
131 22 118
132 21 118
133 20 118
134 19 118
135 18 118
136 1 118
136 3 118
139 67 118
140 17 118
142 16 118
143 15 118
145 14 118
147 12 118
149 11 118
0 150 119
1 149 119
2 148 119
4 147 119
8 146 119
10 145 119
12 4 119
12 6 119
13 144 119
14 143 119
15 142 119
16 141 119
17 140 119
18 135 119
20 134 119
21 133 119
23 132 119
24 131 119
25 130 119
26 129 119
28 128 119
29 127 119
30 126 119
31 125 119
32 124 119
33 123 119
34 121 119
35 117 119
36 113 119
37 1 119
37 3 119
38 112 119
40 109 119
41 108 119
42 12 119
42 14 119
44 9 119
44 10 119
47 107 119
48 105 119
49 104 119
50 103 119
51 102 119
54 101 119
55 100 119
56 99 119
57 97 119
58 96 119
59 94 119
60 92 119
62 91 119
63 90 119
64 87 119
64 0 119
65 64 119
66 63 119
67 62 119
69 43 119
69 84 119
70 89 119
73 61 119
75 60 119
77 59 119
78 58 119
81 88 119
82 87 119
83 86 119
84 57 119
85 84 119
87 55 119
89 54 119
90 53 119
92 52 119
93 80 119
94 51 119
95 79 119
96 49 119
97 47 119
99 45 119
100 43 119
101 42 119
103 41 119
104 39 119
105 38 119
106 78 119
107 37 119
109 34 119
110 77 119
111 7 119
111 8 119
112 33 119
113 32 119
114 76 119
115 75 119
116 73 119
118 72 119
119 71 119
120 69 119
121 31 119
123 30 119
124 29 119
125 28 119
126 27 119
130 31 119
130 42 119
131 24 119
133 23 119
134 22 119
135 21 119
136 68 119
137 67 119
138 66 119
139 65 119
140 20 119
141 19 119
142 18 119
143 17 119
144 16 119
145 15 119
147 19 119
147 21 119
148 14 119
149 12 119
150 11 119
0 150 122
1 149 122
2 148 122
3 9 122
3 10 122
4 147 122
5 146 122
7 145 122
10 144 122
11 143 122
12 142 122
14 141 122
15 140 122
16 135 122
17 134 122
19 133 122
20 132 122
22 131 122
23 130 122
24 129 122
25 128 122
27 127 122
29 126 122
31 12 122
31 14 122
33 125 122
34 124 122
35 123 122
36 121 122
37 117 122
39 113 122
43 112 122
44 109 122
46 108 122
47 107 122
49 105 122
50 104 122
51 103 122
52 102 122
53 101 122
54 100 122
55 99 122
56 97 122
57 96 122
58 94 122
59 1 122
59 3 122
60 92 122
61 91 122
63 90 122
64 89 122
66 88 122
67 68 122
68 66 122
71 65 122
72 64 122
73 63 122
74 87 122
75 62 122
77 61 122
78 60 122
79 59 122
80 58 122
81 86 122
82 84 122
83 80 122
85 79 122
86 57 122
87 55 122
88 54 122
89 53 122
90 52 122
91 51 122
92 49 122
93 78 122
94 47 122
96 45 122
97 43 122
98 77 122
99 42 122
102 41 122
103 39 122
104 38 122
107 37 122
109 34 122
111 76 122
112 33 122
113 87 122
113 0 122
114 75 122
115 73 122
116 72 122
117 32 122
118 7 122
118 8 122
120 71 122
121 31 122
123 30 122
124 29 122
125 43 122
125 84 122
126 28 122
127 27 122
128 24 122
130 23 122
131 22 122
133 21 122
135 20 122
136 4 122
136 6 122
137 69 122
138 67 122
140 19 122
141 18 122
143 31 122
143 42 122
144 17 122
145 16 122
146 19 122
146 21 122
147 15 122
148 14 122
149 12 122
150 11 122
0 150 123
2 149 123
3 148 123
4 147 123
6 146 123
7 145 123
8 144 123
9 143 123
10 142 123
11 141 123
12 140 123
13 135 123
14 134 123
16 87 123
16 0 123
17 133 123
18 132 123
20 131 123
21 130 123
22 129 123
25 128 123
26 127 123
27 126 123
29 125 123
30 124 123
32 123 123
34 121 123
35 117 123
36 113 123
37 112 123
39 109 123
40 108 123
42 107 123
44 105 123
46 104 123
47 103 123
48 102 123
50 9 123
50 10 123
51 101 123
52 100 123
53 99 123
54 97 123
55 96 123
56 94 123
57 92 123
58 91 123
59 90 123
61 89 123
62 88 123
64 65 123
65 63 123
70 87 123
72 62 123
73 61 123
74 86 123
75 60 123
76 59 123
77 58 123
78 57 123
80 55 123
81 84 123
82 80 123
83 7 123
83 8 123
86 54 123
87 53 123
88 43 123
88 84 123
89 52 123
90 51 123
91 49 123
93 79 123
94 47 123
95 78 123
98 77 123
99 45 123
100 43 123
101 42 123
102 41 123
104 39 123
106 4 123
106 6 123
107 38 123
108 37 123
110 76 123
114 75 123
115 1 123
115 3 123
117 34 123
118 73 123
119 72 123
120 71 123
121 33 123
122 69 123
124 32 123
125 31 123
126 30 123
127 29 123
128 28 123
129 27 123
130 31 123
130 42 123
131 24 123
132 23 123
133 22 123
134 21 123
135 19 123
135 21 123
136 68 123
137 67 123
138 66 123
139 64 123
140 20 123
141 19 123
143 18 123
144 17 123
145 16 123
146 15 123
147 12 123
147 14 123
148 14 123
149 12 123
150 11 123
0 150 124
1 149 124
2 148 124
4 147 124
5 146 124
6 145 124
7 144 124
8 143 124
9 142 124
10 141 124
11 9 124
11 10 124
14 12 124
14 19 124
16 140 124
17 7 124
17 8 124
19 135 124
21 134 124
22 133 124
24 132 124
25 131 124
27 130 124
28 129 124
29 128 124
30 127 124
32 126 124
33 125 124
34 124 124
36 123 124
37 121 124
38 117 124
41 113 124
43 112 124
47 109 124
49 108 124
50 107 124
51 105 124
52 104 124
53 103 124
54 102 124
55 101 124
57 100 124
58 99 124
59 97 124
60 4 124
60 6 124
62 96 124
63 94 124
66 92 124
67 68 124
69 66 124
70 91 124
71 65 124
72 64 124
73 63 124
74 90 124
75 62 124
76 61 124
77 60 124
78 59 124
79 58 124
81 89 124
83 88 124
85 87 124
86 57 124
87 55 124
88 54 124
89 53 124
90 52 124
91 51 124
92 49 124
93 86 124
94 47 124
95 84 124
96 45 124
97 43 124
99 1 124
99 3 124
100 42 124
101 41 124
103 39 124
104 38 124
105 37 124
106 80 124
107 34 124
109 87 124
109 0 124
110 79 124
111 78 124
112 33 124
115 77 124
116 76 124
117 32 124
118 75 124
119 73 124
121 31 124
122 72 124
123 30 124
124 29 124
125 28 124
126 27 124
127 24 124
128 23 124
129 22 124
130 21 124
132 20 124
133 19 124
134 18 124
135 43 124
135 84 124
136 71 124
137 69 124
138 67 124
141 31 124
141 42 124
142 17 124
143 16 124
145 14 124
145 21 124
146 15 124
147 14 124
148 12 124
149 11 124
0 150 125
1 149 125
2 148 125
3 147 125
4 146 125
5 145 125
6 144 125
9 143 125
10 142 125
11 141 125
12 140 125
15 135 125
16 134 125
17 133 125
18 1 125
18 3 125
19 132 125
20 131 125
21 12 125
21 14 125
22 87 125
22 0 125
23 130 125
24 129 125
28 128 125
29 127 125
30 126 125
33 125 125
34 124 125
35 123 125
36 9 125
36 10 125
37 121 125
40 117 125
42 113 125
44 7 125
44 8 125
45 112 125
46 109 125
48 108 125
49 107 125
51 105 125
52 104 125
54 103 125
55 102 125
56 101 125
57 100 125
58 99 125
60 97 125
61 96 125
62 94 125
64 92 125
65 91 125
67 68 125
68 66 125
69 65 125
70 90 125
71 64 125
74 89 125
75 63 125
76 43 125
76 84 125
77 62 125
78 61 125
79 60 125
80 59 125
81 88 125
82 87 125
84 58 125
85 86 125
86 57 125
87 55 125
89 31 125
89 42 125
91 54 125
92 53 125
93 84 125
94 52 125
95 80 125
97 51 125
98 79 125
99 49 125
100 47 125
101 45 125
102 43 125
104 42 125
106 78 125
107 41 125
108 39 125
109 38 125
110 77 125
111 76 125
113 37 125
114 75 125
115 4 125
115 6 125
116 73 125
117 34 125
118 72 125
119 71 125
120 69 125
121 33 125
122 67 125
124 32 125
125 31 125
127 30 125
128 29 125
130 28 125
131 19 125
131 21 125
132 27 125
133 24 125
134 23 125
135 22 125
140 21 125
141 20 125
142 19 125
144 18 125
145 17 125
146 16 125
147 15 125
148 14 125
149 12 125
150 11 125
0 150 126
2 149 126
3 148 126
5 147 126
7 146 126
8 145 126
9 144 126
10 1 126
10 3 126
11 87 126
11 0 126
18 143 126
19 142 126
20 141 126
21 140 126
22 135 126
23 134 126
24 43 126
24 84 126
25 133 126
26 132 126
27 131 126
28 130 126
29 129 126
30 128 126
32 127 126
33 126 126
34 125 126
35 124 126
36 123 126
37 121 126
40 117 126
41 113 126
43 112 126
44 109 126
45 108 126
46 107 126
47 105 126
48 104 126
49 103 126
52 102 126
53 101 126
54 31 126
54 42 126
55 100 126
58 99 126
59 97 126
60 96 126
61 94 126
62 92 126
63 91 126
66 90 126
67 68 126
68 66 126
69 65 126
70 89 126
71 64 126
74 88 126
75 63 126
76 62 126
77 61 126
78 60 126
79 59 126
80 58 126
81 9 126
81 10 126
82 87 126
83 86 126
84 57 126
86 55 126
88 54 126
89 53 126
92 52 126
95 7 126
95 8 126
96 51 126
97 49 126
98 84 126
100 47 126
101 45 126
102 43 126
103 42 126
104 41 126
105 39 126
106 80 126
107 38 126
109 37 126
110 79 126
111 78 126
112 34 126
113 33 126
114 77 126
115 76 126
116 75 126
117 32 126
118 4 126
118 6 126
119 73 126
120 72 126
121 31 126
122 71 126
123 30 126
124 29 126
125 28 126
127 27 126
129 24 126
130 23 126
132 22 126
133 21 126
134 20 126
135 19 126
135 21 126
136 69 126
139 67 126
141 19 126
142 18 126
143 17 126
144 16 126
145 12 126
145 14 126
146 15 126
147 14 126
148 12 126
149 11 126
0 150 127
1 149 127
2 148 127
3 9 127
3 10 127
6 147 127
7 146 127
8 145 127
10 144 127
11 143 127
13 142 127
14 141 127
15 140 127
16 135 127
17 134 127
18 4 127
18 6 127
20 133 127
22 132 127
24 131 127
26 130 127
27 129 127
28 128 127
29 127 127
30 126 127
31 125 127
33 124 127
34 123 127
35 121 127
36 117 127
37 113 127
38 112 127
39 109 127
40 108 127
43 107 127
45 105 127
46 104 127
47 103 127
49 102 127
50 101 127
52 1 127
52 3 127
53 100 127
54 99 127
56 97 127
57 96 127
58 94 127
59 92 127
60 91 127
61 90 127
62 89 127
63 88 127
64 65 127
65 63 127
66 62 127
67 61 127
70 87 127
71 60 127
73 59 127
74 86 127
75 58 127
76 57 127
77 55 127
79 54 127
81 84 127
83 80 127
84 53 127
87 52 127
88 51 127
89 49 127
90 47 127
91 45 127
92 43 127
96 42 127
97 41 127
98 79 127
100 39 127
101 87 127
101 0 127
102 43 127
102 84 127
104 38 127
105 37 127
106 78 127
107 34 127
108 33 127
109 32 127
110 77 127
111 7 127
111 8 127
112 31 127
113 30 127
114 76 127
115 75 127
116 73 127
117 29 127
118 72 127
120 71 127
121 28 127
122 69 127
125 27 127
127 24 127
128 23 127
129 22 127
130 31 127
130 42 127
132 21 127
133 20 127
134 19 127
136 68 127
137 67 127
138 66 127
139 64 127
140 18 127
141 17 127
142 16 127
143 15 127
144 14 127
146 19 127
146 21 127
148 12 127
149 11 127
150 12 127
150 14 127
0 150 128
1 149 128
2 9 128
2 10 128
3 148 128
4 147 128
5 146 128
6 145 128
7 144 128
8 143 128
9 142 128
10 141 128
11 140 128
12 135 128
13 134 128
14 133 128
15 132 128
18 131 128
21 130 128
23 129 128
25 128 128
28 127 128
31 126 128
33 125 128
34 124 128
35 123 128
36 121 128
39 4 128
39 6 128
40 117 128
41 113 128
42 112 128
43 109 128
44 108 128
45 107 128
46 105 128
47 104 128
49 103 128
50 102 128
51 1 128
51 3 128
52 101 128
53 100 128
54 99 128
55 97 128
56 96 128
57 94 128
58 92 128
59 91 128
62 90 128
63 89 128
64 88 128
65 87 128
66 65 128
68 87 128
68 0 128
69 64 128
70 86 128
72 63 128
73 62 128
75 61 128
76 60 128
77 59 128
78 58 128
79 43 128
79 84 128
80 57 128
81 84 128
82 80 128
83 79 128
84 55 128
85 78 128
87 54 128
88 53 128
90 52 128
91 51 128
92 49 128
94 47 128
95 77 128
97 45 128
98 76 128
100 31 128
100 42 128
102 19 128
102 21 128
103 43 128
104 42 128
105 41 128
107 39 128
108 38 128
109 37 128
111 75 128
112 34 128
115 73 128
116 7 128
116 8 128
118 72 128
119 71 128
120 69 128
121 33 128
122 68 128
123 32 128
125 31 128
126 30 128
127 29 128
128 28 128
129 27 128
130 24 128
131 23 128
132 22 128
134 21 128
135 12 128
135 14 128
136 67 128
137 66 128
140 20 128
141 19 128
142 18 128
144 17 128
145 16 128
146 15 128
147 14 128
149 12 128
150 11 128
0 150 129
1 149 129
2 148 129
4 147 129
6 146 129
7 145 129
8 144 129
9 10 129
9 11 129
10 143 129
11 142 129
12 141 129
13 140 129
14 135 129
15 7 129
15 8 129
16 134 129
18 133 129
20 132 129
21 131 129
22 130 129
24 129 129
27 128 129
28 127 129
30 126 129
31 125 129
32 124 129
33 123 129
34 121 129
35 117 129
36 113 129
38 112 129
40 109 129
41 108 129
42 107 129
44 105 129
45 4 129
45 6 129
46 104 129
47 103 129
49 102 129
50 101 129
51 100 129
52 99 129
53 1 129
53 3 129
54 97 129
55 96 129
57 94 129
58 92 129
59 91 129
60 90 129
62 87 129
62 0 129
64 89 129
65 88 129
67 65 129
68 64 129
69 63 129
70 87 129
71 62 129
74 86 129
77 61 129
78 60 129
79 59 129
81 84 129
83 80 129
84 58 129
86 57 129
87 55 129
88 54 129
90 53 129
92 52 129
96 51 129
97 49 129
98 79 129
99 47 129
100 45 129
101 43 129
101 84 129
102 43 129
103 42 129
104 41 129
105 39 129
106 78 129
107 38 129
108 37 129
109 34 129
110 77 129
113 33 129
114 76 129
115 75 129
116 73 129
117 32 129
118 72 129
119 71 129
120 69 129
121 31 129
122 68 129
123 30 129
124 31 129
124 42 129
125 29 129
127 28 129
129 19 129
129 21 129
130 27 129
131 24 129
132 12 129
132 14 129
133 23 129
134 22 129
135 21 129
136 67 129
139 66 129
141 20 129
142 19 129
143 18 129
144 17 129
145 16 129
146 15 129
147 14 129
148 12 129
150 9 129
0 150 130
1 149 130
2 9 130
2 10 130
3 148 130
4 147 130
6 146 130
7 145 130
9 144 130
10 143 130
13 142 130
14 141 130
16 140 130
17 7 130
17 8 130
18 135 130
19 134 130
21 133 130
22 132 130
23 131 130
24 130 130
25 129 130
27 128 130
29 127 130
31 126 130
32 125 130
34 124 130
36 123 130
37 121 130
38 117 130
39 113 130
41 112 130
43 109 130
44 108 130
45 107 130
46 105 130
47 104 130
48 103 130
50 102 130
51 101 130
52 100 130
53 99 130
55 97 130
56 96 130
58 94 130
60 4 130
60 6 130
61 92 130
62 91 130
63 1 130
63 3 130
64 90 130
65 89 130
66 88 130
67 66 130
68 65 130
69 64 130
70 87 130
71 63 130
72 62 130
73 61 130
74 86 130
75 60 130
76 59 130
77 58 130
79 57 130
80 55 130
81 84 130
82 80 130
83 79 130
86 54 130
87 53 130
88 52 130
89 51 130
91 49 130
92 47 130
93 78 130
94 45 130
96 43 130
98 77 130
100 87 130
100 0 130
101 42 130
102 41 130
103 39 130
104 43 130
104 84 130
105 38 130
106 76 130
107 37 130
110 75 130
112 34 130
113 33 130
114 73 130
117 32 130
118 72 130
119 71 130
120 69 130
121 31 130
122 68 130
123 30 130
124 29 130
125 28 130
126 27 130
127 24 130
128 23 130
131 22 130
132 21 130
133 20 130
135 19 130
138 67 130
140 18 130
141 17 130
142 16 130
143 31 130
143 42 130
144 19 130
144 21 130
146 15 130
147 14 130
148 12 130
149 11 130
150 12 130
150 14 130
0 150 131
1 149 131
2 148 131
3 147 131
4 146 131
5 145 131
7 144 131
8 143 131
9 142 131
10 141 131
11 140 131
12 135 131
15 134 131
16 133 131
17 132 131
18 131 131
19 130 131
21 129 131
22 128 131
23 127 131
24 126 131
26 9 131
26 10 131
27 125 131
28 124 131
29 123 131
32 87 131
32 0 131
33 121 131
34 117 131
36 7 131
36 8 131
37 113 131
38 112 131
40 109 131
41 108 131
42 107 131
44 105 131
45 104 131
49 103 131
50 102 131
51 101 131
53 100 131
54 99 131
55 97 131
58 96 131
59 94 131
60 92 131
61 91 131
62 43 131
62 84 131
63 31 131
63 42 131
64 90 131
65 89 131
66 88 131
67 66 131
69 65 131
70 87 131
71 64 131
72 63 131
73 62 131
74 86 131
75 61 131
77 60 131
78 59 131
80 58 131
81 84 131
82 80 131
84 57 131
85 79 131
86 19 131
86 21 131
87 55 131
88 54 131
91 53 131
92 52 131
93 78 131
94 51 131
95 77 131
96 49 131
97 47 131
98 76 131
99 45 131
100 43 131
103 42 131
104 41 131
105 39 131
110 4 131
110 6 131
111 75 131
112 12 131
112 14 131
114 1 131
114 3 131
116 73 131
117 38 131
119 72 131
121 37 131
122 71 131
123 34 131
124 33 131
125 32 131
126 31 131
127 30 131
128 29 131
130 28 131
131 27 131
132 24 131
133 23 131
134 22 131
135 21 131
136 69 131
138 68 131
139 67 131
140 20 131
141 19 131
144 18 131
145 17 131
146 16 131
147 15 131
148 14 131
149 12 131
150 11 131
0 150 132
1 149 132
2 148 132
4 147 132
5 146 132
6 145 132
7 144 132
8 143 132
10 142 132
11 141 132
14 140 132
15 135 132
16 134 132
20 133 132
21 132 132
22 131 132
23 130 132
25 129 132
26 128 132
27 127 132
28 126 132
29 125 132
30 124 132
31 123 132
36 121 132
38 117 132
39 113 132
40 112 132
41 109 132
42 108 132
43 107 132
45 105 132
46 104 132
47 103 132
49 102 132
51 4 132
51 6 132
52 101 132
54 100 132
56 99 132
58 1 132
58 3 132
59 97 132
60 96 132
62 94 132
63 92 132
64 91 132
65 90 132
66 67 132
68 65 132
69 64 132
70 89 132
72 63 132
73 62 132
74 9 132
74 10 132
75 61 132
76 60 132
77 59 132
79 87 132
79 0 132
80 43 132
80 84 132
82 88 132
83 87 132
84 58 132
85 86 132
86 57 132
87 55 132
88 54 132
90 53 132
91 52 132
92 51 132
93 84 132
94 49 132
95 80 132
96 47 132
97 31 132
97 42 132
98 79 132
99 45 132
100 43 132
101 42 132
102 41 132
103 39 132
104 38 132
105 37 132
106 78 132
109 34 132
110 77 132
113 33 132
114 76 132
115 75 132
116 73 132
117 32 132
118 72 132
119 7 132
119 8 132
121 31 132
122 71 132
123 19 132
123 21 132
125 30 132
126 29 132
127 28 132
128 27 132
129 24 132
131 12 132
131 14 132
133 23 132
135 22 132
137 69 132
138 68 132
139 66 132
140 21 132
141 20 132
143 19 132
144 18 132
145 17 132
146 16 132
147 15 132
148 14 132
149 12 132
150 11 132
0 9 133
0 10 133
3 150 133
5 149 133
7 148 133
8 147 133
10 1 133
10 3 133
11 146 133
12 145 133
14 144 133
15 143 133
16 142 133
20 141 133
21 140 133
22 135 133
23 134 133
24 133 133
25 132 133
27 131 133
28 130 133
33 129 133
34 128 133
35 127 133
36 126 133
37 125 133
38 124 133
39 123 133
40 121 133
41 117 133
42 113 133
43 112 133
44 109 133
45 108 133
48 107 133
49 105 133
50 104 133
51 103 133
52 102 133
53 101 133
54 87 133
54 0 133
55 100 133
56 99 133
58 97 133
60 96 133
61 43 133
61 84 133
63 94 133
64 92 133
65 91 133
66 90 133
67 89 133
68 69 133
69 67 133
70 88 133
71 66 133
73 65 133
75 64 133
76 63 133
78 62 133
79 61 133
81 87 133
82 86 133
84 60 133
85 84 133
86 59 133
87 58 133
88 57 133
89 55 133
91 54 133
92 53 133
93 7 133
93 8 133
94 52 133
95 80 133
96 51 133
97 49 133
98 4 133
98 6 133
103 47 133
104 45 133
105 43 133
107 42 133
108 41 133
109 39 133
110 79 133
112 38 133
113 37 133
114 78 133
116 77 133
117 34 133
118 76 133
119 75 133
120 73 133
121 33 133
123 32 133
124 31 133
125 30 133
126 29 133
127 28 133
128 27 133
130 31 133
130 42 133
131 19 133
131 21 133
132 12 133
132 14 133
133 24 133
134 23 133
135 22 133
137 72 133
138 71 133
139 68 133
140 21 133
141 20 133
142 19 133
144 18 133
145 17 133
146 16 133
147 15 133
148 14 133
149 12 133
150 11 133
0 150 142
1 149 142
2 148 142
3 147 142
4 146 142
5 145 142
6 144 142
7 143 142
10 7 142
10 8 142
11 142 142
14 12 142
14 19 142
15 4 142
15 6 142
16 141 142
17 140 142
18 135 142
19 134 142
21 133 142
23 132 142
26 131 142
29 130 142
31 129 142
33 1 142
33 3 142
36 128 142
37 127 142
39 126 142
40 125 142
41 124 142
42 123 142
43 121 142
44 9 142
44 10 142
45 117 142
46 113 142
47 112 142
48 109 142
49 108 142
50 107 142
51 105 142
52 104 142
55 103 142
60 102 142
61 101 142
63 100 142
65 99 142
66 97 142
69 96 142
70 94 142
72 69 142
73 68 142
75 67 142
76 66 142
77 65 142
78 64 142
79 63 142
80 62 142
81 92 142
82 91 142
83 90 142
85 89 142
86 87 142
86 0 142
87 61 142
88 60 142
89 43 142
89 84 142
90 59 142
91 58 142
92 57 142
94 55 142
95 88 142
96 54 142
97 53 142
98 87 142
99 31 142
99 42 142
100 52 142
101 51 142
102 49 142
103 47 142
104 45 142
105 43 142
107 42 142
108 41 142
109 14 142
109 21 142
110 86 142
111 84 142
112 39 142
113 38 142
114 80 142
115 79 142
116 78 142
117 37 142
118 77 142
119 76 142
120 75 142
121 34 142
122 73 142
123 33 142
125 32 142
126 31 142
127 30 142
128 29 142
129 28 142
130 27 142
132 24 142
133 23 142
134 22 142
135 21 142
136 72 142
139 71 142
140 20 142
141 19 142
142 18 142
144 17 142
146 16 142
147 15 142
148 14 142
149 12 142
150 11 142
