5 118 67
21 94 67
24 92 67
38 91 67
48 90 67
56 88 67
57 87 67
90 81 67
117 86 67
123 84 67
0 115 77
6 114 77
7 113 77
8 112 77
18 111 77
22 103 77
25 101 77
31 100 77
33 97 77
41 95 77
42 94 77
47 92 77
51 90 77
58 89 77
60 85 77
72 75 77
90 15 77
91 61 77
101 8 77
103 7 77
112 6 77
114 5 77
119 45 77
131 36 77
142 29 77
146 19 77
0 118 78
4 94 78
7 92 78
9 91 78
30 90 78
33 88 78
38 87 78
108 86 78
127 84 78
133 81 78
3 138 83
6 137 83
10 136 83
19 135 83
20 134 83
23 114 83
29 108 83
31 107 83
32 92 83
35 90 83
69 88 83
75 87 83
90 5 83
94 86 83
96 85 83
98 82 83
117 81 83
120 80 83
124 37 83
134 4 83
6 118 84
28 94 84
38 92 84
44 91 84
45 90 84
50 88 84
87 81 84
108 87 84
125 86 84
144 84 84
9 115 87
11 114 87
13 113 87
41 112 87
42 111 87
44 103 87
56 101 87
57 100 87
64 97 87
70 95 87
71 94 87
72 92 87
75 29 87
79 90 87
84 89 87
85 19 87
89 15 87
97 8 87
101 7 87
104 85 87
111 6 87
115 5 87
123 75 87
124 61 87
131 45 87
133 36 87
5 138 96
15 137 96
22 136 96
32 135 96
53 134 96
55 114 96
63 108 96
64 107 96
67 92 96
70 90 96
71 88 96
78 87 96
82 5 96
95 86 96
108 4 96
118 85 96
119 82 96
121 81 96
124 80 96
145 37 96
2 138 98
8 137 98
10 136 98
11 135 98
23 134 98
26 114 98
59 108 98
71 107 98
75 92 98
81 37 98
85 5 98
92 4 98
104 90 98
106 88 98
111 87 98
112 86 98
125 85 98
131 82 98
146 81 98
149 80 98
13 118 101
22 94 101
27 92 101
32 91 101
51 90 101
109 88 101
118 81 101
124 87 101
134 86 101
139 84 101
5 115 103
11 114 103
16 113 103
18 112 103
19 8 103
22 111 103
24 103 103
26 101 103
28 100 103
34 97 103
41 95 103
42 94 103
47 92 103
53 90 103
60 89 103
62 85 103
64 75 103
69 61 103
86 45 103
87 36 103
92 7 103
95 6 103
100 5 103
102 29 103
129 19 103
149 15 103
4 138 105
8 137 105
14 136 105
16 135 105
23 134 105
38 114 105
49 108 105
51 107 105
54 92 105
57 90 105
58 88 105
72 87 105
86 4 105
89 86 105
98 85 105
106 82 105
117 81 105
123 80 105
124 37 105
150 5 105
2 141 110
3 140 110
5 139 110
7 137 110
8 134 110
10 133 110
14 128 110
15 123 110
19 122 110
31 121 110
33 34 110
34 27 110
42 120 110
43 119 110
45 118 110
54 25 110
57 117 110
58 116 110
59 112 110
60 22 110
61 108 110
64 106 110
67 105 110
71 99 110
74 98 110
82 97 110
86 96 110
91 18 110
92 8 110
95 4 110
102 95 110
110 94 110
119 3 110
122 2 110
124 93 110
125 92 110
128 1 110
135 91 110
136 69 110
138 60 110
140 0 110
142 56 110
143 54 110
144 53 110
145 39 110
150 33 110
5 141 113
8 140 113
9 139 113
12 137 113
20 134 113
22 18 113
28 133 113
32 128 113
37 123 113
45 122 113
46 121 113
49 120 113
51 119 113
59 118 113
63 117 113
73 116 113
74 112 113
77 108 113
80 106 113
81 105 113
84 99 113
85 98 113
88 97 113
90 96 113
95 8 113
96 4 113
101 95 113
104 94 113
107 93 113
109 92 113
110 91 113
113 69 113
115 60 113
121 3 113
122 2 113
124 56 113
127 54 113
128 1 113
131 53 113
136 39 113
138 34 113
141 0 113
143 33 113
145 27 113
146 25 113
149 22 113
14 138 114
19 137 114
20 136 114
25 135 114
30 134 114
34 114 114
53 108 114
55 107 114
57 92 114
76 90 114
77 88 114
79 87 114
84 86 114
90 37 114
113 85 114
117 82 114
119 81 114
126 80 114
135 5 114
136 4 114
0 150 115
2 149 115
3 148 115
4 147 115
5 146 115
6 145 115
7 143 115
9 142 115
10 139 115
11 138 115
12 137 115
14 134 115
16 17 115
16 18 115
17 133 115
19 132 115
20 72 115
20 87 115
21 131 115
24 130 115
27 129 115
29 126 115
30 125 115
31 63 115
31 70 115
33 124 115
34 123 115
35 114 115
39 113 115
40 111 115
41 110 115
42 109 115
43 107 115
44 106 115
46 104 115
48 13 115
48 15 115
49 103 115
50 101 115
52 100 115
54 99 115
58 98 115
60 97 115
61 96 115
62 95 115
64 61 115
65 60 115
65 61 115
66 60 115
67 36 115
67 40 115
68 59 115
69 58 115
71 57 115
73 56 115
74 55 115
75 94 115
77 93 115
81 92 115
82 87 115
83 86 115
84 79 115
85 76 115
86 54 115
88 74 115
89 73 115
90 72 115
91 71 115
92 53 115
94 52 115
96 50 115
97 49 115
99 47 115
100 46 115
101 44 115
106 43 115
108 5 115
108 7 115
109 42 115
110 41 115
112 2 115
112 4 115
113 40 115
114 36 115
115 0 115
115 1 115
116 70 115
117 69 115
118 68 115
122 67 115
123 35 115
124 33 115
125 32 115
128 66 115
130 31 115
131 30 115
132 29 115
133 28 115
134 27 115
135 65 115
136 64 115
138 26 115
139 24 115
142 23 115
144 63 115
145 26 115
145 32 115
148 21 115
149 20 115
150 19 115
0 141 116
2 140 116
3 139 116
4 137 116
7 134 116
10 133 116
13 128 116
16 123 116
18 122 116
37 121 116
41 120 116
45 119 116
47 118 116
48 117 116
49 116 116
52 112 116
54 34 116
55 108 116
56 33 116
65 106 116
66 105 116
73 99 116
76 98 116
77 97 116
79 96 116
87 95 116
90 94 116
93 27 116
95 25 116
96 22 116
104 93 116
105 18 116
106 8 116
111 92 116
113 91 116
117 4 116
119 3 116
121 2 116
126 69 116
130 60 116
137 1 116
140 0 116
143 56 116
144 54 116
147 53 116
148 39 116
0 141 117
2 140 117
3 139 117
5 137 117
8 134 117
10 133 117
12 128 117
18 123 117
20 122 117
28 121 117
29 120 117
32 119 117
33 118 117
35 117 117
39 33 117
42 116 117
44 112 117
48 108 117
49 106 117
53 27 117
60 25 117
61 105 117
63 99 117
69 22 117
72 98 117
74 97 117
81 96 117
87 95 117
88 94 117
96 18 117
98 8 117
102 93 117
103 92 117
104 91 117
106 4 117
107 69 117
108 3 117
109 60 117
113 56 117
123 2 117
124 54 117
125 53 117
134 1 117
137 0 117
138 39 117
148 34 117
0 150 118
2 149 118
4 148 118
5 147 118
6 146 118
7 145 118
8 143 118
9 142 118
11 139 118
18 138 118
19 137 118
20 72 118
20 87 118
21 134 118
22 17 118
22 18 118
23 133 118
24 132 118
25 131 118
26 130 118
28 129 118
30 126 118
31 125 118
32 124 118
33 123 118
34 114 118
35 113 118
36 111 118
37 110 118
38 109 118
39 13 118
39 15 118
40 107 118
44 106 118
45 104 118
46 103 118
47 101 118
48 100 118
49 63 118
49 70 118
52 99 118
53 98 118
54 97 118
55 96 118
57 95 118
60 94 118
61 60 118
62 93 118
65 59 118
66 58 118
67 57 118
69 56 118
74 55 118
75 92 118
76 54 118
78 87 118
79 53 118
81 86 118
82 79 118
84 5 118
84 7 118
85 76 118
86 60 118
86 61 118
87 52 118
89 74 118
90 73 118
91 72 118
92 50 118
94 49 118
95 47 118
96 46 118
98 44 118
99 43 118
100 42 118
102 71 118
103 41 118
104 40 118
106 36 118
107 35 118
109 33 118
110 32 118
111 31 118
112 2 118
112 4 118
114 30 118
116 70 118
118 0 118
118 1 118
119 69 118
121 68 118
122 67 118
124 29 118
125 28 118
126 27 118
128 66 118
132 26 118
133 24 118
134 23 118
135 65 118
136 64 118
138 36 118
138 40 118
139 21 118
140 63 118
144 61 118
146 20 118
147 19 118
148 26 118
148 32 118
0 150 119
1 148 119
3 147 119
4 145 119
6 35 119
6 36 119
7 144 119
9 33 119
9 34 119
10 9 119
10 11 119
11 143 119
12 141 119
14 140 119
15 139 119
17 138 119
18 137 119
19 136 119
20 7 119
20 8 119
22 5 119
22 6 119
23 135 119
26 31 119
26 32 119
27 3 119
27 4 119
28 148 119
28 1 119
31 134 119
33 143 119
33 144 119
34 133 119
35 127 119
35 140 119
36 130 119
37 128 119
38 127 119
39 121 119
40 118 119
42 117 119
43 115 119
47 113 119
48 111 119
49 110 119
51 109 119
52 108 119
53 107 119
54 106 119
55 105 119
56 109 119
56 113 119
57 28 119
57 29 119
60 104 119
61 103 119
61 105 119
62 103 119
65 102 119
69 24 119
69 27 119
72 101 119
74 22 119
74 23 119
75 29 119
75 33 119
76 100 119
78 99 119
79 72 119
80 97 119
81 96 119
82 20 119
82 21 119
84 70 119
85 94 119
87 101 119
87 102 119
88 63 119
89 92 119
90 91 119
91 62 119
92 61 119
94 97 119
94 100 119
96 75 119
96 92 119
97 56 119
98 18 119
98 19 119
99 54 119
100 18 119
100 22 119
101 53 119
102 9 119
102 10 119
103 51 119
104 50 119
109 49 119
111 48 119
115 47 119
119 88 119
120 87 119
121 51 119
121 72 119
122 86 119
123 16 119
123 17 119
124 84 119
128 45 119
129 79 119
130 44 119
132 14 119
132 15 119
133 43 119
134 42 119
135 41 119
137 45 119
137 49 119
138 40 119
140 6 119
140 8 119
141 39 119
141 41 119
142 10 119
142 12 119
145 39 119
146 75 119
147 38 119
148 37 119
149 73 119
150 34 119
150 37 119
23 118 120
25 94 120
27 92 120
51 91 120
72 90 120
79 88 120
90 81 120
99 87 120
113 86 120
138 84 120
28 118 121
43 94 121
53 92 121
57 91 121
59 90 121
64 88 121
87 81 121
97 87 121
129 86 121
132 84 121
0 150 122
3 149 122
4 148 122
7 147 122
8 146 122
9 145 122
11 143 122
12 142 122
13 139 122
14 138 122
15 137 122
16 134 122
17 2 122
17 4 122
19 133 122
21 132 122
25 131 122
26 130 122
32 129 122
35 126 122
36 125 122
37 124 122
38 123 122
39 114 122
40 113 122
41 111 122
42 110 122
43 109 122
44 107 122
46 106 122
49 0 122
49 1 122
50 104 122
51 17 122
51 18 122
52 103 122
53 101 122
55 100 122
56 99 122
59 98 122
60 97 122
61 96 122
65 64 122
66 63 122
67 61 122
68 72 122
68 87 122
69 63 122
69 70 122
70 60 122
72 59 122
73 60 122
73 61 122
74 58 122
75 95 122
76 57 122
77 13 122
77 15 122
78 94 122
79 56 122
80 93 122
81 92 122
83 87 122
85 86 122
86 55 122
87 54 122
88 79 122
90 76 122
91 74 122
92 53 122
93 52 122
94 36 122
94 40 122
97 50 122
98 49 122
100 47 122
102 73 122
104 46 122
105 72 122
106 44 122
107 43 122
109 42 122
110 41 122
111 40 122
112 71 122
116 70 122
118 5 122
118 7 122
119 69 122
120 68 122
122 67 122
123 36 122
124 35 122
127 66 122
130 33 122
131 32 122
132 31 122
133 30 122
134 29 122
136 65 122
137 28 122
138 27 122
139 26 122
139 32 122
142 26 122
143 24 122
146 23 122
147 21 122
148 20 122
149 19 122
0 150 123
2 148 123
3 35 123
3 36 123
4 147 123
5 145 123
6 33 123
6 34 123
8 144 123
11 5 123
11 6 123
12 3 123
12 4 123
13 31 123
13 32 123
14 143 123
15 141 123
17 140 123
18 22 123
18 29 123
19 139 123
20 148 123
20 1 123
21 138 123
22 137 123
23 136 123
25 28 123
25 29 123
26 24 123
26 27 123
27 135 123
28 134 123
29 133 123
30 130 123
31 128 123
33 127 123
34 121 123
35 143 123
35 144 123
39 118 123
40 127 123
40 140 123
43 117 123
44 115 123
45 113 123
48 111 123
49 110 123
50 109 123
51 9 123
51 10 123
52 108 123
53 107 123
54 106 123
56 105 123
57 104 123
60 103 123
61 62 123
62 56 123
63 109 123
63 113 123
64 22 123
64 23 123
65 102 123
66 101 123
69 100 123
71 99 123
73 54 123
75 53 123
76 20 123
76 21 123
77 97 123
78 96 123
79 51 123
80 94 123
83 18 123
83 19 123
84 103 123
84 105 123
85 16 123
85 17 123
86 50 123
87 49 123
88 48 123
89 14 123
89 15 123
90 92 123
91 101 123
91 102 123
95 91 123
98 11 123
98 12 123
100 47 123
101 45 123
102 44 123
104 97 123
104 100 123
106 43 123
107 75 123
107 92 123
110 42 123
111 51 123
111 72 123
112 88 123
113 41 123
116 87 123
119 86 123
120 9 123
120 10 123
121 40 123
122 84 123
123 79 123
124 75 123
125 73 123
130 39 123
131 72 123
132 70 123
134 45 123
134 49 123
135 39 123
135 41 123
136 38 123
138 34 123
138 37 123
139 37 123
140 6 123
140 8 123
141 18 123
141 33 123
142 63 123
146 61 123
149 7 123
149 8 123
1 150 124
3 35 124
3 36 124
5 148 124
6 147 124
7 145 124
8 33 124
8 34 124
12 144 124
14 143 124
15 7 124
15 8 124
17 141 124
20 5 124
20 6 124
21 3 124
21 4 124
23 140 124
24 139 124
25 138 124
26 137 124
27 136 124
28 135 124
29 148 124
29 1 124
32 143 124
32 144 124
33 134 124
34 133 124
37 130 124
38 128 124
40 127 124
41 121 124
42 118 124
43 117 124
45 115 124
46 113 124
47 111 124
48 110 124
49 109 124
50 108 124
51 107 124
54 127 124
54 140 124
55 31 124
55 32 124
56 106 124
57 28 124
57 29 124
65 105 124
66 24 124
66 27 124
67 104 124
68 103 124
70 102 124
72 70 124
73 63 124
74 22 124
74 23 124
75 39 124
75 41 124
76 101 124
78 20 124
78 21 124
80 100 124
83 99 124
85 97 124
86 62 124
87 109 124
87 113 124
89 96 124
91 61 124
92 56 124
93 94 124
94 54 124
96 53 124
97 34 124
97 37 124
98 18 124
98 19 124
99 103 124
99 105 124
100 51 124
102 29 124
102 33 124
105 50 124
106 49 124
107 48 124
109 18 124
109 22 124
110 47 124
111 45 124
112 92 124
114 91 124
115 44 124
116 88 124
117 101 124
117 102 124
118 97 124
118 100 124
122 87 124
123 86 124
124 84 124
125 16 124
125 17 124
126 79 124
127 43 124
128 75 124
128 92 124
129 75 124
131 14 124
131 15 124
132 11 124
132 12 124
133 42 124
135 51 124
135 72 124
136 41 124
137 45 124
137 49 124
138 40 124
139 39 124
140 9 124
140 10 124
142 73 124
143 6 124
143 8 124
146 9 124
146 10 124
147 38 124
149 72 124
150 37 124
2 150 125
4 149 125
5 148 125
6 147 125
8 146 125
9 17 125
9 18 125
11 145 125
13 2 125
13 4 125
14 143 125
15 142 125
16 139 125
17 138 125
18 137 125
20 134 125
21 133 125
22 132 125
26 131 125
27 130 125
28 129 125
29 126 125
30 0 125
30 1 125
31 125 125
33 124 125
34 123 125
35 114 125
36 113 125
37 111 125
38 110 125
39 109 125
40 107 125
41 106 125
45 104 125
46 103 125
47 101 125
48 100 125
51 99 125
52 98 125
53 97 125
55 96 125
56 72 125
56 87 125
57 95 125
58 94 125
59 93 125
61 59 125
62 92 125
63 58 125
64 63 125
64 70 125
67 57 125
68 56 125
70 55 125
73 54 125
76 60 125
76 61 125
79 53 125
81 87 125
82 86 125
83 79 125
85 76 125
86 52 125
88 74 125
91 73 125
93 36 125
93 40 125
94 50 125
96 49 125
97 47 125
98 46 125
99 26 125
99 32 125
100 44 125
101 43 125
102 72 125
103 42 125
104 41 125
105 71 125
108 70 125
109 40 125
110 36 125
112 69 125
116 68 125
117 67 125
119 66 125
120 65 125
122 64 125
123 35 125
124 33 125
126 32 125
127 63 125
128 13 125
128 15 125
129 31 125
133 30 125
134 29 125
135 5 125
135 7 125
136 61 125
138 28 125
139 27 125
142 26 125
143 24 125
144 60 125
145 23 125
146 21 125
147 20 125
149 19 125
0 35 126
0 36 126
1 150 126
2 148 126
3 147 126
4 145 126
8 144 126
11 143 126
13 141 126
15 3 126
15 4 126
16 140 126
18 139 126
19 138 126
20 137 126
22 136 126
23 135 126
24 148 126
24 1 126
25 134 126
26 133 126
28 143 126
28 144 126
29 33 126
29 34 126
30 130 126
33 128 126
34 18 126
34 22 126
36 127 126
36 140 126
37 127 126
40 121 126
41 118 126
42 117 126
44 115 126
46 33 126
46 34 126
47 113 126
48 109 126
48 113 126
50 111 126
52 31 126
52 32 126
53 110 126
54 103 126
54 105 126
55 109 126
56 108 126
57 107 126
58 106 126
59 28 126
59 29 126
60 24 126
60 27 126
61 105 126
62 104 126
63 103 126
64 102 126
65 22 126
65 23 126
66 20 126
66 21 126
67 18 126
67 19 126
68 101 126
69 100 126
72 70 126
74 16 126
74 17 126
76 14 126
76 15 126
77 99 126
79 63 126
81 97 126
82 96 126
83 94 126
85 92 126
88 101 126
88 102 126
89 91 126
90 11 126
90 12 126
91 62 126
92 61 126
94 97 126
94 100 126
95 88 126
96 56 126
99 54 126
100 53 126
101 51 126
102 50 126
104 49 126
108 75 126
108 92 126
109 9 126
109 10 126
110 48 126
111 47 126
116 9 126
116 10 126
117 51 126
117 72 126
118 45 126
119 87 126
122 86 126
123 84 126
124 79 126
125 75 126
126 73 126
128 45 126
128 49 126
130 39 126
130 41 126
132 7 126
132 8 126
133 44 126
135 43 126
136 42 126
137 41 126
138 40 126
140 39 126
142 5 126
142 6 126
143 38 126
145 37 126
147 29 126
147 37 126
148 6 126
148 8 126
149 72 126
0 150 127
1 148 127
3 35 127
3 36 127
4 147 127
5 145 127
7 144 127
11 143 127
12 141 127
14 140 127
15 139 127
17 138 127
18 137 127
19 5 127
19 6 127
21 136 127
25 135 127
26 134 127
27 133 127
28 130 127
33 3 127
33 4 127
34 148 127
34 1 127
35 128 127
38 127 127
39 121 127
41 118 127
44 117 127
45 115 127
46 33 127
46 34 127
47 143 127
47 144 127
49 34 127
49 37 127
52 31 127
52 32 127
53 113 127
54 127 127
54 140 127
55 28 127
55 29 127
56 109 127
56 113 127
58 24 127
58 27 127
59 111 127
60 110 127
61 109 127
62 103 127
62 105 127
63 108 127
66 107 127
67 106 127
68 22 127
68 23 127
77 20 127
77 21 127
78 105 127
80 104 127
82 103 127
83 102 127
84 101 127
86 84 127
88 79 127
89 100 127
90 18 127
90 19 127
91 101 127
91 102 127
93 99 127
94 97 127
94 100 127
95 16 127
95 17 127
96 75 127
97 73 127
99 72 127
100 70 127
101 63 127
102 29 127
102 33 127
103 18 127
103 22 127
106 62 127
109 61 127
110 75 127
110 92 127
111 56 127
113 54 127
114 97 127
115 51 127
115 72 127
116 96 127
117 53 127
118 51 127
119 14 127
119 15 127
120 11 127
120 12 127
121 50 127
122 9 127
122 10 127
123 94 127
126 92 127
127 49 127
128 48 127
129 91 127
130 47 127
131 7 127
131 8 127
133 45 127
134 44 127
135 43 127
136 42 127
137 41 127
138 40 127
139 45 127
139 49 127
140 39 127
141 39 127
141 41 127
142 88 127
143 9 127
143 10 127
144 38 127
146 87 127
147 37 127
148 6 127
148 8 127
149 86 127
30 118 128
39 94 128
57 92 128
96 91 128
100 90 128
117 88 128
125 87 128
141 86 128
144 84 128
150 81 128
1 150 129
3 148 129
5 147 129
6 35 129
6 36 129
8 145 129
10 144 129
11 143 129
14 141 129
15 140 129
18 7 129
18 8 129
19 139 129
20 138 129
22 137 129
23 136 129
24 135 129
25 33 129
25 34 129
26 134 129
27 5 129
27 6 129
29 133 129
34 130 129
36 3 129
36 4 129
38 128 129
39 127 129
40 148 129
40 1 129
41 121 129
42 143 129
42 144 129
43 127 129
43 140 129
45 118 129
46 31 129
46 32 129
47 117 129
49 115 129
50 113 129
52 111 129
54 110 129
56 109 129
56 113 129
58 109 129
59 108 129
61 103 129
61 105 129
62 107 129
63 106 129
67 105 129
68 104 129
69 103 129
70 72 129
71 28 129
71 29 129
74 102 129
76 101 129
80 100 129
81 99 129
82 97 129
83 96 129
84 63 129
85 94 129
86 62 129
87 61 129
89 92 129
90 91 129
91 101 129
91 102 129
92 56 129
93 88 129
95 24 129
95 27 129
96 54 129
97 53 129
98 87 129
99 97 129
99 100 129
103 18 129
103 22 129
104 51 129
105 50 129
108 75 129
108 92 129
109 9 129
109 10 129
110 51 129
110 72 129
111 49 129
114 22 129
114 23 129
115 48 129
116 86 129
118 45 129
118 49 129
119 84 129
120 20 129
120 21 129
122 18 129
122 19 129
123 79 129
124 75 129
125 16 129
125 17 129
127 47 129
130 45 129
131 14 129
131 15 129
132 11 129
132 12 129
135 39 129
135 41 129
136 34 129
136 37 129
137 44 129
138 43 129
139 29 129
139 33 129
140 42 129
141 41 129
142 73 129
143 40 129
144 39 129
145 38 129
146 70 129
148 6 129
148 8 129
149 9 129
149 10 129
150 37 129
1 72 130
1 87 130
2 150 130
3 17 130
3 18 130
4 149 130
5 148 130
6 147 130
7 146 130
8 145 130
10 13 130
10 15 130
11 143 130
12 142 130
13 63 130
13 70 130
16 139 130
17 138 130
19 137 130
20 134 130
22 133 130
24 132 130
27 131 130
30 60 130
30 61 130
31 130 130
32 129 130
33 126 130
34 125 130
36 124 130
38 123 130
39 114 130
40 113 130
42 111 130
43 110 130
44 109 130
45 107 130
46 106 130
47 104 130
48 103 130
49 101 130
50 100 130
52 99 130
53 98 130
54 36 130
54 40 130
55 97 130
56 96 130
57 95 130
58 94 130
61 60 130
62 93 130
63 59 130
65 58 130
66 57 130
67 56 130
68 55 130
69 54 130
70 53 130
72 52 130
73 50 130
76 49 130
77 92 130
80 87 130
81 86 130
83 79 130
84 76 130
85 74 130
86 47 130
87 46 130
88 73 130
89 5 130
89 7 130
90 72 130
92 44 130
94 43 130
96 42 130
97 41 130
98 40 130
99 36 130
100 35 130
105 71 130
107 33 130
108 70 130
111 32 130
114 31 130
116 69 130
117 68 130
118 2 130
118 4 130
119 67 130
120 66 130
125 30 130
128 0 130
128 1 130
129 29 130
130 28 130
131 27 130
133 26 130
134 24 130
135 65 130
136 64 130
141 63 130
143 23 130
144 61 130
145 21 130
146 26 130
146 32 130
148 20 130
149 19 130
0 150 131
3 149 131
4 148 131
5 147 131
6 146 131
7 145 131
12 143 131
13 142 131
14 139 131
15 138 131
17 137 131
19 134 131
20 133 131
21 132 131
23 131 131
24 130 131
25 129 131
26 126 131
27 5 131
27 7 131
29 125 131
30 124 131
34 17 131
34 18 131
35 2 131
35 4 131
37 123 131
39 114 131
40 113 131
41 111 131
43 110 131
45 109 131
46 107 131
47 106 131
48 104 131
49 0 131
49 1 131
53 72 131
53 87 131
55 103 131
56 101 131
57 100 131
58 99 131
59 98 131
62 97 131
63 64 131
64 61 131
65 60 131
66 59 131
68 58 131
70 57 131
71 56 131
72 26 131
72 32 131
75 96 131
78 95 131
79 55 131
82 13 131
82 15 131
83 94 131
84 93 131
85 92 131
86 54 131
87 53 131
88 87 131
89 86 131
90 79 131
91 76 131
92 52 131
95 50 131
96 49 131
97 47 131
98 46 131
100 44 131
101 43 131
102 74 131
103 63 131
103 70 131
106 42 131
107 41 131
110 60 131
110 61 131
111 40 131
113 36 131
114 35 131
116 73 131
118 72 131
119 71 131
121 70 131
122 69 131
123 33 131
124 32 131
126 31 131
127 68 131
128 67 131
129 30 131
130 29 131
131 28 131
132 27 131
133 26 131
134 24 131
136 66 131
137 23 131
139 21 131
140 65 131
144 63 131
148 36 131
148 40 131
149 20 131
150 19 131
1 150 132
2 35 132
2 36 132
3 148 132
5 147 132
6 33 132
6 34 132
8 145 132
9 144 132
10 31 132
10 32 132
11 28 132
11 29 132
13 24 132
13 27 132
15 143 132
16 11 132
16 12 132
17 141 132
19 9 132
19 10 132
20 7 132
20 8 132
22 140 132
23 139 132
25 138 132
26 137 132
27 136 132
29 5 132
29 6 132
30 135 132
32 3 132
32 4 132
33 134 132
34 133 132
35 148 132
35 1 132
36 130 132
37 143 132
37 144 132
39 128 132
40 127 132
40 140 132
41 127 132
43 109 132
43 113 132
45 39 132
45 41 132
47 121 132
48 103 132
48 105 132
49 34 132
49 37 132
52 118 132
55 117 132
56 115 132
57 113 132
60 111 132
61 110 132
63 109 132
64 22 132
64 23 132
66 108 132
67 20 132
67 21 132
69 107 132
71 106 132
73 101 132
73 102 132
74 105 132
75 79 132
77 104 132
79 73 132
81 103 132
82 18 132
82 19 132
83 102 132
84 72 132
85 101 132
87 70 132
88 63 132
89 100 132
90 99 132
91 62 132
92 61 132
93 97 132
94 56 132
97 54 132
98 96 132
99 53 132
100 29 132
100 33 132
101 18 132
101 22 132
103 51 132
105 50 132
106 97 132
106 100 132
107 49 132
108 48 132
109 9 132
109 10 132
111 75 132
111 92 132
112 94 132
113 47 132
114 92 132
115 45 132
120 91 132
121 44 132
122 88 132
124 87 132
126 86 132
128 43 132
129 84 132
131 75 132
133 42 132
135 41 132
136 40 132
139 39 132
142 16 132
142 17 132
143 38 132
144 6 132
144 8 132
145 51 132
145 72 132
146 14 132
146 15 132
147 45 132
147 49 132
148 37 132
6 118 133
10 94 133
31 92 133
35 91 133
51 90 133
71 88 133
78 87 133
84 86 133
92 81 133
142 84 133
10 115 134
11 114 134
13 113 134
18 112 134
23 111 134
40 103 134
47 101 134
48 100 134
50 97 134
64 95 134
67 94 134
68 92 134
70 90 134
72 89 134
78 85 134
81 75 134
84 61 134
86 45 134
98 36 134
116 29 134
123 19 134
134 15 134
135 8 134
137 7 134
138 6 134
139 5 134
2 141 135
5 140 135
6 139 135
10 137 135
12 134 135
14 133 135
15 128 135
19 123 135
31 122 135
33 121 135
34 39 135
35 120 135
37 119 135
40 118 135
42 117 135
43 116 135
49 112 135
53 33 135
59 108 135
61 106 135
63 105 135
64 99 135
71 98 135
74 97 135
75 96 135
76 95 135
77 94 135
78 93 135
81 92 135
85 91 135
94 27 135
96 25 135
102 69 135
106 22 135
108 18 135
109 60 135
112 8 135
114 56 135
118 4 135
119 3 135
121 2 135
130 54 135
135 53 135
137 1 135
141 0 135
148 34 135
6 115 137
22 114 137
31 113 137
43 112 137
50 111 137
58 103 137
61 7 137
62 101 137
76 100 137
77 97 137
79 95 137
82 94 137
100 6 137
101 5 137
109 92 137
116 90 137
117 89 137
119 85 137
120 75 137
122 61 137
125 45 137
127 36 137
132 29 137
133 19 137
140 15 137
148 8 137
9 118 142
34 94 142
35 92 142
49 91 142
50 90 142
56 88 142
63 87 142
117 86 142
129 84 142
149 81 142
