0 28 0
0 29 0
0 30 0
0 31 0
0 32 0
0 34 0
1 139 0
1 140 0
2 137 0
2 138 0
3 135 0
3 136 0
4 72 0
4 74 0
4 76 0
4 77 0
4 79 0
4 83 0
4 85 0
4 87 0
5 98 0
5 99 0
5 100 0
5 101 0
5 103 0
5 104 0
6 5 0
6 10 0
6 12 0
6 13 0
7 78 0
7 79 0
7 81 0
7 82 0
7 83 0
8 150 0
9 22 0
9 23 0
9 24 0
9 25 0
9 26 0
9 27 0
10 70 0
10 72 0
10 74 0
10 76 0
10 77 0
12 133 0
12 134 0
15 89 0
15 90 0
15 91 0
15 94 0
15 95 0
15 96 0
16 65 0
16 66 0
16 67 0
16 68 0
16 69 0
17 116 0
17 118 0
17 119 0
17 125 0
17 126 0
17 129 0
17 133 0
19 59 0
19 60 0
19 62 0
19 63 0
19 64 0
20 1 0
20 2 0
20 3 0
20 4 0
21 129 0
21 132 0
22 147 0
22 148 0
22 149 0
22 150 0
24 17 0
24 18 0
24 25 0
24 26 0
24 27 0
24 28 0
25 125 0
25 126 0
27 143 0
27 144 0
27 145 0
27 146 0
28 36 0
28 62 0
28 69 0
28 74 0
28 68 0
28 72 0
28 108 0
28 109 0
28 4 0
28 17 0
28 26 0
28 40 0
29 36 0
29 62 0
29 69 0
29 74 0
29 68 0
29 72 0
29 4 0
29 26 0
29 40 0
29 47 0
29 52 0
29 85 0
30 137 0
30 138 0
30 139 0
30 140 0
31 77 0
31 79 0
31 83 0
31 84 0
31 85 0
31 87 0
33 123 0
33 124 0
35 62 0
35 63 0
35 64 0
36 121 0
36 122 0
37 107 0
37 108 0
37 109 0
37 111 0
37 114 0
37 115 0
38 68 0
38 69 0
38 70 0
38 72 0
38 74 0
38 76 0
39 149 0
40 119 0
40 120 0
42 117 0
42 118 0
43 115 0
43 116 0
44 59 0
44 60 0
44 61 0
45 6 0
45 10 0
45 12 0
45 14 0
45 15 0
45 16 0
46 112 0
46 114 0
47 148 0
48 147 0
49 68 0
49 69 0
49 70 0
49 72 0
49 74 0
49 76 0
49 77 0
49 79 0
51 45 0
51 46 0
51 47 0
52 149 0
52 150 0
52 1 0
52 3 0
52 4 0
52 5 0
53 12 0
53 14 0
53 15 0
53 16 0
53 17 0
53 18 0
54 36 0
54 39 0
54 40 0
54 46 0
54 47 0
54 52 0
54 55 0
54 62 0
55 109 0
55 111 0
56 126 0
56 129 0
56 133 0
56 134 0
56 135 0
56 148 0
58 107 0
58 108 0
60 111 0
60 115 0
60 116 0
60 118 0
60 119 0
60 125 0
62 105 0
62 106 0
63 101 0
63 103 0
63 104 0
63 107 0
63 108 0
63 109 0
64 5 0
64 6 0
64 10 0
64 12 0
64 14 0
64 16 0
64 17 0
65 41 0
65 42 0
65 43 0
66 38 0
66 39 0
66 40 0
67 89 0
67 90 0
67 94 0
67 95 0
67 98 0
67 101 0
67 108 0
67 109 0
68 98 0
68 101 0
68 103 0
68 108 0
68 109 0
68 111 0
68 115 0
69 133 0
69 134 0
69 135 0
69 136 0
70 54 0
70 55 0
70 56 0
70 57 0
70 58 0
71 103 0
71 104 0
72 47 0
72 48 0
72 49 0
72 51 0
72 52 0
73 101 0
73 102 0
74 99 0
74 100 0
75 1 0
75 3 0
75 4 0
75 5 0
75 6 0
75 10 0
76 41 0
76 42 0
76 43 0
76 45 0
76 46 0
78 18 0
78 24 0
78 25 0
78 26 0
78 27 0
78 28 0
78 29 0
80 36 0
80 62 0
80 69 0
80 74 0
80 68 0
80 72 0
80 109 0
80 111 0
80 129 0
80 150 0
80 3 0
80 4 0
81 125 0
81 126 0
81 129 0
81 132 0
83 146 0
84 97 0
84 98 0
85 95 0
85 96 0
86 121 0
86 122 0
86 123 0
86 124 0
88 56 0
88 57 0
88 58 0
89 86 0
89 87 0
90 116 0
90 118 0
90 119 0
90 120 0
91 35 0
91 36 0
91 37 0
92 91 0
92 94 0
93 52 0
93 54 0
93 55 0
95 32 0
95 33 0
95 34 0
96 90 0
96 91 0
96 94 0
96 95 0
96 98 0
96 99 0
97 84 0
97 85 0
98 29 0
98 30 0
98 31 0
99 82 0
99 83 0
100 79 0
100 81 0
101 77 0
101 78 0
103 83 0
103 85 0
103 87 0
103 89 0
103 90 0
103 94 0
103 95 0
104 69 0
104 70 0
104 72 0
104 74 0
104 76 0
104 77 0
105 26 0
105 27 0
105 28 0
107 23 0
107 24 0
107 25 0
108 19 0
108 20 0
108 22 0
109 145 0
110 139 0
110 146 0
110 147 0
110 148 0
110 149 0
110 150 0
111 16 0
111 17 0
111 18 0
112 144 0
113 129 0
113 132 0
113 133 0
113 134 0
113 135 0
113 138 0
114 74 0
114 76 0
115 55 0
115 56 0
115 59 0
115 62 0
115 67 0
115 68 0
116 112 0
116 114 0
116 115 0
116 117 0
117 71 0
117 72 0
118 42 0
118 43 0
118 45 0
118 46 0
118 47 0
118 52 0
119 6 0
119 14 0
119 15 0
120 17 0
120 24 0
120 26 0
120 27 0
120 28 0
120 29 0
120 30 0
120 34 0
121 35 0
121 36 0
121 38 0
121 39 0
121 40 0
122 36 0
122 62 0
122 69 0
122 74 0
122 26 0
122 27 0
122 29 0
122 30 0
122 39 0
122 40 0
122 46 0
123 60 0
123 62 0
123 63 0
123 64 0
123 66 0
123 67 0
124 149 0
124 150 0
124 3 0
124 4 0
124 5 0
124 6 0
124 12 0
124 16 0
125 107 0
125 108 0
125 109 0
125 111 0
126 30 0
126 34 0
126 35 0
126 36 0
126 39 0
126 40 0
127 36 0
127 62 0
127 69 0
127 74 0
127 68 0
127 72 0
127 47 0
127 52 0
127 76 0
127 83 0
127 85 0
127 108 0
128 89 0
128 90 0
129 36 0
129 62 0
129 69 0
129 74 0
129 68 0
129 72 0
129 5 0
129 6 0
129 12 0
129 16 0
129 17 0
131 116 0
131 117 0
131 118 0
131 119 0
131 125 0
131 126 0
132 79 0
132 83 0
132 84 0
132 85 0
132 87 0
132 89 0
133 103 0
133 104 0
133 105 0
133 106 0
134 36 0
134 47 0
134 52 0
134 55 0
134 62 0
134 68 0
134 69 0
134 70 0
135 69 0
135 70 0
136 46 0
136 47 0
136 52 0
136 55 0
136 56 0
136 59 0
137 36 0
137 39 0
137 40 0
137 42 0
137 43 0
137 45 0
138 67 0
138 68 0
139 111 0
139 115 0
139 116 0
139 118 0
139 119 0
139 125 0
139 126 0
139 129 0
140 24 0
140 29 0
140 30 0
140 32 0
140 34 0
140 35 0
141 48 0
141 49 0
141 51 0
144 65 0
144 66 0
145 143 0
146 99 0
146 100 0
146 101 0
146 102 0
147 134 0
147 135 0
147 148 0
147 149 0
147 150 0
147 3 0
147 4 0
148 95 0
148 96 0
148 97 0
148 98 0
149 89 0
149 90 0
149 91 0
149 94 0
150 84 0
150 85 0
150 86 0
150 87 0
1 2 1
1 3 1
1 4 1
1 5 1
2 139 1
2 140 1
3 137 1
3 138 1
4 147 1
4 148 1
4 149 1
4 150 1
5 69 1
5 74 1
5 76 1
5 77 1
5 79 1
5 83 1
5 85 1
5 87 1
6 135 1
6 136 1
7 133 1
7 134 1
8 129 1
8 132 1
10 143 1
10 144 1
10 145 1
10 146 1
12 78 1
12 79 1
12 81 1
12 82 1
12 83 1
14 70 1
14 72 1
14 74 1
14 76 1
14 77 1
17 65 1
17 66 1
17 67 1
17 68 1
17 69 1
18 149 1
18 150 1
18 3 1
18 4 1
18 5 1
18 6 1
18 12 1
18 16 1
19 59 1
19 60 1
19 62 1
19 63 1
19 64 1
21 28 1
21 29 1
21 30 1
21 31 1
21 32 1
21 34 1
22 129 1
22 132 1
22 133 1
22 134 1
22 135 1
22 138 1
24 62 1
24 63 1
24 64 1
25 137 1
25 138 1
25 139 1
25 140 1
26 59 1
26 60 1
26 61 1
28 56 1
28 57 1
28 58 1
29 116 1
29 117 1
29 118 1
29 119 1
29 125 1
29 126 1
30 54 1
30 55 1
30 56 1
30 57 1
30 58 1
32 52 1
32 54 1
32 55 1
33 139 1
33 146 1
33 147 1
33 148 1
33 149 1
33 150 1
34 48 1
34 49 1
34 51 1
35 98 1
35 101 1
35 103 1
35 108 1
35 109 1
35 111 1
35 115 1
36 45 1
36 46 1
36 47 1
38 125 1
38 126 1
39 150 1
40 69 1
40 36 1
40 52 1
40 55 1
40 62 1
40 68 1
40 70 1
40 72 1
41 38 1
41 39 1
41 40 1
42 111 1
42 115 1
42 116 1
42 118 1
42 119 1
42 125 1
42 126 1
42 129 1
43 123 1
43 124 1
44 22 1
44 23 1
44 24 1
44 25 1
44 26 1
44 27 1
45 89 1
45 90 1
45 94 1
45 95 1
45 98 1
45 101 1
45 108 1
45 109 1
46 121 1
46 122 1
47 119 1
47 120 1
48 18 1
48 24 1
48 25 1
48 26 1
48 27 1
48 28 1
48 29 1
49 35 1
49 36 1
49 37 1
50 12 1
50 14 1
50 15 1
50 16 1
50 17 1
50 18 1
51 117 1
51 118 1
52 115 1
52 116 1
53 112 1
53 114 1
54 133 1
54 134 1
54 135 1
54 136 1
55 46 1
55 47 1
55 52 1
55 56 1
55 59 1
55 60 1
56 32 1
56 33 1
56 34 1
58 109 1
58 111 1
60 107 1
60 108 1
61 47 1
61 48 1
61 49 1
61 51 1
61 52 1
63 36 1
63 62 1
63 69 1
63 74 1
63 68 1
63 72 1
63 47 1
63 52 1
63 76 1
63 83 1
63 85 1
63 108 1
64 116 1
64 118 1
64 119 1
64 125 1
64 126 1
64 129 1
64 133 1
65 29 1
65 30 1
65 31 1
66 36 1
66 62 1
66 69 1
66 74 1
66 68 1
66 72 1
66 108 1
66 109 1
66 4 1
66 17 1
66 26 1
66 40 1
67 149 1
68 26 1
68 27 1
68 28 1
69 36 1
69 62 1
69 74 1
69 68 1
69 72 1
69 5 1
69 6 1
69 12 1
69 16 1
69 17 1
69 26 1
70 36 1
70 39 1
70 40 1
70 42 1
70 43 1
70 45 1
72 28 1
72 29 1
72 30 1
72 32 1
72 34 1
72 35 1
73 105 1
73 106 1
74 83 1
74 85 1
74 87 1
74 89 1
74 90 1
74 94 1
74 95 1
76 125 1
76 126 1
76 129 1
76 132 1
78 121 1
78 122 1
78 123 1
78 124 1
79 17 1
79 18 1
79 24 1
79 25 1
79 26 1
79 27 1
80 103 1
80 104 1
81 101 1
81 102 1
84 23 1
84 24 1
84 25 1
85 117 1
85 118 1
85 119 1
85 120 1
86 148 1
87 112 1
87 114 1
87 115 1
87 116 1
88 147 1
89 6 1
89 10 1
89 12 1
89 14 1
89 15 1
89 16 1
90 107 1
90 108 1
90 109 1
90 111 1
91 149 1
91 150 1
91 1 1
91 3 1
91 4 1
91 5 1
92 99 1
92 100 1
93 97 1
93 98 1
94 86 1
94 87 1
95 126 1
95 129 1
95 133 1
95 134 1
95 135 1
95 148 1
96 84 1
96 85 1
97 101 1
97 104 1
97 105 1
97 106 1
98 90 1
98 91 1
98 94 1
98 95 1
98 99 1
98 101 1
99 19 1
99 20 1
99 22 1
100 36 1
100 39 1
100 40 1
100 46 1
100 47 1
100 52 1
100 55 1
100 62 1
101 99 1
101 100 1
101 102 1
101 103 1
102 82 1
102 83 1
103 36 1
103 62 1
103 69 1
103 74 1
103 68 1
103 72 1
103 4 1
103 26 1
103 40 1
103 47 1
103 52 1
103 85 1
105 146 1
106 5 1
106 6 1
106 10 1
106 12 1
106 14 1
106 16 1
106 17 1
107 79 1
107 83 1
107 84 1
107 85 1
107 87 1
107 89 1
108 69 1
108 70 1
108 72 1
108 74 1
108 76 1
108 77 1
109 55 1
109 56 1
109 59 1
109 62 1
109 67 1
109 68 1
110 95 1
110 96 1
111 79 1
111 81 1
112 107 1
112 108 1
112 109 1
112 111 1
112 114 1
112 115 1
113 36 1
113 62 1
113 69 1
113 74 1
113 68 1
113 72 1
113 109 1
113 111 1
113 129 1
113 150 1
113 3 1
113 4 1
114 145 1
115 77 1
115 78 1
117 111 1
117 115 1
117 116 1
117 118 1
117 119 1
117 125 1
118 42 1
118 43 1
118 45 1
118 46 1
118 47 1
118 52 1
119 95 1
119 96 1
119 97 1
119 98 1
120 98 1
120 99 1
120 100 1
120 101 1
120 103 1
120 104 1
121 134 1
121 135 1
121 148 1
121 149 1
121 150 1
121 3 1
121 4 1
122 89 1
122 90 1
122 91 1
122 94 1
122 95 1
122 96 1
123 68 1
123 69 1
123 70 1
123 72 1
123 74 1
123 76 1
123 77 1
123 79 1
124 74 1
124 76 1
125 71 1
125 72 1
126 144 1
127 41 1
127 42 1
127 43 1
128 1 1
128 3 1
128 4 1
128 5 1
128 6 1
128 10 1
129 69 1
129 70 1
130 1 1
130 6 1
130 10 1
130 12 1
131 91 1
131 94 1
132 98 1
132 103 1
132 104 1
132 107 1
132 108 1
132 109 1
134 89 1
134 90 1
134 91 1
134 94 1
135 67 1
135 68 1
136 69 1
136 36 1
136 62 1
136 74 1
136 27 1
136 29 1
136 30 1
136 39 1
136 40 1
136 46 1
136 47 1
137 41 1
137 42 1
137 43 1
137 45 1
137 46 1
138 35 1
138 36 1
138 38 1
138 39 1
138 40 1
139 84 1
139 85 1
139 86 1
139 87 1
140 77 1
140 79 1
140 83 1
140 84 1
140 85 1
140 87 1
142 89 1
142 90 1
143 68 1
143 69 1
143 70 1
143 72 1
143 74 1
143 76 1
144 16 1
144 17 1
144 18 1
145 55 1
145 62 1
145 63 1
145 64 1
145 66 1
145 67 1
146 13 1
146 14 1
146 15 1
147 17 1
147 24 1
147 26 1
147 27 1
147 28 1
147 29 1
147 30 1
147 34 1
148 30 1
148 34 1
148 35 1
148 36 1
148 39 1
148 40 1
149 65 1
149 66 1
150 143 1
0 139 2
0 140 2
1 150 2
2 129 2
2 132 2
2 133 2
2 134 2
2 135 2
2 138 2
3 137 2
3 138 2
5 135 2
5 136 2
6 143 2
6 144 2
6 145 2
6 146 2
7 18 2
7 24 2
7 25 2
7 26 2
7 27 2
7 28 2
7 29 2
8 28 2
8 29 2
8 30 2
8 31 2
8 32 2
8 34 2
9 22 2
9 23 2
9 24 2
9 25 2
9 26 2
9 27 2
10 62 2
10 63 2
10 64 2
11 12 2
11 14 2
11 15 2
11 16 2
11 17 2
11 18 2
12 133 2
12 134 2
13 59 2
13 60 2
13 61 2
14 36 2
14 39 2
14 40 2
14 46 2
14 47 2
14 52 2
14 55 2
14 62 2
15 116 2
15 117 2
15 118 2
15 119 2
15 125 2
15 126 2
16 129 2
16 132 2
18 125 2
18 126 2
19 70 2
19 72 2
19 74 2
19 76 2
19 77 2
20 65 2
20 66 2
20 67 2
20 68 2
20 69 2
22 59 2
22 60 2
22 62 2
22 63 2
22 64 2
24 137 2
24 138 2
24 139 2
24 140 2
25 56 2
25 57 2
25 58 2
27 54 2
27 55 2
27 56 2
27 57 2
27 58 2
28 52 2
28 54 2
28 55 2
29 123 2
29 124 2
30 121 2
30 122 2
31 48 2
31 49 2
31 51 2
32 119 2
32 120 2
33 116 2
33 118 2
33 119 2
33 125 2
33 126 2
33 129 2
33 133 2
34 117 2
34 118 2
35 115 2
35 116 2
36 112 2
36 114 2
39 149 2
40 109 2
40 111 2
41 68 2
41 69 2
41 70 2
41 72 2
41 74 2
41 76 2
41 77 2
41 79 2
42 17 2
42 24 2
42 26 2
42 27 2
42 28 2
42 29 2
42 30 2
42 34 2
43 148 2
44 1 2
44 3 2
44 4 2
44 5 2
44 6 2
44 10 2
45 147 2
46 111 2
46 115 2
46 116 2
46 118 2
46 119 2
46 125 2
46 126 2
46 129 2
47 36 2
47 39 2
47 40 2
47 42 2
47 43 2
47 45 2
49 107 2
49 108 2
49 109 2
49 111 2
49 114 2
49 115 2
50 5 2
50 6 2
50 10 2
50 12 2
51 98 2
51 99 2
51 100 2
51 101 2
51 103 2
51 104 2
52 38 2
52 39 2
52 40 2
53 139 2
53 146 2
53 147 2
53 148 2
53 149 2
53 150 2
54 107 2
54 108 2
55 146 2
56 35 2
56 36 2
56 37 2
57 36 2
57 62 2
57 69 2
57 74 2
57 68 2
57 72 2
57 109 2
57 111 2
57 129 2
57 150 2
57 3 2
57 4 2
58 145 2
59 149 2
59 150 2
59 3 2
59 4 2
59 5 2
59 6 2
59 12 2
59 16 2
60 28 2
60 29 2
60 30 2
60 32 2
60 34 2
60 35 2
61 105 2
61 106 2
62 103 2
62 104 2
63 133 2
63 134 2
63 135 2
63 136 2
64 47 2
64 48 2
64 49 2
64 51 2
64 52 2
65 98 2
65 101 2
65 103 2
65 108 2
65 109 2
65 111 2
65 115 2
66 101 2
66 102 2
67 36 2
67 62 2
67 69 2
67 74 2
67 68 2
67 72 2
67 108 2
67 109 2
67 4 2
67 17 2
67 26 2
67 40 2
68 17 2
68 18 2
68 24 2
68 25 2
68 26 2
68 27 2
69 79 2
69 90 2
69 94 2
69 95 2
69 98 2
69 101 2
69 108 2
69 109 2
71 32 2
71 33 2
71 34 2
72 99 2
72 100 2
74 97 2
74 98 2
75 1 2
75 2 2
75 3 2
75 4 2
76 95 2
76 96 2
77 91 2
77 94 2
78 89 2
78 90 2
78 91 2
78 94 2
78 95 2
78 96 2
79 72 2
79 74 2
79 76 2
79 77 2
79 83 2
79 85 2
79 87 2
79 89 2
80 89 2
80 90 2
81 77 2
81 79 2
81 83 2
81 84 2
81 85 2
81 87 2
82 29 2
82 30 2
82 31 2
83 6 2
83 10 2
83 12 2
83 14 2
83 15 2
83 16 2
84 41 2
84 42 2
84 43 2
84 45 2
84 46 2
85 36 2
85 62 2
85 69 2
85 74 2
85 68 2
85 72 2
85 5 2
85 6 2
85 12 2
85 16 2
85 17 2
86 26 2
86 27 2
86 28 2
87 36 2
87 62 2
87 69 2
87 74 2
87 68 2
87 72 2
87 4 2
87 26 2
87 40 2
87 47 2
87 52 2
87 85 2
88 86 2
88 87 2
90 79 2
90 81 2
91 83 2
91 85 2
91 87 2
91 89 2
91 90 2
91 94 2
91 95 2
92 45 2
92 46 2
92 47 2
94 149 2
94 150 2
94 1 2
94 3 2
94 4 2
94 5 2
95 36 2
95 47 2
95 52 2
95 55 2
95 62 2
95 68 2
95 69 2
95 70 2
96 125 2
96 126 2
96 129 2
96 132 2
97 68 2
97 69 2
97 70 2
97 72 2
97 74 2
97 76 2
98 35 2
98 36 2
98 38 2
98 39 2
98 40 2
99 126 2
99 129 2
99 133 2
99 134 2
99 135 2
99 148 2
100 77 2
100 78 2
103 121 2
103 122 2
103 123 2
103 124 2
105 117 2
105 118 2
105 119 2
105 120 2
107 74 2
107 76 2
108 101 2
108 103 2
108 104 2
108 107 2
108 109 2
108 111 2
109 71 2
109 72 2
110 144 2
111 69 2
111 70 2
112 60 2
112 62 2
112 63 2
112 64 2
112 66 2
112 67 2
113 147 2
113 148 2
113 149 2
113 150 2
115 90 2
115 91 2
115 94 2
115 95 2
115 98 2
115 99 2
116 79 2
116 83 2
116 84 2
116 85 2
116 87 2
116 89 2
117 23 2
117 24 2
117 25 2
118 112 2
118 114 2
118 115 2
118 116 2
119 67 2
119 68 2
120 19 2
120 20 2
120 22 2
122 143 2
123 107 2
123 108 2
123 109 2
123 111 2
124 46 2
124 47 2
124 52 2
124 55 2
124 56 2
124 59 2
125 69 2
125 70 2
125 72 2
125 74 2
125 76 2
125 77 2
126 16 2
126 17 2
126 18 2
127 84 2
127 85 2
128 41 2
128 42 2
128 43 2
129 55 2
129 56 2
129 59 2
129 62 2
129 67 2
129 68 2
130 5 2
130 6 2
130 10 2
130 12 2
130 14 2
130 16 2
130 17 2
131 82 2
131 83 2
132 108 2
132 115 2
132 116 2
132 118 2
132 119 2
132 125 2
133 103 2
133 104 2
133 105 2
133 106 2
134 65 2
134 66 2
135 42 2
135 43 2
135 45 2
135 46 2
135 47 2
135 52 2
137 99 2
137 100 2
137 101 2
137 102 2
138 95 2
138 96 2
138 97 2
138 98 2
139 89 2
139 90 2
139 91 2
139 94 2
141 134 2
141 135 2
141 148 2
141 149 2
141 150 2
141 3 2
141 4 2
142 78 2
142 79 2
142 81 2
142 82 2
142 83 2
143 36 2
143 62 2
143 69 2
143 74 2
143 26 2
143 27 2
143 29 2
143 30 2
143 39 2
143 40 2
143 46 2
144 13 2
144 14 2
144 15 2
145 36 2
145 62 2
145 69 2
145 74 2
145 68 2
145 72 2
145 47 2
145 52 2
145 76 2
145 83 2
145 85 2
145 108 2
148 30 2
148 34 2
148 35 2
148 36 2
148 39 2
148 40 2
150 84 2
150 85 2
150 86 2
150 87 2
1 139 3
1 140 3
2 137 3
2 138 3
3 149 3
3 150 3
3 1 3
3 4 3
3 5 3
3 6 3
4 17 3
4 24 3
4 26 3
4 27 3
4 28 3
4 29 3
4 30 3
4 34 3
5 135 3
5 136 3
6 126 3
6 129 3
6 133 3
6 134 3
6 135 3
6 148 3
7 28 3
7 29 3
7 30 3
7 31 3
7 32 3
7 34 3
8 36 3
8 62 3
8 69 3
8 72 3
8 74 3
8 27 3
8 29 3
8 30 3
8 39 3
8 40 3
8 46 3
9 150 3
10 62 3
10 63 3
10 64 3
11 5 3
11 6 3
11 10 3
11 12 3
12 133 3
12 134 3
13 59 3
13 60 3
13 61 3
14 111 3
14 115 3
14 116 3
14 118 3
14 119 3
14 125 3
15 18 3
15 24 3
15 25 3
15 26 3
15 27 3
15 28 3
15 29 3
16 36 3
16 62 3
16 69 3
16 72 3
16 74 3
16 68 3
16 109 3
16 4 3
16 17 3
16 26 3
16 40 3
16 47 3
17 149 3
19 56 3
19 57 3
19 58 3
20 116 3
20 117 3
20 118 3
20 119 3
20 125 3
20 126 3
21 36 3
21 62 3
21 69 3
21 72 3
21 74 3
21 68 3
21 111 3
21 129 3
21 150 3
21 3 3
21 4 3
21 5 3
22 137 3
22 138 3
22 139 3
22 140 3
23 133 3
23 134 3
23 135 3
23 136 3
24 78 3
24 79 3
24 81 3
24 82 3
24 83 3
25 52 3
25 54 3
25 55 3
27 125 3
27 126 3
27 129 3
27 132 3
28 129 3
28 132 3
29 148 3
30 70 3
30 72 3
30 74 3
30 76 3
30 77 3
31 125 3
31 126 3
32 123 3
32 124 3
34 101 3
34 103 3
34 104 3
34 107 3
34 108 3
34 109 3
35 5 3
35 6 3
35 10 3
35 12 3
35 14 3
35 16 3
35 17 3
36 149 3
36 150 3
36 3 3
36 4 3
36 5 3
36 6 3
36 12 3
36 16 3
37 107 3
37 108 3
37 109 3
37 111 3
37 114 3
37 115 3
39 121 3
39 122 3
41 147 3
42 134 3
42 135 3
42 148 3
42 149 3
42 150 3
42 3 3
42 4 3
43 119 3
43 120 3
44 117 3
44 118 3
45 115 3
45 116 3
46 65 3
46 66 3
46 67 3
46 68 3
46 69 3
47 112 3
47 114 3
48 89 3
48 90 3
48 91 3
48 94 3
48 95 3
48 96 3
49 77 3
49 79 3
49 83 3
49 84 3
49 85 3
49 87 3
50 22 3
50 23 3
50 24 3
50 25 3
50 26 3
50 27 3
52 59 3
52 60 3
52 62 3
52 63 3
52 64 3
53 109 3
53 111 3
54 45 3
54 46 3
54 47 3
55 111 3
55 115 3
55 116 3
55 118 3
55 119 3
55 125 3
55 126 3
55 129 3
57 146 3
58 68 3
58 69 3
58 70 3
58 72 3
58 74 3
58 76 3
58 77 3
58 79 3
59 41 3
59 42 3
59 43 3
60 54 3
60 55 3
60 56 3
60 57 3
60 58 3
61 98 3
61 99 3
61 100 3
61 101 3
61 103 3
61 104 3
62 107 3
62 108 3
63 38 3
63 39 3
63 40 3
65 35 3
65 36 3
65 37 3
66 121 3
66 122 3
66 123 3
66 124 3
67 117 3
67 118 3
67 119 3
67 120 3
68 105 3
68 106 3
69 32 3
69 33 3
69 34 3
70 112 3
70 114 3
70 115 3
70 116 3
71 145 3
72 36 3
72 62 3
72 69 3
72 74 3
72 68 3
72 4 3
72 26 3
72 40 3
72 47 3
72 52 3
72 85 3
72 108 3
74 29 3
74 30 3
74 31 3
75 103 3
75 104 3
76 116 3
76 118 3
76 119 3
76 125 3
76 126 3
76 129 3
76 133 3
77 47 3
77 48 3
77 49 3
77 51 3
77 52 3
78 68 3
78 69 3
78 70 3
78 72 3
78 74 3
78 76 3
79 72 3
79 74 3
79 76 3
79 77 3
79 83 3
79 85 3
79 87 3
79 89 3
80 1 3
80 2 3
80 3 3
80 4 3
81 36 3
81 39 3
81 40 3
81 46 3
81 47 3
81 52 3
81 55 3
81 62 3
82 60 3
82 62 3
82 63 3
82 64 3
82 66 3
82 67 3
83 26 3
83 27 3
83 28 3
84 101 3
84 102 3
85 99 3
85 100 3
86 46 3
86 47 3
86 52 3
86 55 3
86 56 3
86 59 3
87 69 3
87 70 3
87 72 3
87 74 3
87 76 3
87 77 3
88 12 3
88 14 3
88 15 3
88 16 3
88 17 3
88 18 3
89 41 3
89 42 3
89 43 3
89 45 3
89 46 3
90 97 3
90 98 3
92 1 3
92 3 3
92 4 3
92 5 3
92 6 3
92 10 3
93 95 3
93 96 3
94 55 3
94 56 3
94 59 3
94 62 3
94 67 3
94 68 3
95 83 3
95 85 3
95 87 3
95 89 3
95 90 3
95 94 3
95 98 3
96 90 3
96 91 3
96 94 3
96 95 3
96 98 3
96 99 3
98 23 3
98 24 3
98 25 3
99 42 3
99 43 3
99 45 3
99 46 3
99 47 3
99 52 3
101 91 3
101 94 3
102 89 3
102 90 3
103 36 3
103 62 3
103 69 3
103 72 3
103 74 3
103 68 3
103 52 3
103 76 3
103 83 3
103 85 3
103 108 3
103 109 3
104 95 3
104 101 3
104 103 3
104 108 3
104 109 3
104 111 3
104 115 3
105 106 3
105 108 3
105 109 3
105 111 3
106 103 3
106 104 3
106 105 3
106 107 3
107 86 3
107 87 3
108 84 3
108 85 3
109 19 3
109 20 3
109 22 3
110 139 3
110 146 3
110 147 3
110 148 3
110 149 3
110 150 3
111 36 3
111 47 3
111 52 3
111 55 3
111 62 3
111 68 3
111 69 3
111 70 3
112 99 3
112 100 3
112 101 3
112 102 3
113 147 3
113 148 3
113 149 3
113 150 3
114 79 3
114 83 3
114 84 3
114 85 3
114 87 3
114 89 3
115 82 3
115 83 3
116 79 3
116 81 3
117 35 3
117 36 3
117 38 3
117 39 3
117 40 3
120 36 3
120 39 3
120 40 3
120 42 3
120 43 3
120 45 3
121 28 3
121 29 3
121 30 3
121 32 3
121 34 3
121 35 3
122 95 3
122 96 3
122 97 3
122 98 3
123 77 3
123 78 3
124 17 3
124 18 3
124 24 3
124 25 3
124 26 3
124 27 3
125 89 3
125 90 3
125 91 3
125 94 3
127 129 3
127 132 3
127 133 3
127 134 3
127 135 3
127 138 3
128 144 3
129 16 3
129 17 3
129 18 3
130 143 3
130 144 3
130 145 3
130 146 3
132 84 3
132 85 3
132 86 3
132 87 3
133 30 3
133 34 3
133 35 3
133 36 3
133 39 3
133 40 3
134 74 3
134 76 3
135 13 3
135 14 3
135 15 3
136 71 3
136 72 3
138 143 3
140 69 3
140 70 3
142 48 3
142 49 3
142 51 3
144 3 3
144 10 3
144 12 3
144 14 3
144 15 3
144 16 3
145 36 3
145 62 3
145 69 3
145 72 3
145 74 3
145 68 3
145 6 3
145 12 3
145 16 3
145 17 3
145 26 3
146 67 3
146 68 3
147 65 3
147 66 3
148 79 3
148 90 3
148 94 3
148 95 3
148 98 3
148 101 3
148 108 3
148 109 3
