0 90 0
0 91 0
0 93 0
0 94 0
1 144 0
1 145 0
2 86 0
2 87 0
2 88 0
2 89 0
5 82 0
5 83 0
5 84 0
5 85 0
6 142 0
6 143 0
7 77 0
7 78 0
7 79 0
7 81 0
8 73 0
8 74 0
8 75 0
8 76 0
9 150 0
10 140 0
10 141 0
11 141 0
11 142 0
11 143 0
11 144 0
11 145 0
11 146 0
12 136 0
12 141 0
12 143 0
12 146 0
12 0 0
12 2 0
12 3 0
13 69 0
13 70 0
13 71 0
13 72 0
14 25 0
14 28 0
14 29 0
14 30 0
14 31 0
14 32 0
14 33 0
15 0 0
15 6 0
15 16 0
15 22 0
15 43 0
15 50 0
15 51 0
16 65 0
16 66 0
16 67 0
16 68 0
17 60 0
17 62 0
17 63 0
17 64 0
18 52 0
18 53 0
18 55 0
18 56 0
19 22 0
19 31 0
19 40 0
19 43 0
19 49 0
19 50 0
19 51 0
20 132 0
20 133 0
20 134 0
20 136 0
20 137 0
20 140 0
21 47 0
21 49 0
21 50 0
21 51 0
22 136 0
22 137 0
23 42 0
23 43 0
23 44 0
23 45 0
24 20 0
24 22 0
24 23 0
24 25 0
28 15 0
28 16 0
28 18 0
28 19 0
29 9 0
29 10 0
29 11 0
29 12 0
30 4 0
30 6 0
30 7 0
30 8 0
32 50 0
32 51 0
32 53 0
32 60 0
32 62 0
32 66 0
32 72 0
33 16 0
33 19 0
33 22 0
33 31 0
33 40 0
33 43 0
33 49 0
34 149 0
34 0 0
34 2 0
34 3 0
35 16 0
35 18 0
35 19 0
35 20 0
35 22 0
35 23 0
36 141 0
36 143 0
36 146 0
36 0 0
36 4 0
36 6 0
36 15 0
37 123 0
37 126 0
37 127 0
37 128 0
37 129 0
37 130 0
38 134 0
38 135 0
39 132 0
39 133 0
40 129 0
40 130 0
41 144 0
41 145 0
41 146 0
41 148 0
42 140 0
42 141 0
42 142 0
42 143 0
43 127 0
43 128 0
44 125 0
44 126 0
45 134 0
45 135 0
45 136 0
45 137 0
46 50 0
46 51 0
46 52 0
46 53 0
46 55 0
46 56 0
47 129 0
47 130 0
47 132 0
47 133 0
48 123 0
48 124 0
49 143 0
49 146 0
49 0 0
49 4 0
49 6 0
49 15 0
49 16 0
50 116 0
50 117 0
50 118 0
50 119 0
50 121 0
50 122 0
51 125 0
51 126 0
51 127 0
51 128 0
52 121 0
52 122 0
52 123 0
52 124 0
55 117 0
55 118 0
55 119 0
55 120 0
56 110 0
56 111 0
56 112 0
56 113 0
56 114 0
56 115 0
57 149 0
58 40 0
58 42 0
58 43 0
58 44 0
58 45 0
58 49 0
59 38 0
59 39 0
59 40 0
59 41 0
61 34 0
61 35 0
61 36 0
61 37 0
62 148 0
63 113 0
63 114 0
63 115 0
63 116 0
64 109 0
64 110 0
64 111 0
64 112 0
65 4 0
65 6 0
65 7 0
65 8 0
65 9 0
65 10 0
65 11 0
66 105 0
66 106 0
66 107 0
66 108 0
67 101 0
67 102 0
67 103 0
67 104 0
68 97 0
68 98 0
68 99 0
68 100 0
70 93 0
70 94 0
70 95 0
70 96 0
71 122 0
71 123 0
71 126 0
71 127 0
71 129 0
71 132 0
71 136 0
72 88 0
72 89 0
72 90 0
72 91 0
73 97 0
73 98 0
73 100 0
73 104 0
73 105 0
73 108 0
74 93 0
74 95 0
74 96 0
74 98 0
74 113 0
74 118 0
74 119 0
75 84 0
75 85 0
75 86 0
75 87 0
76 75 0
76 77 0
76 78 0
76 79 0
77 121 0
77 122 0
78 71 0
78 72 0
78 73 0
78 74 0
79 66 0
79 68 0
79 69 0
79 70 0
80 33 0
80 34 0
80 36 0
80 37 0
80 38 0
80 39 0
81 82 0
81 89 0
81 91 0
81 93 0
81 95 0
81 96 0
82 81 0
82 83 0
82 84 0
82 86 0
82 87 0
82 88 0
83 56 0
83 60 0
83 62 0
83 63 0
84 119 0
84 120 0
85 51 0
85 52 0
85 53 0
85 55 0
86 19 0
86 53 0
86 60 0
86 62 0
86 66 0
86 72 0
86 89 0
87 73 0
87 74 0
87 75 0
87 76 0
87 78 0
87 79 0
88 45 0
88 47 0
88 49 0
88 50 0
89 41 0
89 42 0
89 43 0
89 44 0
90 37 0
90 38 0
90 39 0
90 40 0
91 33 0
91 34 0
91 35 0
91 36 0
92 25 0
92 28 0
92 29 0
92 30 0
92 31 0
92 32 0
93 29 0
93 30 0
93 31 0
93 32 0
95 117 0
95 118 0
96 15 0
96 60 0
96 66 0
96 93 0
96 95 0
96 98 0
96 129 0
97 115 0
97 116 0
99 24 0
99 25 0
99 26 0
99 28 0
100 113 0
100 114 0
101 19 0
101 20 0
101 22 0
101 23 0
102 12 0
102 15 0
102 16 0
102 18 0
103 7 0
103 8 0
103 9 0
103 10 0
103 11 0
103 15 0
106 119 0
106 122 0
106 123 0
106 126 0
106 127 0
106 129 0
106 132 0
107 89 0
107 93 0
107 95 0
107 96 0
107 98 0
107 113 0
107 118 0
108 8 0
108 9 0
108 10 0
108 11 0
109 146 0
110 109 0
110 111 0
112 3 0
112 4 0
112 6 0
112 7 0
113 146 0
113 149 0
113 0 0
113 2 0
114 62 0
114 63 0
114 66 0
114 68 0
114 71 0
114 72 0
115 107 0
115 108 0
116 142 0
116 143 0
116 144 0
116 145 0
117 51 0
117 52 0
117 53 0
117 55 0
117 56 0
117 60 0
120 149 0
120 0 0
120 2 0
120 3 0
120 4 0
120 6 0
121 105 0
121 106 0
122 119 0
122 121 0
122 123 0
122 126 0
123 42 0
123 43 0
123 44 0
123 45 0
123 49 0
123 50 0
125 136 0
125 137 0
125 140 0
125 141 0
126 115 0
126 116 0
126 117 0
126 118 0
127 103 0
127 104 0
128 111 0
128 112 0
128 113 0
128 114 0
129 104 0
129 105 0
129 108 0
129 110 0
130 101 0
130 102 0
131 30 0
131 31 0
131 32 0
131 33 0
132 96 0
132 97 0
132 98 0
132 100 0
133 89 0
133 91 0
133 93 0
133 95 0
134 99 0
134 100 0
135 130 0
135 132 0
135 133 0
135 134 0
136 97 0
136 98 0
137 84 0
137 86 0
137 87 0
137 88 0
138 110 0
138 112 0
139 24 0
139 26 0
139 28 0
139 29 0
141 79 0
141 81 0
141 82 0
141 83 0
143 34 0
143 36 0
143 37 0
143 38 0
143 39 0
143 40 0
144 74 0
144 75 0
144 76 0
144 78 0
145 68 0
145 71 0
145 72 0
145 73 0
146 95 0
146 96 0
147 15 0
147 16 0
147 18 0
147 19 0
147 20 0
147 22 0
147 23 0
148 122 0
148 127 0
148 128 0
148 129 0
149 60 0
149 62 0
149 63 0
149 66 0
150 76 0
150 81 0
150 82 0
150 83 0
0 19 1
0 22 1
0 31 1
0 40 1
0 43 1
0 49 1
0 50 1
1 90 1
1 91 1
1 93 1
1 94 1
2 86 1
2 87 1
2 88 1
2 89 1
3 82 1
3 83 1
3 84 1
3 85 1
4 77 1
4 78 1
4 79 1
4 81 1
5 73 1
5 74 1
5 75 1
5 76 1
6 69 1
6 70 1
6 71 1
6 72 1
7 65 1
7 66 1
7 67 1
7 68 1
8 4 1
8 6 1
8 7 1
8 9 1
9 16 1
9 19 1
9 22 1
9 31 1
9 40 1
9 43 1
9 49 1
10 149 1
10 0 1
10 2 1
10 3 1
11 150 1
12 144 1
12 145 1
13 50 1
13 51 1
13 52 1
13 53 1
13 55 1
13 56 1
14 60 1
14 62 1
14 63 1
14 64 1
15 144 1
15 145 1
15 146 1
15 148 1
16 140 1
16 141 1
16 142 1
16 143 1
17 52 1
17 53 1
17 55 1
17 56 1
18 134 1
18 135 1
18 136 1
18 137 1
19 142 1
19 143 1
20 129 1
20 130 1
20 132 1
20 133 1
21 47 1
21 49 1
21 50 1
21 51 1
22 7 1
22 8 1
22 9 1
22 10 1
22 11 1
22 15 1
23 149 1
23 0 1
23 2 1
23 3 1
23 4 1
23 6 1
24 33 1
24 34 1
24 36 1
24 37 1
24 38 1
24 39 1
25 125 1
25 126 1
25 127 1
25 128 1
26 25 1
26 28 1
26 29 1
26 30 1
26 31 1
26 32 1
27 42 1
27 43 1
27 44 1
27 45 1
29 140 1
29 141 1
30 121 1
30 122 1
30 123 1
30 124 1
32 149 1
34 117 1
34 118 1
34 119 1
34 120 1
35 136 1
35 137 1
36 141 1
36 143 1
36 146 1
36 0 1
36 4 1
36 6 1
36 15 1
37 113 1
37 114 1
37 115 1
37 116 1
38 141 1
38 142 1
38 143 1
38 144 1
38 145 1
38 146 1
39 132 1
39 133 1
39 134 1
39 136 1
39 137 1
39 140 1
40 123 1
40 126 1
40 127 1
40 128 1
40 129 1
40 130 1
41 134 1
41 135 1
43 148 1
44 116 1
44 117 1
44 118 1
44 119 1
44 121 1
44 122 1
46 25 1
46 28 1
46 29 1
46 30 1
46 31 1
46 32 1
46 33 1
47 136 1
47 141 1
47 143 1
47 146 1
47 0 1
47 2 1
47 3 1
48 38 1
48 39 1
48 40 1
48 41 1
49 110 1
49 111 1
49 112 1
49 113 1
49 114 1
49 115 1
50 132 1
50 133 1
51 0 1
51 6 1
51 15 1
51 16 1
51 22 1
51 43 1
51 50 1
52 109 1
52 110 1
52 111 1
52 112 1
53 105 1
53 106 1
53 107 1
53 108 1
54 34 1
54 35 1
54 36 1
54 37 1
55 97 1
55 98 1
55 100 1
55 104 1
55 105 1
55 108 1
57 30 1
57 31 1
57 32 1
57 33 1
59 129 1
59 130 1
60 127 1
60 128 1
62 88 1
62 89 1
62 91 1
62 93 1
62 95 1
62 96 1
63 73 1
63 82 1
63 83 1
63 84 1
63 86 1
63 87 1
64 101 1
64 102 1
64 103 1
64 104 1
65 97 1
65 98 1
65 99 1
65 100 1
66 93 1
66 94 1
66 95 1
66 96 1
67 15 1
67 16 1
67 18 1
67 19 1
67 20 1
67 22 1
67 23 1
68 122 1
68 123 1
68 126 1
68 127 1
68 129 1
68 132 1
68 136 1
69 119 1
69 122 1
69 123 1
69 126 1
69 127 1
69 129 1
69 132 1
70 89 1
70 93 1
70 95 1
70 96 1
70 98 1
70 113 1
70 118 1
71 146 1
73 74 1
73 75 1
73 76 1
73 78 1
73 79 1
73 81 1
74 88 1
74 89 1
74 90 1
74 91 1
75 84 1
75 85 1
75 86 1
75 87 1
76 125 1
76 126 1
77 78 1
77 81 1
77 82 1
77 83 1
78 75 1
78 76 1
78 77 1
78 79 1
79 123 1
79 124 1
80 25 1
80 26 1
80 28 1
80 29 1
81 71 1
81 72 1
81 73 1
81 74 1
82 66 1
82 68 1
82 69 1
82 70 1
83 62 1
83 63 1
83 66 1
83 68 1
83 71 1
83 72 1
84 56 1
84 60 1
84 62 1
84 63 1
86 51 1
86 52 1
86 53 1
86 55 1
88 45 1
88 47 1
88 49 1
88 50 1
89 41 1
89 42 1
89 43 1
89 44 1
90 37 1
90 38 1
90 39 1
90 40 1
91 121 1
91 122 1
92 20 1
92 22 1
92 23 1
92 24 1
93 33 1
93 34 1
93 35 1
93 36 1
94 119 1
94 120 1
95 117 1
95 118 1
97 93 1
97 95 1
97 96 1
97 98 1
97 113 1
97 118 1
97 119 1
98 29 1
98 30 1
98 31 1
98 32 1
99 115 1
99 116 1
101 16 1
101 18 1
101 19 1
101 20 1
101 22 1
101 23 1
102 24 1
102 25 1
102 26 1
102 28 1
103 19 1
103 20 1
103 22 1
103 23 1
104 12 1
104 15 1
104 16 1
104 18 1
105 8 1
105 9 1
105 10 1
105 11 1
106 3 1
106 4 1
106 6 1
106 7 1
107 50 1
107 51 1
107 53 1
107 60 1
107 62 1
107 66 1
107 72 1
109 146 1
109 149 1
109 0 1
109 2 1
110 51 1
110 52 1
110 53 1
110 55 1
110 56 1
110 60 1
112 142 1
112 143 1
112 144 1
112 145 1
113 136 1
113 137 1
113 140 1
113 141 1
115 130 1
115 132 1
115 133 1
115 134 1
116 51 1
116 53 1
116 60 1
116 62 1
116 66 1
116 72 1
116 89 1
117 115 1
117 116 1
117 118 1
117 119 1
118 111 1
118 112 1
118 113 1
118 114 1
119 143 1
119 146 1
119 0 1
119 4 1
119 6 1
119 15 1
119 16 1
120 126 1
120 127 1
120 128 1
120 129 1
121 104 1
121 105 1
121 108 1
121 110 1
122 51 1
122 60 1
122 66 1
122 93 1
122 95 1
122 98 1
122 129 1
123 42 1
123 43 1
123 44 1
123 45 1
123 49 1
123 50 1
124 111 1
124 112 1
125 109 1
125 110 1
126 107 1
126 108 1
127 105 1
127 106 1
128 34 1
128 36 1
128 37 1
128 38 1
128 39 1
128 40 1
130 96 1
130 97 1
130 98 1
130 100 1
131 15 1
131 16 1
131 18 1
131 19 1
134 89 1
134 91 1
134 93 1
134 95 1
135 103 1
135 104 1
136 101 1
136 102 1
137 84 1
137 86 1
137 87 1
137 88 1
138 40 1
138 42 1
138 43 1
138 44 1
138 45 1
138 49 1
139 8 1
139 10 1
139 11 1
139 12 1
140 99 1
140 100 1
141 79 1
141 81 1
141 82 1
141 83 1
142 74 1
142 75 1
142 76 1
142 78 1
143 68 1
143 71 1
143 72 1
143 73 1
145 60 1
145 62 1
145 63 1
145 66 1
146 97 1
146 98 1
147 113 1
147 114 1
148 117 1
148 121 1
148 122 1
148 123 1
149 95 1
149 96 1
150 4 1
150 6 1
150 7 1
150 8 1
150 9 1
150 10 1
150 11 1
0 90 2
0 91 2
0 93 2
0 94 2
1 144 2
1 145 2
2 86 2
2 87 2
2 88 2
2 89 2
3 82 2
3 83 2
3 84 2
3 85 2
4 77 2
4 78 2
4 79 2
4 81 2
5 73 2
5 74 2
5 75 2
5 76 2
6 69 2
6 70 2
6 71 2
6 72 2
7 89 2
7 93 2
7 95 2
7 96 2
7 98 2
7 113 2
7 118 2
8 65 2
8 66 2
8 67 2
8 68 2
9 50 2
9 51 2
9 53 2
9 60 2
9 62 2
9 66 2
9 72 2
10 142 2
10 143 2
11 140 2
11 141 2
12 136 2
12 137 2
13 60 2
13 62 2
13 63 2
13 64 2
14 52 2
14 53 2
14 55 2
14 56 2
16 15 2
16 18 2
16 19 2
16 20 2
17 134 2
17 135 2
18 9 2
18 10 2
18 11 2
18 12 2
20 150 2
21 47 2
21 49 2
21 50 2
21 51 2
22 4 2
22 6 2
22 7 2
22 8 2
23 149 2
23 0 2
23 2 2
23 3 2
24 136 2
24 141 2
24 143 2
24 146 2
24 0 2
24 2 2
24 3 2
27 42 2
27 43 2
27 44 2
27 45 2
28 149 2
29 132 2
29 133 2
30 16 2
30 19 2
30 22 2
30 31 2
30 40 2
30 43 2
30 49 2
32 144 2
32 145 2
32 146 2
32 148 2
35 140 2
35 141 2
35 142 2
35 143 2
36 129 2
36 130 2
37 127 2
37 128 2
38 141 2
38 142 2
38 143 2
38 144 2
38 145 2
38 146 2
39 134 2
39 135 2
39 136 2
39 137 2
40 51 2
40 53 2
40 60 2
40 62 2
40 66 2
40 72 2
40 89 2
42 132 2
42 133 2
42 134 2
42 136 2
42 137 2
42 140 2
43 129 2
43 130 2
43 132 2
43 133 2
44 123 2
44 126 2
44 127 2
44 128 2
44 129 2
44 130 2
45 125 2
45 126 2
45 127 2
45 128 2
46 50 2
46 51 2
46 52 2
46 53 2
46 55 2
46 56 2
47 121 2
47 122 2
47 123 2
47 124 2
48 38 2
48 39 2
48 40 2
48 41 2
49 116 2
49 117 2
49 118 2
49 119 2
49 121 2
49 122 2
51 125 2
51 126 2
52 110 2
52 111 2
52 112 2
52 113 2
52 114 2
52 115 2
53 117 2
53 118 2
53 119 2
53 120 2
54 40 2
54 42 2
54 43 2
54 44 2
54 45 2
54 49 2
55 113 2
55 114 2
55 115 2
55 116 2
57 34 2
57 35 2
57 36 2
57 37 2
58 30 2
58 31 2
58 32 2
58 33 2
59 25 2
59 26 2
59 28 2
59 29 2
60 51 2
60 66 2
60 93 2
60 95 2
60 98 2
60 129 2
60 143 2
61 25 2
61 28 2
61 29 2
61 30 2
61 31 2
61 32 2
61 33 2
62 109 2
62 110 2
62 111 2
62 112 2
63 123 2
63 124 2
64 25 2
64 28 2
64 29 2
64 30 2
64 31 2
64 32 2
65 16 2
65 18 2
65 19 2
65 20 2
65 22 2
65 23 2
66 105 2
66 106 2
66 107 2
66 108 2
67 121 2
67 122 2
68 141 2
68 143 2
68 146 2
68 0 2
68 4 2
68 6 2
68 15 2
69 119 2
69 120 2
70 101 2
70 102 2
70 103 2
70 104 2
71 97 2
71 98 2
71 99 2
71 100 2
73 117 2
73 118 2
74 93 2
74 94 2
74 95 2
74 96 2
75 88 2
75 89 2
75 90 2
75 91 2
76 84 2
76 85 2
76 86 2
76 87 2
77 79 2
77 81 2
77 82 2
77 83 2
78 115 2
78 116 2
79 75 2
79 76 2
79 77 2
79 78 2
81 71 2
81 72 2
81 73 2
81 74 2
82 66 2
82 68 2
82 69 2
82 70 2
83 56 2
83 60 2
83 62 2
83 63 2
84 51 2
84 52 2
84 53 2
84 55 2
85 45 2
85 47 2
85 49 2
85 50 2
86 113 2
86 114 2
87 41 2
87 42 2
87 43 2
87 44 2
88 37 2
88 38 2
88 39 2
88 40 2
90 33 2
90 34 2
90 35 2
90 36 2
91 122 2
91 123 2
91 126 2
91 127 2
91 129 2
91 132 2
91 136 2
92 33 2
92 34 2
92 36 2
92 37 2
92 38 2
92 39 2
93 97 2
93 98 2
93 100 2
93 104 2
93 105 2
93 108 2
94 29 2
94 30 2
94 31 2
94 32 2
95 111 2
95 112 2
96 19 2
96 22 2
96 31 2
96 40 2
96 43 2
96 49 2
96 50 2
97 24 2
97 25 2
97 26 2
97 28 2
98 88 2
98 89 2
98 91 2
98 93 2
98 95 2
98 96 2
99 7 2
99 8 2
99 9 2
99 10 2
99 11 2
99 15 2
101 19 2
101 20 2
101 22 2
101 23 2
102 12 2
102 15 2
102 16 2
102 18 2
103 8 2
103 9 2
103 10 2
103 11 2
104 81 2
104 82 2
104 83 2
104 84 2
104 86 2
104 87 2
105 109 2
105 110 2
106 105 2
106 107 2
107 3 2
107 4 2
107 6 2
107 7 2
109 146 2
109 149 2
109 0 2
109 2 2
110 73 2
110 74 2
110 75 2
110 76 2
110 78 2
110 79 2
111 103 2
111 104 2
113 142 2
113 143 2
113 144 2
113 145 2
114 101 2
114 102 2
115 136 2
115 137 2
115 140 2
115 141 2
116 115 2
116 117 2
116 118 2
116 119 2
117 148 2
118 60 2
118 146 2
118 0 2
118 4 2
118 6 2
118 15 2
118 16 2
119 111 2
119 112 2
119 113 2
119 114 2
120 130 2
120 132 2
120 133 2
120 134 2
121 104 2
121 105 2
121 108 2
121 110 2
123 62 2
123 63 2
123 66 2
123 68 2
123 71 2
123 72 2
124 149 2
124 0 2
124 2 2
124 3 2
124 4 2
124 6 2
125 126 2
125 127 2
125 128 2
125 129 2
128 99 2
128 100 2
129 96 2
129 97 2
129 98 2
129 100 2
130 97 2
130 98 2
131 16 2
131 22 2
131 23 2
131 24 2
132 89 2
132 91 2
132 93 2
132 95 2
133 93 2
133 95 2
133 96 2
133 98 2
133 113 2
133 118 2
133 119 2
134 51 2
134 52 2
134 53 2
134 55 2
134 56 2
134 60 2
135 116 2
135 121 2
135 122 2
135 123 2
136 95 2
136 96 2
137 42 2
137 43 2
137 44 2
137 45 2
137 49 2
137 50 2
139 106 2
139 108 2
140 146 2
141 34 2
141 36 2
141 37 2
141 38 2
141 39 2
141 40 2
142 84 2
142 86 2
142 87 2
142 88 2
143 79 2
143 81 2
143 82 2
143 83 2
144 74 2
144 75 2
144 76 2
144 78 2
145 68 2
145 71 2
145 72 2
145 73 2
146 0 2
146 6 2
146 15 2
146 16 2
146 22 2
146 43 2
146 50 2
147 15 2
147 16 2
147 18 2
147 19 2
147 20 2
147 22 2
147 23 2
148 119 2
148 122 2
148 123 2
148 126 2
148 127 2
148 129 2
148 132 2
149 60 2
149 62 2
149 63 2
149 66 2
150 4 2
150 6 2
150 7 2
150 8 2
150 9 2
150 10 2
150 11 2
0 132 3
0 133 3
0 134 3
0 136 3
0 137 3
0 140 3
1 144 3
1 145 3
2 50 3
2 51 3
2 53 3
2 60 3
2 62 3
2 66 3
2 72 3
4 142 3
4 143 3
5 25 3
5 28 3
5 29 3
5 30 3
5 31 3
5 32 3
5 33 3
6 140 3
6 141 3
8 16 3
8 19 3
8 22 3
8 31 3
8 40 3
8 43 3
8 49 3
9 136 3
9 137 3
11 90 3
11 91 3
11 93 3
11 94 3
12 7 3
12 8 3
12 9 3
12 10 3
12 11 3
12 15 3
13 50 3
13 51 3
13 52 3
13 53 3
13 55 3
13 56 3
14 40 3
14 42 3
14 43 3
14 44 3
14 45 3
14 49 3
15 86 3
15 87 3
15 88 3
15 89 3
16 82 3
16 83 3
16 84 3
16 85 3
17 33 3
17 34 3
17 36 3
17 37 3
17 38 3
17 39 3
18 134 3
18 135 3
19 77 3
19 78 3
19 79 3
19 81 3
20 73 3
20 74 3
20 75 3
20 76 3
21 25 3
21 28 3
21 29 3
21 30 3
21 31 3
21 32 3
22 132 3
22 133 3
23 69 3
23 70 3
23 71 3
23 72 3
24 65 3
24 66 3
24 67 3
24 68 3
25 60 3
25 62 3
25 63 3
25 64 3
26 52 3
26 53 3
26 55 3
26 56 3
27 15 3
27 16 3
27 18 3
27 19 3
27 20 3
27 22 3
27 23 3
28 25 3
28 26 3
28 29 3
28 30 3
29 20 3
29 22 3
29 23 3
29 24 3
30 15 3
30 16 3
30 18 3
30 19 3
31 9 3
31 10 3
31 11 3
31 12 3
32 4 3
32 6 3
32 7 3
32 8 3
33 149 3
33 0 3
33 2 3
33 3 3
34 144 3
34 145 3
34 146 3
34 148 3
35 140 3
35 141 3
35 142 3
35 143 3
36 134 3
36 135 3
36 136 3
36 137 3
37 129 3
37 130 3
37 132 3
37 133 3
38 125 3
38 126 3
38 127 3
38 128 3
39 123 3
39 126 3
39 127 3
39 128 3
39 129 3
39 130 3
40 121 3
40 122 3
40 123 3
40 124 3
41 149 3
41 0 3
41 2 3
41 3 3
41 4 3
41 6 3
42 129 3
42 130 3
43 127 3
43 128 3
44 125 3
44 126 3
45 116 3
45 117 3
45 118 3
45 119 3
45 121 3
45 122 3
46 47 3
46 49 3
46 50 3
46 51 3
47 117 3
47 118 3
47 119 3
47 120 3
48 42 3
48 43 3
48 44 3
48 45 3
49 113 3
49 114 3
49 115 3
49 116 3
50 110 3
50 111 3
50 112 3
50 113 3
50 114 3
50 115 3
51 97 3
51 98 3
51 100 3
51 104 3
51 105 3
51 108 3
52 150 3
53 0 3
53 6 3
53 15 3
53 16 3
53 22 3
53 43 3
53 50 3
54 38 3
54 39 3
54 40 3
54 41 3
55 141 3
55 143 3
55 146 3
55 0 3
55 4 3
55 6 3
55 15 3
56 109 3
56 110 3
56 111 3
56 112 3
57 123 3
57 124 3
59 16 3
59 18 3
59 19 3
59 20 3
59 22 3
59 23 3
61 4 3
61 6 3
61 7 3
61 8 3
61 9 3
61 10 3
61 11 3
62 105 3
62 106 3
62 107 3
62 108 3
63 149 3
64 121 3
64 122 3
65 101 3
65 102 3
65 103 3
65 104 3
67 119 3
67 120 3
68 117 3
68 118 3
69 97 3
69 98 3
69 99 3
69 100 3
71 93 3
71 94 3
71 95 3
71 96 3
73 88 3
73 89 3
73 90 3
73 91 3
74 84 3
74 85 3
74 86 3
74 87 3
75 76 3
75 77 3
75 78 3
75 79 3
76 115 3
76 116 3
78 71 3
78 72 3
78 73 3
78 74 3
79 66 3
79 68 3
79 69 3
79 70 3
80 113 3
80 114 3
81 56 3
81 60 3
81 62 3
81 63 3
82 122 3
82 123 3
82 126 3
82 127 3
82 129 3
82 132 3
82 136 3
83 93 3
83 95 3
83 96 3
83 98 3
83 113 3
83 118 3
83 119 3
84 51 3
84 52 3
84 53 3
84 55 3
85 141 3
85 142 3
85 143 3
85 144 3
85 145 3
85 146 3
87 88 3
87 89 3
87 91 3
87 93 3
87 95 3
87 96 3
88 45 3
88 47 3
88 49 3
88 50 3
90 41 3
90 42 3
90 43 3
90 44 3
92 34 3
92 35 3
92 36 3
92 37 3
93 37 3
93 38 3
93 39 3
93 40 3
94 33 3
94 34 3
94 35 3
94 36 3
95 29 3
95 30 3
95 31 3
95 32 3
96 24 3
96 25 3
96 26 3
96 28 3
97 19 3
97 20 3
97 22 3
97 23 3
98 81 3
98 82 3
98 83 3
98 84 3
98 86 3
98 87 3
100 12 3
100 15 3
100 16 3
100 18 3
101 8 3
101 9 3
101 10 3
101 11 3
102 3 3
102 4 3
102 6 3
102 7 3
103 146 3
103 149 3
103 0 3
103 2 3
104 73 3
104 74 3
104 75 3
104 76 3
104 78 3
104 79 3
105 142 3
105 143 3
105 144 3
105 145 3
106 119 3
106 122 3
106 123 3
106 126 3
106 127 3
106 129 3
106 132 3
107 136 3
107 137 3
107 140 3
107 141 3
108 111 3
108 112 3
109 107 3
109 108 3
110 62 3
110 63 3
110 66 3
110 68 3
110 71 3
110 72 3
111 130 3
111 132 3
111 133 3
111 134 3
112 148 3
113 146 3
114 126 3
114 127 3
114 128 3
114 129 3
115 51 3
115 53 3
115 60 3
115 62 3
115 66 3
115 72 3
115 89 3
116 115 3
116 117 3
116 118 3
116 119 3
117 111 3
117 112 3
117 113 3
117 114 3
119 105 3
119 106 3
120 103 3
120 104 3
121 19 3
121 22 3
121 31 3
121 40 3
121 43 3
121 49 3
121 50 3
122 101 3
122 102 3
123 104 3
123 105 3
123 108 3
123 110 3
125 89 3
125 93 3
125 95 3
125 96 3
125 98 3
125 113 3
125 118 3
127 51 3
127 52 3
127 53 3
127 55 3
127 56 3
127 60 3
128 96 3
128 97 3
128 98 3
128 100 3
130 42 3
130 43 3
130 44 3
130 45 3
130 49 3
130 50 3
131 28 3
131 31 3
131 32 3
131 33 3
132 89 3
132 91 3
132 93 3
132 95 3
133 84 3
133 86 3
133 87 3
133 88 3
134 99 3
134 100 3
135 97 3
135 98 3
137 143 3
137 146 3
137 0 3
137 4 3
137 6 3
137 15 3
137 16 3
138 136 3
138 141 3
138 143 3
138 146 3
138 0 3
138 2 3
138 3 3
140 34 3
140 36 3
140 37 3
140 38 3
140 39 3
140 40 3
142 95 3
142 96 3
143 79 3
143 81 3
143 82 3
143 83 3
144 74 3
144 75 3
144 76 3
144 78 3
145 51 3
145 60 3
145 66 3
145 93 3
145 95 3
145 98 3
145 129 3
146 68 3
146 71 3
146 72 3
146 73 3
147 109 3
147 110 3
148 116 3
148 121 3
148 122 3
148 123 3
149 60 3
149 62 3
149 63 3
149 66 3
150 75 3
150 81 3
150 82 3
150 83 3
