3 118 0
40 26 0
51 134 0
58 9 0
64 93 0
106 104 0
106 53 0
106 40 0
108 137 0
139 31 0
143 104 0
2 55 1
3 3 1
54 131 1
62 77 1
72 142 1
83 10 1
85 53 1
100 35 1
111 95 1
117 118 1
142 147 1
8 8 2
8 109 2
9 145 2
45 135 2
53 62 2
70 53 2
106 3 2
112 9 2
130 122 2
130 140 2
141 51 2
143 36 2
146 49 2
0 131 3
8 119 3
34 119 3
44 30 3
48 8 3
50 35 3
52 13 3
54 82 3
58 85 3
61 124 3
68 10 3
69 78 3
77 117 3
89 68 3
89 53 3
117 130 3
118 123 3
120 118 3
145 59 3
6 95 4
13 7 4
16 15 4
23 147 4
33 83 4
50 99 4
55 76 4
58 13 4
62 108 4
77 89 4
91 42 4
108 68 4
141 143 4
149 136 4
2 2 5
2 63 5
28 9 5
31 98 5
37 104 5
58 61 5
67 13 5
76 16 5
83 143 5
88 118 5
88 60 5
98 77 5
106 72 5
111 45 5
113 29 5
124 140 5
143 23 5
2 2 6
7 121 6
9 98 6
12 1 6
15 108 6
16 74 6
22 94 6
27 143 6
40 3 6
43 78 6
54 93 6
56 0 6
59 85 6
70 101 6
77 106 6
83 21 6
101 125 6
122 41 6
138 57 6
138 130 6
142 127 6
0 5 7
0 15 7
1 10 7
2 4 7
2 11 7
7 7 7
8 118 7
14 74 7
15 88 7
17 34 7
17 21 7
17 38 7
18 150 7
20 20 7
22 24 7
23 23 7
23 38 7
25 11 7
28 10 7
29 136 7
29 2 7
37 63 7
41 59 7
51 37 7
52 71 7
58 103 7
59 12 7
62 138 7
65 133 7
67 65 7
68 37 7
74 7 7
86 105 7
89 48 7
94 26 7
104 124 7
105 19 7
106 127 7
112 9 7
114 135 7
124 45 7
127 82 7
128 18 7
138 43 7
142 12 7
142 14 7
146 57 7
0 1 8
0 121 8
2 33 8
3 3 8
3 28 8
4 117 8
5 64 8
5 60 8
8 8 8
14 2 8
15 100 8
17 37 8
17 138 8
18 70 8
23 23 8
23 49 8
23 26 8
24 36 8
24 48 8
26 80 8
27 34 8
29 101 8
34 73 8
38 16 8
48 6 8
49 34 8
52 106 8
55 51 8
57 119 8
59 144 8
63 142 8
65 147 8
75 94 8
79 75 8
84 69 8
84 132 8
85 113 8
94 24 8
108 2 8
110 35 8
113 124 8
116 44 8
116 65 8
117 131 8
122 95 8
123 42 8
123 82 8
126 41 8
132 121 8
141 54 8
144 46 8
144 140 8
145 61 8
0 15 9
0 10 9
2 62 9
3 17 9
8 8 9
8 113 9
9 21 9
11 55 9
14 54 9
17 37 9
17 141 9
20 54 9
20 108 9
22 93 9
23 23 9
25 7 9
25 33 9
28 9 9
29 42 9
29 29 9
29 84 9
29 74 9
36 64 9
37 121 9
43 124 9
48 111 9
54 136 9
55 89 9
59 118 9
65 67 9
65 33 9
73 100 9
77 122 9
82 61 9
83 77 9
84 144 9
85 87 9
88 33 9
89 12 9
89 33 9
90 81 9
90 62 9
91 10 9
95 105 9
95 62 9
103 52 9
104 31 9
106 50 9
112 60 9
112 55 9
112 134 9
120 150 9
120 66 9
122 69 9
128 97 9
128 5 9
133 86 9
133 28 9
133 67 9
134 125 9
138 61 9
139 17 9
139 140 9
143 0 9
144 22 9
146 24 9
147 97 9
0 15 10
0 10 10
0 2 10
0 37 10
1 4 10
1 134 10
3 78 10
7 32 10
7 25 10
7 149 10
7 66 10
8 63 10
10 10 10
11 66 10
14 150 10
15 137 10
17 36 10
17 7 10
17 17 10
19 82 10
21 92 10
22 86 10
23 23 10
25 82 10
26 70 10
29 29 10
29 17 10
29 111 10
29 137 10
30 43 10
30 52 10
32 92 10
36 7 10
37 12 10
38 146 10
39 25 10
39 40 10
40 144 10
42 84 10
43 43 10
44 89 10
51 28 10
51 14 10
56 38 10
58 2 10
58 5 10
59 79 10
62 34 10
70 97 10
70 108 10
77 89 10
78 63 10
78 127 10
78 111 10
79 49 10
82 120 10
83 1 10
93 39 10
97 52 10
97 106 10
100 1 10
101 114 10
101 128 10
102 28 10
103 32 10
103 128 10
104 60 10
108 101 10
109 78 10
115 75 10
122 27 10
122 80 10
124 137 10
124 100 10
130 123 10
131 92 10
133 51 10
134 129 10
135 61 10
140 25 10
141 147 10
143 76 10
145 115 10
149 68 10
0 0 11
2 58 11
4 8 11
5 118 11
7 29 11
7 7 11
7 68 11
7 115 11
10 10 11
13 131 11
16 22 11
17 17 11
18 15 11
18 4 11
18 16 11
18 57 11
19 54 11
21 22 11
23 23 11
23 35 11
23 50 11
23 120 11
24 36 11
24 150 11
29 34 11
30 27 11
40 112 11
45 37 11
45 61 11
45 133 11
46 76 11
49 36 11
51 57 11
52 109 11
57 31 11
58 66 11
58 46 11
58 11 11
63 115 11
64 37 11
65 51 11
67 14 11
68 87 11
68 77 11
72 108 11
72 135 11
72 107 11
75 5 11
78 73 11
81 97 11
82 144 11
82 122 11
83 8 11
84 34 11
84 109 11
85 69 11
86 72 11
88 58 11
89 34 11
89 100 11
92 113 11
95 3 11
96 4 11
97 87 11
98 76 11
101 2 11
102 150 11
103 94 11
104 89 11
116 23 11
116 95 11
117 126 11
118 25 11
119 98 11
123 83 11
124 115 11
124 35 11
127 73 11
130 1 11
131 90 11
132 60 11
134 17 11
139 60 11
140 55 11
142 101 11
0 4 12
1 0 12
1 147 12
1 45 12
2 5 12
2 72 12
2 131 12
3 59 12
3 83 12
4 0 12
5 131 12
7 7 12
7 29 12
7 37 12
8 70 12
14 55 12
15 68 12
17 37 12
17 17 12
17 57 12
17 26 12
18 18 12
18 15 12
20 124 12
21 9 12
23 23 12
25 26 12
26 31 12
29 7 12
29 34 12
29 13 12
29 37 12
29 130 12
30 69 12
39 38 12
39 128 12
43 43 12
44 100 12
45 7 12
47 67 12
49 91 12
50 65 12
51 76 12
52 103 12
52 106 12
56 65 12
56 146 12
58 137 12
64 144 12
69 20 12
70 87 12
73 29 12
76 58 12
80 4 12
80 97 12
82 130 12
82 69 12
83 7 12
84 127 12
85 44 12
86 124 12
91 39 12
92 87 12
92 28 12
95 70 12
101 99 12
101 1 12
102 44 12
103 114 12
109 22 12
111 123 12
113 5 12
114 9 12
115 34 12
115 122 12
117 77 12
118 6 12
121 91 12
123 58 12
124 57 12
128 37 12
129 18 12
130 32 12
130 104 12
131 120 12
133 90 12
134 84 12
139 125 12
139 140 12
142 143 12
143 38 12
143 43 12
145 63 12
147 18 12
147 25 12
149 90 12
150 143 12
0 10 13
0 5 13
0 57 13
2 2 13
3 97 13
4 15 13
4 87 13
4 52 13
7 7 13
7 36 13
7 148 13
8 69 13
8 8 13
8 95 13
11 150 13
11 128 13
13 145 13
14 121 13
15 52 13
17 29 13
17 47 13
17 141 13
18 59 13
18 84 13
19 55 13
21 119 13
23 35 13
23 23 13
23 68 13
25 25 13
26 26 13
26 74 13
26 14 13
28 48 13
28 86 13
29 22 13
32 114 13
33 124 13
33 70 13
34 122 13
36 97 13
40 146 13
43 43 13
43 77 13
46 55 13
46 103 13
46 70 13
52 91 13
59 142 13
59 90 13
59 74 13
63 119 13
64 7 13
65 149 13
66 71 13
67 10 13
67 144 13
77 77 13
78 148 13
80 35 13
83 99 13
83 114 13
84 14 13
85 57 13
85 96 13
88 67 13
91 31 13
94 85 13
96 33 13
96 26 13
99 108 13
100 88 13
101 76 13
106 1 13
107 148 13
109 107 13
112 91 13
113 44 13
113 8 13
114 111 13
114 68 13
116 133 13
117 136 13
122 64 13
122 146 13
123 142 13
124 37 13
124 100 13
126 134 13
132 39 13
141 146 13
143 5 13
146 132 13
149 114 13
150 33 13
0 8 14
0 0 14
2 4 14
2 5 14
4 2 14
4 0 14
4 100 14
4 45 14
4 38 14
7 57 14
7 83 14
7 17 14
8 69 14
10 10 14
10 91 14
13 61 14
15 9 14
17 29 14
17 0 14
18 16 14
18 18 14
20 67 14
22 128 14
23 23 14
23 11 14
26 26 14
27 27 14
27 32 14
30 54 14
31 48 14
33 36 14
33 34 14
33 96 14
34 80 14
36 85 14
37 101 14
38 13 14
40 95 14
40 42 14
42 66 14
43 134 14
49 57 14
50 94 14
50 123 14
51 123 14
51 15 14
53 104 14
53 149 14
55 139 14
55 1 14
60 104 14
64 91 14
66 65 14
67 125 14
68 14 14
68 150 14
70 51 14
70 90 14
70 1 14
70 71 14
72 131 14
74 32 14
75 43 14
75 128 14
76 33 14
77 77 14
78 78 14
80 117 14
86 10 14
87 54 14
87 53 14
97 126 14
98 136 14
99 104 14
101 50 14
103 56 14
105 129 14
106 69 14
110 113 14
113 123 14
114 24 14
116 44 14
117 85 14
120 122 14
125 87 14
129 139 14
138 63 14
142 125 14
145 50 14
145 53 14
146 22 14
146 70 14
147 11 14
148 143 14
150 71 14
0 15 15
0 0 15
0 93 15
1 0 15
3 3 15
3 28 15
4 2 15
4 90 15
6 113 15
7 83 15
7 36 15
7 37 15
7 33 15
7 21 15
7 70 15
8 136 15
10 0 15
10 10 15
11 65 15
12 127 15
14 111 15
15 27 15
15 72 15
16 16 15
16 3 15
16 62 15
16 96 15
17 37 15
17 36 15
17 33 15
17 57 15
17 114 15
17 99 15
18 15 15
18 16 15
18 82 15
18 26 15
19 69 15
19 8 15
20 92 15
20 39 15
20 8 15
21 22 15
21 79 15
21 11 15
21 12 15
22 27 15
23 23 15
23 24 15
23 15 15
24 52 15
25 25 15
25 50 15
26 25 15
26 26 15
26 61 15
26 107 15
27 27 15
27 32 15
28 7 15
29 7 15
29 42 15
29 83 15
29 56 15
31 38 15
33 37 15
33 83 15
33 144 15
33 46 15
34 36 15
34 33 15
34 83 15
35 48 15
35 47 15
36 83 15
37 7 15
37 83 15
37 146 15
37 27 15
39 125 15
40 68 15
41 35 15
44 122 15
45 45 15
45 128 15
46 136 15
50 10 15
52 118 15
55 71 15
55 137 15
57 34 15
57 131 15
58 9 15
60 76 15
61 112 15
62 38 15
64 110 15
66 74 15
67 81 15
68 68 15
69 1 15
69 88 15
69 108 15
69 142 15
70 134 15
71 63 15
74 71 15
77 77 15
77 48 15
78 97 15
78 126 15
79 107 15
81 75 15
81 61 15
81 25 15
81 81 15
81 116 15
82 145 15
83 29 15
83 36 15
84 106 15
84 5 15
85 119 15
85 58 15
86 96 15
86 24 15
88 31 15
89 21 15
89 93 15
89 82 15
90 7 15
91 73 15
91 13 15
92 4 15
92 123 15
94 25 15
95 96 15
95 86 15
95 87 15
96 13 15
98 81 15
99 31 15
99 21 15
101 100 15
105 75 15
107 80 15
108 63 15
108 135 15
111 37 15
114 49 15
115 15 15
115 90 15
117 21 15
117 112 15
119 117 15
121 21 15
125 107 15
126 137 15
126 38 15
127 119 15
128 16 15
128 114 15
133 125 15
133 75 15
134 2 15
134 88 15
136 81 15
136 122 15
137 67 15
137 96 15
137 11 15
138 128 15
139 97 15
140 42 15
140 103 15
140 142 15
141 29 15
141 22 15
141 52 15
142 18 15
143 126 15
143 26 15
144 30 15
146 86 15
148 150 15
149 2 15
0 2 16
0 93 16
0 10 16
0 112 16
0 66 16
1 5 16
2 19 16
3 41 16
5 114 16
6 44 16
7 37 16
7 83 16
7 56 16
7 36 16
7 3 16
7 7 16
7 24 16
8 18 16
8 72 16
9 62 16
10 10 16
11 18 16
11 133 16
11 37 16
13 90 16
14 26 16
15 0 16
15 73 16
17 36 16
17 45 16
18 18 16
18 137 16
19 9 16
19 65 16
19 28 16
19 19 16
19 30 16
20 45 16
21 84 16
21 21 16
21 28 16
21 67 16
21 78 16
22 80 16
23 23 16
24 55 16
25 25 16
26 74 16
26 79 16
26 67 16
27 65 16
28 57 16
29 57 16
30 111 16
30 143 16
32 142 16
32 97 16
33 36 16
33 83 16
34 92 16
34 57 16
36 36 16
37 36 16
37 83 16
37 75 16
38 105 16
39 92 16
41 3 16
41 71 16
42 84 16
43 41 16
44 11 16
45 45 16
45 22 16
45 89 16
45 40 16
46 55 16
46 100 16
47 98 16
48 11 16
48 82 16
48 23 16
48 51 16
48 30 16
49 113 16
50 131 16
52 81 16
53 21 16
55 2 16
55 97 16
55 89 16
56 112 16
57 132 16
58 90 16
61 107 16
61 77 16
62 119 16
63 133 16
64 2 16
71 3 16
71 41 16
71 16 16
72 62 16
73 72 16
74 79 16
74 58 16
74 75 16
75 0 16
75 88 16
77 77 16
78 25 16
81 81 16
83 83 16
83 114 16
84 100 16
85 57 16
85 32 16
88 85 16
88 50 16
89 21 16
89 45 16
89 46 16
91 86 16
91 118 16
92 7 16
93 2 16
94 85 16
94 98 16
94 1 16
97 3 16
98 9 16
101 112 16
102 35 16
102 108 16
102 78 16
103 98 16
104 70 16
104 97 16
107 104 16
107 10 16
108 109 16
108 42 16
110 36 16
113 140 16
115 63 16
116 106 16
116 44 16
120 133 16
122 150 16
123 143 16
123 122 16
127 99 16
127 68 16
130 30 16
130 36 16
130 45 16
132 46 16
134 31 16
135 42 16
137 28 16
142 129 16
143 149 16
143 77 16
145 11 16
145 131 16
146 0 16
147 69 16
148 8 16
150 31 16
150 111 16
0 2 17
0 93 17
0 0 17
0 51 17
0 123 17
0 77 17
2 2 17
4 2 17
6 51 17
7 31 17
7 36 17
7 33 17
7 17 17
7 7 17
7 69 17
7 11 17
7 123 17
7 113 17
8 0 17
8 100 17
8 3 17
9 46 17
9 123 17
10 4 17
10 58 17
11 58 17
11 35 17
11 94 17
12 48 17
13 124 17
13 34 17
14 94 17
14 7 17
15 16 17
16 0 17
16 15 17
17 34 17
17 36 17
17 29 17
17 42 17
17 3 17
17 149 17
18 18 17
18 135 17
18 128 17
19 31 17
19 55 17
19 19 17
19 120 17
19 133 17
20 49 17
20 115 17
21 84 17
21 10 17
21 21 17
21 90 17
22 45 17
22 21 17
22 70 17
23 23 17
24 141 17
25 16 17
26 25 17
26 26 17
26 40 17
26 61 17
26 27 17
26 58 17
28 17 17
29 22 17
29 17 17
29 29 17
29 57 17
29 36 17
29 147 17
33 36 17
33 7 17
33 68 17
33 40 17
33 30 17
34 34 17
34 33 17
34 48 17
35 115 17
35 37 17
35 14 17
36 68 17
36 99 17
38 99 17
39 5 17
41 3 17
41 49 17
41 15 17
42 121 17
43 43 17
45 45 17
45 22 17
45 21 17
45 7 17
45 17 17
47 120 17
49 138 17
50 89 17
51 135 17
52 8 17
52 3 17
53 147 17
54 62 17
54 14 17
54 63 17
54 137 17
55 129 17
57 148 17
57 15 17
57 143 17
57 30 17
58 33 17
59 9 17
59 146 17
60 36 17
61 7 17
62 62 17
62 20 17
62 10 17
62 61 17
65 146 17
66 68 17
67 98 17
68 126 17
69 0 17
69 44 17
69 103 17
70 117 17
71 41 17
71 68 17
72 20 17
74 74 17
74 66 17
74 13 17
74 150 17
75 114 17
75 141 17
77 77 17
78 37 17
78 87 17
80 30 17
81 81 17
82 29 17
82 146 17
82 141 17
83 36 17
83 33 17
83 38 17
84 29 17
85 97 17
87 128 17
88 64 17
88 13 17
89 97 17
89 50 17
89 106 17
89 103 17
89 102 17
89 89 17
90 66 17
92 115 17
92 4 17
93 4 17
93 0 17
93 39 17
97 2 17
98 14 17
100 100 17
100 4 17
103 68 17
104 20 17
104 24 17
105 7 17
107 20 17
107 120 17
107 74 17
110 46 17
111 7 17
112 39 17
113 29 17
114 133 17
114 2 17
114 77 17
115 148 17
115 42 17
116 9 17
117 142 17
119 89 17
119 103 17
120 92 17
121 60 17
121 19 17
123 58 17
123 33 17
126 63 17
126 99 17
127 49 17
127 35 17
127 144 17
131 32 17
131 137 17
133 60 17
133 75 17
136 48 17
137 40 17
138 36 17
139 137 17
139 57 17
139 66 17
140 64 17
140 61 17
143 62 17
143 6 17
144 148 17
145 79 17
147 118 17
149 70 17
149 138 17
149 60 17
150 93 17
150 44 17
0 2 18
0 5 18
0 93 18
0 8 18
0 69 18
0 4 18
0 43 18
0 31 18
1 0 18
1 126 18
2 0 18
2 93 18
2 4 18
4 5 18
4 138 18
4 126 18
5 116 18
6 6 18
6 1 18
6 135 18
7 32 18
7 31 18
7 37 18
7 36 18
7 44 18
7 7 18
7 88 18
7 74 18
7 34 18
8 8 18
8 43 18
9 7 18
9 36 18
10 22 18
10 10 18
10 115 18
10 87 18
10 123 18
11 28 18
11 74 18
11 64 18
11 23 18
11 119 18
11 72 18
12 119 18
12 50 18
13 9 18
13 13 18
13 29 18
13 96 18
13 148 18
15 13 18
16 39 18
17 7 18
17 17 18
18 18 18
18 9 18
19 69 18
19 88 18
19 19 18
20 9 18
20 20 18
21 84 18
21 79 18
21 21 18
21 50 18
21 94 18
21 139 18
21 15 18
21 120 18
22 105 18
22 47 18
23 23 18
25 28 18
25 4 18
25 95 18
25 85 18
26 26 18
26 25 18
26 74 18
26 61 18
26 18 18
27 27 18
28 124 18
28 64 18
29 17 18
29 45 18
29 7 18
29 13 18
29 44 18
29 29 18
29 65 18
29 3 18
30 56 18
30 21 18
30 142 18
31 14 18
32 94 18
32 39 18
33 83 18
33 147 18
34 83 18
34 40 18
35 18 18
35 91 18
35 100 18
37 7 18
37 17 18
37 6 18
37 108 18
39 39 18
39 131 18
40 26 18
40 74 18
40 47 18
40 113 18
40 130 18
41 86 18
41 8 18
41 34 18
42 65 18
43 0 18
43 10 18
43 69 18
43 8 18
43 48 18
45 21 18
45 89 18
45 47 18
45 45 18
45 7 18
45 29 18
46 20 18
47 16 18
47 27 18
47 98 18
47 118 18
47 113 18
48 3 18
48 11 18
48 36 18
48 74 18
51 34 18
52 18 18
52 75 18
52 41 18
52 95 18
54 98 18
54 0 18
54 43 18
54 8 18
54 104 18
54 84 18
55 12 18
57 29 18
57 126 18
58 7 18
58 59 18
60 71 18
60 22 18
61 78 18
61 61 18
61 74 18
61 94 18
62 103 18
62 20 18
62 43 18
63 34 18
63 117 18
64 64 18
64 53 18
66 47 18
67 106 18
68 120 18
68 31 18
68 62 18
68 25 18
69 0 18
69 8 18
69 110 18
70 21 18
70 124 18
70 14 18
71 3 18
71 71 18
72 100 18
72 68 18
73 38 18
74 32 18
74 40 18
74 26 18
74 91 18
74 75 18
75 78 18
75 66 18
75 56 18
77 77 18
77 62 18
78 7 18
79 19 18
80 55 18
80 7 18
80 79 18
81 81 18
82 104 18
83 33 18
83 83 18
83 125 18
85 13 18
85 29 18
88 6 18
89 45 18
89 100 18
89 97 18
89 89 18
89 94 18
89 105 18
91 82 18
91 114 18
91 59 18
92 93 18
93 5 18
93 0 18
93 2 18
93 39 18
93 4 18
93 92 18
94 32 18
95 96 18
95 56 18
96 16 18
97 132 18
98 43 18
98 126 18
99 8 18
99 71 18
100 107 18
100 112 18
101 112 18
107 111 18
108 101 18
109 58 18
111 94 18
112 67 18
112 126 18
114 133 18
116 107 18
118 85 18
119 77 18
120 113 18
120 32 18
120 6 18
121 140 18
124 96 18
127 92 18
127 41 18
128 64 18
129 22 18
129 48 18
131 50 18
134 115 18
135 46 18
135 2 18
137 55 18
138 90 18
139 39 18
141 51 18
141 46 18
141 88 18
144 62 18
145 7 18
145 100 18
145 58 18
146 114 18
146 83 18
148 129 18
148 3 18
148 71 18
149 50 18
150 115 18
0 15 19
0 1 19
0 8 19
0 4 19
0 0 19
0 96 19
0 99 19
1 5 19
2 4 19
2 141 19
3 3 19
3 42 19
4 113 19
5 72 19
5 75 19
6 108 19
7 37 19
7 17 19
8 8 19
8 20 19
8 107 19
8 80 19
9 19 19
9 8 19
9 58 19
10 43 19
10 10 19
10 6 19
10 56 19
10 5 19
10 144 19
10 148 19
11 123 19
12 14 19
12 63 19
12 57 19
12 62 19
12 116 19
12 31 19
13 44 19
13 13 19
13 29 19
14 56 19
15 7 19
16 18 19
16 25 19
16 15 19
16 3 19
16 129 19
17 33 19
17 57 19
17 29 19
17 17 19
17 44 19
18 16 19
18 3 19
18 46 19
18 96 19
18 98 19
18 27 19
18 150 19
19 28 19
19 8 19
19 9 19
19 69 19
19 141 19
20 20 19
20 9 19
20 118 19
22 22 19
22 21 19
22 8 19
22 63 19
22 14 19
22 3 19
22 69 19
23 35 19
23 23 19
23 48 19
24 23 19
24 88 19
25 25 19
26 25 19
26 40 19
26 26 19
26 79 19
27 81 19
27 101 19
29 13 19
29 17 19
29 57 19
29 30 19
31 35 19
32 7 19
32 23 19
33 36 19
33 56 19
34 20 19
35 115 19
36 83 19
37 33 19
37 17 19
37 83 19
37 36 19
37 58 19
38 58 19
38 24 19
38 23 19
38 35 19
38 6 19
39 39 19
40 74 19
40 61 19
40 67 19
40 128 19
41 95 19
43 43 19
43 10 19
44 15 19
45 21 19
45 45 19
45 89 19
45 24 19
47 63 19
48 74 19
49 137 19
49 17 19
50 133 19
50 53 19
53 11 19
53 114 19
53 63 19
53 12 19
55 107 19
56 56 19
56 91 19
56 38 19
57 85 19
57 13 19
57 44 19
57 89 19
58 44 19
58 28 19
61 81 19
61 26 19
61 40 19
62 62 19
62 9 19
62 14 19
64 88 19
64 110 19
65 5 19
66 46 19
66 118 19
66 131 19
67 67 19
67 81 19
68 61 19
68 5 19
69 8 19
69 9 19
69 41 19
70 48 19
70 145 19
71 29 19
71 135 19
72 51 19
73 63 19
74 26 19
74 75 19
74 78 19
74 67 19
74 134 19
77 77 19
78 127 19
79 128 19
81 67 19
82 25 19
83 116 19
84 37 19
84 66 19
85 109 19
85 80 19
86 129 19
86 23 19
88 88 19
88 61 19
89 21 19
89 45 19
89 89 19
89 101 19
89 94 19
89 104 19
89 105 19
89 109 19
89 53 19
89 50 19
89 100 19
89 97 19
89 84 19
89 73 19
90 2 19
92 75 19
93 39 19
93 0 19
93 10 19
93 129 19
95 87 19
95 96 19
96 143 19
97 124 19
100 103 19
100 108 19
100 109 19
100 50 19
100 107 19
100 94 19
100 84 19
100 49 19
101 12 19
101 126 19
102 79 19
102 74 19
103 5 19
103 128 19
104 143 19
106 116 19
107 21 19
107 133 19
107 18 19
107 143 19
108 114 19
108 28 19
108 142 19
109 66 19
110 46 19
111 54 19
111 1 19
113 54 19
114 48 19
114 52 19
115 28 19
116 121 19
117 59 19
120 51 19
120 149 19
120 62 19
121 118 19
122 1 19
125 107 19
125 134 19
125 135 19
126 116 19
127 135 19
128 98 19
128 148 19
129 135 19
131 67 19
131 39 19
132 95 19
132 83 19
133 116 19
133 117 19
133 94 19
133 73 19
134 8 19
134 102 19
134 40 19
134 99 19
135 50 19
135 22 19
140 33 19
141 32 19
142 130 19
142 113 19
144 94 19
145 4 19
146 6 19
146 108 19
146 87 19
147 97 19
148 4 19
148 134 19
148 27 19
0 8 20
0 4 20
0 15 20
0 31 20
0 118 20
0 24 20
2 93 20
2 4 20
3 0 20
4 57 20
4 67 20
5 46 20
6 143 20
7 37 20
7 83 20
7 31 20
8 52 20
9 64 20
10 10 20
11 19 20
11 74 20
11 64 20
11 87 20
11 148 20
12 74 20
13 1 20
14 27 20
16 72 20
16 61 20
16 6 20
17 29 20
17 83 20
17 36 20
17 130 20
17 6 20
18 18 20
18 16 20
18 3 20
18 109 20
19 64 20
19 31 20
19 19 20
19 88 20
19 128 20
20 8 20
20 20 20
20 71 20
21 97 20
21 29 20
21 22 20
21 84 20
21 21 20
21 62 20
21 89 20
21 74 20
21 150 20
22 12 20
23 23 20
23 17 20
23 58 20
24 57 20
26 25 20
26 7 20
26 26 20
27 27 20
27 13 20
28 117 20
29 37 20
30 45 20
30 67 20
31 47 20
31 13 20
32 31 20
33 3 20
33 146 20
33 123 20
34 122 20
34 78 20
34 128 20
34 102 20
34 99 20
35 12 20
36 33 20
37 72 20
38 10 20
39 39 20
42 94 20
43 65 20
44 5 20
45 21 20
45 84 20
45 45 20
45 83 20
45 88 20
45 90 20
47 113 20
48 26 20
48 28 20
51 23 20
52 12 20
54 141 20
56 28 20
56 70 20
57 130 20
57 36 20
59 9 20
59 112 20
59 90 20
60 109 20
60 51 20
62 62 20
62 138 20
62 63 20
64 112 20
64 11 20
65 86 20
67 87 20
70 5 20
71 84 20
72 121 20
73 18 20
74 32 20
74 71 20
74 78 20
74 67 20
75 110 20
75 36 20
77 77 20
77 10 20
78 6 20
78 36 20
79 78 20
80 88 20
80 7 20
81 79 20
81 119 20
83 83 20
83 37 20
85 74 20
86 127 20
87 80 20
87 82 20
88 70 20
89 89 20
89 22 20
89 59 20
89 8 20
89 46 20
90 22 20
91 115 20
92 62 20
93 121 20
93 139 20
93 29 20
94 89 20
94 115 20
95 87 20
95 86 20
96 126 20
96 25 20
97 32 20
97 7 20
98 68 20
99 63 20
99 68 20
99 141 20
100 84 20
100 50 20
100 104 20
100 107 20
100 103 20
101 122 20
102 89 20
103 58 20
103 73 20
104 142 20
104 129 20
105 127 20
105 10 20
106 86 20
106 72 20
107 82 20
107 68 20
107 111 20
108 102 20
108 21 20
110 134 20
110 128 20
111 74 20
113 60 20
113 98 20
115 75 20
115 140 20
117 18 20
117 130 20
119 78 20
119 22 20
123 48 20
129 27 20
129 113 20
129 110 20
129 103 20
131 33 20
131 141 20
132 113 20
132 60 20
133 117 20
133 98 20
134 45 20
135 107 20
135 68 20
137 39 20
137 29 20
140 77 20
141 126 20
141 119 20
141 134 20
145 21 20
145 68 20
146 117 20
148 132 20
148 15 20
150 141 20
150 118 20
150 3 20
0 1 21
0 5 21
0 93 21
0 4 21
0 15 21
0 69 21
0 0 21
0 18 21
0 91 21
1 143 21
2 5 21
2 0 21
2 2 21
2 21 21
3 71 21
3 3 21
4 2 21
4 93 21
4 0 21
4 108 21
5 58 21
6 71 21
6 3 21
6 20 21
7 37 21
7 36 21
7 83 21
7 126 21
8 69 21
9 69 21
9 149 21
9 135 21
10 77 21
10 134 21
11 30 21
11 82 21
12 22 21
12 134 21
12 73 21
12 137 21
13 147 21
13 137 21
14 103 21
15 84 21
16 15 21
16 39 21
16 27 21
17 44 21
17 22 21
17 45 21
17 68 21
18 16 21
18 39 21
18 69 21
18 102 21
19 150 21
19 14 21
21 22 21
21 47 21
21 21 21
22 83 21
23 30 21
23 35 21
23 75 21
24 99 21
24 19 21
25 40 21
25 13 21
26 26 21
26 79 21
26 47 21
26 78 21
26 113 21
26 126 21
27 27 21
28 110 21
28 132 21
28 90 21
29 7 21
29 14 21
30 139 21
30 91 21
30 32 21
32 19 21
33 7 21
35 100 21
37 17 21
37 29 21
37 137 21
38 99 21
39 39 21
39 93 21
39 77 21
39 86 21
40 12 21
42 103 21
44 99 21
45 45 21
45 7 21
45 10 21
45 68 21
46 42 21
47 32 21
48 139 21
49 124 21
51 26 21
51 21 21
52 145 21
54 8 21
54 54 21
54 69 21
54 29 21
55 77 21
55 61 21
55 112 21
55 142 21
57 85 21
58 12 21
58 78 21
61 121 21
62 146 21
64 96 21
65 113 21
66 19 21
66 7 21
66 65 21
67 26 21
68 36 21
68 45 21
69 1 21
69 125 21
70 149 21
70 60 21
71 74 21
71 72 21
73 105 21
73 68 21
74 47 21
75 47 21
76 9 21
76 46 21
76 15 21
76 67 21
77 77 21
77 38 21
78 78 21
78 38 21
78 108 21
78 98 21
81 62 21
81 73 21
83 37 21
83 83 21
85 96 21
86 129 21
86 7 21
86 45 21
87 7 21
88 30 21
88 88 21
88 130 21
89 103 21
89 21 21
89 104 21
89 53 21
89 72 21
89 97 21
89 107 21
89 89 21
91 11 21
91 132 21
91 14 21
92 131 21
93 4 21
93 0 21
94 68 21
95 20 21
95 134 21
95 113 21
95 25 21
95 66 21
98 43 21
100 50 21
101 108 21
102 105 21
103 143 21
103 7 21
104 102 21
104 12 21
105 124 21
106 51 21
106 108 21
107 120 21
108 94 21
108 107 21
108 1 21
109 97 21
109 106 21
109 111 21
109 101 21
109 103 21
112 6 21
112 145 21
112 38 21
113 92 21
113 7 21
113 57 21
116 138 21
117 7 21
117 106 21
117 124 21
121 95 21
121 101 21
122 3 21
122 25 21
125 124 21
126 44 21
128 139 21
132 53 21
133 13 21
133 137 21
133 20 21
134 20 21
140 74 21
140 26 21
140 71 21
141 134 21
142 125 21
146 55 21
147 130 21
148 150 21
148 53 21
0 93 22
0 15 22
0 2 22
0 4 22
0 31 22
0 87 22
0 46 22
0 85 22
1 64 22
1 45 22
2 39 22
2 4 22
2 2 22
2 77 22
3 31 22
4 2 22
4 10 22
4 93 22
4 54 22
5 110 22
5 6 22
6 72 22
6 74 22
6 102 22
7 32 22
7 17 22
7 7 22
7 40 22
8 69 22
8 112 22
8 0 22
9 65 22
10 10 22
10 4 22
10 86 22
10 58 22
10 69 22
11 24 22
11 27 22
12 91 22
12 115 22
12 119 22
13 20 22
13 69 22
14 13 22
15 16 22
15 138 22
15 147 22
16 15 22
16 72 22
16 6 22
17 34 22
17 13 22
17 90 22
18 18 22
18 72 22
18 12 22
18 68 22
19 19 22
19 58 22
19 31 22
19 88 22
19 5 22
20 9 22
20 8 22
20 63 22
20 134 22
21 84 22
21 21 22
21 50 22
21 108 22
22 45 22
22 22 22
22 34 22
23 30 22
24 23 22
24 22 22
25 26 22
25 25 22
26 26 22
26 78 22
26 75 22
26 40 22
26 9 22
27 27 22
27 68 22
27 52 22
28 28 22
28 128 22
29 7 22
29 22 22
29 29 22
29 21 22
29 13 22
29 37 22
31 65 22
31 88 22
31 19 22
33 37 22
33 130 22
34 96 22
34 82 22
36 83 22
36 68 22
36 56 22
36 53 22
37 5 22
37 108 22
37 141 22
38 130 22
39 2 22
39 6 22
39 39 22
41 3 22
42 58 22
43 9 22
43 18 22
45 22 22
45 84 22
45 45 22
45 12 22
45 29 22
45 36 22
45 129 22
48 58 22
49 92 22
51 132 22
51 108 22
52 133 22
52 139 22
52 116 22
53 112 22
53 121 22
53 29 22
54 19 22
54 8 22
56 49 22
57 68 22
57 78 22
59 99 22
60 113 22
61 84 22
61 4 22
62 9 22
63 94 22
64 65 22
64 64 22
64 66 22
64 19 22
64 31 22
64 58 22
66 74 22
66 9 22
66 31 22
67 96 22
68 83 22
68 134 22
69 8 22
70 98 22
70 147 22
71 3 22
72 16 22
72 74 22
72 20 22
72 94 22
74 19 22
74 66 22
74 7 22
74 6 22
74 137 22
74 123 22
76 6 22
76 8 22
76 55 22
76 19 22
76 63 22
77 97 22
77 77 22
77 9 22
78 61 22
78 78 22
78 12 22
80 46 22
81 10 22
82 46 22
82 39 22
83 83 22
83 13 22
85 15 22
85 36 22
85 24 22
86 97 22
86 101 22
86 94 22
87 23 22
88 31 22
88 92 22
88 133 22
88 27 22
89 21 22
89 135 22
90 97 22
90 11 22
90 129 22
91 126 22
91 59 22
91 22 22
91 136 22
92 136 22
92 133 22
92 89 22
93 2 22
93 4 22
93 0 22
94 113 22
94 28 22
95 9 22
96 39 22
97 127 22
97 85 22
98 43 22
98 14 22
98 70 22
98 74 22
99 55 22
100 94 22
100 50 22
100 84 22
100 102 22
100 112 22
101 12 22
101 127 22
103 109 22
103 130 22
104 90 22
105 100 22
105 128 22
106 75 22
107 21 22
107 6 22
107 111 22
108 107 22
108 50 22
108 21 22
108 102 22
108 84 22
108 126 22
109 58 22
109 2 22
112 93 22
112 90 22
112 35 22
112 7 22
113 90 22
113 7 22
115 115 22
115 86 22
116 96 22
117 44 22
117 30 22
117 9 22
117 134 22
118 24 22
118 15 22
118 8 22
119 132 22
122 21 22
122 83 22
123 40 22
123 97 22
124 56 22
125 11 22
126 125 22
126 45 22
127 81 22
128 141 22
128 31 22
128 113 22
130 26 22
130 50 22
131 127 22
131 137 22
131 130 22
132 8 22
132 74 22
132 40 22
133 19 22
135 128 22
135 79 22
136 119 22
138 57 22
138 70 22
139 7 22
140 60 22
141 111 22
141 129 22
141 55 22
141 142 22
141 20 22
141 52 22
142 27 22
142 59 22
144 96 22
144 73 22
145 59 22
146 7 22
148 150 22
0 31 23
0 4 23
0 69 23
1 48 23
1 65 23
2 93 23
2 4 23
2 39 23
2 6 23
2 18 23
3 41 23
3 6 23
3 39 23
4 5 23
4 0 23
4 1 23
4 50 23
4 98 23
4 68 23
4 70 23
4 81 23
5 93 23
5 2 23
6 3 23
7 7 23
7 29 23
7 41 23
7 32 23
7 56 23
7 68 23
7 90 23
7 105 23
8 8 23
8 27 23
8 55 23
8 19 23
8 117 23
8 11 23
8 49 23
8 69 23
9 0 23
10 77 23
10 4 23
10 10 23
10 86 23
11 58 23
11 82 23
11 23 23
12 45 23
12 14 23
13 57 23
13 73 23
13 62 23
14 44 23
14 149 23
14 46 23
15 2 23
15 82 23
15 16 23
15 93 23
16 72 23
16 18 23
16 6 23
16 71 23
16 138 23
16 59 23
17 7 23
17 36 23
17 83 23
17 59 23
18 72 23
18 15 23
18 37 23
18 24 23
19 54 23
19 19 23
19 118 23
20 14 23
20 8 23
20 69 23
20 20 23
21 26 23
21 120 23
21 138 23
22 45 23
22 22 23
22 8 23
22 9 23
22 98 23
23 35 23
23 24 23
23 40 23
23 67 23
24 33 23
24 52 23
25 28 23
25 26 23
26 26 23
26 74 23
26 92 23
26 61 23
26 40 23
26 75 23
26 42 23
28 64 23
28 57 23
28 42 23
29 29 23
29 84 23
30 94 23
31 112 23
32 47 23
32 56 23
33 36 23
33 37 23
33 83 23
36 17 23
36 146 23
36 11 23
36 130 23
36 98 23
37 7 23
37 33 23
38 99 23
38 84 23
38 136 23
39 72 23
39 16 23
39 39 23
41 3 23
41 33 23
41 44 23
42 19 23
44 32 23
45 89 23
45 45 23
45 83 23
45 37 23
45 29 23
45 8 23
47 53 23
49 14 23
49 118 23
49 92 23
50 44 23
51 136 23
51 1 23
51 83 23
52 30 23
52 136 23
54 8 23
54 54 23
54 9 23
54 150 23
55 111 23
56 74 23
56 2 23
57 85 23
57 14 23
57 13 23
57 106 23
58 52 23
58 63 23
59 122 23
59 107 23
60 17 23
61 40 23
61 75 23
61 32 23
61 61 23
61 72 23
61 38 23
61 104 23
61 97 23
61 130 23
61 132 23
62 20 23
62 18 23
62 49 23
63 99 23
64 65 23
64 131 23
64 53 23
65 64 23
66 121 23
68 42 23
69 26 23
69 92 23
69 78 23
69 135 23
70 0 23
71 6 23
71 88 23
71 33 23
72 16 23
72 18 23
72 39 23
72 74 23
74 32 23
74 104 23
74 61 23
74 78 23
74 101 23
76 51 23
76 8 23
76 6 23
76 121 23
76 114 23
76 13 23
76 127 23
77 77 23
77 10 23
77 22 23
79 95 23
80 122 23
81 15 23
82 42 23
82 36 23
83 83 23
83 37 23
83 7 23
83 31 23
84 109 23
84 8 23
84 112 23
85 36 23
85 37 23
85 83 23
85 75 23
85 6 23
87 111 23
87 5 23
88 150 23
88 13 23
89 10 23
89 75 23
90 60 23
90 50 23
91 52 23
93 2 23
93 0 23
93 39 23
93 51 23
93 149 23
94 107 23
94 71 23
94 74 23
95 98 23
95 2 23
96 17 23
96 76 23
96 138 23
97 90 23
97 18 23
98 14 23
99 110 23
99 12 23
99 16 23
100 97 23
100 53 23
100 103 23
100 106 23
100 107 23
100 50 23
100 38 23
100 95 23
100 81 23
101 147 23
101 127 23
102 80 23
102 93 23
102 103 23
102 23 23
103 48 23
103 5 23
103 22 23
105 99 23
106 102 23
107 100 23
107 33 23
107 116 23
108 53 23
108 105 23
108 66 23
108 72 23
108 3 23
109 106 23
109 103 23
109 2 23
109 8 23
110 42 23
110 62 23
111 28 23
113 113 23
113 47 23
113 93 23
113 17 23
114 144 23
114 95 23
114 15 23
115 115 23
115 98 23
115 150 23
115 36 23
117 118 23
117 25 23
117 117 23
118 133 23
118 76 23
118 96 23
118 100 23
119 14 23
119 105 23
120 66 23
120 45 23
122 118 23
124 95 23
126 29 23
126 69 23
127 39 23
128 61 23
129 0 23
129 56 23
131 98 23
132 95 23
133 14 23
133 2 23
135 33 23
135 103 23
136 98 23
136 31 23
137 3 23
137 83 23
137 21 23
138 76 23
138 68 23
141 45 23
143 112 23
144 136 23
148 118 23
149 76 23
149 92 23
0 93 24
0 31 24
0 67 24
1 93 24
1 105 24
1 70 24
1 54 24
2 0 24
2 5 24
2 2 24
2 77 24
2 119 24
3 18 24
3 71 24
3 72 24
3 10 24
4 10 24
4 0 24
4 93 24
4 75 24
4 24 24
5 0 24
5 45 24
6 105 24
8 8 24
8 9 24
8 73 24
8 69 24
9 62 24
9 83 24
9 57 24
10 10 24
10 0 24
11 24 24
13 44 24
13 29 24
13 17 24
13 36 24
13 135 24
13 107 24
13 118 24
14 71 24
14 62 24
14 87 24
14 61 24
16 75 24
16 15 24
16 72 24
17 98 24
17 4 24
17 135 24
17 39 24
17 114 24
18 3 24
18 15 24
18 39 24
18 71 24
18 11 24
18 97 24
19 64 24
19 65 24
19 31 24
19 66 24
19 19 24
19 57 24
20 69 24
20 124 24
21 141 24
22 9 24
22 13 24
22 52 24
22 98 24
22 142 24
23 48 24
23 11 24
23 35 24
23 112 24
23 36 24
23 82 24
24 23 24
24 7 24
25 28 24
25 128 24
26 26 24
26 74 24
28 28 24
29 106 24
30 11 24
30 140 24
30 32 24
31 31 24
31 88 24
32 7 24
32 74 24
32 32 24
32 46 24
32 31 24
33 36 24
33 53 24
33 43 24
34 83 24
34 33 24
34 29 24
35 31 24
35 11 24
35 107 24
36 83 24
36 73 24
37 83 24
37 33 24
37 36 24
37 34 24
37 28 24
37 142 24
38 99 24
38 3 24
39 18 24
39 2 24
39 11 24
39 19 24
39 39 24
39 5 24
39 102 24
39 113 24
40 91 24
41 71 24
41 3 24
41 18 24
41 14 24
41 146 24
42 93 24
42 115 24
42 55 24
44 28 24
44 116 24
45 45 24
45 12 24
45 6 24
45 29 24
45 34 24
45 84 24
45 127 24
45 95 24
46 90 24
46 47 24
47 84 24
47 69 24
48 23 24
48 54 24
48 124 24
48 123 24
50 20 24
51 26 24
51 99 24
51 85 24
52 117 24
52 73 24
53 137 24
54 22 24
56 56 24
56 42 24
57 34 24
57 1 24
57 37 24
58 19 24
60 103 24
60 144 24
61 41 24
62 9 24
63 66 24
64 64 24
64 110 24
65 106 24
65 32 24
65 27 24
66 48 24
68 68 24
68 33 24
68 139 24
68 53 24
69 8 24
69 27 24
69 19 24
69 114 24
69 9 24
69 69 24
69 128 24
69 95 24
70 75 24
71 3 24
72 16 24
72 6 24
72 3 24
72 19 24
72 41 24
73 79 24
74 78 24
74 67 24
74 6 24
74 40 24
74 88 24
76 8 24
76 121 24
76 52 24
76 19 24
76 11 24
76 20 24
76 74 24
76 28 24
76 69 24
76 76 24
76 47 24
76 26 24
76 49 24
76 94 24
76 70 24
76 95 24
76 84 24
76 67 24
76 66 24
76 97 24
76 24 24
76 112 24
76 110 24
76 120 24
76 104 24
76 82 24
76 129 24
76 133 24
76 134 24
76 108 24
76 147 24
77 77 24
77 97 24
78 132 24
78 92 24
79 10 24
80 117 24
80 5 24
81 131 24
81 71 24
81 43 24
81 99 24
83 83 24
83 33 24
83 91 24
84 40 24
85 61 24
85 46 24
86 8 24
87 70 24
87 110 24
87 93 24
87 49 24
88 31 24
88 19 24
88 88 24
88 67 24
89 148 24
90 125 24
91 86 24
91 83 24
92 119 24
92 2 24
93 39 24
93 4 24
93 124 24
94 107 24
94 115 24
95 73 24
96 101 24
96 55 24
97 77 24
97 53 24
98 103 24
99 139 24
100 53 24
104 142 24
107 74 24
108 118 24
109 106 24
112 125 24
112 100 24
113 124 24
113 41 24
113 4 24
113 93 24
113 88 24
115 115 24
115 27 24
115 118 24
115 51 24
116 74 24
116 140 24
116 30 24
117 25 24
117 34 24
118 25 24
118 117 24
118 46 24
120 140 24
123 141 24
124 15 24
125 92 24
125 50 24
125 59 24
125 143 24
126 25 24
127 127 24
127 31 24
127 59 24
128 74 24
128 122 24
129 146 24
129 21 24
130 11 24
132 48 24
132 7 24
132 140 24
133 117 24
134 91 24
134 87 24
135 0 24
136 2 24
136 12 24
137 81 24
137 112 24
138 30 24
139 23 24
139 18 24
139 15 24
140 52 24
141 17 24
141 131 24
143 91 24
144 134 24
144 56 24
144 133 24
146 76 24
147 48 24
147 146 24
147 2 24
147 58 24
148 72 24
148 30 24
149 89 24
0 5 25
0 2 25
0 88 25
1 2 25
1 1 25
1 31 25
1 121 25
2 0 25
2 39 25
2 124 25
2 88 25
2 101 25
3 72 25
3 71 25
3 3 25
3 33 25
4 5 25
4 25 25
4 16 25
5 37 25
5 36 25
5 102 25
7 70 25
7 138 25
7 135 25
7 24 25
9 55 25
10 10 25
10 4 25
10 141 25
10 107 25
10 14 25
11 124 25
11 33 25
13 57 25
13 37 25
14 27 25
15 16 25
15 39 25
15 110 25
15 0 25
15 64 25
16 122 25
16 18 25
17 64 25
17 9 25
17 138 25
18 3 25
18 72 25
18 77 25
18 39 25
18 146 25
19 54 25
19 31 25
19 114 25
19 9 25
19 128 25
19 28 25
19 69 25
20 8 25
21 64 25
21 114 25
22 45 25
22 59 25
23 35 25
23 30 25
23 23 25
24 23 25
28 117 25
28 3 25
28 139 25
29 31 25
29 11 25
30 11 25
30 129 25
34 33 25
34 10 25
35 145 25
36 34 25
36 118 25
36 147 25
37 57 25
38 19 25
39 39 25
39 59 25
39 3 25
39 97 25
40 101 25
40 140 25
40 0 25
41 5 25
41 80 25
42 29 25
44 127 25
44 70 25
45 45 25
45 17 25
45 7 25
46 120 25
47 42 25
48 71 25
48 61 25
50 27 25
51 55 25
51 144 25
54 9 25
54 49 25
54 19 25
54 125 25
55 19 25
55 125 25
55 88 25
56 56 25
56 29 25
56 68 25
56 33 25
56 85 25
56 125 25
56 108 25
57 44 25
57 61 25
57 136 25
57 38 25
57 74 25
58 26 25
58 69 25
58 75 25
58 107 25
59 81 25
60 101 25
60 130 25
60 61 25
61 46 25
62 19 25
64 33 25
64 76 25
65 35 25
66 53 25
68 68 25
68 37 25
68 108 25
69 8 25
71 86 25
72 3 25
72 74 25
72 39 25
74 141 25
74 108 25
75 37 25
75 11 25
76 62 25
76 46 25
76 55 25
76 51 25
76 141 25
77 97 25
77 77 25
77 18 25
77 147 25
80 89 25
81 60 25
81 117 25
82 11 25
82 102 25
82 145 25
83 83 25
83 33 25
83 119 25
83 70 25
84 134 25
85 139 25
85 60 25
85 140 25
86 95 25
86 3 25
88 19 25
88 65 25
88 88 25
88 31 25
88 3 25
89 13 25
89 52 25
89 100 25
90 88 25
91 144 25
91 36 25
91 118 25
91 87 25
92 15 25
92 17 25
93 5 25
93 39 25
93 136 25
93 106 25
94 22 25
95 138 25
95 5 25
98 14 25
98 17 25
99 63 25
100 87 25
100 45 25
102 97 25
102 46 25
103 4 25
104 55 25
106 97 25
106 60 25
107 94 25
107 50 25
107 104 25
107 105 25
107 106 25
107 149 25
107 69 25
107 128 25
108 97 25
108 143 25
109 58 25
109 94 25
112 91 25
112 28 25
114 14 25
114 117 25
114 110 25
117 108 25
118 3 25
118 58 25
118 143 25
119 105 25
120 65 25
121 112 25
121 59 25
121 49 25
122 104 25
124 124 25
124 149 25
125 25 25
125 139 25
125 92 25
125 35 25
125 78 25
125 23 25
126 16 25
126 92 25
126 112 25
126 123 25
126 51 25
127 127 25
127 40 25
128 45 25
128 113 25
128 67 25
128 50 25
128 42 25
129 23 25
130 51 25
132 92 25
133 27 25
133 76 25
134 133 25
134 121 25
134 27 25
134 110 25
134 57 25
134 142 25
136 44 25
137 47 25
138 60 25
138 86 25
138 95 25
138 37 25
139 19 25
139 68 25
140 82 25
141 10 25
141 96 25
142 101 25
143 14 25
145 148 25
146 29 25
146 44 25
147 29 25
148 54 25
148 17 25
148 120 25
148 51 25
149 142 25
149 150 25
149 125 25
1 5 26
1 18 26
1 62 26
1 31 26
3 71 26
3 18 26
3 6 26
5 1 26
5 93 26
5 2 26
6 74 26
7 86 26
7 96 26
7 110 26
7 136 26
7 22 26
7 144 26
7 45 26
7 27 26
7 52 26
8 140 26
8 8 26
8 128 26
8 51 26
8 6 26
8 117 26
8 148 26
9 87 26
10 77 26
11 0 26
12 143 26
14 136 26
15 107 26
17 37 26
17 44 26
17 17 26
18 3 26
18 117 26
18 118 26
18 18 26
18 83 26
18 144 26
18 54 26
18 40 26
19 93 26
19 147 26
19 76 26
19 149 26
20 8 26
20 26 26
21 3 26
22 9 26
22 8 26
22 22 26
22 117 26
22 110 26
22 111 26
23 117 26
23 71 26
25 89 26
25 29 26
26 71 26
26 58 26
27 25 26
29 132 26
29 63 26
31 19 26
31 65 26
31 64 26
31 113 26
32 31 26
32 139 26
32 97 26
33 37 26
33 137 26
34 36 26
34 29 26
34 30 26
34 78 26
34 18 26
35 103 26
36 36 26
36 81 26
37 92 26
38 146 26
38 113 26
39 72 26
39 103 26
39 133 26
39 116 26
39 93 26
42 98 26
43 79 26
44 67 26
45 22 26
45 9 26
45 8 26
45 45 26
45 144 26
45 143 26
45 50 26
45 27 26
45 127 26
46 133 26
47 45 26
47 51 26
48 106 26
49 80 26
50 120 26
50 35 26
51 134 26
51 145 26
53 113 26
54 30 26
55 65 26
56 29 26
56 56 26
56 83 26
56 87 26
56 102 26
57 44 26
57 28 26
60 140 26
61 83 26
61 4 26
62 9 26
62 39 26
62 62 26
63 130 26
66 22 26
68 83 26
68 37 26
68 34 26
69 92 26
69 144 26
70 114 26
70 115 26
72 18 26
72 3 26
72 8 26
73 112 26
73 97 26
74 128 26
74 32 26
74 92 26
74 93 26
74 62 26
75 56 26
77 14 26
77 54 26
77 17 26
77 56 26
78 106 26
78 138 26
80 88 26
80 118 26
81 104 26
81 3 26
82 86 26
83 83 26
83 33 26
83 37 26
83 34 26
83 131 26
87 133 26
87 96 26
88 49 26
88 32 26
90 66 26
93 23 26
93 91 26
95 86 26
95 46 26
95 138 26
97 104 26
97 50 26
97 94 26
97 81 26
97 80 26
97 91 26
98 5 26
98 57 26
99 61 26
100 106 26
100 102 26
100 103 26
100 11 26
100 88 26
101 95 26
103 100 26
103 136 26
103 112 26
104 43 26
104 88 26
104 76 26
105 2 26
106 108 26
106 148 26
106 86 26
106 63 26
106 73 26
107 94 26
108 94 26
108 102 26
108 81 26
109 100 26
109 97 26
109 45 26
111 108 26
112 20 26
112 82 26
114 14 26
114 56 26
114 10 26
114 131 26
114 87 26
115 81 26
115 37 26
118 55 26
118 30 26
118 135 26
119 81 26
120 32 26
122 51 26
123 110 26
124 85 26
125 88 26
125 30 26
126 130 26
126 3 26
127 127 26
127 136 26
127 82 26
127 132 26
128 74 26
128 121 26
128 98 26
128 100 26
130 35 26
130 70 26
130 127 26
131 2 26
132 105 26
132 89 26
134 8 26
134 90 26
134 7 26
134 22 26
134 108 26
135 136 26
135 101 26
137 5 26
137 2 26
138 60 26
138 86 26
138 91 26
138 84 26
138 30 26
138 50 26
138 79 26
139 100 26
140 2 26
140 137 26
140 0 26
140 1 26
141 45 26
141 113 26
142 142 26
142 121 26
143 143 26
144 22 26
146 123 26
146 3 26
147 129 26
148 134 26
150 78 26
150 23 26
1 0 27
1 5 27
1 39 27
1 18 27
1 72 27
1 90 27
2 137 27
2 93 27
2 37 27
2 82 27
3 6 27
3 71 27
3 3 27
3 110 27
3 0 27
4 30 27
5 137 27
5 4 27
5 52 27
5 26 27
6 3 27
6 74 27
6 135 27
7 6 27
7 138 27
7 86 27
7 60 27
7 133 27
7 90 27
7 95 27
7 27 27
7 135 27
7 110 27
7 46 27
7 136 27
7 17 27
7 112 27
8 8 27
8 90 27
8 129 27
8 81 27
8 45 27
8 125 27
9 14 27
9 20 27
9 114 27
9 8 27
10 141 27
10 77 27
10 10 27
10 109 27
11 17 27
12 45 27
12 140 27
12 9 27
12 54 27
12 98 27
12 143 27
12 63 27
12 8 27
12 62 27
12 33 27
13 14 27
13 62 27
13 57 27
13 63 27
13 17 27
13 44 27
13 81 27
13 43 27
13 24 27
14 22 27
14 9 27
14 63 27
14 114 27
14 128 27
14 20 27
14 62 27
14 140 27
14 8 27
14 14 27
14 29 27
14 17 27
14 37 27
14 134 27
14 6 27
14 144 27
15 134 27
15 56 27
16 29 27
16 64 27
17 37 27
17 33 27
17 82 27
18 112 27
18 5 27
18 41 27
18 72 27
18 122 27
18 1 27
18 118 27
18 53 27
18 40 27
18 8 27
19 72 27
19 19 27
19 31 27
19 64 27
19 66 27
20 30 27
20 20 27
20 95 27
20 97 27
21 11 27
21 88 27
22 45 27
22 144 27
22 143 27
22 22 27
23 35 27
23 82 27
23 114 27
24 90 27
24 124 27
26 60 27
26 72 27
27 27 27
27 90 27
27 66 27
28 28 27
28 1 27
28 74 27
29 47 27
30 125 27
31 19 27
31 133 27
31 87 27
32 21 27
33 37 27
33 56 27
34 83 27
34 33 27
34 37 27
34 17 27
34 42 27
34 34 27
34 68 27
34 38 27
36 33 27
36 83 27
36 34 27
36 149 27
37 85 27
37 11 27
37 41 27
37 114 27
38 15 27
39 18 27
39 72 27
41 3 27
41 146 27
41 41 27
42 96 27
42 25 27
42 89 27
43 67 27
44 33 27
44 83 27
44 120 27
44 23 27
44 53 27
45 22 27
45 144 27
45 143 27
45 141 27
45 45 27
45 9 27
45 8 27
45 99 27
46 55 27
46 47 27
46 112 27
46 81 27
46 87 27
46 64 27
47 79 27
48 45 27
48 150 27
49 71 27
49 78 27
50 104 27
50 82 27
51 79 27
51 74 27
51 146 27
53 141 27
54 79 27
55 51 27
55 39 27
55 46 27
55 30 27
55 143 27
55 145 27
55 147 27
55 103 27
56 56 27
56 17 27
56 37 27
57 85 27
57 57 27
57 5 27
58 107 27
58 100 27
59 17 27
60 99 27
61 55 27
62 145 27
62 125 27
63 13 27
63 57 27
63 63 27
63 98 27
63 44 27
63 120 27
63 8 27
63 27 27
63 88 27
63 91 27
63 95 27
63 30 27
63 69 27
63 134 27
63 11 27
63 124 27
63 32 27
63 52 27
63 19 27
63 86 27
63 73 27
63 80 27
63 101 27
63 20 27
63 125 27
63 22 27
63 127 27
63 140 27
63 65 27
63 68 27
65 144 27
65 57 27
66 133 27
66 7 27
66 128 27
66 114 27
66 95 27
66 97 27
66 26 27
67 127 27
67 17 27
68 37 27
68 34 27
68 85 27
68 36 27
69 64 27
69 88 27
69 112 27
70 134 27
71 91 27
72 39 27
72 2 27
72 3 27
72 71 27
72 75 27
72 34 27
73 133 27
73 0 27
74 113 27
74 32 27
74 40 27
74 47 27
74 130 27
74 67 27
74 92 27
74 74 27
74 6 27
74 84 27
74 117 27
75 10 27
75 116 27
75 27 27
76 117 27
76 112 27
77 108 27
77 37 27
77 119 27
77 134 27
77 42 27
79 45 27
80 108 27
80 137 27
80 43 27
80 15 27
81 82 27
81 26 27
81 74 27
81 81 27
81 25 27
81 61 27
81 112 27
81 46 27
81 18 27
82 71 27
82 105 27
83 83 27
83 34 27
83 33 27
84 70 27
84 149 27
84 98 27
86 24 27
86 89 27
86 146 27
86 63 27
87 107 27
87 56 27
87 72 27
89 133 27
91 150 27
91 129 27
91 142 27
92 72 27
92 17 27
93 86 27
94 108 27
95 86 27
95 73 27
95 150 27
96 13 27
96 102 27
97 100 27
97 97 27
97 109 27
97 36 27
97 22 27
98 69 27
99 127 27
100 97 27
100 108 27
100 105 27
100 39 27
100 86 27
101 4 27
101 116 27
101 143 27
101 122 27
102 108 27
102 58 27
102 69 27
103 62 27
103 134 27
104 77 27
105 45 27
105 108 27
105 150 27
106 108 27
106 107 27
106 100 27
106 103 27
107 105 27
107 97 27
107 109 27
108 94 27
108 50 27
108 43 27
109 87 27
109 126 27
109 11 27
110 133 27
110 52 27
110 136 27
111 94 27
111 97 27
111 100 27
111 30 27
112 122 27
112 42 27
113 118 27
113 91 27
113 114 27
114 9 27
114 62 27
114 53 27
114 125 27
115 86 27
116 118 27
116 20 27
117 8 27
117 83 27
117 30 27
117 113 27
118 115 27
118 32 27
118 98 27
119 142 27
119 120 27
119 94 27
119 39 27
120 17 27
120 46 27
120 25 27
121 5 27
122 51 27
122 73 27
122 139 27
122 111 27
123 65 27
124 126 27
125 114 27
125 45 27
126 37 27
126 25 27
127 127 27
127 9 27
127 134 27
127 137 27
127 118 27
127 32 27
128 131 27
128 141 27
128 130 27
128 81 27
128 51 27
128 124 27
129 22 27
129 40 27
130 112 27
130 100 27
133 27 27
133 134 27
133 95 27
133 9 27
134 90 27
134 138 27
134 8 27
134 78 27
134 101 27
135 122 27
135 26 27
135 70 27
135 79 27
137 5 27
137 0 27
137 1 27
137 137 27
137 77 27
137 8 27
138 91 27
138 84 27
138 134 27
138 48 27
138 17 27
139 125 27
139 30 27
139 130 27
139 136 27
140 2 27
140 77 27
140 43 27
140 137 27
140 18 27
140 1 27
140 140 27
140 5 27
140 93 27
140 9 27
140 65 27
140 114 27
141 17 27
141 140 27
141 144 27
141 109 27
142 142 27
142 47 27
143 143 27
143 134 27
143 29 27
143 44 27
143 0 27
143 148 27
143 6 27
143 33 27
143 104 27
144 140 27
144 45 27
144 143 27
144 141 27
144 7 27
144 53 27
144 144 27
144 10 27
144 94 27
144 112 27
144 100 27
145 106 27
145 113 27
147 43 27
147 109 27
147 42 27
148 72 27
149 106 27
0 137 28
0 134 28
0 93 28
0 1 28
0 5 28
0 29 28
1 2 28
1 5 28
1 137 28
1 39 28
1 10 28
1 24 28
1 73 28
1 4 28
1 43 28
2 72 28
2 1 28
2 137 28
2 0 28
3 71 28
3 15 28
3 79 28
4 59 28
5 1 28
5 2 28
5 149 28
5 96 28
6 39 28
6 6 28
6 146 28
6 8 28
7 44 28
7 144 28
7 123 28
8 62 28
8 20 28
8 114 28
8 8 28
8 6 28
8 71 28
8 69 28
8 128 28
8 19 28
8 121 28
8 133 28
8 90 28
8 55 28
8 82 28
8 47 28
8 65 28
8 146 28
8 119 28
8 147 28
8 92 28
8 16 28
9 143 28
9 114 28
9 8 28
9 108 28
9 66 28
10 10 28
10 137 28
10 77 28
10 141 28
11 118 28
13 63 28
14 62 28
14 91 28
15 66 28
16 21 28
16 46 28
17 13 28
17 57 28
17 44 28
17 34 28
17 29 28
17 42 28
18 39 28
18 72 28
19 72 28
19 114 28
19 31 28
19 65 28
19 69 28
19 64 28
19 38 28
19 15 28
20 142 28
20 8 28
20 54 28
21 81 28
22 143 28
22 22 28
22 134 28
22 8 28
22 141 28
22 9 28
22 107 28
23 30 28
23 48 28
23 56 28
24 105 28
25 26 28
25 118 28
25 124 28
25 117 28
25 110 28
26 25 28
26 74 28
26 75 28
26 127 28
26 81 28
28 117 28
28 135 28
28 37 28
29 29 28
29 17 28
29 42 28
29 114 28
29 123 28
30 125 28
31 72 28
31 19 28
32 61 28
32 84 28
32 104 28
32 40 28
33 34 28
33 68 28
33 42 28
33 56 28
33 84 28
33 120 28
33 97 28
33 21 28
33 9 28
34 83 28
34 37 28
34 116 28
34 17 28
34 42 28
34 85 28
34 0 28
35 131 28
35 140 28
36 83 28
36 73 28
36 58 28
36 12 28
37 111 28
38 100 28
38 140 28
39 72 28
39 18 28
39 41 28
39 58 28
41 18 28
41 3 28
41 71 28
41 40 28
41 88 28
41 94 28
42 137 28
42 37 28
42 34 28
42 116 28
42 30 28
42 71 28
43 143 28
43 101 28
43 38 28
43 65 28
44 57 28
44 13 28
44 106 28
44 10 28
44 147 28
45 8 28
45 143 28
45 6 28
45 141 28
45 9 28
45 53 28
45 84 28
45 45 28
45 19 28
45 137 28
45 20 28
46 26 28
46 67 28
46 123 28
46 134 28
46 108 28
48 23 28
49 123 28
50 104 28
50 134 28
50 37 28
50 105 28
51 84 28
52 18 28
53 57 28
53 8 28
53 131 28
54 3 28
55 30 28
55 98 28
56 56 28
56 37 28
56 34 28
56 33 28
56 68 28
56 17 28
56 148 28
56 13 28
57 85 28
57 37 28
57 17 28
57 2 28
57 51 28
58 101 28
58 54 28
59 2 28
59 113 28
59 17 28
60 86 28
61 74 28
62 127 28
63 43 28
63 94 28
63 69 28
64 31 28
65 42 28
65 135 28
65 141 28
67 95 28
67 15 28
68 56 28
68 33 28
68 37 28
68 83 28
68 68 28
68 36 28
68 135 28
69 66 28
69 141 28
71 146 28
71 150 28
71 78 28
71 135 28
72 39 28
72 92 28
72 2 28
72 74 28
72 6 28
72 19 28
72 146 28
72 83 28
73 57 28
73 45 28
74 32 28
74 40 28
74 26 28
74 67 28
74 130 28
74 128 28
74 113 28
74 50 28
74 88 28
75 80 28
77 21 28
77 87 28
78 10 28
78 67 28
78 91 28
79 55 28
79 97 28
81 25 28
81 121 28
81 82 28
81 39 28
81 26 28
81 81 28
82 57 28
83 83 28
83 34 28
83 37 28
83 116 28
83 115 28
84 141 28
85 37 28
85 51 28
86 111 28
87 91 28
87 7 28
87 52 28
87 46 28
87 21 28
88 88 28
88 66 28
88 19 28
88 64 28
88 65 28
88 93 28
88 138 28
89 86 28
90 81 28
91 91 28
91 100 28
92 126 28
92 146 28
92 111 28
92 31 28
93 5 28
93 0 28
93 35 28
93 99 28
94 107 28
94 16 28
94 150 28
94 8 28
94 113 28
94 26 28
95 73 28
95 86 28
96 96 28
96 86 28
96 95 28
96 136 28
96 138 28
97 119 28
97 103 28
97 123 28
97 109 28
97 97 28
97 53 28
97 30 28
97 86 28
98 17 28
98 141 28
98 37 28
98 16 28
99 118 28
99 51 28
99 114 28
99 123 28
100 74 28
101 60 28
101 108 28
101 46 28
101 27 28
101 127 28
102 121 28
102 43 28
102 49 28
103 70 28
104 97 28
105 26 28
106 108 28
106 20 28
107 50 28
107 105 28
108 94 28
108 106 28
108 88 28
108 21 28
109 97 28
109 117 28
110 2 28
110 131 28
111 147 28
112 92 28
112 23 28
112 142 28
113 128 28
113 47 28
113 56 28
114 9 28
114 62 28
115 83 28
115 72 28
116 116 28
116 34 28
116 115 28
116 24 28
116 101 28
117 118 28
117 126 28
117 28 28
117 25 28
117 29 28
119 32 28
120 4 28
121 124 28
122 122 28
122 60 28
122 69 28
122 79 28
122 136 28
123 61 28
123 72 28
123 1 28
123 3 28
124 135 28
124 91 28
125 139 28
125 25 28
125 30 28
125 42 28
125 44 28
127 127 28
127 92 28
129 74 28
129 21 28
129 94 28
130 80 28
130 2 28
131 10 28
133 72 28
133 97 28
133 94 28
134 22 28
134 144 28
134 52 28
134 91 28
134 87 28
134 90 28
134 133 28
134 138 28
134 8 28
134 142 28
134 121 28
134 60 28
134 128 28
135 27 28
135 93 28
136 8 28
137 8 28
137 93 28
137 5 28
137 2 28
137 1 28
137 137 28
137 108 28
138 60 28
138 91 28
138 87 28
138 142 28
138 134 28
139 14 28
140 17 28
140 141 28
140 106 28
141 45 28
141 140 28
141 143 28
141 98 28
141 10 28
141 53 28
141 46 28
141 95 28
142 20 28
142 134 28
142 90 28
142 133 28
142 36 28
143 140 28
143 114 28
143 13 28
143 98 28
143 62 28
143 143 28
143 12 28
143 63 28
143 78 28
143 101 28
144 22 28
144 143 28
144 10 28
144 141 28
146 40 28
146 71 28
146 22 28
146 11 28
147 87 28
147 38 28
147 28 28
148 90 28
148 135 28
149 30 28
149 25 28
150 2 28
0 5 29
0 137 29
0 93 29
0 1 29
0 19 29
0 31 29
0 39 29
0 18 29
0 118 29
1 137 29
1 2 29
1 39 29
1 5 29
1 93 29
1 0 29
1 3 29
1 10 29
1 1 29
1 142 29
2 1 29
2 93 29
2 72 29
2 5 29
2 39 29
2 22 29
2 128 29
3 6 29
3 18 29
3 146 29
3 39 29
3 3 29
3 86 29
3 65 29
3 5 29
3 126 29
4 64 29
4 121 29
4 49 29
4 42 29
5 137 29
5 2 29
5 39 29
5 18 29
5 125 29
6 71 29
6 8 29
6 46 29
6 45 29
6 55 29
6 74 29
6 128 29
6 47 29
8 6 29
8 20 29
8 114 29
8 44 29
8 8 29
8 140 29
8 134 29
8 69 29
8 54 29
8 143 29
8 62 29
8 137 29
8 72 29
10 10 29
10 91 29
10 137 29
10 141 29
10 1 29
10 100 29
10 81 29
11 121 29
11 74 29
11 129 29
11 143 29
12 140 29
12 63 29
12 54 29
12 62 29
12 98 29
12 13 29
12 143 29
12 8 29
12 39 29
13 9 29
13 17 29
13 98 29
13 57 29
13 117 29
13 41 29
13 27 29
13 111 29
13 49 29
14 81 29
15 45 29
16 117 29
16 137 29
16 121 29
16 34 29
17 37 29
17 17 29
17 34 29
17 42 29
17 36 29
17 115 29
17 56 29
17 98 29
17 44 29
17 141 29
17 13 29
17 50 29
18 39 29
18 72 29
18 3 29
18 122 29
18 71 29
18 18 29
18 6 29
18 5 29
18 140 29
19 88 29
19 72 29
19 66 29
19 64 29
19 31 29
19 114 29
19 38 29
19 82 29
19 54 29
19 121 29
19 74 29
20 127 29
20 143 29
20 13 29
20 98 29
20 57 29
20 63 29
20 114 29
20 138 29
20 60 29
20 30 29
20 125 29
20 112 29
20 39 29
20 81 29
20 122 29
20 82 29
20 91 29
20 86 29
20 28 29
20 126 29
20 117 29
20 67 29
20 40 29
20 129 29
20 128 29
20 70 29
20 27 29
20 11 29
20 31 29
20 19 29
20 64 29
20 66 29
20 65 29
20 92 29
20 20 29
20 14 29
20 77 29
21 80 29
21 96 29
22 22 29
22 143 29
22 45 29
22 144 29
22 8 29
23 24 29
23 55 29
23 38 29
23 48 29
23 132 29
23 77 29
23 85 29
24 1 29
24 21 29
24 14 29
24 53 29
24 49 29
25 26 29
25 76 29
26 74 29
26 146 29
26 81 29
26 20 29
26 38 29
26 65 29
27 27 29
27 134 29
27 90 29
27 73 29
28 118 29
28 126 29
28 124 29
28 25 29
28 63 29
28 19 29
29 83 29
29 34 29
29 29 29
29 68 29
29 44 29
29 17 29
29 57 29
29 143 29
29 37 29
30 125 29
30 38 29
30 48 29
30 82 29
30 30 29
30 55 29
30 11 29
30 23 29
30 24 29
30 132 29
30 46 29
30 93 29
30 149 29
31 64 29
31 31 29
31 19 29
31 112 29
32 40 29
32 47 29
32 88 29
32 31 29
32 131 29
32 121 29
32 6 29
32 104 29
32 84 29
32 72 29
32 67 29
32 11 29
32 61 29
32 26 29
32 74 29
32 82 29
33 85 29
33 34 29
33 116 29
33 115 29
33 83 29
33 29 29
33 42 29
33 150 29
33 104 29
34 115 29
34 116 29
34 37 29
34 29 29
34 42 29
34 83 29
34 17 29
34 85 29
34 14 29
34 111 29
36 42 29
36 37 29
36 56 29
36 17 29
36 85 29
36 83 29
36 109 29
36 47 29
36 30 29
37 33 29
37 34 29
37 115 29
37 42 29
37 85 29
37 36 29
37 89 29
38 4 29
38 65 29
39 93 29
39 72 29
39 121 29
39 39 29
39 55 29
40 84 29
40 47 29
40 67 29
40 130 29
41 123 29
42 62 29
42 80 29
43 141 29
43 43 29
43 131 29
43 72 29
43 49 29
43 113 29
43 15 29
44 37 29
44 57 29
44 29 29
44 86 29
44 117 29
45 22 29
45 144 29
45 143 29
45 6 29
45 45 29
45 8 29
45 9 29
45 84 29
45 42 29
45 34 29
45 130 29
46 113 29
46 40 29
46 67 29
46 47 29
46 6 29
46 51 29
46 79 29
46 77 29
46 101 29
46 149 29
47 113 29
47 128 29
47 112 29
47 64 29
48 23 29
49 115 29
51 114 29
51 121 29
52 91 29
52 142 29
52 13 29
53 57 29
53 115 29
54 19 29
54 54 29
54 13 29
54 79 29
55 55 29
55 82 29
55 11 29
55 106 29
55 62 29
56 29 29
56 56 29
56 83 29
56 68 29
57 85 29
57 20 29
57 143 29
57 37 29
57 116 29
57 13 29
57 17 29
57 57 29
57 41 29
57 70 29
57 82 29
58 22 29
58 86 29
58 106 29
58 92 29
58 39 29
58 20 29
59 0 29
59 37 29
59 126 29
60 92 29
61 74 29
61 81 29
61 40 29
61 26 29
61 32 29
61 130 29
61 134 29
61 45 29
62 62 29
62 20 29
62 127 29
62 63 29
62 9 29
62 44 29
62 64 29
63 73 29
63 143 29
63 22 29
63 13 29
63 60 29
63 78 29
64 65 29
64 31 29
64 82 29
64 55 29
64 131 29
65 19 29
65 129 29
65 72 29
65 57 29
66 135 29
66 116 29
66 113 29
67 67 29
67 92 29
67 123 29
68 29 29
68 56 29
68 83 29
68 101 29
68 131 29
69 19 29
69 137 29
69 66 29
70 52 29
70 36 29
70 45 29
71 3 29
71 6 29
71 39 29
71 41 29
71 144 29
71 67 29
71 71 29
71 133 29
72 19 29
72 39 29
72 6 29
72 18 29
72 72 29
72 146 29
72 3 29
72 105 29
72 65 29
72 117 29
73 63 29
73 110 29
73 27 29
73 14 29
73 54 29
74 113 29
74 47 29
74 40 29
74 67 29
74 61 29
74 25 29
74 32 29
74 6 29
74 92 29
74 128 29
74 46 29
74 72 29
74 104 29
74 11 29
74 112 29
74 81 29
74 121 29
74 117 29
74 36 29
74 33 29
75 60 29
75 117 29
75 6 29
76 110 29
76 11 29
76 148 29
77 3 29
77 10 29
77 89 29
77 137 29
78 38 29
78 129 29
78 22 29
78 14 29
78 112 29
79 94 29
79 97 29
79 50 29
81 39 29
81 121 29
81 82 29
81 26 29
81 81 29
81 67 29
81 59 29
81 35 29
82 131 29
82 68 29
82 34 29
83 83 29
83 115 29
83 33 29
83 34 29
83 37 29
83 23 29
85 57 29
85 37 29
85 44 29
85 29 29
85 116 29
85 83 29
85 131 29
86 95 29
86 33 29
86 119 29
86 22 29
87 91 29
87 15 29
87 143 29
87 10 29
88 88 29
88 65 29
88 19 29
88 30 29
88 125 29
88 8 29
89 13 29
90 14 29
90 96 29
90 59 29
91 91 29
91 142 29
91 141 29
92 74 29
92 26 29
92 40 29
92 67 29
92 115 29
92 125 29
92 118 29
93 39 29
93 5 29
93 0 29
93 2 29
93 109 29
93 75 29
94 84 29
94 97 29
94 144 29
95 86 29
95 136 29
95 84 29
95 116 29
95 30 29
96 96 29
96 44 29
97 97 29
97 109 29
97 123 29
97 119 29
97 100 29
97 23 29
97 61 29
98 17 29
98 63 29
98 43 29
98 44 29
98 37 29
98 13 29
98 5 29
98 100 29
98 131 29
99 141 29
100 94 29
100 107 29
100 119 29
100 109 29
100 102 29
100 106 29
100 130 29
101 101 29
101 58 29
102 111 29
103 38 29
103 67 29
104 143 29
105 1 29
105 106 29
105 28 29
106 97 29
106 100 29
106 102 29
106 118 29
106 71 29
106 98 29
107 94 29
107 50 29
107 144 29
108 107 29
108 100 29
108 106 29
108 13 29
108 120 29
108 9 29
109 142 29
110 44 29
111 100 29
111 111 29
111 103 29
111 119 29
111 123 29
111 31 29
111 90 29
112 8 29
112 121 29
112 31 29
112 11 29
112 76 29
112 39 29
112 5 29
112 137 29
114 9 29
114 19 29
114 8 29
114 114 29
114 51 29
114 63 29
114 120 29
115 33 29
115 112 29
116 37 29
116 34 29
116 116 29
116 83 29
116 85 29
116 33 29
116 89 29
117 24 29
117 129 29
117 118 29
117 25 29
117 9 29
117 29 29
118 124 29
118 25 29
121 74 29
121 117 29
121 121 29
121 19 29
121 112 29
121 92 29
122 112 29
122 18 29
122 39 29
122 53 29
122 78 29
122 9 29
123 54 29
123 135 29
124 25 29
124 51 29
124 28 29
124 125 29
125 30 29
125 88 29
125 139 29
125 32 29
125 121 29
125 81 29
125 80 29
125 104 29
125 19 29
126 25 29
126 110 29
127 127 29
127 69 29
127 43 29
128 74 29
128 35 29
128 32 29
128 138 29
128 3 29
129 129 29
129 117 29
129 19 29
129 10 29
130 67 29
130 26 29
130 79 29
130 1 29
131 24 29
131 66 29
132 30 29
132 94 29
132 80 29
132 131 29
133 39 29
133 71 29
134 142 29
134 8 29
134 10 29
134 91 29
134 77 29
134 138 29
134 34 29
135 90 29
135 73 29
136 134 29
136 54 29
137 1 29
137 140 29
137 0 29
137 93 29
137 137 29
137 10 29
137 97 29
138 60 29
138 137 29
138 146 29
138 26 29
139 125 29
139 139 29
139 142 29
140 12 29
140 43 29
140 141 29
140 77 29
140 3 29
140 98 29
140 8 29
140 136 29
140 69 29
141 98 29
141 141 29
141 140 29
141 8 29
141 62 29
141 108 29
142 142 29
142 27 29
142 88 29
142 91 29
142 20 29
142 134 29
143 22 29
143 43 29
143 128 29
143 63 29
143 13 29
143 143 29
143 9 29
143 98 29
143 12 29
143 107 29
144 22 29
144 141 29
144 143 29
144 144 29
145 145 29
145 146 29
146 3 29
146 6 29
146 39 29
146 71 29
146 67 29
146 75 29
147 147 29
147 41 29
147 120 29
149 112 29
149 50 29
149 132 29
149 8 29
149 147 29
150 145 29
0 19 30
0 10 30
0 137 30
0 1 30
0 78 30
0 34 30
0 81 30
1 0 30
1 2 30
1 10 30
1 3 30
1 1 30
1 137 30
1 93 30
1 5 30
1 104 30
1 60 30
1 6 30
2 0 30
2 39 30
2 5 30
2 137 30
2 10 30
2 134 30
3 18 30
3 146 30
3 72 30
3 3 30
3 140 30
3 6 30
4 130 30
4 13 30
5 0 30
5 137 30
5 1 30
5 93 30
5 2 30
5 39 30
5 43 30
5 58 30
6 39 30
6 45 30
6 72 30
6 144 30
6 146 30
6 141 30
6 56 30
6 88 30
7 138 30
7 140 30
7 137 30
7 130 30
8 8 30
8 148 30
8 28 30
8 6 30
8 50 30
8 121 30
8 51 30
8 11 30
8 74 30
8 27 30
8 52 30
8 19 30
8 122 30
8 10 30
8 143 30
8 3 30
8 144 30
8 114 30
8 25 30
8 100 30
9 54 30
9 49 30
9 28 30
9 23 30
9 123 30
10 134 30
10 135 30
10 137 30
10 1 30
10 10 30
10 11 30
11 121 30
11 55 30
11 74 30
11 48 30
11 39 30
12 143 30
12 30 30
13 57 30
13 85 30
13 117 30
13 125 30
14 15 30
14 136 30
14 147 30
14 76 30
15 14 30
15 36 30
15 79 30
16 69 30
16 135 30
16 119 30
17 145 30
17 57 30
17 34 30
17 44 30
17 37 30
17 29 30
17 126 30
17 80 30
17 48 30
18 39 30
18 3 30
18 146 30
18 122 30
18 18 30
19 31 30
19 8 30
19 11 30
19 69 30
19 64 30
19 1 30
20 54 30
20 9 30
20 20 30
20 11 30
20 83 30
20 69 30
20 43 30
20 61 30
21 79 30
22 45 30
22 143 30
22 22 30
22 134 30
22 8 30
22 63 30
22 9 30
22 114 30
22 81 30
22 124 30
22 16 30
22 79 30
22 42 30
23 24 30
23 120 30
23 11 30
23 30 30
23 82 30
23 132 30
23 23 30
23 109 30
24 95 30
25 26 30
25 126 30
25 92 30
25 124 30
25 22 30
25 58 30
26 30 30
26 61 30
26 92 30
26 125 30
26 67 30
27 129 30
27 79 30
27 60 30
28 28 30
28 11 30
28 9 30
28 144 30
28 128 30
28 137 30
29 56 30
29 34 30
29 68 30
29 29 30
29 57 30
29 85 30
29 83 30
29 42 30
29 117 30
30 23 30
30 61 30
30 30 30
30 47 30
30 40 30
30 26 30
30 130 30
30 92 30
30 71 30
30 72 30
30 6 30
30 46 30
30 84 30
30 29 30
31 19 30
31 127 30
33 115 30
33 37 30
33 42 30
33 145 30
33 56 30
33 57 30
33 52 30
34 37 30
34 83 30
34 36 30
34 42 30
34 56 30
34 85 30
34 12 30
34 0 30
34 99 30
36 83 30
36 68 30
36 33 30
36 85 30
36 46 30
36 0 30
36 99 30
36 60 30
37 85 30
37 17 30
37 116 30
37 83 30
37 45 30
37 51 30
37 55 30
37 29 30
38 129 30
39 39 30
39 72 30
39 5 30
39 93 30
39 8 30
39 64 30
39 9 30
39 137 30
40 67 30
40 41 30
40 43 30
40 109 30
40 58 30
41 146 30
41 40 30
41 6 30
41 46 30
41 66 30
42 114 30
42 141 30
42 150 30
42 104 30
43 8 30
43 140 30
43 98 30
43 143 30
43 150 30
43 95 30
44 29 30
44 13 30
44 44 30
44 37 30
44 17 30
45 22 30
45 143 30
45 144 30
45 148 30
45 45 30
45 17 30
45 139 30
46 55 30
46 52 30
46 49 30
46 73 30
47 92 30
47 128 30
47 9 30
47 143 30
48 11 30
48 145 30
49 63 30
49 9 30
49 94 30
51 79 30
51 96 30
52 73 30
52 124 30
53 87 30
53 119 30
53 11 30
54 54 30
54 12 30
54 63 30
54 57 30
54 62 30
54 20 30
54 98 30
54 140 30
54 143 30
54 97 30
55 46 30
55 82 30
55 65 30
55 112 30
55 11 30
55 64 30
55 129 30
55 48 30
56 56 30
56 34 30
56 17 30
56 37 30
56 68 30
56 83 30
56 145 30
56 33 30
57 13 30
57 20 30
57 17 30
57 36 30
57 145 30
57 37 30
57 57 30
57 83 30
57 33 30
57 63 30
57 40 30
58 108 30
58 39 30
59 103 30
59 114 30
59 22 30
60 91 30
60 147 30
60 34 30
61 81 30
61 74 30
61 138 30
61 59 30
62 62 30
62 9 30
62 8 30
62 140 30
62 116 30
63 143 30
63 98 30
63 123 30
64 65 30
64 19 30
64 55 30
64 88 30
64 73 30
65 66 30
65 64 30
65 49 30
65 105 30
66 69 30
66 65 30
66 64 30
66 95 30
67 25 30
67 73 30
68 34 30
68 29 30
68 37 30
68 113 30
68 10 30
68 110 30
69 66 30
69 117 30
69 82 30
69 55 30
69 120 30
69 11 30
70 61 30
70 51 30
71 146 30
71 30 30
71 40 30
71 86 30
71 26 30
71 43 30
72 72 30
72 6 30
72 39 30
72 19 30
72 74 30
72 30 30
72 86 30
72 79 30
72 81 30
72 140 30
72 80 30
73 90 30
73 57 30
73 111 30
74 30 30
74 113 30
74 92 30
74 6 30
74 130 30
74 47 30
74 26 30
74 40 30
74 121 30
74 84 30
74 128 30
74 66 30
75 49 30
77 10 30
77 77 30
77 90 30
77 11 30
78 90 30
79 14 30
81 81 30
81 95 30
82 66 30
82 120 30
83 116 30
83 115 30
83 83 30
83 33 30
83 34 30
83 56 30
83 42 30
83 85 30
83 29 30
83 131 30
83 82 30
83 114 30
83 100 30
84 141 30
84 89 30
85 57 30
85 13 30
85 17 30
85 29 30
85 37 30
85 44 30
85 33 30
85 34 30
85 118 30
85 110 30
86 48 30
86 0 30
87 95 30
87 2 30
87 44 30
88 19 30
88 65 30
88 64 30
88 88 30
88 66 30
88 30 30
89 32 30
90 22 30
91 138 30
91 134 30
91 82 30
91 15 30
91 124 30
92 26 30
92 20 30
93 0 30
93 137 30
93 39 30
93 5 30
93 2 30
93 122 30
94 21 30
94 141 30
94 143 30
94 136 30
95 136 30
95 90 30
95 87 30
95 127 30
96 96 30
96 112 30
96 55 30
96 45 30
97 48 30
97 7 30
97 137 30
98 12 30
98 134 30
98 79 30
99 144 30
99 85 30
100 96 30
100 105 30
100 128 30
100 97 30
101 143 30
101 102 30
102 98 30
102 131 30
103 50 30
103 59 30
106 15 30
106 143 30
106 71 30
107 108 30
107 97 30
107 20 30
107 116 30
108 107 30
108 102 30
108 106 30
108 4 30
108 6 30
108 119 30
109 111 30
110 97 30
111 94 30
112 31 30
112 8 30
112 47 30
112 121 30
112 99 30
112 16 30
112 34 30
112 0 30
114 62 30
114 9 30
114 143 30
114 127 30
114 140 30
114 8 30
114 100 30
115 34 30
115 37 30
115 145 30
116 145 30
116 5 30
117 28 30
117 25 30
117 129 30
118 25 30
118 147 30
118 139 30
119 149 30
120 55 30
120 129 30
120 40 30
120 139 30
121 143 30
122 8 30
122 87 30
122 129 30
123 114 30
124 97 30
124 50 30
124 72 30
125 139 30
125 25 30
125 120 30
125 24 30
125 129 30
125 48 30
125 55 30
125 82 30
125 125 30
125 72 30
125 1 30
126 25 30
126 28 30
126 36 30
127 127 30
127 13 30
127 114 30
127 49 30
127 17 30
128 117 30
128 9 30
128 31 30
128 47 30
128 29 30
128 86 30
128 138 30
129 117 30
129 19 30
129 49 30
129 65 30
129 129 30
129 55 30
129 93 30
129 4 30
130 74 30
130 61 30
130 6 30
130 72 30
131 26 30
131 78 30
131 27 30
132 30 30
132 23 30
132 63 30
132 78 30
132 123 30
132 51 30
132 35 30
133 121 30
133 78 30
134 10 30
134 27 30
134 142 30
134 29 30
135 130 30
135 123 30
136 149 30
136 105 30
136 82 30
137 10 30
137 112 30
137 0 30
137 137 30
137 93 30
137 5 30
137 19 30
137 135 30
138 60 30
138 87 30
138 141 30
138 40 30
139 30 30
139 122 30
140 140 30
140 10 30
140 141 30
140 18 30
140 5 30
140 43 30
140 1 30
140 93 30
140 2 30
140 137 30
140 8 30
141 43 30
141 141 30
141 140 30
142 20 30
142 25 30
143 63 30
143 12 30
143 54 30
143 9 30
143 143 30
143 8 30
143 43 30
144 22 30
144 8 30
144 29 30
144 91 30
144 134 30
144 59 30
144 44 30
144 130 30
145 17 30
145 37 30
145 34 30
145 115 30
145 33 30
145 149 30
145 73 30
146 41 30
146 40 30
146 3 30
146 71 30
146 6 30
146 31 30
146 119 30
147 116 30
147 12 30
148 8 30
148 9 30
148 88 30
148 12 30
148 106 30
148 46 30
149 140 30
149 63 30
149 19 30
150 42 30
150 96 30
150 9 30
0 31 31
0 137 31
0 1 31
0 110 31
1 8 31
1 108 31
1 83 31
1 85 31
1 82 31
2 93 31
2 118 31
2 133 31
3 2 31
3 3 31
3 148 31
5 93 31
6 39 31
6 61 31
7 46 31
7 132 31
7 40 31
8 8 31
8 121 31
8 144 31
8 20 31
8 27 31
8 133 31
8 50 31
8 52 31
8 140 31
8 62 31
8 9 31
8 128 31
8 112 31
8 104 31
8 51 31
8 84 31
8 91 31
8 137 31
8 10 31
8 43 31
9 79 31
10 137 31
10 8 31
10 134 31
11 55 31
11 17 31
11 56 31
12 9 31
12 54 31
12 98 31
12 13 31
12 143 31
12 7 31
13 106 31
14 37 31
14 69 31
16 22 31
16 74 31
17 145 31
17 37 31
17 44 31
17 13 31
17 77 31
17 14 31
17 28 31
18 48 31
19 31 31
19 65 31
19 86 31
19 40 31
19 117 31
20 8 31
20 10 31
20 117 31
21 145 31
22 2 31
25 139 31
25 125 31
25 41 31
25 147 31
26 59 31
27 144 31
27 83 31
28 17 31
29 44 31
29 42 31
29 83 31
29 29 31
29 8 31
30 61 31
30 30 31
30 88 31
30 144 31
31 39 31
31 122 31
33 44 31
33 37 31
33 56 31
33 84 31
33 99 31
34 33 31
34 57 31
34 126 31
34 123 31
35 106 31
36 83 31
36 41 31
36 15 31
37 115 31
37 33 31
37 145 31
37 128 31
38 40 31
38 8 31
39 19 31
39 31 31
39 91 31
40 79 31
40 10 31
40 7 31
41 24 31
42 29 31
42 80 31
42 9 31
43 43 31
43 140 31
44 57 31
44 63 31
44 86 31
44 27 31
45 37 31
45 61 31
45 58 31
46 133 31
46 17 31
46 87 31
47 50 31
47 132 31
47 40 31
50 99 31
51 1 31
52 52 31
52 87 31
52 129 31
53 36 31
53 72 31
55 129 31
55 82 31
55 80 31
56 29 31
56 56 31
56 34 31
56 85 31
56 145 31
56 42 31
56 68 31
56 17 31
56 73 31
57 34 31
57 115 31
57 145 31
57 44 31
57 37 31
57 29 31
57 84 31
59 55 31
60 64 31
60 128 31
60 73 31
61 25 31
61 81 31
61 40 31
61 96 31
62 148 31
62 66 31
63 144 31
64 31 31
64 19 31
64 65 31
64 82 31
64 69 31
64 120 31
64 150 31
65 46 31
65 103 31
65 132 31
66 34 31
67 33 31
67 64 31
68 68 31
68 116 31
69 9 31
69 83 31
69 15 31
69 29 31
71 6 31
71 41 31
72 19 31
72 146 31
74 30 31
74 6 31
74 26 31
74 61 31
74 130 31
74 67 31
74 128 31
74 46 31
75 83 31
75 58 31
75 18 31
76 67 31
77 3 31
77 10 31
77 77 31
78 145 31
78 28 31
78 94 31
78 69 31
78 80 31
80 141 31
81 67 31
81 61 31
81 81 31
81 39 31
81 25 31
81 86 31
83 33 31
83 115 31
83 34 31
83 83 31
83 29 31
85 13 31
85 57 31
85 140 31
87 116 31
87 125 31
87 17 31
88 64 31
88 65 31
88 66 31
88 88 31
88 31 31
88 30 31
88 69 31
89 134 31
91 144 31
93 2 31
93 1 31
93 134 31
93 94 31
93 22 31
93 42 31
93 135 31
94 107 31
94 12 31
94 124 31
95 27 31
95 107 31
95 70 31
97 97 31
97 111 31
97 100 31
97 149 31
97 119 31
97 150 31
97 85 31
98 67 31
99 41 31
100 82 31
100 54 31
101 150 31
101 129 31
102 58 31
102 55 31
102 32 31
103 109 31
103 8 31
103 95 31
104 94 31
104 80 31
104 93 31
104 33 31
105 58 31
106 60 31
106 133 31
106 128 31
108 24 31
108 33 31
109 35 31
110 20 31
111 103 31
111 150 31
112 8 31
112 59 31
112 79 31
113 112 31
113 47 31
113 61 31
113 121 31
113 120 31
113 40 31
114 58 31
114 59 31
115 130 31
115 86 31
116 145 31
116 37 31
116 42 31
116 115 31
116 78 31
117 8 31
117 93 31
117 148 31
117 45 31
117 49 31
118 144 31
118 75 31
119 14 31
119 95 31
120 64 31
120 17 31
120 109 31
121 14 31
121 139 31
121 65 31
122 55 31
122 31 31
123 58 31
123 71 31
123 135 31
124 117 31
124 90 31
124 99 31
124 73 31
124 150 31
125 139 31
125 24 31
125 120 31
125 11 31
125 125 31
125 48 31
125 23 31
125 30 31
125 92 31
125 113 31
126 25 31
126 124 31
127 127 31
127 15 31
127 91 31
128 113 31
128 47 31
128 92 31
128 81 31
128 74 31
129 55 31
129 80 31
131 62 31
133 47 31
134 10 31
134 134 31
134 91 31
137 8 31
137 0 31
137 108 31
137 84 31
138 91 31
138 9 31
140 52 31
140 79 31
141 141 31
142 10 31
142 20 31
142 27 31
142 124 31
143 8 31
143 98 31
143 143 31
143 9 31
143 148 31
143 62 31
143 141 31
143 144 31
144 22 31
144 45 31
144 73 31
145 34 31
145 115 31
145 17 31
145 145 31
145 57 31
146 6 31
146 144 31
148 9 31
148 39 31
149 55 31
149 52 31
150 135 31
0 31 32
0 19 32
0 5 32
1 93 32
1 2 32
2 0 32
2 77 32
2 109 32
2 142 32
3 3 32
3 92 32
3 127 32
5 2 32
5 77 32
5 93 32
5 15 32
6 121 32
7 128 32
8 62 32
8 69 32
8 8 32
8 10 32
8 140 32
8 128 32
8 6 32
8 51 32
8 43 32
8 148 32
8 142 32
8 76 32
8 127 32
9 125 32
9 84 32
11 55 32
11 8 32
11 117 32
11 23 32
11 38 32
11 24 32
11 54 32
11 20 32
11 142 32
11 121 32
11 144 32
11 9 32
11 90 32
12 62 32
12 13 32
12 140 32
12 98 32
12 148 32
12 54 32
12 20 32
12 57 32
13 63 32
13 144 32
13 91 32
14 52 32
16 127 32
16 53 32
17 29 32
17 109 32
19 10 32
19 149 32
20 20 32
20 7 32
20 139 32
21 23 32
22 144 32
22 45 32
22 3 32
22 33 32
23 23 32
23 9 32
25 126 32
25 26 32
25 25 32
25 125 32
25 33 32
25 46 32
26 25 32
26 92 32
26 37 32
29 29 32
29 123 32
29 118 32
29 8 32
30 88 32
30 74 32
30 139 32
30 80 32
30 93 32
31 88 32
31 64 32
31 65 32
31 38 32
31 138 32
33 37 32
33 42 32
33 55 32
34 83 32
34 85 32
34 37 32
34 57 32
34 33 32
34 56 32
34 68 32
34 87 32
35 99 32
35 118 32
35 31 32
36 42 32
36 56 32
36 68 32
36 33 32
36 37 32
36 82 32
37 36 32
37 83 32
37 113 32
38 3 32
38 73 32
40 108 32
41 113 32
41 39 32
41 93 32
42 85 32
42 34 32
42 83 32
42 54 32
43 3 32
43 108 32
44 13 32
45 45 32
45 129 32
45 80 32
45 108 32
46 95 32
46 55 32
46 47 32
46 51 32
46 134 32
46 63 32
47 149 32
50 74 32
50 53 32
50 96 32
50 117 32
51 9 32
51 127 32
51 76 32
52 142 32
52 145 32
53 106 32
53 83 32
53 101 32
54 9 32
54 63 32
54 20 32
54 133 32
54 11 32
54 99 32
54 135 32
54 109 32
55 46 32
55 70 32
55 115 32
56 56 32
56 29 32
56 34 32
56 68 32
56 37 32
57 26 32
57 32 32
58 85 32
58 141 32
60 91 32
60 114 32
60 63 32
61 14 32
62 138 32
64 65 32
64 19 32
64 66 32
64 48 32
64 20 32
67 88 32
67 72 32
67 26 32
68 56 32
68 42 32
68 29 32
68 84 32
68 54 32
68 30 32
68 149 32
69 148 32
70 104 32
71 76 32
71 21 32
72 30 32
72 18 32
73 43 32
73 109 32
74 125 32
74 121 32
74 40 32
74 26 32
74 130 32
74 128 32
74 11 32
74 50 32
74 18 32
77 1 32
77 5 32
77 127 32
79 0 32
81 139 32
82 87 32
83 34 32
83 83 32
83 45 32
83 42 32
84 136 32
84 47 32
84 31 32
85 34 32
86 11 32
87 91 32
87 43 32
87 10 32
88 31 32
88 139 32
88 72 32
88 98 32
89 40 32
89 10 32
91 60 32
91 8 32
91 87 32
91 2 32
91 113 32
91 103 32
93 5 32
93 94 32
93 77 32
93 10 32
93 107 32
93 2 32
93 3 32
93 142 32
93 52 32
93 62 32
94 144 32
95 46 32
95 134 32
95 10 32
95 101 32
96 3 32
96 130 32
97 119 32
97 149 32
97 111 32
97 109 32
97 97 32
97 96 32
98 44 32
99 144 32
99 0 32
100 13 32
101 51 32
102 145 32
104 136 32
104 19 32
104 147 32
105 113 32
105 23 32
106 109 32
106 119 32
106 66 32
107 94 32
108 95 32
109 10 32
109 72 32
110 132 32
110 74 32
111 109 32
112 112 32
114 48 32
114 9 32
114 66 32
115 58 32
115 51 32
115 3 32
116 34 32
116 115 32
116 83 32
117 8 32
117 118 32
117 11 32
118 117 32
118 13 32
118 125 32
119 95 32
119 3 32
120 31 32
120 64 32
120 66 32
121 8 32
121 134 32
121 139 32
122 98 32
122 66 32
123 42 32
124 25 32
124 71 32
124 4 32
125 139 32
125 74 32
125 25 32
125 119 32
125 32 32
126 117 32
126 146 32
126 127 32
126 51 32
127 127 32
127 52 32
127 58 32
128 87 32
128 135 32
129 132 32
129 86 32
130 73 32
130 29 32
131 24 32
132 143 32
132 54 32
132 72 32
133 27 32
133 95 32
133 9 32
133 121 32
133 74 32
133 52 32
133 140 32
134 95 32
134 144 32
134 90 32
134 87 32
134 91 32
134 27 32
134 121 32
134 46 32
134 78 32
134 32 32
135 147 32
136 65 32
136 83 32
137 8 32
137 140 32
138 91 32
138 87 32
138 94 32
139 121 32
139 88 32
139 125 32
139 30 32
139 101 32
139 10 32
140 98 32
140 137 32
140 58 32
141 57 32
142 107 32
142 142 32
142 30 32
142 20 32
143 28 32
143 131 32
144 10 32
144 8 32
144 9 32
144 99 32
144 91 32
144 49 32
145 100 32
146 51 32
147 84 32
147 60 32
148 22 32
148 80 32
148 98 32
148 130 32
149 99 32
150 111 32
150 97 32
1 5 33
1 64 33
2 93 33
2 77 33
2 136 33
2 28 33
2 7 33
3 126 33
3 63 33
3 56 33
4 137 33
5 77 33
5 3 33
5 2 33
5 93 33
5 107 33
6 59 33
8 144 33
8 140 33
8 11 33
8 117 33
8 51 33
8 137 33
8 70 33
8 50 33
8 8 33
8 1 33
8 103 33
9 53 33
9 87 33
9 61 33
9 146 33
10 8 33
10 140 33
10 137 33
10 3 33
10 131 33
11 38 33
11 129 33
11 133 33
11 103 33
12 29 33
13 73 33
14 15 33
14 121 33
15 93 33
16 102 33
16 77 33
16 145 33
17 57 33
19 29 33
19 23 33
20 30 33
20 11 33
21 52 33
23 23 33
23 74 33
23 101 33
25 26 33
25 96 33
25 77 33
25 56 33
25 103 33
26 85 33
26 102 33
27 111 33
29 57 33
29 85 33
29 29 33
29 126 33
30 47 33
30 74 33
30 139 33
30 88 33
30 26 33
30 40 33
30 25 33
30 129 33
30 24 33
30 112 33
30 131 33
30 120 33
30 39 33
31 42 33
31 57 33
33 85 33
33 34 33
33 83 33
34 116 33
34 37 33
34 83 33
34 33 33
34 16 33
35 7 33
36 42 33
36 34 33
36 37 33
36 145 33
36 140 33
37 33 33
37 145 33
40 10 33
40 25 33
41 136 33
41 147 33
41 11 33
41 20 33
42 33 33
42 115 33
42 85 33
42 135 33
44 124 33
45 128 33
45 125 33
46 0 33
47 30 33
47 102 33
47 101 33
48 38 33
49 96 33
50 82 33
51 46 33
51 4 33
53 3 33
54 121 33
54 40 33
54 54 33
54 144 33
54 140 33
54 134 33
54 6 33
54 70 33
54 91 33
54 51 33
54 11 33
54 94 33
54 87 33
54 92 33
54 53 33
54 107 33
54 119 33
54 64 33
54 111 33
54 150 33
54 95 33
54 69 33
54 66 33
54 38 33
54 55 33
54 67 33
54 72 33
54 26 33
54 46 33
54 120 33
54 1 33
55 55 33
55 24 33
56 29 33
56 56 33
56 34 33
56 68 33
56 115 33
56 33 33
56 43 33
56 61 33
57 85 33
57 33 33
57 29 33
57 56 33
57 13 33
58 86 33
59 126 33
60 126 33
61 116 33
61 19 33
62 82 33
62 52 33
62 102 33
62 22 33
63 35 33
63 3 33
64 120 33
64 31 33
64 66 33
65 29 33
65 108 33
67 62 33
67 105 33
69 119 33
69 125 33
70 79 33
72 124 33
72 85 33
72 103 33
73 73 33
73 97 33
74 100 33
74 31 33
74 89 33
75 59 33
76 52 33
76 135 33
77 3 33
77 23 33
78 88 33
79 99 33
79 141 33
80 139 33
80 101 33
81 19 33
81 147 33
83 83 33
83 37 33
83 68 33
83 89 33
84 3 33
84 140 33
85 33 33
85 29 33
85 85 33
85 51 33
86 94 33
87 47 33
87 76 33
88 108 33
89 37 33
90 128 33
91 82 33
91 19 33
92 75 33
92 61 33
93 2 33
93 77 33
93 133 33
93 10 33
93 27 33
93 107 33
93 94 33
93 5 33
93 9 33
95 104 33
97 97 33
97 111 33
97 5 33
97 14 33
97 107 33
100 133 33
100 120 33
101 30 33
103 38 33
104 137 33
104 111 33
104 1 33
104 24 33
105 33 33
105 35 33
106 86 33
106 24 33
106 53 33
107 86 33
108 140 33
108 128 33
109 53 33
111 83 33
111 114 33
111 113 33
111 117 33
112 140 33
114 132 33
115 34 33
115 33 33
116 115 33
116 83 33
116 37 33
117 121 33
117 38 33
118 21 33
118 64 33
119 105 33
121 74 33
121 121 33
121 139 33
121 131 33
121 122 33
121 43 33
121 40 33
121 47 33
121 120 33
122 106 33
124 8 33
126 3 33
126 25 33
126 108 33
129 129 33
129 121 33
129 82 33
130 98 33
131 19 33
132 14 33
133 137 33
133 90 33
133 70 33
133 121 33
134 142 33
134 9 33
134 51 33
134 90 33
134 27 33
134 133 33
134 54 33
134 144 33
134 140 33
134 4 33
134 63 33
135 17 33
136 57 33
136 130 33
137 8 33
137 95 33
138 144 33
138 148 33
139 19 33
139 12 33
139 73 33
143 115 33
144 8 33
144 9 33
144 140 33
144 136 33
145 33 33
145 34 33
145 115 33
146 61 33
146 97 33
147 1 33
148 121 33
149 12 33
150 97 33
150 109 33
150 119 33
0 100 34
1 133 34
1 117 34
1 139 34
2 104 34
4 24 34
5 16 34
8 101 34
9 125 34
13 116 34
13 48 34
14 133 34
17 73 34
18 18 34
19 95 34
20 118 34
22 130 34
23 77 34
23 23 34
23 115 34
24 74 34
25 13 34
25 117 34
26 123 34
26 34 34
27 127 34
27 65 34
27 71 34
28 47 34
29 8 34
30 139 34
32 28 34
33 68 34
33 20 34
34 83 34
34 29 34
34 94 34
36 37 34
36 13 34
36 33 34
36 145 34
36 108 34
37 68 34
37 55 34
38 18 34
42 34 34
42 48 34
42 84 34
44 82 34
45 116 34
47 118 34
48 69 34
50 40 34
51 6 34
55 43 34
55 49 34
56 56 34
57 53 34
57 16 34
61 27 34
62 8 34
63 140 34
64 28 34
66 142 34
66 129 34
66 90 34
68 34 34
69 0 34
72 105 34
77 23 34
77 89 34
80 44 34
80 147 34
81 23 34
81 117 34
82 1 34
82 79 34
82 99 34
83 83 34
83 37 34
83 145 34
83 42 34
83 68 34
83 29 34
85 34 34
86 116 34
87 103 34
87 60 34
92 64 34
93 2 34
94 67 34
94 8 34
95 81 34
95 25 34
96 51 34
99 52 34
103 98 34
103 22 34
104 104 34
108 113 34
109 99 34
109 100 34
112 121 34
112 83 34
113 125 34
113 58 34
114 63 34
114 36 34
115 116 34
115 137 34
116 34 34
116 36 34
116 111 34
117 5 34
118 71 34
118 137 34
119 37 34
121 29 34
122 18 34
123 70 34
124 98 34
127 60 34
127 20 34
128 5 34
130 62 34
130 71 34
135 6 34
136 149 34
137 124 34
138 1 34
139 46 34
140 117 34
141 139 34
142 48 34
143 45 34
143 141 34
144 31 34
144 137 34
144 121 34
145 83 34
145 33 34
146 118 34
147 55 34
148 49 34
149 97 34
150 0 34
20 38 35
23 23 35
23 77 35
62 117 35
83 39 35
133 10 35
147 87 35
0 37 36
10 80 36
23 23 36
50 83 36
56 59 36
77 77 36
77 29 36
97 102 36
117 131 36
124 121 36
131 120 36
136 133 36
143 69 36
23 23 37
49 82 37
55 118 37
58 33 37
68 123 37
77 92 37
121 52 37
142 119 37
142 92 37
