0 1 0
0 5 0
0 2 0
0 4 0
0 6 0
0 10 0
0 8 0
0 15 0
0 18 0
0 16 0
0 20 0
1 0 0
1 2 0
1 10 0
2 1 0
2 0 0
2 4 0
2 5 0
2 2 0
2 19 0
2 18 0
2 10 0
2 11 0
3 4 0
3 7 0
3 3 0
3 16 0
3 17 0
3 28 0
4 2 0
4 10 0
4 1 0
4 5 0
4 0 0
5 2 0
7 33 0
7 17 0
7 7 0
7 36 0
8 9 0
8 8 0
8 0 0
10 22 0
10 27 0
10 9 0
11 2 0
12 13 0
12 14 0
17 29 0
17 34 0
17 7 0
17 37 0
20 32 0
20 7 0
20 31 0
20 20 0
20 25 0
20 30 0
20 39 0
20 9 0
20 40 0
20 41 0
21 22 0
21 10 0
23 24 0
23 11 0
23 35 0
23 23 0
23 38 0
25 26 0
0 15 1
0 10 1
0 2 1
0 1 1
0 4 1
0 5 1
0 50 1
0 51 1
0 16 1
0 8 1
0 27 1
0 0 1
0 57 1
0 69 1
0 93 1
0 19 1
0 43 1
0 65 1
0 31 1
1 4 1
1 5 1
1 2 1
1 0 1
1 93 1
2 4 1
2 1 1
2 5 1
2 0 1
2 43 1
2 72 1
2 2 1
2 65 1
2 66 1
2 93 1
2 77 1
2 19 1
2 15 1
2 39 1
3 42 1
3 48 1
3 3 1
3 28 1
3 7 1
3 17 1
3 71 1
3 43 1
3 41 1
3 18 1
3 23 1
3 16 1
4 8 1
4 2 1
4 0 1
4 5 1
4 1 1
4 10 1
4 15 1
4 18 1
4 77 1
5 2 1
5 4 1
5 1 1
5 0 1
5 72 1
6 16 1
6 6 1
6 71 1
7 37 1
7 36 1
7 33 1
7 45 1
7 17 1
7 3 1
7 32 1
7 25 1
7 26 1
7 7 1
7 68 1
7 56 1
7 57 1
7 83 1
7 31 1
7 88 1
7 44 1
7 66 1
7 74 1
8 8 1
8 9 1
8 54 1
8 52 1
8 58 1
8 11 1
8 19 1
8 55 1
8 63 1
8 14 1
8 62 1
8 4 1
8 69 1
8 0 1
8 20 1
8 43 1
9 8 1
9 69 1
9 11 1
9 62 1
9 19 1
10 9 1
10 22 1
10 10 1
10 0 1
10 4 1
10 51 1
10 77 1
10 43 1
11 23 1
11 24 1
11 82 1
11 8 1
11 54 1
11 74 1
11 19 1
11 65 1
11 58 1
11 38 1
11 35 1
11 66 1
11 28 1
11 18 1
11 64 1
12 9 1
12 22 1
12 14 1
12 44 1
12 63 1
12 8 1
12 13 1
12 57 1
12 98 1
12 62 1
12 54 1
13 57 1
13 85 1
13 9 1
13 13 1
13 29 1
13 44 1
14 52 1
14 53 1
15 0 1
15 16 1
16 3 1
16 15 1
16 0 1
16 16 1
16 18 1
16 6 1
16 59 1
16 39 1
16 25 1
17 7 1
17 29 1
17 0 1
17 37 1
17 36 1
17 56 1
17 33 1
17 17 1
17 57 1
17 42 1
17 83 1
17 45 1
17 34 1
17 13 1
17 44 1
17 85 1
18 5 1
18 15 1
18 4 1
18 16 1
18 59 1
18 1 1
18 18 1
18 82 1
18 3 1
18 61 1
18 71 1
18 11 1
19 64 1
19 65 1
19 54 1
19 31 1
19 69 1
19 14 1
19 76 1
19 62 1
19 7 1
19 9 1
19 8 1
19 66 1
19 58 1
19 11 1
19 28 1
19 19 1
19 88 1
19 55 1
20 8 1
20 30 1
20 54 1
20 9 1
20 62 1
20 14 1
20 80 1
20 92 1
20 39 1
20 20 1
20 6 1
21 22 1
21 45 1
21 89 1
21 84 1
21 10 1
21 94 1
21 50 1
21 79 1
21 53 1
21 97 1
21 21 1
21 72 1
21 107 1
21 104 1
21 29 1
22 45 1
22 21 1
22 12 1
22 63 1
22 22 1
22 78 1
22 8 1
22 14 1
22 9 1
23 11 1
23 23 1
23 24 1
23 35 1
23 49 1
23 38 1
23 59 1
23 48 1
23 81 1
23 82 1
24 23 1
25 26 1
25 7 1
25 28 1
25 25 1
25 81 1
25 58 1
25 92 1
25 16 1
26 26 1
26 25 1
26 79 1
26 40 1
26 61 1
26 74 1
26 75 1
26 67 1
26 78 1
26 84 1
26 7 1
26 30 1
26 92 1
27 27 1
28 11 1
28 3 1
28 25 1
29 57 1
29 13 1
29 7 1
29 17 1
29 42 1
29 29 1
29 56 1
29 37 1
29 22 1
29 34 1
29 21 1
29 68 1
29 83 1
29 33 1
29 36 1
29 44 1
29 45 1
30 59 1
30 92 1
31 0 1
31 88 1
31 7 1
32 7 1
33 83 1
33 36 1
33 34 1
33 37 1
33 17 1
33 7 1
33 68 1
33 56 1
33 29 1
34 36 1
34 33 1
34 83 1
34 37 1
34 34 1
35 23 1
36 83 1
36 7 1
36 56 1
36 37 1
36 36 1
36 68 1
36 17 1
36 33 1
37 7 1
37 36 1
37 83 1
37 17 1
37 33 1
38 99 1
38 11 1
38 58 1
38 24 1
38 23 1
38 35 1
38 82 1
39 59 1
39 93 1
39 5 1
39 0 1
39 16 1
39 18 1
39 39 1
40 26 1
40 61 1
40 67 1
40 75 1
40 74 1
40 47 1
41 3 1
41 71 1
43 44 1
43 43 1
43 0 1
43 10 1
43 69 1
43 8 1
44 57 1
45 7 1
45 37 1
45 36 1
45 29 1
45 22 1
45 21 1
45 45 1
45 84 1
45 17 1
45 53 1
45 89 1
45 47 1
46 47 1
46 55 1
46 6 1
46 26 1
46 67 1
46 75 1
46 74 1
48 11 1
48 82 1
48 23 1
48 3 1
48 24 1
48 64 1
49 59 1
53 21 1
54 14 1
54 52 1
54 8 1
54 69 1
54 62 1
54 13 1
54 98 1
54 63 1
54 20 1
54 0 1
54 43 1
54 9 1
56 56 1
56 17 1
56 7 1
56 33 1
57 20 1
57 0 1
57 34 1
57 85 1
57 29 1
57 13 1
57 44 1
58 19 1
58 66 1
58 8 1
58 35 1
58 25 1
58 74 1
58 61 1
58 11 1
59 18 1
59 16 1
60 0 1
61 0 1
61 78 1
61 74 1
61 61 1
61 81 1
61 26 1
61 40 1
62 20 1
62 62 1
62 9 1
64 73 1
64 64 1
64 11 1
64 88 1
66 58 1
67 40 1
67 67 1
68 7 1
68 36 1
68 83 1
68 68 1
69 8 1
69 0 1
69 9 1
69 19 1
70 51 1
70 90 1
70 91 1
70 87 1
71 3 1
71 16 1
71 41 1
71 71 1
72 100 1
72 2 1
72 5 1
73 13 1
74 32 1
74 84 1
74 26 1
74 40 1
74 67 1
74 78 1
74 47 1
74 79 1
74 58 1
74 61 1
74 75 1
74 74 1
77 77 1
77 48 1
77 2 1
77 93 1
77 43 1
77 10 1
77 4 1
78 61 1
78 26 1
78 75 1
78 74 1
78 78 1
78 38 1
79 84 1
80 30 1
80 7 1
80 88 1
80 31 1
80 92 1
80 55 1
81 75 1
81 74 1
81 61 1
81 78 1
81 58 1
81 25 1
81 82 1
81 26 1
81 11 1
81 81 1
81 67 1
83 36 1
83 33 1
83 37 1
83 29 1
83 83 1
83 7 1
83 34 1
84 45 1
85 57 1
85 13 1
85 29 1
86 87 1
86 95 1
86 96 1
88 31 1
88 7 1
88 64 1
88 30 1
88 88 1
89 21 1
89 45 1
89 84 1
89 109 1
89 108 1
89 53 1
89 107 1
89 100 1
89 72 1
89 97 1
89 50 1
89 106 1
89 105 1
89 104 1
89 103 1
89 102 1
89 94 1
89 101 1
89 79 1
89 89 1
89 22 1
89 111 1
91 86 1
93 4 1
93 5 1
93 0 1
93 2 1
93 39 1
95 96 1
95 86 1
95 87 1
98 63 1
98 14 1
100 100 1
100 107 1
100 94 1
100 105 1
100 104 1
100 50 1
100 108 1
100 103 1
100 109 1
100 84 1
101 103 1
105 103 1
105 101 1
106 101 1
106 103 1
107 21 1
108 103 1
108 107 1
108 94 1
108 101 1
108 102 1
108 105 1
108 100 1
109 100 1
110 46 1
0 1 2
0 8 2
0 69 2
0 2 2
0 4 2
0 93 2
0 5 2
0 39 2
0 15 2
0 19 2
0 31 2
0 10 2
0 77 2
0 0 2
0 137 2
0 134 2
0 18 2
1 10 2
1 2 2
1 0 2
1 93 2
1 5 2
1 1 2
1 39 2
1 137 2
1 18 2
1 62 2
1 72 2
1 3 2
1 8 2
2 93 2
2 5 2
2 0 2
2 4 2
2 39 2
2 2 2
2 1 2
2 72 2
2 6 2
2 18 2
2 124 2
2 137 2
2 10 2
2 134 2
3 0 2
3 71 2
3 18 2
3 6 2
3 3 2
3 48 2
3 41 2
3 31 2
3 39 2
3 72 2
3 10 2
3 118 2
3 146 2
3 140 2
3 8 2
3 2 2
3 93 2
4 5 2
4 2 2
4 93 2
4 0 2
4 10 2
4 1 2
5 2 2
5 0 2
5 4 2
5 93 2
5 39 2
5 1 2
5 137 2
5 18 2
6 71 2
6 3 2
6 72 2
6 45 2
6 74 2
6 39 2
6 8 2
6 78 2
6 116 2
6 6 2
6 128 2
6 146 2
6 90 2
6 46 2
6 55 2
6 47 2
6 144 2
6 130 2
6 61 2
7 37 2
7 36 2
7 83 2
7 29 2
7 45 2
7 88 2
7 17 2
7 33 2
7 32 2
7 7 2
7 40 2
7 41 2
7 44 2
7 56 2
7 68 2
7 61 2
7 70 2
7 138 2
7 86 2
7 60 2
7 96 2
7 135 2
7 110 2
7 27 2
7 46 2
7 136 2
7 22 2
7 134 2
7 144 2
7 95 2
7 90 2
7 87 2
7 133 2
7 6 2
8 69 2
8 20 2
8 52 2
8 112 2
8 0 2
8 8 2
8 91 2
8 27 2
8 55 2
8 19 2
8 117 2
8 121 2
8 11 2
8 6 2
8 9 2
8 73 2
8 77 2
8 10 2
8 22 2
8 140 2
8 134 2
8 128 2
8 51 2
8 50 2
8 71 2
8 133 2
8 74 2
8 90 2
8 129 2
8 81 2
8 45 2
8 62 2
8 114 2
8 43 2
8 82 2
8 47 2
8 66 2
8 65 2
8 146 2
8 44 2
8 54 2
8 143 2
8 39 2
8 137 2
8 148 2
8 28 2
8 122 2
8 2 2
8 3 2
8 144 2
8 63 2
8 104 2
8 84 2
8 1 2
8 142 2
9 19 2
9 69 2
9 8 2
9 62 2
9 14 2
9 20 2
9 114 2
9 140 2
9 143 2
9 63 2
9 54 2
9 49 2
9 28 2
9 128 2
10 10 2
10 4 2
10 77 2
10 43 2
10 0 2
10 99 2
10 141 2
10 140 2
10 137 2
10 91 2
10 1 2
10 134 2
10 135 2
10 8 2
11 19 2
11 28 2
11 74 2
11 82 2
11 58 2
11 64 2
11 48 2
11 30 2
11 23 2
11 38 2
11 24 2
11 61 2
11 35 2
11 120 2
11 55 2
11 121 2
11 129 2
11 39 2
12 22 2
12 45 2
12 14 2
12 143 2
12 140 2
12 114 2
12 9 2
12 54 2
12 98 2
12 13 2
12 63 2
12 8 2
12 62 2
12 148 2
13 20 2
13 11 2
13 69 2
13 57 2
13 37 2
13 44 2
13 73 2
13 14 2
13 29 2
13 17 2
13 36 2
13 34 2
13 33 2
13 83 2
13 62 2
13 63 2
13 9 2
13 143 2
13 98 2
13 85 2
14 57 2
14 9 2
14 44 2
14 62 2
14 8 2
14 71 2
14 22 2
14 63 2
14 114 2
14 128 2
14 20 2
14 98 2
14 140 2
14 127 2
14 143 2
14 13 2
14 14 2
14 69 2
14 29 2
14 17 2
14 37 2
14 134 2
14 6 2
14 144 2
15 16 2
15 18 2
15 0 2
15 2 2
15 82 2
15 39 2
16 72 2
16 61 2
16 18 2
16 15 2
16 6 2
16 39 2
16 71 2
16 75 2
16 122 2
17 56 2
17 7 2
17 29 2
17 37 2
17 83 2
17 57 2
17 36 2
17 44 2
17 42 2
17 71 2
17 85 2
17 3 2
17 22 2
17 45 2
17 68 2
17 34 2
17 12 2
17 13 2
17 33 2
17 98 2
17 10 2
17 4 2
17 17 2
17 140 2
17 115 2
17 145 2
17 141 2
17 77 2
18 18 2
18 16 2
18 39 2
18 15 2
18 6 2
18 3 2
18 72 2
18 5 2
18 4 2
18 71 2
18 41 2
18 77 2
18 11 2
18 93 2
18 117 2
18 118 2
18 130 2
18 112 2
18 122 2
18 1 2
18 146 2
19 65 2
19 9 2
19 64 2
19 31 2
19 69 2
19 19 2
19 54 2
19 58 2
19 88 2
19 66 2
19 72 2
19 114 2
19 128 2
19 11 2
19 121 2
19 28 2
19 117 2
19 134 2
19 38 2
19 82 2
19 129 2
19 74 2
19 112 2
19 8 2
20 8 2
20 54 2
20 20 2
20 9 2
20 30 2
20 14 2
20 69 2
20 62 2
20 134 2
20 142 2
20 127 2
20 12 2
20 143 2
20 13 2
20 140 2
20 98 2
20 57 2
20 63 2
20 114 2
20 138 2
20 60 2
20 52 2
20 88 2
20 125 2
20 131 2
20 112 2
20 121 2
20 39 2
20 81 2
20 122 2
20 49 2
20 82 2
20 87 2
20 91 2
20 86 2
20 25 2
20 28 2
20 126 2
20 117 2
20 67 2
20 40 2
20 47 2
20 130 2
20 129 2
20 128 2
20 90 2
20 110 2
20 96 2
20 73 2
20 133 2
20 95 2
20 70 2
20 27 2
20 35 2
20 118 2
20 11 2
20 31 2
20 19 2
20 64 2
20 66 2
20 65 2
20 92 2
20 74 2
20 10 2
21 97 2
21 9 2
21 29 2
21 45 2
21 22 2
21 84 2
21 21 2
21 62 2
21 98 2
21 89 2
21 47 2
21 74 2
21 72 2
21 94 2
21 50 2
21 105 2
21 108 2
21 107 2
22 45 2
22 12 2
22 21 2
22 22 2
22 8 2
22 9 2
22 13 2
22 14 2
22 62 2
22 63 2
22 52 2
22 98 2
22 144 2
22 143 2
22 134 2
22 141 2
22 140 2
22 148 2
22 114 2
23 24 2
23 48 2
23 23 2
23 35 2
23 11 2
23 30 2
23 38 2
23 112 2
23 120 2
23 82 2
23 55 2
23 49 2
23 132 2
24 23 2
25 26 2
25 40 2
25 28 2
25 25 2
25 7 2
25 118 2
25 117 2
25 126 2
25 125 2
25 124 2
25 74 2
25 92 2
25 139 2
26 25 2
26 7 2
26 61 2
26 40 2
26 74 2
26 67 2
26 26 2
26 79 2
26 32 2
26 47 2
26 75 2
26 78 2
26 113 2
26 88 2
26 92 2
26 46 2
26 104 2
26 146 2
26 81 2
26 30 2
26 125 2
26 130 2
27 27 2
27 90 2
27 134 2
27 110 2
27 73 2
27 144 2
28 16 2
28 28 2
28 72 2
28 25 2
28 117 2
28 8 2
28 118 2
28 129 2
28 126 2
28 124 2
28 63 2
28 66 2
28 11 2
28 9 2
29 13 2
29 45 2
29 37 2
29 22 2
29 17 2
29 7 2
29 42 2
29 57 2
29 36 2
29 44 2
29 56 2
29 29 2
29 21 2
29 34 2
29 8 2
29 68 2
29 85 2
29 83 2
29 33 2
29 143 2
30 88 2
30 11 2
30 125 2
30 139 2
30 23 2
30 38 2
30 48 2
30 82 2
30 30 2
30 55 2
30 120 2
30 24 2
30 132 2
30 129 2
30 61 2
30 47 2
30 40 2
30 26 2
30 130 2
30 67 2
30 128 2
30 74 2
30 92 2
30 113 2
30 71 2
30 72 2
30 6 2
30 104 2
30 46 2
30 84 2
30 146 2
31 88 2
31 65 2
31 64 2
31 66 2
31 19 2
31 112 2
31 31 2
31 124 2
31 69 2
31 72 2
31 39 2
32 80 2
32 30 2
32 92 2
32 25 2
32 88 2
32 7 2
32 31 2
32 40 2
32 113 2
32 61 2
32 78 2
32 75 2
32 67 2
32 47 2
32 74 2
32 26 2
32 104 2
32 32 2
32 46 2
32 84 2
32 125 2
32 131 2
32 121 2
32 6 2
32 66 2
32 128 2
32 72 2
32 11 2
32 130 2
33 83 2
33 7 2
33 36 2
33 37 2
33 68 2
33 34 2
33 42 2
33 29 2
33 56 2
33 115 2
33 116 2
33 17 2
33 44 2
33 85 2
33 145 2
33 57 2
34 83 2
34 33 2
34 37 2
34 36 2
34 29 2
34 57 2
34 85 2
34 127 2
34 17 2
34 42 2
34 34 2
34 68 2
34 116 2
34 115 2
34 44 2
34 56 2
34 145 2
35 66 2
35 11 2
35 23 2
35 31 2
36 83 2
36 33 2
36 7 2
36 68 2
36 56 2
36 37 2
36 29 2
36 17 2
36 34 2
36 36 2
36 85 2
36 42 2
36 63 2
36 57 2
36 145 2
37 17 2
37 7 2
37 29 2
37 36 2
37 83 2
37 33 2
37 34 2
37 57 2
37 85 2
37 116 2
37 42 2
37 115 2
37 145 2
37 44 2
37 45 2
38 99 2
38 129 2
39 16 2
39 18 2
39 39 2
39 2 2
39 5 2
39 93 2
39 72 2
39 6 2
39 11 2
39 19 2
39 59 2
39 3 2
39 41 2
39 0 2
39 121 2
39 1 2
39 8 2
39 31 2
40 32 2
40 74 2
40 84 2
40 47 2
40 67 2
40 41 2
40 30 2
41 3 2
41 71 2
41 18 2
41 40 2
41 146 2
41 41 2
41 6 2
42 85 2
42 137 2
42 37 2
42 34 2
42 116 2
42 29 2
42 17 2
43 9 2
43 8 2
43 10 2
43 112 2
43 98 2
43 114 2
43 143 2
43 141 2
43 43 2
43 137 2
43 127 2
43 140 2
43 20 2
44 33 2
44 37 2
44 36 2
44 83 2
44 42 2
44 34 2
44 57 2
44 85 2
44 17 2
44 13 2
44 29 2
44 44 2
44 9 2
44 63 2
45 21 2
45 22 2
45 84 2
45 45 2
45 29 2
45 7 2
45 12 2
45 14 2
45 17 2
45 10 2
45 89 2
45 37 2
45 36 2
45 62 2
45 83 2
45 63 2
45 6 2
45 34 2
45 9 2
45 8 2
45 128 2
45 144 2
45 143 2
45 91 2
45 50 2
45 74 2
45 133 2
45 27 2
45 141 2
45 134 2
45 127 2
45 99 2
45 72 2
45 53 2
45 42 2
45 33 2
45 148 2
46 70 2
46 90 2
46 47 2
46 32 2
46 6 2
46 133 2
46 51 2
46 55 2
46 26 2
46 112 2
46 81 2
46 87 2
46 67 2
46 74 2
46 113 2
46 40 2
46 79 2
47 8 2
47 127 2
47 74 2
47 113 2
47 128 2
47 112 2
47 92 2
48 3 2
48 23 2
48 11 2
49 63 2
49 9 2
50 104 2
50 134 2
50 27 2
50 74 2
50 47 2
51 79 2
51 55 2
51 74 2
51 46 2
51 114 2
51 121 2
51 8 2
52 69 2
52 8 2
52 91 2
52 142 2
52 73 2
52 52 2
53 141 2
53 144 2
54 20 2
54 8 2
54 19 2
54 54 2
54 69 2
54 9 2
54 22 2
54 13 2
54 148 2
54 12 2
54 63 2
54 44 2
54 57 2
54 62 2
54 98 2
54 140 2
54 114 2
54 143 2
55 69 2
55 19 2
55 51 2
55 81 2
55 11 2
55 39 2
55 46 2
55 65 2
55 30 2
55 133 2
55 120 2
55 55 2
55 82 2
55 90 2
55 112 2
55 47 2
55 6 2
55 64 2
55 129 2
55 48 2
55 38 2
56 56 2
56 29 2
56 42 2
56 68 2
56 33 2
56 85 2
56 34 2
56 37 2
56 83 2
56 17 2
56 44 2
56 145 2
56 57 2
56 13 2
56 115 2
56 116 2
57 85 2
57 14 2
57 13 2
57 37 2
57 44 2
57 57 2
57 17 2
57 20 2
57 143 2
57 34 2
57 116 2
57 36 2
57 145 2
57 29 2
57 83 2
57 33 2
57 115 2
58 82 2
59 122 2
59 81 2
59 131 2
60 138 2
60 91 2
61 74 2
61 26 2
61 113 2
61 40 2
61 7 2
61 47 2
61 75 2
61 67 2
61 32 2
61 78 2
61 61 2
61 72 2
61 39 2
61 81 2
61 130 2
61 25 2
61 112 2
62 62 2
62 9 2
62 98 2
62 20 2
62 29 2
62 114 2
62 39 2
62 142 2
62 127 2
62 63 2
62 8 2
62 140 2
62 148 2
63 14 2
63 13 2
63 92 2
63 57 2
63 9 2
63 114 2
63 12 2
63 63 2
63 98 2
63 44 2
63 62 2
63 121 2
63 128 2
63 113 2
63 120 2
63 143 2
63 8 2
63 142 2
63 27 2
63 88 2
63 91 2
63 95 2
63 6 2
63 30 2
63 69 2
63 26 2
63 133 2
63 144 2
63 134 2
63 11 2
63 74 2
63 124 2
63 117 2
63 32 2
63 52 2
63 53 2
63 19 2
63 86 2
63 73 2
63 79 2
63 40 2
63 31 2
63 130 2
63 80 2
63 101 2
63 20 2
63 125 2
63 50 2
63 71 2
63 51 2
63 22 2
63 127 2
63 140 2
63 43 2
64 81 2
64 47 2
64 58 2
64 112 2
64 11 2
64 65 2
64 64 2
64 66 2
64 19 2
64 31 2
64 69 2
64 82 2
64 55 2
64 120 2
64 127 2
64 88 2
65 64 2
65 66 2
65 19 2
65 129 2
65 72 2
66 19 2
66 88 2
66 7 2
66 20 2
66 11 2
66 58 2
66 8 2
66 65 2
66 64 2
66 74 2
66 69 2
66 31 2
67 74 2
67 26 2
67 67 2
67 40 2
67 92 2
68 36 2
68 83 2
68 68 2
68 29 2
68 56 2
68 33 2
68 34 2
68 37 2
68 85 2
68 116 2
69 8 2
69 52 2
69 27 2
69 117 2
69 11 2
69 133 2
69 6 2
69 19 2
69 65 2
69 114 2
69 9 2
69 54 2
69 69 2
69 128 2
69 121 2
69 64 2
69 88 2
69 66 2
69 137 2
69 28 2
69 82 2
69 55 2
69 120 2
70 134 2
71 3 2
71 6 2
71 74 2
71 72 2
71 40 2
71 75 2
71 67 2
71 146 2
71 41 2
71 39 2
71 144 2
71 71 2
71 30 2
72 16 2
72 39 2
72 6 2
72 3 2
72 74 2
72 2 2
72 18 2
72 19 2
72 139 2
72 71 2
72 128 2
72 92 2
72 1 2
72 72 2
72 146 2
72 105 2
72 65 2
72 130 2
72 30 2
72 138 2
73 110 2
73 63 2
73 27 2
73 90 2
73 52 2
74 32 2
74 26 2
74 47 2
74 6 2
74 71 2
74 61 2
74 78 2
74 7 2
74 67 2
74 84 2
74 40 2
74 19 2
74 66 2
74 75 2
74 8 2
74 104 2
74 72 2
74 128 2
74 130 2
74 113 2
74 92 2
74 74 2
74 117 2
74 126 2
74 25 2
74 50 2
74 46 2
74 11 2
74 112 2
74 81 2
74 121 2
74 30 2
74 51 2
76 114 2
76 6 2
76 9 2
76 19 2
76 51 2
76 28 2
76 11 2
76 8 2
76 46 2
76 55 2
76 63 2
76 14 2
76 22 2
76 121 2
76 13 2
76 69 2
76 50 2
76 117 2
76 91 2
76 27 2
76 52 2
76 20 2
76 74 2
76 76 2
76 131 2
76 35 2
76 61 2
76 47 2
76 87 2
76 23 2
76 26 2
76 86 2
76 130 2
76 81 2
76 49 2
76 94 2
76 70 2
76 90 2
76 95 2
76 25 2
76 84 2
76 67 2
76 65 2
76 66 2
76 97 2
76 24 2
76 112 2
76 107 2
76 32 2
76 60 2
76 59 2
76 40 2
76 110 2
76 120 2
76 132 2
76 126 2
76 104 2
76 122 2
76 82 2
76 38 2
76 128 2
76 129 2
76 133 2
76 134 2
76 62 2
77 77 2
77 10 2
77 0 2
77 97 2
77 15 2
77 18 2
77 3 2
77 2 2
77 17 2
77 141 2
78 79 2
78 6 2
78 32 2
78 78 2
78 38 2
78 74 2
78 61 2
79 78 2
79 55 2
79 94 2
79 97 2
79 51 2
80 88 2
80 7 2
80 55 2
81 59 2
81 121 2
81 112 2
81 131 2
81 39 2
81 11 2
81 82 2
81 26 2
81 74 2
81 67 2
81 81 2
81 25 2
81 61 2
81 46 2
81 125 2
82 48 2
82 120 2
82 11 2
82 55 2
82 66 2
83 83 2
83 37 2
83 36 2
83 33 2
83 68 2
83 7 2
83 85 2
83 34 2
83 116 2
83 115 2
83 44 2
83 56 2
83 42 2
83 145 2
83 29 2
83 57 2
85 57 2
85 36 2
85 37 2
85 33 2
85 83 2
85 44 2
85 34 2
85 17 2
85 29 2
85 116 2
85 13 2
86 95 2
86 138 2
87 70 2
87 46 2
87 110 2
87 91 2
87 95 2
88 31 2
88 30 2
88 64 2
88 19 2
88 7 2
88 65 2
88 88 2
88 66 2
88 125 2
88 69 2
89 89 2
89 84 2
89 22 2
89 62 2
89 47 2
89 74 2
89 21 2
89 45 2
89 101 2
89 94 2
89 102 2
89 103 2
89 104 2
89 105 2
89 106 2
89 53 2
89 108 2
89 111 2
89 109 2
89 50 2
89 100 2
89 72 2
89 97 2
89 107 2
91 60 2
91 138 2
91 91 2
91 87 2
91 142 2
91 134 2
91 144 2
92 72 2
92 6 2
92 26 2
92 67 2
92 74 2
92 40 2
93 39 2
93 0 2
93 5 2
93 2 2
93 4 2
93 72 2
93 1 2
93 137 2
93 122 2
93 18 2
93 77 2
93 10 2
93 3 2
93 134 2
93 94 2
93 107 2
94 107 2
94 50 2
94 84 2
94 104 2
94 108 2
94 97 2
95 87 2
95 86 2
95 96 2
95 73 2
95 138 2
95 136 2
95 46 2
95 90 2
95 135 2
95 27 2
96 95 2
96 96 2
96 86 2
96 136 2
96 135 2
97 77 2
97 106 2
97 104 2
97 50 2
97 94 2
97 107 2
97 100 2
97 97 2
97 109 2
97 119 2
97 123 2
97 103 2
97 111 2
97 108 2
97 149 2
97 150 2
98 43 2
98 14 2
98 63 2
98 116 2
98 17 2
98 140 2
98 141 2
98 9 2
98 44 2
98 37 2
98 13 2
98 12 2
99 144 2
100 84 2
100 50 2
100 104 2
100 94 2
100 107 2
100 105 2
100 103 2
100 108 2
100 97 2
100 101 2
100 111 2
100 106 2
100 102 2
100 53 2
100 119 2
100 109 2
101 108 2
101 102 2
101 101 2
102 97 2
102 108 2
102 106 2
103 100 2
103 108 2
104 50 2
104 84 2
104 94 2
105 100 2
105 84 2
106 108 2
106 107 2
106 102 2
106 100 2
106 97 2
107 21 2
107 100 2
107 94 2
107 106 2
107 108 2
107 50 2
107 104 2
107 84 2
107 105 2
107 97 2
108 94 2
108 107 2
108 100 2
108 102 2
108 21 2
108 104 2
108 50 2
108 103 2
108 105 2
108 84 2
108 106 2
108 53 2
108 97 2
109 103 2
109 97 2
109 106 2
109 111 2
109 101 2
109 119 2
109 123 2
109 108 2
109 100 2
110 133 2
110 90 2
110 46 2
110 52 2
111 123 2
111 94 2
111 107 2
111 97 2
111 100 2
111 111 2
111 109 2
111 103 2
111 119 2
112 8 2
112 125 2
112 121 2
112 31 2
112 47 2
112 59 2
113 40 2
113 32 2
113 74 2
113 113 2
113 47 2
113 124 2
113 118 2
113 128 2
113 30 2
113 112 2
113 61 2
114 14 2
114 69 2
114 9 2
114 62 2
114 19 2
114 8 2
114 114 2
114 51 2
114 140 2
114 63 2
114 143 2
114 127 2
115 115 2
115 34 2
115 83 2
115 37 2
115 33 2
115 116 2
115 145 2
115 3 2
115 130 2
116 116 2
116 34 2
116 115 2
116 37 2
116 83 2
116 42 2
116 57 2
116 85 2
116 145 2
116 33 2
117 118 2
117 25 2
117 28 2
117 117 2
117 126 2
117 8 2
117 24 2
117 129 2
118 25 2
118 117 2
118 3 2
118 124 2
119 108 2
120 55 2
120 129 2
120 112 2
120 64 2
121 11 2
121 117 2
121 112 2
121 81 2
121 131 2
121 59 2
121 39 2
121 122 2
121 49 2
121 74 2
121 121 2
121 19 2
122 18 2
122 122 2
122 39 2
122 112 2
122 8 2
124 113 2
124 31 2
124 124 2
124 25 2
124 117 2
124 126 2
125 92 2
125 25 2
125 139 2
125 88 2
125 30 2
125 26 2
125 32 2
125 121 2
125 81 2
125 112 2
125 80 2
125 120 2
125 24 2
125 129 2
125 23 2
125 48 2
125 132 2
125 11 2
125 38 2
125 55 2
125 82 2
125 125 2
126 25 2
126 117 2
126 16 2
127 127 2
127 14 2
127 9 2
127 114 2
127 34 2
127 8 2
127 134 2
127 0 2
127 137 2
127 20 2
127 143 2
127 62 2
127 69 2
127 43 2
127 13 2
127 98 2
128 74 2
128 45 2
128 47 2
128 40 2
128 26 2
128 113 2
128 67 2
128 11 2
128 6 2
128 121 2
128 131 2
128 141 2
128 61 2
128 130 2
128 117 2
128 9 2
128 31 2
129 129 2
129 117 2
129 28 2
129 19 2
129 9 2
129 11 2
129 8 2
129 49 2
129 65 2
129 55 2
130 40 2
130 61 2
130 67 2
130 26 2
130 74 2
130 6 2
130 72 2
131 9 2
132 30 2
132 23 2
132 63 2
133 69 2
133 134 2
133 27 2
133 95 2
133 121 2
133 9 2
133 46 2
133 112 2
134 133 2
134 70 2
134 90 2
134 91 2
134 87 2
134 27 2
134 46 2
134 121 2
134 127 2
134 50 2
134 110 2
134 52 2
134 57 2
134 8 2
134 142 2
134 95 2
134 7 2
134 22 2
134 19 2
134 138 2
134 144 2
134 62 2
134 10 2
134 77 2
134 135 2
134 93 2
134 134 2
135 73 2
135 96 2
135 136 2
135 27 2
135 90 2
135 110 2
136 135 2
137 13 2
137 114 2
137 8 2
137 5 2
137 2 2
137 140 2
137 43 2
137 1 2
137 0 2
137 93 2
137 137 2
137 77 2
137 20 2
137 10 2
137 18 2
137 112 2
138 53 2
138 60 2
138 86 2
138 95 2
138 97 2
138 91 2
138 84 2
138 108 2
138 134 2
138 87 2
138 142 2
139 125 2
139 139 2
139 30 2
140 43 2
140 77 2
140 3 2
140 10 2
140 141 2
140 2 2
140 137 2
140 5 2
140 18 2
140 93 2
140 0 2
140 1 2
140 9 2
140 145 2
140 140 2
140 98 2
140 143 2
140 17 2
140 12 2
140 8 2
141 10 2
141 140 2
141 45 2
141 43 2
141 144 2
141 17 2
141 98 2
141 22 2
141 143 2
141 141 2
141 137 2
141 8 2
141 62 2
142 142 2
142 20 2
142 8 2
142 134 2
142 90 2
142 91 2
142 27 2
142 133 2
142 124 2
142 88 2
142 10 2
142 112 2
143 143 2
143 22 2
143 63 2
143 12 2
143 144 2
143 98 2
143 45 2
143 9 2
143 13 2
143 8 2
143 134 2
143 127 2
143 29 2
143 140 2
143 114 2
143 62 2
143 43 2
143 20 2
143 128 2
143 148 2
143 54 2
143 10 2
143 141 2
144 8 2
144 22 2
144 140 2
144 45 2
144 143 2
144 9 2
144 141 2
144 7 2
144 53 2
144 144 2
144 10 2
144 134 2
144 127 2
144 29 2
144 91 2
144 148 2
144 99 2
144 107 2
144 94 2
144 27 2
145 145 2
145 17 2
145 37 2
145 34 2
145 115 2
145 42 2
145 116 2
145 33 2
145 56 2
145 83 2
145 57 2
146 40 2
146 71 2
146 41 2
146 6 2
146 3 2
146 39 2
146 67 2
146 18 2
146 72 2
147 147 2
148 8 2
148 9 2
148 62 2
0 2 3
0 31 3
0 19 3
0 5 3
1 5 3
1 93 3
1 2 3
2 0 3
2 5 3
2 77 3
2 93 3
3 3 3
3 126 3
5 2 3
5 1 3
5 77 3
5 93 3
5 3 3
5 23 3
5 141 3
6 121 3
6 117 3
6 11 3
6 74 3
6 19 3
8 62 3
8 69 3
8 20 3
8 8 3
8 10 3
8 144 3
8 74 3
8 140 3
8 137 3
8 11 3
8 117 3
8 121 3
8 128 3
8 6 3
8 134 3
8 51 3
8 19 3
8 43 3
8 52 3
8 148 3
8 142 3
8 9 3
8 76 3
8 127 3
8 54 3
8 27 3
8 133 3
8 70 3
8 91 3
8 50 3
8 39 3
8 1 3
8 0 3
10 8 3
10 134 3
10 1 3
10 0 3
10 140 3
10 137 3
10 3 3
11 74 3
11 55 3
11 8 3
11 117 3
11 23 3
11 38 3
11 129 3
11 24 3
11 54 3
11 20 3
11 133 3
11 142 3
11 121 3
12 62 3
12 9 3
12 63 3
12 13 3
12 140 3
12 98 3
12 148 3
12 54 3
12 20 3
13 63 3
13 29 3
13 73 3
13 56 3
13 33 3
13 116 3
13 83 3
13 115 3
13 36 3
17 29 3
17 57 3
17 37 3
18 18 3
19 88 3
19 31 3
20 8 3
20 9 3
20 142 3
20 20 3
20 30 3
22 8 3
22 148 3
22 144 3
22 45 3
23 11 3
23 24 3
23 23 3
23 126 3
23 77 3
23 57 3
23 2 3
23 36 3
25 124 3
25 126 3
25 26 3
25 118 3
25 117 3
25 25 3
25 125 3
26 25 3
26 40 3
26 30 3
26 92 3
29 29 3
29 56 3
29 42 3
29 137 3
29 144 3
29 57 3
29 85 3
29 13 3
29 34 3
29 36 3
30 88 3
30 125 3
30 74 3
30 139 3
30 80 3
30 142 3
30 72 3
30 47 3
30 67 3
30 128 3
30 121 3
30 26 3
30 40 3
30 117 3
30 25 3
30 124 3
30 129 3
30 24 3
30 38 3
30 112 3
30 131 3
30 120 3
30 39 3
30 55 3
31 88 3
31 19 3
31 64 3
31 65 3
33 115 3
33 34 3
33 85 3
33 37 3
33 44 3
33 42 3
33 116 3
33 57 3
33 83 3
33 29 3
33 68 3
33 36 3
34 116 3
34 115 3
34 83 3
34 145 3
34 85 3
34 37 3
34 57 3
34 13 3
34 44 3
34 33 3
34 42 3
34 56 3
34 68 3
34 36 3
34 29 3
36 42 3
36 34 3
36 56 3
36 68 3
36 33 3
36 116 3
36 83 3
36 37 3
36 145 3
36 13 3
36 115 3
36 29 3
37 34 3
37 36 3
37 33 3
37 83 3
37 57 3
37 115 3
37 145 3
37 116 3
37 42 3
37 13 3
37 68 3
37 69 3
38 3 3
40 121 3
42 68 3
42 85 3
42 34 3
42 145 3
42 29 3
42 37 3
42 83 3
42 33 3
42 115 3
42 137 3
43 141 3
43 140 3
43 121 3
45 45 3
45 37 3
45 83 3
45 144 3
46 95 3
46 6 3
46 55 3
46 90 3
46 47 3
46 51 3
46 79 3
47 121 3
47 30 3
47 128 3
50 74 3
50 53 3
51 79 3
51 46 3
51 9 3
52 8 3
52 142 3
54 9 3
54 63 3
54 20 3
54 133 3
54 11 3
54 142 3
54 121 3
54 128 3
54 40 3
54 54 3
54 144 3
54 137 3
54 140 3
54 134 3
54 8 3
54 6 3
54 70 3
54 117 3
54 74 3
54 91 3
54 10 3
54 50 3
54 27 3
54 51 3
54 135 3
54 94 3
54 90 3
54 87 3
54 92 3
54 53 3
54 107 3
54 119 3
54 65 3
54 24 3
54 122 3
54 124 3
54 25 3
54 60 3
54 64 3
54 111 3
54 106 3
54 150 3
54 95 3
54 69 3
54 66 3
54 109 3
54 38 3
54 55 3
54 67 3
54 72 3
54 47 3
54 26 3
54 46 3
54 129 3
54 39 3
54 112 3
54 120 3
54 131 3
54 0 3
54 1 3
54 79 3
55 11 3
55 46 3
55 55 3
55 24 3
55 121 3
56 56 3
56 29 3
56 34 3
56 68 3
56 115 3
56 116 3
56 83 3
56 37 3
56 145 3
56 33 3
57 42 3
57 37 3
57 85 3
57 33 3
57 29 3
57 56 3
57 13 3
59 126 3
59 145 3
60 138 3
60 91 3
60 70 3
62 12 3
62 8 3
62 69 3
62 148 3
64 31 3
64 65 3
64 19 3
64 66 3
64 120 3
64 69 3
68 34 3
68 56 3
68 42 3
68 145 3
68 37 3
68 29 3
68 83 3
68 33 3
68 115 3
68 116 3
69 148 3
69 88 3
70 87 3
70 133 3
70 60 3
72 3 3
72 30 3
72 6 3
73 73 3
73 13 3
74 8 3
74 125 3
74 121 3
74 30 3
74 92 3
74 6 3
74 40 3
74 26 3
74 130 3
74 67 3
74 128 3
74 47 3
74 11 3
74 120 3
74 133 3
74 50 3
74 117 3
77 2 3
77 1 3
77 93 3
77 5 3
77 3 3
77 126 3
77 23 3
77 77 3
80 30 3
80 139 3
82 6 3
83 37 3
83 34 3
83 83 3
83 33 3
83 115 3
83 116 3
83 45 3
83 145 3
83 42 3
83 68 3
83 44 3
83 36 3
83 56 3
83 29 3
84 74 3
85 34 3
85 145 3
85 42 3
85 37 3
85 57 3
85 33 3
85 29 3
85 85 3
87 91 3
88 31 3
88 125 3
88 139 3
88 69 3
91 60 3
91 8 3
91 134 3
91 144 3
91 87 3
93 5 3
93 94 3
93 77 3
93 134 3
93 10 3
93 107 3
93 2 3
93 137 3
93 3 3
93 133 3
93 142 3
93 27 3
93 52 3
93 91 3
93 23 3
94 107 3
94 144 3
95 46 3
95 134 3
95 10 3
95 87 3
95 133 3
96 73 3
97 119 3
97 103 3
97 149 3
97 150 3
97 111 3
97 109 3
97 100 3
97 97 3
97 106 3
99 144 3
99 45 3
104 50 3
104 104 3
105 106 3
106 109 3
107 108 3
107 94 3
108 97 3
108 94 3
108 107 3
111 109 3
112 112 3
115 34 3
115 116 3
115 83 3
115 37 3
115 33 3
115 145 3
115 42 3
116 34 3
116 37 3
116 33 3
116 115 3
116 83 3
116 42 3
116 145 3
116 68 3
116 36 3
117 25 3
117 8 3
117 118 3
117 124 3
117 11 3
117 121 3
118 25 3
118 117 3
119 150 3
119 106 3
120 31 3
120 64 3
121 74 3
121 8 3
121 9 3
121 134 3
121 139 3
121 54 3
121 11 3
121 117 3
121 121 3
121 112 3
121 131 3
121 122 3
121 128 3
121 40 3
122 129 3
124 25 3
125 30 3
125 139 3
125 88 3
125 74 3
125 128 3
125 25 3
126 117 3
126 3 3
126 25 3
126 77 3
126 23 3
127 127 3
127 52 3
127 8 3
128 30 3
129 55 3
129 11 3
129 129 3
129 121 3
129 82 3
131 112 3
133 27 3
133 134 3
133 95 3
133 70 3
133 9 3
133 121 3
133 128 3
133 11 3
133 74 3
133 117 3
133 52 3
133 91 3
133 60 3
133 140 3
133 137 3
133 90 3
134 9 3
134 8 3
134 95 3
134 10 3
134 144 3
134 70 3
134 90 3
134 87 3
134 91 3
134 142 3
134 27 3
134 133 3
134 121 3
134 52 3
134 138 3
134 46 3
134 51 3
134 69 3
134 54 3
134 140 3
137 8 3
137 140 3
138 91 3
138 87 3
139 121 3
139 88 3
139 125 3
139 30 3
139 80 3
140 8 3
140 54 3
140 9 3
140 98 3
140 144 3
140 137 3
140 10 3
142 52 3
142 8 3
142 93 3
142 10 3
142 107 3
142 142 3
142 95 3
142 30 3
142 20 3
142 134 3
142 51 3
142 27 3
144 45 3
144 10 3
144 27 3
144 8 3
144 134 3
144 22 3
144 140 3
144 9 3
144 99 3
144 91 3
144 137 3
144 29 3
145 83 3
145 34 3
145 116 3
145 42 3
145 37 3
145 33 3
145 36 3
148 20 3
148 22 3
148 80 3
150 111 3
150 97 3
