67 1433 0
67 1434 0
656 1431 0
656 1432 0
1190 1429 0
1190 1430 0
1393 1434 0
1393 1428 0
1483 1432 0
1483 1433 0
1525 1430 0
1525 1431 0
1885 1428 0
1885 1429 0
82 1433 1
82 1434 1
112 1431 1
112 1432 1
319 1429 1
319 1430 1
349 1434 1
349 1428 1
863 1432 1
863 1433 1
1464 1430 1
1464 1431 1
1646 1428 1
1646 1429 1
112 1433 2
112 1434 2
221 1431 2
221 1432 2
274 1429 2
274 1430 2
1282 1434 2
1282 1428 2
1499 1432 2
1499 1433 2
1701 1430 2
1701 1431 2
1895 1428 2
1895 1429 2
312 1433 3
312 1434 3
411 1431 3
411 1432 3
507 1429 3
507 1430 3
853 1434 3
853 1428 3
1356 1432 3
1356 1433 3
1479 1430 3
1479 1431 3
1494 1428 3
1494 1429 3
19 1433 4
19 1434 4
356 1431 4
356 1432 4
383 1429 4
383 1430 4
410 1434 4
410 1428 4
435 1432 4
435 1433 4
1652 1430 4
1652 1431 4
1807 1428 4
1807 1429 4
1 1433 5
1 1434 5
132 1431 5
132 1432 5
745 1429 5
745 1430 5
826 1434 5
826 1428 5
1060 1432 5
1060 1433 5
1107 1430 5
1107 1431 5
1681 1428 5
1681 1429 5
148 1433 6
148 1434 6
623 1431 6
623 1432 6
630 1429 6
630 1430 6
997 1434 6
997 1428 6
1212 1432 6
1212 1433 6
1399 1430 6
1399 1431 6
1837 1428 6
1837 1429 6
