4 1795 0
10 1502 0
54 1501 0
59 1500 0
70 1499 0
81 1498 0
122 1202 0
181 1147 0
267 1146 0
279 1144 0
304 1112 0
316 1012 0
335 968 0
345 124 0
359 824 0
418 795 0
428 794 0
470 789 0
559 788 0
589 763 0
676 762 0
680 758 0
689 40 0
689 123 0
716 757 0
719 712 0
733 15 0
733 39 0
843 711 0
946 708 0
953 707 0
1011 706 0
1150 624 0
1161 789 0
1161 14 0
1168 623 0
1215 622 0
1227 578 0
1306 577 0
1309 574 0
1329 556 0
1331 539 0
1400 534 0
1419 533 0
1494 624 0
1494 788 0
1551 531 0
1554 376 0
1603 375 0
1648 373 0
1665 372 0
1669 365 0
1671 345 0
1679 341 0
1698 243 0
1733 147 0
1736 622 0
1736 623 0
1848 134 0
1867 125 0
34 1795 1
122 1502 1
174 1501 1
228 1500 1
233 1499 1
280 1498 1
310 1202 1
316 1147 1
357 1146 1
369 40 1
369 123 1
422 1144 1
437 1112 1
502 1012 1
527 968 1
544 824 1
571 795 1
572 794 1
587 789 1
673 788 1
678 763 1
708 124 1
766 762 1
829 15 1
829 39 1
847 758 1
892 757 1
908 712 1
935 711 1
957 708 1
972 707 1
1008 706 1
1017 624 1
1026 623 1
1047 622 1
1122 578 1
1175 577 1
1220 574 1
1224 556 1
1230 539 1
1240 534 1
1241 533 1
1385 531 1
1479 789 1
1479 14 1
1491 624 1
1491 788 1
1622 376 1
1682 375 1
1692 373 1
1701 372 1
1703 365 1
1759 345 1
1760 341 1
1777 243 1
1801 147 1
1825 622 1
1825 623 1
1831 134 1
1836 125 1
141 1795 2
152 1502 2
153 1501 2
171 1500 2
174 40 2
174 123 2
202 1499 2
243 147 2
251 1498 2
292 1202 2
312 1147 2
370 1146 2
465 1144 2
483 1112 2
495 1012 2
534 134 2
546 968 2
557 824 2
559 795 2
601 794 2
626 789 2
643 15 2
643 39 2
651 788 2
656 763 2
707 125 2
710 762 2
743 758 2
794 124 2
839 757 2
854 712 2
878 711 2
882 708 2
1006 707 2
1013 706 2
1023 789 2
1023 14 2
1024 624 2
1085 624 2
1085 788 2
1113 623 2
1183 622 2
1184 578 2
1206 577 2
1207 574 2
1233 556 2
1251 539 2
1287 622 2
1287 623 2
1299 534 2
1306 533 2
1308 531 2
1372 376 2
1476 375 2
1541 373 2
1599 372 2
1625 365 2
1637 345 2
1813 341 2
1827 243 2
51 1795 3
80 1502 3
138 1501 3
152 1500 3
211 1499 3
232 1498 3
250 1202 3
333 1147 3
377 1146 3
405 1144 3
418 1112 3
509 40 3
509 123 3
563 1012 3
590 968 3
602 15 3
602 39 3
616 824 3
692 795 3
701 794 3
734 789 3
800 788 3
876 763 3
893 762 3
897 758 3
927 757 3
941 789 3
941 14 3
960 712 3
964 711 3
1006 708 3
1039 707 3
1097 706 3
1110 624 3
1113 623 3
1138 622 3
1173 578 3
1222 577 3
1231 574 3
1234 556 3
1263 624 3
1263 788 3
1271 539 3
1292 534 3
1389 622 3
1389 623 3
1503 533 3
1526 531 3
1630 376 3
1631 375 3
1639 373 3
1652 372 3
1662 365 3
1667 345 3
1688 341 3
1747 243 3
1768 147 3
1779 134 3
1800 125 3
1822 124 3
49 1795 4
126 1502 4
128 1501 4
132 1500 4
151 1499 4
166 1498 4
181 1202 4
182 1147 4
428 1146 4
475 1144 4
496 1112 4
508 1012 4
511 968 4
639 824 4
647 795 4
669 40 4
669 123 4
670 794 4
706 124 4
739 789 4
773 15 4
773 39 4
797 788 4
800 763 4
802 762 4
846 758 4
868 757 4
977 712 4
980 711 4
995 708 4
1025 707 4
1104 706 4
1163 624 4
1185 623 4
1264 622 4
1296 789 4
1296 14 4
1346 578 4
1359 577 4
1429 574 4
1473 556 4
1534 539 4
1539 534 4
1561 533 4
1568 531 4
1570 376 4
1590 375 4
1662 624 4
1662 788 4
1696 373 4
1720 372 4
1761 365 4
1780 345 4
1791 341 4
1801 243 4
1813 147 4
1821 134 4
1893 622 4
1893 623 4
1894 125 4
8 1795 5
38 1502 5
41 1501 5
68 1500 5
75 1499 5
78 40 5
78 123 5
159 1498 5
265 1202 5
281 1147 5
371 1146 5
387 1144 5
412 1112 5
420 15 5
420 39 5
432 1012 5
481 968 5
486 824 5
509 795 5
527 794 5
533 125 5
563 789 5
702 788 5
713 763 5
767 762 5
787 758 5
824 124 5
832 757 5
835 789 5
835 14 5
853 712 5
923 711 5
953 708 5
1019 707 5
1097 706 5
1103 624 5
1124 623 5
1158 622 5
1205 578 5
1338 577 5
1369 624 5
1369 788 5
1416 574 5
1424 556 5
1433 539 5
1487 534 5
1528 533 5
1566 531 5
1581 376 5
1678 375 5
1683 622 5
1683 623 5
1712 373 5
1748 372 5
1767 365 5
1806 345 5
1818 341 5
1820 243 5
1840 147 5
1850 134 5
5 1795 6
20 1502 6
23 1501 6
43 1500 6
73 1499 6
116 1498 6
127 1202 6
135 40 6
135 123 6
220 1147 6
285 1146 6
322 1144 6
403 1112 6
406 1012 6
455 968 6
470 824 6
535 795 6
601 794 6
725 789 6
734 788 6
760 763 6
761 762 6
796 758 6
817 757 6
828 712 6
838 711 6
889 708 6
895 707 6
900 706 6
939 624 6
964 15 6
964 39 6
980 623 6
995 622 6
997 578 6
1010 577 6
1011 574 6
1061 556 6
1081 539 6
1092 534 6
1174 533 6
1193 789 6
1193 14 6
1246 531 6
1266 376 6
1398 375 6
1409 373 6
1418 372 6
1465 365 6
1517 345 6
1531 341 6
1643 624 6
1643 788 6
1730 622 6
1730 623 6
1795 124 6
1827 243 6
1860 147 6
1873 134 6
1883 125 6
