5 1897 0
26 873 0
26 889 0
45 846 0
45 871 0
47 1891 0
66 815 0
66 820 0
67 813 0
67 814 0
71 1890 0
88 634 0
88 654 0
88 655 0
88 684 0
90 1874 0
91 1856 0
92 1815 0
93 1814 0
95 1812 0
116 772 0
116 812 0
119 762 0
119 763 0
132 760 0
132 761 0
139 472 0
139 499 0
139 527 0
139 602 0
144 454 0
144 455 0
144 461 0
144 463 0
146 747 0
146 750 0
153 743 0
153 744 0
172 1506 0
172 1507 0
172 95 0
172 102 0
172 298 0
172 299 0
176 720 0
176 731 0
185 703 0
185 704 0
191 1782 0
194 1779 0
240 1777 0
241 684 0
241 688 0
246 331 0
246 341 0
246 362 0
246 415 0
264 1767 0
279 656 0
279 657 0
286 654 0
286 655 0
291 640 0
291 642 0
298 1138 0
298 1139 0
302 1766 0
314 631 0
314 634 0
325 1736 0
328 1735 0
349 1708 0
354 1690 0
355 1689 0
357 1686 0
364 527 0
364 602 0
368 1685 0
384 1634 0
386 1633 0
428 1627 0
434 517 0
434 518 0
437 489 0
437 499 0
455 1626 0
470 299 0
470 308 0
470 309 0
470 330 0
472 1574 0
481 472 0
481 488 0
486 1573 0
493 461 0
493 463 0
510 455 0
510 457 0
513 1530 0
516 446 0
516 454 0
519 425 0
519 428 0
527 938 0
527 1128 0
544 1528 0
555 415 0
555 424 0
574 102 0
574 243 0
574 244 0
574 298 0
587 1524 0
604 1523 0
605 53 0
605 78 0
605 86 0
605 95 0
609 1517 0
611 1506 0
611 1507 0
611 28 0
611 33 0
613 1516 0
632 356 0
632 362 0
643 1513 0
655 1507 0
671 1506 0
676 349 0
676 355 0
681 341 0
681 348 0
706 1500 0
709 1398 0
727 1397 0
728 331 0
728 339 0
757 1380 0
764 1377 0
768 1366 0
779 1365 0
786 309 0
786 330 0
797 301 0
797 308 0
802 1361 0
815 814 0
815 820 0
816 298 0
816 299 0
824 275 0
824 277 0
826 243 0
826 244 0
832 1335 0
840 1334 0
867 1326 0
878 1325 0
886 218 0
886 219 0
893 1309 0
897 166 0
897 172 0
908 158 0
908 165 0
942 1308 0
947 1506 0
947 1507 0
947 362 0
947 415 0
947 454 0
947 455 0
960 149 0
960 157 0
963 95 0
963 102 0
981 1298 0
983 1287 0
984 760 0
984 761 0
984 762 0
1000 86 0
1000 94 0
1007 1286 0
1023 1271 0
1031 1270 0
1055 53 0
1055 78 0
1057 1254 0
1081 1253 0
1100 890 0
1100 937 0
1108 1234 0
1110 1232 0
1119 1190 0
1139 917 0
1146 1185 0
1148 46 0
1148 47 0
1159 912 0
1195 35 0
1195 38 0
1198 28 0
1198 33 0
1202 1184 0
1205 1177 0
1206 17 0
1206 18 0
1225 1167 0
1233 12 0
1233 13 0
1261 1160 0
1310 1874 0
1310 1897 0
1325 873 0
1325 889 0
1331 1812 0
1331 1856 0
1336 1159 0
1344 1158 0
1359 1157 0
1361 812 0
1361 813 0
1362 1155 0
1371 1766 0
1371 1767 0
1393 1308 0
1393 1309 0
1393 1397 0
1393 1398 0
1434 1735 0
1434 1736 0
1448 1152 0
1451 527 0
1451 634 0
1451 812 0
1451 813 0
1456 1634 0
1456 1708 0
1467 1151 0
1473 1627 0
1473 1633 0
1478 1150 0
1491 362 0
1491 415 0
1491 454 0
1491 455 0
1508 1139 0
1511 1530 0
1511 1626 0
1538 1138 0
1548 95 0
1548 102 0
1548 298 0
1548 299 0
1550 1131 0
1555 1128 0
1569 1507 0
1569 1528 0
1573 911 0
1581 1125 0
1645 688 0
1645 703 0
1645 704 0
1661 1398 0
1661 1506 0
1667 1380 0
1667 1397 0
1670 1361 0
1670 1377 0
1701 1100 0
1706 1397 0
1706 1398 0
1706 1506 0
1706 1507 0
1716 1308 0
1716 1309 0
1721 1099 0
1725 1271 0
1725 1298 0
1728 1254 0
1728 1270 0
1736 890 0
1742 1077 0
1756 1076 0
1777 815 0
1777 871 0
1792 527 0
1792 634 0
1792 812 0
1792 813 0
1794 1190 0
1794 1253 0
1802 1034 0
1805 1184 0
1805 1185 0
1806 1167 0
1806 1177 0
1807 973 0
1812 763 0
1812 772 0
1834 972 0
1861 1157 0
1861 1158 0
1869 938 0
1873 1152 0
1873 1155 0
1877 937 0
1889 918 0
1893 1150 0
1893 1151 0
0 1512 1
0 1513 1
1 1508 1
1 1510 1
2 1898 1
3 1446 1
3 1447 1
3 1449 1
3 1453 1
5 1504 1
5 1505 1
6 1040 1
6 1041 1
6 1042 1
6 1052 1
6 1058 1
6 1060 1
7 1892 1
9 1890 1
10 1501 1
10 1503 1
11 8 1
11 14 1
11 15 1
16 1898 1
16 1 1
16 2 1
18 1498 1
18 1500 1
19 1887 1
22 1494 1
22 1495 1
25 1523 1
25 1543 1
25 1562 1
25 1572 1
25 1573 1
25 1578 1
25 1584 1
25 1604 1
26 1489 1
26 1493 1
27 1 1
27 14 1
27 15 1
27 17 1
27 18 1
27 20 1
29 1886 1
34 1885 1
37 505 1
37 507 1
37 509 1
37 513 1
37 522 1
37 529 1
37 530 1
37 539 1
37 540 1
37 541 1
41 1487 1
41 1488 1
42 1481 1
42 1485 1
44 1478 1
44 1480 1
45 821 1
45 822 1
45 823 1
45 825 1
46 1884 1
47 1385 1
47 1387 1
47 1388 1
47 1398 1
47 1402 1
48 1473 1
48 1474 1
50 1882 1
51 1432 1
51 1439 1
51 1441 1
51 1443 1
52 1469 1
52 1471 1
54 1881 1
56 1464 1
56 1466 1
59 1462 1
59 1463 1
60 1452 1
60 1453 1
61 798 1
61 802 1
61 808 1
61 817 1
65 645 1
65 651 1
65 654 1
65 655 1
65 664 1
65 665 1
65 680 1
65 697 1
66 1880 1
67 787 1
67 791 1
67 792 1
67 794 1
69 146 1
69 148 1
69 149 1
69 154 1
69 157 1
69 158 1
69 167 1
69 175 1
72 149 1
72 154 1
72 157 1
72 158 1
72 160 1
72 167 1
73 1449 1
73 1451 1
75 1879 1
76 1878 1
77 1876 1
79 1446 1
79 1447 1
80 104 1
80 110 1
80 111 1
80 128 1
80 129 1
80 132 1
80 140 1
80 141 1
82 1065 1
82 1066 1
82 1106 1
82 1138 1
82 1139 1
82 1146 1
82 1147 1
82 1189 1
82 1204 1
82 1237 1
83 779 1
83 781 1
83 782 1
83 783 1
84 772 1
84 775 1
84 776 1
84 777 1
85 765 1
85 766 1
85 768 1
85 770 1
93 1443 1
93 1444 1
94 1439 1
94 1441 1
95 1801 1
95 1806 1
95 1807 1
95 1809 1
95 1815 1
97 1792 1
97 1796 1
97 1797 1
97 1799 1
97 1800 1
98 1887 1
98 1890 1
98 1892 1
99 1058 1
99 1060 1
99 1061 1
99 1062 1
99 1064 1
99 1065 1
99 1066 1
99 1069 1
99 1070 1
101 757 1
101 759 1
101 760 1
101 762 1
102 1875 1
104 1437 1
104 1438 1
105 752 1
105 753 1
105 754 1
105 756 1
106 1429 1
106 1432 1
107 1424 1
107 1426 1
107 1428 1
107 1429 1
111 1870 1
111 1875 1
111 1881 1
111 1884 1
111 1887 1
111 1892 1
112 1426 1
112 1428 1
115 1413 1
115 1416 1
115 1421 1
115 1423 1
116 622 1
116 624 1
116 626 1
116 627 1
116 633 1
116 635 1
116 637 1
116 640 1
117 739 1
117 741 1
117 749 1
117 751 1
120 1882 1
120 1884 1
120 1886 1
123 731 1
123 733 1
123 736 1
123 737 1
124 1874 1
128 1876 1
128 1880 1
128 1881 1
130 1398 1
130 1402 1
130 1405 1
130 1407 1
131 53 1
131 54 1
131 55 1
131 56 1
131 59 1
131 61 1
131 71 1
131 78 1
131 79 1
131 82 1
134 1872 1
137 148 1
137 149 1
137 157 1
137 158 1
137 190 1
137 252 1
137 265 1
137 266 1
137 273 1
137 274 1
139 392 1
139 395 1
139 399 1
139 407 1
139 410 1
139 411 1
139 421 1
139 423 1
139 432 1
141 1870 1
142 1423 1
142 1424 1
143 1869 1
144 1765 1
144 1769 1
144 1770 1
144 1784 1
144 1787 1
146 1416 1
146 1421 1
148 723 1
148 724 1
148 729 1
148 730 1
149 1412 1
149 1413 1
156 1407 1
156 1411 1
157 1403 1
157 1405 1
158 869 1
158 870 1
158 979 1
158 991 1
158 1029 1
158 1058 1
158 1060 1
158 1061 1
158 1062 1
158 1064 1
159 273 1
159 274 1
159 304 1
159 325 1
159 339 1
159 351 1
159 374 1
159 383 1
159 387 1
160 715 1
160 716 1
160 717 1
160 721 1
163 1024 1
163 1027 1
163 1028 1
163 1029 1
163 1032 1
163 1039 1
166 1189 1
166 1342 1
166 1257 1
166 1335 1
166 1337 1
166 1377 1
166 1432 1
166 1441 1
166 1473 1
166 1543 1
166 1620 1
166 1625 1
166 1674 1
166 1686 1
167 1400 1
167 1402 1
169 1868 1
170 383 1
170 387 1
170 392 1
170 393 1
170 395 1
170 399 1
172 1397 1
172 1398 1
177 1395 1
177 1396 1
180 1388 1
180 1395 1
180 1396 1
180 1397 1
183 1867 1
184 979 1
184 988 1
184 991 1
184 993 1
184 997 1
184 1022 1
184 1024 1
184 1029 1
184 1041 1
186 1865 1
187 1387 1
187 1388 1
189 1385 1
189 1386 1
191 1383 1
191 1384 1
192 1377 1
192 1382 1
193 1863 1
194 1861 1
197 190 1
197 210 1
197 213 1
197 237 1
197 250 1
197 251 1
197 252 1
197 256 1
198 1375 1
198 1376 1
200 1003 1
200 1012 1
200 1013 1
200 1020 1
200 1021 1
200 1022 1
201 1858 1
202 706 1
202 707 1
202 711 1
202 713 1
205 1373 1
205 1374 1
206 697 1
206 699 1
206 703 1
206 705 1
208 1384 1
208 1385 1
208 1386 1
208 1387 1
210 1857 1
211 1856 1
212 348 1
212 351 1
212 364 1
212 365 1
212 367 1
212 374 1
213 1854 1
214 1371 1
214 1372 1
217 1851 1
219 687 1
219 688 1
219 691 1
219 692 1
220 1432 1
220 1441 1
220 1473 1
220 1543 1
220 1620 1
220 1625 1
220 1674 1
220 1677 1
220 1686 1
220 1694 1
220 1760 1
220 1806 1
223 677 1
223 680 1
223 685 1
223 686 1
224 1363 1
224 1367 1
227 1872 1
227 1874 1
227 1875 1
229 563 1
229 574 1
229 577 1
229 586 1
229 593 1
229 598 1
229 609 1
229 621 1
230 1375 1
230 1377 1
230 1382 1
230 1383 1
231 158 1
231 159 1
231 160 1
232 665 1
232 673 1
232 674 1
232 675 1
233 652 1
233 654 1
233 655 1
233 664 1
234 1850 1
238 1371 1
238 1372 1
238 1373 1
238 1374 1
239 1360 1
239 1362 1
239 1363 1
239 1367 1
241 641 1
241 645 1
241 650 1
241 651 1
242 1360 1
242 1362 1
244 1354 1
244 1358 1
245 336 1
245 337 1
245 338 1
245 339 1
245 341 1
245 346 1
247 1846 1
248 1351 1
248 1352 1
249 1845 1
252 1868 1
252 1869 1
252 1870 1
254 1351 1
254 1352 1
254 1354 1
254 1358 1
255 1340 1
255 1341 1
255 1342 1
255 1343 1
256 1342 1
256 1343 1
258 1340 1
258 1341 1
259 988 1
259 991 1
259 993 1
259 996 1
259 997 1
259 998 1
260 1843 1
261 1842 1
263 1337 1
263 1338 1
268 1840 1
273 1333 1
273 1335 1
274 1836 1
275 1861 1
275 1863 1
275 1867 1
283 1020 1
283 1021 1
283 1022 1
283 1024 1
283 1028 1
283 1029 1
283 1032 1
285 636 1
285 637 1
285 638 1
285 640 1
287 1831 1
294 153 1
294 154 1
294 157 1
296 1329 1
296 1330 1
297 1643 1
297 1646 1
297 1667 1
297 1674 1
297 1677 1
297 1686 1
297 1694 1
297 1721 1
300 1327 1
300 1328 1
301 137 1
301 140 1
301 141 1
301 143 1
301 146 1
301 148 1
302 1324 1
302 1326 1
304 630 1
304 632 1
304 633 1
304 635 1
305 1830 1
306 1827 1
308 1318 1
308 1323 1
312 1314 1
312 1315 1
314 1311 1
314 1313 1
315 1850 1
315 1854 1
315 1857 1
315 1861 1
315 1863 1
315 1867 1
318 1851 1
318 1854 1
318 1857 1
319 1333 1
319 1335 1
319 1337 1
319 1338 1
320 1826 1
327 1309 1
327 1310 1
328 1307 1
328 1308 1
329 1305 1
329 1306 1
330 1824 1
333 1327 1
333 1328 1
333 1329 1
333 1330 1
334 1302 1
334 1304 1
336 622 1
336 624 1
336 626 1
336 627 1
337 1823 1
338 1822 1
339 1300 1
339 1301 1
340 1295 1
340 1299 1
341 1819 1
342 149 1
342 150 1
342 152 1
344 1818 1
347 1293 1
347 1294 1
349 1289 1
349 1292 1
350 1313 1
350 1323 1
350 1324 1
350 1326 1
351 612 1
351 615 1
351 617 1
351 621 1
352 1815 1
356 1286 1
356 1288 1
358 603 1
358 607 1
358 609 1
358 611 1
361 1308 1
361 1309 1
361 1310 1
361 1311 1
362 1301 1
362 1302 1
362 1304 1
362 1307 1
363 529 1
363 530 1
363 537 1
363 539 1
363 540 1
363 541 1
363 543 1
363 550 1
364 1814 1
368 1812 1
370 1282 1
370 1283 1
371 1294 1
371 1295 1
371 1299 1
371 1300 1
375 1809 1
378 1280 1
378 1281 1
380 1271 1
380 1274 1
383 1845 1
383 1846 1
383 1850 1
384 1269 1
384 1270 1
386 323 1
386 324 1
386 325 1
386 328 1
386 334 1
386 335 1
387 1808 1
388 1807 1
389 593 1
389 595 1
389 598 1
389 602 1
390 843 1
390 847 1
390 855 1
390 857 1
390 863 1
390 868 1
390 869 1
390 870 1
390 965 1
391 1265 1
391 1266 1
392 1424 1
392 1429 1
392 1432 1
392 1441 1
392 1463 1
392 1464 1
392 1473 1
392 1521 1
393 1806 1
395 583 1
395 586 1
395 588 1
395 590 1
397 571 1
397 574 1
397 577 1
397 581 1
398 143 1
398 146 1
398 148 1
399 1260 1
399 1263 1
400 1256 1
400 1257 1
402 565 1
402 566 1
402 567 1
402 568 1
403 1805 1
407 1836 1
407 1840 1
407 1842 1
408 1803 1
412 962 1
412 965 1
412 970 1
412 971 1
412 975 1
412 979 1
415 1288 1
415 1289 1
415 1292 1
415 1293 1
417 1251 1
417 1253 1
421 1248 1
421 1249 1
422 1801 1
423 1189 1
423 1342 1
423 1694 1
423 1760 1
423 1806 1
423 1807 1
423 1809 1
423 1818 1
423 1857 1
423 1863 1
423 1870 1
423 1892 1
424 1800 1
426 1182 1
426 1189 1
426 1195 1
426 1204 1
426 1223 1
426 1224 1
426 1225 1
429 1799 1
430 1797 1
431 1244 1
431 1245 1
432 1242 1
432 1243 1
434 1796 1
435 1189 1
435 1342 1
435 30 1
435 54 1
435 55 1
435 59 1
435 96 1
435 100 1
435 104 1
435 140 1
435 141 1
435 148 1
437 407 1
437 408 1
437 410 1
437 411 1
440 1792 1
442 1240 1
442 1241 1
443 991 1
443 993 1
443 996 1
443 997 1
443 998 1
443 1003 1
443 1013 1
447 1271 1
447 1274 1
447 1280 1
447 1282 1
451 1238 1
451 1239 1
454 1236 1
454 1237 1
455 397 1
455 399 1
455 402 1
455 406 1
457 1233 1
457 1235 1
458 1231 1
458 1232 1
459 945 1
459 948 1
459 950 1
459 951 1
459 959 1
459 961 1
460 1791 1
461 1790 1
463 1788 1
464 1787 1
466 1226 1
466 1230 1
467 1224 1
467 1225 1
468 1826 1
468 1827 1
468 1831 1
470 1818 1
470 1822 1
470 1823 1
472 1221 1
472 1223 1
473 1219 1
473 1220 1
475 1809 1
475 1812 1
475 1815 1
476 1217 1
476 1218 1
477 1212 1
477 1216 1
478 1801 1
478 1806 1
478 1807 1
478 1809 1
478 1815 1
478 1818 1
479 1750 1
479 1751 1
479 1752 1
479 1760 1
479 1764 1
481 1210 1
481 1211 1
482 1787 1
482 1792 1
482 1796 1
482 1797 1
482 1799 1
482 1800 1
486 1857 1
486 1861 1
486 1863 1
486 1867 1
486 1870 1
486 1884 1
486 1887 1
486 1892 1
486 30 1
486 50 1
487 1206 1
487 1209 1
491 1204 1
491 1205 1
494 1192 1
494 1195 1
495 1189 1
495 1342 1
495 252 1
495 1870 1
495 529 1
495 530 1
495 539 1
495 621 1
495 622 1
495 626 1
495 627 1
495 705 1
495 855 1
495 870 1
497 1786 1
498 1784 1
499 1783 1
500 139 1
500 140 1
500 141 1
501 1265 1
501 1266 1
501 1269 1
501 1270 1
503 136 1
503 137 1
503 138 1
504 1782 1
508 1189 1
508 1190 1
511 1774 1
513 1773 1
516 1187 1
516 1188 1
517 1372 1
517 1377 1
517 1382 1
517 1383 1
517 1384 1
518 1185 1
518 1186 1
519 128 1
519 129 1
519 132 1
520 1770 1
521 1769 1
522 1768 1
525 1183 1
525 1184 1
526 627 1
526 697 1
526 705 1
526 730 1
526 759 1
526 760 1
526 775 1
526 781 1
526 794 1
526 802 1
526 855 1
526 863 1
528 1181 1
528 1182 1
529 1760 1
529 1764 1
529 1765 1
529 1769 1
529 1770 1
529 1784 1
533 1179 1
533 1180 1
534 1171 1
534 1174 1
535 1166 1
535 1169 1
536 1806 1
536 1807 1
536 1808 1
537 1164 1
537 1165 1
538 1162 1
538 1163 1
541 1765 1
546 561 1
546 562 1
546 563 1
546 564 1
549 1764 1
550 1728 1
550 1729 1
550 1737 1
550 1750 1
550 1751 1
550 1752 1
551 1156 1
551 1160 1
553 123 1
553 124 1
553 127 1
556 1763 1
557 391 1
557 392 1
557 393 1
557 395 1
559 1154 1
559 1155 1
560 1147 1
560 1189 1
560 1204 1
560 1237 1
560 1256 1
560 1257 1
560 1335 1
560 1337 1
560 1342 1
560 1377 1
560 1387 1
560 1388 1
562 496 1
562 505 1
562 507 1
562 509 1
562 529 1
562 530 1
562 539 1
562 540 1
562 598 1
562 621 1
562 622 1
562 626 1
563 381 1
563 383 1
563 387 1
563 389 1
566 1799 1
566 1800 1
566 1801 1
570 1152 1
570 1153 1
571 374 1
571 378 1
571 379 1
571 380 1
572 1729 1
572 1734 1
572 1735 1
572 1737 1
572 1738 1
574 1762 1
579 1148 1
579 1149 1
580 1146 1
580 1147 1
584 1139 1
584 1143 1
585 1137 1
585 1138 1
586 1133 1
586 1136 1
591 1761 1
593 1131 1
593 1132 1
595 407 1
595 410 1
595 411 1
595 421 1
595 423 1
595 432 1
595 469 1
595 470 1
595 492 1
595 496 1
601 550 1
601 552 1
601 556 1
601 557 1
602 1128 1
602 1130 1
603 1125 1
603 1127 1
607 1760 1
608 120 1
608 121 1
608 122 1
609 1756 1
610 1256 1
610 1257 1
610 1260 1
610 1263 1
612 1792 1
612 1796 1
612 1797 1
613 117 1
613 118 1
613 119 1
615 1755 1
617 1115 1
617 1117 1
623 902 1
623 918 1
623 925 1
623 934 1
623 942 1
623 944 1
624 1786 1
624 1787 1
624 1788 1
625 1782 1
625 1783 1
625 1784 1
628 1694 1
628 1697 1
628 1703 1
628 1721 1
628 1728 1
629 1109 1
629 1114 1
632 148 1
632 149 1
632 157 1
632 158 1
632 190 1
632 250 1
632 252 1
632 265 1
632 266 1
634 543 1
634 544 1
634 545 1
634 548 1
635 1752 1
636 1751 1
637 1363 1
637 1372 1
637 1377 1
637 1382 1
637 1387 1
637 1388 1
637 1398 1
637 1423 1
640 1106 1
640 1108 1
641 366 1
641 367 1
641 369 1
641 372 1
642 1245 1
642 1248 1
642 1249 1
642 1251 1
643 1093 1
643 1102 1
647 1091 1
647 1092 1
648 1750 1
650 1085 1
650 1090 1
652 1769 1
652 1770 1
652 1774 1
653 1082 1
653 1084 1
654 1352 1
654 1360 1
654 1362 1
654 1363 1
654 1367 1
655 1677 1
655 1686 1
655 1691 1
655 1694 1
655 1697 1
655 1721 1
657 1674 1
657 1677 1
657 1680 1
657 1686 1
657 1691 1
659 1238 1
659 1239 1
659 1240 1
659 1243 1
661 1075 1
661 1079 1
662 1742 1
665 781 1
665 782 1
665 783 1
665 792 1
665 794 1
665 798 1
665 802 1
669 1741 1
673 348 1
673 351 1
673 364 1
673 365 1
675 652 1
675 654 1
677 650 1
677 651 1
678 641 1
678 645 1
679 1073 1
679 1074 1
680 638 1
680 640 1
681 1070 1
681 1072 1
683 1740 1
684 1231 1
684 1235 1
684 1236 1
684 1237 1
685 1739 1
687 636 1
687 637 1
688 1738 1
691 83 1
691 84 1
691 96 1
691 100 1
691 104 1
691 110 1
691 111 1
691 140 1
691 141 1
693 1068 1
693 1069 1
694 1223 1
694 1224 1
694 1225 1
694 1226 1
695 1066 1
695 1067 1
696 505 1
696 507 1
696 509 1
696 513 1
696 515 1
696 516 1
696 522 1
696 523 1
700 1210 1
700 1211 1
700 1216 1
700 1219 1
702 539 1
702 540 1
702 541 1
702 542 1
706 1764 1
706 1765 1
706 1768 1
707 1760 1
707 1761 1
707 1762 1
708 1760 1
708 1770 1
708 1784 1
708 1792 1
708 1806 1
708 1807 1
708 1809 1
708 1815 1
708 1818 1
708 1854 1
709 1149 1
709 1152 1
709 1154 1
709 1156 1
709 1165 1
709 1171 1
709 1181 1
710 1625 1
710 1635 1
710 1674 1
710 1677 1
710 1686 1
710 1694 1
710 1721 1
710 1728 1
710 1729 1
710 1750 1
711 341 1
711 343 1
711 345 1
711 346 1
714 1737 1
715 1340 1
715 1341 1
715 1342 1
715 1343 1
715 1351 1
717 1736 1
718 1064 1
718 1065 1
720 1195 1
720 1204 1
720 1206 1
720 1209 1
721 634 1
721 635 1
722 1186 1
722 1189 1
722 1190 1
722 1192 1
724 632 1
724 633 1
725 1643 1
725 1646 1
725 1658 1
725 1665 1
725 1667 1
728 1062 1
728 1063 1
730 1735 1
731 627 1
731 630 1
733 625 1
733 626 1
734 1734 1
735 868 1
735 869 1
735 870 1
735 878 1
735 888 1
735 889 1
736 1310 1
736 1328 1
736 1335 1
736 1337 1
736 1338 1
737 336 1
737 337 1
737 338 1
737 339 1
738 1729 1
739 1189 1
739 1342 1
739 252 1
739 1870 1
739 1625 1
739 1674 1
739 626 1
739 627 1
739 1138 1
739 1139 1
739 1146 1
739 1147 1
739 1204 1
739 1337 1
739 1377 1
739 1432 1
739 1441 1
739 1473 1
740 1060 1
740 1061 1
742 777 1
742 781 1
742 782 1
742 794 1
742 798 1
742 802 1
742 828 1
742 832 1
742 836 1
743 1052 1
743 1058 1
744 782 1
744 794 1
744 798 1
744 802 1
744 828 1
744 832 1
744 836 1
744 843 1
744 855 1
744 857 1
745 622 1
745 624 1
748 531 1
748 532 1
748 535 1
748 537 1
749 1750 1
749 1751 1
749 1752 1
750 111 1
750 112 1
750 114 1
753 617 1
753 621 1
758 1728 1
759 328 1
759 331 1
759 334 1
759 335 1
761 1049 1
761 1051 1
763 854 1
763 855 1
763 857 1
763 863 1
763 864 1
763 865 1
766 1727 1
767 1621 1
767 1625 1
767 1627 1
767 1633 1
767 1635 1
768 612 1
768 615 1
769 304 1
769 306 1
769 309 1
769 315 1
769 317 1
769 320 1
772 1760 1
772 1806 1
772 1807 1
772 1809 1
772 1815 1
772 1818 1
772 1857 1
772 1861 1
772 1863 1
772 1867 1
773 1046 1
773 1047 1
774 1044 1
774 1045 1
776 609 1
776 611 1
777 1635 1
777 1643 1
777 1646 1
777 1665 1
777 1667 1
777 1674 1
778 1724 1
781 606 1
781 607 1
782 1721 1
783 602 1
783 603 1
784 1720 1
786 828 1
786 832 1
786 836 1
786 843 1
786 847 1
786 853 1
787 123 1
787 124 1
787 128 1
787 129 1
787 132 1
787 136 1
789 730 1
789 736 1
789 741 1
789 752 1
789 756 1
789 759 1
789 760 1
789 766 1
789 775 1
790 1718 1
791 599 1
791 601 1
793 1740 1
793 1741 1
793 1742 1
796 106 1
796 108 1
796 110 1
800 525 1
800 527 1
800 529 1
800 530 1
801 1714 1
803 1712 1
807 1041 1
807 1042 1
809 1705 1
810 103 1
810 104 1
810 105 1
811 1189 1
811 1342 1
811 252 1
811 1870 1
811 1625 1
811 1674 1
811 626 1
811 627 1
811 505 1
811 530 1
811 1058 1
811 1543 1
811 96 1
811 855 1
811 870 1
811 1146 1
811 1204 1
811 1377 1
811 1432 1
811 1441 1
811 148 1
811 149 1
812 1703 1
815 516 1
815 517 1
815 522 1
815 523 1
816 1699 1
820 1039 1
820 1040 1
821 596 1
821 598 1
825 78 1
825 79 1
825 82 1
825 83 1
825 84 1
825 96 1
825 98 1
825 100 1
826 593 1
826 595 1
828 1613 1
828 1614 1
828 1620 1
828 1621 1
828 1625 1
828 1627 1
830 588 1
830 590 1
834 1443 1
834 1453 1
834 1462 1
834 1463 1
834 1464 1
838 783 1
838 792 1
838 794 1
838 798 1
838 802 1
838 817 1
839 98 1
839 100 1
839 101 1
840 948 1
840 950 1
840 951 1
840 962 1
840 965 1
840 979 1
840 988 1
841 1036 1
841 1037 1
843 583 1
843 586 1
847 577 1
847 581 1
848 1029 1
848 1032 1
849 1027 1
849 1028 1
851 1182 1
851 1183 1
851 1184 1
851 1185 1
852 1735 1
852 1737 1
852 1738 1
855 1579 1
855 1584 1
855 1604 1
855 1608 1
855 1611 1
855 1612 1
857 574 1
857 575 1
860 1023 1
860 1024 1
863 1697 1
864 568 1
864 571 1
865 566 1
865 567 1
866 1171 1
866 1174 1
866 1180 1
866 1181 1
867 564 1
867 565 1
870 1562 1
870 1569 1
870 1570 1
870 1572 1
870 1573 1
870 1578 1
871 320 1
871 323 1
871 324 1
871 325 1
875 598 1
875 621 1
875 622 1
875 626 1
875 627 1
875 697 1
875 705 1
875 723 1
875 729 1
876 311 1
876 312 1
876 315 1
876 317 1
879 1021 1
879 1022 1
880 562 1
880 563 1
881 1019 1
881 1020 1
882 1017 1
882 1018 1
883 558 1
883 561 1
886 556 1
886 557 1
887 1696 1
888 304 1
888 305 1
888 306 1
888 309 1
889 550 1
889 552 1
890 1694 1
892 1013 1
892 1014 1
893 1189 1
893 1342 1
893 252 1
893 1870 1
893 1625 1
893 1674 1
893 626 1
893 627 1
893 505 1
893 530 1
893 539 1
893 621 1
893 622 1
893 705 1
893 855 1
893 870 1
893 1029 1
893 1058 1
895 111 1
895 117 1
895 118 1
895 119 1
895 121 1
895 122 1
896 548 1
896 549 1
897 300 1
897 301 1
897 302 1
897 303 1
898 88 1
898 89 1
898 96 1
899 1693 1
903 1691 1
904 1005 1
904 1012 1
905 1002 1
905 1003 1
907 296 1
907 297 1
907 298 1
907 299 1
908 998 1
908 1001 1
910 53 1
910 54 1
910 55 1
910 56 1
910 59 1
910 61 1
910 62 1
910 71 1
914 996 1
914 997 1
915 993 1
915 994 1
917 770 1
917 772 1
917 775 1
917 777 1
917 781 1
917 782 1
918 545 1
918 546 1
919 990 1
919 991 1
920 471 1
920 475 1
920 478 1
920 492 1
920 494 1
920 495 1
920 496 1
920 497 1
921 1521 1
921 1523 1
921 1543 1
921 1562 1
921 1578 1
921 1608 1
921 1612 1
921 1613 1
921 1620 1
921 1621 1
924 1690 1
925 285 1
925 290 1
925 293 1
925 295 1
926 1688 1
932 1164 1
932 1165 1
932 1166 1
932 1169 1
934 1289 1
934 1299 1
934 1300 1
934 1302 1
934 1308 1
935 543 1
935 544 1
937 986 1
937 988 1
942 1521 1
942 1523 1
942 1529 1
942 1532 1
942 1543 1
942 1549 1
943 541 1
943 542 1
946 275 1
946 278 1
946 281 1
946 283 1
947 1155 1
947 1156 1
947 1162 1
947 1163 1
949 888 1
949 889 1
949 918 1
949 934 1
949 942 1
949 944 1
949 945 1
951 1473 1
951 1543 1
951 1578 1
951 1620 1
951 1621 1
951 1625 1
951 1674 1
951 1677 1
951 1686 1
951 1694 1
953 539 1
953 540 1
954 267 1
954 268 1
954 273 1
954 274 1
955 983 1
955 984 1
956 980 1
956 981 1
958 978 1
958 979 1
959 263 1
959 264 1
959 265 1
959 266 1
960 1148 1
960 1149 1
960 1152 1
960 1154 1
963 1728 1
963 1729 1
963 1734 1
964 83 1
964 84 1
964 85 1
966 537 1
966 538 1
967 80 1
967 81 1
967 82 1
968 1687 1
969 976 1
969 977 1
970 535 1
970 536 1
971 531 1
971 532 1
973 529 1
973 530 1
973 539 1
973 540 1
973 541 1
973 543 1
973 574 1
973 577 1
973 586 1
974 510 1
974 511 1
974 513 1
974 515 1
976 1720 1
976 1721 1
976 1724 1
977 529 1
977 530 1
978 251 1
978 252 1
978 256 1
978 260 1
980 399 1
980 432 1
980 470 1
980 492 1
980 496 1
980 505 1
980 507 1
980 509 1
980 513 1
980 529 1
980 530 1
981 295 1
981 297 1
981 298 1
981 299 1
981 300 1
981 302 1
984 84 1
984 96 1
984 98 1
984 100 1
984 104 1
984 110 1
985 974 1
985 975 1
987 756 1
987 757 1
987 759 1
987 760 1
987 766 1
987 768 1
989 970 1
989 971 1
990 234 1
990 237 1
990 249 1
990 250 1
991 1703 1
991 1714 1
991 1718 1
993 223 1
993 225 1
993 227 1
993 233 1
994 204 1
994 210 1
994 213 1
994 219 1
995 77 1
995 78 1
995 79 1
996 186 1
996 190 1
996 194 1
996 195 1
998 169 1
998 175 1
998 181 1
998 185 1
1000 1686 1
1003 1684 1
1010 1139 1
1010 1143 1
1010 1146 1
1010 1147 1
1013 158 1
1013 159 1
1013 160 1
1013 167 1
1015 1683 1
1016 1133 1
1016 1136 1
1016 1137 1
1016 1138 1
1018 1426 1
1018 1428 1
1018 1429 1
1018 1432 1
1018 1441 1
1019 526 1
1019 527 1
1022 523 1
1022 525 1
1024 1680 1
1025 741 1
1025 759 1
1025 760 1
1025 775 1
1025 777 1
1025 781 1
1025 782 1
1025 794 1
1025 802 1
1025 855 1
1025 863 1
1026 1679 1
1027 1691 1
1027 1694 1
1027 1697 1
1028 152 1
1028 153 1
1028 154 1
1028 157 1
1029 517 1
1029 522 1
1030 965 1
1030 966 1
1032 146 1
1032 148 1
1032 149 1
1032 150 1
1033 1677 1
1035 962 1
1035 963 1
1038 1674 1
1039 1453 1
1039 1463 1
1039 1464 1
1039 1473 1
1039 1495 1
1039 1520 1
1041 515 1
1041 516 1
1042 511 1
1042 513 1
1044 1686 1
1044 1688 1
1044 1690 1
1047 1673 1
1048 1671 1
1051 1669 1
1052 138 1
1052 140 1
1052 141 1
1052 143 1
1054 724 1
1054 729 1
1054 730 1
1054 736 1
1054 741 1
1054 752 1
1057 1668 1
1058 509 1
1058 510 1
1061 507 1
1061 508 1
1062 760 1
1062 766 1
1062 768 1
1062 770 1
1062 772 1
1062 775 1
1062 777 1
1065 499 1
1065 505 1
1068 1667 1
1069 1237 1
1069 1256 1
1069 1257 1
1069 1335 1
1069 1337 1
1069 1340 1
1069 1342 1
1069 1362 1
1070 1424 1
1070 1428 1
1070 1429 1
1070 1432 1
1070 1441 1
1070 1443 1
1072 1665 1
1073 496 1
1073 497 1
1074 1664 1
1076 1663 1
1077 1661 1
1079 1660 1
1080 71 1
1080 72 1
1080 76 1
1082 494 1
1082 495 1
1083 711 1
1083 713 1
1083 715 1
1083 716 1
1083 717 1
1083 723 1
1085 489 1
1085 492 1
1089 1128 1
1089 1130 1
1089 1131 1
1089 1132 1
1090 1679 1
1090 1680 1
1090 1684 1
1093 1673 1
1093 1674 1
1093 1677 1
1095 959 1
1095 961 1
1098 954 1
1098 957 1
1099 951 1
1099 953 1
1104 949 1
1104 950 1
1107 946 1
1107 948 1
1108 1387 1
1108 1388 1
1108 1398 1
1108 1405 1
1108 1416 1
1108 1423 1
1112 1658 1
1113 1114 1
1113 1115 1
1113 1125 1
1113 1127 1
1114 1667 1
1114 1668 1
1114 1669 1
1116 1093 1
1116 1102 1
1116 1106 1
1116 1108 1
1117 1061 1
1117 1062 1
1117 1064 1
1117 1065 1
1117 1066 1
1117 1069 1
1117 1070 1
1119 673 1
1119 680 1
1119 697 1
1119 703 1
1119 705 1
1119 706 1
1120 944 1
1120 945 1
1121 1085 1
1121 1090 1
1121 1091 1
1121 1092 1
1122 645 1
1122 651 1
1122 654 1
1122 655 1
1122 664 1
1122 665 1
1124 942 1
1124 943 1
1125 1657 1
1127 487 1
1127 488 1
1128 1661 1
1128 1663 1
1128 1665 1
1130 1649 1
1130 1657 1
1130 1658 1
1135 1653 1
1136 482 1
1136 483 1
1139 1649 1
1140 936 1
1140 941 1
1141 1611 1
1141 1612 1
1141 1613 1
1141 1614 1
1141 1620 1
1144 1189 1
1144 1342 1
1144 252 1
1144 1870 1
1144 1625 1
1144 1674 1
1144 626 1
1144 627 1
1144 505 1
1144 530 1
1144 1058 1
1144 1543 1
1144 96 1
1144 387 1
1144 496 1
1144 855 1
1144 870 1
1144 1146 1
1144 1204 1
1144 1377 1
1144 1432 1
1144 1441 1
1145 934 1
1145 935 1
1146 475 1
1146 478 1
1147 472 1
1147 474 1
1148 1648 1
1150 627 1
1150 633 1
1150 635 1
1150 636 1
1150 637 1
1150 640 1
1152 129 1
1152 132 1
1152 136 1
1152 137 1
1155 470 1
1155 471 1
1156 468 1
1156 469 1
1158 928 1
1158 930 1
1159 922 1
1159 925 1
1161 910 1
1161 918 1
1162 1647 1
1164 122 1
1164 123 1
1164 124 1
1164 128 1
1166 461 1
1166 464 1
1167 1073 1
1167 1074 1
1167 1079 1
1167 1084 1
1171 455 1
1171 457 1
1173 907 1
1173 909 1
1175 1646 1
1176 902 1
1176 903 1
1177 1067 1
1177 1068 1
1177 1069 1
1177 1070 1
1178 897 1
1178 900 1
1179 268 1
1179 273 1
1179 274 1
1179 281 1
1179 290 1
1179 293 1
1182 453 1
1182 454 1
1184 1644 1
1186 450 1
1186 452 1
1188 505 1
1188 507 1
1188 508 1
1188 509 1
1189 1643 1
1190 25 1
1190 27 1
1190 30 1
1190 42 1
1190 43 1
1190 46 1
1190 49 1
1190 50 1
1191 67 1
1191 69 1
1191 70 1
1194 895 1
1194 896 1
1198 893 1
1198 894 1
1200 888 1
1200 889 1
1201 1382 1
1201 1387 1
1201 1388 1
1201 1398 1
1201 1429 1
1201 1432 1
1201 1441 1
1201 1463 1
1201 1464 1
1201 1473 1
1203 1642 1
1204 1641 1
1205 448 1
1205 449 1
1206 1646 1
1206 1647 1
1206 1648 1
1207 1637 1
1208 1635 1
1210 1633 1
1211 1627 1
1212 252 1
1212 256 1
1212 260 1
1212 265 1
1212 266 1
1212 267 1
1214 886 1
1214 887 1
1217 495 1
1217 496 1
1217 497 1
1217 499 1
1218 483 1
1218 487 1
1218 492 1
1218 494 1
1220 445 1
1220 446 1
1221 474 1
1221 475 1
1221 478 1
1221 482 1
1222 880 1
1222 883 1
1223 1641 1
1223 1642 1
1223 1643 1
1224 442 1
1224 443 1
1225 437 1
1225 440 1
1229 876 1
1229 878 1
1231 435 1
1231 436 1
1232 1633 1
1232 1635 1
1232 1637 1
1233 1625 1
1234 1063 1
1234 1064 1
1234 1065 1
1234 1066 1
1235 433 1
1235 434 1
1237 1182 1
1237 1186 1
1237 1189 1
1237 1195 1
1237 1204 1
1238 1622 1
1239 118 1
1239 119 1
1239 120 1
1239 121 1
1241 1405 1
1241 1407 1
1241 1416 1
1241 1423 1
1241 1424 1
1242 1622 1
1242 1625 1
1242 1627 1
1243 111 1
1243 112 1
1243 114 1
1243 117 1
1244 469 1
1244 470 1
1244 471 1
1244 472 1
1247 63 1
1247 64 1
1247 66 1
1248 1139 1
1248 1143 1
1248 1146 1
1248 1147 1
1248 1152 1
1248 1154 1
1248 1189 1
1248 1204 1
1251 1887 1
1251 1892 1
1251 1 1
1251 14 1
1251 15 1
1251 17 1
1251 18 1
1251 20 1
1254 428 1
1254 429 1
1254 431 1
1254 432 1
1254 435 1
1254 454 1
1254 469 1
1254 470 1
1256 431 1
1256 432 1
1257 1614 1
1257 1620 1
1257 1621 1
1260 1621 1
1261 1058 1
1261 1060 1
1261 1061 1
1261 1062 1
1263 428 1
1263 429 1
1264 611 1
1264 612 1
1264 621 1
1264 622 1
1264 624 1
1264 626 1
1266 423 1
1266 427 1
1269 421 1
1269 422 1
1270 418 1
1270 419 1
1271 1620 1
1275 1617 1
1276 872 1
1276 874 1
1277 393 1
1277 395 1
1277 399 1
1277 407 1
1277 410 1
1277 411 1
1277 421 1
1277 423 1
1280 104 1
1280 105 1
1280 106 1
1280 110 1
1281 1039 1
1281 1040 1
1281 1041 1
1281 1042 1
1281 1052 1
1281 1058 1
1281 1060 1
1284 1579 1
1284 1584 1
1284 1597 1
1284 1604 1
1284 1608 1
1286 1614 1
1288 1613 1
1289 96 1
1289 98 1
1289 100 1
1289 103 1
1291 581 1
1291 586 1
1291 593 1
1291 598 1
1291 607 1
1291 609 1
1295 1611 1
1295 1612 1
1295 1613 1
1296 870 1
1296 871 1
1299 410 1
1299 411 1
1300 407 1
1300 408 1
1304 402 1
1304 406 1
1306 397 1
1306 399 1
1308 1612 1
1312 348 1
1312 351 1
1312 364 1
1312 367 1
1312 374 1
1312 383 1
1312 387 1
1312 392 1
1313 857 1
1313 863 1
1313 864 1
1313 865 1
1313 868 1
1313 869 1
1313 870 1
1318 393 1
1318 395 1
1319 1042 1
1319 1046 1
1319 1047 1
1319 1052 1
1323 1611 1
1324 391 1
1324 392 1
1325 868 1
1325 869 1
1326 1610 1
1327 76 1
1327 77 1
1327 78 1
1327 79 1
1327 82 1
1327 83 1
1328 1609 1
1329 388 1
1329 389 1
1330 1608 1
1333 817 1
1333 828 1
1333 832 1
1333 836 1
1333 843 1
1333 847 1
1333 855 1
1335 1189 1
1335 1342 1
1335 252 1
1335 1870 1
1335 1625 1
1335 1674 1
1335 626 1
1335 627 1
1335 505 1
1335 530 1
1335 1058 1
1335 1543 1
1335 1857 1
1335 1863 1
1335 30 1
1335 54 1
1335 55 1
1335 59 1
1335 96 1
1338 1362 1
1338 1363 1
1338 1367 1
1338 1372 1
1338 1377 1
1338 1382 1
1342 1607 1
1342 1608 1
1342 1610 1
1343 84 1
1343 85 1
1343 88 1
1343 89 1
1345 865 1
1345 867 1
1347 543 1
1347 550 1
1347 563 1
1347 568 1
1347 574 1
1347 577 1
1348 1607 1
1350 863 1
1350 864 1
1352 1074 1
1352 1093 1
1352 1106 1
1352 1125 1
1352 1130 1
1352 1136 1
1352 1137 1
1352 1138 1
1353 1189 1
1353 1342 1
1353 252 1
1353 1029 1
1353 1058 1
1353 1060 1
1353 1061 1
1353 1138 1
1353 1139 1
1353 1146 1
1353 1147 1
1353 1204 1
1353 1237 1
1353 1256 1
1354 386 1
1354 387 1
1355 59 1
1355 61 1
1355 62 1
1356 1137 1
1356 1138 1
1356 1139 1
1356 1143 1
1356 1146 1
1356 1147 1
1356 1148 1
1358 384 1
1358 385 1
1359 530 1
1359 535 1
1359 537 1
1359 539 1
1359 540 1
1359 541 1
1360 1597 1
1360 1599 1
1360 1604 1
1362 381 1
1362 383 1
1365 858 1
1365 859 1
1367 1605 1
1368 855 1
1368 857 1
1369 1036 1
1369 1039 1
1369 1040 1
1369 1041 1
1372 1189 1
1372 1342 1
1372 252 1
1372 1870 1
1372 1625 1
1372 1674 1
1372 626 1
1372 627 1
1372 505 1
1372 530 1
1372 1058 1
1372 1543 1
1372 141 1
1372 148 1
1372 149 1
1372 387 1
1372 470 1
1372 496 1
1372 507 1
1376 1585 1
1376 1590 1
1376 1593 1
1379 513 1
1379 515 1
1379 516 1
1379 522 1
1379 523 1
1379 529 1
1380 1604 1
1381 1599 1
1382 1578 1
1382 1579 1
1382 1584 1
1386 1597 1
1389 1596 1
1391 853 1
1391 854 1
1392 1027 1
1392 1028 1
1392 1029 1
1392 1032 1
1396 80 1
1396 81 1
1396 82 1
1396 83 1
1398 379 1
1398 380 1
1400 374 1
1400 378 1
1402 372 1
1402 373 1
1406 1074 1
1406 1079 1
1406 1093 1
1406 1106 1
1406 1125 1
1406 1130 1
1406 1136 1
1410 1594 1
1411 367 1
1411 369 1
1415 1020 1
1415 1021 1
1415 1022 1
1415 1024 1
1416 1593 1
1420 1003 1
1420 1005 1
1420 1012 1
1420 1013 1
1421 76 1
1421 77 1
1421 78 1
1421 79 1
1422 469 1
1422 470 1
1422 492 1
1422 496 1
1422 505 1
1422 507 1
1422 509 1
1422 513 1
1422 522 1
1425 850 1
1425 852 1
1426 1340 1
1426 1342 1
1426 1343 1
1426 1351 1
1426 1352 1
1426 1360 1
1428 365 1
1428 366 1
1429 358 1
1429 364 1
1430 1189 1
1430 1204 1
1430 1237 1
1430 1256 1
1430 1257 1
1430 1335 1
1430 1337 1
1430 1340 1
1430 1342 1
1430 1377 1
1431 56 1
1431 57 1
1431 58 1
1434 1093 1
1434 1106 1
1434 1125 1
1434 1138 1
1434 1139 1
1434 1143 1
1434 1146 1
1434 1147 1
1434 1152 1
1434 1154 1
1435 845 1
1435 847 1
1436 997 1
1436 998 1
1436 1001 1
1436 1002 1
1441 1590 1
1442 991 1
1442 993 1
1442 994 1
1442 996 1
1443 69 1
1443 70 1
1443 71 1
1443 72 1
1444 351 1
1444 355 1
1448 1587 1
1449 346 1
1449 348 1
1455 980 1
1455 984 1
1455 988 1
1455 990 1
1458 53 1
1458 54 1
1458 55 1
1459 496 1
1459 497 1
1459 505 1
1459 507 1
1459 508 1
1459 509 1
1460 976 1
1460 977 1
1460 978 1
1460 979 1
1461 869 1
1461 870 1
1461 991 1
1461 1029 1
1461 1058 1
1461 1060 1
1461 1061 1
1461 1062 1
1461 1066 1
1461 1138 1
1461 1139 1
1461 1146 1
1462 79 1
1462 82 1
1462 84 1
1462 96 1
1462 100 1
1462 104 1
1462 110 1
1462 111 1
1462 140 1
1462 141 1
1464 343 1
1464 345 1
1465 1585 1
1466 1572 1
1466 1573 1
1466 1574 1
1467 843 1
1467 844 1
1469 339 1
1469 341 1
1470 965 1
1470 970 1
1470 971 1
1470 975 1
1471 337 1
1471 338 1
1476 1584 1
1477 1569 1
1477 1570 1
1477 1572 1
1477 1573 1
1477 1578 1
1478 335 1
1478 336 1
1479 1545 1
1479 1549 1
1479 1558 1
1479 1562 1
1479 1563 1
1481 332 1
1481 334 1
1483 840 1
1483 842 1
1484 835 1
1484 836 1
1487 63 1
1487 64 1
1487 66 1
1487 67 1
1488 328 1
1488 331 1
1489 325 1
1489 327 1
1491 47 1
1491 49 1
1491 50 1
1492 833 1
1492 834 1
1494 223 1
1494 225 1
1494 237 1
1494 249 1
1494 250 1
1494 251 1
1495 1579 1
1496 959 1
1496 961 1
1496 962 1
1496 963 1
1497 1578 1
1498 1568 1
1498 1569 1
1498 1570 1
1499 1574 1
1500 1257 1
1500 1269 1
1500 1271 1
1500 1282 1
1500 1288 1
1501 455 1
1501 461 1
1501 464 1
1501 468 1
1503 323 1
1503 324 1
1505 318 1
1505 320 1
1508 1870 1
1508 1892 1
1508 30 1
1508 54 1
1508 55 1
1508 56 1
1508 59 1
1508 61 1
1508 71 1
1508 78 1
1515 56 1
1515 59 1
1515 61 1
1515 62 1
1517 950 1
1517 951 1
1517 953 1
1517 954 1
1518 945 1
1518 946 1
1518 948 1
1518 949 1
1519 831 1
1519 832 1
1520 1573 1
1521 316 1
1521 317 1
1523 1572 1
1525 50 1
1525 53 1
1525 54 1
1525 55 1
1526 1571 1
1528 829 1
1528 830 1
1529 1563 1
1529 1564 1
1529 1567 1
1532 1302 1
1532 1308 1
1532 1310 1
1532 1335 1
1532 1337 1
1532 1338 1
1533 312 1
1533 315 1
1534 1570 1
1535 1560 1
1535 1561 1
1535 1562 1
1536 310 1
1536 311 1
1537 44 1
1537 45 1
1537 46 1
1538 1555 1
1538 1557 1
1538 1558 1
1540 827 1
1540 828 1
1542 825 1
1542 826 1
1543 45 1
1543 46 1
1543 47 1
1543 49 1
1544 1534 1
1544 1543 1
1544 1545 1
1545 1608 1
1545 1611 1
1545 1612 1
1545 1613 1
1545 1620 1
1545 1621 1
1545 1625 1
1545 1635 1
1546 41 1
1546 42 1
1546 43 1
1547 1569 1
1550 38 1
1550 39 1
1550 40 1
1551 307 1
1551 309 1
1553 1568 1
1554 305 1
1554 306 1
1555 303 1
1555 304 1
1556 475 1
1556 478 1
1556 482 1
1556 492 1
1556 494 1
1556 495 1
1557 301 1
1557 302 1
1558 39 1
1558 40 1
1558 42 1
1558 43 1
1560 299 1
1560 300 1
1563 1555 1
1564 1237 1
1564 1245 1
1564 1248 1
1564 1249 1
1564 1256 1
1565 1554 1
1566 1551 1
1566 1552 1
1566 1554 1
1567 297 1
1567 298 1
1570 1531 1
1570 1532 1
1570 1533 1
1572 1552 1
1573 1525 1
1573 1526 1
1573 1529 1
1574 295 1
1574 296 1
1576 822 1
1576 823 1
1577 941 1
1577 942 1
1577 943 1
1577 944 1
1578 1257 1
1578 1271 1
1578 1282 1
1578 1288 1
1578 1299 1
1578 1300 1
1579 730 1
1579 736 1
1579 741 1
1579 752 1
1579 756 1
1579 757 1
1579 759 1
1582 817 1
1582 821 1
1583 1567 1
1584 290 1
1584 293 1
1585 59 1
1585 61 1
1585 62 1
1585 66 1
1585 70 1
1585 71 1
1588 815 1
1588 816 1
1589 809 1
1589 811 1
1590 1210 1
1590 1223 1
1590 1224 1
1590 1225 1
1590 1226 1
1591 328 1
1591 334 1
1591 335 1
1591 337 1
1591 338 1
1591 339 1
1591 341 1
1591 346 1
1595 1189 1
1595 1342 1
1595 252 1
1595 1870 1
1595 1625 1
1595 1674 1
1595 1892 1
1595 30 1
1595 54 1
1595 55 1
1595 59 1
1595 96 1
1595 141 1
1595 148 1
1595 149 1
1596 446 1
1596 448 1
1596 453 1
1596 454 1
1597 1154 1
1597 1156 1
1597 1165 1
1597 1171 1
1597 1181 1
1598 930 1
1598 934 1
1598 935 1
1598 936 1
1603 918 1
1603 922 1
1603 925 1
1603 928 1
1605 283 1
1605 285 1
1606 903 1
1606 907 1
1606 909 1
1606 910 1
1607 1521 1
1607 1522 1
1607 1523 1
1610 1513 1
1610 1515 1
1610 1520 1
1613 1551 1
1614 278 1
1614 281 1
1617 275 1
1617 276 1
1618 896 1
1618 897 1
1618 900 1
1618 902 1
1622 273 1
1622 274 1
1626 802 1
1626 808 1
1627 1146 1
1627 1147 1
1627 1148 1
1627 1149 1
1627 1152 1
1629 1566 1
1631 799 1
1631 800 1
1634 794 1
1634 798 1
1636 792 1
1636 793 1
1638 787 1
1638 791 1
1639 782 1
1639 783 1
1642 268 1
1642 270 1
1643 1226 1
1643 1237 1
1643 1245 1
1643 1248 1
1643 1249 1
1643 1256 1
1644 1549 1
1647 1508 1
1647 1510 1
1647 1512 1
1648 1547 1
1649 1545 1
1653 266 1
1653 267 1
1654 780 1
1654 781 1
1655 777 1
1655 779 1
1656 775 1
1656 776 1
1657 1544 1
1658 1543 1
1659 1565 1
1661 49 1
1661 50 1
1661 53 1
1661 54 1
1661 55 1
1661 56 1
1662 889 1
1662 893 1
1662 894 1
1662 895 1
1663 31 1
1663 36 1
1663 37 1
1663 38 1
1664 1538 1
1666 1564 1
1667 1495 1
1667 1500 1
1667 1504 1
1668 1536 1
1670 770 1
1670 772 1
1671 264 1
1671 265 1
1672 768 1
1672 769 1
1673 1485 1
1673 1487 1
1673 1488 1
1675 883 1
1675 886 1
1675 887 1
1675 888 1
1677 1535 1
1678 874 1
1678 876 1
1678 878 1
1678 880 1
1679 260 1
1679 263 1
1682 765 1
1682 766 1
1688 304 1
1688 325 1
1688 339 1
1688 351 1
1688 374 1
1688 383 1
1688 387 1
1688 392 1
1688 395 1
1688 399 1
1689 760 1
1689 762 1
1690 252 1
1690 256 1
1695 1521 1
1695 1523 1
1695 1529 1
1695 1532 1
1695 1543 1
1697 1136 1
1697 1137 1
1697 1138 1
1697 1139 1
1697 1143 1
1699 723 1
1699 729 1
1699 730 1
1699 736 1
1699 741 1
1699 759 1
1699 760 1
1699 775 1
1699 777 1
1699 781 1
1700 757 1
1700 759 1
1701 754 1
1701 756 1
1705 574 1
1705 577 1
1705 586 1
1705 598 1
1705 621 1
1705 622 1
1705 626 1
1705 627 1
1705 697 1
1705 705 1
1709 752 1
1709 753 1
1711 749 1
1711 751 1
1713 869 1
1713 870 1
1713 871 1
1713 872 1
1714 1854 1
1714 1857 1
1714 1861 1
1714 1863 1
1714 1867 1
1714 1870 1
1714 1875 1
1714 1884 1
1715 745 1
1715 748 1
1717 741 1
1717 744 1
1718 250 1
1718 251 1
1719 1022 1
1719 1024 1
1719 1029 1
1719 1058 1
1719 1060 1
1719 1061 1
1719 1062 1
1719 1064 1
1719 1065 1
1719 1066 1
1720 246 1
1720 249 1
1721 243 1
1721 245 1
1723 737 1
1723 739 1
1724 20 1
1724 25 1
1724 27 1
1724 30 1
1726 33 1
1726 36 1
1726 37 1
1727 169 1
1727 175 1
1727 190 1
1727 194 1
1727 210 1
1727 213 1
1732 27 1
1732 30 1
1732 31 1
1733 23 1
1733 24 1
1733 25 1
1735 237 1
1735 241 1
1736 1534 1
1738 233 1
1738 234 1
1739 436 1
1739 437 1
1739 440 1
1739 443 1
1741 25 1
1741 27 1
1741 30 1
1741 42 1
1741 43 1
1741 46 1
1742 1797 1
1742 1800 1
1742 1801 1
1742 1806 1
1742 1807 1
1742 1809 1
1742 1815 1
1742 1818 1
1744 299 1
1744 302 1
1744 304 1
1744 315 1
1744 317 1
1744 320 1
1744 324 1
1744 325 1
1745 455 1
1745 461 1
1745 468 1
1745 469 1
1745 470 1
1745 471 1
1746 733 1
1746 736 1
1750 1093 1
1750 1106 1
1750 1108 1
1750 1125 1
1750 1130 1
1751 16 1
1751 17 1
1751 18 1
1751 19 1
1754 731 1
1754 732 1
1756 228 1
1756 232 1
1758 729 1
1758 730 1
1760 225 1
1760 227 1
1761 1533 1
1762 1 1
1762 8 1
1762 14 1
1762 15 1
1764 1532 1
1765 219 1
1765 223 1
1767 723 1
1767 724 1
1769 1066 1
1769 1069 1
1769 1070 1
1769 1074 1
1769 1079 1
1770 1531 1
1771 1563 1
1772 863 1
1772 864 1
1772 865 1
1772 868 1
1773 1529 1
1775 717 1
1775 721 1
1776 715 1
1776 716 1
1778 260 1
1778 265 1
1778 266 1
1778 273 1
1778 274 1
1778 281 1
1778 290 1
1778 298 1
1781 713 1
1781 714 1
1782 216 1
1782 217 1
1783 149 1
1783 252 1
1783 325 1
1783 339 1
1783 351 1
1783 387 1
1783 392 1
1783 395 1
1783 399 1
1783 432 1
1783 470 1
1783 492 1
1784 212 1
1784 213 1
1787 209 1
1787 210 1
1788 206 1
1788 207 1
1789 18 1
1789 19 1
1789 20 1
1790 202 1
1790 204 1
1791 199 1
1791 201 1
1792 1527 1
1794 707 1
1794 711 1
1795 705 1
1795 706 1
1796 1526 1
1797 1061 1
1797 1062 1
1797 1063 1
1797 1064 1
1797 1065 1
1800 703 1
1800 705 1
1800 711 1
1800 715 1
1800 723 1
1800 724 1
1800 729 1
1801 1189 1
1801 1342 1
1801 252 1
1801 1870 1
1801 1625 1
1801 1674 1
1801 325 1
1801 351 1
1801 387 1
1801 470 1
1801 492 1
1801 496 1
1801 505 1
1801 507 1
1802 429 1
1802 431 1
1802 432 1
1802 434 1
1802 435 1
1802 454 1
1803 196 1
1803 197 1
1804 703 1
1804 704 1
1805 1525 1
1808 1886 1
1808 1887 1
1808 1892 1
1808 1898 1
1809 1523 1
1810 699 1
1810 702 1
1811 692 1
1811 697 1
1812 1473 1
1812 1480 1
1812 1481 1
1813 855 1
1813 857 1
1813 858 1
1813 859 1
1814 432 1
1814 433 1
1814 434 1
1814 435 1
1818 1522 1
1819 427 1
1819 428 1
1819 429 1
1819 431 1
1821 1562 1
1822 194 1
1822 195 1
1823 1521 1
1824 189 1
1824 190 1
1825 1561 1
1826 1520 1
1827 1875 1
1827 1880 1
1827 1881 1
1827 1884 1
1830 1515 1
1832 11 1
1832 16 1
1832 17 1
1833 688 1
1833 691 1
1836 186 1
1836 187 1
1837 686 1
1837 687 1
1838 680 1
1838 685 1
1839 1560 1
1841 1473 1
1841 1495 1
1841 1504 1
1841 1508 1
1841 1520 1
1842 1863 1
1842 1867 1
1842 1868 1
1842 1870 1
1843 418 1
1843 419 1
1843 421 1
1843 423 1
1844 539 1
1844 540 1
1844 598 1
1844 621 1
1844 622 1
1844 626 1
1844 627 1
1844 697 1
1844 705 1
1844 730 1
1844 736 1
1846 181 1
1846 185 1
1847 847 1
1847 850 1
1847 853 1
1847 854 1
1849 677 1
1849 678 1
1850 1807 1
1850 1809 1
1850 1815 1
1850 1818 1
1850 1857 1
1850 1861 1
1850 1863 1
1850 1867 1
1850 1870 1
1850 1892 1
1850 30 1
1851 148 1
1851 149 1
1851 252 1
1851 304 1
1851 325 1
1851 339 1
1851 351 1
1851 383 1
1851 387 1
1851 392 1
1851 395 1
1853 1558 1
1854 175 1
1854 176 1
1857 171 1
1857 172 1
1859 840 1
1859 843 1
1859 844 1
1859 845 1
1860 830 1
1860 831 1
1860 832 1
1860 836 1
1861 1189 1
1861 1342 1
1861 252 1
1861 1870 1
1861 1625 1
1861 1674 1
1861 1543 1
1861 1686 1
1861 1694 1
1861 1806 1
1861 1807 1
1861 1809 1
1861 1818 1
1861 1857 1
1861 1863 1
1862 674 1
1862 675 1
1864 863 1
1864 868 1
1864 869 1
1864 870 1
1864 965 1
1864 979 1
1864 988 1
1864 991 1
1864 993 1
1864 997 1
1867 1818 1
1867 1836 1
1867 1842 1
1867 1846 1
1873 671 1
1873 673 1
1874 1728 1
1874 1729 1
1874 1750 1
1874 1760 1
1874 1770 1
1874 1784 1
1874 1792 1
1874 1796 1
1875 1256 1
1875 1257 1
1875 1335 1
1875 1337 1
1875 1342 1
1875 1377 1
1875 1387 1
1875 1388 1
1875 1432 1
1875 1441 1
1876 1850 1
1876 1854 1
1876 1857 1
1876 1861 1
1877 407 1
1877 410 1
1877 411 1
1877 421 1
1877 423 1
1877 428 1
1879 1544 1
1879 1547 1
1879 1549 1
1880 54 1
1880 55 1
1880 59 1
1880 61 1
1880 78 1
1880 79 1
1880 96 1
1880 100 1
1880 104 1
1880 140 1
1880 141 1
1882 1466 1
1882 1469 1
1882 1471 1
1883 1557 1
1884 169 1
1884 170 1
1886 167 1
1886 168 1
1888 665 1
1888 669 1
1891 655 1
1891 664 1
1895 826 1
1895 827 1
1895 828 1
1895 829 1
1898 1462 1
1898 1463 1
1898 1464 1
2 1898 2
3 1892 2
4 158 2
4 159 2
4 160 2
8 1512 2
8 1513 2
11 1405 2
11 1407 2
11 1416 2
11 1423 2
11 1424 2
13 1040 2
13 1041 2
13 1042 2
13 1052 2
13 1058 2
13 1060 2
16 1508 2
16 1510 2
17 1608 2
17 1611 2
17 1612 2
17 1613 2
17 1620 2
17 1621 2
17 1625 2
17 1635 2
19 1868 2
19 1869 2
19 1870 2
20 1504 2
20 1505 2
22 645 2
22 651 2
22 654 2
22 655 2
22 664 2
22 665 2
22 680 2
22 697 2
24 757 2
24 759 2
24 760 2
24 762 2
26 1801 2
26 1806 2
26 1807 2
26 1809 2
26 1815 2
27 752 2
27 753 2
27 754 2
27 756 2
30 1861 2
30 1863 2
30 1867 2
32 1446 2
32 1447 2
32 1449 2
32 1453 2
33 1890 2
37 739 2
37 741 2
37 749 2
37 751 2
38 1887 2
40 1501 2
40 1503 2
44 731 2
44 733 2
44 736 2
44 737 2
47 1498 2
47 1500 2
48 1886 2
49 723 2
49 724 2
49 729 2
49 730 2
53 1885 2
54 1884 2
55 1494 2
55 1495 2
58 715 2
58 716 2
58 717 2
58 721 2
59 1523 2
59 1543 2
59 1562 2
59 1572 2
59 1573 2
59 1578 2
59 1584 2
59 1604 2
60 1024 2
60 1027 2
60 1028 2
60 1029 2
60 1032 2
60 1039 2
66 1882 2
67 1881 2
70 1489 2
70 1493 2
71 1851 2
71 1854 2
71 1857 2
72 1189 2
72 1342 2
72 252 2
72 1870 2
72 1625 2
72 1674 2
72 325 2
72 351 2
72 387 2
72 470 2
72 492 2
72 496 2
72 505 2
72 507 2
75 1487 2
75 1488 2
78 1845 2
78 1846 2
78 1850 2
79 1481 2
79 1485 2
81 1039 2
81 1040 2
81 1041 2
81 1042 2
81 1052 2
81 1058 2
81 1060 2
82 706 2
82 707 2
82 711 2
82 713 2
83 1478 2
83 1480 2
85 1880 2
87 1432 2
87 1439 2
87 1441 2
87 1443 2
88 1473 2
88 1474 2
91 1879 2
95 1424 2
95 1426 2
95 1428 2
95 1429 2
97 1469 2
97 1471 2
99 53 2
99 54 2
99 55 2
99 56 2
99 59 2
99 61 2
99 71 2
99 78 2
99 79 2
99 82 2
103 1020 2
103 1021 2
103 1022 2
103 1024 2
103 1028 2
103 1029 2
103 1032 2
104 1836 2
104 1840 2
104 1842 2
105 1464 2
105 1466 2
106 1826 2
106 1827 2
106 1831 2
108 1462 2
108 1463 2
109 1452 2
109 1453 2
110 1878 2
112 1449 2
112 1451 2
113 1876 2
118 1818 2
118 1822 2
118 1823 2
119 1809 2
119 1812 2
119 1815 2
120 697 2
120 699 2
120 703 2
120 705 2
123 1446 2
123 1447 2
124 1189 2
124 1342 2
124 252 2
124 1870 2
124 1625 2
124 1674 2
124 1543 2
124 1686 2
124 1694 2
124 1806 2
124 1807 2
124 1809 2
124 1818 2
124 1857 2
124 1863 2
125 153 2
125 154 2
125 157 2
126 1443 2
126 1444 2
127 1439 2
127 1441 2
128 1437 2
128 1438 2
129 1429 2
129 1432 2
131 1792 2
131 1796 2
131 1797 2
131 1799 2
131 1800 2
132 1426 2
132 1428 2
134 1857 2
134 1861 2
134 1863 2
134 1867 2
134 1870 2
134 1884 2
134 1887 2
134 1892 2
134 30 2
134 50 2
135 1875 2
136 1874 2
137 1872 2
138 1870 2
139 687 2
139 688 2
139 691 2
139 692 2
140 1423 2
140 1424 2
144 1416 2
144 1421 2
145 1412 2
145 1413 2
146 1869 2
147 1407 2
147 1411 2
148 1424 2
148 1429 2
148 1432 2
148 1441 2
148 1463 2
148 1464 2
148 1473 2
148 1521 2
150 1403 2
150 1405 2
152 1868 2
154 1310 2
154 1328 2
154 1335 2
154 1337 2
154 1338 2
157 1400 2
157 1402 2
158 1397 2
158 1398 2
162 1867 2
163 1865 2
165 1395 2
165 1396 2
166 741 2
166 759 2
166 760 2
166 775 2
166 777 2
166 781 2
166 782 2
166 794 2
166 802 2
166 855 2
166 863 2
169 1797 2
169 1800 2
169 1801 2
169 1806 2
169 1807 2
169 1809 2
169 1815 2
169 1818 2
170 1387 2
170 1388 2
171 1385 2
171 1386 2
172 1863 2
174 1861 2
176 1383 2
176 1384 2
178 1760 2
178 1770 2
178 1784 2
178 1792 2
178 1806 2
178 1807 2
178 1809 2
178 1815 2
178 1818 2
178 1854 2
179 1858 2
180 1625 2
180 1635 2
180 1674 2
180 1677 2
180 1686 2
180 1694 2
180 1721 2
180 1728 2
180 1729 2
180 1750 2
181 677 2
181 680 2
181 685 2
181 686 2
182 1377 2
182 1382 2
183 1857 2
188 1413 2
188 1416 2
188 1421 2
188 1423 2
189 1856 2
190 1375 2
190 1376 2
193 1398 2
193 1402 2
193 1405 2
193 1407 2
194 25 2
194 27 2
194 30 2
194 42 2
194 43 2
194 46 2
200 1521 2
200 1523 2
200 1543 2
200 1562 2
200 1578 2
200 1608 2
200 1612 2
200 1613 2
200 1620 2
200 1621 2
201 665 2
201 673 2
201 674 2
201 675 2
203 1373 2
203 1374 2
204 1371 2
204 1372 2
206 1074 2
206 1079 2
206 1093 2
206 1106 2
206 1125 2
206 1130 2
206 1136 2
207 1806 2
207 1807 2
207 1808 2
208 1854 2
210 1363 2
210 1367 2
211 1360 2
211 1362 2
212 652 2
212 654 2
212 655 2
212 664 2
215 1851 2
217 1850 2
218 1388 2
218 1395 2
218 1396 2
218 1397 2
222 1354 2
222 1358 2
223 1846 2
224 1351 2
224 1352 2
226 1342 2
226 1343 2
227 1340 2
227 1341 2
229 1384 2
229 1385 2
229 1386 2
229 1387 2
230 1337 2
230 1338 2
231 1058 2
231 1060 2
231 1061 2
231 1062 2
231 1064 2
231 1065 2
231 1066 2
231 1069 2
231 1070 2
237 1 2
237 14 2
237 15 2
237 17 2
237 18 2
237 20 2
238 1375 2
238 1377 2
238 1382 2
238 1383 2
239 1333 2
239 1335 2
240 1845 2
244 1432 2
244 1441 2
244 1473 2
244 1543 2
244 1620 2
244 1625 2
244 1674 2
244 1677 2
244 1686 2
244 1694 2
244 1760 2
244 1806 2
245 1843 2
247 1371 2
247 1372 2
247 1373 2
247 1374 2
248 1360 2
248 1362 2
248 1363 2
248 1367 2
249 1870 2
249 1875 2
249 1881 2
249 1884 2
249 1887 2
249 1892 2
252 1329 2
252 1330 2
253 1327 2
253 1328 2
254 1842 2
257 1382 2
257 1387 2
257 1388 2
257 1398 2
257 1429 2
257 1432 2
257 1441 2
257 1463 2
257 1464 2
257 1473 2
259 1324 2
259 1326 2
260 1318 2
260 1323 2
261 1840 2
263 1836 2
267 1831 2
269 1314 2
269 1315 2
270 1830 2
274 1827 2
275 1799 2
275 1800 2
275 1801 2
276 190 2
276 210 2
276 213 2
276 237 2
276 250 2
276 251 2
276 252 2
276 256 2
277 1351 2
277 1352 2
277 1354 2
277 1358 2
279 149 2
279 150 2
279 152 2
280 1826 2
281 1824 2
282 143 2
282 146 2
282 148 2
284 1340 2
284 1341 2
284 1342 2
284 1343 2
286 1003 2
286 1012 2
286 1013 2
286 1020 2
286 1021 2
286 1022 2
288 1311 2
288 1313 2
289 988 2
289 991 2
289 993 2
289 996 2
289 997 2
289 998 2
294 1333 2
294 1335 2
294 1337 2
294 1338 2
295 1760 2
295 1806 2
295 1807 2
295 1809 2
295 1815 2
295 1818 2
295 1857 2
295 1861 2
295 1863 2
295 1867 2
298 1309 2
298 1310 2
299 1307 2
299 1308 2
300 1728 2
300 1729 2
300 1750 2
300 1760 2
300 1770 2
300 1784 2
300 1792 2
300 1796 2
301 1823 2
302 1305 2
302 1306 2
303 1822 2
307 1302 2
307 1304 2
308 1819 2
310 1818 2
312 1792 2
312 1796 2
312 1797 2
314 962 2
314 965 2
314 970 2
314 971 2
314 975 2
314 979 2
316 1786 2
316 1787 2
316 1788 2
317 1300 2
317 1301 2
319 945 2
319 948 2
319 950 2
319 951 2
319 959 2
319 961 2
320 1815 2
321 1295 2
321 1299 2
322 139 2
322 140 2
322 141 2
327 475 2
327 478 2
327 482 2
327 492 2
327 494 2
327 495 2
328 1293 2
328 1294 2
330 1289 2
330 1292 2
332 455 2
332 461 2
332 468 2
332 469 2
332 470 2
332 471 2
334 1286 2
334 1288 2
335 1282 2
335 1283 2
336 641 2
336 645 2
336 650 2
336 651 2
337 1850 2
337 1854 2
337 1857 2
337 1861 2
337 1863 2
337 1867 2
338 636 2
338 637 2
338 638 2
338 640 2
340 1280 2
340 1281 2
341 630 2
341 632 2
341 633 2
341 635 2
343 1189 2
343 1342 2
343 252 2
343 1870 2
343 1625 2
343 1674 2
343 626 2
343 627 2
343 505 2
343 530 2
343 1058 2
343 1543 2
343 96 2
343 855 2
343 870 2
343 1146 2
343 1204 2
343 1377 2
343 1432 2
343 1441 2
343 148 2
343 149 2
344 1327 2
344 1328 2
344 1329 2
344 1330 2
346 1271 2
346 1274 2
347 1313 2
347 1323 2
347 1324 2
347 1326 2
349 1308 2
349 1309 2
349 1310 2
349 1311 2
350 1301 2
350 1302 2
350 1304 2
350 1307 2
351 622 2
351 624 2
351 626 2
351 627 2
353 1814 2
355 1812 2
357 136 2
357 137 2
357 138 2
358 1809 2
359 1269 2
359 1270 2
360 1808 2
362 1265 2
362 1266 2
364 1807 2
365 273 2
365 274 2
365 304 2
365 325 2
365 339 2
365 351 2
365 374 2
365 383 2
365 387 2
366 612 2
366 615 2
366 617 2
366 621 2
367 1782 2
367 1783 2
367 1784 2
369 223 2
369 225 2
369 237 2
369 249 2
369 250 2
369 251 2
372 603 2
372 607 2
372 609 2
372 611 2
374 1260 2
374 1263 2
377 902 2
377 918 2
377 925 2
377 934 2
377 942 2
377 944 2
378 1256 2
378 1257 2
379 1251 2
379 1253 2
381 593 2
381 595 2
381 598 2
381 602 2
383 1248 2
383 1249 2
384 583 2
384 586 2
384 588 2
384 590 2
387 1289 2
387 1299 2
387 1300 2
387 1302 2
387 1308 2
391 1244 2
391 1245 2
393 1806 2
394 1805 2
395 1803 2
397 1242 2
397 1243 2
398 1240 2
398 1241 2
402 496 2
402 505 2
402 507 2
402 509 2
402 529 2
402 530 2
402 539 2
402 540 2
402 598 2
402 621 2
402 622 2
402 626 2
405 622 2
405 624 2
405 626 2
405 627 2
405 633 2
405 635 2
405 637 2
405 640 2
408 53 2
408 54 2
408 55 2
408 56 2
408 59 2
408 61 2
408 62 2
408 71 2
411 1238 2
411 1239 2
413 868 2
413 869 2
413 870 2
413 878 2
413 888 2
413 889 2
416 1236 2
416 1237 2
417 1294 2
417 1295 2
417 1299 2
417 1300 2
421 1233 2
421 1235 2
422 1801 2
424 1189 2
424 1342 2
424 252 2
424 1870 2
424 1625 2
424 1674 2
424 626 2
424 627 2
424 505 2
424 530 2
424 1058 2
424 1543 2
424 96 2
424 387 2
424 496 2
424 855 2
424 870 2
424 1146 2
424 1204 2
424 1377 2
424 1432 2
424 1441 2
426 1288 2
426 1289 2
426 1292 2
426 1293 2
427 1231 2
427 1232 2
428 1226 2
428 1230 2
429 1224 2
429 1225 2
430 1800 2
431 1801 2
431 1806 2
431 1807 2
431 1809 2
431 1815 2
431 1818 2
434 1769 2
434 1770 2
434 1774 2
435 1256 2
435 1257 2
435 1335 2
435 1337 2
435 1342 2
435 1377 2
435 1387 2
435 1388 2
435 1432 2
435 1441 2
437 1799 2
438 1221 2
438 1223 2
441 1271 2
441 1274 2
441 1280 2
441 1282 2
442 1797 2
443 571 2
443 574 2
443 577 2
443 581 2
445 1219 2
445 1220 2
448 565 2
448 566 2
448 567 2
448 568 2
449 1217 2
449 1218 2
450 1212 2
450 1216 2
456 1796 2
457 1210 2
457 1211 2
458 1206 2
458 1209 2
459 1265 2
459 1266 2
459 1269 2
459 1270 2
460 854 2
460 855 2
460 857 2
460 863 2
460 864 2
460 865 2
461 1787 2
461 1792 2
461 1796 2
461 1797 2
461 1799 2
461 1800 2
472 1204 2
472 1205 2
474 991 2
474 993 2
474 996 2
474 997 2
474 998 2
474 1003 2
474 1013 2
475 1764 2
475 1765 2
475 1768 2
476 1192 2
476 1195 2
478 1257 2
478 1269 2
478 1271 2
478 1282 2
478 1288 2
479 1256 2
479 1257 2
479 1260 2
479 1263 2
480 1189 2
480 1190 2
481 1765 2
481 1769 2
481 1770 2
481 1784 2
481 1787 2
482 1473 2
482 1543 2
482 1578 2
482 1620 2
482 1621 2
482 1625 2
482 1674 2
482 1677 2
482 1686 2
482 1694 2
483 169 2
483 175 2
483 190 2
483 194 2
483 210 2
483 213 2
485 1187 2
485 1188 2
488 1792 2
490 1245 2
490 1248 2
490 1249 2
490 1251 2
492 474 2
492 475 2
492 478 2
492 482 2
493 1185 2
493 1186 2
494 1760 2
494 1764 2
494 1765 2
494 1769 2
494 1770 2
494 1784 2
496 1183 2
496 1184 2
497 1791 2
498 1238 2
498 1239 2
498 1240 2
498 1243 2
501 539 2
501 540 2
501 598 2
501 621 2
501 622 2
501 626 2
501 627 2
501 697 2
501 705 2
501 730 2
501 736 2
502 1231 2
502 1235 2
502 1236 2
502 1237 2
504 399 2
504 432 2
504 470 2
504 492 2
504 496 2
504 505 2
504 507 2
504 509 2
504 513 2
504 529 2
504 530 2
505 1181 2
505 1182 2
506 828 2
506 832 2
506 836 2
506 843 2
506 847 2
506 853 2
508 1179 2
508 1180 2
513 1171 2
513 1174 2
514 1790 2
515 1065 2
515 1066 2
515 1106 2
515 1138 2
515 1139 2
515 1146 2
515 1147 2
515 1189 2
515 1204 2
515 1237 2
517 1760 2
517 1761 2
517 1762 2
519 1166 2
519 1169 2
522 1728 2
522 1729 2
522 1737 2
522 1750 2
522 1751 2
522 1752 2
523 469 2
523 470 2
523 471 2
523 472 2
524 1164 2
524 1165 2
527 1162 2
527 1163 2
529 455 2
529 461 2
529 464 2
529 468 2
530 1750 2
530 1751 2
530 1752 2
532 1156 2
532 1160 2
536 1154 2
536 1155 2
538 1152 2
538 1153 2
541 1363 2
541 1372 2
541 1377 2
541 1382 2
541 1387 2
541 1388 2
541 1398 2
541 1423 2
545 948 2
545 950 2
545 951 2
545 962 2
545 965 2
545 979 2
545 988 2
547 128 2
547 129 2
547 132 2
549 1788 2
550 1677 2
550 1686 2
550 1691 2
550 1694 2
550 1697 2
550 1721 2
552 1148 2
552 1149 2
553 1146 2
553 1147 2
554 1139 2
554 1143 2
555 1137 2
555 1138 2
559 1787 2
560 979 2
560 988 2
560 991 2
560 993 2
560 997 2
560 1022 2
560 1024 2
560 1029 2
560 1041 2
561 1786 2
562 1784 2
563 1783 2
564 1133 2
564 1136 2
565 1131 2
565 1132 2
567 1128 2
567 1130 2
569 148 2
569 149 2
569 252 2
569 304 2
569 325 2
569 339 2
569 351 2
569 383 2
569 387 2
569 392 2
569 395 2
571 1125 2
571 1127 2
572 1223 2
572 1224 2
572 1225 2
572 1226 2
578 1115 2
578 1117 2
581 1109 2
581 1114 2
582 1782 2
585 1210 2
585 1211 2
585 1216 2
585 1219 2
587 1195 2
587 1204 2
587 1206 2
587 1209 2
588 1774 2
590 446 2
590 448 2
590 453 2
590 454 2
596 1106 2
596 1108 2
598 436 2
598 437 2
598 440 2
598 443 2
600 1186 2
600 1189 2
600 1190 2
600 1192 2
603 1093 2
603 1102 2
605 563 2
605 574 2
605 577 2
605 586 2
605 593 2
605 598 2
605 609 2
605 621 2
607 1740 2
607 1741 2
607 1742 2
608 1091 2
608 1092 2
609 1085 2
609 1090 2
610 1082 2
610 1084 2
611 1075 2
611 1079 2
612 817 2
612 828 2
612 832 2
612 836 2
612 843 2
612 847 2
612 855 2
614 1773 2
615 1073 2
615 1074 2
617 1070 2
617 1072 2
618 529 2
618 530 2
618 537 2
618 539 2
618 540 2
618 541 2
618 543 2
618 550 2
621 1770 2
622 1068 2
622 1069 2
624 1237 2
624 1245 2
624 1248 2
624 1249 2
624 1256 2
627 1210 2
627 1223 2
627 1224 2
627 1225 2
627 1226 2
628 1769 2
629 505 2
629 507 2
629 509 2
629 513 2
629 515 2
629 516 2
629 522 2
629 523 2
630 432 2
630 433 2
630 434 2
630 435 2
631 1066 2
631 1067 2
633 622 2
633 624 2
634 617 2
634 621 2
638 612 2
638 615 2
640 1768 2
641 1765 2
645 1735 2
645 1737 2
645 1738 2
646 1064 2
646 1065 2
648 1182 2
648 1183 2
648 1184 2
648 1185 2
652 609 2
652 611 2
654 606 2
654 607 2
655 602 2
655 603 2
656 1062 2
656 1063 2
657 123 2
657 124 2
657 127 2
660 1060 2
660 1061 2
661 1764 2
664 1182 2
664 1186 2
664 1189 2
664 1195 2
664 1204 2
665 1763 2
668 1052 2
668 1058 2
670 1049 2
670 1051 2
671 1762 2
673 1635 2
673 1643 2
673 1646 2
673 1665 2
673 1667 2
673 1674 2
677 427 2
677 428 2
677 429 2
677 431 2
678 146 2
678 148 2
678 149 2
678 154 2
678 157 2
678 158 2
678 167 2
678 175 2
680 1237 2
680 1256 2
680 1257 2
680 1335 2
680 1337 2
680 1340 2
680 1342 2
680 1362 2
681 1046 2
681 1047 2
682 1171 2
682 1174 2
682 1180 2
682 1181 2
684 1044 2
684 1045 2
686 1154 2
686 1156 2
686 1165 2
686 1171 2
686 1181 2
688 599 2
688 601 2
689 1761 2
690 1041 2
690 1042 2
692 1760 2
693 1164 2
693 1165 2
693 1166 2
693 1169 2
694 471 2
694 475 2
694 478 2
694 492 2
694 494 2
694 495 2
694 496 2
694 497 2
695 1039 2
695 1040 2
696 1155 2
696 1156 2
696 1162 2
696 1163 2
698 1756 2
699 418 2
699 419 2
699 421 2
699 423 2
701 1036 2
701 1037 2
702 1755 2
703 781 2
703 782 2
703 783 2
703 792 2
703 794 2
703 798 2
703 802 2
704 596 2
704 598 2
705 593 2
705 595 2
706 1752 2
708 1751 2
710 843 2
710 847 2
710 855 2
710 857 2
710 863 2
710 868 2
710 869 2
710 870 2
710 965 2
715 588 2
715 590 2
716 1728 2
716 1729 2
716 1734 2
717 1613 2
717 1614 2
717 1620 2
717 1621 2
717 1625 2
717 1627 2
719 1182 2
719 1189 2
719 1195 2
719 1204 2
719 1223 2
719 1224 2
719 1225 2
722 428 2
722 429 2
722 431 2
722 432 2
722 435 2
722 454 2
722 469 2
722 470 2
724 583 2
724 586 2
725 1750 2
727 120 2
727 121 2
727 122 2
728 1742 2
729 1579 2
729 1584 2
729 1604 2
729 1608 2
729 1611 2
729 1612 2
730 577 2
730 581 2
731 888 2
731 889 2
731 918 2
731 934 2
731 942 2
731 944 2
731 945 2
733 407 2
733 408 2
733 410 2
733 411 2
735 1148 2
735 1149 2
735 1152 2
735 1154 2
736 1741 2
737 397 2
737 399 2
737 402 2
737 406 2
739 1720 2
739 1721 2
739 1724 2
744 723 2
744 729 2
744 730 2
744 736 2
744 741 2
744 759 2
744 760 2
744 775 2
744 777 2
744 781 2
745 1703 2
745 1714 2
745 1718 2
748 574 2
748 575 2
749 568 2
749 571 2
750 117 2
750 118 2
750 119 2
754 1740 2
755 1029 2
755 1032 2
759 566 2
759 567 2
761 1189 2
761 1342 2
761 252 2
761 1870 2
761 1625 2
761 1674 2
761 626 2
761 627 2
761 505 2
761 530 2
761 1058 2
761 1543 2
761 141 2
761 148 2
761 149 2
761 387 2
761 470 2
761 496 2
761 507 2
762 149 2
762 154 2
762 157 2
762 158 2
762 160 2
762 167 2
763 783 2
763 792 2
763 794 2
763 798 2
763 802 2
763 817 2
765 564 2
765 565 2
769 1061 2
769 1062 2
769 1064 2
769 1065 2
769 1066 2
769 1069 2
769 1070 2
771 1139 2
771 1143 2
771 1146 2
771 1147 2
774 1027 2
774 1028 2
775 730 2
775 736 2
775 741 2
775 752 2
775 756 2
775 757 2
775 759 2
776 857 2
776 863 2
776 864 2
776 865 2
776 868 2
776 869 2
776 870 2
777 1691 2
777 1694 2
777 1697 2
779 562 2
779 563 2
780 561 2
780 562 2
780 563 2
780 564 2
782 1686 2
782 1688 2
782 1690 2
783 558 2
783 561 2
786 1739 2
788 1133 2
788 1136 2
788 1137 2
788 1138 2
789 1128 2
789 1130 2
789 1131 2
789 1132 2
790 1023 2
790 1024 2
791 556 2
791 557 2
792 391 2
792 392 2
792 393 2
792 395 2
796 1738 2
799 574 2
799 577 2
799 586 2
799 598 2
799 621 2
799 622 2
799 626 2
799 627 2
799 697 2
799 705 2
800 550 2
800 552 2
800 556 2
800 557 2
804 111 2
804 112 2
804 114 2
808 1146 2
808 1147 2
808 1148 2
808 1149 2
808 1152 2
810 1737 2
812 1736 2
814 1750 2
814 1751 2
814 1752 2
814 1760 2
814 1764 2
815 1735 2
816 550 2
816 552 2
817 1734 2
818 1729 2
818 1734 2
818 1735 2
818 1737 2
818 1738 2
820 106 2
820 108 2
820 110 2
821 1679 2
821 1680 2
821 1684 2
822 1673 2
822 1674 2
822 1677 2
824 1114 2
824 1115 2
824 1125 2
824 1127 2
825 548 2
825 549 2
826 137 2
826 140 2
826 141 2
826 143 2
826 146 2
826 148 2
827 545 2
827 546 2
830 543 2
830 544 2
831 541 2
831 542 2
836 1667 2
836 1668 2
836 1669 2
838 1021 2
838 1022 2
839 1093 2
839 1102 2
839 1106 2
839 1108 2
840 381 2
840 383 2
840 387 2
840 389 2
843 1729 2
844 374 2
844 378 2
844 379 2
844 380 2
847 539 2
847 540 2
849 1019 2
849 1020 2
852 537 2
852 538 2
853 535 2
853 536 2
854 531 2
854 532 2
855 1562 2
855 1569 2
855 1570 2
855 1572 2
855 1573 2
855 1578 2
856 103 2
856 104 2
856 105 2
858 366 2
858 367 2
858 369 2
858 372 2
860 1017 2
860 1018 2
861 1728 2
863 348 2
863 351 2
863 364 2
863 365 2
865 1727 2
867 429 2
867 431 2
867 432 2
867 434 2
867 435 2
867 454 2
869 341 2
869 343 2
869 345 2
869 346 2
870 1807 2
870 1809 2
870 1815 2
870 1818 2
870 1857 2
870 1861 2
870 1863 2
870 1867 2
870 1870 2
870 1892 2
870 30 2
872 1724 2
875 1013 2
875 1014 2
877 1005 2
877 1012 2
878 529 2
878 530 2
879 1085 2
879 1090 2
879 1091 2
879 1092 2
880 1721 2
881 1002 2
881 1003 2
882 98 2
882 100 2
882 101 2
883 336 2
883 337 2
883 338 2
883 339 2
884 1073 2
884 1074 2
884 1079 2
884 1084 2
885 998 2
885 1001 2
886 123 2
886 124 2
886 128 2
886 129 2
886 132 2
886 136 2
887 526 2
887 527 2
888 523 2
888 525 2
889 1720 2
890 996 2
890 997 2
892 393 2
892 395 2
892 399 2
892 407 2
892 410 2
892 411 2
892 421 2
892 423 2
893 1136 2
893 1137 2
893 1138 2
893 1139 2
893 1143 2
897 111 2
897 117 2
897 118 2
897 119 2
897 121 2
897 122 2
898 993 2
898 994 2
899 1718 2
900 1661 2
900 1663 2
900 1665 2
903 517 2
903 522 2
904 990 2
904 991 2
907 515 2
907 516 2
908 1067 2
908 1068 2
908 1069 2
908 1070 2
910 84 2
910 96 2
910 98 2
910 100 2
910 104 2
910 110 2
911 770 2
911 772 2
911 775 2
911 777 2
911 781 2
911 782 2
913 986 2
913 988 2
914 983 2
914 984 2
915 980 2
915 981 2
916 1063 2
916 1064 2
916 1065 2
916 1066 2
918 328 2
918 331 2
918 334 2
918 335 2
922 25 2
922 27 2
922 30 2
922 42 2
922 43 2
922 46 2
922 49 2
922 50 2
925 511 2
925 513 2
926 1058 2
926 1060 2
926 1061 2
926 1062 2
929 978 2
929 979 2
930 509 2
930 510 2
932 88 2
932 89 2
932 96 2
933 976 2
933 977 2
935 507 2
935 508 2
936 320 2
936 323 2
936 324 2
936 325 2
938 1714 2
939 974 2
939 975 2
941 1712 2
943 76 2
943 77 2
943 78 2
943 79 2
943 82 2
943 83 2
944 1705 2
945 1703 2
946 499 2
946 505 2
947 970 2
947 971 2
948 1521 2
948 1523 2
948 1529 2
948 1532 2
948 1543 2
948 1549 2
952 1189 2
952 1204 2
952 1237 2
952 1256 2
952 1257 2
952 1335 2
952 1337 2
952 1340 2
952 1342 2
952 1377 2
954 311 2
954 312 2
954 315 2
954 317 2
957 1699 2
960 348 2
960 351 2
960 364 2
960 367 2
960 374 2
960 383 2
960 387 2
960 392 2
961 1649 2
961 1657 2
961 1658 2
962 496 2
962 497 2
964 965 2
964 966 2
966 407 2
966 410 2
966 411 2
966 421 2
966 423 2
966 428 2
967 1697 2
968 962 2
968 963 2
969 959 2
969 961 2
972 1696 2
973 1042 2
973 1046 2
973 1047 2
973 1052 2
975 494 2
975 495 2
976 304 2
976 305 2
976 306 2
976 309 2
977 489 2
977 492 2
978 487 2
978 488 2
979 1694 2
982 777 2
982 781 2
982 782 2
982 794 2
982 798 2
982 802 2
982 828 2
982 832 2
982 836 2
986 1693 2
987 1691 2
988 1646 2
988 1647 2
988 1648 2
993 482 2
993 483 2
994 149 2
994 252 2
994 325 2
994 339 2
994 351 2
994 387 2
994 392 2
994 395 2
994 399 2
994 432 2
994 470 2
994 492 2
997 475 2
997 478 2
999 954 2
999 957 2
1000 1036 2
1000 1039 2
1000 1040 2
1000 1041 2
1001 1641 2
1001 1642 2
1001 1643 2
1002 472 2
1002 474 2
1003 300 2
1003 301 2
1003 302 2
1003 303 2
1006 951 2
1006 953 2
1008 756 2
1008 757 2
1008 759 2
1008 760 2
1008 766 2
1008 768 2
1009 949 2
1009 950 2
1010 1149 2
1010 1152 2
1010 1154 2
1010 1156 2
1010 1165 2
1010 1171 2
1010 1181 2
1011 1027 2
1011 1028 2
1011 1029 2
1011 1032 2
1012 296 2
1012 297 2
1012 298 2
1012 299 2
1013 470 2
1013 471 2
1015 1690 2
1016 83 2
1016 84 2
1016 85 2
1017 543 2
1017 544 2
1017 545 2
1017 548 2
1019 1688 2
1022 703 2
1022 705 2
1022 711 2
1022 715 2
1022 723 2
1022 724 2
1022 729 2
1025 946 2
1025 948 2
1026 944 2
1026 945 2
1027 1687 2
1028 1686 2
1029 285 2
1029 290 2
1029 293 2
1029 295 2
1032 468 2
1032 469 2
1034 1020 2
1034 1021 2
1034 1022 2
1034 1024 2
1037 539 2
1037 540 2
1037 541 2
1037 542 2
1040 461 2
1040 464 2
1041 1633 2
1041 1635 2
1041 1637 2
1043 1684 2
1046 1189 2
1046 1342 2
1046 30 2
1046 54 2
1046 55 2
1046 59 2
1046 96 2
1046 100 2
1046 104 2
1046 140 2
1046 141 2
1046 148 2
1048 1694 2
1048 1697 2
1048 1703 2
1048 1721 2
1048 1728 2
1050 1003 2
1050 1005 2
1050 1012 2
1050 1013 2
1051 1385 2
1051 1387 2
1051 1388 2
1051 1398 2
1051 1402 2
1053 1683 2
1055 942 2
1055 943 2
1056 997 2
1056 998 2
1056 1001 2
1056 1002 2
1059 1680 2
1060 455 2
1060 457 2
1063 1679 2
1064 1677 2
1065 453 2
1065 454 2
1067 1622 2
1067 1625 2
1067 1627 2
1068 450 2
1068 452 2
1070 148 2
1070 149 2
1070 157 2
1070 158 2
1070 190 2
1070 250 2
1070 252 2
1070 265 2
1070 266 2
1071 991 2
1071 993 2
1071 994 2
1071 996 2
1073 275 2
1073 278 2
1073 281 2
1073 283 2
1074 1453 2
1074 1463 2
1074 1464 2
1074 1473 2
1074 1495 2
1074 1520 2
1075 531 2
1075 532 2
1075 535 2
1075 537 2
1077 328 2
1077 334 2
1077 335 2
1077 337 2
1077 338 2
1077 339 2
1077 341 2
1077 346 2
1078 936 2
1078 941 2
1079 448 2
1079 449 2
1081 934 2
1081 935 2
1082 445 2
1082 446 2
1086 80 2
1086 81 2
1086 82 2
1087 928 2
1087 930 2
1088 922 2
1088 925 2
1089 910 2
1089 918 2
1092 1674 2
1094 907 2
1094 909 2
1095 902 2
1095 903 2
1097 897 2
1097 900 2
1099 1673 2
1101 724 2
1101 729 2
1101 730 2
1101 736 2
1101 741 2
1101 752 2
1102 442 2
1102 443 2
1103 895 2
1103 896 2
1104 1671 2
1105 893 2
1105 894 2
1108 760 2
1108 766 2
1108 768 2
1108 770 2
1108 772 2
1108 775 2
1108 777 2
1109 383 2
1109 387 2
1109 392 2
1109 393 2
1109 395 2
1109 399 2
1111 1669 2
1112 1668 2
1113 77 2
1113 78 2
1113 79 2
1116 730 2
1116 736 2
1116 741 2
1116 752 2
1116 756 2
1116 759 2
1116 760 2
1116 766 2
1116 775 2
1117 1372 2
1117 1377 2
1117 1382 2
1117 1383 2
1117 1384 2
1120 1667 2
1126 1665 2
1127 1887 2
1127 1892 2
1127 1 2
1127 14 2
1127 15 2
1127 17 2
1127 18 2
1127 20 2
1128 267 2
1128 268 2
1128 273 2
1128 274 2
1131 437 2
1131 440 2
1132 263 2
1132 264 2
1132 265 2
1132 266 2
1134 1664 2
1136 435 2
1136 436 2
1137 433 2
1137 434 2
1138 431 2
1138 432 2
1140 299 2
1140 302 2
1140 304 2
1140 315 2
1140 317 2
1140 320 2
1140 324 2
1140 325 2
1141 888 2
1141 889 2
1142 886 2
1142 887 2
1143 1614 2
1143 1620 2
1143 1621 2
1147 1424 2
1147 1428 2
1147 1429 2
1147 1432 2
1147 1441 2
1147 1443 2
1151 880 2
1151 883 2
1152 428 2
1152 429 2
1153 348 2
1153 351 2
1153 364 2
1153 365 2
1153 367 2
1153 374 2
1154 1611 2
1154 1612 2
1154 1613 2
1155 423 2
1155 427 2
1156 1139 2
1156 1143 2
1156 1146 2
1156 1147 2
1156 1152 2
1156 1154 2
1156 1189 2
1156 1204 2
1157 876 2
1157 878 2
1159 872 2
1159 874 2
1162 1854 2
1162 1857 2
1162 1861 2
1162 1863 2
1162 1867 2
1162 1870 2
1162 1875 2
1162 1884 2
1164 1189 2
1164 1342 2
1164 1694 2
1164 1760 2
1164 1806 2
1164 1807 2
1164 1809 2
1164 1818 2
1164 1857 2
1164 1863 2
1164 1870 2
1164 1892 2
1166 251 2
1166 252 2
1166 256 2
1166 260 2
1167 1674 2
1167 1677 2
1167 1680 2
1167 1686 2
1167 1691 2
1168 870 2
1168 871 2
1170 71 2
1170 72 2
1170 76 2
1171 421 2
1171 422 2
1172 980 2
1172 984 2
1172 988 2
1172 990 2
1173 868 2
1173 869 2
1174 418 2
1174 419 2
1175 976 2
1175 977 2
1175 978 2
1175 979 2
1176 1663 2
1177 965 2
1177 970 2
1177 971 2
1177 975 2
1178 1661 2
1179 1660 2
1180 234 2
1180 237 2
1180 249 2
1180 250 2
1181 1387 2
1181 1388 2
1181 1398 2
1181 1405 2
1181 1416 2
1181 1423 2
1183 223 2
1183 225 2
1183 227 2
1183 233 2
1184 1658 2
1187 1657 2
1192 410 2
1192 411 2
1193 1653 2
1196 1649 2
1197 865 2
1197 867 2
1198 1189 2
1198 1342 2
1198 252 2
1198 1870 2
1198 1625 2
1198 1674 2
1198 626 2
1198 627 2
1198 1138 2
1198 1139 2
1198 1146 2
1198 1147 2
1198 1204 2
1198 1337 2
1198 1377 2
1198 1432 2
1198 1441 2
1198 1473 2
1199 863 2
1199 864 2
1200 1648 2
1201 858 2
1201 859 2
1202 1647 2
1206 1646 2
1207 711 2
1207 713 2
1207 715 2
1207 716 2
1207 717 2
1207 723 2
1210 1644 2
1211 204 2
1211 210 2
1211 213 2
1211 219 2
1212 1643 2
1214 1642 2
1217 529 2
1217 530 2
1217 539 2
1217 540 2
1217 541 2
1217 543 2
1217 574 2
1217 577 2
1217 586 2
1219 59 2
1219 61 2
1219 62 2
1219 66 2
1219 70 2
1219 71 2
1222 855 2
1222 857 2
1223 407 2
1223 408 2
1224 402 2
1224 406 2
1225 1641 2
1229 1637 2
1230 525 2
1230 527 2
1230 529 2
1230 530 2
1231 186 2
1231 190 2
1231 194 2
1231 195 2
1232 1189 2
1232 1342 2
1232 1257 2
1232 1335 2
1232 1337 2
1232 1377 2
1232 1432 2
1232 1441 2
1232 1473 2
1232 1543 2
1232 1620 2
1232 1625 2
1232 1674 2
1232 1686 2
1233 1189 2
1233 1342 2
1233 252 2
1233 1029 2
1233 1058 2
1233 1060 2
1233 1061 2
1233 1138 2
1233 1139 2
1233 1146 2
1233 1147 2
1233 1204 2
1233 1237 2
1233 1256 2
1234 1635 2
1236 1607 2
1236 1608 2
1236 1610 2
1238 397 2
1238 399 2
1239 169 2
1239 175 2
1239 181 2
1239 185 2
1241 1633 2
1242 393 2
1242 395 2
1244 1627 2
1246 853 2
1246 854 2
1249 1625 2
1250 959 2
1250 961 2
1250 962 2
1250 963 2
1251 391 2
1251 392 2
1255 673 2
1255 680 2
1255 697 2
1255 703 2
1255 705 2
1255 706 2
1256 158 2
1256 159 2
1256 160 2
1256 167 2
1257 152 2
1257 153 2
1257 154 2
1257 157 2
1259 67 2
1259 69 2
1259 70 2
1260 388 2
1260 389 2
1262 850 2
1262 852 2
1263 1597 2
1263 1599 2
1263 1604 2
1264 1093 2
1264 1106 2
1264 1125 2
1264 1138 2
1264 1139 2
1264 1143 2
1264 1146 2
1264 1147 2
1264 1152 2
1264 1154 2
1265 1585 2
1265 1590 2
1265 1593 2
1266 386 2
1266 387 2
1269 384 2
1269 385 2
1270 1578 2
1270 1579 2
1270 1584 2
1271 146 2
1271 148 2
1271 149 2
1271 150 2
1272 950 2
1272 951 2
1272 953 2
1272 954 2
1273 1622 2
1274 381 2
1274 383 2
1276 1147 2
1276 1189 2
1276 1204 2
1276 1237 2
1276 1256 2
1276 1257 2
1276 1335 2
1276 1337 2
1276 1342 2
1276 1377 2
1276 1387 2
1276 1388 2
1277 945 2
1277 946 2
1277 948 2
1277 949 2
1278 1621 2
1279 63 2
1279 64 2
1279 66 2
1281 1189 2
1281 1342 2
1281 252 2
1281 1870 2
1281 529 2
1281 530 2
1281 539 2
1281 621 2
1281 622 2
1281 626 2
1281 627 2
1281 705 2
1281 855 2
1281 870 2
1282 1572 2
1282 1573 2
1282 1574 2
1283 336 2
1283 337 2
1283 338 2
1283 339 2
1283 341 2
1283 346 2
1284 845 2
1284 847 2
1287 843 2
1287 844 2
1288 1362 2
1288 1363 2
1288 1367 2
1288 1372 2
1288 1377 2
1288 1382 2
1290 941 2
1290 942 2
1290 943 2
1290 944 2
1293 1568 2
1293 1569 2
1293 1570 2
1294 138 2
1294 140 2
1294 141 2
1294 143 2
1296 1620 2
1298 840 2
1298 842 2
1299 1617 2
1303 835 2
1303 836 2
1305 323 2
1305 324 2
1305 325 2
1305 328 2
1305 334 2
1305 335 2
1307 1614 2
1308 1563 2
1308 1564 2
1308 1567 2
1309 49 2
1309 50 2
1309 53 2
1309 54 2
1309 55 2
1309 56 2
1312 1137 2
1312 1138 2
1312 1139 2
1312 1143 2
1312 1146 2
1312 1147 2
1312 1148 2
1313 379 2
1313 380 2
1315 1613 2
1316 1612 2
1317 1611 2
1318 374 2
1318 378 2
1319 833 2
1319 834 2
1320 59 2
1320 61 2
1320 62 2
1325 930 2
1325 934 2
1325 935 2
1325 936 2
1326 129 2
1326 132 2
1326 136 2
1326 137 2
1333 372 2
1333 373 2
1334 1643 2
1334 1646 2
1334 1658 2
1334 1665 2
1334 1667 2
1336 1610 2
1338 122 2
1338 123 2
1338 124 2
1338 128 2
1339 918 2
1339 922 2
1339 925 2
1339 928 2
1341 367 2
1341 369 2
1344 831 2
1344 832 2
1345 1609 2
1350 829 2
1350 830 2
1351 365 2
1351 366 2
1354 358 2
1354 364 2
1355 56 2
1355 57 2
1355 58 2
1359 53 2
1359 54 2
1359 55 2
1360 351 2
1360 355 2
1361 903 2
1361 907 2
1361 909 2
1361 910 2
1362 346 2
1362 348 2
1363 1608 2
1365 1621 2
1365 1625 2
1365 1627 2
1365 1633 2
1365 1635 2
1368 1611 2
1368 1612 2
1368 1613 2
1368 1614 2
1368 1620 2
1369 827 2
1369 828 2
1370 47 2
1370 49 2
1370 50 2
1373 343 2
1373 345 2
1375 339 2
1375 341 2
1376 1560 2
1376 1561 2
1376 1562 2
1377 1555 2
1377 1557 2
1377 1558 2
1379 1607 2
1381 825 2
1381 826 2
1382 1340 2
1382 1342 2
1382 1343 2
1382 1351 2
1382 1352 2
1382 1360 2
1384 337 2
1384 338 2
1387 335 2
1387 336 2
1391 645 2
1391 651 2
1391 654 2
1391 655 2
1391 664 2
1391 665 2
1396 332 2
1396 334 2
1400 516 2
1400 517 2
1400 522 2
1400 523 2
1401 822 2
1401 823 2
1402 1605 2
1403 328 2
1403 331 2
1409 1604 2
1412 510 2
1412 511 2
1412 513 2
1412 515 2
1413 1551 2
1413 1552 2
1413 1554 2
1414 817 2
1414 821 2
1415 815 2
1415 816 2
1417 44 2
1417 45 2
1417 46 2
1419 809 2
1419 811 2
1422 802 2
1422 808 2
1423 1599 2
1424 869 2
1424 870 2
1424 979 2
1424 991 2
1424 1029 2
1424 1058 2
1424 1060 2
1424 1061 2
1424 1062 2
1424 1064 2
1426 325 2
1426 327 2
1429 1302 2
1429 1308 2
1429 1310 2
1429 1335 2
1429 1337 2
1429 1338 2
1430 896 2
1430 897 2
1430 900 2
1430 902 2
1432 323 2
1432 324 2
1433 799 2
1433 800 2
1435 794 2
1435 798 2
1436 792 2
1436 793 2
1437 505 2
1437 507 2
1437 508 2
1437 509 2
1438 318 2
1438 320 2
1442 1597 2
1443 316 2
1443 317 2
1445 787 2
1445 791 2
1446 1596 2
1447 1545 2
1447 1547 2
1447 1549 2
1448 41 2
1448 42 2
1448 43 2
1452 1594 2
1455 38 2
1455 39 2
1455 40 2
1459 1593 2
1463 312 2
1463 315 2
1464 118 2
1464 119 2
1464 120 2
1464 121 2
1466 310 2
1466 311 2
1470 1590 2
1471 111 2
1471 112 2
1471 114 2
1471 117 2
1472 33 2
1472 36 2
1472 37 2
1473 1257 2
1473 1271 2
1473 1282 2
1473 1288 2
1473 1299 2
1473 1300 2
1476 1587 2
1478 1352 2
1478 1360 2
1478 1362 2
1478 1363 2
1478 1367 2
1479 782 2
1479 783 2
1480 104 2
1480 105 2
1480 106 2
1480 110 2
1482 1022 2
1482 1024 2
1482 1029 2
1482 1058 2
1482 1060 2
1482 1061 2
1482 1062 2
1482 1064 2
1482 1065 2
1482 1066 2
1485 96 2
1485 98 2
1485 100 2
1485 103 2
1486 780 2
1486 781 2
1489 1585 2
1491 889 2
1491 893 2
1491 894 2
1491 895 2
1492 777 2
1492 779 2
1494 1340 2
1494 1341 2
1494 1342 2
1494 1343 2
1494 1351 2
1496 775 2
1496 776 2
1497 883 2
1497 886 2
1497 887 2
1497 888 2
1500 307 2
1500 309 2
1501 104 2
1501 110 2
1501 111 2
1501 128 2
1501 129 2
1501 132 2
1501 140 2
1501 141 2
1504 305 2
1504 306 2
1507 874 2
1507 876 2
1507 878 2
1507 880 2
1508 1093 2
1508 1106 2
1508 1108 2
1508 1125 2
1508 1130 2
1509 863 2
1509 868 2
1509 869 2
1509 870 2
1509 965 2
1509 979 2
1509 988 2
1509 991 2
1509 993 2
1509 997 2
1512 1584 2
1515 1189 2
1515 1342 2
1515 252 2
1515 1870 2
1515 1625 2
1515 1674 2
1515 626 2
1515 627 2
1515 505 2
1515 530 2
1515 539 2
1515 621 2
1515 622 2
1515 705 2
1515 855 2
1515 870 2
1515 1029 2
1515 1058 2
1518 869 2
1518 870 2
1518 871 2
1518 872 2
1519 770 2
1519 772 2
1520 84 2
1520 85 2
1520 88 2
1520 89 2
1521 80 2
1521 81 2
1521 82 2
1521 83 2
1522 304 2
1522 325 2
1522 339 2
1522 351 2
1522 374 2
1522 383 2
1522 387 2
1522 392 2
1522 395 2
1522 399 2
1523 303 2
1523 304 2
1528 1579 2
1528 1584 2
1528 1597 2
1528 1604 2
1528 1608 2
1529 76 2
1529 77 2
1529 78 2
1529 79 2
1532 301 2
1532 302 2
1534 299 2
1534 300 2
1535 505 2
1535 507 2
1535 509 2
1535 513 2
1535 522 2
1535 529 2
1535 530 2
1535 539 2
1535 540 2
1535 541 2
1537 627 2
1537 633 2
1537 635 2
1537 636 2
1537 637 2
1537 640 2
1538 469 2
1538 470 2
1538 492 2
1538 496 2
1538 505 2
1538 507 2
1538 509 2
1538 513 2
1538 522 2
1539 1579 2
1541 27 2
1541 30 2
1541 31 2
1544 69 2
1544 70 2
1544 71 2
1544 72 2
1545 1578 2
1546 1574 2
1547 1525 2
1547 1526 2
1547 1529 2
1551 392 2
1551 395 2
1551 399 2
1551 407 2
1551 410 2
1551 411 2
1551 421 2
1551 423 2
1551 432 2
1552 1554 2
1553 1573 2
1554 297 2
1554 298 2
1558 63 2
1558 64 2
1558 66 2
1558 67 2
1559 23 2
1559 24 2
1559 25 2
1562 1226 2
1562 1237 2
1562 1245 2
1562 1248 2
1562 1249 2
1562 1256 2
1564 1189 2
1564 1342 2
1564 252 2
1564 1870 2
1564 1625 2
1564 1674 2
1564 626 2
1564 627 2
1564 505 2
1564 530 2
1564 1058 2
1564 1543 2
1564 1857 2
1564 1863 2
1564 30 2
1564 54 2
1564 55 2
1564 59 2
1564 96 2
1566 304 2
1566 306 2
1566 309 2
1566 315 2
1566 317 2
1566 320 2
1570 1551 2
1571 295 2
1571 297 2
1571 298 2
1571 299 2
1571 300 2
1571 302 2
1572 56 2
1572 59 2
1572 61 2
1572 62 2
1574 295 2
1574 296 2
1575 863 2
1575 864 2
1575 865 2
1575 868 2
1576 768 2
1576 769 2
1577 765 2
1577 766 2
1579 1521 2
1579 1522 2
1579 1523 2
1581 760 2
1581 762 2
1582 855 2
1582 857 2
1582 858 2
1582 859 2
1584 290 2
1584 293 2
1585 1513 2
1585 1515 2
1585 1520 2
1587 1534 2
1587 1543 2
1587 1544 2
1588 260 2
1588 265 2
1588 266 2
1588 273 2
1588 274 2
1588 281 2
1588 290 2
1588 298 2
1589 1569 2
1589 1570 2
1589 1572 2
1589 1573 2
1589 1578 2
1590 1508 2
1590 1510 2
1590 1512 2
1591 611 2
1591 612 2
1591 621 2
1591 622 2
1591 624 2
1591 626 2
1595 847 2
1595 850 2
1595 853 2
1595 854 2
1600 1545 2
1600 1549 2
1600 1558 2
1600 1562 2
1600 1563 2
1601 581 2
1601 586 2
1601 593 2
1601 598 2
1601 607 2
1601 609 2
1602 18 2
1602 19 2
1602 20 2
1604 283 2
1604 285 2
1605 1549 2
1606 1572 2
1607 1547 2
1610 278 2
1610 281 2
1612 1545 2
1614 1495 2
1614 1500 2
1614 1504 2
1616 840 2
1616 843 2
1616 844 2
1616 845 2
1617 1544 2
1618 757 2
1618 759 2
1620 1543 2
1621 1538 2
1622 275 2
1622 276 2
1626 754 2
1626 756 2
1628 830 2
1628 831 2
1628 832 2
1628 836 2
1631 752 2
1631 753 2
1632 826 2
1632 827 2
1632 828 2
1632 829 2
1635 273 2
1635 274 2
1636 749 2
1636 751 2
1637 1536 2
1639 1521 2
1639 1523 2
1639 1529 2
1639 1532 2
1639 1543 2
1642 268 2
1642 270 2
1645 821 2
1645 822 2
1645 823 2
1645 825 2
1648 1485 2
1648 1487 2
1648 1488 2
1650 745 2
1650 748 2
1651 543 2
1651 550 2
1651 563 2
1651 568 2
1651 574 2
1651 577 2
1654 1571 2
1655 1570 2
1656 741 2
1656 744 2
1658 1066 2
1658 1069 2
1658 1070 2
1658 1074 2
1658 1079 2
1659 737 2
1659 739 2
1660 266 2
1660 267 2
1661 1535 2
1662 1569 2
1663 1534 2
1664 1533 2
1669 264 2
1669 265 2
1670 798 2
1670 802 2
1670 808 2
1670 817 2
1672 733 2
1672 736 2
1676 731 2
1676 732 2
1677 83 2
1677 84 2
1677 96 2
1677 100 2
1677 104 2
1677 110 2
1677 111 2
1677 140 2
1677 141 2
1678 54 2
1678 55 2
1678 59 2
1678 61 2
1678 78 2
1678 79 2
1678 96 2
1678 100 2
1678 104 2
1678 140 2
1678 141 2
1680 260 2
1680 263 2
1681 729 2
1681 730 2
1682 723 2
1682 724 2
1685 869 2
1685 870 2
1685 991 2
1685 1029 2
1685 1058 2
1685 1060 2
1685 1061 2
1685 1062 2
1685 1066 2
1685 1138 2
1685 1139 2
1685 1146 2
1687 1531 2
1687 1532 2
1687 1533 2
1689 1568 2
1691 1074 2
1691 1093 2
1691 1106 2
1691 1125 2
1691 1130 2
1691 1136 2
1691 1137 2
1691 1138 2
1692 717 2
1692 721 2
1695 1567 2
1697 50 2
1697 53 2
1697 54 2
1697 55 2
1699 495 2
1699 496 2
1699 497 2
1699 499 2
1701 1566 2
1702 1565 2
1706 1473 2
1706 1495 2
1706 1504 2
1706 1508 2
1706 1520 2
1707 530 2
1707 535 2
1707 537 2
1707 539 2
1707 540 2
1707 541 2
1709 715 2
1709 716 2
1710 787 2
1710 791 2
1710 792 2
1710 794 2
1714 252 2
1714 256 2
1716 1564 2
1718 45 2
1718 46 2
1718 47 2
1718 49 2
1720 250 2
1720 251 2
1721 246 2
1721 249 2
1724 1532 2
1725 598 2
1725 621 2
1725 622 2
1725 626 2
1725 627 2
1725 697 2
1725 705 2
1725 723 2
1725 729 2
1726 1189 2
1726 1342 2
1726 252 2
1726 1870 2
1726 1625 2
1726 1674 2
1726 1892 2
1726 30 2
1726 54 2
1726 55 2
1726 59 2
1726 96 2
1726 141 2
1726 148 2
1726 149 2
1727 268 2
1727 273 2
1727 274 2
1727 281 2
1727 290 2
1727 293 2
1730 713 2
1730 714 2
1731 15 2
1731 16 2
1731 17 2
1732 8 2
1732 11 2
1732 14 2
1733 707 2
1733 711 2
1735 243 2
1735 245 2
1736 237 2
1736 241 2
1741 148 2
1741 149 2
1741 157 2
1741 158 2
1741 190 2
1741 252 2
1741 265 2
1741 266 2
1741 273 2
1741 274 2
1743 779 2
1743 781 2
1743 782 2
1743 783 2
1745 513 2
1745 515 2
1745 516 2
1745 522 2
1745 523 2
1745 529 2
1746 1563 2
1747 1562 2
1748 705 2
1748 706 2
1749 703 2
1749 704 2
1750 233 2
1750 234 2
1753 1898 2
1753 1 2
1753 2 2
1756 252 2
1756 256 2
1756 260 2
1756 265 2
1756 266 2
1756 267 2
1757 699 2
1757 702 2
1758 692 2
1758 697 2
1759 688 2
1759 691 2
1762 228 2
1762 232 2
1763 627 2
1763 697 2
1763 705 2
1763 730 2
1763 759 2
1763 760 2
1763 775 2
1763 781 2
1763 794 2
1763 802 2
1763 855 2
1763 863 2
1768 225 2
1768 227 2
1770 219 2
1770 223 2
1771 1561 2
1772 686 2
1772 687 2
1773 407 2
1773 410 2
1773 411 2
1773 421 2
1773 423 2
1773 432 2
1773 469 2
1773 470 2
1773 492 2
1773 496 2
1776 680 2
1776 685 2
1778 1560 2
1780 677 2
1780 678 2
1781 1558 2
1782 216 2
1782 217 2
1783 79 2
1783 82 2
1783 84 2
1783 96 2
1783 100 2
1783 104 2
1783 110 2
1783 111 2
1783 140 2
1783 141 2
1787 39 2
1787 40 2
1787 42 2
1787 43 2
1788 31 2
1788 36 2
1788 37 2
1788 38 2
1789 674 2
1789 675 2
1790 1531 2
1791 212 2
1791 213 2
1795 772 2
1795 775 2
1795 776 2
1795 777 2
1796 209 2
1796 210 2
1797 1061 2
1797 1062 2
1797 1063 2
1797 1064 2
1797 1065 2
1800 20 2
1800 25 2
1800 27 2
1800 30 2
1801 206 2
1801 207 2
1802 1557 2
1803 1529 2
1804 1555 2
1806 1473 2
1806 1480 2
1806 1481 2
1807 1527 2
1808 202 2
1808 204 2
1809 16 2
1809 17 2
1809 18 2
1809 19 2
1811 671 2
1811 673 2
1813 665 2
1813 669 2
1815 199 2
1815 201 2
1818 1526 2
1820 655 2
1820 664 2
1826 1466 2
1826 1469 2
1826 1471 2
1828 652 2
1828 654 2
1829 1443 2
1829 1453 2
1829 1462 2
1829 1463 2
1829 1464 2
1830 196 2
1830 197 2
1831 1525 2
1832 650 2
1832 651 2
1833 641 2
1833 645 2
1834 1552 2
1836 1 2
1836 8 2
1836 14 2
1836 15 2
1837 1887 2
1837 1890 2
1837 1892 2
1838 638 2
1838 640 2
1840 194 2
1840 195 2
1842 1886 2
1842 1887 2
1842 1892 2
1842 1898 2
1843 189 2
1843 190 2
1844 636 2
1844 637 2
1845 186 2
1845 187 2
1846 1643 2
1846 1646 2
1846 1667 2
1846 1674 2
1846 1677 2
1846 1686 2
1846 1694 2
1846 1721 2
1847 765 2
1847 766 2
1847 768 2
1847 770 2
1851 1875 2
1851 1880 2
1851 1881 2
1851 1884 2
1852 634 2
1852 635 2
1853 496 2
1853 497 2
1853 505 2
1853 507 2
1853 508 2
1853 509 2
1854 1523 2
1855 632 2
1855 633 2
1856 1522 2
1858 181 2
1858 185 2
1861 1863 2
1861 1867 2
1861 1868 2
1861 1870 2
1862 1882 2
1862 1884 2
1862 1886 2
1863 1462 2
1863 1463 2
1863 1464 2
1864 627 2
1864 630 2
1866 625 2
1866 626 2
1868 175 2
1868 176 2
1874 1521 2
1875 1520 2
1876 171 2
1876 172 2
1877 1426 2
1877 1428 2
1877 1429 2
1877 1432 2
1877 1441 2
1878 169 2
1878 170 2
1879 78 2
1879 79 2
1879 82 2
1879 83 2
1879 84 2
1879 96 2
1879 98 2
1879 100 2
1880 1850 2
1880 1854 2
1880 1857 2
1880 1861 2
1882 1870 2
1882 1892 2
1882 30 2
1882 54 2
1882 55 2
1882 56 2
1882 59 2
1882 61 2
1882 71 2
1882 78 2
1883 782 2
1883 794 2
1883 798 2
1883 802 2
1883 828 2
1883 832 2
1883 836 2
1883 843 2
1883 855 2
1883 857 2
1884 167 2
1884 168 2
1885 483 2
1885 487 2
1885 492 2
1885 494 2
1888 1876 2
1888 1880 2
1888 1881 2
1892 1818 2
1892 1836 2
1892 1842 2
1892 1846 2
1895 1872 2
1895 1874 2
1895 1875 2
1898 1515 2
0 760 3
0 761 3
0 762 3
14 873 3
14 889 3
16 1897 3
17 890 3
17 937 3
24 1891 3
34 1890 3
48 1874 3
76 1856 3
91 846 3
91 871 3
94 1815 3
99 634 3
99 654 3
99 655 3
99 684 3
106 1814 3
110 1812 3
115 1782 3
125 1779 3
126 1777 3
127 815 3
127 820 3
140 813 3
140 814 3
146 772 3
146 812 3
166 1397 3
166 1398 3
166 1506 3
166 1507 3
168 1767 3
173 1766 3
178 762 3
178 763 3
206 1736 3
215 760 3
215 761 3
216 747 3
216 750 3
219 1735 3
227 1708 3
235 1690 3
245 1689 3
248 1686 3
249 1685 3
256 743 3
256 744 3
259 472 3
259 499 3
259 527 3
259 602 3
265 720 3
265 731 3
266 454 3
266 455 3
266 461 3
266 463 3
267 703 3
267 704 3
286 1634 3
305 684 3
305 688 3
321 656 3
321 657 3
341 1633 3
366 654 3
366 655 3
371 331 3
371 341 3
371 362 3
371 415 3
388 1627 3
399 640 3
399 642 3
403 631 3
403 634 3
407 527 3
407 602 3
435 1626 3
443 299 3
443 308 3
443 309 3
443 330 3
450 517 3
450 518 3
459 1574 3
468 489 3
468 499 3
487 472 3
487 488 3
497 1573 3
500 102 3
500 243 3
500 244 3
500 298 3
502 461 3
502 463 3
520 455 3
520 457 3
524 1530 3
531 1528 3
541 1524 3
551 1523 3
565 1517 3
584 446 3
584 454 3
596 1516 3
598 425 3
598 428 3
604 415 3
604 424 3
607 1513 3
610 1507 3
614 356 3
614 362 3
620 349 3
620 355 3
643 1506 3
653 1500 3
689 1398 3
692 1397 3
707 341 3
707 348 3
715 331 3
715 339 3
720 1380 3
752 1377 3
753 1366 3
768 309 3
768 330 3
770 301 3
770 308 3
771 298 3
771 299 3
775 53 3
775 78 3
775 86 3
775 95 3
783 275 3
783 277 3
790 688 3
790 703 3
790 704 3
791 243 3
791 244 3
798 1365 3
800 1361 3
807 1335 3
823 1334 3
842 1326 3
846 873 3
846 889 3
850 218 3
850 219 3
876 166 3
876 172 3
921 1325 3
934 158 3
934 165 3
940 1309 3
956 1308 3
963 149 3
963 157 3
965 1298 3
977 1287 3
990 1286 3
992 95 3
992 102 3
1045 86 3
1045 94 3
1065 1271 3
1078 53 3
1078 78 3
1101 1270 3
1110 46 3
1110 47 3
1113 35 3
1113 38 3
1124 28 3
1124 33 3
1131 938 3
1144 1254 3
1150 937 3
1156 1253 3
1175 1234 3
1177 812 3
1177 813 3
1182 1232 3
1184 527 3
1184 634 3
1184 812 3
1184 813 3
1219 17 3
1219 18 3
1233 1506 3
1233 1507 3
1233 28 3
1233 33 3
1239 1190 3
1285 1185 3
1295 1184 3
1303 1177 3
1335 820 3
1335 871 3
1339 1308 3
1339 1309 3
1339 1397 3
1339 1398 3
1346 1167 3
1355 12 3
1355 13 3
1363 1874 3
1363 1897 3
1376 1160 3
1398 918 3
1408 1159 3
1411 1812 3
1411 1856 3
1425 1158 3
1427 1766 3
1427 1767 3
1431 1735 3
1431 1736 3
1433 1157 3
1475 1634 3
1475 1708 3
1478 1627 3
1478 1633 3
1480 1530 3
1480 1626 3
1499 1507 3
1499 1528 3
1521 1155 3
1522 1398 3
1522 1506 3
1529 1152 3
1550 1151 3
1553 1150 3
1554 527 3
1554 634 3
1554 812 3
1554 813 3
1565 1380 3
1565 1397 3
1568 1361 3
1568 1377 3
1570 1139 3
1572 362 3
1572 415 3
1572 454 3
1572 455 3
1586 1308 3
1586 1309 3
1588 1138 3
1589 1131 3
1596 1128 3
1621 1125 3
1630 1506 3
1630 1507 3
1630 362 3
1630 415 3
1630 454 3
1630 455 3
1651 1100 3
1653 1271 3
1653 1298 3
1668 1254 3
1668 1270 3
1685 917 3
1687 1190 3
1687 1253 3
1690 912 3
1697 1184 3
1697 1185 3
1702 1099 3
1712 1077 3
1715 1506 3
1715 1507 3
1715 95 3
1715 102 3
1715 298 3
1715 299 3
1718 1076 3
1739 1034 3
1740 973 3
1748 1167 3
1748 1177 3
1758 1157 3
1758 1158 3
1766 763 3
1766 772 3
1772 95 3
1772 102 3
1772 298 3
1772 299 3
1779 814 3
1779 815 3
1788 1152 3
1788 1155 3
1792 1150 3
1792 1151 3
1809 1138 3
1809 1139 3
1814 911 3
1873 938 3
1873 1128 3
1874 890 3
1878 972 3
8 1897 4
9 873 4
9 889 4
11 1891 4
15 1890 4
26 1874 4
39 1856 4
52 846 4
52 871 4
59 1815 4
62 815 4
62 820 4
68 813 4
68 814 4
83 772 4
83 812 4
89 762 4
89 763 4
103 1814 4
104 634 4
104 654 4
104 655 4
104 684 4
124 760 4
124 761 4
126 1812 4
145 747 4
145 750 4
147 1782 4
150 743 4
150 744 4
164 720 4
164 731 4
180 703 4
180 704 4
201 684 4
201 688 4
215 656 4
215 657 4
221 654 4
221 655 4
230 640 4
230 642 4
237 631 4
237 634 4
251 527 4
251 602 4
265 1779 4
268 517 4
268 518 4
285 489 4
285 499 4
292 1777 4
293 1767 4
311 472 4
311 488 4
312 1766 4
327 461 4
327 463 4
340 1736 4
346 1735 4
405 455 4
405 457 4
411 446 4
411 454 4
419 425 4
419 428 4
434 1708 4
441 472 4
441 499 4
441 527 4
441 602 4
453 760 4
453 761 4
453 762 4
466 1690 4
482 415 4
482 424 4
489 938 4
489 1128 4
502 356 4
502 362 4
511 1689 4
528 1686 4
547 349 4
547 355 4
556 341 4
556 348 4
564 454 4
564 455 4
564 461 4
564 463 4
570 331 4
570 339 4
584 1685 4
596 1634 4
602 1633 4
631 362 4
631 415 4
631 454 4
631 455 4
632 1627 4
635 309 4
635 330 4
636 1626 4
643 1574 4
649 301 4
649 308 4
678 1573 4
698 1530 4
713 1528 4
719 1524 4
739 298 4
739 299 4
747 890 4
747 937 4
756 275 4
756 277 4
772 1523 4
775 331 4
775 341 4
775 362 4
775 415 4
777 1517 4
785 1516 4
802 243 4
802 244 4
811 1513 4
812 813 4
812 814 4
813 1507 4
821 218 4
821 219 4
827 1506 4
844 166 4
844 172 4
845 299 4
845 308 4
845 309 4
845 330 4
852 1500 4
883 158 4
883 165 4
886 102 4
886 243 4
886 244 4
886 298 4
890 1398 4
891 1397 4
916 149 4
916 157 4
920 1380 4
959 1377 4
972 873 4
972 889 4
986 1366 4
987 1365 4
998 1361 4
1027 1335 4
1032 1506 4
1032 1507 4
1032 362 4
1032 415 4
1032 454 4
1032 455 4
1066 1334 4
1076 95 4
1076 102 4
1076 298 4
1076 299 4
1093 95 4
1093 102 4
1098 86 4
1098 94 4
1104 1326 4
1113 1325 4
1117 53 4
1117 78 4
1120 46 4
1120 47 4
1122 1506 4
1122 1507 4
1122 95 4
1122 102 4
1122 298 4
1122 299 4
1135 1309 4
1150 918 4
1151 917 4
1154 1308 4
1216 35 4
1216 38 4
1251 1298 4
1253 1397 4
1253 1398 4
1253 1506 4
1253 1507 4
1275 28 4
1275 33 4
1289 1287 4
1294 1286 4
1320 1271 4
1325 912 4
1333 1270 4
1342 1254 4
1363 1253 4
1364 17 4
1364 18 4
1366 820 4
1366 871 4
1376 12 4
1376 13 4
1394 1234 4
1401 1232 4
1417 688 4
1417 703 4
1417 704 4
1418 1190 4
1426 1185 4
1430 1184 4
1432 1177 4
1439 53 4
1439 78 4
1439 86 4
1439 95 4
1447 1167 4
1452 1874 4
1452 1897 4
1458 1160 4
1469 1159 4
1473 1812 4
1473 1856 4
1479 1766 4
1479 1767 4
1482 1735 4
1482 1736 4
1496 1634 4
1496 1708 4
1504 1158 4
1509 1627 4
1509 1633 4
1511 1157 4
1528 527 4
1528 634 4
1528 812 4
1528 813 4
1529 1155 4
1535 1152 4
1560 1151 4
1562 1530 4
1562 1626 4
1596 1150 4
1606 1507 4
1606 1528 4
1614 1398 4
1614 1506 4
1615 1380 4
1615 1397 4
1627 911 4
1632 1139 4
1634 763 4
1634 772 4
1643 1138 4
1644 1131 4
1645 1361 4
1645 1377 4
1676 1506 4
1676 1507 4
1676 28 4
1676 33 4
1693 1128 4
1696 1308 4
1696 1309 4
1698 1125 4
1701 1100 4
1702 1308 4
1702 1309 4
1702 1397 4
1702 1398 4
1705 1271 4
1705 1298 4
1706 1099 4
1716 527 4
1716 634 4
1716 812 4
1716 813 4
1756 1077 4
1768 1076 4
1781 1254 4
1781 1270 4
1815 812 4
1815 815 4
1821 1190 4
1821 1253 4
1823 1184 4
1823 1185 4
1827 1167 4
1827 1177 4
1832 1157 4
1832 1158 4
1851 1152 4
1851 1155 4
1854 1034 4
1866 1150 4
1866 1151 4
1869 973 4
1874 890 4
1884 1138 4
1884 1139 4
1886 972 4
1896 938 4
1898 937 4
13 938 5
13 1128 5
19 1897 5
26 1891 5
30 873 5
30 889 5
34 846 5
34 871 5
45 1890 5
49 634 5
49 654 5
49 655 5
49 684 5
51 815 5
51 820 5
55 813 5
55 814 5
89 772 5
89 812 5
109 762 5
109 763 5
117 1874 5
133 760 5
133 761 5
139 747 5
139 750 5
160 1856 5
175 1815 5
176 1814 5
186 1812 5
205 1782 5
212 1779 5
219 1777 5
245 1767 5
261 1766 5
268 1736 5
271 743 5
271 744 5
316 1735 5
317 1708 5
327 720 5
327 731 5
343 703 5
343 704 5
349 890 5
349 937 5
351 1690 5
363 1689 5
367 684 5
367 688 5
371 656 5
371 657 5
377 1686 5
394 1685 5
399 654 5
399 655 5
407 1634 5
410 1633 5
412 472 5
412 499 5
412 527 5
412 602 5
413 454 5
413 455 5
413 461 5
413 463 5
422 640 5
422 642 5
425 1397 5
425 1398 5
425 1506 5
425 1507 5
429 1627 5
445 1626 5
459 1574 5
471 631 5
471 634 5
474 1573 5
479 527 5
479 602 5
489 873 5
489 889 5
498 517 5
498 518 5
505 1530 5
518 820 5
518 871 5
523 1528 5
532 1524 5
538 489 5
538 499 5
549 472 5
549 488 5
571 1523 5
580 1517 5
594 461 5
594 463 5
620 455 5
620 457 5
638 1516 5
641 1513 5
643 1507 5
646 446 5
646 454 5
662 425 5
662 428 5
668 1506 5
669 415 5
669 424 5
671 356 5
671 362 5
674 349 5
674 355 5
698 1500 5
705 341 5
705 348 5
743 1398 5
775 331 5
775 339 5
783 1397 5
801 309 5
801 330 5
819 331 5
819 341 5
819 362 5
819 415 5
842 1380 5
844 301 5
844 308 5
849 1377 5
866 1366 5
869 298 5
869 299 5
878 275 5
878 277 5
882 1365 5
893 243 5
893 244 5
915 218 5
915 219 5
917 814 5
917 815 5
918 1361 5
934 166 5
934 172 5
936 158 5
936 165 5
965 299 5
965 308 5
965 309 5
965 330 5
978 1335 5
993 1334 5
1007 1326 5
1008 1325 5
1012 1309 5
1024 1308 5
1038 1298 5
1052 149 5
1052 157 5
1053 1287 5
1059 1286 5
1071 95 5
1071 102 5
1076 812 5
1076 813 5
1078 1271 5
1104 1270 5
1105 1254 5
1140 102 5
1140 243 5
1140 244 5
1140 298 5
1143 86 5
1143 94 5
1169 1253 5
1170 1234 5
1193 1232 5
1198 1190 5
1203 53 5
1203 78 5
1219 1185 5
1226 46 5
1226 47 5
1235 35 5
1235 38 5
1242 1506 5
1242 1507 5
1242 362 5
1242 415 5
1242 454 5
1242 455 5
1253 937 5
1263 28 5
1263 33 5
1291 1184 5
1303 1177 5
1325 918 5
1360 17 5
1360 18 5
1366 527 5
1366 634 5
1366 812 5
1366 813 5
1380 917 5
1387 12 5
1387 13 5
1389 1167 5
1402 1874 5
1402 1897 5
1416 1160 5
1431 53 5
1431 78 5
1431 86 5
1431 95 5
1432 1812 5
1432 1856 5
1451 1766 5
1451 1767 5
1454 1159 5
1481 1506 5
1481 1507 5
1481 28 5
1481 33 5
1484 1735 5
1484 1736 5
1508 1634 5
1508 1708 5
1517 688 5
1517 703 5
1517 704 5
1526 1308 5
1526 1309 5
1526 1397 5
1526 1398 5
1528 912 5
1541 1158 5
1544 527 5
1544 634 5
1544 812 5
1544 813 5
1549 1157 5
1573 911 5
1577 1627 5
1577 1633 5
1587 1530 5
1587 1626 5
1591 1507 5
1591 1528 5
1592 1398 5
1592 1506 5
1599 1155 5
1616 1380 5
1616 1397 5
1645 1152 5
1650 1151 5
1656 1150 5
1657 362 5
1657 415 5
1657 454 5
1657 455 5
1663 1361 5
1663 1377 5
1672 1308 5
1672 1309 5
1676 1271 5
1676 1298 5
1687 1139 5
1694 1138 5
1713 1131 5
1721 1128 5
1742 1254 5
1742 1270 5
1756 1190 5
1756 1253 5
1773 1184 5
1773 1185 5
1777 890 5
1782 763 5
1782 772 5
1799 1125 5
1802 760 5
1802 761 5
1802 762 5
1811 1167 5
1811 1177 5
1817 1506 5
1817 1507 5
1817 95 5
1817 102 5
1817 298 5
1817 299 5
1826 1157 5
1826 1158 5
1827 1100 5
1831 1152 5
1831 1155 5
1834 1099 5
1835 1077 5
1865 1076 5
1867 1034 5
1868 1150 5
1868 1151 5
1878 95 5
1878 102 5
1878 298 5
1878 299 5
1880 973 5
1885 1138 5
1885 1139 5
1888 972 5
1893 938 5
28 1150 6
28 1151 6
36 1897 6
38 1138 6
38 1139 6
50 1891 6
61 1890 6
84 1874 6
120 873 6
120 889 6
122 846 6
122 871 6
125 1856 6
132 634 6
132 654 6
132 655 6
132 684 6
142 1815 6
151 1814 6
163 1812 6
166 688 6
166 703 6
166 704 6
174 815 6
174 820 6
177 1782 6
181 1779 6
190 813 6
190 814 6
202 1777 6
208 1767 6
218 1766 6
221 1736 6
233 1735 6
236 1708 6
271 772 6
271 812 6
272 1690 6
300 1689 6
316 1686 6
331 938 6
331 1128 6
355 1685 6
359 1634 6
373 1633 6
375 1627 6
401 762 6
401 763 6
406 760 6
406 761 6
406 762 6
413 760 6
413 761 6
419 747 6
419 750 6
423 1626 6
432 743 6
432 744 6
435 1574 6
459 720 6
459 731 6
499 890 6
499 937 6
501 472 6
501 499 6
501 527 6
501 602 6
504 1573 6
509 703 6
509 704 6
513 684 6
513 688 6
520 1530 6
529 656 6
529 657 6
531 1528 6
534 1524 6
547 1506 6
547 1507 6
547 362 6
547 415 6
547 454 6
547 455 6
553 1523 6
562 654 6
562 655 6
565 640 6
565 642 6
568 631 6
568 634 6
576 454 6
576 455 6
576 461 6
576 463 6
597 1517 6
615 1516 6
627 527 6
627 602 6
641 1513 6
645 517 6
645 518 6
652 1507 6
661 1506 6
664 489 6
664 499 6
674 1500 6
684 873 6
684 889 6
692 1506 6
692 1507 6
692 95 6
692 102 6
692 298 6
692 299 6
772 1398 6
781 472 6
781 488 6
783 461 6
783 463 6
784 1397 6
801 331 6
801 341 6
801 362 6
801 415 6
816 455 6
816 457 6
826 1380 6
827 299 6
827 308 6
827 309 6
827 330 6
836 446 6
836 454 6
839 425 6
839 428 6
840 1377 6
849 1366 6
854 1365 6
859 1361 6
919 1335 6
920 1334 6
937 814 6
937 815 6
941 1326 6
943 1325 6
946 415 6
946 424 6
949 1309 6
954 102 6
954 243 6
954 244 6
954 298 6
1006 1308 6
1020 1298 6
1027 356 6
1027 362 6
1046 53 6
1046 78 6
1046 86 6
1046 95 6
1064 1287 6
1068 349 6
1068 355 6
1082 341 6
1082 348 6
1087 1286 6
1089 1271 6
1097 1270 6
1114 1254 6
1117 1253 6
1122 331 6
1122 339 6
1124 1506 6
1124 1507 6
1124 28 6
1124 33 6
1127 1234 6
1135 309 6
1135 330 6
1142 301 6
1142 308 6
1163 1232 6
1169 1190 6
1213 298 6
1213 299 6
1221 275 6
1221 277 6
1232 912 6
1237 243 6
1237 244 6
1241 1185 6
1246 218 6
1246 219 6
1251 1184 6
1271 812 6
1271 813 6
1274 1308 6
1274 1309 6
1274 1397 6
1274 1398 6
1313 1177 6
1323 1167 6
1364 1160 6
1381 527 6
1381 634 6
1381 812 6
1381 813 6
1382 166 6
1382 172 6
1389 158 6
1389 165 6
1396 149 6
1396 157 6
1401 1159 6
1413 95 6
1413 102 6
1423 86 6
1423 94 6
1438 53 6
1438 78 6
1443 1158 6
1449 46 6
1449 47 6
1463 35 6
1463 38 6
1464 1157 6
1471 28 6
1471 33 6
1479 17 6
1479 18 6
1483 12 6
1483 13 6
1489 1874 6
1489 1897 6
1491 1812 6
1491 1856 6
1492 362 6
1492 415 6
1492 454 6
1492 455 6
1511 1766 6
1511 1767 6
1515 1735 6
1515 1736 6
1521 1634 6
1521 1708 6
1525 1627 6
1525 1633 6
1527 1155 6
1536 1152 6
1538 1151 6
1540 1150 6
1541 1530 6
1541 1626 6
1567 1507 6
1567 1528 6
1579 1398 6
1579 1506 6
1580 1380 6
1580 1397 6
1584 1139 6
1588 1138 6
1597 1131 6
1604 1128 6
1609 95 6
1609 102 6
1609 298 6
1609 299 6
1618 1361 6
1618 1377 6
1629 1125 6
1663 1100 6
1683 1397 6
1683 1398 6
1683 1506 6
1683 1507 6
1686 820 6
1686 871 6
1689 911 6
1691 1099 6
1729 1308 6
1729 1309 6
1759 1077 6
1760 1076 6
1775 1034 6
1777 890 6
1780 1271 6
1780 1298 6
1793 1254 6
1793 1270 6
1797 973 6
1799 1190 6
1799 1253 6
1802 1184 6
1802 1185 6
1808 1167 6
1808 1177 6
1812 763 6
1812 772 6
1821 1157 6
1821 1158 6
1839 972 6
1857 527 6
1857 634 6
1857 812 6
1857 813 6
1861 938 6
1864 1152 6
1864 1155 6
1884 937 6
1886 918 6
1889 917 6
