36 1890 0
41 1889 0
47 1888 0
61 1853 0
62 1852 0
105 1845 0
111 1837 0
126 1830 0
127 1825 0
131 1816 0
168 1815 0
196 1814 0
217 1813 0
220 1812 0
236 1811 0
246 1799 0
279 1798 0
280 1777 0
289 1776 0
306 1775 0
314 1759 0
327 188 0
327 204 0
333 1758 0
386 1756 0
390 1755 0
395 1738 0
405 186 0
405 187 0
407 1737 0
416 1735 0
432 1731 0
452 1728 0
513 1727 0
516 1711 0
528 1684 0
546 1660 0
582 1659 0
599 1658 0
605 1652 0
615 1644 0
631 1642 0
634 1641 0
657 1635 0
658 1634 0
669 1633 0
677 1586 0
679 455 0
684 1564 0
689 1554 0
709 1536 0
727 1525 0
734 1496 0
760 1494 0
774 1490 0
776 1473 0
804 1471 0
820 1461 0
821 1453 0
825 1416 0
826 1415 0
849 1414 0
862 389 0
864 1407 0
867 1406 0
877 388 0
882 1405 0
894 1401 0
906 1330 0
939 86 0
939 144 0
944 678 0
944 679 0
944 719 0
945 1329 0
958 1328 0
974 1307 0
984 1252 0
1032 1248 0
1041 84 0
1041 85 0
1067 1216 0
1085 1211 0
1096 13 0
1096 19 0
1096 638 0
1104 1210 0
1123 1209 0
1129 1166 0
1137 1158 0
1138 1149 0
1157 1148 0
1175 1131 0
1210 334 0
1214 1109 0
1273 30 0
1273 32 0
1275 1108 0
1283 1107 0
1325 1074 0
1330 316 0
1336 1022 0
1365 1021 0
1400 1019 0
1409 1011 0
1415 315 0
1427 1010 0
1437 1009 0
1446 957 0
1449 934 0
1460 933 0
1472 931 0
1507 919 0
1516 918 0
1548 19 0
1548 29 0
1552 877 0
1559 876 0
1563 862 0
1619 850 0
1655 812 0
1674 13 0
1674 15 0
1684 206 0
1692 811 0
1697 793 0
1701 758 0
1725 742 0
1748 740 0
1786 739 0
1789 735 0
1792 730 0
1793 1853 0
1793 8 0
1802 729 0
1803 721 0
1807 719 0
1809 708 0
1811 721 0
1811 1131 0
1838 1837 0
1838 1852 0
1841 679 0
1843 1453 0
1843 1490 0
1846 678 0
1850 638 0
1851 557 0
1866 1401 0
1866 1405 0
1881 524 0
1884 1837 0
1884 1852 0
1884 1853 0
1888 205 0
1893 519 0
13 1890 1
18 1889 1
19 1888 1
27 1853 1
42 1852 1
45 1845 1
51 1837 1
57 1830 1
61 1825 1
77 1816 1
87 1815 1
130 1814 1
131 1813 1
133 1812 1
138 1811 1
150 1799 1
173 1798 1
175 1777 1
181 1776 1
189 1775 1
194 1759 1
216 1758 1
231 1756 1
238 678 1
238 679 1
238 719 1
260 1755 1
283 1738 1
297 1737 1
308 1735 1
325 1731 1
380 1728 1
387 1727 1
392 1711 1
406 1684 1
428 1660 1
442 1659 1
447 1658 1
450 1652 1
476 1644 1
489 1642 1
498 1641 1
516 1635 1
526 1634 1
535 1633 1
558 1586 1
581 1564 1
590 1554 1
611 1536 1
615 1525 1
626 1496 1
635 1494 1
649 1490 1
677 1473 1
695 188 1
695 204 1
720 1471 1
736 1461 1
788 1453 1
794 1416 1
821 1415 1
840 1414 1
903 1407 1
923 1406 1
934 316 1
937 1405 1
940 1401 1
951 186 1
951 187 1
956 1330 1
963 1329 1
973 1328 1
979 1307 1
1132 1252 1
1135 1248 1
1154 1216 1
1188 1211 1
1189 1210 1
1192 1209 1
1212 1166 1
1213 1158 1
1233 1149 1
1236 1148 1
1238 1131 1
1240 1109 1
1249 1108 1
1261 1107 1
1266 1074 1
1269 86 1
1269 144 1
1276 1022 1
1282 1021 1
1311 84 1
1311 85 1
1317 1019 1
1331 1011 1
1336 1010 1
1348 1009 1
1359 30 1
1359 32 1
1362 957 1
1364 934 1
1374 933 1
1401 1837 1
1401 1852 1
1401 1853 1
1408 19 1
1408 29 1
1413 931 1
1434 919 1
1470 13 1
1470 15 1
1504 1853 1
1504 8 1
1520 918 1
1525 315 1
1542 1837 1
1542 1852 1
1545 877 1
1576 876 1
1596 862 1
1607 850 1
1609 812 1
1626 811 1
1630 793 1
1634 13 1
1634 19 1
1634 638 1
1643 758 1
1683 742 1
1684 1401 1
1684 1405 1
1694 740 1
1714 739 1
1729 735 1
1752 730 1
1758 721 1
1758 1131 1
1760 729 1
1778 721 1
1781 719 1
1790 708 1
1801 679 1
1805 678 1
1818 638 1
1826 557 1
1846 524 1
1860 519 1
1868 455 1
1869 389 1
1883 388 1
1884 334 1
1886 1453 1
1886 1490 1
1888 206 1
1889 205 1
3 1890 2
5 1889 2
16 1888 2
29 1853 2
52 188 2
52 204 2
62 1852 2
70 1845 2
93 1837 2
112 1830 2
138 1825 2
149 1816 2
151 1815 2
167 186 2
167 187 2
185 1814 2
206 1813 2
209 1812 2
212 1811 2
231 1799 2
240 1798 2
252 1777 2
259 1776 2
275 1775 2
285 86 2
285 144 2
299 1759 2
310 1758 2
320 1756 2
326 1755 2
327 1738 2
368 1737 2
385 678 2
385 679 2
385 719 2
406 1735 2
417 1731 2
438 1728 2
461 1727 2
475 1711 2
476 1684 2
482 1660 2
521 84 2
521 85 2
524 389 2
544 1659 2
553 1658 2
583 1652 2
585 1644 2
592 1642 2
596 1641 2
610 1635 2
611 1634 2
612 1633 2
618 1586 2
627 1564 2
653 1554 2
654 1536 2
674 30 2
674 32 2
681 19 2
681 29 2
691 1525 2
710 1496 2
711 1494 2
722 1490 2
743 1473 2
751 1471 2
754 1461 2
784 1453 2
815 1416 2
821 1415 2
848 1414 2
852 1407 2
858 1406 2
861 1405 2
882 1401 2
884 1330 2
886 1329 2
887 13 2
887 15 2
890 1328 2
893 1307 2
894 1252 2
902 1853 2
902 8 2
909 1248 2
915 1216 2
916 1211 2
932 1210 2
953 1209 2
981 1166 2
997 1158 2
1018 1149 2
1041 1148 2
1044 1131 2
1050 1109 2
1067 1108 2
1071 1837 2
1071 1852 2
1097 1107 2
1100 1074 2
1105 1022 2
1112 13 2
1112 19 2
1112 638 2
1127 1021 2
1148 388 2
1152 1019 2
1161 1011 2
1195 1010 2
1208 1453 2
1208 1490 2
1221 1009 2
1223 957 2
1259 1401 2
1259 1405 2
1274 934 2
1318 933 2
1349 931 2
1357 919 2
1361 721 2
1361 1131 2
1372 918 2
1392 877 2
1402 876 2
1408 862 2
1409 850 2
1421 812 2
1427 811 2
1436 793 2
1459 758 2
1461 334 2
1495 742 2
1520 740 2
1536 316 2
1540 739 2
1543 735 2
1571 730 2
1630 729 2
1670 721 2
1673 719 2
1712 708 2
1734 679 2
1798 1837 2
1798 1852 2
1798 1853 2
1806 678 2
1811 315 2
1812 206 2
1820 638 2
1821 557 2
1823 524 2
1833 519 2
1890 205 2
1894 455 2
13 1837 3
13 1852 3
13 1853 3
14 1890 3
18 1889 3
35 188 3
35 204 3
37 1888 3
38 1853 3
46 1852 3
80 1845 3
81 186 3
81 187 3
91 1837 3
92 1830 3
100 1825 3
101 1816 3
126 1815 3
143 1814 3
177 86 3
177 144 3
184 1813 3
196 1812 3
203 1811 3
205 1799 3
222 1798 3
227 1777 3
232 1776 3
249 1775 3
266 1759 3
278 1758 3
279 1756 3
299 84 3
299 85 3
315 1755 3
328 1738 3
331 30 3
331 32 3
332 678 3
332 679 3
332 719 3
335 1737 3
342 1735 3
379 1731 3
382 1728 3
397 1727 3
399 1711 3
413 19 3
413 29 3
424 1684 3
446 1660 3
447 1659 3
466 13 3
466 15 3
472 1658 3
521 1652 3
529 1853 3
529 8 3
541 1644 3
546 13 3
546 19 3
546 638 3
550 1642 3
552 1641 3
568 1635 3
573 1634 3
610 1837 3
610 1852 3
623 1633 3
647 1586 3
651 1564 3
675 1554 3
687 1536 3
700 1525 3
704 1496 3
726 1494 3
745 1490 3
778 1473 3
840 1471 3
849 1461 3
860 1453 3
896 1416 3
907 1415 3
934 316 3
939 1414 3
968 1407 3
1014 1406 3
1030 1405 3
1043 1401 3
1078 1330 3
1081 1329 3
1090 1328 3
1103 1307 3
1115 1252 3
1123 1248 3
1125 1453 3
1125 1490 3
1135 1216 3
1141 1211 3
1146 1210 3
1147 1401 3
1147 1405 3
1168 1209 3
1209 315 3
1225 721 3
1225 1131 3
1227 1166 3
1229 1158 3
1250 1149 3
1263 1148 3
1271 1131 3
1281 1109 3
1304 1108 3
1321 1107 3
1336 1074 3
1366 1022 3
1368 1021 3
1378 1019 3
1389 1011 3
1393 1010 3
1401 206 3
1460 1009 3
1462 957 3
1481 934 3
1499 933 3
1505 931 3
1544 919 3
1563 918 3
1569 877 3
1579 876 3
1582 862 3
1589 850 3
1601 812 3
1609 811 3
1614 793 3
1616 758 3
1619 742 3
1620 740 3
1628 739 3
1650 735 3
1663 730 3
1672 729 3
1679 721 3
1684 205 3
1710 719 3
1712 708 3
1726 679 3
1742 678 3
1803 638 3
1804 557 3
1809 524 3
1818 519 3
1824 455 3
1860 389 3
1864 388 3
1875 334 3
8 1890 4
13 721 4
13 1131 4
17 1889 4
23 1888 4
24 1853 4
30 1852 4
33 1845 4
56 1837 4
85 1830 4
95 1825 4
121 1816 4
122 1815 4
126 1814 4
127 678 4
127 679 4
127 719 4
143 1813 4
147 1812 4
167 1811 4
172 1799 4
191 1798 4
196 1777 4
209 1776 4
210 1775 4
213 1759 4
229 188 4
229 204 4
231 1758 4
241 1756 4
248 1755 4
271 1738 4
274 1737 4
287 1735 4
288 1731 4
319 1728 4
322 1727 4
338 1711 4
341 1684 4
350 1660 4
359 1659 4
360 1658 4
367 1652 4
374 1644 4
395 1642 4
409 1641 4
413 1635 4
420 1634 4
431 1633 4
435 1586 4
466 1564 4
516 1554 4
530 186 4
530 187 4
552 1536 4
593 1525 4
601 86 4
601 144 4
609 1496 4
667 1494 4
678 206 4
694 1490 4
697 1473 4
706 1471 4
707 1461 4
716 1453 4
756 1416 4
759 1415 4
770 84 4
770 85 4
789 30 4
789 32 4
825 1414 4
827 19 4
827 29 4
829 1407 4
844 1406 4
852 1405 4
854 13 4
854 15 4
898 1401 4
903 13 4
903 19 4
903 638 4
917 1330 4
924 1329 4
969 1328 4
976 1307 4
980 1252 4
996 1248 4
1031 1216 4
1049 1211 4
1087 1210 4
1106 1209 4
1118 1853 4
1118 8 4
1130 1166 4
1133 1158 4
1214 1149 4
1258 1148 4
1263 1131 4
1286 1109 4
1304 1108 4
1319 1107 4
1325 1074 4
1345 1022 4
1360 1021 4
1376 1019 4
1394 1011 4
1408 1010 4
1420 1009 4
1426 957 4
1429 934 4
1447 933 4
1473 205 4
1480 931 4
1489 919 4
1507 918 4
1510 877 4
1511 876 4
1515 862 4
1520 850 4
1533 812 4
1537 811 4
1541 793 4
1545 758 4
1552 742 4
1557 1837 4
1557 1852 4
1557 1853 4
1573 740 4
1576 739 4
1582 735 4
1599 730 4
1607 729 4
1613 721 4
1617 719 4
1623 708 4
1663 679 4
1672 678 4
1685 638 4
1698 557 4
1702 524 4
1752 519 4
1772 1837 4
1772 1852 4
1784 1453 4
1784 1490 4
1805 455 4
1817 389 4
1826 388 4
1844 334 4
1856 1401 4
1856 1405 4
1885 316 4
1893 315 4
13 1890 5
14 1889 5
16 1888 5
38 1853 5
65 188 5
65 204 5
66 1852 5
69 1845 5
77 1837 5
90 1830 5
107 1825 5
114 186 5
114 187 5
127 1816 5
145 1815 5
154 1814 5
198 1813 5
204 1812 5
205 721 5
205 1131 5
220 1811 5
232 1799 5
236 678 5
236 679 5
236 719 5
250 86 5
250 144 5
253 1798 5
255 84 5
255 85 5
273 1777 5
293 1776 5
321 30 5
321 32 5
331 1775 5
334 388 5
359 1759 5
371 19 5
371 29 5
402 1758 5
412 1756 5
438 13 5
438 15 5
441 1755 5
451 1853 5
451 8 5
462 1738 5
482 1737 5
486 13 5
486 19 5
486 638 5
487 1735 5
527 1731 5
535 1728 5
583 1727 5
611 1711 5
632 1684 5
633 1660 5
638 316 5
670 1659 5
671 1658 5
680 1652 5
681 1644 5
700 1642 5
743 1837 5
743 1852 5
746 1641 5
755 1635 5
776 1634 5
780 1633 5
784 1586 5
811 315 5
836 1564 5
840 1554 5
844 1536 5
858 1525 5
866 1496 5
867 1494 5
869 1490 5
891 1473 5
900 1471 5
916 1461 5
923 1453 5
951 1416 5
958 1415 5
959 1414 5
962 1407 5
964 1406 5
973 1405 5
984 1401 5
1013 1330 5
1026 1329 5
1041 1328 5
1044 1307 5
1050 1252 5
1059 1248 5
1099 1216 5
1102 1211 5
1116 1210 5
1121 1209 5
1122 1166 5
1154 1158 5
1197 1149 5
1200 1148 5
1219 1131 5
1244 1109 5
1245 1108 5
1246 1107 5
1258 1074 5
1265 1022 5
1270 1021 5
1293 1019 5
1319 1011 5
1327 1010 5
1360 1009 5
1376 957 5
1382 934 5
1400 1453 5
1400 1490 5
1422 933 5
1442 931 5
1462 919 5
1463 918 5
1464 877 5
1476 876 5
1504 862 5
1522 850 5
1548 1401 5
1548 1405 5
1553 812 5
1563 811 5
1582 793 5
1609 758 5
1616 742 5
1619 740 5
1620 739 5
1628 735 5
1647 730 5
1654 1837 5
1654 1852 5
1654 1853 5
1660 206 5
1685 729 5
1688 721 5
1691 719 5
1721 708 5
1751 679 5
1755 205 5
1778 678 5
1787 638 5
1823 557 5
1826 524 5
1829 519 5
1863 455 5
1867 389 5
1883 334 5
10 1890 6
14 1889 6
15 1401 6
15 1405 6
27 1888 6
80 1853 6
81 188 6
81 204 6
87 1852 6
99 186 6
99 187 6
108 1845 6
113 1837 6
118 1830 6
133 1825 6
140 1816 6
147 1815 6
158 1814 6
178 1813 6
180 1812 6
185 1811 6
194 678 6
194 679 6
194 719 6
216 1799 6
227 1798 6
232 1777 6
243 86 6
243 144 6
290 1776 6
308 1775 6
321 1759 6
326 1758 6
332 84 6
332 85 6
336 1756 6
338 1755 6
347 1738 6
350 1737 6
355 1735 6
373 1731 6
381 1728 6
387 1727 6
405 1711 6
421 1684 6
432 1660 6
439 1659 6
444 1658 6
489 1652 6
499 1644 6
512 1642 6
544 1641 6
580 1635 6
597 1634 6
661 1633 6
679 557 6
682 1586 6
686 1564 6
687 1554 6
699 1536 6
716 1525 6
721 524 6
723 1496 6
735 519 6
756 1494 6
824 1490 6
829 1473 6
836 1471 6
838 1461 6
850 455 6
913 1453 6
918 389 6
926 1416 6
955 1415 6
968 1414 6
1041 1407 6
1058 1406 6
1072 1405 6
1096 1401 6
1107 388 6
1108 334 6
1110 30 6
1110 32 6
1131 316 6
1143 1330 6
1152 1329 6
1167 1328 6
1172 1307 6
1180 1252 6
1182 1248 6
1201 1216 6
1219 1211 6
1221 1210 6
1258 1209 6
1269 1166 6
1279 1158 6
1287 1149 6
1299 1148 6
1300 1131 6
1308 19 6
1308 29 6
1316 1109 6
1323 13 6
1323 15 6
1333 1108 6
1344 1107 6
1355 1074 6
1371 1022 6
1372 1021 6
1378 1853 6
1378 8 6
1398 1019 6
1411 1011 6
1413 1010 6
1417 1009 6
1425 957 6
1485 934 6
1499 933 6
1511 931 6
1521 919 6
1525 315 6
1538 918 6
1548 1837 6
1548 1852 6
1558 877 6
1568 876 6
1591 862 6
1632 850 6
1653 812 6
1691 811 6
1718 793 6
1719 758 6
1721 742 6
1744 740 6
1777 206 6
1780 13 6
1780 19 6
1780 638 6
1799 721 6
1799 1131 6
1804 1837 6
1804 1852 6
1804 1853 6
1831 739 6
1842 735 6
1849 730 6
1851 729 6
1854 721 6
1864 719 6
1865 1453 6
1865 1490 6
1868 708 6
1871 679 6
1876 678 6
1888 205 6
1895 638 6
