2 1795 0
17 1787 0
18 1774 0
77 1772 0
86 1724 0
111 1703 0
133 1602 0
140 1601 0
154 1598 0
157 1597 0
191 1596 0
213 1595 0
222 237 0
222 247 0
233 1460 0
258 1459 0
289 1458 0
290 234 0
290 235 0
292 1457 0
295 200 0
295 232 0
337 141 0
337 154 0
347 138 0
347 140 0
363 1456 0
379 1455 0
384 1434 0
389 1432 0
398 1431 0
434 1418 0
445 1400 0
493 1399 0
509 1398 0
568 1370 0
586 1369 0
591 1155 0
596 113 0
596 137 0
608 1154 0
620 1153 0
626 59 0
626 108 0
674 469 0
688 1152 0
698 1151 0
727 1459 0
727 21 0
730 1102 0
757 1100 0
776 1099 0
845 1457 0
845 1458 0
846 1098 0
848 1097 0
863 1062 0
875 1061 0
882 1060 0
894 1455 0
894 1456 0
909 1059 0
962 438 0
982 1058 0
1007 1057 0
1021 1055 0
1032 1043 0
1037 345 0
1046 1100 0
1046 1102 0
1171 1042 0
1193 1040 0
1204 1039 0
1260 1038 0
1305 1037 0
1308 1031 0
1318 1030 0
1350 1029 0
1360 974 0
1378 973 0
1389 1098 0
1389 1099 0
1423 972 0
1427 141 0
1427 1097 0
1431 341 0
1439 968 0
1448 962 0
1463 961 0
1480 960 0
1490 923 0
1508 904 0
1531 888 0
1554 887 0
1566 138 0
1566 140 0
1568 886 0
1573 885 0
1578 884 0
1587 778 0
1651 769 0
1713 674 0
1735 673 0
1763 671 0
1791 556 0
1841 472 0
1850 471 0
1858 470 0
1886 59 0
1886 137 0
4 1795 1
42 237 1
42 247 1
56 234 1
56 235 1
62 1787 1
66 1774 1
95 1772 1
112 1724 1
214 1703 1
242 200 1
242 232 1
247 1602 1
268 1601 1
269 1598 1
277 1597 1
394 1596 1
415 1595 1
454 1460 1
472 556 1
491 141 1
491 154 1
556 471 1
565 1459 1
593 1458 1
607 1457 1
610 1456 1
617 1455 1
640 1434 1
650 1432 1
659 1431 1
666 1418 1
685 1400 1
707 138 1
707 140 1
718 1399 1
734 1398 1
762 1370 1
773 113 1
773 137 1
780 1369 1
788 1155 1
799 1154 1
808 1153 1
849 1152 1
853 1151 1
865 59 1
865 108 1
875 1102 1
892 1100 1
933 1099 1
954 1098 1
994 1097 1
997 1062 1
1022 1061 1
1055 470 1
1060 469 1
1066 1459 1
1066 21 1
1077 1060 1
1083 1059 1
1097 438 1
1106 1058 1
1108 1057 1
1115 1457 1
1115 1458 1
1154 345 1
1198 1055 1
1207 1043 1
1212 1042 1
1236 1040 1
1239 1455 1
1239 1456 1
1256 1039 1
1275 1100 1
1275 1102 1
1305 1038 1
1320 1037 1
1360 1098 1
1360 1099 1
1383 1031 1
1412 1030 1
1423 141 1
1423 1097 1
1447 1029 1
1454 974 1
1521 973 1
1555 972 1
1564 968 1
1597 59 1
1597 137 1
1607 962 1
1610 961 1
1614 960 1
1629 923 1
1660 904 1
1723 888 1
1727 138 1
1727 140 1
1787 341 1
1792 887 1
1813 886 1
1824 885 1
1830 884 1
1849 778 1
1854 769 1
1860 674 1
1878 673 1
1885 671 1
1887 472 1
3 1795 2
8 1787 2
53 1774 2
93 1772 2
108 59 2
108 137 2
120 1724 2
152 1703 2
157 237 2
157 247 2
178 1602 2
188 1601 2
211 1598 2
251 1597 2
255 1596 2
278 234 2
278 235 2
312 1595 2
343 200 2
343 232 2
345 1460 2
397 1459 2
407 1458 2
411 1457 2
423 1456 2
425 141 2
425 154 2
433 1455 2
444 1434 2
460 1432 2
465 1431 2
487 1418 2
512 1400 2
571 138 2
571 140 2
575 1399 2
613 113 2
613 137 2
626 1398 2
640 1370 2
671 470 2
688 1369 2
697 1155 2
738 1154 2
765 1153 2
766 1152 2
768 1151 2
786 1102 2
788 59 2
788 108 2
803 1100 2
805 1459 2
805 21 2
861 1099 2
899 1098 2
933 1097 2
943 1062 2
950 1457 2
950 1458 2
970 1061 2
973 469 2
1015 1060 2
1067 1059 2
1077 1058 2
1082 1057 2
1090 1455 2
1090 1456 2
1153 438 2
1184 1055 2
1202 1043 2
1234 1042 2
1239 1040 2
1281 1100 2
1281 1102 2
1285 1039 2
1289 1038 2
1369 345 2
1405 1037 2
1406 1031 2
1412 1098 2
1412 1099 2
1417 1030 2
1420 1029 2
1421 974 2
1428 973 2
1454 141 2
1454 1097 2
1515 972 2
1552 968 2
1578 138 2
1578 140 2
1602 341 2
1621 962 2
1623 961 2
1633 960 2
1653 923 2
1673 904 2
1690 888 2
1716 887 2
1721 886 2
1731 885 2
1748 884 2
1770 778 2
1812 769 2
1816 674 2
1821 673 2
1845 671 2
1856 556 2
1872 472 2
1894 471 2
21 1795 3
34 1787 3
70 1774 3
83 1772 3
110 1724 3
126 1703 3
143 237 3
143 247 3
148 1602 3
155 1601 3
172 234 3
172 235 3
283 1598 3
287 1597 3
296 1596 3
326 1595 3
353 1460 3
375 1459 3
384 1458 3
400 1457 3
405 1456 3
414 1455 3
420 1434 3
446 1432 3
452 1431 3
477 1418 3
493 200 3
493 232 3
495 1400 3
510 1399 3
533 1398 3
536 1370 3
543 1369 3
546 1155 3
579 1154 3
580 1153 3
589 141 3
589 154 3
597 1152 3
626 1151 3
644 1102 3
666 1100 3
682 1099 3
683 1098 3
747 1097 3
754 138 3
754 140 3
765 113 3
765 137 3
768 1062 3
785 59 3
785 108 3
805 1061 3
819 1459 3
819 21 3
865 1060 3
902 1059 3
924 1058 3
931 1057 3
949 1055 3
959 1457 3
959 1458 3
967 1043 3
1021 1042 3
1044 1040 3
1045 1039 3
1060 59 3
1060 137 3
1098 438 3
1110 1038 3
1114 1037 3
1137 1031 3
1146 1030 3
1153 345 3
1172 1455 3
1172 1456 3
1190 1100 3
1190 1102 3
1217 1029 3
1219 974 3
1223 973 3
1230 972 3
1271 968 3
1288 962 3
1293 961 3
1305 960 3
1310 923 3
1359 904 3
1361 888 3
1391 887 3
1402 886 3
1407 1098 3
1407 1099 3
1439 885 3
1463 884 3
1474 778 3
1497 769 3
1513 674 3
1530 673 3
1642 671 3
1729 556 3
1743 141 3
1743 1097 3
1760 472 3
1787 341 3
1790 471 3
1816 138 3
1816 140 3
1834 470 3
1860 469 3
15 1795 4
16 1787 4
41 1774 4
94 1772 4
97 1724 4
98 1703 4
118 1602 4
130 237 4
130 247 4
149 1601 4
151 234 4
151 235 4
196 1598 4
198 1597 4
202 1596 4
216 1595 4
270 1460 4
315 1459 4
317 1458 4
326 1457 4
335 1456 4
368 1455 4
381 1434 4
388 1432 4
391 200 4
391 232 4
432 1431 4
468 1418 4
538 1400 4
551 1399 4
574 1398 4
613 1370 4
641 141 4
641 154 4
650 1369 4
729 1155 4
741 1154 4
769 469 4
812 1153 4
819 1152 4
836 1151 4
839 138 4
839 140 4
859 113 4
859 137 4
886 438 4
894 59 4
894 108 4
896 1102 4
967 1100 4
970 1099 4
992 1098 4
1022 1097 4
1031 345 4
1054 1062 4
1065 1061 4
1088 1060 4
1110 1059 4
1124 1058 4
1135 1057 4
1160 1055 4
1167 1043 4
1184 1042 4
1195 1040 4
1212 1039 4
1214 1038 4
1222 1037 4
1235 1459 4
1235 21 4
1258 1031 4
1282 1030 4
1314 1457 4
1314 1458 4
1329 1029 4
1330 974 4
1331 973 4
1371 1455 4
1371 1456 4
1378 972 4
1390 968 4
1393 1100 4
1393 1102 4
1482 962 4
1487 961 4
1510 960 4
1513 923 4
1514 1098 4
1514 1099 4
1551 141 4
1551 1097 4
1563 904 4
1580 888 4
1602 341 4
1607 887 4
1615 886 4
1650 885 4
1675 884 4
1684 778 4
1711 769 4
1717 674 4
1737 673 4
1765 138 4
1765 140 4
1771 671 4
1829 59 4
1829 137 4
1862 556 4
1889 472 4
1893 471 4
1898 470 4
36 237 5
36 247 5
48 1795 5
53 1787 5
57 1774 5
66 1772 5
77 1724 5
98 1703 5
134 1602 5
139 1601 5
142 1598 5
165 1597 5
166 1596 5
169 1595 5
176 1460 5
197 234 5
197 235 5
217 1459 5
228 1458 5
274 200 5
274 232 5
279 1457 5
281 1456 5
340 141 5
340 154 5
341 59 5
341 137 5
353 138 5
353 140 5
361 1455 5
362 1434 5
388 1432 5
437 1431 5
444 1418 5
507 1400 5
511 1399 5
520 1398 5
537 1370 5
540 113 5
540 137 5
646 1369 5
650 59 5
650 108 5
685 1155 5
696 1154 5
790 1153 5
811 1152 5
816 1151 5
820 1102 5
858 1100 5
868 1099 5
877 1459 5
877 21 5
893 1098 5
923 438 5
994 1097 5
1025 1062 5
1119 1061 5
1123 1060 5
1163 1059 5
1203 1058 5
1213 1057 5
1225 1055 5
1235 1043 5
1252 1042 5
1276 1040 5
1305 1039 5
1336 1038 5
1371 1457 5
1371 1458 5
1384 1037 5
1434 345 5
1440 1455 5
1440 1456 5
1452 1031 5
1461 1030 5
1471 1029 5
1512 974 5
1532 973 5
1535 972 5
1548 968 5
1565 962 5
1572 961 5
1586 1100 5
1586 1102 5
1607 960 5
1626 923 5
1640 904 5
1650 888 5
1652 887 5
1682 886 5
1683 1098 5
1683 1099 5
1696 885 5
1706 141 5
1706 1097 5
1722 884 5
1723 778 5
1725 138 5
1725 140 5
1770 769 5
1793 674 5
1795 341 5
1803 673 5
1817 671 5
1822 556 5
1824 472 5
1839 471 5
1866 470 5
1891 469 5
0 1795 6
20 1787 6
49 1774 6
55 1772 6
111 1724 6
152 1703 6
176 1602 6
214 1601 6
226 1598 6
228 237 6
228 247 6
232 1597 6
244 1596 6
264 1595 6
266 1460 6
305 1459 6
321 1458 6
324 1457 6
336 234 6
336 235 6
342 1456 6
392 1455 6
407 1434 6
466 1432 6
477 1431 6
491 1418 6
492 1400 6
493 1399 6
509 1398 6
526 1370 6
538 1369 6
539 1155 6
545 1154 6
635 1153 6
639 200 6
639 232 6
641 1152 6
659 141 6
659 154 6
684 138 6
684 140 6
686 1151 6
710 1102 6
723 1100 6
727 1099 6
759 1098 6
778 438 6
779 113 6
779 137 6
785 1097 6
788 1062 6
791 59 6
791 108 6
848 1061 6
883 1459 6
883 21 6
907 1060 6
916 1059 6
945 1058 6
987 1057 6
1026 1055 6
1067 1043 6
1100 345 6
1161 1042 6
1165 1040 6
1196 1039 6
1230 1038 6
1265 1037 6
1300 1031 6
1315 1030 6
1318 1029 6
1330 974 6
1372 973 6
1390 1457 6
1390 1458 6
1403 972 6
1406 968 6
1444 962 6
1447 961 6
1453 1455 6
1453 1456 6
1461 960 6
1465 1100 6
1465 1102 6
1480 923 6
1482 904 6
1527 1098 6
1527 1099 6
1533 888 6
1560 887 6
1571 886 6
1604 885 6
1628 884 6
1633 778 6
1634 141 6
1634 1097 6
1646 769 6
1669 138 6
1669 140 6
1677 674 6
1684 673 6
1690 671 6
1693 556 6
1753 472 6
1772 341 6
1776 471 6
1779 59 6
1779 137 6
1800 470 6
1804 469 6
