3 124 665
9 123 665
19 122 665
27 121 665
46 118 665
57 100 665
58 99 665
72 98 665
81 97 665
83 96 665
97 70 665
132 95 665
136 94 665
140 75 665
20 124 672
25 123 672
27 122 672
46 121 672
52 118 672
61 100 672
90 99 672
92 98 672
95 70 672
103 97 672
111 96 672
115 95 672
140 94 672
145 75 672
12 124 685
40 123 685
46 122 685
47 121 685
52 118 685
54 100 685
63 99 685
72 98 685
113 97 685
117 96 685
119 95 685
124 70 685
128 94 685
131 75 685
8 124 705
18 123 705
29 122 705
33 121 705
51 118 705
54 100 705
56 99 705
59 98 705
62 97 705
94 75 705
99 70 705
109 96 705
125 95 705
146 94 705
12 124 706
29 123 706
39 122 706
52 121 706
57 118 706
66 100 706
81 99 706
82 98 706
93 97 706
97 70 706
131 96 706
135 95 706
144 94 706
147 75 706
12 124 709
14 123 709
35 122 709
49 121 709
69 118 709
87 100 709
107 99 709
109 98 709
115 97 709
118 75 709
121 70 709
131 96 709
136 95 709
149 94 709
27 124 736
58 123 736
68 122 736
70 121 736
75 94 736
79 118 736
80 100 736
82 99 736
97 70 736
104 98 736
109 97 736
112 96 736
127 95 736
139 75 736
