4 112 268
21 93 268
45 92 268
46 91 268
92 85 268
105 90 268
119 89 268
129 88 268
131 87 268
137 86 268
17 70 354
18 69 354
20 68 354
22 53 354
74 51 354
84 50 354
114 31 354
129 30 354
130 28 354
144 25 354
0 137 358
10 136 358
22 135 358
49 133 358
50 108 358
52 101 358
69 100 358
84 99 358
100 97 358
143 98 358
22 125 452
49 124 452
53 123 452
57 122 452
58 121 452
78 120 452
102 114 452
114 2 452
119 71 452
140 26 452
8 125 502
14 124 502
17 123 502
19 122 502
41 121 502
54 120 502
80 114 502
104 71 502
105 26 502
124 2 502
10 148 524
15 147 524
64 146 524
65 145 524
72 144 524
75 143 524
83 142 524
97 141 524
105 140 524
115 139 524
21 148 548
32 147 548
54 146 548
57 145 548
80 144 548
94 143 548
123 142 548
124 141 548
126 140 548
145 139 548
16 125 590
21 124 590
37 123 590
48 122 590
52 121 590
61 120 590
67 114 590
77 71 590
142 26 590
149 2 590
2 127 602
10 126 602
17 124 602
20 123 602
28 122 602
30 121 602
47 120 602
55 114 602
56 112 602
60 111 602
62 4 602
69 110 602
81 109 602
85 108 602
93 88 602
129 71 602
140 64 602
141 63 602
144 62 602
145 59 602
0 125 604
4 124 604
22 123 604
24 122 604
40 121 604
48 120 604
95 114 604
100 71 604
117 26 604
135 2 604
8 70 629
12 69 629
23 68 629
31 28 629
44 53 629
68 25 629
82 51 629
138 50 629
139 31 629
150 30 629
4 127 638
11 126 638
17 124 638
19 123 638
25 122 638
37 121 638
48 120 638
50 114 638
64 59 638
66 112 638
81 111 638
94 110 638
103 109 638
104 108 638
107 88 638
109 4 638
118 71 638
131 64 638
135 63 638
145 62 638
18 112 649
32 93 649
49 92 649
53 91 649
63 90 649
88 87 649
89 86 649
91 85 649
98 89 649
145 88 649
42 125 655
46 124 655
57 123 655
85 122 655
86 121 655
118 120 655
121 2 655
126 114 655
128 71 655
144 26 655
48 70 656
58 69 656
60 68 656
62 53 656
69 25 656
74 51 656
85 50 656
87 31 656
91 30 656
104 28 656
27 137 665
35 136 665
56 135 665
69 133 665
84 108 665
101 98 665
103 101 665
118 100 665
129 99 665
137 97 665
12 125 670
25 124 670
71 26 670
73 123 670
88 122 670
120 2 670
138 121 670
139 120 670
143 114 670
150 71 670
9 112 671
11 93 671
25 92 671
41 91 671
52 90 671
84 89 671
117 88 671
123 87 671
137 86 671
147 85 671
18 127 675
19 126 675
24 124 675
30 123 675
38 122 675
39 121 675
40 120 675
44 114 675
54 112 675
55 111 675
58 110 675
59 109 675
73 108 675
88 62 675
104 88 675
108 59 675
124 4 675
136 71 675
144 64 675
148 63 675
3 137 676
10 136 676
14 135 676
39 133 676
48 108 676
64 101 676
81 100 676
87 99 676
101 97 676
125 98 676
12 148 678
19 147 678
46 146 678
52 145 678
70 144 678
96 143 678
111 142 678
117 141 678
125 140 678
148 139 678
10 148 684
13 147 684
14 146 684
46 145 684
87 144 684
91 143 684
98 142 684
132 141 684
133 140 684
136 139 684
1 112 685
14 93 685
30 92 685
58 91 685
60 90 685
67 89 685
69 88 685
88 85 685
113 87 685
147 86 685
5 127 686
11 126 686
20 124 686
27 123 686
39 122 686
44 121 686
45 120 686
58 114 686
64 59 686
78 112 686
79 111 686
82 110 686
99 109 686
101 108 686
106 88 686
113 71 686
116 64 686
118 63 686
122 4 686
147 62 686
2 148 691
26 147 691
29 146 691
53 145 691
62 144 691
82 143 691
97 142 691
100 141 691
103 140 691
144 139 691
8 70 696
14 69 696
35 68 696
41 53 696
49 51 696
60 50 696
61 31 696
81 30 696
90 28 696
95 25 696
6 148 698
11 147 698
18 146 698
23 145 698
28 144 698
37 143 698
81 142 698
115 141 698
137 139 698
139 140 698
2 148 703
20 147 703
32 146 703
42 145 703
43 144 703
67 143 703
84 142 703
92 141 703
106 140 703
109 139 703
19 70 705
44 69 705
49 68 705
53 25 705
61 53 705
87 51 705
96 50 705
102 31 705
128 30 705
133 28 705
0 127 706
7 126 706
11 124 706
22 123 706
25 122 706
31 121 706
42 120 706
56 114 706
70 112 706
72 111 706
74 110 706
77 109 706
82 108 706
84 88 706
93 71 706
105 64 706
119 63 706
122 4 706
131 62 706
144 59 706
3 137 709
19 136 709
22 135 709
30 133 709
62 108 709
81 101 709
83 100 709
88 99 709
121 98 709
136 97 709
40 70 715
55 69 715
65 68 715
95 53 715
117 51 715
121 50 715
126 31 715
132 30 715
139 28 715
148 25 715
2 137 717
3 136 717
16 135 717
27 133 717
52 108 717
62 101 717
86 100 717
126 99 717
129 98 717
144 97 717
27 112 725
39 93 725
44 92 725
50 91 725
98 90 725
108 89 725
118 88 725
119 87 725
128 86 725
143 85 725
9 137 736
22 136 736
31 135 736
38 133 736
53 108 736
57 101 736
58 100 736
61 99 736
88 98 736
141 97 736
2 70 745
28 25 745
45 69 745
66 68 745
80 53 745
91 51 745
103 50 745
119 31 745
122 30 745
148 28 745
