60 69 994
65 64 994
75 68 994
120 67 994
129 66 994
135 65 994
45 79 2175
84 78 2175
89 77 2175
117 40 2175
128 36 2175
146 18 2175
6 69 2201
24 68 2201
25 67 2201
86 66 2201
133 65 2201
137 64 2201
29 81 2547
81 51 2547
83 80 2547
125 79 2547
148 53 2547
150 52 2547
31 137 2937
75 136 2937
96 135 2937
106 5 2937
123 4 2937
150 3 2937
42 79 3334
59 78 3334
64 77 3334
65 40 3334
75 36 3334
99 18 3334
52 69 3680
64 68 3680
68 64 3680
70 67 3680
71 66 3680
137 65 3680
23 115 4271
55 37 4271
143 34 4271
150 33 4271
31 81 4295
51 52 4295
56 80 4295
89 79 4295
90 53 4295
95 51 4295
6 69 4374
12 68 4374
22 67 4374
24 66 4374
112 65 4374
120 64 4374
8 137 4491
33 136 4491
58 135 4491
73 5 4491
78 4 4491
106 3 4491
4 147 4751
39 146 4751
53 145 4751
59 3 4751
91 2 4751
100 1 4751
9 98 4754
16 97 4754
27 96 4754
65 15 4754
97 9 4754
142 14 4754
3 98 4804
28 97 4804
38 96 4804
52 15 4804
59 14 4804
145 9 4804
62 79 4876
76 78 4876
84 77 4876
89 40 4876
92 36 4876
95 18 4876
42 98 4917
55 97 4917
62 96 4917
94 15 4917
105 14 4917
114 9 4917
33 148 4995
51 147 4995
77 146 4995
136 30 4995
147 9 4995
149 29 4995
20 148 5026
21 147 5026
39 146 5026
116 30 5026
122 29 5026
134 9 5026
33 81 5092
52 51 5092
70 80 5092
105 79 5092
139 53 5092
140 52 5092
2 137 5148
11 136 5148
34 135 5148
51 5 5148
60 4 5148
139 3 5148
24 81 5241
62 80 5241
71 79 5241
112 53 5241
139 52 5241
150 51 5241
16 147 5737
27 146 5737
61 145 5737
94 3 5737
111 2 5737
141 1 5737
8 147 5825
10 146 5825
29 145 5825
90 3 5825
110 2 5825
130 1 5825
12 148 6086
30 9 6086
74 147 6086
106 146 6086
138 30 6086
140 29 6086
40 115 6093
52 37 6093
112 34 6093
118 33 6093
9 115 6298
27 37 6298
61 34 6298
121 33 6298
