0 141 15
0 2 15
1 108 15
1 109 15
2 149 15
7 148 15
8 139 15
8 140 15
10 134 15
10 138 15
12 106 15
12 107 15
15 103 15
15 104 15
16 130 15
16 131 15
17 128 15
17 129 15
26 147 15
28 146 15
29 145 15
30 144 15
32 143 15
36 142 15
38 141 15
39 140 15
44 101 15
44 102 15
45 139 15
48 138 15
49 136 15
52 85 15
52 100 15
54 76 15
54 83 15
55 72 15
55 73 15
56 58 15
56 70 15
57 46 15
57 53 15
61 37 15
61 41 15
62 135 15
64 31 15
64 36 15
66 16 15
66 17 15
66 21 15
75 26 15
75 29 15
78 18 15
78 21 15
82 134 15
84 16 15
84 17 15
91 13 15
91 14 15
95 10 15
95 11 15
96 7 15
96 8 15
98 131 15
100 130 15
101 124 15
101 125 15
102 53 15
102 58 15
104 37 15
104 46 15
106 129 15
108 114 15
108 123 15
109 128 15
113 5 15
113 6 15
115 125 15
116 109 15
116 112 15
117 124 15
118 10 15
118 11 15
118 13 15
119 0 15
119 3 15
123 31 15
123 36 15
124 123 15
126 131 15
126 0 15
126 7 15
128 116 15
131 115 15
134 26 15
134 29 15
135 106 15
135 107 15
136 103 15
136 104 15
138 114 15
140 128 15
140 129 15
140 130 15
141 112 15
144 85 15
144 102 15
145 111 15
148 76 15
148 83 15
149 110 15
1 108 17
1 109 17
2 149 17
4 148 17
6 141 17
6 0 17
9 106 17
9 107 17
13 147 17
15 103 17
15 104 17
17 139 17
17 140 17
19 146 17
20 145 17
21 134 17
21 138 17
24 144 17
25 143 17
27 142 17
28 141 17
30 140 17
32 16 17
32 17 17
32 21 17
34 10 17
34 11 17
34 13 17
35 101 17
35 102 17
38 139 17
39 138 17
40 85 17
40 100 17
43 76 17
43 83 17
46 130 17
46 131 17
51 72 17
51 73 17
53 136 17
61 58 17
61 70 17
62 46 17
62 53 17
64 135 17
66 134 17
69 131 17
71 37 17
71 41 17
72 130 17
76 128 17
76 129 17
78 31 17
78 36 17
79 26 17
79 29 17
80 18 17
80 21 17
82 16 17
82 17 17
83 124 17
83 125 17
86 129 17
87 128 17
90 125 17
91 13 17
91 14 17
92 10 17
92 11 17
93 124 17
94 131 17
94 0 17
94 7 17
95 7 17
95 8 17
96 5 17
96 6 17
97 128 17
97 129 17
97 130 17
98 123 17
101 116 17
103 85 17
103 102 17
104 76 17
104 83 17
111 114 17
111 123 17
113 2 17
113 3 17
115 110 17
119 115 17
123 53 17
123 58 17
126 114 17
128 37 17
128 46 17
131 31 17
131 36 17
133 112 17
134 26 17
134 29 17
137 111 17
142 109 17
142 112 17
144 106 17
144 107 17
149 103 17
149 104 17
1 122 18
1 124 18
2 19 18
2 20 18
2 21 18
3 148 18
4 117 18
4 118 18
6 111 18
6 115 18
7 16 18
7 17 18
7 18 18
8 109 18
8 110 18
9 107 18
9 108 18
12 103 18
12 106 18
13 147 18
14 100 18
14 102 18
15 94 18
15 95 18
16 92 18
16 93 18
18 90 18
18 91 18
19 88 18
19 89 18
22 85 18
22 86 18
23 146 18
24 83 18
24 84 18
25 79 18
25 81 18
26 77 18
26 78 18
27 28 18
27 29 18
28 23 18
28 24 18
29 21 18
29 22 18
31 19 18
31 20 18
33 145 18
34 144 18
37 73 18
37 74 18
38 17 18
38 18 18
39 15 18
39 16 18
42 13 18
42 14 18
43 143 18
44 10 18
44 12 18
46 8 18
46 9 18
48 142 18
49 70 18
49 71 18
51 6 18
51 7 18
52 12 18
52 14 18
52 15 18
54 2 18
54 3 18
55 148 18
55 0 18
56 146 18
56 147 18
57 144 18
57 145 18
58 8 18
58 9 18
58 10 18
60 142 18
60 143 18
62 137 18
64 62 18
64 63 18
65 136 18
68 135 18
70 135 18
70 137 18
71 133 18
71 134 18
73 124 18
73 132 18
74 118 18
74 122 18
75 60 18
75 61 18
77 115 18
77 117 18
78 110 18
78 111 18
79 108 18
79 109 18
80 58 18
80 59 18
81 134 18
82 133 18
83 79 18
83 81 18
84 77 18
84 78 18
85 73 18
85 74 18
87 56 18
87 57 18
88 63 18
88 70 18
89 61 18
89 62 18
90 106 18
90 107 18
91 102 18
91 103 18
92 58 18
92 59 18
93 56 18
93 57 18
94 95 18
94 100 18
96 54 18
96 55 18
97 52 18
97 53 18
98 50 18
98 51 18
100 53 18
100 54 18
102 132 18
103 131 18
105 47 18
105 48 18
106 2 18
106 3 18
106 7 18
108 118 18
108 137 18
108 0 18
110 51 18
110 52 18
111 48 18
111 50 18
113 45 18
113 46 18
114 130 18
116 43 18
116 44 18
117 46 18
117 47 18
120 129 18
121 39 18
121 42 18
122 42 18
122 43 18
124 35 18
124 39 18
127 92 18
127 93 18
129 128 18
130 88 18
130 89 18
131 85 18
131 86 18
132 32 18
132 33 18
133 30 18
133 31 18
134 73 18
134 115 18
134 117 18
135 127 18
136 83 18
136 84 18
137 28 18
137 29 18
139 35 18
139 38 18
140 33 18
140 34 18
141 31 18
141 32 18
144 12 18
144 27 18
144 70 18
145 126 18
146 125 18
147 24 18
147 27 18
148 22 18
148 23 18
150 27 18
150 30 18
0 122 19
0 124 19
2 117 19
2 118 19
4 111 19
4 115 19
5 109 19
5 110 19
6 107 19
6 108 19
7 103 19
7 106 19
8 148 19
9 100 19
9 102 19
10 12 19
10 27 19
10 70 19
13 147 19
14 94 19
14 95 19
15 92 19
15 93 19
17 90 19
17 91 19
18 146 19
19 88 19
19 89 19
21 145 19
22 85 19
22 86 19
23 83 19
23 84 19
24 79 19
24 81 19
25 19 19
25 20 19
25 21 19
26 77 19
26 78 19
28 23 19
28 24 19
30 21 19
30 22 19
31 19 19
31 20 19
33 17 19
33 18 19
34 144 19
38 2 19
38 3 19
38 7 19
40 73 19
40 74 19
41 70 19
41 71 19
42 15 19
42 16 19
43 13 19
43 14 19
45 143 19
46 10 19
46 12 19
47 8 19
47 9 19
49 62 19
49 63 19
52 6 19
52 7 19
54 2 19
54 3 19
56 148 19
56 0 19
58 146 19
58 147 19
60 144 19
60 145 19
61 142 19
61 143 19
63 135 19
63 137 19
64 142 19
65 60 19
65 61 19
66 16 19
66 17 19
66 18 19
67 58 19
67 59 19
69 12 19
69 14 19
69 15 19
70 133 19
70 134 19
71 124 19
71 132 19
72 56 19
72 57 19
73 118 19
73 122 19
74 137 19
77 115 19
77 117 19
78 110 19
78 111 19
79 108 19
79 109 19
80 54 19
80 55 19
81 106 19
81 107 19
83 79 19
83 81 19
84 77 19
84 78 19
85 73 19
85 74 19
86 63 19
86 70 19
87 136 19
88 61 19
88 62 19
89 58 19
89 59 19
90 118 19
90 137 19
90 0 19
91 135 19
92 56 19
92 57 19
94 102 19
94 103 19
95 134 19
96 52 19
96 53 19
99 133 19
100 53 19
100 54 19
101 50 19
101 51 19
102 132 19
103 51 19
103 52 19
104 8 19
104 9 19
104 10 19
105 131 19
106 48 19
106 50 19
109 130 19
111 46 19
111 47 19
113 47 19
113 48 19
114 45 19
114 46 19
115 42 19
115 43 19
116 43 19
116 44 19
120 39 19
120 42 19
122 35 19
122 39 19
123 129 19
124 32 19
124 33 19
126 73 19
126 115 19
126 117 19
127 128 19
128 95 19
128 100 19
129 92 19
129 93 19
130 88 19
130 89 19
131 85 19
131 86 19
133 127 19
135 126 19
136 83 19
136 84 19
137 30 19
137 31 19
138 35 19
138 38 19
140 33 19
140 34 19
141 31 19
141 32 19
143 125 19
144 28 19
144 29 19
145 24 19
145 27 19
148 22 19
148 23 19
149 29 19
149 30 19
150 27 19
150 28 19
1 149 20
3 148 20
6 2 20
6 3 20
8 141 20
8 0 20
9 108 20
9 109 20
11 147 20
13 139 20
13 140 20
16 134 20
16 138 20
17 146 20
21 130 20
21 131 20
23 106 20
23 107 20
28 103 20
28 104 20
30 101 20
30 102 20
35 85 20
35 100 20
38 145 20
41 144 20
43 16 20
43 17 20
43 21 20
44 143 20
49 76 20
49 83 20
51 142 20
55 72 20
55 73 20
57 141 20
58 128 20
58 129 20
60 58 20
60 70 20
61 140 20
63 46 20
63 53 20
68 139 20
74 138 20
77 37 20
77 41 20
80 31 20
80 36 20
82 26 20
82 29 20
83 136 20
85 124 20
85 125 20
87 135 20
88 134 20
90 18 20
90 21 20
92 16 20
92 17 20
93 13 20
93 14 20
96 10 20
96 11 20
96 13 20
97 131 20
99 10 20
99 11 20
104 114 20
104 123 20
108 130 20
110 129 20
114 128 20
115 125 20
118 124 20
119 7 20
119 8 20
120 123 20
123 128 20
123 129 20
123 130 20
124 103 20
124 104 20
129 115 20
130 85 20
130 102 20
131 76 20
131 83 20
134 53 20
134 58 20
135 109 20
135 112 20
137 5 20
137 6 20
138 37 20
138 46 20
139 31 20
139 36 20
141 26 20
141 29 20
143 131 20
143 0 20
143 7 20
144 106 20
144 107 20
145 114 20
146 112 20
147 111 20
148 110 20
150 116 20
1 122 21
1 124 21
2 117 21
2 118 21
3 111 21
3 115 21
5 148 21
7 109 21
7 110 21
10 107 21
10 108 21
11 103 21
11 106 21
13 100 21
13 102 21
14 147 21
15 146 21
16 94 21
16 95 21
17 92 21
17 93 21
18 8 21
18 9 21
18 10 21
19 90 21
19 91 21
20 88 21
20 89 21
21 85 21
21 86 21
22 83 21
22 84 21
23 79 21
23 81 21
24 77 21
24 78 21
25 145 21
26 73 21
26 74 21
28 70 21
28 71 21
30 29 21
30 31 21
31 27 21
31 28 21
32 23 21
32 24 21
33 144 21
34 12 21
34 14 21
34 15 21
35 2 21
35 3 21
35 7 21
37 62 21
37 63 21
39 21 21
39 22 21
41 60 21
41 61 21
42 19 21
42 20 21
46 17 21
46 18 21
47 15 21
47 16 21
49 19 21
49 20 21
49 21 21
51 143 21
52 13 21
52 14 21
53 10 21
53 12 21
55 142 21
56 8 21
56 9 21
57 137 21
58 6 21
58 7 21
60 2 21
60 3 21
62 148 21
62 0 21
63 146 21
63 147 21
65 16 21
65 17 21
65 18 21
68 136 21
70 12 21
70 27 21
70 73 21
71 144 21
71 145 21
72 135 21
74 118 21
74 137 21
74 0 21
75 58 21
75 59 21
76 56 21
76 57 21
78 142 21
78 143 21
79 135 21
79 137 21
80 134 21
81 133 21
81 134 21
82 54 21
82 55 21
84 124 21
84 132 21
86 118 21
86 122 21
87 133 21
88 85 21
88 86 21
89 83 21
89 84 21
90 115 21
90 117 21
92 79 21
92 81 21
93 77 21
93 78 21
94 110 21
94 111 21
95 73 21
95 74 21
96 132 21
97 52 21
97 53 21
98 50 21
98 51 21
99 47 21
99 48 21
100 63 21
100 70 21
103 61 21
103 62 21
105 45 21
105 46 21
106 58 21
106 59 21
107 56 21
107 57 21
108 131 21
109 130 21
110 53 21
110 54 21
111 51 21
111 52 21
113 43 21
113 44 21
114 129 21
115 48 21
115 50 21
116 39 21
116 42 21
117 46 21
117 47 21
118 42 21
118 43 21
119 128 21
121 35 21
121 38 21
122 127 21
123 33 21
123 34 21
124 35 21
124 39 21
125 108 21
125 109 21
126 106 21
126 107 21
127 102 21
127 103 21
128 95 21
128 100 21
129 92 21
129 93 21
130 88 21
130 89 21
132 32 21
132 33 21
133 30 21
133 31 21
134 125 21
138 126 21
144 70 21
144 115 21
144 117 21
145 28 21
145 29 21
147 24 21
147 27 21
148 22 21
148 23 21
150 30 21
150 32 21
0 149 22
1 148 22
3 147 22
4 108 22
4 109 22
8 128 22
8 129 22
9 106 22
9 107 22
10 131 22
10 0 22
10 7 22
13 124 22
13 125 22
16 114 22
16 123 22
18 109 22
18 112 22
21 106 22
21 107 22
23 146 22
24 103 22
24 104 22
31 145 22
32 144 22
34 143 22
41 142 22
42 101 22
42 102 22
47 85 22
47 100 22
48 76 22
48 83 22
49 141 22
50 72 22
50 73 22
52 58 22
52 70 22
53 128 22
53 129 22
53 130 22
54 46 22
54 53 22
55 37 22
55 41 22
58 140 22
62 31 22
62 36 22
64 26 22
64 29 22
70 103 22
70 104 22
72 139 22
77 18 22
77 21 22
81 16 22
81 17 22
84 13 22
84 14 22
85 138 22
93 136 22
94 10 22
94 11 22
95 7 22
95 8 22
96 5 22
96 6 22
97 2 22
97 3 22
100 16 22
100 17 22
100 21 22
101 85 22
101 102 22
109 135 22
110 134 22
111 76 22
111 83 22
113 131 22
114 31 22
114 36 22
115 130 22
116 129 22
117 141 22
117 0 22
121 139 22
121 140 22
122 134 22
122 138 22
123 128 22
124 125 22
125 26 22
125 29 22
127 130 22
127 131 22
128 123 22
139 116 22
140 115 22
141 114 22
142 53 22
142 58 22
144 112 22
145 10 22
145 11 22
145 13 22
146 37 22
146 46 22
147 111 22
148 110 22
150 124 22
0 102 23
0 103 23
1 100 23
1 101 23
2 97 23
2 98 23
3 150 23
4 0 23
4 1 23
4 2 23
4 3 23
5 95 23
5 96 23
6 92 23
6 93 23
6 94 23
8 137 23
8 138 23
8 139 23
8 150 23
9 149 23
10 93 23
10 94 23
11 148 23
12 91 23
12 92 23
13 89 23
13 90 23
13 91 23
15 89 23
15 90 23
16 87 23
16 88 23
17 147 23
18 85 23
18 86 23
19 83 23
19 84 23
21 120 23
21 121 23
21 124 23
21 131 23
22 81 23
22 82 23
23 86 23
23 87 23
23 88 23
24 146 23
25 26 23
25 27 23
25 28 23
25 29 23
26 141 23
27 112 23
27 113 23
27 117 23
27 119 23
28 93 23
28 94 23
28 96 23
28 98 23
29 79 23
29 80 23
30 75 23
30 76 23
31 140 23
32 73 23
32 74 23
33 139 23
34 71 23
34 72 23
35 69 23
35 70 23
36 67 23
36 68 23
37 65 23
37 66 23
38 79 23
38 80 23
38 86 23
38 87 23
41 62 23
41 64 23
42 41 23
42 43 23
43 39 23
43 40 23
44 60 23
44 61 23
45 28 23
45 30 23
45 42 23
45 47 23
46 138 23
47 37 23
47 38 23
48 80 23
48 81 23
48 83 23
49 64 23
49 73 23
49 74 23
49 76 23
50 35 23
50 36 23
51 137 23
52 33 23
52 34 23
53 31 23
53 32 23
54 29 23
54 30 23
55 136 23
56 27 23
56 28 23
58 24 23
58 26 23
59 135 23
60 134 23
61 133 23
62 0 23
62 3 23
62 5 23
62 13 23
63 58 23
63 59 23
64 132 23
67 131 23
68 22 23
68 23 23
70 130 23
71 129 23
72 128 23
73 137 23
73 138 23
73 139 23
73 150 23
74 20 23
74 21 23
75 45 23
75 52 23
75 59 23
75 62 23
76 127 23
77 20 23
77 21 23
77 22 23
77 24 23
78 56 23
78 57 23
81 18 23
81 19 23
82 13 23
82 14 23
83 11 23
83 12 23
85 9 23
85 10 23
86 126 23
87 93 23
87 112 23
87 113 23
87 131 23
88 51 23
88 52 23
88 56 23
89 7 23
89 8 23
90 5 23
90 6 23
91 3 23
91 4 23
92 46 23
92 47 23
92 49 23
93 64 23
93 74 23
93 96 23
93 98 23
95 75 23
95 76 23
95 79 23
96 45 23
96 47 23
96 59 23
96 62 23
97 125 23
98 0 23
98 3 23
98 5 23
98 13 23
101 124 23
102 72 23
102 73 23
102 74 23
103 1 23
103 2 23
104 54 23
104 55 23
105 52 23
105 53 23
107 4 23
107 5 23
107 6 23
107 7 23
108 50 23
108 51 23
109 123 23
110 150 23
110 0 23
111 110 23
111 112 23
111 113 23
112 147 23
112 148 23
113 139 23
113 146 23
114 122 23
115 48 23
115 49 23
116 46 23
116 47 23
117 137 23
117 138 23
118 96 23
118 97 23
118 98 23
119 121 23
120 41 23
120 42 23
120 45 23
121 119 23
122 135 23
122 136 23
124 123 23
124 125 23
126 38 23
126 39 23
126 40 23
127 117 23
128 133 23
128 134 23
129 61 23
129 62 23
129 64 23
130 127 23
130 131 23
131 121 23
131 122 23
132 58 23
132 59 23
132 60 23
133 114 23
134 119 23
134 120 23
136 113 23
137 114 23
137 117 23
138 112 23
139 110 23
140 124 23
140 126 23
142 120 23
143 42 23
143 45 23
144 13 23
144 14 23
144 18 23
144 19 23
145 8 23
145 9 23
145 10 23
145 12 23
146 35 23
146 36 23
146 37 23
147 109 23
148 107 23
149 106 23
150 30 23
150 32 23
150 33 23
0 112 24
0 113 24
0 117 24
0 119 24
1 150 24
2 149 24
3 110 24
3 112 24
3 113 24
4 102 24
4 103 24
5 96 24
5 97 24
5 98 24
6 100 24
6 101 24
7 148 24
8 97 24
8 98 24
9 95 24
9 96 24
10 93 24
10 94 24
11 91 24
11 92 24
12 147 24
13 92 24
13 93 24
13 94 24
14 89 24
14 90 24
15 146 24
16 87 24
16 88 24
17 85 24
17 86 24
18 83 24
18 84 24
19 141 24
20 93 24
20 94 24
20 96 24
20 98 24
21 140 24
22 139 24
23 81 24
23 82 24
24 79 24
24 80 24
25 75 24
25 76 24
26 138 24
27 89 24
27 90 24
27 91 24
28 137 24
29 86 24
29 87 24
29 88 24
30 73 24
30 74 24
31 136 24
34 137 24
34 138 24
34 139 24
34 150 24
35 71 24
35 72 24
36 79 24
36 80 24
36 86 24
36 87 24
37 69 24
37 70 24
38 67 24
38 68 24
39 65 24
39 66 24
40 135 24
41 134 24
42 62 24
42 64 24
44 133 24
45 132 24
46 131 24
47 46 24
47 48 24
48 43 24
48 45 24
49 41 24
49 42 24
50 120 24
50 121 24
50 124 24
50 131 24
51 39 24
51 40 24
52 0 24
52 3 24
52 5 24
52 13 24
53 130 24
55 37 24
55 38 24
56 35 24
56 36 24
57 80 24
57 81 24
57 83 24
58 129 24
59 33 24
59 34 24
60 128 24
61 51 24
61 52 24
61 56 24
62 0 24
62 3 24
62 5 24
62 13 24
63 26 24
63 27 24
63 28 24
63 29 24
64 127 24
66 126 24
67 75 24
67 76 24
67 79 24
68 31 24
68 32 24
69 125 24
70 29 24
70 30 24
72 64 24
72 73 24
72 74 24
72 76 24
73 137 24
73 138 24
73 139 24
73 150 24
74 124 24
75 27 24
75 28 24
76 98 24
76 112 24
76 113 24
76 131 24
77 20 24
77 21 24
77 22 24
77 24 24
78 60 24
78 61 24
79 24 24
79 26 24
80 22 24
80 23 24
81 20 24
81 21 24
83 18 24
83 19 24
84 72 24
84 73 24
84 74 24
86 64 24
86 74 24
86 93 24
86 96 24
87 13 24
87 14 24
88 11 24
88 12 24
93 9 24
93 10 24
94 7 24
94 8 24
96 46 24
96 47 24
96 49 24
97 5 24
97 6 24
98 123 24
99 58 24
99 59 24
100 3 24
100 4 24
101 1 24
101 2 24
102 150 24
102 0 24
103 147 24
103 148 24
104 13 24
104 14 24
104 18 24
104 19 24
105 8 24
105 9 24
105 10 24
105 12 24
106 61 24
106 62 24
106 64 24
107 122 24
108 121 24
109 139 24
109 146 24
110 47 24
110 52 24
110 59 24
110 62 24
111 4 24
111 5 24
111 6 24
111 7 24
112 119 24
113 41 24
113 42 24
113 45 24
116 56 24
116 57 24
117 38 24
117 39 24
117 40 24
118 54 24
118 55 24
119 120 24
120 117 24
121 137 24
121 138 24
122 135 24
122 136 24
123 114 24
124 45 24
124 47 24
124 59 24
124 62 24
125 113 24
126 35 24
126 36 24
126 37 24
127 112 24
128 110 24
130 109 24
131 107 24
132 58 24
132 59 24
132 60 24
133 125 24
133 126 24
135 106 24
136 28 24
136 30 24
136 42 24
136 45 24
138 123 24
138 124 24
139 121 24
139 122 24
141 133 24
141 134 24
142 0 24
142 1 24
142 2 24
142 3 24
143 52 24
143 53 24
144 50 24
144 51 24
145 47 24
145 49 24
146 119 24
146 120 24
147 30 24
147 32 24
147 33 24
149 127 24
149 131 24
150 114 24
150 117 24
1 122 25
1 124 25
2 117 25
2 118 25
3 111 25
3 115 25
4 148 25
5 109 25
5 110 25
7 107 25
7 108 25
9 147 25
10 8 25
10 9 25
10 12 25
11 103 25
11 106 25
13 100 25
13 102 25
14 94 25
14 95 25
16 146 25
17 92 25
17 93 25
18 90 25
18 91 25
19 88 25
19 89 25
20 85 25
20 86 25
21 83 25
21 84 25
23 79 25
23 81 25
24 23 25
24 27 25
26 77 25
26 78 25
27 145 25
28 2 25
28 3 25
28 7 25
29 21 25
29 22 25
31 19 25
31 20 25
32 17 25
32 18 25
33 15 25
33 16 25
34 13 25
34 14 25
35 10 25
35 12 25
36 73 25
36 74 25
37 144 25
38 8 25
38 9 25
39 143 25
41 70 25
41 71 25
43 6 25
43 7 25
44 10 25
44 14 25
44 15 25
46 2 25
46 3 25
47 148 25
47 0 25
48 142 25
49 62 25
49 63 25
50 146 25
50 147 25
51 144 25
51 145 25
52 142 25
52 143 25
53 135 25
53 137 25
55 133 25
55 134 25
58 124 25
58 132 25
59 118 25
59 122 25
61 115 25
61 117 25
62 110 25
62 111 25
63 108 25
63 109 25
64 60 25
64 61 25
66 58 25
66 59 25
69 56 25
69 57 25
71 106 25
71 107 25
72 137 25
73 102 25
73 103 25
74 136 25
76 54 25
76 55 25
78 135 25
79 134 25
80 52 25
80 53 25
81 133 25
82 19 25
82 20 25
82 21 25
83 84 25
83 85 25
84 79 25
84 81 25
85 132 25
86 77 25
86 78 25
89 73 25
89 74 25
90 95 25
90 100 25
91 131 25
92 130 25
93 118 25
93 137 25
93 0 25
94 92 25
94 93 25
95 63 25
95 70 25
96 50 25
96 51 25
99 129 25
100 61 25
100 62 25
101 47 25
101 48 25
102 58 25
102 59 25
104 16 25
104 17 25
104 18 25
106 56 25
106 57 25
107 53 25
107 54 25
108 51 25
108 52 25
109 128 25
110 48 25
110 50 25
111 73 25
111 115 25
111 117 25
113 45 25
113 46 25
114 43 25
114 44 25
115 46 25
115 47 25
117 42 25
117 43 25
121 39 25
121 42 25
123 35 25
123 38 25
125 88 25
125 89 25
126 127 25
133 125 25
134 12 25
134 27 25
134 70 25
135 35 25
135 39 25
136 83 25
136 86 25
138 33 25
138 34 25
139 31 25
139 32 25
140 29 25
140 30 25
141 126 25
143 32 25
143 33 25
144 30 25
144 31 25
145 28 25
145 29 25
146 24 25
146 27 25
148 22 25
148 23 25
150 24 25
150 28 25
0 150 26
2 22 26
2 25 26
2 34 26
2 37 26
3 116 26
3 118 26
4 113 26
4 115 26
6 111 26
6 112 26
7 75 26
7 76 26
7 79 26
8 109 26
8 110 26
9 148 26
10 107 26
10 108 26
11 147 26
12 103 26
12 105 26
13 101 26
13 102 26
14 146 26
15 99 26
15 100 26
16 102 26
16 110 26
16 118 26
16 121 26
17 145 26
18 144 26
19 29 26
19 31 26
19 32 26
19 33 26
20 97 26
20 98 26
21 72 26
21 73 26
21 74 26
22 8 26
22 18 26
22 20 26
22 21 26
23 95 26
23 96 26
26 142 26
27 92 26
27 94 26
28 141 26
29 140 26
30 139 26
31 89 26
31 91 26
32 87 26
32 88 26
33 85 26
33 86 26
34 2 26
34 3 26
34 4 26
34 5 26
36 83 26
36 84 26
38 64 26
38 66 26
38 71 26
39 83 26
39 85 26
39 96 26
39 98 26
40 81 26
40 82 26
41 79 26
41 80 26
42 138 26
43 77 26
43 78 26
44 75 26
44 76 26
45 137 26
47 135 26
48 134 26
50 52 26
50 53 26
51 73 26
51 74 26
52 46 26
52 47 26
53 47 26
53 50 26
53 52 26
54 88 26
54 89 26
54 91 26
55 133 26
57 44 26
57 45 26
58 132 26
59 71 26
59 72 26
60 20 26
60 21 26
60 22 26
60 23 26
61 41 26
61 42 26
62 69 26
62 70 26
63 131 26
64 39 26
64 40 26
66 37 26
66 38 26
67 34 26
67 35 26
68 57 26
68 58 26
68 61 26
69 53 26
69 55 26
69 56 26
70 14 26
70 15 26
70 16 26
70 18 26
72 41 26
72 45 26
72 46 26
73 32 26
73 33 26
74 37 26
74 45 26
74 56 26
74 57 26
75 29 26
75 31 26
76 27 26
76 28 26
77 130 26
78 24 26
78 25 26
80 129 26
81 8 26
81 9 26
81 11 26
81 12 26
82 22 26
82 23 26
83 38 26
83 39 26
83 40 26
84 21 26
84 22 26
84 25 26
84 34 26
86 8 26
86 9 26
86 18 26
86 20 26
87 3 26
87 4 26
87 5 26
87 6 26
89 20 26
89 21 26
90 84 26
90 85 26
90 86 26
91 17 26
91 18 26
92 15 26
92 16 26
93 67 26
93 68 26
94 12 26
94 14 26
96 10 26
96 11 26
97 8 26
97 9 26
98 6 26
98 7 26
99 4 26
99 5 26
100 2 26
100 3 26
100 4 26
100 5 26
101 2 26
101 3 26
102 150 26
102 0 26
103 144 26
103 148 26
104 80 26
104 82 26
104 83 26
105 138 26
105 140 26
106 65 26
106 66 26
107 140 26
107 144 26
107 0 26
107 2 26
109 128 26
110 126 26
111 128 26
111 137 26
111 144 26
111 0 26
112 135 26
112 137 26
114 61 26
114 64 26
117 24 26
117 25 26
117 27 26
117 28 26
119 133 26
119 134 26
120 119 26
120 121 26
121 116 26
121 118 26
122 112 26
122 115 26
123 45 26
123 83 26
123 85 26
123 96 26
124 110 26
124 111 26
125 58 26
125 60 26
126 127 26
127 129 26
127 131 26
128 124 26
130 126 26
130 128 26
131 123 26
132 128 26
132 134 26
132 135 26
132 137 26
133 108 26
133 109 26
134 34 26
134 35 26
134 37 26
135 103 26
135 105 26
136 56 26
136 57 26
137 101 26
137 102 26
138 122 26
139 123 26
139 124 26
140 99 26
140 100 26
141 121 26
142 120 26
143 50 26
143 55 26
144 96 26
144 98 26
146 120 26
146 122 26
147 119 26
148 94 26
148 95 26
0 102 27
0 103 27
1 92 27
1 93 27
1 94 27
2 100 27
2 101 27
3 98 27
3 112 27
3 113 27
3 131 27
4 150 27
5 97 27
5 98 27
6 89 27
6 90 27
6 91 27
7 93 27
7 94 27
7 96 27
7 98 27
8 95 27
8 96 27
9 93 27
9 94 27
11 13 27
11 14 27
11 18 27
11 19 27
12 91 27
12 92 27
13 89 27
13 90 27
14 87 27
14 88 27
15 26 27
15 27 27
15 28 27
15 29 27
17 85 27
17 86 27
18 86 27
18 87 27
18 88 27
19 80 27
19 81 27
19 83 27
21 149 27
23 83 27
23 84 27
24 79 27
24 80 27
24 86 27
24 87 27
25 148 27
26 81 27
26 82 27
27 147 27
28 146 27
29 79 27
29 80 27
30 75 27
30 76 27
31 73 27
31 74 27
33 71 27
33 72 27
34 141 27
35 75 27
35 76 27
35 79 27
36 69 27
36 70 27
37 67 27
37 68 27
38 65 27
38 66 27
39 62 27
39 64 27
41 60 27
41 61 27
42 64 27
42 74 27
42 93 27
42 96 27
43 58 27
43 59 27
44 140 27
45 72 27
45 73 27
45 74 27
46 139 27
48 138 27
49 46 27
49 47 27
50 137 27
52 43 27
52 45 27
53 136 27
54 41 27
54 42 27
55 39 27
55 40 27
56 37 27
56 38 27
57 8 27
57 9 27
57 10 27
57 12 27
58 64 27
58 73 27
58 74 27
58 76 27
59 35 27
59 36 27
60 47 27
60 52 27
60 59 27
60 62 27
61 33 27
61 34 27
62 135 27
63 134 27
65 133 27
66 61 27
66 62 27
66 64 27
67 31 27
67 32 27
68 132 27
69 4 27
69 5 27
69 6 27
69 7 27
70 58 27
70 59 27
70 60 27
72 29 27
72 30 27
73 131 27
74 27 27
74 28 27
75 24 27
75 26 27
76 45 27
76 47 27
76 59 27
76 62 27
77 110 27
77 112 27
77 113 27
78 130 27
80 22 27
80 23 27
81 129 27
82 20 27
82 21 27
83 128 27
84 0 27
84 1 27
84 2 27
84 3 27
85 127 27
86 46 27
86 47 27
86 49 27
87 18 27
87 19 27
89 41 27
89 42 27
89 45 27
90 28 27
90 30 27
90 42 27
90 45 27
91 126 27
92 125 27
93 124 27
94 123 27
95 13 27
95 14 27
96 122 27
97 121 27
98 38 27
98 39 27
98 40 27
99 96 27
99 97 27
99 98 27
100 137 27
100 138 27
100 139 27
100 150 27
102 11 27
102 12 27
104 56 27
104 57 27
105 20 27
105 21 27
105 22 27
105 24 27
106 120 27
109 9 27
109 10 27
110 119 27
111 54 27
111 55 27
112 7 27
112 8 27
113 5 27
113 6 27
114 3 27
114 4 27
115 52 27
115 53 27
116 50 27
116 51 27
117 1 27
117 2 27
118 117 27
119 150 27
119 0 27
120 112 27
121 147 27
121 148 27
123 35 27
123 36 27
123 37 27
124 139 27
124 146 27
125 0 27
125 3 27
125 5 27
125 13 27
126 137 27
126 138 27
127 110 27
128 133 27
128 136 27
129 120 27
129 121 27
129 124 27
129 131 27
131 0 27
131 3 27
131 5 27
131 13 27
132 109 27
133 134 27
133 135 27
134 137 27
134 138 27
134 139 27
134 150 27
135 127 27
135 131 27
136 125 27
136 126 27
137 123 27
137 124 27
138 30 27
138 32 27
138 33 27
140 51 27
140 52 27
140 56 27
141 112 27
141 113 27
141 117 27
141 119 27
142 48 27
142 49 27
143 114 27
144 113 27
146 121 27
146 122 27
147 119 27
147 120 27
148 107 27
149 106 27
150 114 27
150 117 27
0 116 28
0 118 28
1 150 28
2 113 28
2 115 28
3 111 28
3 112 28
4 148 28
5 109 28
5 110 28
6 147 28
8 107 28
8 108 28
11 103 28
11 105 28
12 101 28
12 102 28
13 99 28
13 100 28
14 97 28
14 98 28
15 95 28
15 96 28
16 140 28
16 144 28
16 0 28
16 2 28
17 92 28
17 94 28
18 89 28
18 91 28
19 87 28
19 88 28
20 146 28
23 145 28
25 144 28
26 142 28
27 141 28
28 85 28
28 86 28
30 83 28
30 84 28
31 81 28
31 82 28
32 79 28
32 80 28
33 140 28
35 80 28
35 82 28
35 83 28
36 77 28
36 78 28
37 22 28
37 25 28
37 34 28
37 45 28
38 75 28
38 76 28
39 139 28
40 128 28
40 134 28
40 135 28
40 137 28
41 102 28
41 110 28
41 118 28
41 121 28
42 73 28
42 74 28
43 29 28
43 31 28
43 32 28
43 33 28
45 71 28
45 72 28
47 69 28
47 70 28
48 67 28
48 68 28
49 138 28
50 75 28
50 76 28
50 79 28
51 88 28
51 89 28
51 91 28
52 46 28
52 47 28
53 44 28
53 45 28
54 137 28
55 83 28
55 85 28
55 96 28
55 98 28
56 2 28
56 3 28
56 4 28
56 5 28
58 41 28
58 42 28
59 135 28
60 72 28
60 73 28
60 74 28
62 24 28
62 25 28
62 27 28
62 28 28
63 65 28
63 66 28
64 39 28
64 40 28
65 37 28
65 38 28
66 34 28
66 35 28
67 32 28
67 33 28
68 64 28
68 66 28
68 71 28
70 29 28
70 31 28
71 134 28
72 27 28
72 28 28
73 24 28
73 25 28
75 57 28
75 58 28
75 61 28
77 22 28
77 23 28
78 20 28
78 21 28
79 17 28
79 18 28
81 15 28
81 16 28
82 12 28
82 14 28
83 10 28
83 11 28
84 37 28
84 45 28
84 56 28
84 57 28
85 133 28
87 132 28
88 8 28
88 9 28
90 20 28
90 21 28
90 22 28
90 23 28
92 131 28
94 130 28
96 6 28
96 7 28
97 129 28
98 4 28
98 5 28
99 128 28
100 2 28
100 3 28
101 53 28
101 55 28
101 56 28
102 150 28
102 0 28
103 144 28
103 148 28
104 61 28
104 64 28
105 21 28
105 22 28
105 25 28
105 34 28
106 84 28
106 85 28
106 86 28
107 138 28
107 140 28
108 47 28
108 50 28
108 52 28
110 128 28
110 137 28
110 144 28
110 0 28
111 127 28
112 135 28
112 137 28
113 133 28
113 134 28
114 58 28
114 60 28
115 129 28
115 131 28
116 8 28
116 9 28
116 18 28
116 20 28
117 56 28
117 57 28
118 112 28
118 115 28
119 110 28
119 111 28
120 41 28
120 45 28
120 46 28
121 37 28
121 83 28
121 85 28
121 96 28
123 126 28
124 108 28
124 109 28
125 53 28
125 55 28
126 124 28
127 126 28
127 128 28
128 123 28
129 103 28
129 105 28
130 122 28
131 121 28
132 8 28
132 9 28
132 11 28
132 12 28
133 38 28
133 39 28
133 40 28
134 101 28
134 102 28
135 99 28
135 100 28
136 14 28
136 15 28
136 16 28
136 18 28
137 8 28
137 18 28
137 20 28
137 21 28
138 120 28
139 123 28
139 124 28
140 34 28
140 35 28
140 37 28
141 121 28
141 122 28
142 3 28
142 4 28
142 5 28
142 6 28
143 50 28
143 52 28
144 2 28
144 3 28
144 4 28
144 5 28
145 119 28
145 120 28
146 116 28
146 118 28
147 119 28
148 96 28
148 98 28
150 94 28
150 95 28
0 150 29
1 149 29
2 102 29
2 103 29
3 100 29
3 101 29
5 97 29
5 98 29
6 95 29
6 96 29
7 93 29
7 94 29
9 91 29
9 92 29
10 148 29
11 89 29
11 90 29
12 87 29
12 88 29
13 85 29
13 86 29
14 83 29
14 84 29
15 26 29
15 27 29
15 28 29
15 29 29
16 81 29
16 82 29
17 79 29
17 80 29
18 93 29
18 94 29
18 96 29
18 98 29
19 79 29
19 80 29
19 86 29
19 87 29
20 75 29
20 76 29
21 147 29
22 146 29
23 141 29
24 73 29
24 74 29
25 140 29
26 71 29
26 72 29
27 139 29
28 138 29
29 69 29
29 70 29
31 67 29
31 68 29
32 65 29
32 66 29
33 64 29
33 73 29
33 74 29
33 76 29
34 8 29
34 9 29
34 10 29
34 12 29
35 62 29
35 64 29
36 92 29
36 93 29
36 94 29
37 60 29
37 61 29
39 58 29
39 59 29
41 89 29
41 90 29
41 91 29
42 56 29
42 57 29
43 137 29
44 54 29
44 55 29
45 52 29
45 53 29
46 47 29
46 52 29
46 59 29
46 62 29
47 86 29
47 87 29
47 88 29
48 4 29
48 5 29
48 6 29
48 7 29
49 136 29
50 135 29
52 43 29
52 45 29
54 134 29
55 80 29
55 81 29
55 83 29
57 41 29
57 42 29
58 39 29
58 40 29
59 37 29
59 38 29
60 75 29
60 76 29
60 79 29
61 133 29
62 58 29
62 59 29
62 60 29
64 45 29
64 47 29
64 59 29
64 62 29
66 132 29
67 0 29
67 1 29
67 2 29
67 3 29
68 137 29
68 138 29
68 139 29
68 150 29
69 131 29
71 130 29
72 28 29
72 30 29
72 42 29
72 45 29
73 35 29
73 36 29
74 33 29
74 34 29
75 31 29
75 32 29
76 29 29
76 30 29
77 20 29
77 21 29
77 22 29
77 24 29
80 27 29
80 28 29
81 24 29
81 26 29
82 22 29
82 23 29
83 0 29
83 3 29
83 5 29
83 13 29
84 72 29
84 73 29
84 74 29
86 20 29
86 21 29
87 129 29
90 128 29
91 127 29
92 18 29
92 19 29
94 13 29
94 14 29
95 11 29
95 12 29
96 9 29
96 10 29
97 51 29
97 52 29
97 56 29
98 0 29
98 3 29
98 5 29
98 13 29
99 50 29
99 51 29
101 120 29
101 121 29
101 124 29
101 131 29
102 126 29
103 112 29
103 113 29
103 117 29
103 119 29
104 125 29
105 110 29
105 112 29
105 113 29
106 7 29
106 8 29
107 5 29
107 6 29
108 124 29
109 3 29
109 4 29
110 123 29
111 122 29
112 121 29
113 1 29
113 2 29
114 137 29
114 138 29
114 139 29
114 150 29
115 120 29
116 48 29
116 49 29
117 150 29
117 0 29
118 46 29
118 47 29
119 114 29
120 147 29
120 148 29
121 46 29
121 47 29
121 49 29
122 113 29
123 139 29
123 146 29
125 112 29
126 98 29
126 112 29
126 113 29
126 131 29
127 41 29
127 42 29
127 45 29
128 110 29
129 137 29
129 138 29
130 135 29
130 136 29
131 38 29
131 39 29
131 40 29
132 133 29
132 134 29
133 123 29
133 124 29
134 109 29
135 121 29
135 122 29
136 107 29
137 119 29
137 120 29
138 106 29
139 114 29
139 117 29
140 127 29
140 131 29
141 61 29
141 62 29
141 64 29
142 119 29
143 117 29
144 96 29
144 97 29
144 98 29
145 13 29
145 14 29
145 18 29
145 19 29
147 64 29
147 74 29
147 93 29
147 96 29
148 35 29
148 36 29
148 37 29
149 125 29
149 126 29
150 30 29
150 32 29
150 33 29
0 150 30
1 102 30
1 103 30
2 149 30
3 98 30
3 112 30
3 113 30
3 131 30
4 148 30
5 86 30
5 87 30
5 88 30
6 100 30
6 101 30
7 147 30
9 79 30
9 80 30
9 86 30
9 87 30
10 64 30
10 73 30
10 74 30
10 76 30
11 13 30
11 14 30
11 18 30
11 19 30
12 97 30
12 98 30
13 95 30
13 96 30
15 146 30
16 141 30
17 110 30
17 112 30
17 113 30
18 93 30
18 94 30
19 91 30
19 92 30
20 89 30
20 90 30
21 87 30
21 88 30
22 85 30
22 86 30
23 8 30
23 9 30
23 10 30
23 12 30
24 140 30
25 96 30
25 97 30
25 98 30
26 83 30
26 84 30
27 80 30
27 81 30
27 83 30
28 81 30
28 82 30
30 75 30
30 76 30
30 79 30
32 79 30
32 80 30
33 139 30
34 4 30
34 5 30
34 6 30
34 7 30
35 75 30
35 76 30
36 73 30
36 74 30
37 71 30
37 72 30
38 47 30
38 52 30
38 59 30
38 62 30
39 72 30
39 73 30
39 74 30
40 138 30
41 28 30
41 30 30
41 42 30
41 45 30
42 137 30
43 136 30
45 69 30
45 70 30
46 67 30
46 68 30
47 64 30
47 74 30
47 93 30
47 96 30
48 135 30
49 134 30
50 51 30
50 52 30
52 48 30
52 49 30
53 46 30
53 47 30
54 43 30
54 45 30
55 41 30
55 42 30
56 133 30
57 39 30
57 40 30
58 46 30
58 47 30
58 49 30
59 37 30
59 38 30
60 35 30
60 36 30
62 132 30
63 131 30
64 41 30
64 42 30
64 45 30
65 0 30
65 1 30
65 2 30
65 3 30
66 137 30
66 138 30
66 139 30
66 150 30
67 61 30
67 62 30
67 64 30
70 130 30
71 120 30
71 121 30
71 124 30
71 131 30
72 129 30
73 33 30
73 34 30
74 31 30
74 32 30
75 128 30
76 29 30
76 30 30
77 26 30
77 27 30
77 28 30
77 29 30
78 20 30
78 21 30
78 22 30
78 24 30
79 127 30
80 27 30
80 28 30
81 126 30
82 58 30
82 59 30
82 60 30
83 125 30
84 124 30
85 24 30
85 26 30
87 123 30
89 0 30
89 3 30
89 5 30
89 13 30
91 122 30
92 22 30
92 23 30
94 121 30
95 20 30
95 21 30
96 18 30
96 19 30
97 13 30
97 14 30
98 45 30
98 47 30
98 59 30
98 62 30
99 65 30
99 66 30
100 112 30
100 113 30
100 117 30
100 119 30
104 62 30
104 64 30
105 60 30
105 61 30
107 11 30
107 12 30
108 92 30
108 93 30
108 94 30
110 9 30
110 10 30
111 89 30
111 90 30
111 91 30
112 7 30
112 8 30
113 120 30
115 58 30
115 59 30
116 56 30
116 57 30
117 5 30
117 6 30
118 119 30
119 3 30
119 4 30
120 113 30
121 1 30
121 2 30
122 150 30
122 0 30
124 147 30
124 148 30
125 38 30
125 39 30
125 40 30
126 112 30
127 139 30
127 146 30
128 51 30
128 52 30
128 56 30
129 137 30
129 138 30
130 135 30
130 136 30
131 127 30
131 133 30
132 131 30
132 134 30
133 125 30
133 126 30
134 110 30
135 35 30
135 36 30
135 37 30
136 137 30
136 138 30
136 139 30
136 150 30
137 123 30
137 124 30
138 121 30
138 122 30
139 109 30
140 107 30
141 93 30
141 94 30
141 96 30
141 98 30
142 117 30
143 54 30
143 55 30
144 50 30
144 53 30
145 114 30
146 119 30
146 120 30
147 30 30
147 32 30
147 33 30
148 114 30
148 117 30
149 106 30
150 0 30
150 3 30
150 5 30
150 13 30
0 116 31
0 118 31
1 113 31
1 115 31
2 111 31
2 112 31
3 109 31
3 110 31
4 150 31
5 107 31
5 108 31
6 80 31
6 82 31
6 83 31
7 148 31
9 103 31
9 105 31
10 3 31
10 4 31
10 5 31
10 6 31
11 101 31
11 102 31
12 99 31
12 100 31
14 75 31
14 76 31
14 79 31
15 147 31
16 146 31
17 140 31
17 144 31
17 0 31
17 2 31
18 97 31
18 98 31
19 95 31
19 96 31
21 92 31
21 94 31
22 89 31
22 91 31
23 87 31
23 88 31
25 85 31
25 86 31
28 83 31
28 84 31
29 81 31
29 82 31
30 79 31
30 80 31
31 145 31
32 144 31
33 77 31
33 78 31
34 2 31
34 3 31
34 4 31
34 5 31
35 75 31
35 76 31
36 88 31
36 89 31
36 91 31
37 73 31
37 74 31
38 142 31
39 141 31
40 71 31
40 72 31
41 140 31
42 139 31
43 29 31
43 31 31
43 32 31
43 33 31
44 41 31
44 42 31
45 72 31
45 73 31
45 74 31
47 102 31
47 110 31
47 118 31
47 121 31
48 24 31
48 25 31
48 27 31
48 28 31
49 20 31
49 21 31
49 22 31
49 23 31
51 69 31
51 70 31
52 39 31
52 40 31
53 138 31
54 67 31
54 68 31
55 137 31
56 37 31
56 38 31
57 34 31
57 35 31
59 65 31
59 66 31
60 32 31
60 33 31
61 83 31
61 85 31
61 96 31
61 98 31
62 61 31
62 64 31
63 58 31
63 60 31
64 135 31
65 64 31
65 66 31
65 71 31
66 29 31
66 31 31
67 27 31
67 28 31
69 24 31
69 25 31
70 57 31
70 58 31
70 61 31
71 22 31
71 23 31
73 20 31
73 21 31
74 134 31
76 53 31
76 55 31
76 56 31
77 133 31
79 37 31
79 45 31
79 56 31
79 57 31
80 17 31
80 18 31
81 132 31
82 15 31
82 16 31
83 12 31
83 14 31
84 131 31
85 10 31
85 11 31
86 130 31
87 129 31
88 47 31
88 50 31
88 52 31
89 8 31
89 9 31
90 128 31
91 21 31
91 22 31
91 25 31
91 34 31
92 6 31
92 7 31
93 56 31
93 57 31
94 127 31
95 4 31
95 5 31
97 126 31
98 22 31
98 25 31
98 34 31
98 37 31
99 8 31
99 9 31
99 18 31
99 20 31
100 2 31
100 3 31
101 150 31
101 0 31
102 41 31
102 45 31
102 46 31
103 2 31
103 3 31
103 4 31
103 5 31
104 124 31
105 144 31
105 148 31
106 53 31
106 55 31
108 123 31
110 138 31
110 140 31
111 135 31
111 137 31
112 122 31
114 50 31
114 52 31
115 121 31
117 14 31
117 15 31
117 16 31
117 18 31
118 133 31
118 134 31
120 38 31
120 39 31
120 40 31
121 8 31
121 18 31
121 20 31
121 21 31
122 128 31
122 137 31
122 144 31
122 0 31
123 45 31
123 83 31
123 85 31
123 96 31
124 116 31
124 118 31
125 8 31
125 9 31
125 11 31
125 12 31
126 112 31
126 115 31
127 129 31
127 131 31
129 110 31
129 111 31
130 128 31
130 134 31
130 135 31
130 137 31
133 34 31
133 35 31
133 37 31
134 108 31
134 109 31
135 103 31
135 105 31
136 84 31
136 85 31
136 86 31
137 101 31
137 102 31
139 126 31
139 128 31
140 99 31
140 100 31
141 123 31
141 124 31
142 121 31
142 122 31
143 46 31
143 47 31
144 96 31
144 98 31
145 119 31
145 120 31
147 120 31
148 94 31
148 95 31
149 44 31
149 45 31
150 119 31
1 116 32
1 118 32
3 113 32
3 115 32
4 111 32
4 112 32
6 128 32
6 134 32
6 135 32
6 137 32
8 109 32
8 110 32
9 150 32
10 107 32
10 108 32
11 103 32
11 105 32
13 88 32
13 89 32
13 91 32
15 102 32
15 110 32
15 118 32
15 121 32
17 101 32
17 102 32
18 99 32
18 100 32
19 29 32
19 31 32
19 32 32
19 33 32
20 97 32
20 98 32
21 2 32
21 3 32
21 4 32
21 5 32
22 95 32
22 96 32
24 83 32
24 85 32
24 96 32
24 98 32
25 72 32
25 73 32
25 74 32
26 92 32
26 94 32
27 89 32
27 91 32
28 87 32
28 88 32
29 85 32
29 86 32
31 83 32
31 84 32
32 148 32
33 81 32
33 82 32
34 147 32
35 37 32
35 45 32
35 56 32
35 57 32
36 79 32
36 80 32
37 146 32
38 77 32
38 78 32
39 21 32
39 22 32
39 25 32
39 34 32
40 8 32
40 9 32
40 18 32
40 20 32
41 75 32
41 76 32
42 73 32
42 74 32
43 84 32
43 85 32
43 86 32
44 71 32
44 72 32
45 145 32
46 69 32
46 70 32
47 144 32
48 24 32
48 25 32
48 27 32
48 28 32
49 67 32
49 68 32
50 46 32
50 47 32
51 80 32
51 82 32
51 83 32
52 142 32
53 2 32
53 3 32
53 4 32
53 5 32
54 65 32
54 66 32
55 44 32
55 45 32
56 53 32
56 55 32
56 57 32
57 41 32
57 42 32
58 39 32
58 40 32
59 141 32
60 37 32
60 38 32
61 128 32
61 137 32
61 144 32
61 0 32
62 61 32
62 64 32
63 20 32
63 21 32
63 22 32
63 23 32
64 34 32
64 35 32
65 140 32
67 32 32
67 33 32
68 29 32
68 31 32
69 140 32
69 144 32
69 0 32
69 2 32
70 27 32
70 28 32
71 139 32
73 138 32
74 24 32
74 25 32
75 22 32
75 23 32
76 45 32
76 83 32
76 85 32
76 96 32
77 20 32
77 21 32
78 17 32
78 18 32
79 47 32
79 50 32
79 52 32
80 41 32
80 45 32
80 46 32
81 15 32
81 16 32
82 12 32
82 14 32
83 10 32
83 11 32
85 8 32
85 9 32
88 137 32
89 6 32
89 7 32
90 14 32
90 15 32
90 16 32
90 18 32
91 135 32
93 58 32
93 60 32
94 4 32
94 5 32
95 2 32
95 3 32
96 150 32
96 0 32
97 134 32
98 144 32
98 148 32
99 138 32
99 140 32
101 135 32
101 137 32
102 133 32
103 132 32
104 56 32
104 57 32
105 133 32
105 134 32
106 53 32
106 55 32
107 129 32
107 131 32
108 131 32
109 126 32
109 128 32
110 130 32
111 129 32
112 123 32
112 124 32
113 128 32
114 8 32
114 9 32
114 11 32
114 12 32
115 112 32
115 116 32
116 22 32
116 25 32
116 34 32
116 37 32
117 3 32
117 4 32
117 5 32
117 6 32
119 127 32
120 110 32
120 111 32
121 126 32
122 38 32
122 39 32
122 40 32
124 123 32
125 124 32
126 8 32
126 18 32
126 20 32
126 21 32
127 121 32
127 122 32
128 108 32
128 109 32
129 34 32
129 35 32
129 37 32
130 122 32
131 103 32
131 105 32
132 121 32
137 101 32
137 102 32
138 99 32
138 100 32
141 64 32
141 66 32
141 71 32
142 119 32
142 120 32
143 50 32
143 52 32
144 96 32
144 98 32
145 115 32
145 118 32
146 56 32
146 58 32
146 61 32
147 120 32
148 119 32
149 75 32
149 76 32
149 79 32
150 94 32
150 95 32
0 116 33
0 118 33
1 113 33
1 115 33
2 45 33
2 83 33
2 85 33
2 96 33
3 111 33
3 112 33
4 75 33
4 76 33
4 79 33
5 150 33
6 109 33
6 110 33
7 107 33
7 108 33
8 103 33
8 105 33
9 148 33
10 14 33
10 15 33
10 16 33
10 18 33
11 101 33
11 102 33
13 99 33
13 100 33
14 147 33
15 97 33
15 98 33
16 95 33
16 96 33
18 92 33
18 94 33
19 29 33
19 31 33
19 32 33
19 33 33
20 89 33
20 91 33
21 2 33
21 3 33
21 4 33
21 5 33
22 87 33
22 88 33
24 140 33
24 144 33
24 0 33
24 2 33
25 85 33
25 86 33
26 83 33
26 84 33
27 81 33
27 82 33
28 72 33
28 73 33
28 74 33
30 88 33
30 89 33
30 91 33
31 79 33
31 80 33
32 77 33
32 78 33
33 146 33
35 145 33
36 75 33
36 76 33
37 144 33
38 73 33
38 74 33
39 71 33
39 72 33
40 128 33
40 134 33
40 135 33
40 137 33
41 69 33
41 70 33
43 24 33
43 25 33
43 27 33
43 28 33
44 142 33
45 44 33
45 46 33
46 102 33
46 110 33
46 118 33
46 121 33
47 64 33
47 66 33
47 71 33
48 84 33
48 85 33
48 86 33
49 67 33
49 68 33
51 65 33
51 66 33
52 41 33
52 42 33
53 141 33
54 61 33
54 64 33
55 83 33
55 85 33
55 96 33
55 98 33
56 39 33
56 40 33
57 140 33
58 53 33
58 55 33
58 56 33
61 37 33
61 38 33
62 58 33
62 60 33
63 56 33
63 57 33
64 34 33
64 35 33
65 8 33
65 9 33
65 11 33
65 12 33
66 139 33
68 138 33
69 137 33
70 135 33
71 32 33
71 33 33
72 29 33
72 31 33
73 27 33
73 28 33
75 37 33
75 45 33
75 56 33
75 57 33
76 24 33
76 25 33
77 22 33
77 23 33
78 20 33
78 21 33
80 47 33
80 50 33
80 52 33
81 17 33
81 18 33
82 15 33
82 16 33
83 134 33
85 133 33
86 12 33
86 14 33
88 10 33
88 11 33
89 21 33
89 22 33
89 25 33
89 34 33
90 132 33
91 8 33
91 9 33
92 6 33
92 7 33
94 4 33
94 5 33
95 131 33
96 2 33
96 3 33
97 3 33
97 4 33
97 5 33
97 6 33
98 130 33
99 150 33
99 0 33
100 8 33
100 9 33
100 18 33
100 20 33
101 41 33
101 45 33
101 46 33
102 22 33
102 25 33
102 34 33
102 37 33
103 38 33
103 39 33
103 40 33
104 80 33
104 82 33
104 83 33
105 129 33
106 53 33
106 55 33
107 144 33
107 148 33
108 138 33
108 140 33
109 135 33
109 137 33
111 133 33
111 134 33
112 115 33
112 116 33
113 128 33
114 20 33
114 21 33
114 22 33
114 23 33
115 127 33
116 110 33
116 111 33
117 50 33
117 52 33
118 108 33
118 109 33
119 2 33
119 3 33
119 4 33
119 5 33
120 103 33
120 105 33
121 124 33
124 126 33
125 45 33
125 47 33
126 101 33
126 102 33
127 129 33
127 131 33
128 34 33
128 35 33
128 37 33
129 123 33
130 126 33
130 128 33
131 122 33
132 123 33
132 124 33
133 121 33
137 99 33
137 100 33
138 96 33
138 98 33
139 120 33
140 8 33
140 18 33
140 20 33
140 21 33
142 121 33
142 122 33
144 119 33
145 119 33
145 120 33
146 57 33
146 58 33
146 61 33
147 112 33
147 118 33
148 128 33
148 137 33
148 144 33
148 0 33
150 94 33
150 95 33
