0 101 19
0 102 19
1 99 19
1 100 19
2 97 19
2 98 19
3 95 19
3 96 19
4 93 19
4 94 19
5 150 19
6 97 19
6 98 19
6 99 19
7 91 19
7 92 19
8 27 19
8 80 19
8 95 19
8 97 19
9 148 19
10 147 19
11 89 19
11 90 19
12 87 19
12 88 19
13 94 19
13 95 19
13 96 19
14 146 19
15 145 19
16 85 19
16 86 19
18 90 19
18 91 19
18 92 19
19 86 19
19 87 19
19 89 19
20 8 19
20 108 19
20 111 19
20 116 19
21 134 19
21 140 19
21 145 19
21 150 19
22 83 19
22 84 19
23 144 19
24 142 19
25 77 19
25 80 19
25 90 19
25 95 19
27 83 19
27 84 19
27 85 19
28 50 19
28 58 19
28 59 19
28 73 19
29 80 19
29 82 19
30 141 19
31 78 19
31 79 19
32 106 19
32 108 19
32 110 19
33 75 19
33 77 19
34 73 19
34 74 19
36 70 19
36 72 19
37 68 19
37 69 19
38 140 19
39 66 19
39 67 19
40 64 19
40 65 19
41 40 19
41 46 19
41 47 19
43 62 19
43 63 19
44 100 19
44 106 19
44 108 19
44 111 19
45 139 19
46 60 19
46 61 19
47 138 19
48 58 19
48 59 19
49 78 19
49 80 19
49 82 19
50 51 19
50 52 19
51 48 19
51 49 19
52 46 19
52 47 19
53 137 19
54 44 19
54 45 19
55 42 19
55 43 19
56 136 19
57 135 19
58 40 19
58 41 19
59 38 19
59 39 19
61 36 19
61 37 19
62 34 19
62 35 19
63 31 19
63 33 19
64 134 19
65 74 19
65 75 19
65 77 19
66 70 19
66 72 19
66 73 19
67 133 19
68 62 19
68 63 19
68 69 19
69 34 19
69 35 19
69 37 19
71 131 19
72 27 19
72 40 19
72 46 19
72 47 19
73 29 19
73 30 19
74 27 19
74 28 19
75 8 19
75 13 19
75 20 19
75 26 19
76 116 19
76 119 19
76 120 19
76 131 19
77 25 19
77 26 19
78 130 19
79 58 19
79 59 19
79 61 19
80 23 19
80 24 19
81 56 19
81 57 19
83 19 19
83 20 19
84 29 19
84 30 19
84 33 19
85 129 19
86 0 19
86 1 19
86 2 19
86 6 19
87 17 19
87 18 19
88 96 19
88 97 19
88 98 19
88 99 19
89 15 19
89 16 19
90 128 19
91 26 19
91 27 19
91 28 19
92 13 19
92 14 19
93 126 19
94 119 19
94 134 19
94 140 19
94 145 19
95 125 19
96 11 19
96 12 19
97 124 19
98 9 19
98 10 19
99 122 19
100 7 19
100 8 19
101 121 19
102 5 19
102 6 19
103 120 19
104 3 19
104 4 19
105 119 19
106 1 19
106 2 19
107 118 19
108 117 19
109 116 19
110 115 19
111 150 19
111 0 19
112 147 19
112 148 19
113 54 19
113 55 19
115 111 19
116 145 19
116 146 19
118 142 19
118 144 19
119 15 19
119 20 19
119 25 19
120 12 19
120 13 19
120 14 19
121 110 19
122 140 19
122 141 19
123 114 19
124 109 19
125 108 19
127 50 19
127 53 19
128 55 19
128 56 19
128 57 19
129 9 19
129 10 19
129 11 19
131 136 19
131 139 19
133 6 19
133 7 19
133 8 19
134 3 19
134 4 19
134 5 19
135 107 19
136 134 19
136 137 19
137 106 19
138 41 19
138 50 19
138 54 19
139 105 19
140 131 19
140 133 19
141 129 19
141 130 19
142 120 19
142 121 19
143 112 19
144 118 19
144 119 19
145 0 19
145 1 19
145 2 19
146 116 19
146 117 19
147 111 19
147 115 19
148 104 19
149 100 19
149 104 19
149 105 19
150 103 19
0 134 23
0 140 23
0 145 23
0 150 23
1 101 23
1 102 23
2 150 23
3 99 23
3 100 23
4 97 23
4 98 23
4 99 23
5 94 23
5 95 23
5 96 23
6 90 23
6 91 23
6 92 23
7 86 23
7 87 23
7 89 23
8 148 23
9 83 23
9 84 23
9 85 23
10 147 23
11 78 23
11 80 23
11 82 23
12 116 23
12 119 23
12 120 23
12 131 23
13 74 23
13 75 23
13 77 23
14 100 23
14 106 23
14 108 23
14 111 23
15 96 23
15 97 23
15 98 23
15 99 23
16 146 23
17 145 23
18 97 23
18 98 23
19 95 23
19 96 23
22 93 23
22 94 23
23 91 23
23 92 23
24 144 23
25 142 23
26 141 23
27 89 23
27 90 23
28 140 23
29 87 23
29 88 23
30 77 23
30 80 23
30 90 23
30 95 23
31 139 23
32 85 23
32 86 23
33 83 23
33 84 23
34 138 23
36 80 23
36 82 23
37 78 23
37 79 23
38 75 23
38 77 23
39 137 23
40 136 23
41 73 23
41 74 23
42 70 23
42 72 23
42 73 23
44 135 23
45 62 23
45 63 23
45 69 23
46 134 23
48 133 23
49 131 23
50 70 23
50 72 23
51 68 23
51 69 23
53 66 23
53 67 23
54 130 23
55 129 23
56 128 23
57 126 23
58 125 23
59 0 23
59 1 23
59 2 23
59 6 23
60 56 23
60 57 23
61 54 23
61 55 23
62 52 23
62 53 23
63 26 23
63 27 23
63 28 23
64 50 23
64 51 23
65 124 23
66 58 23
66 59 23
66 61 23
67 48 23
67 49 23
68 46 23
68 47 23
69 44 23
69 45 23
71 106 23
71 108 23
71 110 23
72 42 23
72 43 23
73 119 23
73 134 23
73 140 23
73 145 23
74 122 23
75 121 23
76 100 23
76 104 23
76 105 23
77 120 23
78 40 23
78 41 23
79 55 23
79 56 23
79 57 23
80 15 23
80 20 23
80 25 23
81 119 23
82 118 23
83 38 23
83 39 23
84 36 23
84 37 23
85 117 23
86 34 23
86 35 23
87 31 23
87 33 23
88 116 23
89 29 23
89 30 23
90 12 23
90 13 23
90 14 23
92 115 23
93 47 23
93 50 23
93 54 23
94 50 23
94 58 23
94 59 23
94 73 23
95 27 23
95 28 23
96 25 23
96 26 23
97 114 23
98 97 23
98 108 23
98 111 23
98 116 23
99 23 23
99 24 23
100 19 23
100 20 23
101 112 23
102 17 23
102 18 23
103 111 23
104 15 23
104 16 23
107 13 23
107 14 23
109 108 23
110 11 23
110 12 23
111 9 23
111 10 23
112 7 23
112 8 23
113 110 23
114 40 23
114 41 23
114 46 23
115 27 23
115 40 23
115 46 23
115 47 23
116 8 23
116 27 23
116 80 23
116 95 23
117 5 23
117 6 23
118 3 23
118 4 23
119 9 23
119 10 23
119 11 23
120 6 23
120 7 23
120 8 23
121 1 23
121 2 23
122 150 23
122 0 23
123 64 23
123 65 23
124 147 23
124 148 23
125 107 23
126 34 23
126 35 23
126 37 23
127 62 23
127 63 23
128 145 23
128 146 23
129 142 23
129 144 23
130 3 23
130 4 23
130 5 23
131 140 23
131 141 23
132 109 23
133 137 23
133 139 23
134 106 23
135 134 23
135 136 23
136 8 23
136 13 23
136 20 23
136 26 23
137 105 23
138 29 23
138 30 23
138 33 23
139 131 23
139 133 23
140 104 23
142 103 23
143 60 23
143 61 23
144 129 23
144 130 23
145 120 23
145 121 23
146 118 23
146 119 23
147 0 23
147 1 23
147 2 23
148 116 23
148 117 23
149 58 23
149 59 23
150 111 23
150 115 23
0 101 24
0 102 24
1 150 24
2 97 24
2 98 24
2 99 24
3 148 24
6 147 24
7 146 24
8 145 24
9 144 24
10 142 24
11 94 24
11 95 24
11 96 24
12 141 24
13 99 24
13 100 24
14 97 24
14 98 24
15 140 24
16 139 24
17 138 24
18 100 24
18 106 24
18 108 24
18 111 24
19 137 24
20 136 24
21 134 24
21 140 24
21 145 24
21 150 24
22 106 24
22 108 24
22 110 24
23 95 24
23 96 24
24 93 24
24 94 24
25 135 24
26 90 24
26 91 24
26 92 24
27 91 24
27 92 24
28 134 24
29 89 24
29 90 24
30 86 24
30 87 24
30 89 24
31 87 24
31 88 24
32 85 24
32 86 24
33 83 24
33 84 24
34 77 24
34 80 24
34 90 24
34 95 24
35 80 24
35 82 24
36 96 24
36 97 24
36 98 24
36 99 24
40 133 24
41 131 24
42 78 24
42 79 24
43 83 24
43 84 24
43 85 24
45 75 24
45 77 24
46 78 24
46 80 24
46 82 24
47 73 24
47 74 24
48 70 24
48 72 24
49 74 24
49 75 24
49 77 24
50 130 24
51 70 24
51 72 24
51 73 24
52 68 24
52 69 24
53 129 24
54 128 24
55 40 24
55 41 24
55 46 24
56 54 24
56 55 24
58 52 24
58 53 24
59 50 24
59 51 24
60 62 24
60 63 24
60 69 24
61 48 24
61 49 24
62 46 24
62 47 24
63 44 24
63 45 24
64 42 24
64 43 24
65 40 24
65 41 24
66 58 24
66 59 24
66 61 24
67 38 24
67 39 24
68 126 24
69 50 24
69 58 24
69 59 24
69 73 24
70 34 24
70 35 24
70 37 24
71 125 24
72 36 24
72 37 24
73 124 24
74 34 24
74 35 24
76 116 24
76 119 24
76 120 24
76 131 24
77 29 24
77 30 24
77 33 24
78 122 24
79 121 24
80 26 24
80 27 24
80 28 24
81 66 24
81 67 24
82 31 24
82 33 24
83 27 24
83 40 24
83 46 24
83 47 24
84 29 24
84 30 24
85 27 24
85 28 24
86 25 24
86 26 24
88 23 24
88 24 24
90 120 24
91 19 24
91 20 24
92 119 24
93 17 24
93 18 24
94 8 24
94 13 24
94 20 24
94 26 24
95 118 24
96 117 24
97 8 24
97 27 24
97 80 24
97 95 24
98 15 24
98 20 24
98 25 24
99 15 24
99 16 24
100 13 24
100 14 24
101 11 24
101 12 24
102 9 24
102 10 24
103 55 24
103 56 24
103 57 24
104 0 24
104 1 24
104 2 24
104 6 24
105 116 24
106 7 24
106 8 24
107 115 24
108 5 24
108 6 24
109 3 24
109 4 24
110 112 24
111 12 24
111 13 24
111 14 24
112 114 24
113 64 24
113 65 24
114 111 24
115 1 24
115 2 24
116 9 24
116 10 24
116 11 24
117 110 24
119 109 24
120 150 24
120 0 24
121 147 24
121 148 24
122 145 24
122 146 24
123 62 24
123 63 24
124 108 24
125 142 24
125 144 24
126 140 24
126 141 24
127 60 24
127 61 24
128 47 24
128 50 24
128 54 24
130 134 24
130 139 24
131 97 24
131 108 24
131 111 24
131 116 24
132 58 24
132 59 24
133 107 24
134 136 24
134 137 24
135 106 24
136 131 24
136 133 24
137 6 24
137 7 24
137 8 24
138 105 24
139 3 24
139 4 24
139 5 24
140 129 24
140 130 24
141 120 24
141 121 24
142 0 24
142 1 24
142 2 24
143 100 24
143 104 24
143 105 24
144 119 24
144 134 24
144 140 24
144 145 24
145 104 24
146 118 24
146 119 24
147 116 24
147 117 24
148 103 24
149 56 24
149 57 24
150 111 24
150 115 24
0 101 25
0 102 25
1 99 25
1 100 25
2 150 25
3 97 25
3 98 25
4 148 25
5 96 25
5 97 25
5 98 25
5 99 25
6 94 25
6 95 25
6 96 25
7 95 25
7 96 25
8 93 25
8 94 25
9 91 25
9 92 25
10 89 25
10 90 25
11 77 25
11 80 25
11 90 25
11 95 25
12 50 25
12 58 25
12 59 25
12 73 25
13 87 25
13 88 25
16 147 25
17 90 25
17 91 25
17 92 25
18 146 25
19 85 25
19 86 25
20 86 25
20 87 25
20 89 25
21 145 25
22 83 25
22 84 25
24 80 25
24 82 25
25 144 25
26 83 25
26 84 25
26 85 25
27 142 25
28 141 25
29 78 25
29 80 25
29 82 25
30 78 25
30 79 25
31 116 25
31 119 25
31 120 25
31 131 25
32 140 25
33 75 25
33 77 25
35 27 25
35 40 25
35 46 25
35 47 25
36 74 25
36 75 25
36 77 25
37 73 25
37 74 25
38 70 25
38 72 25
39 68 25
39 69 25
40 66 25
40 67 25
41 139 25
42 70 25
42 72 25
42 73 25
43 64 25
43 65 25
44 62 25
44 63 25
44 69 25
45 62 25
45 63 25
46 34 25
46 35 25
46 37 25
47 60 25
47 61 25
48 58 25
48 59 25
48 61 25
49 58 25
49 59 25
50 138 25
51 56 25
51 57 25
52 137 25
53 55 25
53 56 25
53 57 25
54 136 25
55 135 25
56 29 25
56 30 25
56 33 25
57 50 25
57 51 25
58 26 25
58 27 25
58 28 25
59 48 25
59 49 25
60 46 25
60 47 25
61 44 25
61 45 25
62 8 25
62 13 25
62 20 25
62 26 25
63 0 25
63 1 25
63 2 25
63 6 25
64 134 25
65 133 25
66 131 25
67 100 25
67 106 25
67 108 25
67 111 25
68 47 25
68 50 25
68 54 25
69 130 25
70 42 25
70 43 25
71 106 25
71 108 25
71 110 25
72 40 25
72 41 25
73 38 25
73 39 25
74 15 25
74 20 25
74 25 25
75 129 25
76 100 25
76 104 25
76 105 25
77 36 25
77 37 25
79 40 25
79 41 25
79 46 25
80 128 25
81 97 25
81 98 25
81 99 25
83 34 25
83 35 25
84 119 25
84 134 25
84 140 25
84 145 25
85 12 25
85 13 25
85 14 25
86 31 25
86 33 25
87 29 25
87 30 25
88 126 25
89 125 25
90 27 25
90 28 25
91 124 25
92 25 25
92 26 25
93 23 25
93 24 25
94 19 25
94 20 25
95 8 25
95 27 25
95 80 25
95 97 25
96 17 25
96 18 25
98 15 25
98 16 25
99 9 25
99 10 25
99 11 25
100 13 25
100 14 25
101 122 25
102 121 25
103 11 25
103 12 25
104 9 25
104 10 25
105 7 25
105 8 25
106 120 25
107 119 25
108 5 25
108 6 25
109 118 25
110 6 25
110 7 25
110 8 25
111 3 25
111 4 25
113 54 25
113 55 25
114 115 25
115 1 25
115 2 25
116 150 25
116 0 25
117 112 25
120 147 25
120 148 25
121 111 25
122 145 25
122 146 25
123 117 25
124 142 25
124 144 25
125 110 25
126 140 25
126 141 25
127 52 25
127 53 25
128 137 25
128 139 25
129 134 25
129 136 25
130 109 25
131 129 25
131 130 25
132 134 25
132 140 25
132 145 25
132 150 25
134 108 25
135 131 25
135 133 25
136 107 25
137 120 25
137 121 25
139 106 25
140 105 25
141 104 25
142 95 25
142 108 25
142 111 25
142 116 25
143 116 25
144 103 25
145 118 25
145 119 25
146 3 25
146 4 25
146 5 25
147 116 25
147 117 25
148 111 25
148 115 25
149 114 25
150 0 25
150 1 25
150 2 25
1 150 26
2 148 26
3 101 26
3 102 26
4 147 26
5 146 26
6 8 26
6 27 26
6 80 26
6 95 26
7 145 26
8 144 26
9 142 26
10 50 26
10 58 26
10 59 26
10 73 26
11 99 26
11 100 26
12 141 26
13 97 26
13 98 26
14 140 26
15 27 26
15 40 26
15 46 26
15 47 26
16 95 26
16 96 26
17 139 26
18 90 26
18 91 26
18 92 26
19 93 26
19 94 26
20 91 26
20 92 26
21 106 26
21 108 26
21 110 26
22 100 26
22 104 26
22 105 26
23 86 26
23 87 26
23 89 26
24 89 26
24 90 26
25 83 26
25 84 26
25 85 26
26 138 26
27 137 26
28 136 26
29 135 26
30 78 26
30 80 26
30 82 26
31 116 26
31 119 26
31 120 26
31 131 26
32 97 26
32 98 26
32 99 26
33 8 26
33 13 26
33 20 26
33 26 26
34 87 26
34 88 26
35 85 26
35 86 26
36 83 26
36 84 26
37 0 26
37 1 26
37 2 26
37 6 26
38 134 26
39 80 26
39 82 26
40 74 26
40 75 26
40 77 26
41 78 26
41 79 26
42 70 26
42 72 26
42 73 26
44 75 26
44 77 26
45 73 26
45 74 26
47 70 26
47 72 26
48 68 26
48 69 26
49 66 26
49 67 26
50 133 26
51 64 26
51 65 26
52 53 26
52 54 26
53 100 26
53 106 26
53 108 26
53 111 26
54 50 26
54 51 26
55 119 26
55 134 26
55 140 26
55 145 26
56 48 26
56 49 26
57 46 26
57 47 26
58 55 26
58 56 26
58 57 26
59 131 26
60 130 26
61 129 26
62 128 26
63 126 26
64 125 26
65 62 26
65 63 26
65 69 26
66 44 26
66 45 26
67 42 26
67 43 26
69 47 26
69 50 26
69 54 26
70 40 26
70 41 26
70 46 26
71 62 26
71 63 26
72 40 26
72 41 26
73 124 26
74 38 26
74 39 26
75 34 26
75 35 26
75 37 26
76 94 26
76 95 26
76 96 26
77 36 26
77 37 26
78 29 26
78 30 26
78 33 26
79 96 26
79 97 26
79 98 26
79 99 26
80 34 26
80 35 26
81 60 26
81 61 26
82 26 26
82 27 26
82 28 26
84 31 26
84 33 26
85 122 26
86 121 26
87 29 26
87 30 26
88 27 26
88 28 26
89 25 26
89 26 26
90 120 26
91 119 26
92 118 26
95 23 26
95 24 26
96 15 26
96 20 26
96 25 26
97 117 26
98 19 26
98 20 26
99 116 26
100 17 26
100 18 26
101 115 26
102 58 26
102 59 26
102 61 26
103 114 26
104 112 26
105 12 26
105 13 26
105 14 26
106 15 26
106 16 26
108 13 26
108 14 26
109 11 26
109 12 26
111 9 26
111 10 26
112 7 26
112 8 26
113 58 26
113 59 26
114 110 26
115 5 26
115 6 26
116 109 26
117 3 26
117 4 26
119 1 26
119 2 26
120 150 26
120 0 26
121 147 26
121 148 26
122 145 26
122 146 26
124 142 26
124 144 26
125 140 26
125 141 26
126 137 26
126 139 26
127 111 26
128 134 26
128 136 26
129 131 26
129 133 26
130 108 26
131 107 26
132 134 26
132 140 26
132 145 26
132 150 26
133 106 26
134 129 26
134 130 26
135 105 26
137 104 26
138 77 26
138 80 26
138 90 26
138 95 26
139 120 26
139 121 26
140 9 26
140 10 26
140 11 26
141 6 26
141 7 26
141 8 26
142 118 26
142 119 26
143 56 26
143 57 26
144 116 26
144 117 26
145 111 26
145 115 26
146 3 26
146 4 26
146 5 26
147 97 26
147 108 26
147 111 26
147 116 26
148 0 26
148 1 26
148 2 26
149 52 26
149 55 26
150 103 26
1 150 27
2 100 27
2 104 27
2 105 27
3 101 27
3 102 27
5 97 27
5 98 27
5 99 27
6 99 27
6 100 27
7 94 27
7 95 27
7 96 27
8 97 27
8 98 27
9 95 27
9 96 27
10 148 27
11 90 27
11 91 27
11 92 27
12 147 27
13 93 27
13 94 27
14 91 27
14 92 27
15 89 27
15 90 27
16 87 27
16 88 27
17 146 27
18 145 27
19 85 27
19 86 27
20 86 27
20 87 27
20 89 27
21 106 27
21 108 27
21 110 27
22 144 27
23 83 27
23 84 27
24 142 27
25 80 27
25 82 27
26 141 27
27 83 27
27 84 27
27 85 27
29 26 27
29 27 27
29 28 27
30 140 27
31 78 27
31 80 27
31 82 27
32 78 27
32 79 27
33 15 27
33 20 27
33 25 27
34 75 27
34 77 27
35 50 27
35 58 27
35 59 27
35 73 27
36 139 27
37 138 27
38 73 27
38 74 27
39 70 27
39 72 27
40 68 27
40 69 27
41 66 27
41 67 27
42 64 27
42 65 27
43 62 27
43 63 27
44 60 27
44 61 27
45 58 27
45 59 27
46 44 27
46 45 27
47 42 27
47 43 27
49 74 27
49 75 27
49 77 27
50 40 27
50 41 27
51 137 27
52 70 27
52 72 27
52 73 27
53 136 27
54 38 27
54 39 27
55 36 27
55 37 27
57 34 27
57 35 27
58 31 27
58 33 27
60 62 27
60 63 27
60 69 27
61 29 27
61 30 27
62 135 27
63 27 27
63 28 27
64 58 27
64 59 27
64 61 27
65 55 27
65 56 27
65 57 27
66 25 27
66 26 27
67 47 27
67 50 27
67 54 27
68 134 27
69 133 27
70 23 27
70 24 27
72 131 27
73 12 27
73 13 27
73 14 27
74 19 27
74 20 27
75 17 27
75 18 27
76 56 27
76 57 27
77 9 27
77 10 27
77 11 27
78 130 27
79 40 27
79 41 27
79 46 27
80 129 27
81 134 27
81 140 27
81 145 27
81 150 27
82 128 27
83 126 27
84 125 27
85 15 27
85 16 27
86 13 27
86 14 27
87 6 27
87 7 27
87 8 27
88 124 27
89 11 27
89 12 27
90 3 27
90 4 27
90 5 27
91 9 27
91 10 27
92 27 27
92 40 27
92 46 27
92 47 27
93 116 27
93 119 27
93 120 27
93 131 27
94 7 27
94 8 27
95 5 27
95 6 27
96 3 27
96 4 27
97 122 27
98 119 27
98 134 27
98 140 27
98 145 27
99 121 27
100 120 27
101 100 27
101 106 27
101 108 27
101 111 27
102 96 27
102 97 27
102 98 27
102 99 27
103 119 27
104 118 27
106 1 27
106 2 27
107 117 27
108 116 27
109 150 27
109 0 27
110 147 27
110 148 27
111 145 27
111 146 27
112 77 27
112 80 27
112 90 27
112 95 27
113 54 27
113 55 27
114 142 27
114 144 27
117 0 27
117 1 27
117 2 27
119 115 27
120 114 27
121 112 27
122 34 27
122 35 27
122 37 27
123 52 27
123 53 27
124 111 27
125 29 27
125 30 27
125 33 27
126 140 27
126 141 27
127 50 27
127 51 27
128 134 27
128 139 27
129 110 27
130 8 27
130 13 27
130 20 27
130 26 27
131 97 27
131 108 27
131 111 27
131 116 27
132 48 27
132 49 27
133 109 27
134 136 27
134 137 27
135 108 27
136 131 27
136 133 27
137 107 27
138 106 27
139 129 27
139 130 27
140 120 27
140 121 27
141 105 27
142 0 27
142 1 27
142 2 27
142 6 27
144 118 27
144 119 27
145 8 27
145 27 27
145 80 27
145 95 27
146 116 27
146 117 27
147 111 27
147 115 27
148 104 27
149 46 27
149 47 27
150 103 27
0 1 28
0 2 28
0 6 28
0 8 28
1 119 28
1 134 28
1 140 28
1 145 28
2 101 28
2 102 28
3 150 28
4 148 28
5 86 28
5 87 28
5 89 28
6 99 28
6 100 28
7 147 28
8 83 28
8 84 28
8 85 28
9 97 28
9 98 28
10 146 28
11 145 28
13 144 28
14 95 28
14 96 28
15 142 28
16 93 28
16 94 28
17 141 28
18 140 28
19 139 28
20 78 28
20 80 28
20 82 28
21 91 28
21 92 28
22 138 28
23 137 28
24 136 28
25 89 28
25 90 28
26 135 28
27 87 28
27 88 28
28 134 28
29 85 28
29 86 28
30 133 28
31 83 28
31 84 28
32 106 28
32 108 28
32 110 28
33 80 28
33 82 28
34 78 28
34 79 28
35 75 28
35 77 28
36 134 28
36 140 28
36 145 28
36 150 28
37 74 28
37 75 28
37 77 28
38 73 28
38 74 28
39 131 28
40 34 28
40 35 28
40 37 28
41 70 28
41 72 28
42 130 28
43 129 28
44 70 28
44 72 28
44 73 28
45 128 28
46 126 28
47 125 28
48 62 28
48 63 28
48 69 28
49 124 28
51 58 28
51 59 28
51 61 28
53 116 28
53 119 28
53 120 28
53 131 28
54 77 28
54 80 28
54 90 28
54 95 28
57 68 28
57 69 28
58 66 28
58 67 28
59 29 28
59 30 28
59 33 28
60 122 28
61 60 28
61 62 28
62 26 28
62 27 28
62 28 28
64 58 28
64 59 28
65 100 28
65 106 28
65 108 28
65 111 28
67 56 28
67 57 28
68 96 28
68 97 28
68 98 28
68 99 28
69 54 28
69 55 28
70 52 28
70 53 28
71 121 28
72 120 28
74 50 28
74 51 28
75 119 28
76 100 28
76 104 28
76 105 28
77 48 28
77 49 28
78 46 28
78 47 28
79 55 28
79 56 28
79 57 28
80 15 28
80 20 28
80 25 28
81 97 28
81 98 28
81 99 28
82 12 28
82 13 28
82 14 28
84 118 28
85 44 28
85 45 28
86 42 28
86 43 28
87 40 28
87 41 28
88 117 28
89 9 28
89 10 28
89 11 28
90 38 28
90 39 28
91 50 28
91 58 28
91 59 28
91 73 28
92 6 28
92 7 28
92 8 28
93 47 28
93 50 28
93 54 28
94 3 28
94 4 28
94 5 28
95 36 28
95 37 28
96 34 28
96 35 28
97 31 28
97 33 28
98 97 28
98 108 28
98 111 28
98 116 28
99 29 28
99 30 28
100 8 28
100 27 28
100 80 28
100 95 28
101 27 28
101 28 28
103 25 28
103 26 28
104 116 28
105 115 28
106 23 28
106 24 28
107 19 28
107 20 28
108 17 28
108 18 28
109 15 28
109 16 28
110 114 28
111 13 28
111 14 28
112 40 28
112 41 28
112 46 28
113 94 28
113 95 28
113 96 28
114 110 28
115 27 28
115 40 28
115 46 28
115 47 28
116 11 28
116 12 28
117 9 28
117 10 28
118 7 28
118 8 28
119 5 28
119 6 28
120 3 28
120 4 28
121 1 28
121 2 28
122 150 28
122 0 28
123 90 28
123 91 28
123 92 28
124 147 28
124 148 28
125 145 28
125 146 28
126 109 28
127 112 28
128 142 28
128 144 28
129 140 28
129 141 28
130 137 28
130 139 28
131 129 28
131 130 28
132 111 28
133 108 28
134 107 28
135 134 28
135 136 28
136 120 28
136 121 28
137 0 28
137 13 28
137 20 28
137 26 28
138 131 28
138 133 28
139 106 28
140 105 28
142 118 28
142 119 28
143 64 28
143 65 28
144 116 28
144 117 28
145 104 28
147 0 28
147 1 28
147 2 28
148 103 28
149 61 28
149 63 28
150 111 28
150 115 28
0 101 29
0 102 29
1 99 29
1 100 29
2 150 29
3 97 29
3 98 29
4 95 29
4 96 29
5 93 29
5 94 29
6 148 29
7 147 29
8 94 29
8 95 29
8 96 29
9 146 29
10 90 29
10 91 29
10 92 29
11 86 29
11 87 29
11 89 29
12 91 29
12 92 29
13 89 29
13 90 29
14 87 29
14 88 29
15 145 29
16 85 29
16 86 29
17 83 29
17 84 29
18 116 29
18 119 29
18 120 29
18 131 29
19 80 29
19 82 29
20 144 29
21 106 29
21 108 29
21 110 29
22 134 29
22 140 29
22 145 29
22 150 29
23 83 29
23 84 29
23 85 29
24 142 29
25 78 29
25 79 29
26 141 29
27 140 29
28 139 29
29 138 29
32 75 29
32 77 29
33 137 29
34 136 29
35 78 29
35 80 29
35 82 29
36 73 29
36 74 29
37 70 29
37 72 29
38 135 29
39 74 29
39 75 29
39 77 29
40 68 29
40 69 29
41 70 29
41 72 29
41 73 29
42 66 29
42 67 29
43 64 29
43 65 29
44 62 29
44 63 29
44 69 29
46 134 29
47 58 29
47 59 29
47 61 29
48 133 29
49 62 29
49 63 29
50 131 29
52 50 29
52 51 29
53 48 29
53 49 29
54 46 29
54 47 29
55 47 29
55 50 29
55 54 29
56 40 29
56 41 29
56 46 29
57 44 29
57 45 29
58 42 29
58 43 29
59 40 29
59 41 29
60 38 29
60 39 29
61 130 29
62 34 29
62 35 29
62 37 29
63 77 29
63 80 29
63 90 29
63 95 29
64 100 29
64 106 29
64 108 29
64 111 29
65 36 29
65 37 29
66 129 29
67 34 29
67 35 29
68 31 29
68 33 29
69 29 29
69 30 29
69 33 29
70 128 29
71 60 29
71 61 29
73 26 29
73 27 29
73 28 29
74 29 29
74 30 29
75 15 29
75 20 29
75 25 29
76 100 29
76 104 29
76 105 29
77 126 29
78 27 29
78 28 29
79 25 29
79 26 29
80 23 29
80 24 29
81 58 29
81 59 29
82 50 29
82 58 29
82 59 29
82 73 29
83 19 29
83 20 29
84 12 29
84 13 29
84 14 29
85 125 29
86 9 29
86 10 29
86 11 29
87 124 29
88 122 29
89 17 29
89 18 29
91 15 29
91 16 29
92 13 29
92 14 29
93 121 29
95 11 29
95 12 29
97 6 29
97 7 29
97 8 29
98 97 29
98 108 29
98 111 29
98 116 29
99 120 29
100 119 29
101 9 29
101 10 29
102 118 29
103 117 29
104 116 29
105 7 29
105 8 29
106 5 29
106 6 29
107 55 29
107 56 29
107 57 29
109 3 29
109 4 29
110 115 29
111 1 29
111 2 29
112 150 29
112 0 29
113 97 29
113 98 29
113 99 29
114 96 29
114 97 29
114 98 29
114 99 29
115 112 29
116 8 29
116 27 29
116 80 29
116 95 29
117 27 29
117 40 29
117 46 29
117 47 29
118 147 29
118 148 29
119 111 29
120 110 29
121 109 29
122 145 29
122 146 29
124 108 29
125 107 29
126 142 29
126 144 29
127 114 29
128 106 29
129 140 29
129 141 29
130 3 29
130 4 29
130 5 29
131 137 29
131 139 29
132 56 29
132 57 29
133 131 29
133 134 29
134 129 29
134 130 29
135 133 29
135 136 29
136 105 29
137 8 29
137 13 29
137 20 29
137 26 29
138 104 29
140 120 29
140 121 29
141 0 29
141 1 29
141 2 29
142 118 29
142 119 29
143 54 29
143 55 29
144 0 29
144 1 29
144 2 29
144 6 29
146 116 29
146 117 29
147 119 29
147 134 29
147 140 29
147 145 29
148 111 29
148 115 29
149 52 29
149 53 29
150 103 29
0 100 30
0 104 30
0 105 30
1 0 30
1 2 30
1 6 30
1 8 30
3 101 30
3 102 30
4 99 30
4 100 30
5 150 30
6 119 30
6 134 30
6 140 30
6 145 30
7 97 30
7 98 30
8 95 30
8 96 30
9 93 30
9 94 30
10 91 30
10 92 30
11 89 30
11 90 30
12 87 30
12 88 30
13 148 30
14 50 30
14 58 30
14 59 30
14 73 30
15 85 30
15 86 30
16 83 30
16 84 30
17 97 30
17 98 30
17 99 30
18 80 30
18 82 30
19 78 30
19 79 30
20 75 30
20 77 30
21 147 30
22 106 30
22 108 30
22 110 30
23 94 30
23 95 30
23 96 30
24 134 30
24 140 30
24 145 30
24 150 30
25 73 30
25 74 30
26 97 30
26 108 30
26 111 30
26 116 30
27 146 30
28 145 30
29 70 30
29 72 30
30 144 30
31 68 30
31 69 30
32 66 30
32 67 30
33 64 30
33 65 30
34 62 30
34 63 30
35 90 30
35 91 30
35 92 30
36 142 30
37 141 30
38 86 30
38 87 30
38 89 30
39 116 30
39 119 30
39 120 30
39 131 30
40 83 30
40 84 30
40 85 30
41 60 30
41 61 30
42 78 30
42 80 30
42 82 30
43 140 30
44 58 30
44 59 30
45 56 30
45 57 30
46 74 30
46 75 30
46 77 30
47 54 30
47 55 30
48 100 30
48 106 30
48 108 30
48 111 30
51 46 30
51 47 30
52 139 30
54 70 30
54 72 30
54 73 30
55 138 30
56 44 30
56 45 30
57 137 30
59 136 30
60 42 30
60 43 30
61 40 30
61 41 30
62 38 30
62 39 30
63 36 30
63 37 30
64 62 30
64 63 30
64 69 30
65 96 30
65 97 30
65 98 30
65 99 30
66 34 30
66 35 30
67 31 30
67 33 30
68 29 30
68 30 30
70 27 30
70 28 30
71 135 30
72 27 30
72 40 30
72 46 30
72 47 30
73 58 30
73 59 30
73 61 30
74 134 30
75 133 30
77 131 30
78 25 30
78 26 30
79 23 30
79 24 30
80 130 30
81 52 30
81 53 30
82 129 30
83 55 30
83 56 30
83 57 30
84 19 30
84 20 30
85 128 30
86 47 30
86 50 30
86 54 30
87 40 30
87 41 30
87 46 30
89 17 30
89 18 30
90 15 30
90 16 30
91 13 30
91 14 30
92 34 30
92 35 30
92 37 30
93 126 30
94 29 30
94 30 30
94 33 30
95 11 30
95 12 30
96 125 30
98 124 30
99 122 30
100 121 30
102 9 30
102 10 30
103 7 30
103 8 30
104 26 30
104 27 30
104 28 30
105 5 30
105 6 30
106 120 30
107 3 30
107 4 30
108 15 30
108 20 30
108 25 30
109 1 30
109 2 30
110 1 30
110 13 30
110 20 30
110 26 30
111 150 30
111 0 30
112 119 30
113 118 30
114 147 30
114 148 30
115 12 30
115 13 30
115 14 30
116 9 30
116 10 30
116 11 30
118 114 30
119 145 30
119 146 30
120 8 30
120 27 30
120 80 30
120 95 30
121 142 30
121 144 30
122 140 30
122 141 30
123 117 30
124 137 30
124 139 30
125 77 30
125 80 30
125 90 30
125 95 30
126 134 30
126 136 30
127 50 30
127 51 30
128 112 30
129 120 30
129 121 30
130 6 30
130 7 30
130 8 30
131 111 30
132 116 30
134 110 30
135 131 30
135 133 30
136 3 30
136 4 30
136 5 30
137 109 30
138 129 30
138 130 30
139 108 30
140 107 30
141 106 30
142 118 30
142 119 30
143 48 30
143 49 30
144 0 30
144 1 30
144 2 30
145 105 30
146 116 30
146 117 30
147 104 30
148 111 30
148 115 30
149 115 30
150 103 30
0 150 31
1 101 31
1 102 31
2 90 31
2 91 31
2 92 31
3 99 31
3 100 31
4 148 31
5 147 31
6 146 31
7 86 31
7 87 31
7 89 31
8 97 31
8 98 31
9 95 31
9 96 31
10 145 31
11 144 31
12 93 31
12 94 31
13 91 31
13 92 31
14 89 31
14 90 31
15 142 31
16 87 31
16 88 31
17 141 31
18 134 31
18 140 31
18 145 31
18 150 31
19 85 31
19 86 31
20 119 31
20 134 31
20 140 31
20 145 31
21 140 31
22 106 31
22 108 31
22 110 31
23 83 31
23 84 31
24 139 31
25 50 31
25 58 31
25 59 31
25 73 31
26 80 31
26 82 31
27 78 31
27 79 31
28 75 31
28 77 31
29 138 31
31 83 31
31 84 31
31 85 31
32 73 31
32 74 31
33 70 31
33 72 31
34 137 31
35 68 31
35 69 31
36 66 31
36 67 31
37 64 31
37 65 31
38 62 31
38 63 31
39 60 31
39 61 31
41 78 31
41 80 31
41 82 31
42 58 31
42 59 31
43 56 31
43 57 31
44 116 31
44 119 31
44 120 31
44 131 31
45 136 31
46 54 31
46 55 31
47 74 31
47 75 31
47 77 31
48 135 31
49 134 31
50 70 31
50 72 31
50 73 31
52 48 31
52 49 31
53 133 31
54 46 31
54 47 31
55 27 31
55 40 31
55 46 31
55 47 31
56 44 31
56 45 31
57 42 31
57 43 31
58 40 31
58 41 31
59 131 31
60 130 31
61 38 31
61 39 31
62 47 31
62 50 31
62 54 31
63 129 31
64 128 31
65 100 31
65 106 31
65 108 31
65 111 31
66 126 31
67 125 31
68 36 31
68 37 31
69 124 31
70 34 31
70 35 31
71 122 31
72 121 31
73 31 31
73 33 31
74 29 31
74 30 31
75 40 31
75 41 31
75 46 31
76 100 31
76 104 31
76 105 31
77 34 31
77 35 31
77 37 31
78 27 31
78 28 31
80 8 31
80 27 31
80 95 31
80 97 31
81 97 31
81 98 31
81 99 31
82 120 31
83 119 31
84 25 31
84 26 31
85 23 31
85 24 31
86 19 31
86 20 31
87 17 31
87 18 31
88 15 31
88 16 31
89 29 31
89 30 31
89 33 31
90 118 31
92 26 31
92 27 31
92 28 31
93 62 31
93 63 31
93 69 31
94 15 31
94 20 31
94 25 31
95 117 31
97 13 31
97 14 31
98 11 31
98 12 31
99 9 31
99 10 31
100 7 31
100 8 31
101 96 31
101 97 31
101 98 31
101 99 31
102 116 31
103 115 31
104 5 31
104 6 31
105 114 31
106 80 31
106 108 31
106 111 31
106 116 31
108 12 31
108 13 31
108 14 31
110 9 31
110 10 31
110 11 31
111 3 31
111 4 31
112 58 31
112 59 31
112 61 31
115 111 31
116 1 31
116 2 31
117 150 31
117 0 31
118 8 31
118 13 31
118 20 31
118 26 31
119 147 31
119 148 31
120 6 31
120 7 31
120 8 31
121 110 31
122 55 31
122 56 31
122 57 31
123 112 31
124 145 31
124 146 31
125 142 31
125 144 31
126 140 31
126 141 31
127 94 31
127 95 31
127 96 31
128 77 31
128 80 31
128 90 31
128 95 31
129 137 31
129 139 31
130 109 31
131 134 31
131 136 31
133 0 31
133 1 31
133 2 31
133 6 31
134 108 31
135 107 31
136 106 31
137 3 31
137 4 31
137 5 31
138 105 31
139 104 31
140 0 31
140 1 31
140 2 31
141 131 31
141 133 31
142 129 31
142 130 31
143 52 31
143 53 31
144 120 31
144 121 31
145 118 31
145 119 31
146 103 31
147 116 31
147 117 31
148 111 31
148 115 31
149 50 31
149 51 31
0 101 32
0 102 32
1 99 32
1 100 32
2 97 32
2 98 32
6 95 32
6 96 32
7 150 32
8 148 32
9 94 32
9 95 32
9 96 32
10 93 32
10 94 32
11 90 32
11 91 32
11 92 32
12 147 32
13 86 32
13 87 32
13 89 32
14 8 32
14 13 32
14 20 32
14 26 32
15 91 32
15 92 32
16 100 32
16 106 32
16 108 32
16 111 32
17 146 32
18 145 32
19 89 32
19 90 32
20 87 32
20 88 32
21 85 32
21 86 32
22 83 32
22 84 32
23 80 32
23 82 32
24 144 32
25 78 32
25 79 32
26 75 32
26 77 32
27 142 32
28 141 32
29 0 32
29 1 32
29 2 32
29 6 32
30 140 32
31 73 32
31 74 32
32 106 32
32 108 32
32 110 32
34 83 32
34 84 32
34 85 32
35 139 32
36 70 32
36 72 32
38 68 32
38 69 32
39 138 32
40 78 32
40 80 32
40 82 32
41 66 32
41 67 32
42 96 32
42 97 32
42 98 32
42 99 32
43 64 32
43 65 32
44 77 32
44 80 32
44 90 32
44 95 32
45 62 32
45 63 32
46 74 32
46 75 32
46 77 32
47 137 32
48 136 32
49 70 32
49 72 32
49 73 32
50 135 32
51 60 32
51 61 32
52 62 32
52 63 32
52 69 32
53 58 32
53 59 32
54 40 32
54 41 32
54 46 32
55 134 32
56 52 32
56 53 32
57 133 32
58 50 32
58 51 32
59 48 32
59 49 32
60 131 32
61 46 32
61 47 32
62 130 32
63 34 32
63 35 32
63 37 32
64 50 32
64 58 32
64 59 32
64 73 32
65 129 32
66 44 32
66 45 32
67 42 32
67 43 32
68 40 32
68 41 32
69 128 32
70 38 32
70 39 32
71 100 32
71 104 32
71 105 32
72 126 32
73 29 32
73 30 32
73 33 32
74 125 32
75 36 32
75 37 32
76 56 32
76 57 32
77 34 32
77 35 32
78 31 32
78 33 32
79 29 32
79 30 32
80 27 32
80 28 32
81 134 32
81 140 32
81 145 32
81 150 32
82 124 32
83 25 32
83 26 32
84 26 32
84 27 32
84 28 32
85 15 32
85 20 32
85 25 32
86 122 32
87 12 32
87 13 32
87 14 32
88 121 32
90 23 32
90 24 32
91 120 32
92 119 32
93 19 32
93 20 32
94 9 32
94 10 32
94 11 32
95 118 32
96 117 32
97 116 32
98 17 32
98 18 32
100 15 32
100 16 32
101 58 32
101 59 32
101 61 32
102 115 32
103 55 32
103 56 32
103 57 32
104 114 32
105 13 32
105 14 32
107 112 32
108 111 32
109 108 32
111 11 32
111 12 32
113 54 32
113 55 32
114 9 32
114 10 32
115 7 32
115 8 32
116 107 32
117 5 32
117 6 32
118 3 32
118 4 32
119 8 32
119 27 32
119 80 32
119 95 32
120 6 32
120 7 32
120 8 32
121 3 32
121 4 32
121 5 32
122 1 32
122 2 32
124 150 32
124 0 32
125 106 32
126 147 32
126 148 32
127 97 32
127 98 32
127 99 32
128 145 32
128 146 32
129 119 32
129 134 32
129 140 32
129 145 32
130 97 32
130 108 32
130 111 32
130 116 32
131 142 32
131 144 32
132 110 32
133 140 32
133 141 32
135 27 32
135 40 32
135 46 32
135 47 32
136 137 32
136 139 32
137 134 32
137 136 32
138 47 32
138 50 32
138 54 32
139 131 32
139 133 32
140 105 32
141 129 32
141 130 32
142 120 32
142 121 32
143 109 32
144 104 32
145 118 32
145 119 32
146 0 32
146 1 32
146 2 32
147 103 32
148 116 32
148 117 32
149 116 32
149 119 32
149 120 32
149 131 32
150 111 32
150 115 32
1 101 33
1 102 33
2 99 33
2 100 33
3 150 33
4 0 33
4 1 33
4 2 33
4 6 33
5 97 33
5 98 33
6 95 33
6 96 33
7 148 33
8 147 33
10 93 33
10 94 33
11 91 33
11 92 33
12 89 33
12 90 33
13 90 33
13 91 33
13 92 33
14 146 33
15 87 33
15 88 33
16 145 33
17 144 33
18 134 33
18 140 33
18 145 33
18 150 33
19 85 33
19 86 33
20 8 33
20 27 33
20 80 33
20 95 33
21 83 33
21 84 33
22 106 33
22 108 33
22 110 33
23 116 33
23 119 33
23 120 33
23 131 33
24 80 33
24 82 33
25 78 33
25 79 33
26 75 33
26 77 33
27 142 33
28 141 33
29 73 33
29 74 33
30 140 33
31 139 33
32 138 33
33 70 33
33 72 33
34 68 33
34 69 33
35 137 33
36 100 33
36 106 33
36 108 33
36 111 33
37 66 33
37 67 33
38 136 33
39 86 33
39 87 33
39 89 33
40 64 33
40 65 33
41 62 33
41 63 33
42 135 33
43 134 33
44 60 33
44 61 33
45 96 33
45 97 33
45 98 33
45 99 33
46 58 33
46 59 33
47 133 33
48 131 33
49 83 33
49 84 33
49 85 33
50 56 33
50 57 33
51 50 33
51 52 33
52 48 33
52 49 33
53 46 33
53 47 33
54 130 33
55 129 33
56 119 33
56 134 33
56 140 33
56 145 33
57 97 33
57 108 33
57 111 33
57 116 33
58 128 33
59 44 33
59 45 33
60 77 33
60 80 33
60 90 33
60 95 33
61 126 33
62 55 33
62 56 33
62 57 33
63 47 33
63 50 33
63 54 33
64 78 33
64 80 33
64 82 33
65 42 33
65 43 33
66 40 33
66 41 33
67 50 33
67 58 33
67 59 33
67 73 33
68 38 33
68 39 33
69 40 33
69 41 33
69 46 33
70 36 33
70 37 33
71 100 33
71 104 33
71 105 33
72 34 33
72 35 33
72 37 33
73 34 33
73 35 33
74 31 33
74 33 33
75 125 33
76 97 33
76 98 33
76 99 33
77 29 33
77 30 33
78 124 33
79 27 33
79 28 33
80 122 33
81 54 33
81 55 33
82 121 33
83 120 33
84 29 33
84 30 33
84 33 33
85 25 33
85 26 33
87 23 33
87 24 33
88 19 33
88 20 33
89 17 33
89 18 33
90 26 33
90 27 33
90 28 33
91 15 33
91 16 33
92 13 33
92 14 33
93 11 33
93 12 33
95 119 33
96 118 33
97 117 33
98 9 33
98 10 33
99 15 33
99 20 33
99 25 33
100 12 33
100 13 33
100 14 33
101 74 33
101 75 33
101 77 33
102 70 33
102 72 33
102 73 33
103 116 33
104 9 33
104 10 33
104 11 33
105 7 33
105 8 33
106 115 33
107 27 33
107 40 33
107 46 33
107 47 33
108 5 33
108 6 33
109 62 33
109 63 33
109 69 33
110 3 33
110 4 33
111 114 33
113 112 33
114 1 33
114 2 33
115 111 33
116 150 33
116 0 33
117 147 33
117 148 33
118 145 33
118 146 33
119 110 33
121 6 33
121 7 33
121 8 33
122 8 33
122 13 33
122 20 33
122 26 33
124 109 33
126 58 33
126 59 33
126 61 33
127 94 33
127 95 33
127 96 33
128 142 33
128 144 33
129 140 33
129 141 33
131 108 33
132 51 33
132 53 33
133 137 33
133 139 33
134 131 33
134 133 33
135 134 33
135 136 33
136 129 33
136 130 33
137 3 33
137 4 33
137 5 33
138 107 33
140 120 33
140 121 33
141 118 33
141 119 33
142 116 33
142 117 33
144 106 33
145 105 33
146 0 33
146 1 33
146 2 33
147 104 33
148 111 33
148 115 33
150 103 33
