85 7 0
125 6 0
70 133 2
150 113 2
2 104 16
44 103 16
41 102 17
114 101 17
51 104 21
67 103 21
29 102 24
79 101 24
5 150 32
11 122 32
17 121 32
20 112 32
36 93 32
85 91 32
146 76 32
147 49 32
111 133 37
122 113 37
72 102 38
110 101 38
119 7 39
133 6 39
125 102 40
136 101 40
24 102 41
46 101 41
15 95 42
15 109 42
23 67 42
23 72 42
28 61 42
28 66 42
46 142 42
50 57 42
50 60 42
60 141 42
62 12 42
62 13 42
63 134 42
80 120 42
80 134 42
92 118 42
92 119 42
97 120 42
100 119 42
113 114 42
113 117 42
116 118 42
122 117 42
128 60 42
128 61 42
129 114 42
133 12 42
133 13 42
135 111 42
141 110 42
0 7 43
95 6 43
39 133 44
123 113 44
72 133 45
85 113 45
7 102 47
32 101 47
7 77 48
7 78 48
14 100 48
29 16 48
29 17 48
31 47 48
31 48 48
33 34 48
33 35 48
37 99 48
52 82 48
53 29 48
53 32 48
61 16 48
61 17 48
75 99 48
75 100 48
95 77 48
95 78 48
126 81 48
136 47 48
136 48 48
146 34 48
146 35 48
36 82 50
59 81 50
69 7 51
129 6 51
6 7 53
54 6 53
55 82 54
146 81 54
27 13 55
117 12 55
3 34 57
3 36 57
15 143 57
16 142 57
19 138 57
23 128 57
24 116 57
25 115 57
26 15 57
26 33 57
27 102 57
32 13 57
32 14 57
38 8 57
38 11 57
39 101 57
44 2 57
44 5 57
47 138 57
47 0 57
52 96 57
57 78 57
57 128 57
58 95 57
59 82 57
72 78 57
73 40 57
74 39 57
81 77 57
84 74 57
94 55 57
94 77 57
98 14 57
98 36 57
112 73 57
115 0 57
115 5 57
121 64 57
135 63 57
146 55 57
148 11 57
148 13 57
51 7 59
103 6 59
9 19 62
9 20 62
14 67 62
29 66 62
50 66 62
50 67 62
53 64 62
140 39 62
42 7 63
109 6 63
4 139 67
5 138 67
7 137 67
44 97 67
44 98 67
45 133 67
66 64 67
66 65 67
74 137 67
74 138 67
85 114 67
86 113 67
95 107 67
119 113 67
119 114 67
128 101 67
89 7 68
145 6 68
22 13 69
67 12 69
1 13 70
121 12 70
27 13 71
48 12 71
17 7 73
18 6 73
2 143 74
3 142 74
5 66 74
5 73 74
13 59 74
13 60 74
15 128 74
19 126 74
21 124 74
22 120 74
23 55 74
23 56 74
31 110 74
32 109 74
33 73 74
33 74 74
42 43 74
42 51 74
48 103 74
51 43 74
51 66 74
59 95 74
62 33 74
62 38 74
71 31 74
71 32 74
75 27 74
75 30 74
76 94 74
77 91 74
83 31 74
83 38 74
84 10 74
84 20 74
85 1 74
85 9 74
89 1 74
89 9 74
95 76 74
99 90 74
101 85 74
102 124 74
102 126 74
111 83 74
114 82 74
118 85 74
118 109 74
124 74 74
127 81 74
128 10 74
128 30 74
130 81 74
130 82 74
149 76 74
149 79 74
150 79 74
61 133 75
106 113 75
14 133 76
63 113 76
20 102 77
62 101 77
6 104 78
80 103 78
1 150 79
42 122 79
59 121 79
69 112 79
79 93 79
81 91 79
86 76 79
104 49 79
1 82 80
1 83 80
3 76 80
3 77 80
11 149 80
13 148 80
16 147 80
16 148 80
20 147 80
21 142 80
24 139 80
24 140 80
25 8 80
25 36 80
25 56 80
25 62 80
25 19 80
29 129 80
29 130 80
33 141 80
36 140 80
42 139 80
43 134 80
44 71 80
44 74 80
47 68 80
47 69 80
49 65 80
49 66 80
50 62 80
50 64 80
52 133 80
55 59 80
55 60 80
58 121 80
58 122 80
60 111 80
60 112 80
61 56 80
61 58 80
63 130 80
64 129 80
67 122 80
68 8 80
68 29 80
68 31 80
68 36 80
69 99 80
69 108 80
70 121 80
71 93 80
71 96 80
73 43 80
73 46 80
74 119 80
75 117 80
76 116 80
81 36 80
81 38 80
85 112 80
89 111 80
91 31 80
91 32 80
98 108 80
100 89 80
100 90 80
105 82 80
105 85 80
106 96 80
110 28 80
110 29 80
112 64 80
112 69 80
114 24 80
114 27 80
115 8 80
115 36 80
115 56 80
115 62 80
115 16 80
117 94 80
121 8 80
121 36 80
121 23 80
121 24 80
122 93 80
123 106 80
124 105 80
126 21 80
126 23 80
130 58 80
130 62 80
131 16 80
131 19 80
133 90 80
136 101 80
138 11 80
138 14 80
139 43 80
139 56 80
140 89 80
142 74 80
142 77 80
145 100 80
146 8 80
146 9 80
149 85 80
150 99 80
1 104 81
48 103 81
0 77 82
0 78 82
4 47 82
4 48 82
9 34 82
9 35 82
24 29 82
24 32 82
26 16 82
26 17 82
44 99 82
44 100 82
60 77 82
60 78 82
99 81 82
106 100 82
108 47 82
108 48 82
109 99 82
137 82 82
140 34 82
140 35 82
141 16 82
141 17 82
70 102 83
127 101 83
97 7 85
98 6 85
79 130 86
144 115 86
61 7 87
114 6 87
8 102 88
61 101 88
82 67 89
106 66 89
119 64 89
126 19 89
126 20 89
131 39 89
150 66 89
150 67 89
107 133 90
140 113 90
5 7 91
38 6 91
74 7 92
106 6 92
29 150 93
32 122 93
36 121 93
45 112 93
72 93 93
120 91 93
134 76 93
150 49 93
0 149 95
2 74 95
2 75 95
6 1 95
6 2 95
8 148 95
11 148 95
11 149 95
12 132 95
12 139 95
16 126 95
16 128 95
19 71 95
19 73 95
21 143 95
25 67 95
25 69 95
29 142 95
32 139 95
33 134 95
34 122 95
34 125 95
35 133 95
37 132 95
44 61 95
44 62 95
47 130 95
48 128 95
50 120 95
50 121 95
52 11 95
52 29 95
52 30 95
58 126 95
59 114 95
59 115 95
61 106 95
61 113 95
66 125 95
67 95 95
67 97 95
75 122 95
76 121 95
78 87 95
78 94 95
79 57 95
79 59 95
81 120 95
81 126 95
81 8 95
86 73 95
86 75 95
88 120 95
92 115 95
95 34 95
95 71 95
96 114 95
99 113 95
100 111 95
101 50 95
101 51 95
102 106 95
103 37 95
103 39 95
106 83 95
107 97 95
108 95 95
111 82 95
118 32 95
118 34 95
119 94 95
122 81 95
124 89 95
127 29 95
127 30 95
128 78 95
129 21 95
129 24 95
130 82 95
130 86 95
131 87 95
134 77 95
136 16 95
136 17 95
137 11 95
137 12 95
143 77 95
143 81 95
144 86 95
145 8 95
145 10 95
146 84 95
150 3 95
150 6 95
0 142 96
16 141 96
20 95 96
20 109 96
23 67 96
23 72 96
28 134 96
44 61 96
44 66 96
79 120 96
82 119 96
86 118 96
87 117 96
93 114 96
98 57 96
98 60 96
111 12 96
111 13 96
116 12 96
116 13 96
119 110 96
123 120 96
123 134 96
125 111 96
130 118 96
130 119 96
139 114 96
139 117 96
147 60 96
147 61 96
131 130 97
146 115 97
115 104 98
136 103 98
4 79 99
4 81 99
6 74 99
6 78 99
18 64 99
18 65 99
21 10 99
21 11 99
29 131 99
35 46 99
35 48 99
38 22 99
38 25 99
48 125 99
52 20 99
52 21 99
53 124 99
65 20 99
65 21 99
67 10 99
67 11 99
89 120 99
93 117 99
102 114 99
102 117 99
112 84 99
112 90 99
113 114 99
122 79 99
122 81 99
130 74 99
130 78 99
138 90 99
140 84 99
145 46 99
145 48 99
3 20 100
3 21 100
17 14 100
25 146 100
33 145 100
34 122 100
38 9 100
38 11 100
53 121 100
54 83 100
66 75 100
73 65 100
74 56 100
82 44 100
100 42 100
120 21 100
121 12 100
128 20 100
134 3 100
134 5 100
135 17 100
136 15 100
148 65 100
148 75 100
9 142 101
12 13 101
12 60 101
22 95 101
22 109 101
31 141 101
34 67 101
34 72 101
49 61 101
49 66 101
53 134 101
54 120 101
57 114 101
57 117 101
68 119 101
72 12 101
72 61 101
78 118 101
79 117 101
87 57 101
87 60 101
95 114 101
102 12 101
102 13 101
114 110 101
130 120 101
130 134 101
140 118 101
140 119 101
146 111 101
3 56 102
3 69 102
9 148 102
16 54 102
16 55 102
18 50 102
18 51 102
19 44 102
19 45 102
27 145 102
28 144 102
30 135 102
41 36 102
41 39 102
42 31 102
42 34 102
46 130 102
50 89 102
50 121 102
51 129 102
54 72 102
54 88 102
56 124 102
59 24 102
59 25 102
65 122 102
69 121 102
75 114 102
76 96 102
79 11 102
79 15 102
80 2 102
80 10 102
81 144 102
81 145 102
86 130 102
86 135 102
88 51 102
88 54 102
89 88 102
90 55 102
90 69 102
92 77 102
93 95 102
94 73 102
101 94 102
102 122 102
102 129 102
103 92 102
119 91 102
124 72 102
126 90 102
128 89 102
129 15 102
129 50 102
130 10 102
130 11 102
148 71 102
5 150 103
16 122 103
35 121 103
42 112 103
77 93 103
126 91 103
132 76 103
147 49 103
16 7 104
118 6 104
2 107 105
2 108 105
6 99 105
6 103 105
9 95 105
9 98 105
11 91 105
11 93 105
12 150 105
13 149 105
15 148 105
17 89 105
17 90 105
20 17 105
20 18 105
21 147 105
22 87 105
22 88 105
23 14 105
23 16 105
25 7 105
25 9 105
25 10 105
26 6 105
26 33 105
26 37 105
28 10 105
28 12 105
29 7 105
29 9 105
30 4 105
30 6 105
35 146 105
38 0 105
38 3 105
40 149 105
40 150 105
42 145 105
42 146 105
43 85 105
43 86 105
44 76 105
44 83 105
45 74 105
45 75 105
47 145 105
48 140 105
48 141 105
49 141 105
50 140 105
51 137 105
52 71 105
52 73 105
53 69 105
53 70 105
54 67 105
54 68 105
55 134 105
56 130 105
56 134 105
57 133 105
58 63 105
58 66 105
62 130 105
63 116 105
63 117 105
64 128 105
66 113 105
66 115 105
67 149 105
67 0 105
67 6 105
69 110 105
69 111 105
70 98 105
70 99 105
71 93 105
71 95 105
72 57 105
72 60 105
73 127 105
75 121 105
76 75 105
76 83 105
81 49 105
81 56 105
82 47 105
82 48 105
84 117 105
85 71 105
85 74 105
88 69 105
88 70 105
90 67 105
90 68 105
91 60 105
91 63 105
92 42 105
92 46 105
95 49 105
95 56 105
96 35 105
96 36 105
96 37 105
97 116 105
98 76 105
98 85 105
98 87 105
99 26 105
99 63 105
99 70 105
100 115 105
101 40 105
101 41 105
103 90 105
103 91 105
106 37 105
106 38 105
109 35 105
109 36 105
111 113 105
112 88 105
112 89 105
114 32 105
114 33 105
115 111 105
117 110 105
120 31 105
120 32 105
120 33 105
122 30 105
122 31 105
124 26 105
124 28 105
124 29 105
126 28 105
126 29 105
134 47 105
134 48 105
135 18 105
135 23 105
135 25 105
136 26 105
136 27 105
138 112 105
139 12 105
139 16 105
139 17 105
140 42 105
140 46 105
141 38 105
141 40 105
142 23 105
142 25 105
144 20 105
144 21 105
147 86 105
147 87 105
148 76 105
148 85 105
22 150 106
43 122 106
92 121 106
101 112 106
102 93 106
110 91 106
139 76 106
143 49 106
37 104 107
92 103 107
0 146 108
4 145 108
7 9 108
7 11 108
12 20 108
12 21 108
15 17 108
23 3 108
23 5 108
25 122 108
33 121 108
41 83 108
43 75 108
64 65 108
75 14 108
83 12 108
85 56 108
92 65 108
92 75 108
93 44 108
114 42 108
116 21 108
137 20 108
144 15 108
3 56 109
3 69 109
4 148 109
5 54 109
5 55 109
6 145 109
9 50 109
9 51 109
10 144 109
24 135 109
26 130 109
32 44 109
32 45 109
33 36 109
33 39 109
37 31 109
37 34 109
42 129 109
46 24 109
46 25 109
51 124 109
53 11 109
53 15 109
61 122 109
65 121 109
66 114 109
70 96 109
72 73 109
75 2 109
75 10 109
78 95 109
80 94 109
81 92 109
86 144 109
86 145 109
99 91 109
102 130 109
102 135 109
111 122 109
111 129 109
113 90 109
114 55 109
114 69 109
122 15 109
122 50 109
124 51 109
124 54 109
125 89 109
129 10 109
129 11 109
132 89 109
132 121 109
133 88 109
135 71 109
137 77 109
138 72 109
138 88 109
146 72 109
75 7 110
127 6 110
8 7 111
143 6 111
1 48 113
1 50 113
1 100 113
4 149 113
5 146 113
8 128 113
8 139 113
11 143 113
14 105 113
14 127 113
15 140 113
21 101 113
21 104 113
25 66 113
25 69 113
27 139 113
30 64 113
30 65 113
35 134 113
37 130 113
38 59 113
38 62 113
41 129 113
42 128 113
43 127 113
44 126 113
47 52 113
47 56 113
48 83 113
48 100 113
50 124 113
51 14 113
51 15 113
51 18 113
54 48 113
54 50 113
55 8 113
55 12 113
55 13 113
56 123 113
57 119 113
59 50 113
59 52 113
64 118 113
68 42 113
68 45 113
69 115 113
70 112 113
77 105 113
80 77 113
82 104 113
83 40 113
83 48 113
84 39 113
84 40 113
85 101 113
85 1 113
85 3 113
86 33 113
86 37 113
89 76 113
90 101 113
93 18 113
93 21 113
99 100 113
100 72 113
102 96 113
106 16 113
106 17 113
108 92 113
109 14 113
109 15 113
113 89 113
114 12 113
114 13 113
116 88 113
119 71 113
119 80 113
120 8 113
120 9 113
122 2 113
122 3 113
123 71 113
128 37 113
128 39 113
130 59 113
130 62 113
131 85 113
133 83 113
136 149 113
136 1 113
137 80 113
141 140 113
141 143 113
74 7 114
143 6 114
3 107 115
3 108 115
4 99 115
4 103 115
5 95 115
5 98 115
9 150 115
10 91 115
10 93 115
11 89 115
11 90 115
12 87 115
12 88 115
13 149 115
15 85 115
15 86 115
21 17 115
21 18 115
28 14 115
28 16 115
29 148 115
30 10 115
30 12 115
32 7 115
32 9 115
34 76 115
34 83 115
38 4 115
38 6 115
39 74 115
39 75 115
40 0 115
40 3 115
41 149 115
41 150 115
42 145 115
42 146 115
44 71 115
44 73 115
45 147 115
48 146 115
49 140 115
49 141 115
51 35 115
51 36 115
51 37 115
52 69 115
52 70 115
53 67 115
53 68 115
56 130 115
56 134 115
57 116 115
57 117 115
58 145 115
61 63 115
61 66 115
62 141 115
64 57 115
64 60 115
65 49 115
65 56 115
66 113 115
66 115 115
67 110 115
67 111 115
68 98 115
68 99 115
69 93 115
69 95 115
70 90 115
70 91 115
71 140 115
72 47 115
72 48 115
74 137 115
75 134 115
76 75 115
76 83 115
77 42 115
77 46 115
78 133 115
79 40 115
79 41 115
80 37 115
80 38 115
81 35 115
81 36 115
82 130 115
83 128 115
84 31 115
84 32 115
84 33 115
86 71 115
86 74 115
87 37 115
87 63 115
87 70 115
88 69 115
88 70 115
90 67 115
90 68 115
96 32 115
96 33 115
104 127 115
108 121 115
109 117 115
110 60 115
110 63 115
111 49 115
111 56 115
112 88 115
112 89 115
113 47 115
113 48 115
114 116 115
115 7 115
115 9 115
115 10 115
116 112 115
117 42 115
117 46 115
118 115 115
119 26 115
119 28 115
119 29 115
120 30 115
120 31 115
123 18 115
123 23 115
123 25 115
126 28 115
126 29 115
128 111 115
129 26 115
129 27 115
130 149 115
130 0 115
130 6 115
135 23 115
135 25 115
138 113 115
140 38 115
140 40 115
141 76 115
141 85 115
141 87 115
143 20 115
143 21 115
144 12 115
144 16 115
144 17 115
146 110 115
147 86 115
147 87 115
148 76 115
148 85 115
149 6 115
149 26 115
149 33 115
2 146 116
3 145 116
8 122 116
11 121 116
17 12 116
28 9 116
28 11 116
30 3 116
30 5 116
32 83 116
41 75 116
55 65 116
69 56 116
70 44 116
73 65 116
73 75 116
84 42 116
85 21 116
96 20 116
134 17 116
139 15 116
143 14 116
148 20 116
148 21 116
25 146 117
30 9 117
30 11 117
32 145 117
37 122 117
39 121 117
50 83 117
68 75 117
79 65 117
83 20 117
83 21 117
92 3 117
92 5 117
95 56 117
106 44 117
111 42 117
118 21 117
123 20 117
124 17 117
130 15 117
138 65 117
138 75 117
144 14 117
145 12 117
0 103 118
0 105 118
4 150 118
5 101 118
5 102 118
7 148 118
8 98 118
8 100 118
10 95 118
10 96 118
13 93 118
13 94 118
14 147 118
15 91 118
15 92 118
16 89 118
16 90 118
18 87 118
18 88 118
19 81 118
19 83 118
21 78 118
21 79 118
23 73 118
23 75 118
29 71 118
29 72 118
30 22 118
30 26 118
31 100 118
31 102 118
31 119 118
31 123 118
32 19 118
32 20 118
36 17 118
36 18 118
37 146 118
38 15 118
38 16 118
40 145 118
41 68 118
41 69 118
43 67 118
43 73 118
43 87 118
43 89 118
44 142 118
45 8 118
45 12 118
47 141 118
48 4 118
48 5 118
50 66 118
50 67 118
52 1 118
52 3 118
54 63 118
54 64 118
55 140 118
56 138 118
57 15 118
57 16 118
57 17 118
57 20 118
58 38 118
58 40 118
58 43 118
59 148 118
59 150 118
60 59 118
60 61 118
62 53 118
62 58 118
63 133 118
64 146 118
64 147 118
66 142 118
66 145 118
67 48 118
67 73 118
67 100 118
67 102 118
68 130 118
68 132 118
69 132 118
70 61 118
70 63 118
70 67 118
72 119 118
72 123 118
73 115 118
73 117 118
74 130 118
76 51 118
76 52 118
77 53 118
77 58 118
77 59 118
78 128 118
80 127 118
85 124 118
86 4 118
86 5 118
86 8 118
86 12 118
87 111 118
87 112 118
88 35 118
88 36 118
88 37 118
89 30 118
89 31 118
89 32 118
90 106 118
90 110 118
92 91 118
92 93 118
93 89 118
93 90 118
96 103 118
96 105 118
97 47 118
97 48 118
98 5 118
98 40 118
98 48 118
98 61 118
99 45 118
99 48 118
99 52 118
101 123 118
102 122 118
103 121 118
104 120 118
107 43 118
107 45 118
108 40 118
108 42 118
112 119 118
113 38 118
113 39 118
115 87 118
115 88 118
117 81 118
117 83 118
119 112 118
120 132 118
120 142 118
120 1 118
120 3 118
121 101 118
121 102 118
122 98 118
122 100 118
123 78 118
123 79 118
125 36 118
125 37 118
129 34 118
129 35 118
130 111 118
131 31 118
131 32 118
135 27 118
135 30 118
138 92 118
138 95 118
142 73 118
142 75 118
143 117 118
146 69 118
146 72 118
147 119 118
147 123 118
147 132 118
147 142 118
148 110 118
149 115 118
150 106 118
6 149 119
7 74 119
7 75 119
9 148 119
10 3 119
10 6 119
12 1 119
12 2 119
19 143 119
22 142 119
25 71 119
25 73 119
29 148 119
29 149 119
30 132 119
30 139 119
31 67 119
31 69 119
33 61 119
33 62 119
35 57 119
35 59 119
39 139 119
41 134 119
45 133 119
49 50 119
49 51 119
52 132 119
54 37 119
54 39 119
57 126 119
57 128 119
58 130 119
59 122 119
59 125 119
60 128 119
62 126 119
64 125 119
65 122 119
69 120 119
69 121 119
70 121 119
71 120 119
74 114 119
74 115 119
76 115 119
79 32 119
79 34 119
83 114 119
87 94 119
87 95 119
89 120 119
89 126 119
89 8 119
91 29 119
91 30 119
95 82 119
95 86 119
96 113 119
99 21 119
99 24 119
100 111 119
102 106 119
104 97 119
106 84 119
109 95 119
113 83 119
115 77 119
115 81 119
118 94 119
119 11 119
119 29 119
119 30 119
122 82 119
128 81 119
129 16 119
129 17 119
132 78 119
134 106 119
134 113 119
136 11 119
136 12 119
139 73 119
139 75 119
140 89 119
141 87 119
142 77 119
143 87 119
143 97 119
144 8 119
144 10 119
145 86 119
149 34 119
149 71 119
0 149 120
2 146 120
6 66 120
6 69 120
9 143 120
10 64 120
10 65 120
12 101 120
12 1 120
12 3 120
13 101 120
13 104 120
14 140 120
17 139 120
21 134 120
25 59 120
25 62 120
36 130 120
38 129 120
41 52 120
41 56 120
42 128 120
43 127 120
45 126 120
46 124 120
47 123 120
52 48 120
52 50 120
52 100 120
53 119 120
56 118 120
57 48 120
57 50 120
58 115 120
59 40 120
59 48 120
66 83 120
66 100 120
72 71 120
72 80 120
73 42 120
73 45 120
74 39 120
74 40 120
76 112 120
78 105 120
80 37 120
80 39 120
82 104 120
83 101 120
88 85 120
89 8 120
89 12 120
89 13 120
91 33 120
91 37 120
95 100 120
100 83 120
102 96 120
109 18 120
109 21 120
110 16 120
110 17 120
114 14 120
114 15 120
114 18 120
117 14 120
117 15 120
119 59 120
119 62 120
120 92 120
121 12 120
121 13 120
122 8 120
122 9 120
125 2 120
125 3 120
128 80 120
129 50 120
129 52 120
132 89 120
133 149 120
133 1 120
134 77 120
136 140 120
136 143 120
139 76 120
140 72 120
142 88 120
144 128 120
144 139 120
148 105 120
148 127 120
149 71 120
6 132 121
6 139 121
7 74 121
7 75 121
10 126 121
10 128 121
11 149 121
15 71 121
15 73 121
16 148 121
17 122 121
17 125 121
19 67 121
19 69 121
21 143 121
22 142 121
23 139 121
25 61 121
25 62 121
27 134 121
30 133 121
31 132 121
32 120 121
32 121 121
33 130 121
34 114 121
34 115 121
39 128 121
41 57 121
41 59 121
42 126 121
43 125 121
44 50 121
44 51 121
45 37 121
45 39 121
46 32 121
46 34 121
49 29 121
49 30 121
55 21 121
55 24 121
57 106 121
57 113 121
58 122 121
59 95 121
59 97 121
62 87 121
62 94 121
63 121 121
65 120 121
66 115 121
70 114 121
72 16 121
72 17 121
74 113 121
78 111 121
80 106 121
81 82 121
81 86 121
84 83 121
87 11 121
87 29 121
87 30 121
90 97 121
92 11 121
92 12 121
95 82 121
101 8 121
101 10 121
104 3 121
104 6 121
107 95 121
108 94 121
115 77 121
115 81 121
117 89 121
119 87 121
120 81 121
127 1 121
127 2 121
128 73 121
128 75 121
131 86 121
133 78 121
135 148 121
135 149 121
139 77 121
147 84 121
148 34 121
148 71 121
149 120 121
149 126 121
149 8 121
0 149 122
3 148 122
3 149 122
7 148 122
9 74 122
9 75 122
14 71 122
14 73 122
18 67 122
18 69 122
23 143 122
24 142 122
25 139 122
26 134 122
30 132 122
30 139 122
32 126 122
32 128 122
33 133 122
35 132 122
37 122 122
37 125 122
38 61 122
38 62 122
42 130 122
44 57 122
44 59 122
45 128 122
46 126 122
48 50 122
48 51 122
62 120 122
62 121 122
63 37 122
63 39 122
64 32 122
64 34 122
65 125 122
69 120 122
69 126 122
69 8 122
72 122 122
73 121 122
74 114 122
74 115 122
75 106 122
75 113 122
79 29 122
79 30 122
80 120 122
81 115 122
83 114 122
86 84 122
87 82 122
87 86 122
90 21 122
90 24 122
91 16 122
91 17 122
92 11 122
92 12 122
95 83 122
96 113 122
97 77 122
97 81 122
98 111 122
106 82 122
107 106 122
109 8 122
109 10 122
110 97 122
113 73 122
113 75 122
117 95 122
118 3 122
118 6 122
120 34 122
120 71 122
124 94 122
127 89 122
130 81 122
133 95 122
133 97 122
134 78 122
135 11 122
135 29 122
135 30 122
136 87 122
138 86 122
139 77 122
140 1 122
140 2 122
143 87 122
143 94 122
0 150 123
1 117 123
1 118 123
2 149 123
3 115 123
3 116 123
5 113 123
5 114 123
6 111 123
6 112 123
7 4 123
7 6 123
7 8 123
7 9 123
8 108 123
8 110 123
9 106 123
9 107 123
10 103 123
10 104 123
11 101 123
11 102 123
12 19 123
12 20 123
12 23 123
12 24 123
13 98 123
13 99 123
14 1 123
14 4 123
14 7 123
14 8 123
15 95 123
15 97 123
17 93 123
17 94 123
18 91 123
18 92 123
20 84 123
20 85 123
20 86 123
21 148 123
22 89 123
22 90 123
24 86 123
24 87 123
25 81 123
25 82 123
25 83 123
26 84 123
26 85 123
27 82 123
27 83 123
28 0 123
28 1 123
28 2 123
28 3 123
29 80 123
29 81 123
30 78 123
30 79 123
30 80 123
31 78 123
31 79 123
32 75 123
32 76 123
32 77 123
33 76 123
33 77 123
34 74 123
34 75 123
35 114 123
35 145 123
35 147 123
35 149 123
36 147 123
37 102 123
37 103 123
37 108 123
37 112 123
39 72 123
39 73 123
40 72 123
40 73 123
40 74 123
42 70 123
42 71 123
43 79 123
43 80 123
43 91 123
43 99 123
44 68 123
44 69 123
45 65 123
45 66 123
46 146 123
47 46 123
47 48 123
48 44 123
48 45 123
49 77 123
49 99 123
49 51 123
49 54 123
49 56 123
49 58 123
50 42 123
50 43 123
52 68 123
52 69 123
52 71 123
53 7 123
53 14 123
53 15 123
53 17 123
54 40 123
54 41 123
55 145 123
56 108 123
56 114 123
56 145 123
56 147 123
57 69 123
57 76 123
57 77 123
57 78 123
58 143 123
59 37 123
59 39 123
60 77 123
60 79 123
60 80 123
60 99 123
61 58 123
61 59 123
61 60 123
62 35 123
62 36 123
63 33 123
63 34 123
64 55 123
64 56 123
64 57 123
65 141 123
66 31 123
66 32 123
68 28 123
68 30 123
71 24 123
71 25 123
72 22 123
72 23 123
73 51 123
73 52 123
73 54 123
75 19 123
75 20 123
76 17 123
76 18 123
77 140 123
78 77 123
78 99 123
78 1 123
78 8 123
78 19 123
78 44 123
80 14 123
80 15 123
81 137 123
82 47 123
82 49 123
82 50 123
84 9 123
84 10 123
85 58 123
85 59 123
85 60 123
85 68 123
86 42 123
86 43 123
86 44 123
87 7 123
87 8 123
88 63 123
88 64 123
89 5 123
89 6 123
90 3 123
90 4 123
93 1 123
93 2 123
94 150 123
94 0 123
95 134 123
96 61 123
96 62 123
97 47 123
97 51 123
97 54 123
97 56 123
99 147 123
99 149 123
100 59 123
100 60 123
102 133 123
103 145 123
103 146 123
104 141 123
104 143 123
105 57 123
105 58 123
107 134 123
107 137 123
108 132 123
108 133 123
109 132 123
110 130 123
110 131 123
111 131 123
112 130 123
113 128 123
113 129 123
116 129 123
117 39 123
117 40 123
117 41 123
118 61 123
118 64 123
118 65 123
119 128 123
120 125 123
120 126 123
121 126 123
122 123 123
122 124 123
123 125 123
124 121 123
124 122 123
126 117 123
126 120 123
127 124 123
128 114 123
128 115 123
129 14 123
129 15 123
129 19 123
129 44 123
130 111 123
130 112 123
131 107 123
131 108 123
132 34 123
132 35 123
132 37 123
133 123 123
135 55 123
135 56 123
136 52 123
136 54 123
137 122 123
138 50 123
138 51 123
141 25 123
141 28 123
141 32 123
142 47 123
142 49 123
143 103 123
143 106 123
144 87 123
144 89 123
144 91 123
145 99 123
145 102 123
146 97 123
146 98 123
147 121 123
148 120 123
149 94 123
149 95 123
150 92 123
150 93 123
0 123 124
0 124 124
1 121 124
1 122 124
2 119 124
2 120 124
3 115 124
3 116 124
4 113 124
4 114 124
5 150 124
6 111 124
6 112 124
8 108 124
8 109 124
9 106 124
9 107 124
10 149 124
12 148 124
13 147 124
14 104 124
14 105 124
15 51 124
15 75 124
15 104 124
15 105 124
15 111 124
15 112 124
16 102 124
16 103 124
17 42 124
17 43 124
17 45 124
17 46 124
19 100 124
19 101 124
20 97 124
20 98 124
21 146 124
22 95 124
22 96 124
23 93 124
23 94 124
24 91 124
24 92 124
25 89 124
25 90 124
27 87 124
27 88 124
29 85 124
29 86 124
30 83 124
30 84 124
31 81 124
31 82 124
32 79 124
32 80 124
33 77 124
33 78 124
34 145 124
35 144 124
36 75 124
36 76 124
37 73 124
37 74 124
38 71 124
38 72 124
39 66 124
39 67 124
39 68 124
40 68 124
40 69 124
41 143 124
42 19 124
42 20 124
42 22 124
42 25 124
43 142 124
44 66 124
44 67 124
45 64 124
45 65 124
46 62 124
46 63 124
47 31 124
47 38 124
47 39 124
47 40 124
48 60 124
48 61 124
49 11 124
49 12 124
49 13 124
49 14 124
50 58 124
50 59 124
51 56 124
51 57 124
52 50 124
52 51 124
53 47 124
53 49 124
54 141 124
55 45 124
55 46 124
56 60 124
56 64 124
56 65 124
57 43 124
57 44 124
58 41 124
58 42 124
59 140 124
60 59 124
60 61 124
60 62 124
62 7 124
62 8 124
62 9 124
62 10 124
63 27 124
63 28 124
63 29 124
63 30 124
64 39 124
64 40 124
65 37 124
65 38 124
66 35 124
66 36 124
67 31 124
67 32 124
68 139 124
69 29 124
69 30 124
70 54 124
70 55 124
71 138 124
72 137 124
73 136 124
74 27 124
74 28 124
77 25 124
77 26 124
78 51 124
78 53 124
78 54 124
78 67 124
79 135 124
80 23 124
80 24 124
81 134 124
82 135 124
82 138 124
82 0 124
82 1 124
83 56 124
83 57 124
83 58 124
84 133 124
85 20 124
85 22 124
86 132 124
87 17 124
87 19 124
88 14 124
88 16 124
89 12 124
89 13 124
90 131 124
92 130 124
93 10 124
93 11 124
94 129 124
95 8 124
95 9 124
96 5 124
96 7 124
97 0 124
97 1 124
98 149 124
98 150 124
99 69 124
99 71 124
99 74 124
100 147 124
100 148 124
101 145 124
101 146 124
102 143 124
102 144 124
103 141 124
103 142 124
104 138 124
104 140 124
105 135 124
105 137 124
106 128 124
106 129 124
106 130 124
106 132 124
108 133 124
108 134 124
109 135 124
109 138 124
109 10 124
109 11 124
110 52 124
110 53 124
111 131 124
111 132 124
112 121 124
112 128 124
112 129 124
112 132 124
113 129 124
113 130 124
114 115 124
114 116 124
115 128 124
116 112 124
116 115 124
116 119 124
116 121 124
117 49 124
117 50 124
117 51 124
117 52 124
119 112 124
119 113 124
120 109 124
120 111 124
121 107 124
121 108 124
122 126 124
122 128 124
123 124 124
123 125 124
124 127 124
126 105 124
126 106 124
128 102 124
128 104 124
129 100 124
129 101 124
130 126 124
132 97 124
132 98 124
133 94 124
133 95 124
134 104 124
134 105 124
134 109 124
134 111 124
135 51 124
135 75 124
135 115 124
135 119 124
136 120 124
136 121 124
137 92 124
137 93 124
138 125 124
139 114 124
139 119 124
140 88 124
140 90 124
141 86 124
141 87 124
142 51 124
142 75 124
142 67 124
142 78 124
142 79 124
142 102 124
143 84 124
143 85 124
145 82 124
145 83 124
146 79 124
146 81 124
147 77 124
147 78 124
148 75 124
148 76 124
149 53 124
149 54 124
149 55 124
150 75 124
150 78 124
150 79 124
150 102 124
0 150 125
1 49 125
1 50 125
1 51 125
1 52 125
2 123 125
2 124 125
3 121 125
3 122 125
4 119 125
4 120 125
5 42 125
5 43 125
5 45 125
5 46 125
6 149 125
7 115 125
7 116 125
8 113 125
8 114 125
9 111 125
9 112 125
10 108 125
10 109 125
11 106 125
11 107 125
12 104 125
12 105 125
13 102 125
13 103 125
14 100 125
14 101 125
15 97 125
15 98 125
17 95 125
17 96 125
18 148 125
19 93 125
19 94 125
21 91 125
21 92 125
22 89 125
22 90 125
23 87 125
23 88 125
24 85 125
24 86 125
25 83 125
25 84 125
26 81 125
26 82 125
27 79 125
27 80 125
28 77 125
28 78 125
29 75 125
29 76 125
30 147 125
31 19 125
31 20 125
31 22 125
31 25 125
32 31 125
32 38 125
32 39 125
32 40 125
33 73 125
33 74 125
34 71 125
34 72 125
35 68 125
35 69 125
36 66 125
36 67 125
37 146 125
39 145 125
40 64 125
40 65 125
41 144 125
42 143 125
43 62 125
43 63 125
44 142 125
45 60 125
45 61 125
46 66 125
46 67 125
46 68 125
47 58 125
47 59 125
48 56 125
48 57 125
49 11 125
49 12 125
49 13 125
49 14 125
50 47 125
50 49 125
51 121 125
51 128 125
51 129 125
51 132 125
52 141 125
53 45 125
53 46 125
54 43 125
54 44 125
55 41 125
55 42 125
56 39 125
56 40 125
57 7 125
57 8 125
57 9 125
57 10 125
58 37 125
58 38 125
59 35 125
59 36 125
60 31 125
60 32 125
61 29 125
61 30 125
62 27 125
62 28 125
63 25 125
63 26 125
64 51 125
64 75 125
64 104 125
64 105 125
64 111 125
64 112 125
65 23 125
65 24 125
66 140 125
67 20 125
67 22 125
68 17 125
68 19 125
69 135 125
69 138 125
69 0 125
69 1 125
70 54 125
70 55 125
71 139 125
72 27 125
72 28 125
72 29 125
72 30 125
73 62 125
73 64 125
73 65 125
74 14 125
74 16 125
75 12 125
75 13 125
76 10 125
76 11 125
77 8 125
77 9 125
78 138 125
80 5 125
80 7 125
81 137 125
82 128 125
82 129 125
82 130 125
82 132 125
83 0 125
83 1 125
85 149 125
85 150 125
86 147 125
86 148 125
87 112 125
87 115 125
87 119 125
87 121 125
88 104 125
88 105 125
88 109 125
88 111 125
90 145 125
90 146 125
91 143 125
91 144 125
92 75 125
92 78 125
92 79 125
92 102 125
93 141 125
93 142 125
94 138 125
94 140 125
96 136 125
97 135 125
97 137 125
98 133 125
98 134 125
100 131 125
100 132 125
101 59 125
101 60 125
101 61 125
102 56 125
102 57 125
102 58 125
103 129 125
103 130 125
104 135 125
105 126 125
105 128 125
106 134 125
107 124 125
107 125 125
109 120 125
109 121 125
110 52 125
110 53 125
111 51 125
111 75 125
111 67 125
111 78 125
111 79 125
111 102 125
112 109 125
112 111 125
113 107 125
113 108 125
114 133 125
116 132 125
117 50 125
117 51 125
118 69 125
118 71 125
118 74 125
119 105 125
119 106 125
120 51 125
120 53 125
120 54 125
120 67 125
121 102 125
121 104 125
122 116 125
122 119 125
124 100 125
124 101 125
126 131 125
127 114 125
127 115 125
129 97 125
129 98 125
130 94 125
130 95 125
131 92 125
131 93 125
132 130 125
133 129 125
134 135 125
134 138 125
134 10 125
134 11 125
136 112 125
136 113 125
137 88 125
137 90 125
138 51 125
138 75 125
138 115 125
138 119 125
139 128 125
140 127 125
141 53 125
141 54 125
141 55 125
142 126 125
143 86 125
143 87 125
144 84 125
144 85 125
145 82 125
145 83 125
146 125 125
147 79 125
147 81 125
149 77 125
149 78 125
150 75 125
150 76 125
0 82 126
0 83 126
1 149 126
2 148 126
4 147 126
10 76 126
10 77 126
11 142 126
12 141 126
14 8 126
14 9 126
15 140 126
18 139 126
19 8 126
19 36 126
19 23 126
19 24 126
20 71 126
20 74 126
22 68 126
22 69 126
26 134 126
27 133 126
28 130 126
30 129 126
31 122 126
35 121 126
38 119 126
41 65 126
41 66 126
51 62 126
51 64 126
52 8 126
52 36 126
52 56 126
52 62 126
52 19 126
56 117 126
62 147 126
62 148 126
64 139 126
64 140 126
67 59 126
67 60 126
69 129 126
69 130 126
73 116 126
74 121 126
74 122 126
75 56 126
75 58 126
77 112 126
79 111 126
80 43 126
80 46 126
84 36 126
84 38 126
85 108 126
86 106 126
90 105 126
91 31 126
91 32 126
92 28 126
92 29 126
93 101 126
94 93 126
95 100 126
100 90 126
101 111 126
101 112 126
105 99 126
105 108 126
108 74 126
108 77 126
109 24 126
109 27 126
115 99 126
117 93 126
117 96 126
119 89 126
120 8 126
120 36 126
120 56 126
120 62 126
120 16 126
122 64 126
122 69 126
127 21 126
127 23 126
128 8 126
128 29 126
128 31 126
128 36 126
132 96 126
135 94 126
138 16 126
138 19 126
139 58 126
139 62 126
141 85 126
142 89 126
142 90 126
145 11 126
145 14 126
148 43 126
148 56 126
149 82 126
149 85 126
0 150 127
1 123 127
1 124 127
2 121 127
2 122 127
3 49 127
3 50 127
3 51 127
3 52 127
4 119 127
4 120 127
5 115 127
5 116 127
6 113 127
6 114 127
7 111 127
7 112 127
8 108 127
8 109 127
9 106 127
9 107 127
10 104 127
10 105 127
11 102 127
11 103 127
12 149 127
13 100 127
13 101 127
14 97 127
14 98 127
15 95 127
15 96 127
17 93 127
17 94 127
18 91 127
18 92 127
19 89 127
19 90 127
20 148 127
21 87 127
21 88 127
22 85 127
22 86 127
23 83 127
23 84 127
24 81 127
24 82 127
25 79 127
25 80 127
26 77 127
26 78 127
27 66 127
27 67 127
27 68 127
28 75 127
28 76 127
29 147 127
30 73 127
30 74 127
31 146 127
32 145 127
33 69 127
33 71 127
33 74 127
34 144 127
35 71 127
35 72 127
36 31 127
36 38 127
36 39 127
36 40 127
37 143 127
38 68 127
38 69 127
39 142 127
40 19 127
40 20 127
40 22 127
40 25 127
41 66 127
41 67 127
42 11 127
42 12 127
42 13 127
42 14 127
43 141 127
44 64 127
44 65 127
45 62 127
45 63 127
46 60 127
46 61 127
47 62 127
47 64 127
47 65 127
48 140 127
49 57 127
49 60 127
49 61 127
50 139 127
51 58 127
51 59 127
53 50 127
53 51 127
54 47 127
54 49 127
55 138 127
56 45 127
56 46 127
57 56 127
57 58 127
57 59 127
58 43 127
58 44 127
59 41 127
59 42 127
60 39 127
60 40 127
61 37 127
61 38 127
62 7 127
62 8 127
62 9 127
62 10 127
63 35 127
63 36 127
64 31 127
64 32 127
65 137 127
66 29 127
66 30 127
67 27 127
67 28 127
68 25 127
68 26 127
69 136 127
71 135 127
71 138 127
71 0 127
71 1 127
72 23 127
72 24 127
73 27 127
73 28 127
73 29 127
73 30 127
74 20 127
74 22 127
75 17 127
75 19 127
76 14 127
76 16 127
77 12 127
77 13 127
78 10 127
78 11 127
79 115 127
79 128 127
79 129 127
79 132 127
81 135 127
82 8 127
82 9 127
83 5 127
83 7 127
86 0 127
86 1 127
87 149 127
87 150 127
88 147 127
88 148 127
89 145 127
89 146 127
93 143 127
93 144 127
94 134 127
95 53 127
95 54 127
95 55 127
97 141 127
97 142 127
98 138 127
98 140 127
99 56 127
99 57 127
100 135 127
100 137 127
101 128 127
101 129 127
101 130 127
101 132 127
102 133 127
102 134 127
103 131 127
103 132 127
104 129 127
104 130 127
105 133 127
106 126 127
106 128 127
107 124 127
107 125 127
108 120 127
108 121 127
109 116 127
109 119 127
110 42 127
110 43 127
110 45 127
110 46 127
112 109 127
112 111 127
113 51 127
113 75 127
113 104 127
113 105 127
113 111 127
113 112 127
115 51 127
115 75 127
115 119 127
115 121 127
116 132 127
117 54 127
117 55 127
118 52 127
118 53 127
120 131 127
121 130 127
123 129 127
124 128 127
125 107 127
125 108 127
126 105 127
126 106 127
128 102 127
128 104 127
129 127 127
130 100 127
130 101 127
131 97 127
131 98 127
132 94 127
132 95 127
133 92 127
133 93 127
134 88 127
134 90 127
135 86 127
135 87 127
136 114 127
136 115 127
137 112 127
137 115 127
137 119 127
137 121 127
138 84 127
138 85 127
139 112 127
139 113 127
140 104 127
140 105 127
140 109 127
140 111 127
141 82 127
141 83 127
142 126 127
143 79 127
143 81 127
144 77 127
144 78 127
145 75 127
145 78 127
145 79 127
145 102 127
146 51 127
146 53 127
146 54 127
146 67 127
147 51 127
147 75 127
147 67 127
147 78 127
147 79 127
147 102 127
148 75 127
148 76 127
149 125 127
150 135 127
150 138 127
150 10 127
150 11 127
0 150 128
3 103 128
3 105 128
8 148 128
10 147 128
13 101 128
13 102 128
15 98 128
15 100 128
16 100 128
16 102 128
16 119 128
16 123 128
17 95 128
17 96 128
18 146 128
19 93 128
19 94 128
20 67 128
20 73 128
20 87 128
20 89 128
22 145 128
24 142 128
25 91 128
25 92 128
26 89 128
26 90 128
27 87 128
27 88 128
29 15 128
29 16 128
29 17 128
29 20 128
30 81 128
30 83 128
31 141 128
32 5 128
32 40 128
32 48 128
32 61 128
33 78 128
33 79 128
36 34 128
36 35 128
37 31 128
37 32 128
38 27 128
38 30 128
39 22 128
39 26 128
41 73 128
41 75 128
44 4 128
44 5 128
44 8 128
44 12 128
47 19 128
47 20 128
48 17 128
48 18 128
49 140 128
50 138 128
51 15 128
51 16 128
53 8 128
53 12 128
55 133 128
58 4 128
58 5 128
59 1 128
59 3 128
60 132 128
61 148 128
61 150 128
64 130 128
66 146 128
66 147 128
67 142 128
67 145 128
69 130 128
69 132 128
70 71 128
70 72 128
71 119 128
71 123 128
73 128 128
75 115 128
75 117 128
79 127 128
80 68 128
80 69 128
81 111 128
81 112 128
82 66 128
82 67 128
83 53 128
83 58 128
83 59 128
84 124 128
85 123 128
87 106 128
87 110 128
90 45 128
90 48 128
90 52 128
91 87 128
91 88 128
93 38 128
93 40 128
93 43 128
94 103 128
94 105 128
97 63 128
97 64 128
98 122 128
100 35 128
100 36 128
100 37 128
101 119 128
101 123 128
101 132 128
101 142 128
102 81 128
102 83 128
104 121 128
105 78 128
105 79 128
106 120 128
107 59 128
107 61 128
108 119 128
109 53 128
109 58 128
110 117 128
111 115 128
112 30 128
112 31 128
112 32 128
113 51 128
113 52 128
117 111 128
118 47 128
118 48 128
119 110 128
120 106 128
124 101 128
124 102 128
125 132 128
125 142 128
125 1 128
125 3 128
127 98 128
127 100 128
129 112 128
131 43 128
131 45 128
132 48 128
132 73 128
132 100 128
132 102 128
133 93 128
133 95 128
137 40 128
137 42 128
138 91 128
138 92 128
139 38 128
139 39 128
140 89 128
140 90 128
141 61 128
141 63 128
141 67 128
142 73 128
142 75 128
148 69 128
148 72 128
149 36 128
149 37 128
0 150 129
1 123 129
1 124 129
2 49 129
2 50 129
2 51 129
2 52 129
3 121 129
3 122 129
4 119 129
4 120 129
5 115 129
5 116 129
6 149 129
7 113 129
7 114 129
8 148 129
9 111 129
9 112 129
11 69 129
11 71 129
11 74 129
12 108 129
12 109 129
13 106 129
13 107 129
14 104 129
14 105 129
15 102 129
15 103 129
16 100 129
16 101 129
17 147 129
18 146 129
19 11 129
19 12 129
19 13 129
19 14 129
20 97 129
20 98 129
21 42 129
21 43 129
21 45 129
21 46 129
22 95 129
22 96 129
23 145 129
24 93 129
24 94 129
25 91 129
25 92 129
26 89 129
26 90 129
27 144 129
29 87 129
29 88 129
30 51 129
30 75 129
30 104 129
30 105 129
30 111 129
30 112 129
31 143 129
32 85 129
32 86 129
34 83 129
34 84 129
35 81 129
35 82 129
36 27 129
36 28 129
36 29 129
36 30 129
37 79 129
37 80 129
38 142 129
39 66 129
39 67 129
39 68 129
40 77 129
40 78 129
41 75 129
41 76 129
42 73 129
42 74 129
43 71 129
43 72 129
44 62 129
44 64 129
44 65 129
45 7 129
45 8 129
45 9 129
45 10 129
46 68 129
46 69 129
47 66 129
47 67 129
48 64 129
48 65 129
49 135 129
49 138 129
49 0 129
49 1 129
50 62 129
50 63 129
51 75 129
51 115 129
51 119 129
51 121 129
52 60 129
52 61 129
54 52 129
54 53 129
55 50 129
55 51 129
56 47 129
56 49 129
57 141 129
58 45 129
58 46 129
60 43 129
60 44 129
61 41 129
61 42 129
62 128 129
62 129 129
62 130 129
62 132 129
63 19 129
63 20 129
63 22 129
63 25 129
64 112 129
64 115 129
64 119 129
64 121 129
65 39 129
65 40 129
66 51 129
66 75 129
66 67 129
66 78 129
66 79 129
66 102 129
67 37 129
67 38 129
68 104 129
68 105 129
68 109 129
68 111 129
69 35 129
69 36 129
70 58 129
70 59 129
71 31 129
71 32 129
72 29 129
72 30 129
73 59 129
73 60 129
73 61 129
74 27 129
74 28 129
76 56 129
76 57 129
76 58 129
78 25 129
78 26 129
79 23 129
79 24 129
80 20 129
80 22 129
81 140 129
82 17 129
82 19 129
83 139 129
84 14 129
84 16 129
85 12 129
85 13 129
86 138 129
87 10 129
87 11 129
89 8 129
89 9 129
90 5 129
90 7 129
91 0 129
91 1 129
92 149 129
92 150 129
93 147 129
93 148 129
94 145 129
94 146 129
95 143 129
95 144 129
96 141 129
96 142 129
97 137 129
98 75 129
98 78 129
98 79 129
98 102 129
99 136 129
100 135 129
102 135 129
102 138 129
102 10 129
102 11 129
103 134 129
104 138 129
104 140 129
105 51 129
105 128 129
105 129 129
105 132 129
106 133 129
107 135 129
107 137 129
108 133 129
108 134 129
109 131 129
109 132 129
110 31 129
110 38 129
110 39 129
110 40 129
111 129 129
111 130 129
113 126 129
113 128 129
114 115 129
114 116 129
115 132 129
116 112 129
116 113 129
117 56 129
117 57 129
118 54 129
118 55 129
119 109 129
119 111 129
120 107 129
120 108 129
121 130 129
122 124 129
122 125 129
123 120 129
123 121 129
124 53 129
124 54 129
124 55 129
126 105 129
126 106 129
127 114 129
127 119 129
128 102 129
128 104 129
130 131 129
131 100 129
131 101 129
132 97 129
132 98 129
135 94 129
135 95 129
136 129 129
137 92 129
137 93 129
138 128 129
139 127 129
140 88 129
140 90 129
141 86 129
141 87 129
142 84 129
142 85 129
143 82 129
143 83 129
144 79 129
144 81 129
145 51 129
145 53 129
145 54 129
145 67 129
146 126 129
147 77 129
147 78 129
148 125 129
150 75 129
150 76 129
0 123 130
0 124 130
1 121 130
1 122 130
2 119 130
2 120 130
4 150 130
5 115 130
5 116 130
6 69 130
6 71 130
6 74 130
7 113 130
7 114 130
8 111 130
8 112 130
9 108 130
9 109 130
11 149 130
12 106 130
12 107 130
13 104 130
13 105 130
14 148 130
15 102 130
15 103 130
16 100 130
16 101 130
17 97 130
17 98 130
18 95 130
18 96 130
19 93 130
19 94 130
20 49 130
20 50 130
20 51 130
20 52 130
21 147 130
22 42 130
22 43 130
22 45 130
22 46 130
23 91 130
23 92 130
24 89 130
24 90 130
25 87 130
25 88 130
26 85 130
26 86 130
28 83 130
28 84 130
29 146 130
30 27 130
30 28 130
30 29 130
30 31 130
31 145 130
32 81 130
32 82 130
33 79 130
33 80 130
34 77 130
34 78 130
36 75 130
36 76 130
37 30 130
37 38 130
37 39 130
37 40 130
38 73 130
38 74 130
39 144 130
40 19 130
40 20 130
40 22 130
40 25 130
41 71 130
41 72 130
42 68 130
42 69 130
43 66 130
43 67 130
44 66 130
44 67 130
44 68 130
45 51 130
45 75 130
45 104 130
45 105 130
45 111 130
45 112 130
46 62 130
46 64 130
46 65 130
47 64 130
47 65 130
48 62 130
48 63 130
49 11 130
49 12 130
49 13 130
49 14 130
50 143 130
51 60 130
51 61 130
52 50 130
52 51 130
54 135 130
54 138 130
54 10 130
54 11 130
55 142 130
56 47 130
56 49 130
57 45 130
57 46 130
59 43 130
59 44 130
60 41 130
60 42 130
61 39 130
61 40 130
62 37 130
62 38 130
64 141 130
65 140 130
66 139 130
67 35 130
67 36 130
69 7 130
69 8 130
69 9 130
69 10 130
70 58 130
70 59 130
71 31 130
71 32 130
72 29 130
72 30 130
73 27 130
73 28 130
74 25 130
74 26 130
76 23 130
76 24 130
77 20 130
77 22 130
78 121 130
78 128 130
78 129 130
78 132 130
79 17 130
79 19 130
80 14 130
80 16 130
81 138 130
82 135 130
82 138 130
82 0 130
82 1 130
83 12 130
83 13 130
84 137 130
85 10 130
85 11 130
86 8 130
86 9 130
87 136 130
88 5 130
88 7 130
89 0 130
89 1 130
90 135 130
91 149 130
91 150 130
92 147 130
92 148 130
93 145 130
93 146 130
94 143 130
94 144 130
95 141 130
95 142 130
96 138 130
96 140 130
97 135 130
97 137 130
98 133 130
98 134 130
99 56 130
99 57 130
100 131 130
100 132 130
101 128 130
101 129 130
101 130 130
101 132 130
102 51 130
102 75 130
102 115 130
102 119 130
103 129 130
103 130 130
104 126 130
104 128 130
105 134 130
106 124 130
106 125 130
107 112 130
107 115 130
107 119 130
107 121 130
108 120 130
108 121 130
109 111 130
109 112 130
111 133 130
112 107 130
112 108 130
113 132 130
114 131 130
115 105 130
115 106 130
116 102 130
116 104 130
117 54 130
117 55 130
118 52 130
118 53 130
119 100 130
119 101 130
120 97 130
120 98 130
121 130 130
122 116 130
122 119 130
124 94 130
124 95 130
125 104 130
125 105 130
125 109 130
125 111 130
127 114 130
127 115 130
130 92 130
130 93 130
131 129 130
132 128 130
133 75 130
133 78 130
133 79 130
133 102 130
134 88 130
134 90 130
135 59 130
135 60 130
135 61 130
136 109 130
136 113 130
137 127 130
138 56 130
138 57 130
138 58 130
140 86 130
140 87 130
141 126 130
142 51 130
142 75 130
142 67 130
142 78 130
142 79 130
142 102 130
143 84 130
143 85 130
144 125 130
145 82 130
145 83 130
146 79 130
146 81 130
147 51 130
147 53 130
147 54 130
147 67 130
148 77 130
148 78 130
149 53 130
149 54 130
149 55 130
150 75 130
150 76 130
0 150 131
1 117 131
1 118 131
2 115 131
2 116 131
3 149 131
4 113 131
4 114 131
5 111 131
5 112 131
6 148 131
8 108 131
8 110 131
9 78 131
9 79 131
9 80 131
10 147 131
12 106 131
12 107 131
13 103 131
13 104 131
15 101 131
15 102 131
16 98 131
16 99 131
17 95 131
17 97 131
19 146 131
20 114 131
20 145 131
20 147 131
20 149 131
21 87 131
21 89 131
21 91 131
22 145 131
24 93 131
24 94 131
25 91 131
25 92 131
26 89 131
26 90 131
27 86 131
27 87 131
28 102 131
28 103 131
28 108 131
28 112 131
29 84 131
29 85 131
30 82 131
30 83 131
32 143 131
33 80 131
33 81 131
34 75 131
34 76 131
34 77 131
36 9 131
36 14 131
36 15 131
36 17 131
37 78 131
37 79 131
38 84 131
38 85 131
38 86 131
39 76 131
39 77 131
40 74 131
40 75 131
41 72 131
41 73 131
42 79 131
42 80 131
42 91 131
42 99 131
43 69 131
43 76 131
43 77 131
43 78 131
44 70 131
44 71 131
45 68 131
45 69 131
46 47 131
46 48 131
47 141 131
48 72 131
48 73 131
48 74 131
49 44 131
49 45 131
51 140 131
52 137 131
53 65 131
53 66 131
54 42 131
54 43 131
55 134 131
56 40 131
56 41 131
57 37 131
57 39 131
58 35 131
58 36 131
59 33 131
59 34 131
61 31 131
61 32 131
62 28 131
62 30 131
63 24 131
63 25 131
64 133 131
65 22 131
65 23 131
66 68 131
66 69 131
66 71 131
67 63 131
67 64 131
68 19 131
68 20 131
69 108 131
69 114 131
69 145 131
69 147 131
70 17 131
70 18 131
71 132 131
72 14 131
72 15 131
74 58 131
74 59 131
74 60 131
75 9 131
75 10 131
76 77 131
76 99 131
76 51 131
76 54 131
76 56 131
76 58 131
78 77 131
78 79 131
78 80 131
78 99 131
79 77 131
79 99 131
79 1 131
79 8 131
79 19 131
79 44 131
80 7 131
80 8 131
81 131 131
82 5 131
82 6 131
84 58 131
84 59 131
84 60 131
84 68 131
85 3 131
85 4 131
87 1 131
87 2 131
88 130 131
89 150 131
89 0 131
90 4 131
90 6 131
90 7 131
90 8 131
91 147 131
91 149 131
92 129 131
93 145 131
93 146 131
94 55 131
94 56 131
94 57 131
96 19 131
96 20 131
96 23 131
96 24 131
97 141 131
97 143 131
98 134 131
98 137 131
99 128 131
100 61 131
100 62 131
101 132 131
101 133 131
102 130 131
102 131 131
103 128 131
103 129 131
104 0 131
104 1 131
104 2 131
104 3 131
106 126 131
107 47 131
107 51 131
107 54 131
107 56 131
108 125 131
108 126 131
109 81 131
109 82 131
109 83 131
110 123 131
110 124 131
111 121 131
111 122 131
112 51 131
112 52 131
112 54 131
113 125 131
114 124 131
116 123 131
118 117 131
118 120 131
119 59 131
119 60 131
120 111 131
120 112 131
121 107 131
121 108 131
122 47 131
122 49 131
122 50 131
124 42 131
124 43 131
124 44 131
125 14 131
125 15 131
125 19 131
125 44 131
126 39 131
126 40 131
126 41 131
127 57 131
127 58 131
128 103 131
128 106 131
129 34 131
129 35 131
129 37 131
130 99 131
130 102 131
131 121 131
132 25 131
132 28 131
132 32 131
134 120 131
135 55 131
135 56 131
136 52 131
136 54 131
138 50 131
138 51 131
139 122 131
140 61 131
140 64 131
140 65 131
141 97 131
141 98 131
142 46 131
142 49 131
145 94 131
145 95 131
146 1 131
146 4 131
146 7 131
146 8 131
148 114 131
148 115 131
149 92 131
149 93 131
0 123 132
0 124 132
1 150 132
2 121 132
2 122 132
3 119 132
3 120 132
4 149 132
5 115 132
5 116 132
6 113 132
6 114 132
7 148 132
8 111 132
8 112 132
9 62 132
9 64 132
9 65 132
10 108 132
10 109 132
11 106 132
11 107 132
12 104 132
12 105 132
14 147 132
15 102 132
15 103 132
16 146 132
17 59 132
17 60 132
17 61 132
18 69 132
18 71 132
18 74 132
19 145 132
20 56 132
20 57 132
20 58 132
21 144 132
22 100 132
22 101 132
23 143 132
24 97 132
24 98 132
25 19 132
25 20 132
25 22 132
25 27 132
26 142 132
27 95 132
27 96 132
28 93 132
28 94 132
29 91 132
29 92 132
30 141 132
31 89 132
31 90 132
33 49 132
33 50 132
33 51 132
33 52 132
34 87 132
34 88 132
35 85 132
35 86 132
36 83 132
36 84 132
37 81 132
37 82 132
38 140 132
39 79 132
39 80 132
40 11 132
40 12 132
40 13 132
40 14 132
41 77 132
41 78 132
42 7 132
42 8 132
42 9 132
42 10 132
44 75 132
44 76 132
45 135 132
45 138 132
45 0 132
45 1 132
46 53 132
46 54 132
46 55 132
47 73 132
47 74 132
48 66 132
48 67 132
48 68 132
50 71 132
50 72 132
51 68 132
51 69 132
52 66 132
52 67 132
53 139 132
55 64 132
55 65 132
57 56 132
57 58 132
58 54 132
58 55 132
59 52 132
59 53 132
60 50 132
60 51 132
61 138 132
62 47 132
62 49 132
64 128 132
64 129 132
64 130 132
64 132 132
65 45 132
65 46 132
66 43 132
66 44 132
68 41 132
68 42 132
69 39 132
69 40 132
70 42 132
70 43 132
70 45 132
70 46 132
71 37 132
71 38 132
72 137 132
73 136 132
74 51 132
74 75 132
74 67 132
74 78 132
74 79 132
74 102 132
75 35 132
75 36 132
76 31 132
76 32 132
77 29 132
77 30 132
78 27 132
78 28 132
79 132 132
79 138 132
79 10 132
79 11 132
80 135 132
81 25 132
81 26 132
82 23 132
82 24 132
83 20 132
83 22 132
85 17 132
85 19 132
86 14 132
86 16 132
87 12 132
87 13 132
88 10 132
88 11 132
89 8 132
89 9 132
90 5 132
90 7 132
91 0 132
91 1 132
92 134 132
93 149 132
93 150 132
94 147 132
94 148 132
95 145 132
95 146 132
96 143 132
96 144 132
97 112 132
97 115 132
97 119 132
97 121 132
98 104 132
98 105 132
98 109 132
98 111 132
99 133 132
100 132 132
101 131 132
103 141 132
103 142 132
104 130 132
105 138 132
105 140 132
106 135 132
106 137 132
107 133 132
107 134 132
108 131 132
108 132 132
109 129 132
109 130 132
110 62 132
110 63 132
111 129 132
112 126 132
112 128 132
113 124 132
113 125 132
114 128 132
115 116 132
115 121 132
116 119 132
116 120 132
117 60 132
117 61 132
118 57 132
118 59 132
119 114 132
119 115 132
120 112 132
120 113 132
121 109 132
121 111 132
122 51 132
122 75 132
122 104 132
122 105 132
122 111 132
122 112 132
123 31 132
123 38 132
123 39 132
123 40 132
124 107 132
124 108 132
125 75 132
125 78 132
125 79 132
125 102 132
128 105 132
128 106 132
129 102 132
129 104 132
130 100 132
130 101 132
132 121 132
132 128 132
132 129 132
132 135 132
133 127 132
134 97 132
134 98 132
135 51 132
135 75 132
135 115 132
135 119 132
136 25 132
136 28 132
136 29 132
136 30 132
137 94 132
137 95 132
140 92 132
140 93 132
141 126 132
142 88 132
142 90 132
143 86 132
143 87 132
144 84 132
144 85 132
145 125 132
146 82 132
146 83 132
147 79 132
147 81 132
148 77 132
148 78 132
149 51 132
149 53 132
149 54 132
149 67 132
150 75 132
150 76 132
0 117 133
0 118 133
0 119 133
18 150 133
21 89 133
21 94 133
21 114 133
24 83 133
24 89 133
32 38 133
32 39 133
32 83 133
43 144 133
50 143 133
52 142 133
54 141 133
59 140 133
65 139 133
68 43 133
68 72 133
76 133 133
78 119 133
80 118 133
81 39 133
81 40 133
87 117 133
91 94 133
91 33 133
91 35 133
92 94 133
94 89 133
94 38 133
94 39 133
94 141 133
100 35 133
100 38 133
112 28 133
112 33 133
114 3 133
114 11 133
116 13 133
116 26 133
125 115 133
127 114 133
138 92 133
140 141 133
140 142 133
142 90 133
146 94 133
146 89 133
146 142 133
146 3 133
1 95 134
1 109 134
6 67 134
6 72 134
12 13 134
12 60 134
24 142 134
36 61 134
36 66 134
39 57 134
39 60 134
47 141 134
70 12 134
70 13 134
79 120 134
79 134 134
84 134 134
90 120 134
95 119 134
102 118 134
102 119 134
112 114 134
112 117 134
113 118 134
123 117 134
126 114 134
132 12 134
132 61 134
149 111 134
150 110 134
12 150 135
18 122 135
37 121 135
71 112 135
99 93 135
110 91 135
125 76 135
126 49 135
29 150 136
49 76 136
71 122 136
85 121 136
87 112 136
97 93 136
117 91 136
145 49 136
5 146 137
20 14 137
21 20 137
21 65 137
23 145 137
33 9 137
33 11 137
40 122 137
45 121 137
58 83 137
65 12 137
67 75 137
69 3 137
69 5 137
73 65 137
76 56 137
86 44 137
88 42 137
95 21 137
100 20 137
127 17 137
136 21 137
136 75 137
144 15 137
0 143 138
1 142 138
4 128 138
12 66 138
12 73 138
20 126 138
21 124 138
23 59 138
23 60 138
30 10 138
30 31 138
38 120 138
51 76 138
51 79 138
53 110 138
60 73 138
60 74 138
64 109 138
66 1 138
66 9 138
69 103 138
70 95 138
73 94 138
75 91 138
78 90 138
80 55 138
80 56 138
86 43 138
86 51 138
87 85 138
98 33 138
98 38 138
99 31 138
99 32 138
100 27 138
100 30 138
102 10 138
102 20 138
103 43 138
103 66 138
105 83 138
110 30 138
110 38 138
113 82 138
116 1 138
116 9 138
121 124 138
121 126 138
126 76 138
128 74 138
135 81 138
138 79 138
139 85 138
139 109 138
144 81 138
144 82 138
6 34 139
6 36 139
7 15 139
7 33 139
14 143 139
19 142 139
31 13 139
31 14 139
35 8 139
35 11 139
41 2 139
41 5 139
43 138 139
49 128 139
50 116 139
52 138 139
52 0 139
53 78 139
53 128 139
55 115 139
59 102 139
79 101 139
86 96 139
89 55 139
89 77 139
98 95 139
101 55 139
102 40 139
105 82 139
110 78 139
111 77 139
113 74 139
122 73 139
126 14 139
126 36 139
132 11 139
132 13 139
134 0 139
134 5 139
135 64 139
143 39 139
147 63 139
14 13 140
82 12 140
2 95 141
2 109 141
4 67 141
4 72 141
9 61 141
9 66 141
12 142 141
17 57 141
17 60 141
21 141 141
32 134 141
55 120 141
61 12 141
61 13 141
72 119 141
75 118 141
90 117 141
99 12 141
99 13 141
102 114 141
111 114 141
111 117 141
121 111 141
122 120 141
122 134 141
129 110 141
133 118 141
133 119 141
142 60 141
142 61 141
2 3 142
2 8 142
3 149 142
3 1 142
6 149 142
8 146 142
10 143 142
15 140 142
15 143 142
20 66 142
20 69 142
21 128 142
21 139 142
22 64 142
22 65 142
23 140 142
25 139 142
30 59 142
30 62 142
32 14 142
32 15 142
32 18 142
35 52 142
35 56 142
39 134 142
40 130 142
41 48 142
41 50 142
42 105 142
42 127 142
48 40 142
48 50 142
54 129 142
55 128 142
58 42 142
58 45 142
61 127 142
63 126 142
65 124 142
67 123 142
72 119 142
74 118 142
75 115 142
76 48 142
76 50 142
76 100 142
79 39 142
79 40 142
81 8 142
81 12 142
81 13 142
82 33 142
82 37 142
86 18 142
86 21 142
92 80 142
95 16 142
95 17 142
96 77 142
99 112 142
103 105 142
105 76 142
111 104 142
112 101 142
112 104 142
115 83 142
115 100 142
116 14 142
116 15 142
117 101 142
118 72 142
121 12 142
121 13 142
123 71 142
123 80 142
129 71 142
132 100 142
133 96 142
134 59 142
134 62 142
135 101 142
135 1 142
135 3 142
136 2 142
136 9 142
137 92 142
140 37 142
140 39 142
141 89 142
142 88 142
146 48 142
146 52 142
147 85 142
150 83 142
9 97 143
9 98 143
34 139 143
38 138 143
47 64 143
47 65 143
55 137 143
62 133 143
70 114 143
83 113 143
86 137 143
86 138 143
94 107 143
131 113 143
131 114 143
140 101 143
3 150 145
15 89 145
15 94 145
15 141 145
15 142 145
24 144 145
26 13 145
26 28 145
35 3 145
35 11 145
37 143 145
49 117 145
49 118 145
49 119 145
62 142 145
65 141 145
66 140 145
70 89 145
70 94 145
70 114 145
75 139 145
79 133 145
85 83 145
85 89 145
86 38 145
86 39 145
86 83 145
88 89 145
88 94 145
88 38 145
88 39 145
89 141 145
89 142 145
97 119 145
99 43 145
99 72 145
100 118 145
104 117 145
109 115 145
111 114 145
120 39 145
120 40 145
127 94 145
129 92 145
136 35 145
136 38 145
141 90 145
145 26 145
145 33 145
149 3 145
149 33 145
149 35 145
2 102 146
143 101 146
7 131 147
8 79 147
8 81 147
10 125 147
16 124 147
19 74 147
19 78 147
22 120 147
28 64 147
28 65 147
39 46 147
39 48 147
41 117 147
52 22 147
52 25 147
55 20 147
55 21 147
60 10 147
60 11 147
66 114 147
66 117 147
78 10 147
78 11 147
80 84 147
80 90 147
82 79 147
82 81 147
97 114 147
100 90 147
120 20 147
120 21 147
129 74 147
129 78 147
144 84 147
149 46 147
149 48 147
106 104 148
143 103 148
10 139 149
33 138 149
46 97 149
46 98 149
55 137 149
60 64 149
60 65 149
62 133 149
84 114 149
99 137 149
99 138 149
100 113 149
123 107 149
124 101 149
139 113 149
139 114 149
15 13 150
139 12 150
3 67 155
7 66 155
34 64 155
38 19 155
38 20 155
48 66 155
48 67 155
53 39 155
94 102 156
102 101 156
25 130 157
28 115 157
57 82 160
100 81 160
