46 80 32
69 79 32
110 78 32
127 77 32
41 80 34
51 79 34
81 78 34
144 77 34
10 98 36
13 97 36
30 96 36
72 75 36
92 71 36
93 70 36
142 69 36
143 68 36
0 98 41
1 97 41
30 96 41
45 75 41
61 71 41
80 70 41
121 69 41
131 68 41
64 80 51
80 77 51
110 79 51
137 78 51
14 99 73
21 91 73
52 90 73
71 89 73
84 88 73
96 48 73
144 47 73
147 5 73
23 80 75
59 79 75
66 78 75
144 77 75
2 80 76
56 79 76
89 78 76
144 77 76
5 98 80
44 97 80
96 68 80
103 96 80
115 75 80
127 71 80
145 70 80
147 69 80
49 80 83
120 79 83
128 78 83
141 77 83
13 99 86
46 91 86
48 5 86
66 90 86
81 89 86
86 88 86
135 48 86
141 47 86
2 98 88
3 97 88
11 96 88
47 75 88
53 71 88
54 70 88
86 69 88
93 68 88
8 98 90
32 97 90
38 96 90
69 68 90
83 75 90
125 71 90
135 70 90
137 69 90
48 80 95
55 79 95
88 78 95
101 77 95
30 98 96
40 97 96
60 96 96
112 75 96
116 71 96
124 70 96
131 69 96
144 68 96
4 97 97
18 96 97
30 0 97
65 95 97
104 70 97
107 32 97
139 31 97
142 30 97
19 99 98
35 91 98
50 90 98
75 89 98
88 5 98
109 88 98
133 48 98
139 47 98
5 142 101
15 141 101
28 113 101
51 15 101
51 16 101
54 91 101
55 88 101
56 15 101
56 16 101
83 52 101
112 51 101
126 48 101
128 5 101
128 10 101
138 43 101
144 38 101
144 40 101
145 40 101
147 38 101
150 24 101
1 80 103
3 79 103
68 78 103
140 77 103
0 150 105
1 7 105
1 14 105
5 148 105
8 147 105
10 146 105
14 145 105
20 142 105
22 136 105
24 109 105
28 108 105
34 106 105
35 102 105
36 101 105
37 100 105
39 99 105
44 98 105
45 19 105
45 21 105
49 97 105
52 95 105
53 94 105
56 93 105
57 53 105
64 101 105
64 102 105
71 91 105
74 43 105
75 14 105
75 15 105
76 90 105
78 16 105
78 17 105
79 87 105
81 86 105
85 42 105
89 85 105
94 40 105
97 38 105
101 36 105
102 29 105
103 75 105
107 74 105
109 24 105
112 73 105
114 70 105
116 1 105
116 15 105
118 69 105
119 66 105
124 65 105
133 64 105
138 58 105
141 57 105
142 75 105
142 100 105
143 55 105
145 23 105
146 16 105
146 17 105
2 99 106
21 91 106
23 90 106
43 89 106
56 88 106
95 48 106
100 47 106
105 5 106
8 15 112
8 16 112
11 5 112
11 10 112
18 142 112
22 141 112
26 113 112
37 91 112
39 88 112
44 52 112
56 51 112
70 38 112
70 40 112
93 48 112
98 43 112
107 15 112
107 16 112
115 40 112
116 38 112
128 24 112
31 32 113
61 97 113
66 96 113
69 95 113
76 70 113
93 31 113
95 30 113
96 0 113
29 98 114
52 97 114
53 96 114
87 75 114
100 71 114
116 70 114
122 69 114
134 68 114
0 19 115
0 21 115
1 101 115
1 102 115
5 150 115
6 148 115
10 16 115
10 17 115
13 147 115
14 15 115
14 16 115
16 146 115
19 145 115
20 142 115
23 136 115
27 109 115
29 75 115
29 100 115
30 14 115
30 15 115
32 108 115
39 106 115
40 102 115
47 101 115
56 100 115
58 14 115
58 17 115
60 1 115
60 7 115
69 53 115
72 99 115
83 98 115
88 97 115
89 95 115
90 43 115
95 42 115
97 40 115
98 38 115
101 36 115
102 29 115
103 94 115
105 93 115
107 91 115
111 90 115
112 87 115
113 86 115
114 85 115
119 75 115
121 74 115
122 73 115
123 70 115
126 69 115
130 66 115
131 65 115
132 64 115
137 58 115
142 24 115
143 57 115
147 23 115
149 55 115
3 142 116
5 38 116
5 40 116
7 141 116
8 113 116
35 91 116
36 88 116
46 15 116
46 16 116
52 15 116
52 16 116
63 52 116
71 5 116
71 10 116
87 51 116
91 24 116
101 48 116
105 43 116
143 40 116
149 38 116
30 99 117
40 91 117
41 90 117
59 89 117
76 88 117
101 48 117
104 47 117
111 5 117
2 150 119
4 148 119
6 19 119
6 21 119
7 14 119
7 15 119
9 147 119
10 16 119
10 17 119
11 146 119
15 145 119
16 142 119
18 136 119
21 109 119
25 108 119
29 106 119
30 14 119
30 15 119
33 102 119
35 1 119
35 7 119
38 101 119
40 100 119
41 99 119
44 101 119
44 102 119
47 98 119
51 97 119
52 95 119
53 94 119
56 93 119
59 91 119
62 90 119
64 55 119
66 53 119
67 87 119
69 43 119
74 42 119
75 40 119
79 86 119
80 85 119
84 75 119
89 74 119
94 38 119
95 36 119
97 29 119
101 24 119
111 73 119
112 70 119
120 75 119
120 100 119
124 69 119
125 66 119
126 16 119
126 17 119
129 65 119
130 64 119
144 58 119
149 57 119
150 23 119
1 150 120
5 148 120
9 19 120
9 21 120
13 147 120
14 146 120
15 145 120
16 142 120
20 136 120
22 109 120
23 108 120
24 101 120
24 102 120
25 16 120
25 17 120
29 106 120
33 102 120
39 101 120
42 100 120
43 75 120
43 100 120
48 99 120
53 98 120
59 97 120
61 95 120
62 94 120
63 93 120
65 55 120
66 53 120
68 91 120
72 90 120
75 14 120
75 15 120
76 87 120
80 14 120
80 15 120
89 86 120
91 43 120
93 42 120
96 85 120
99 40 120
100 38 120
101 36 120
102 29 120
104 75 120
107 74 120
108 24 120
109 23 120
113 73 120
117 1 120
117 7 120
124 70 120
126 69 120
127 66 120
131 65 120
140 64 120
141 58 120
147 16 120
147 17 120
149 57 120
1 150 121
2 148 121
6 147 121
7 146 121
11 19 121
11 21 121
13 145 121
17 142 121
22 136 121
26 109 121
27 16 121
27 17 121
29 108 121
30 106 121
33 102 121
35 101 121
39 100 121
42 99 121
45 98 121
47 97 121
48 95 121
50 94 121
52 93 121
54 14 121
54 15 121
55 53 121
56 91 121
57 16 121
57 17 121
58 14 121
58 15 121
60 90 121
61 87 121
64 43 121
69 42 121
70 40 121
72 86 121
77 1 121
77 7 121
82 85 121
86 38 121
89 101 121
89 102 121
92 75 121
102 36 121
104 74 121
105 73 121
107 75 121
107 100 121
108 29 121
111 70 121
114 69 121
115 66 121
116 65 121
123 64 121
126 58 121
130 57 121
136 24 121
143 55 121
148 23 121
0 117 122
0 120 122
1 115 122
1 116 122
4 113 122
4 114 122
5 111 122
5 112 122
8 108 122
8 110 122
9 105 122
9 107 122
10 98 122
10 99 122
11 150 122
12 149 122
14 96 122
14 97 122
15 147 122
16 94 122
16 95 122
17 91 122
17 92 122
19 20 122
19 21 122
21 17 122
21 18 122
24 89 122
24 90 122
25 87 122
25 88 122
26 15 122
26 16 122
27 12 122
27 14 122
29 146 122
30 85 122
30 86 122
31 143 122
34 10 122
34 11 122
35 7 122
35 8 122
36 1 122
36 8 122
36 10 122
37 4 122
37 5 122
38 26 122
38 29 122
38 33 122
39 142 122
40 1 122
40 3 122
43 83 122
43 84 122
44 80 122
44 81 122
45 150 122
45 0 122
47 77 122
47 78 122
48 75 122
48 76 122
49 72 122
49 73 122
52 147 122
52 149 122
54 141 122
55 142 122
55 146 122
56 140 122
56 141 122
57 138 122
57 139 122
59 140 122
60 70 122
60 71 122
62 98 122
62 122 122
62 0 122
63 139 122
66 65 122
66 69 122
68 63 122
68 64 122
69 84 122
69 87 122
69 95 122
71 130 122
71 134 122
72 128 122
72 129 122
73 120 122
73 122 122
75 11 122
75 12 122
75 14 122
79 61 122
79 62 122
80 116 122
80 117 122
81 114 122
81 115 122
82 58 122
82 59 122
85 112 122
85 113 122
86 110 122
86 111 122
87 107 122
87 108 122
88 87 122
88 89 122
89 138 122
91 85 122
91 86 122
92 83 122
92 84 122
95 80 122
95 81 122
96 134 122
97 95 122
97 98 122
98 77 122
98 78 122
102 18 122
102 19 122
102 22 122
103 56 122
103 57 122
105 130 122
106 54 122
106 55 122
107 73 122
107 76 122
109 52 122
109 53 122
111 71 122
111 72 122
115 69 122
115 70 122
116 64 122
116 65 122
120 62 122
120 63 122
121 92 122
121 94 122
122 59 122
122 61 122
123 15 122
123 16 122
123 17 122
124 50 122
124 51 122
125 45 122
125 46 122
126 128 122
128 129 122
129 57 122
129 58 122
130 54 122
130 55 122
132 41 122
132 42 122
133 39 122
133 40 122
134 52 122
134 53 122
135 36 122
135 37 122
136 34 122
136 35 122
138 50 122
138 51 122
139 14 122
139 15 122
139 16 122
140 45 122
140 46 122
141 122 122
142 121 122
143 88 122
143 91 122
144 29 122
144 33 122
145 26 122
145 27 122
146 41 122
146 42 122
147 39 122
147 40 122
148 19 122
148 22 122
149 36 122
149 37 122
150 34 122
150 35 122
1 123 123
1 124 123
3 33 123
3 34 123
3 35 123
3 36 123
4 121 123
4 122 123
6 118 123
6 120 123
7 116 123
7 117 123
8 114 123
8 115 123
9 28 123
9 29 123
9 31 123
9 32 123
10 149 123
11 148 123
12 112 123
12 113 123
13 110 123
13 111 123
14 108 123
14 109 123
15 146 123
17 105 123
17 106 123
18 145 123
20 13 123
20 17 123
20 18 123
20 19 123
21 101 123
21 104 123
22 99 123
22 100 123
23 96 123
23 98 123
24 7 123
24 8 123
24 9 123
24 10 123
25 94 123
25 95 123
26 92 123
26 93 123
27 90 123
27 91 123
28 88 123
28 89 123
29 85 123
29 87 123
30 82 123
30 83 123
31 0 123
31 4 123
31 5 123
31 6 123
32 78 123
32 79 123
34 76 123
34 77 123
35 74 123
35 75 123
36 72 123
36 73 123
37 70 123
37 71 123
38 68 123
38 69 123
39 36 123
39 38 123
40 34 123
40 35 123
41 32 123
41 33 123
42 29 123
42 31 123
43 144 123
44 27 123
44 28 123
48 25 123
48 26 123
49 65 123
49 67 123
50 143 123
51 140 123
52 22 123
52 24 123
53 19 123
53 20 123
54 139 123
55 17 123
55 18 123
56 61 123
56 62 123
58 12 123
58 13 123
59 10 123
59 11 123
60 8 123
60 9 123
61 6 123
61 7 123
63 59 123
63 60 123
64 57 123
64 58 123
65 4 123
65 5 123
66 138 123
67 137 123
68 2 123
68 3 123
70 149 123
70 0 123
71 145 123
71 148 123
72 140 123
72 144 123
73 138 123
73 139 123
74 134 123
74 137 123
75 100 123
75 112 123
75 121 123
75 134 123
76 132 123
76 133 123
78 128 123
78 130 123
79 125 123
79 127 123
80 54 123
80 55 123
82 135 123
83 120 123
83 121 123
84 52 123
84 53 123
85 116 123
85 117 123
87 134 123
88 114 123
88 115 123
89 111 123
89 112 123
90 108 123
90 109 123
92 87 123
92 89 123
93 69 123
93 71 123
93 92 123
93 94 123
94 83 123
94 85 123
95 79 123
95 82 123
96 33 123
96 36 123
96 48 123
96 50 123
98 77 123
98 78 123
100 75 123
100 76 123
101 133 123
102 50 123
102 51 123
103 47 123
103 48 123
104 73 123
104 74 123
105 100 123
105 112 123
105 121 123
105 134 123
106 71 123
106 72 123
107 45 123
107 46 123
109 69 123
109 70 123
110 105 123
110 106 123
111 67 123
111 68 123
112 33 123
112 36 123
112 48 123
112 50 123
113 100 123
113 104 123
114 69 123
114 71 123
114 92 123
114 94 123
115 62 123
115 65 123
116 132 123
117 60 123
117 61 123
118 98 123
118 99 123
119 43 123
119 44 123
120 129 123
124 95 123
124 96 123
125 58 123
125 59 123
126 93 123
126 94 123
127 55 123
127 57 123
128 53 123
128 54 123
129 130 123
130 51 123
130 52 123
131 41 123
131 42 123
132 48 123
132 50 123
134 128 123
135 20 123
135 22 123
135 24 123
135 27 123
137 46 123
137 47 123
138 44 123
138 45 123
139 127 123
140 42 123
140 43 123
141 39 123
141 40 123
143 126 123
145 40 123
145 41 123
146 91 123
146 92 123
148 38 123
148 39 123
149 125 123
0 149 124
1 123 124
1 124 124
2 121 124
2 122 124
3 118 124
3 120 124
4 148 124
5 116 124
5 117 124
6 146 124
7 114 124
7 115 124
8 145 124
9 112 124
9 113 124
11 110 124
11 111 124
13 108 124
13 109 124
15 105 124
15 106 124
16 101 124
16 104 124
17 99 124
17 100 124
18 96 124
18 98 124
19 20 124
19 22 124
19 24 124
19 27 124
20 94 124
20 95 124
21 33 124
21 34 124
21 35 124
21 36 124
22 144 124
23 92 124
23 93 124
24 13 124
24 17 124
24 18 124
24 19 124
25 90 124
25 91 124
26 88 124
26 89 124
27 143 124
28 85 124
28 87 124
30 82 124
30 83 124
31 78 124
31 79 124
32 140 124
35 76 124
35 77 124
36 74 124
36 75 124
37 139 124
38 72 124
38 73 124
40 39 124
40 41 124
41 36 124
41 38 124
42 7 124
42 8 124
42 9 124
42 10 124
44 34 124
44 35 124
45 32 124
45 33 124
46 29 124
46 31 124
47 138 124
48 27 124
48 28 124
49 70 124
49 71 124
50 25 124
50 26 124
51 0 124
51 4 124
51 5 124
51 6 124
52 22 124
52 24 124
53 137 124
54 100 124
54 112 124
54 121 124
54 134 124
55 19 124
55 20 124
56 68 124
56 69 124
57 17 124
57 18 124
59 12 124
59 13 124
60 135 124
61 10 124
61 11 124
63 65 124
63 67 124
64 61 124
64 62 124
65 8 124
65 9 124
66 59 124
66 60 124
67 134 124
69 6 124
69 7 124
70 133 124
71 4 124
71 5 124
75 2 124
75 3 124
76 149 124
76 0 124
77 145 124
77 148 124
78 140 124
78 144 124
79 138 124
79 139 124
82 134 124
82 137 124
83 132 124
83 133 124
85 132 124
86 57 124
86 58 124
87 69 124
87 71 124
87 92 124
87 94 124
88 128 124
88 130 124
89 125 124
89 127 124
90 120 124
90 121 124
91 116 124
91 117 124
92 114 124
92 115 124
93 91 124
93 92 124
94 87 124
94 89 124
96 83 124
96 85 124
97 54 124
97 55 124
99 79 124
99 82 124
100 130 124
101 111 124
101 112 124
102 52 124
102 53 124
103 50 124
103 51 124
104 33 124
104 36 124
104 48 124
104 50 124
106 77 124
106 78 124
107 47 124
107 48 124
109 75 124
109 76 124
110 129 124
111 73 124
111 74 124
112 71 124
112 72 124
113 108 124
113 109 124
114 69 124
114 70 124
116 67 124
116 68 124
117 62 124
117 65 124
119 28 124
119 29 124
119 31 124
119 32 124
120 60 124
120 61 124
121 58 124
121 59 124
122 105 124
122 106 124
123 100 124
123 104 124
125 100 124
125 112 124
125 121 124
125 134 124
126 98 124
126 99 124
127 69 124
127 71 124
127 92 124
127 94 124
128 55 124
128 57 124
129 95 124
129 96 124
130 53 124
130 54 124
131 45 124
131 46 124
133 51 124
133 52 124
134 48 124
134 50 124
135 126 124
137 46 124
137 47 124
138 44 124
138 45 124
139 42 124
139 43 124
141 43 124
141 44 124
142 128 124
143 93 124
143 94 124
144 40 124
144 41 124
145 38 124
145 39 124
146 125 124
147 127 124
149 33 124
149 36 124
149 48 124
149 50 124
150 40 124
150 42 124
0 149 125
1 123 125
1 124 125
2 121 125
2 122 125
3 118 125
3 120 125
4 116 125
4 117 125
5 114 125
5 115 125
6 112 125
6 113 125
7 110 125
7 111 125
8 108 125
8 109 125
10 105 125
10 106 125
11 28 125
11 29 125
11 31 125
11 32 125
12 101 125
12 104 125
13 7 125
13 8 125
13 9 125
13 10 125
14 99 125
14 100 125
15 148 125
18 96 125
18 98 125
19 94 125
19 95 125
21 92 125
21 93 125
22 90 125
22 91 125
23 33 125
23 34 125
23 35 125
23 36 125
24 88 125
24 89 125
25 146 125
26 85 125
26 87 125
27 82 125
27 83 125
28 0 125
28 4 125
28 5 125
28 6 125
29 78 125
29 79 125
30 145 125
31 76 125
31 77 125
32 74 125
32 75 125
33 69 125
33 71 125
33 92 125
33 94 125
34 144 125
35 72 125
35 73 125
36 34 125
36 35 125
37 70 125
37 71 125
38 32 125
38 33 125
40 29 125
40 31 125
41 27 125
41 28 125
42 25 125
42 26 125
44 143 125
45 22 125
45 24 125
46 19 125
46 20 125
48 17 125
48 18 125
49 140 125
50 12 125
50 13 125
51 10 125
51 11 125
52 8 125
52 9 125
53 100 125
53 112 125
53 121 125
53 134 125
55 6 125
55 7 125
56 68 125
56 69 125
57 4 125
57 5 125
58 2 125
58 3 125
59 149 125
59 0 125
61 145 125
61 148 125
62 139 125
63 65 125
63 67 125
65 138 125
66 61 125
66 62 125
68 140 125
68 144 125
69 138 125
69 139 125
70 134 125
70 137 125
71 137 125
72 132 125
72 133 125
73 128 125
73 130 125
74 69 125
74 71 125
74 92 125
74 94 125
75 125 125
75 127 125
76 120 125
76 121 125
77 116 125
77 117 125
79 77 125
79 78 125
80 59 125
80 60 125
81 57 125
81 58 125
83 75 125
83 76 125
84 54 125
84 55 125
86 52 125
86 53 125
87 73 125
87 74 125
88 114 125
88 115 125
89 71 125
89 72 125
90 111 125
90 112 125
91 135 125
92 69 125
92 70 125
93 134 125
94 67 125
94 68 125
96 133 125
97 50 125
97 51 125
98 62 125
98 65 125
100 60 125
100 61 125
101 108 125
101 109 125
102 47 125
102 48 125
104 33 125
104 36 125
104 48 125
104 50 125
107 45 125
107 46 125
108 58 125
108 59 125
110 105 125
110 106 125
111 132 125
113 100 125
113 104 125
114 55 125
114 57 125
115 53 125
115 54 125
116 130 125
117 129 125
118 98 125
118 99 125
119 43 125
119 44 125
120 127 125
121 51 125
121 52 125
122 95 125
122 96 125
123 93 125
123 94 125
124 91 125
124 92 125
125 48 125
125 50 125
126 20 125
126 22 125
126 24 125
126 27 125
127 128 125
129 13 125
129 17 125
129 18 125
129 19 125
133 46 125
133 47 125
134 33 125
134 36 125
134 48 125
134 50 125
135 87 125
135 89 125
137 100 125
137 112 125
137 121 125
137 134 125
138 44 125
138 45 125
139 42 125
139 43 125
141 41 125
141 42 125
143 83 125
143 85 125
144 126 125
145 40 125
145 41 125
146 79 125
146 82 125
147 39 125
147 40 125
148 38 125
148 39 125
149 125 125
150 36 125
150 38 125
17 99 126
22 91 126
51 90 126
66 89 126
93 88 126
96 48 126
112 47 126
127 5 126
0 123 127
0 124 127
1 121 127
1 122 127
2 118 127
2 120 127
3 116 127
3 117 127
5 114 127
5 115 127
6 149 127
7 112 127
7 113 127
8 148 127
9 146 127
10 110 127
10 111 127
11 145 127
12 108 127
12 109 127
13 105 127
13 106 127
14 144 127
15 143 127
16 101 127
16 104 127
17 33 127
17 34 127
17 35 127
17 36 127
18 28 127
18 29 127
18 31 127
18 32 127
20 99 127
20 100 127
21 96 127
21 98 127
22 94 127
22 95 127
23 92 127
23 93 127
25 90 127
25 91 127
26 88 127
26 89 127
28 85 127
28 87 127
29 20 127
29 22 127
29 24 127
29 27 127
30 82 127
30 83 127
31 78 127
31 79 127
32 76 127
32 77 127
33 69 127
33 71 127
33 92 127
33 94 127
34 74 127
34 75 127
35 72 127
35 73 127
36 38 127
36 39 127
37 70 127
37 71 127
38 140 127
39 34 127
39 35 127
42 32 127
42 33 127
43 29 127
43 31 127
44 27 127
44 28 127
45 25 127
45 26 127
46 13 127
46 17 127
46 18 127
46 19 127
47 22 127
47 24 127
48 19 127
48 20 127
49 68 127
49 69 127
50 17 127
50 18 127
52 12 127
52 13 127
53 10 127
53 11 127
54 7 127
54 8 127
54 9 127
54 10 127
55 8 127
55 9 127
56 65 127
56 67 127
57 0 127
57 4 127
57 5 127
57 6 127
58 6 127
58 7 127
60 139 127
62 4 127
62 5 127
63 61 127
63 62 127
65 100 127
65 112 127
65 121 127
65 134 127
66 59 127
66 60 127
68 69 127
68 71 127
68 92 127
68 94 127
69 2 127
69 3 127
70 149 127
70 0 127
72 145 127
72 148 127
73 140 127
73 144 127
75 138 127
75 139 127
76 138 127
79 134 127
79 137 127
80 137 127
81 57 127
81 58 127
84 54 127
84 55 127
85 33 127
85 36 127
85 48 127
85 50 127
86 52 127
86 53 127
87 135 127
88 134 127
89 133 127
90 132 127
90 133 127
91 132 127
92 128 127
92 130 127
93 94 127
93 95 127
94 91 127
94 92 127
95 87 127
95 89 127
96 83 127
96 85 127
97 50 127
97 51 127
99 79 127
99 82 127
100 77 127
100 78 127
102 47 127
102 48 127
104 75 127
104 76 127
105 73 127
105 74 127
106 130 127
107 45 127
107 46 127
109 129 127
110 125 127
110 127 127
113 120 127
113 121 127
114 71 127
114 72 127
116 69 127
116 70 127
117 67 127
117 68 127
118 116 127
118 117 127
119 43 127
119 44 127
120 62 127
120 65 127
121 33 127
121 36 127
121 48 127
121 50 127
122 114 127
122 115 127
123 127 127
124 111 127
124 112 127
125 60 127
125 61 127
126 108 127
126 109 127
127 128 127
128 58 127
128 59 127
129 105 127
129 106 127
130 55 127
130 57 127
131 41 127
131 42 127
132 126 127
133 53 127
133 54 127
134 51 127
134 52 127
135 100 127
135 104 127
137 48 127
137 50 127
138 125 127
139 46 127
139 47 127
140 44 127
140 45 127
143 98 127
143 99 127
144 42 127
144 43 127
145 100 127
145 112 127
145 121 127
145 134 127
146 93 127
146 96 127
148 40 127
148 41 127
149 38 127
149 39 127
150 36 127
150 40 127
0 117 128
0 120 128
1 115 128
1 116 128
3 113 128
3 114 128
6 111 128
6 112 128
7 108 128
7 110 128
8 105 128
8 107 128
9 98 128
9 99 128
10 96 128
10 97 128
11 1 128
11 8 128
11 10 128
12 94 128
12 95 128
14 91 128
14 92 128
15 150 128
16 149 128
18 89 128
18 90 128
19 87 128
19 88 128
20 85 128
20 86 128
21 147 128
22 19 128
22 20 128
23 83 128
23 84 128
26 17 128
26 18 128
27 15 128
27 16 128
29 12 128
29 14 128
30 26 128
30 29 128
30 33 128
32 80 128
32 81 128
34 146 128
36 10 128
36 11 128
38 77 128
38 78 128
39 7 128
39 8 128
41 4 128
41 5 128
42 1 128
42 3 128
44 18 128
44 19 128
44 22 128
45 150 128
45 0 128
46 143 128
48 75 128
48 76 128
52 147 128
52 149 128
53 142 128
53 146 128
55 140 128
55 141 128
59 142 128
62 138 128
62 139 128
63 141 128
64 130 128
64 134 128
65 128 128
65 129 128
66 140 128
71 120 128
71 122 128
72 116 128
72 117 128
74 72 128
74 73 128
75 114 128
75 115 128
78 112 128
78 113 128
79 70 128
79 71 128
80 139 128
81 110 128
81 111 128
82 65 128
82 69 128
85 107 128
85 108 128
86 85 128
86 87 128
88 83 128
88 84 128
89 80 128
89 81 128
90 95 128
90 98 128
91 77 128
91 78 128
92 98 128
92 122 128
92 0 128
93 138 128
94 73 128
94 76 128
96 92 128
96 94 128
97 134 128
99 130 128
100 63 128
100 64 128
102 61 128
102 62 128
104 58 128
104 59 128
105 11 128
105 12 128
105 14 128
106 56 128
106 57 128
107 84 128
107 87 128
107 95 128
110 71 128
110 72 128
111 69 128
111 70 128
112 129 128
113 128 128
114 64 128
114 65 128
115 62 128
115 63 128
116 14 128
116 15 128
116 16 128
118 54 128
118 55 128
119 52 128
119 53 128
120 59 128
120 61 128
121 89 128
121 91 128
123 50 128
123 51 128
124 45 128
124 46 128
125 41 128
125 42 128
127 39 128
127 40 128
128 57 128
128 58 128
129 122 128
130 54 128
130 55 128
131 36 128
131 37 128
133 34 128
133 35 128
134 121 128
135 29 128
135 33 128
136 26 128
136 27 128
138 52 128
138 53 128
139 50 128
139 51 128
140 45 128
140 46 128
141 41 128
141 42 128
142 39 128
142 40 128
143 86 128
143 88 128
144 15 128
144 16 128
144 17 128
147 36 128
147 37 128
148 21 128
148 22 128
150 34 128
150 35 128
0 123 129
0 124 129
2 121 129
2 122 129
3 118 129
3 120 129
4 116 129
4 117 129
5 114 129
5 115 129
7 112 129
7 113 129
8 110 129
8 111 129
9 108 129
9 109 129
10 149 129
11 148 129
12 105 129
12 106 129
13 146 129
14 145 129
16 101 129
16 104 129
17 99 129
17 100 129
18 96 129
18 98 129
19 94 129
19 95 129
20 92 129
20 93 129
21 90 129
21 91 129
22 88 129
22 89 129
23 85 129
23 87 129
25 82 129
25 83 129
26 78 129
26 79 129
27 76 129
27 77 129
28 74 129
28 75 129
29 72 129
29 73 129
30 70 129
30 71 129
31 68 129
31 69 129
32 65 129
32 67 129
33 61 129
33 62 129
34 35 129
34 36 129
38 144 129
39 32 129
39 33 129
40 29 129
40 31 129
41 7 129
41 8 129
41 9 129
41 10 129
42 0 129
42 4 129
42 5 129
42 6 129
43 27 129
43 28 129
45 143 129
46 25 129
46 26 129
50 22 129
50 24 129
52 19 129
52 20 129
53 17 129
53 18 129
54 12 129
54 13 129
56 59 129
56 60 129
57 10 129
57 11 129
58 8 129
58 9 129
59 140 129
60 6 129
60 7 129
61 4 129
61 5 129
64 33 129
64 34 129
64 35 129
64 36 129
65 2 129
65 3 129
67 139 129
68 149 129
68 0 129
69 145 129
69 148 129
73 140 129
73 144 129
75 138 129
75 139 129
77 134 129
77 137 129
78 138 129
80 137 129
81 57 129
81 58 129
82 135 129
83 132 129
83 133 129
84 54 129
84 55 129
85 134 129
86 133 129
87 128 129
87 130 129
89 132 129
90 125 129
90 127 129
92 120 129
92 121 129
94 91 129
94 92 129
95 87 129
95 89 129
96 83 129
96 85 129
97 52 129
97 53 129
98 79 129
98 82 129
99 77 129
99 78 129
100 75 129
100 76 129
101 116 129
101 117 129
102 50 129
102 51 129
103 47 129
103 48 129
104 100 129
104 112 129
104 121 129
104 134 129
105 69 129
105 71 129
105 92 129
105 94 129
106 130 129
108 73 129
108 74 129
109 71 129
109 72 129
110 114 129
110 115 129
111 33 129
111 36 129
111 48 129
111 50 129
113 111 129
113 112 129
114 69 129
114 70 129
115 67 129
115 68 129
116 62 129
116 65 129
117 129 129
118 128 129
119 45 129
119 46 129
120 60 129
120 61 129
121 127 129
122 108 129
122 109 129
123 105 129
123 106 129
124 100 129
124 104 129
125 58 129
125 59 129
126 98 129
126 99 129
127 55 129
127 57 129
128 53 129
128 54 129
129 95 129
129 96 129
130 51 129
130 52 129
131 43 129
131 44 129
132 100 129
132 112 129
132 121 129
132 134 129
133 48 129
133 50 129
134 46 129
134 47 129
135 13 129
135 17 129
135 18 129
135 19 129
136 28 129
136 29 129
136 31 129
136 32 129
137 44 129
137 45 129
138 126 129
139 69 129
139 71 129
139 92 129
139 94 129
140 42 129
140 43 129
141 41 129
141 42 129
142 20 129
142 22 129
142 24 129
142 27 129
144 40 129
144 41 129
145 38 129
145 39 129
146 93 129
146 94 129
147 39 129
147 40 129
148 33 129
148 36 129
148 48 129
148 50 129
149 125 129
150 34 129
150 38 129
0 28 130
0 29 130
0 31 130
0 32 130
2 123 130
2 124 130
3 20 130
3 22 130
3 24 130
3 27 130
4 121 130
4 122 130
5 149 130
6 118 130
6 120 130
10 13 130
10 17 130
10 18 130
10 19 130
11 116 130
11 117 130
12 114 130
12 115 130
14 112 130
14 113 130
15 110 130
15 111 130
16 108 130
16 109 130
18 105 130
18 106 130
20 101 130
20 104 130
21 99 130
21 100 130
22 96 130
22 98 130
23 94 130
23 95 130
24 92 130
24 93 130
27 90 130
27 91 130
28 7 130
28 8 130
28 9 130
28 10 130
29 88 130
29 89 130
30 85 130
30 87 130
31 148 130
32 146 130
34 145 130
35 82 130
35 83 130
38 0 130
38 4 130
38 5 130
38 6 130
39 78 130
39 79 130
40 76 130
40 77 130
41 100 130
41 112 130
41 121 130
41 134 130
43 41 130
43 42 130
44 39 130
44 40 130
45 69 130
45 71 130
45 92 130
45 94 130
46 36 130
46 38 130
48 34 130
48 35 130
49 74 130
49 75 130
50 32 130
50 33 130
51 29 130
51 31 130
52 27 130
52 28 130
53 25 130
53 26 130
54 144 130
55 22 130
55 24 130
56 72 130
56 73 130
57 19 130
57 20 130
58 17 130
58 18 130
59 12 130
59 13 130
61 10 130
61 11 130
62 8 130
62 9 130
63 70 130
63 71 130
65 143 130
66 140 130
67 6 130
67 7 130
68 4 130
68 5 130
69 2 130
69 3 130
70 149 130
70 0 130
71 145 130
71 148 130
72 140 130
72 144 130
73 138 130
73 139 130
75 134 130
75 137 130
76 132 130
76 133 130
79 128 130
79 130 130
81 68 130
81 69 130
83 125 130
83 127 130
85 120 130
85 121 130
86 65 130
86 67 130
87 116 130
87 117 130
88 114 130
88 115 130
89 87 130
89 91 130
90 111 130
90 112 130
91 83 130
91 85 130
92 139 130
94 138 130
95 79 130
95 82 130
97 61 130
97 62 130
99 77 130
99 78 130
100 75 130
100 76 130
101 108 130
101 109 130
102 59 130
102 60 130
103 57 130
103 58 130
104 33 130
104 36 130
104 48 130
104 50 130
105 73 130
105 74 130
106 100 130
106 112 130
106 121 130
106 134 130
107 137 130
108 71 130
108 72 130
109 135 130
110 105 130
110 106 130
112 134 130
113 100 130
113 104 130
114 133 130
115 69 130
115 70 130
116 67 130
116 68 130
117 62 130
117 65 130
118 98 130
118 99 130
119 54 130
119 55 130
120 132 130
121 60 130
121 61 130
122 95 130
122 96 130
123 93 130
123 94 130
124 130 130
125 58 130
125 59 130
126 129 130
127 55 130
127 57 130
128 53 130
128 54 130
129 128 130
130 69 130
130 71 130
130 92 130
130 94 130
131 33 130
131 34 130
131 35 130
131 36 130
132 33 130
132 36 130
132 48 130
132 50 130
134 51 130
134 52 130
135 127 130
136 52 130
136 53 130
137 48 130
137 50 130
138 126 130
139 46 130
139 47 130
140 44 130
140 45 130
141 50 130
141 51 130
142 47 130
142 48 130
143 89 130
143 92 130
144 42 130
144 43 130
146 125 130
147 45 130
147 46 130
148 40 130
148 41 130
149 38 130
149 39 130
150 43 130
150 44 130
0 117 131
0 120 131
1 26 131
1 29 131
1 33 131
2 115 131
2 116 131
5 113 131
5 114 131
7 111 131
7 112 131
8 108 131
8 110 131
9 105 131
9 107 131
11 98 131
11 99 131
12 96 131
12 97 131
13 94 131
13 95 131
14 91 131
14 92 131
17 89 131
17 90 131
19 17 131
19 18 131
20 15 131
20 16 131
21 18 131
21 19 131
21 22 131
22 150 131
24 87 131
24 88 131
27 12 131
27 14 131
28 85 131
28 86 131
31 83 131
31 84 131
32 80 131
32 81 131
33 10 131
33 11 131
34 149 131
35 7 131
35 8 131
36 4 131
36 5 131
37 1 131
37 3 131
38 77 131
38 78 131
40 150 131
40 0 131
41 147 131
41 149 131
42 142 131
42 146 131
45 140 131
45 141 131
46 138 131
46 139 131
48 75 131
48 76 131
49 72 131
49 73 131
50 130 131
50 134 131
51 11 131
51 12 131
51 14 131
54 1 131
54 8 131
54 10 131
55 128 131
55 129 131
57 120 131
57 122 131
60 70 131
60 71 131
61 116 131
61 117 131
65 114 131
65 115 131
66 65 131
66 69 131
67 147 131
68 63 131
68 64 131
70 112 131
70 113 131
71 110 131
71 111 131
72 107 131
72 108 131
73 146 131
74 61 131
74 62 131
75 143 131
77 95 131
77 98 131
78 98 131
78 122 131
78 0 131
79 58 131
79 59 131
81 92 131
81 94 131
82 56 131
82 57 131
84 80 131
84 81 131
85 77 131
85 78 131
86 84 131
86 87 131
86 95 131
87 73 131
87 76 131
88 71 131
88 72 131
89 69 131
89 70 131
90 15 131
90 16 131
90 17 131
92 64 131
92 65 131
93 142 131
94 62 131
94 63 131
96 89 131
96 91 131
97 87 131
97 88 131
98 59 131
98 61 131
99 141 131
100 54 131
100 55 131
102 52 131
102 53 131
104 50 131
104 51 131
105 85 131
105 86 131
106 45 131
106 46 131
109 41 131
109 42 131
110 140 131
112 139 131
113 57 131
113 58 131
114 54 131
114 55 131
116 138 131
117 52 131
117 53 131
119 39 131
119 40 131
120 14 131
120 15 131
120 16 131
121 134 131
123 36 131
123 37 131
126 34 131
126 35 131
127 130 131
128 50 131
128 51 131
129 122 131
131 129 131
134 45 131
134 46 131
135 29 131
135 33 131
137 26 131
137 27 131
138 41 131
138 42 131
139 39 131
139 40 131
141 121 131
142 36 131
142 37 131
143 83 131
143 84 131
144 21 131
144 22 131
145 19 131
145 20 131
146 34 131
146 35 131
148 128 131
5 142 133
8 141 133
13 113 133
22 15 133
22 16 133
43 24 133
59 91 133
78 88 133
87 52 133
89 5 133
89 10 133
91 15 133
91 16 133
94 51 133
101 38 133
101 40 133
114 48 133
121 43 133
134 40 133
149 38 133
5 98 134
6 97 134
7 96 134
62 75 134
73 71 134
102 70 134
115 69 134
136 68 134
56 80 135
103 79 135
115 78 135
121 77 135
11 80 136
97 79 136
110 78 136
120 77 136
0 99 137
4 91 137
5 90 137
32 89 137
71 88 137
91 5 137
123 48 137
137 47 137
1 97 138
12 96 138
39 95 138
53 70 138
64 32 138
77 31 138
109 30 138
122 0 138
11 98 139
16 97 139
17 96 139
33 75 139
46 71 139
70 68 139
119 70 139
120 69 139
5 150 141
6 148 141
9 147 141
13 146 141
15 145 141
16 142 141
17 136 141
19 109 141
25 19 141
25 21 141
27 108 141
30 106 141
32 16 141
32 17 141
34 102 141
37 101 141
38 16 141
38 17 141
39 100 141
43 99 141
45 98 141
46 97 141
47 95 141
48 14 141
48 15 141
52 1 141
52 7 141
54 94 141
57 55 141
61 93 141
62 91 141
63 90 141
65 53 141
67 87 141
68 86 141
71 85 141
81 101 141
81 102 141
85 14 141
85 15 141
86 43 141
91 42 141
96 75 141
98 40 141
99 38 141
101 36 141
103 74 141
109 29 141
118 75 141
118 100 141
119 73 141
120 70 141
125 69 141
127 66 141
132 65 141
134 64 141
135 58 141
136 24 141
138 57 141
150 23 141
1 117 142
1 120 142
4 115 142
4 116 142
6 150 142
14 1 142
14 8 142
14 10 142
15 113 142
15 114 142
16 111 142
16 112 142
18 108 142
18 110 142
19 105 142
19 107 142
20 98 142
20 99 142
21 149 142
22 147 142
23 96 142
23 97 142
24 94 142
24 95 142
25 91 142
25 92 142
26 89 142
26 90 142
27 87 142
27 88 142
30 85 142
30 86 142
32 83 142
32 84 142
33 80 142
33 81 142
34 35 142
34 36 142
35 146 142
36 29 142
36 33 142
39 98 142
39 122 142
39 0 142
40 26 142
40 27 142
41 21 142
41 22 142
42 143 142
44 77 142
44 78 142
45 19 142
45 20 142
46 17 142
46 18 142
47 75 142
47 76 142
48 72 142
48 73 142
50 15 142
50 16 142
51 12 142
51 14 142
52 10 142
52 11 142
53 7 142
53 8 142
54 4 142
54 5 142
55 1 142
55 3 142
56 150 142
56 0 142
57 147 142
57 149 142
58 142 142
58 146 142
59 140 142
59 141 142
62 138 142
62 139 142
63 130 142
63 134 142
64 128 142
64 129 142
66 70 142
66 71 142
67 142 142
68 65 142
68 69 142
70 120 142
70 122 142
73 141 142
74 63 142
74 64 142
75 116 142
75 117 142
76 114 142
76 115 142
77 112 142
77 113 142
78 110 142
78 111 142
79 61 142
79 62 142
80 140 142
82 139 142
83 107 142
83 108 142
84 95 142
84 98 142
85 83 142
85 84 142
87 138 142
88 84 142
88 87 142
88 95 142
89 80 142
89 81 142
90 134 142
91 77 142
91 78 142
92 73 142
92 76 142
93 26 142
93 29 142
93 33 142
94 71 142
94 72 142
95 69 142
95 70 142
97 92 142
97 94 142
98 14 142
98 15 142
98 16 142
100 58 142
100 59 142
101 56 142
101 57 142
102 18 142
102 19 142
102 22 142
104 15 142
104 16 142
104 17 142
105 89 142
105 91 142
106 54 142
106 55 142
107 64 142
107 65 142
109 52 142
109 53 142
110 62 142
110 63 142
112 130 142
114 129 142
115 59 142
115 61 142
116 57 142
116 58 142
117 54 142
117 55 142
118 128 142
120 52 142
120 53 142
121 87 142
121 88 142
122 50 142
122 51 142
123 11 142
123 12 142
123 14 142
125 50 142
125 51 142
126 45 142
126 46 142
134 45 142
134 46 142
136 122 142
137 41 142
137 42 142
138 41 142
138 42 142
142 39 142
142 40 142
143 85 142
143 86 142
144 121 142
145 39 142
145 40 142
147 36 142
147 37 142
148 34 142
148 37 142
150 34 142
150 35 142
3 97 144
21 96 144
46 95 144
61 70 144
70 0 144
85 32 144
109 31 144
123 30 144
