11 109 41
13 108 41
26 107 41
30 106 41
60 105 41
64 71 41
68 70 41
80 53 41
115 14 41
139 12 41
4 109 67
17 108 67
24 107 67
42 106 67
45 105 67
73 71 67
78 70 67
114 53 67
120 14 67
149 12 67
19 109 76
24 108 76
25 107 76
27 106 76
95 105 76
96 71 76
101 70 76
109 12 76
138 53 76
148 14 76
0 150 77
2 148 77
5 146 77
9 141 77
10 137 77
11 136 77
13 135 77
14 134 77
15 132 77
18 131 77
20 129 77
21 127 77
25 126 77
26 121 77
28 118 77
29 117 77
32 116 77
37 115 77
39 114 77
41 112 77
42 111 77
44 110 77
45 109 77
47 108 77
51 106 77
53 105 77
55 56 77
56 54 77
61 104 77
64 98 77
65 97 77
67 51 77
71 95 77
72 94 77
73 50 77
74 49 77
75 93 77
78 90 77
84 89 77
86 88 77
87 85 77
89 46 77
92 80 77
93 41 77
96 74 77
97 40 77
100 73 77
103 67 77
104 38 77
105 36 77
106 32 77
107 58 77
112 26 77
115 25 77
131 5 77
133 57 77
134 3 77
141 2 77
143 55 77
148 1 77
11 137 78
13 136 78
59 135 78
64 122 78
76 121 78
86 120 78
94 85 78
96 60 78
119 34 78
138 33 78
4 150 82
7 148 82
9 146 82
10 141 82
15 137 82
16 136 82
18 135 82
19 134 82
20 132 82
22 131 82
23 129 82
26 127 82
28 126 82
29 121 82
31 118 82
33 117 82
37 116 82
39 115 82
40 114 82
41 112 82
46 111 82
51 110 82
52 109 82
53 108 82
54 106 82
55 105 82
56 55 82
57 54 82
59 104 82
63 98 82
65 97 82
69 95 82
71 94 82
73 51 82
76 93 82
77 90 82
79 89 82
80 50 82
83 88 82
84 85 82
87 80 82
88 49 82
89 46 82
90 41 82
94 40 82
95 38 82
96 74 82
102 73 82
110 36 82
111 32 82
116 26 82
117 25 82
123 67 82
128 58 82
137 5 82
139 57 82
141 3 82
146 2 82
147 56 82
150 1 82
17 66 83
40 65 83
58 64 83
68 63 83
76 62 83
86 61 83
101 60 83
115 59 83
124 45 83
142 1 83
3 137 84
16 136 84
24 135 84
58 122 84
62 121 84
96 120 84
101 85 84
109 60 84
138 34 84
150 33 84
14 137 91
37 136 91
38 135 91
41 122 91
76 121 91
79 120 91
88 85 91
107 60 91
110 34 91
144 33 91
7 109 93
16 108 93
17 107 93
27 106 93
43 105 93
47 71 93
53 12 93
72 70 93
111 53 93
131 14 93
11 137 94
51 136 94
65 135 94
87 122 94
94 121 94
107 120 94
110 85 94
120 33 94
144 60 94
146 34 94
2 132 100
17 131 100
31 130 100
41 129 100
42 128 100
82 90 100
89 50 100
105 45 100
116 29 100
124 27 100
0 150 101
8 148 101
9 146 101
10 141 101
11 137 101
15 136 101
17 135 101
18 134 101
19 132 101
20 131 101
22 129 101
24 127 101
25 126 101
26 121 101
28 118 101
30 117 101
33 116 101
34 115 101
36 114 101
38 112 101
41 111 101
44 110 101
48 109 101
52 108 101
56 51 101
59 106 101
61 105 101
63 104 101
66 98 101
67 50 101
70 97 101
72 95 101
74 49 101
75 94 101
79 93 101
82 90 101
89 46 101
92 89 101
93 41 101
97 40 101
101 88 101
102 85 101
104 38 101
107 80 101
108 36 101
113 74 101
115 32 101
119 73 101
120 67 101
123 58 101
126 26 101
129 25 101
130 57 101
134 5 101
138 56 101
139 55 101
141 3 101
146 2 101
147 54 101
148 1 101
4 109 103
11 108 103
14 12 103
28 107 103
31 106 103
52 105 103
84 71 103
91 70 103
94 53 103
128 14 103
25 109 104
28 108 104
33 107 104
39 106 104
62 105 104
81 71 104
83 70 104
88 53 104
127 14 104
146 12 104
0 150 105
2 148 105
4 146 105
5 141 105
7 137 105
15 136 105
19 135 105
24 134 105
26 132 105
27 131 105
31 129 105
42 127 105
43 126 105
48 121 105
49 118 105
51 117 105
53 116 105
54 115 105
57 114 105
68 112 105
69 111 105
70 110 105
73 74 105
79 109 105
80 67 105
81 108 105
83 106 105
85 58 105
87 105 105
89 57 105
90 56 105
93 55 105
94 54 105
98 51 105
99 104 105
100 98 105
103 97 105
105 50 105
106 49 105
108 46 105
111 41 105
114 40 105
116 38 105
118 36 105
121 32 105
122 95 105
123 94 105
125 93 105
126 26 105
127 25 105
129 5 105
131 3 105
136 2 105
140 90 105
141 1 105
142 89 105
143 88 105
144 85 105
145 80 105
147 73 105
10 137 106
17 136 106
35 135 106
66 122 106
111 121 106
114 120 106
116 85 106
124 60 106
128 34 106
144 33 106
7 132 107
24 131 107
54 130 107
68 129 107
87 128 107
88 90 107
89 50 107
94 45 107
102 29 107
115 27 107
2 132 111
15 131 111
16 130 111
59 129 111
95 128 111
105 90 111
122 50 111
129 29 111
131 27 111
140 45 111
47 109 113
48 108 113
50 107 113
66 106 113
92 105 113
94 71 113
109 12 113
114 70 113
115 53 113
139 14 113
5 66 114
24 65 114
45 64 114
51 63 114
59 45 114
64 1 114
100 62 114
110 61 114
137 60 114
148 59 114
0 13 115
0 14 115
1 150 115
3 149 115
4 148 115
5 147 115
6 146 115
7 145 115
9 144 115
11 143 115
12 1 115
12 4 115
13 142 115
16 144 115
16 145 115
17 139 115
20 138 115
22 136 115
26 135 115
28 134 115
30 133 115
31 132 115
32 131 115
34 126 115
36 11 115
36 12 115
40 125 115
41 124 115
42 123 115
43 122 115
44 121 115
46 120 115
49 119 115
50 117 115
51 116 115
53 9 115
53 10 115
54 115 115
55 113 115
58 112 115
59 111 115
60 110 115
61 109 115
62 107 115
64 106 115
65 105 115
66 64 115
67 104 115
69 62 115
71 103 115
72 102 115
74 98 115
76 59 115
78 58 115
79 97 115
80 57 115
84 96 115
86 56 115
87 93 115
88 91 115
89 90 115
91 54 115
92 86 115
96 106 115
96 143 115
99 85 115
100 5 115
100 7 115
101 82 115
102 22 115
102 26 115
106 52 115
107 50 115
108 81 115
110 49 115
112 98 115
112 102 115
113 48 115
114 80 115
116 44 115
120 41 115
124 27 115
124 39 115
125 39 115
126 32 115
127 78 115
128 76 115
129 70 115
130 69 115
133 30 115
136 28 115
138 27 115
140 66 115
143 26 115
144 25 115
145 24 115
147 23 115
148 22 115
149 16 115
150 15 115
0 150 116
2 149 116
6 148 116
8 147 116
9 146 116
10 145 116
13 144 116
14 143 116
16 142 116
17 139 116
19 138 116
20 136 116
21 135 116
23 134 116
25 133 116
26 132 116
27 131 116
28 126 116
30 125 116
31 124 116
32 123 116
34 122 116
35 121 116
41 120 116
42 13 116
42 14 116
43 11 116
43 12 116
47 119 116
49 117 116
50 116 116
51 115 116
52 113 116
53 112 116
57 111 116
58 110 116
59 109 116
62 107 116
65 106 116
67 105 116
68 104 116
71 103 116
73 9 116
73 10 116
74 102 116
75 98 116
76 64 116
77 97 116
78 62 116
79 5 116
79 7 116
80 59 116
81 58 116
82 57 116
83 96 116
84 93 116
87 91 116
88 90 116
92 86 116
94 85 116
95 82 116
96 56 116
97 54 116
98 27 116
98 39 116
102 52 116
105 1 116
105 4 116
106 22 116
106 26 116
107 50 116
108 81 116
109 49 116
112 48 116
116 44 116
117 41 116
118 80 116
119 39 116
121 144 116
121 145 116
122 32 116
123 30 116
125 28 116
126 27 116
127 78 116
129 76 116
130 70 116
131 26 116
132 25 116
135 106 116
135 143 116
136 24 116
137 69 116
141 66 116
143 23 116
144 22 116
147 16 116
148 98 116
148 102 116
149 15 116
6 66 117
8 65 117
45 59 117
61 1 117
86 64 117
87 63 117
109 62 117
115 61 117
136 60 117
137 45 117
0 150 118
1 148 118
2 146 118
10 141 118
16 137 118
17 136 118
18 135 118
19 134 118
21 132 118
23 131 118
24 129 118
28 127 118
29 126 118
32 121 118
33 118 118
35 117 118
36 116 118
39 115 118
40 114 118
41 112 118
44 111 118
45 110 118
46 109 118
47 108 118
48 106 118
49 50 118
58 46 118
59 105 118
60 104 118
61 98 118
62 97 118
69 95 118
70 94 118
73 41 118
75 93 118
77 90 118
81 89 118
87 88 118
88 40 118
92 85 118
93 38 118
96 80 118
100 74 118
102 73 118
103 67 118
108 36 118
111 32 118
115 26 118
116 25 118
118 5 118
122 58 118
129 3 118
130 57 118
133 56 118
135 2 118
138 55 118
140 54 118
142 51 118
145 49 118
148 1 118
0 13 119
0 14 119
2 150 119
3 149 119
5 148 119
7 147 119
9 146 119
11 145 119
12 144 119
13 143 119
14 142 119
17 139 119
18 11 119
18 12 119
20 138 119
21 136 119
22 144 119
22 145 119
24 135 119
25 134 119
26 133 119
28 132 119
29 131 119
32 126 119
33 125 119
34 124 119
35 123 119
36 122 119
42 121 119
45 120 119
46 119 119
47 117 119
48 116 119
49 115 119
50 113 119
53 112 119
54 111 119
55 110 119
56 109 119
57 107 119
58 106 119
60 105 119
61 104 119
63 9 119
63 10 119
65 103 119
68 102 119
69 106 119
69 143 119
72 98 119
73 97 119
74 96 119
76 69 119
77 5 119
77 7 119
78 66 119
81 64 119
82 62 119
84 93 119
85 59 119
86 58 119
87 91 119
90 57 119
94 90 119
95 86 119
96 56 119
98 54 119
100 85 119
101 1 119
101 4 119
102 52 119
103 50 119
105 49 119
107 48 119
109 44 119
110 41 119
112 39 119
113 98 119
113 102 119
114 82 119
116 27 119
116 39 119
118 81 119
119 32 119
120 30 119
122 28 119
123 27 119
127 80 119
131 26 119
132 25 119
133 24 119
137 78 119
138 23 119
140 76 119
141 70 119
142 22 119
145 22 119
145 26 119
149 16 119
150 15 119
0 150 120
2 148 120
3 146 120
8 141 120
9 137 120
11 136 120
14 135 120
17 134 120
20 132 120
25 131 120
28 129 120
29 127 120
33 126 120
34 121 120
35 118 120
36 117 120
37 116 120
38 115 120
40 114 120
41 112 120
42 111 120
43 110 120
44 109 120
47 108 120
51 106 120
54 105 120
56 104 120
57 56 120
60 98 120
61 97 120
62 95 120
66 94 120
68 93 120
69 90 120
73 55 120
75 89 120
87 88 120
88 54 120
89 51 120
93 50 120
94 49 120
95 46 120
97 41 120
99 85 120
101 80 120
102 74 120
103 73 120
110 40 120
111 38 120
115 36 120
117 32 120
118 26 120
120 67 120
124 58 120
129 25 120
132 5 120
136 3 120
137 2 120
139 57 120
141 1 120
0 150 121
1 148 121
2 146 121
3 141 121
4 137 121
5 136 121
7 135 121
12 134 121
15 132 121
17 131 121
18 129 121
20 127 121
24 126 121
25 121 121
26 118 121
27 117 121
29 116 121
30 115 121
33 114 121
35 112 121
37 111 121
38 110 121
39 109 121
40 108 121
41 106 121
49 105 121
50 104 121
52 98 121
58 55 121
60 97 121
63 95 121
65 94 121
68 93 121
72 90 121
74 54 121
83 89 121
84 88 121
86 85 121
88 51 121
89 50 121
90 49 121
93 46 121
97 41 121
98 40 121
106 38 121
107 80 121
110 36 121
113 74 121
116 32 121
118 26 121
124 73 121
127 25 121
130 67 121
137 5 121
145 58 121
146 3 121
147 57 121
148 2 121
149 56 121
150 1 121
1 150 122
2 149 122
5 148 122
6 13 122
6 14 122
7 147 122
9 146 122
14 145 122
15 144 122
16 143 122
18 142 122
24 139 122
25 138 122
26 136 122
28 135 122
29 134 122
30 133 122
31 132 122
32 131 122
33 126 122
36 11 122
36 12 122
37 125 122
38 124 122
39 22 122
39 26 122
42 123 122
44 122 122
50 121 122
51 120 122
52 119 122
56 117 122
57 116 122
58 115 122
59 113 122
60 112 122
62 111 122
63 110 122
64 109 122
71 107 122
72 106 122
73 9 122
73 10 122
74 105 122
75 104 122
76 103 122
79 5 122
79 7 122
80 78 122
82 76 122
83 1 122
83 4 122
85 70 122
86 69 122
87 102 122
88 98 122
89 97 122
90 66 122
91 64 122
92 96 122
94 93 122
96 62 122
98 59 122
99 91 122
101 90 122
102 58 122
104 57 122
105 56 122
108 86 122
109 54 122
111 52 122
112 50 122
113 106 122
113 143 122
115 49 122
116 48 122
117 44 122
119 41 122
120 98 122
120 102 122
121 39 122
122 32 122
123 30 122
126 28 122
128 85 122
129 82 122
130 81 122
133 27 122
134 26 122
135 25 122
136 24 122
137 80 122
139 27 122
139 39 122
140 144 122
140 145 122
142 23 122
146 22 122
147 16 122
148 15 122
0 63 123
0 64 123
1 150 123
3 149 123
4 1 123
4 2 123
4 6 123
4 7 123
5 60 123
5 62 123
7 148 123
8 58 123
8 59 123
9 147 123
10 146 123
12 145 123
13 144 123
14 43 123
14 45 123
14 48 123
15 11 123
15 14 123
15 16 123
16 56 123
16 57 123
17 143 123
18 54 123
18 55 123
19 142 123
21 52 123
21 53 123
22 141 123
23 140 123
24 50 123
24 51 123
25 29 123
25 30 123
25 31 123
26 139 123
28 138 123
29 48 123
29 49 123
30 137 123
31 11 123
31 64 123
31 77 123
31 94 123
33 45 123
33 47 123
34 42 123
34 43 123
35 136 123
36 135 123
37 33 123
37 34 123
38 134 123
39 31 123
39 32 123
40 133 123
41 29 123
41 30 123
43 132 123
44 131 123
45 130 123
46 50 123
46 51 123
46 52 123
47 26 123
47 28 123
50 129 123
52 128 123
53 24 123
53 25 123
54 19 123
54 22 123
55 17 123
55 18 123
56 127 123
59 15 123
59 16 123
60 126 123
61 125 123
64 124 123
65 123 123
66 120 123
67 119 123
68 118 123
69 117 123
71 66 123
71 77 123
71 94 123
71 114 123
73 116 123
74 40 123
74 41 123
76 114 123
77 11 123
77 14 123
78 7 123
78 8 123
79 113 123
80 2 123
80 6 123
81 0 123
81 1 123
82 118 123
82 124 123
82 128 123
82 0 123
83 112 123
84 148 123
84 149 123
85 111 123
86 110 123
87 93 123
87 94 123
88 142 123
88 146 123
89 103 123
91 138 123
91 139 123
93 128 123
93 11 123
93 31 123
93 64 123
94 89 123
95 101 123
97 88 123
98 100 123
99 87 123
100 136 123
100 137 123
101 86 123
102 99 123
103 85 123
104 97 123
105 94 123
106 93 123
107 92 123
108 91 123
109 37 123
109 39 123
110 130 123
110 135 123
111 84 123
113 83 123
114 81 123
116 80 123
118 79 123
119 128 123
119 129 123
120 78 123
121 90 123
122 35 123
122 36 123
124 77 123
124 85 123
126 118 123
126 124 123
127 77 123
128 76 123
130 75 123
131 73 123
132 15 123
132 17 123
132 19 123
133 72 123
134 71 123
135 70 123
136 70 123
136 73 123
137 64 123
137 66 123
138 59 123
138 62 123
139 69 123
140 68 123
143 67 123
144 114 123
144 116 123
146 53 123
146 58 123
147 66 123
149 65 123
150 87 123
150 113 123
1 150 124
3 149 124
4 148 124
5 147 124
6 146 124
8 145 124
9 144 124
10 143 124
11 142 124
12 139 124
13 106 124
13 143 124
15 138 124
17 13 124
17 14 124
22 136 124
23 135 124
25 134 124
26 133 124
27 132 124
28 131 124
30 126 124
31 11 124
31 12 124
32 125 124
33 124 124
35 123 124
37 122 124
38 121 124
39 120 124
40 119 124
42 117 124
45 116 124
47 115 124
48 113 124
49 98 124
49 102 124
51 112 124
52 111 124
53 9 124
53 10 124
54 110 124
59 109 124
60 5 124
60 7 124
61 107 124
63 1 124
63 4 124
64 106 124
68 105 124
71 144 124
71 145 124
72 104 124
73 103 124
74 102 124
76 78 124
77 98 124
78 70 124
79 97 124
80 69 124
83 96 124
86 66 124
87 93 124
90 64 124
91 62 124
92 91 124
94 90 124
95 86 124
97 59 124
98 58 124
100 85 124
102 57 124
103 56 124
104 27 124
104 39 124
105 54 124
107 52 124
108 82 124
109 50 124
110 49 124
112 48 124
117 44 124
120 41 124
121 39 124
124 32 124
126 30 124
128 81 124
129 80 124
131 28 124
133 27 124
136 26 124
137 76 124
143 25 124
144 22 124
144 26 124
145 24 124
146 23 124
148 22 124
149 16 124
150 15 124
0 150 125
1 128 125
1 11 125
1 31 125
1 64 125
2 149 125
3 148 125
4 147 125
5 63 125
5 64 125
6 146 125
7 60 125
7 62 125
10 145 125
11 144 125
12 58 125
12 59 125
13 143 125
14 142 125
15 56 125
15 57 125
16 141 125
17 54 125
17 55 125
18 140 125
20 139 125
21 138 125
22 137 125
24 136 125
25 52 125
25 53 125
26 50 125
26 51 125
27 48 125
27 49 125
29 135 125
30 45 125
30 47 125
32 42 125
32 43 125
33 134 125
34 133 125
35 132 125
36 40 125
36 41 125
37 1 125
37 2 125
37 6 125
37 7 125
38 37 125
38 39 125
39 35 125
39 36 125
41 33 125
41 34 125
42 31 125
42 32 125
43 131 125
45 130 125
46 50 125
46 51 125
46 52 125
47 129 125
48 128 125
49 16 125
49 17 125
49 19 125
50 29 125
50 30 125
51 26 125
51 28 125
52 127 125
53 126 125
54 24 125
54 25 125
55 19 125
55 22 125
57 125 125
58 17 125
58 18 125
60 124 125
61 43 125
61 45 125
61 48 125
62 123 125
63 15 125
63 16 125
64 120 125
65 119 125
67 11 125
67 14 125
68 118 125
69 7 125
69 8 125
70 117 125
71 2 125
71 6 125
72 116 125
73 114 125
74 113 125
75 0 125
75 1 125
76 118 125
76 124 125
76 128 125
76 0 125
77 148 125
77 149 125
78 142 125
78 146 125
79 112 125
80 111 125
82 110 125
83 103 125
84 101 125
87 100 125
88 99 125
90 138 125
90 139 125
91 89 125
92 136 125
92 137 125
93 130 125
93 135 125
97 88 125
98 29 125
98 30 125
98 31 125
99 87 125
100 86 125
101 85 125
102 97 125
104 94 125
105 93 125
106 92 125
109 91 125
110 84 125
111 83 125
112 81 125
113 87 125
113 93 125
116 77 125
116 85 125
117 80 125
120 79 125
121 90 125
123 66 125
123 77 125
123 94 125
123 114 125
125 78 125
126 77 125
127 128 125
127 129 125
128 70 125
128 73 125
129 11 125
129 64 125
129 77 125
129 94 125
130 76 125
133 75 125
134 73 125
135 64 125
135 66 125
136 72 125
137 71 125
139 70 125
140 118 125
140 124 125
141 69 125
142 68 125
143 67 125
144 66 125
145 11 125
145 14 125
145 15 125
146 65 125
147 114 125
147 116 125
148 59 125
148 62 125
149 53 125
149 58 125
150 94 125
150 113 125
0 150 126
1 4 126
1 5 126
8 149 126
9 148 126
10 147 126
11 146 126
13 145 126
14 144 126
16 143 126
20 142 126
21 139 126
23 138 126
24 136 126
26 135 126
27 22 126
27 26 126
28 134 126
30 133 126
33 132 126
34 131 126
35 126 126
36 125 126
38 124 126
39 123 126
40 122 126
41 144 126
41 145 126
42 121 126
44 120 126
45 119 126
46 117 126
47 116 126
48 115 126
51 113 126
53 112 126
56 111 126
57 110 126
59 109 126
62 106 126
62 143 126
63 107 126
64 106 126
66 105 126
69 104 126
71 103 126
73 13 126
73 14 126
74 102 126
76 70 126
77 98 126
79 97 126
80 69 126
81 66 126
84 96 126
85 64 126
86 62 126
87 93 126
88 91 126
89 90 126
92 86 126
94 85 126
95 82 126
97 59 126
98 58 126
99 11 126
99 12 126
101 9 126
101 10 126
103 57 126
104 56 126
105 54 126
110 52 126
111 50 126
113 98 126
113 102 126
116 49 126
117 27 126
117 39 126
119 48 126
121 44 126
124 41 126
126 39 126
128 81 126
129 80 126
131 32 126
132 30 126
134 28 126
135 27 126
136 26 126
137 78 126
140 76 126
141 1 126
141 7 126
143 25 126
144 24 126
146 23 126
147 22 126
148 16 126
149 15 126
0 128 127
0 11 127
0 31 127
0 64 127
1 63 127
1 64 127
2 60 127
2 62 127
3 58 127
3 59 127
4 56 127
4 57 127
5 150 127
6 54 127
6 55 127
7 149 127
8 148 127
9 147 127
12 146 127
13 52 127
13 53 127
15 145 127
16 144 127
17 143 127
18 142 127
19 141 127
21 140 127
23 50 127
23 51 127
24 139 127
26 138 127
28 1 127
28 2 127
28 6 127
28 7 127
30 48 127
30 49 127
34 33 127
34 35 127
35 137 127
36 136 127
37 31 127
37 32 127
38 135 127
39 134 127
40 133 127
43 29 127
43 30 127
44 45 127
44 47 127
45 26 127
45 28 127
46 132 127
47 131 127
48 24 127
48 25 127
49 130 127
50 19 127
50 22 127
51 129 127
52 17 127
52 18 127
53 15 127
53 16 127
54 11 127
54 14 127
55 128 127
56 127 127
57 7 127
57 8 127
59 126 127
61 125 127
62 124 127
63 118 127
63 124 127
63 128 127
63 0 127
64 29 127
64 30 127
64 31 127
65 123 127
66 16 127
66 17 127
66 19 127
67 120 127
69 2 127
69 6 127
70 119 127
71 0 127
71 1 127
72 118 127
73 117 127
74 42 127
74 43 127
75 43 127
75 45 127
75 48 127
76 116 127
77 11 127
77 14 127
77 15 127
78 114 127
80 113 127
81 148 127
81 149 127
82 40 127
82 41 127
83 112 127
84 111 127
85 110 127
86 103 127
87 93 127
87 94 127
88 142 127
88 146 127
90 88 127
92 87 127
93 86 127
94 85 127
95 50 127
95 51 127
95 52 127
96 37 127
96 39 127
98 101 127
99 84 127
102 100 127
103 83 127
104 99 127
105 97 127
106 94 127
107 93 127
108 92 127
109 91 127
110 138 127
110 139 127
111 81 127
112 80 127
113 79 127
114 78 127
115 34 127
115 36 127
116 77 127
116 85 127
117 136 127
117 137 127
118 77 127
119 76 127
120 75 127
121 90 127
122 89 127
123 73 127
125 72 127
126 71 127
127 130 127
127 135 127
128 70 127
129 70 127
129 73 127
132 69 127
133 128 127
133 129 127
134 68 127
136 64 127
136 66 127
137 59 127
137 62 127
139 53 127
139 58 127
140 118 127
140 124 127
142 67 127
144 66 127
145 114 127
145 116 127
147 66 127
147 77 127
147 94 127
147 114 127
148 65 127
149 11 127
149 64 127
149 77 127
149 94 127
150 87 127
150 113 127
0 150 128
2 148 128
3 146 128
4 141 128
6 137 128
7 136 128
9 135 128
10 134 128
11 132 128
12 131 128
15 129 128
19 127 128
20 126 128
21 121 128
23 118 128
25 117 128
26 116 128
27 115 128
29 114 128
31 112 128
32 111 128
34 110 128
36 109 128
37 108 128
38 106 128
41 105 128
43 104 128
46 98 128
50 97 128
51 54 128
52 95 128
56 50 128
61 94 128
68 93 128
70 90 128
72 89 128
81 88 128
87 85 128
88 49 128
89 46 128
90 41 128
93 40 128
96 80 128
97 38 128
98 36 128
99 74 128
106 32 128
109 26 128
119 73 128
121 25 128
125 67 128
127 5 128
128 58 128
132 3 128
133 57 128
135 2 128
136 1 128
138 56 128
144 55 128
147 51 128
0 150 129
2 63 129
2 64 129
3 149 129
5 148 129
6 60 129
6 62 129
7 58 129
7 59 129
8 147 129
9 56 129
9 57 129
10 54 129
10 55 129
12 146 129
13 145 129
14 144 129
18 52 129
18 53 129
19 143 129
21 50 129
21 51 129
22 142 129
23 141 129
24 48 129
24 49 129
25 45 129
25 47 129
26 140 129
27 42 129
27 43 129
28 139 129
29 138 129
30 29 129
30 31 129
31 50 129
31 51 129
31 52 129
32 1 129
32 2 129
32 6 129
32 7 129
33 137 129
34 136 129
35 135 129
36 134 129
37 26 129
37 28 129
38 133 129
39 132 129
40 131 129
41 130 129
42 129 129
43 24 129
43 25 129
44 128 129
47 127 129
48 19 129
48 22 129
49 17 129
49 18 129
50 126 129
51 43 129
51 45 129
51 48 129
52 125 129
53 29 129
53 30 129
53 31 129
54 124 129
55 123 129
58 66 129
58 77 129
58 94 129
58 114 129
59 15 129
59 16 129
60 120 129
61 40 129
61 41 129
62 119 129
63 11 129
63 14 129
64 118 129
66 117 129
67 116 129
68 114 129
69 113 129
70 7 129
70 8 129
71 2 129
71 6 129
72 112 129
73 0 129
73 1 129
74 37 129
74 39 129
75 148 129
75 149 129
77 111 129
78 110 129
80 142 129
80 146 129
82 103 129
83 101 129
84 100 129
85 99 129
86 97 129
87 94 129
88 87 129
89 86 129
91 85 129
92 138 129
92 139 129
93 77 129
93 85 129
95 93 129
96 35 129
96 36 129
97 136 129
97 137 129
98 33 129
98 34 129
99 84 129
100 83 129
101 81 129
102 30 129
102 32 129
105 92 129
106 91 129
107 90 129
109 89 129
110 80 129
111 130 129
111 135 129
112 79 129
113 70 129
113 73 129
114 78 129
116 77 129
117 118 129
117 124 129
117 128 129
117 0 129
118 76 129
119 128 129
119 129 129
120 75 129
121 88 129
123 118 129
123 124 129
124 16 129
124 17 129
124 19 129
125 73 129
126 114 129
126 116 129
128 72 129
129 64 129
129 66 129
130 59 129
130 62 129
131 71 129
133 70 129
134 94 129
134 113 129
135 11 129
135 14 129
135 15 129
136 128 129
136 11 129
136 31 129
136 64 129
137 53 129
137 58 129
138 69 129
140 87 129
140 93 129
141 68 129
145 67 129
146 66 129
148 11 129
148 64 129
148 77 129
148 94 129
150 65 129
1 150 130
2 149 130
5 148 130
6 147 130
7 146 130
8 145 130
9 144 130
10 143 130
12 5 130
12 7 130
13 142 130
15 139 130
16 1 130
16 4 130
18 138 130
19 136 130
20 135 130
22 134 130
27 133 130
28 132 130
31 13 130
31 14 130
32 131 130
33 126 130
36 125 130
38 124 130
40 123 130
41 144 130
41 145 130
42 122 130
43 121 130
44 106 130
44 143 130
45 120 130
46 119 130
47 117 130
49 116 130
50 115 130
52 113 130
54 112 130
56 111 130
59 110 130
60 109 130
61 107 130
62 106 130
63 105 130
65 104 130
66 98 130
66 102 130
67 103 130
70 102 130
71 98 130
72 11 130
72 12 130
73 97 130
75 96 130
78 80 130
79 93 130
80 76 130
85 70 130
89 91 130
90 69 130
91 66 130
92 90 130
93 64 130
98 62 130
100 86 130
101 9 130
101 10 130
103 59 130
105 58 130
109 57 130
111 27 130
111 39 130
113 56 130
116 22 130
116 26 130
117 54 130
118 85 130
119 52 130
120 50 130
121 49 130
123 48 130
125 44 130
126 41 130
127 82 130
128 81 130
129 78 130
132 39 130
133 32 130
134 30 130
135 28 130
136 27 130
138 26 130
139 25 130
142 24 130
144 23 130
147 22 130
149 16 130
150 15 130
0 150 131
1 149 131
2 148 131
3 63 131
3 64 131
5 60 131
5 62 131
6 147 131
7 58 131
7 59 131
8 56 131
8 57 131
11 146 131
12 145 131
13 144 131
14 143 131
16 142 131
17 141 131
18 140 131
20 139 131
21 138 131
22 137 131
23 136 131
24 54 131
24 55 131
25 52 131
25 53 131
26 135 131
27 134 131
28 50 131
28 51 131
29 48 131
29 49 131
30 11 131
30 64 131
30 77 131
30 94 131
33 45 131
33 47 131
34 42 131
34 43 131
35 33 131
35 34 131
36 133 131
37 132 131
38 131 131
39 130 131
40 31 131
40 32 131
42 129 131
43 29 131
43 30 131
44 128 131
45 11 131
45 14 131
45 15 131
46 127 131
47 126 131
48 26 131
48 28 131
49 125 131
50 124 131
52 123 131
53 120 131
54 119 131
55 118 131
56 117 131
57 116 131
58 114 131
59 113 131
60 24 131
60 25 131
61 50 131
61 51 131
61 52 131
62 112 131
63 111 131
65 110 131
66 19 131
66 22 131
67 103 131
70 17 131
70 18 131
71 15 131
71 16 131
72 101 131
73 100 131
74 99 131
76 97 131
77 11 131
77 14 131
79 7 131
79 8 131
82 94 131
83 93 131
84 92 131
85 2 131
85 6 131
86 0 131
86 1 131
87 86 131
88 85 131
89 84 131
90 148 131
90 149 131
91 142 131
91 146 131
92 83 131
93 138 131
93 139 131
94 81 131
96 40 131
96 41 131
97 136 131
97 137 131
98 91 131
100 80 131
101 79 131
102 1 131
102 2 131
102 6 131
102 7 131
103 130 131
103 135 131
104 90 131
105 43 131
105 45 131
105 48 131
106 37 131
106 39 131
107 89 131
108 88 131
110 118 131
110 124 131
110 128 131
110 0 131
112 29 131
112 30 131
112 31 131
113 78 131
114 77 131
115 35 131
115 36 131
117 128 131
117 129 131
118 76 131
119 75 131
121 87 131
123 73 131
124 72 131
125 71 131
126 70 131
127 69 131
130 68 131
131 118 131
131 124 131
133 16 131
133 17 131
133 19 131
134 66 131
134 77 131
134 94 131
134 114 131
136 67 131
138 87 131
138 93 131
139 77 131
139 85 131
141 66 131
142 70 131
142 73 131
143 114 131
143 116 131
144 128 131
144 11 131
144 31 131
144 64 131
146 64 131
146 66 131
147 94 131
147 113 131
148 59 131
148 62 131
149 53 131
149 58 131
150 65 131
0 150 132
1 149 132
2 148 132
3 147 132
4 63 132
4 64 132
5 146 132
10 60 132
10 62 132
12 145 132
13 144 132
14 143 132
15 142 132
16 58 132
16 59 132
17 141 132
18 56 132
18 57 132
19 16 132
19 17 132
19 29 132
20 140 132
21 139 132
22 54 132
22 55 132
24 52 132
24 53 132
25 138 132
26 137 132
28 50 132
28 51 132
30 48 132
30 49 132
31 45 132
31 47 132
32 136 132
33 135 132
34 33 132
34 35 132
35 134 132
36 31 132
36 32 132
37 133 132
38 42 132
38 43 132
40 132 132
41 29 132
41 30 132
42 131 132
43 130 132
44 40 132
44 41 132
45 26 132
45 28 132
46 1 132
46 2 132
46 6 132
46 7 132
48 129 132
49 24 132
49 25 132
50 128 132
51 127 132
52 19 132
52 22 132
54 66 132
54 77 132
54 94 132
54 114 132
55 17 132
55 18 132
57 126 132
59 15 132
59 16 132
61 37 132
61 39 132
62 125 132
63 11 132
63 14 132
64 124 132
65 7 132
65 8 132
66 123 132
67 120 132
68 119 132
69 2 132
69 6 132
70 118 132
71 0 132
71 1 132
72 117 132
73 116 132
74 114 132
76 113 132
79 112 132
80 111 132
81 110 132
82 103 132
83 101 132
84 148 132
84 149 132
85 94 132
85 11 132
85 31 132
85 64 132
87 64 132
87 66 132
88 142 132
88 146 132
89 138 132
89 139 132
90 136 132
90 137 132
91 130 132
91 135 132
93 59 132
93 62 132
94 11 132
94 64 132
94 77 132
94 128 132
95 100 132
97 88 132
98 118 132
98 124 132
98 128 132
98 0 132
99 43 132
99 45 132
99 48 132
101 128 132
101 129 132
102 99 132
103 118 132
103 124 132
104 97 132
105 94 132
106 93 132
107 34 132
107 36 132
108 92 132
109 91 132
110 87 132
111 114 132
111 116 132
112 86 132
113 85 132
114 84 132
115 90 132
118 83 132
119 81 132
121 89 132
122 50 132
122 51 132
122 52 132
123 94 132
123 113 132
125 80 132
126 87 132
126 93 132
127 79 132
128 78 132
131 77 132
132 77 132
132 85 132
133 76 132
134 70 132
134 73 132
135 75 132
137 11 132
137 14 132
137 15 132
138 73 132
139 53 132
139 58 132
140 72 132
141 71 132
142 70 132
143 19 132
143 30 132
143 31 132
144 69 132
146 68 132
147 67 132
148 66 132
149 65 132
0 150 133
1 148 133
3 146 133
5 141 133
7 137 133
11 136 133
12 135 133
14 134 133
19 132 133
24 131 133
25 129 133
27 127 133
30 126 133
35 121 133
36 118 133
39 117 133
43 116 133
48 115 133
50 114 133
51 112 133
54 111 133
58 67 133
63 110 133
66 109 133
67 57 133
69 108 133
70 106 133
71 105 133
73 56 133
75 104 133
81 98 133
82 97 133
85 55 133
93 54 133
95 51 133
97 50 133
100 95 133
103 94 133
105 49 133
106 46 133
108 41 133
114 40 133
116 38 133
118 36 133
120 93 133
121 32 133
126 26 133
128 90 133
132 25 133
136 5 133
137 3 133
138 89 133
139 88 133
140 85 133
142 80 133
143 74 133
144 73 133
145 58 133
148 2 133
150 1 133
19 109 134
30 108 134
40 107 134
51 106 134
75 105 134
79 71 134
93 70 134
101 53 134
141 14 134
146 12 134
45 29 135
48 132 135
70 131 135
77 130 135
81 129 135
105 128 135
106 90 135
121 50 135
130 27 135
134 45 135
13 66 136
17 65 136
50 64 136
52 63 136
57 62 136
70 61 136
81 60 136
93 59 136
98 45 136
101 1 136
2 132 138
9 131 138
21 130 138
37 129 138
52 128 138
61 90 138
98 50 138
118 45 138
122 29 138
144 27 138
1 150 141
2 148 141
8 146 141
9 141 141
10 137 141
13 136 141
15 135 141
16 134 141
17 132 141
21 131 141
25 129 141
26 127 141
27 126 141
30 121 141
31 118 141
33 117 141
36 116 141
37 115 141
38 114 141
40 112 141
42 111 141
43 110 141
44 109 141
48 108 141
53 106 141
58 55 141
60 105 141
61 104 141
62 98 141
67 54 141
71 97 141
72 95 141
74 51 141
75 94 141
82 93 141
84 90 141
88 50 141
92 89 141
95 49 141
97 46 141
98 41 141
99 88 141
101 85 141
104 40 141
107 80 141
110 38 141
121 36 141
127 32 141
131 26 141
132 25 141
134 5 141
136 3 141
138 74 141
140 73 141
141 2 141
143 67 141
144 58 141
146 1 141
147 57 141
149 56 141
0 150 142
3 149 142
4 148 142
5 147 142
6 146 142
7 106 142
7 143 142
9 145 142
14 144 142
18 143 142
20 142 142
21 139 142
22 138 142
24 136 142
25 135 142
26 134 142
28 133 142
30 132 142
31 13 142
31 14 142
32 131 142
33 126 142
34 125 142
37 11 142
37 12 142
38 9 142
38 10 142
40 124 142
41 123 142
42 122 142
43 121 142
47 120 142
49 98 142
49 102 142
53 119 142
54 117 142
55 116 142
56 115 142
57 113 142
58 112 142
59 111 142
62 110 142
63 109 142
65 5 142
65 7 142
69 107 142
70 106 142
72 105 142
73 104 142
79 103 142
81 70 142
83 102 142
84 1 142
84 4 142
87 98 142
88 97 142
89 96 142
90 69 142
93 66 142
95 93 142
96 64 142
99 91 142
101 90 142
102 62 142
104 59 142
105 58 142
106 22 142
106 26 142
107 57 142
108 86 142
110 56 142
111 54 142
112 27 142
112 39 142
113 52 142
114 85 142
116 50 142
117 49 142
119 48 142
120 44 142
122 41 142
125 39 142
126 32 142
127 82 142
128 81 142
129 80 142
130 78 142
133 30 142
134 28 142
135 27 142
136 26 142
138 25 142
139 24 142
140 144 142
140 145 142
141 76 142
144 23 142
145 22 142
147 16 142
149 15 142
3 66 145
8 65 145
22 64 145
33 63 145
36 62 145
46 61 145
56 60 145
73 59 145
99 45 145
100 1 145
