18 253 0
38 686 0
48 283 0
55 892 0
59 639 0
74 1464 0
77 1195 0
79 901 0
91 398 0
93 1074 0
120 1266 0
124 848 0
159 373 0
161 222 0
163 1031 0
165 620 0
175 463 0
184 443 0
200 952 0
203 338 0
216 1284 0
231 900 0
251 359 0
254 770 0
258 1251 0
283 1249 0
288 764 0
293 527 0
294 359 0
298 571 0
312 1036 0
322 439 0
327 512 0
345 1153 0
349 354 0
353 462 0
359 1013 0
360 782 0
369 495 0
370 823 0
431 713 0
442 618 0
451 1210 0
453 639 0
454 1358 0
462 1406 0
489 1008 0
489 1370 0
501 1334 0
568 1440 0
580 846 0
600 1341 0
611 821 0
616 832 0
620 1130 0
634 1478 0
693 835 0
716 1401 0
723 1359 0
758 1116 0
806 1302 0
820 1461 0
822 1283 0
823 1386 0
844 891 0
870 1057 0
881 1127 0
887 1042 0
909 1231 0
912 1247 0
919 1380 0
930 956 0
966 1363 0
972 1221 0
981 1197 0
1035 1158 0
1036 1456 0
1065 1245 0
1088 1186 0
1100 1143 0
1132 1188 0
1146 1341 0
1269 1315 0
1304 1476 0
1365 1410 0
1381 1405 0
1417 1447 0
10 853 1
11 123 1
16 929 1
16 355 1
29 569 1
30 625 1
41 1447 1
52 991 1
74 1114 1
83 1333 1
83 1422 1
84 735 1
90 1281 1
92 974 1
99 736 1
101 262 1
102 588 1
111 520 1
119 518 1
130 1224 1
146 659 1
151 854 1
152 382 1
172 1479 1
208 864 1
225 1266 1
238 270 1
245 564 1
257 856 1
258 981 1
277 370 1
285 1470 1
322 732 1
325 732 1
334 1175 1
338 810 1
365 1348 1
367 713 1
385 1004 1
399 1026 1
412 1341 1
413 1032 1
418 1098 1
424 1023 1
465 844 1
466 641 1
476 857 1
488 1194 1
490 937 1
500 1060 1
504 1345 1
522 1430 1
543 979 1
558 768 1
568 1004 1
605 659 1
606 1037 1
693 1333 1
722 1141 1
739 840 1
770 1209 1
774 1465 1
798 1175 1
815 1003 1
846 1066 1
880 1302 1
884 1091 1
901 1057 1
908 916 1
914 1322 1
937 1067 1
940 1109 1
943 995 1
999 1216 1
1017 1242 1
1021 1400 1
1037 1075 1
1144 1262 1
1209 1390 1
1280 1467 1
1467 1469 1
21 1413 2
30 88 2
32 833 2
38 753 2
53 554 2
78 724 2
79 400 2
85 1300 2
85 200 2
86 1348 2
102 534 2
106 1344 2
114 1363 2
128 311 2
148 885 2
149 456 2
151 1144 2
169 188 2
183 417 2
190 602 2
191 454 2
204 616 2
213 1235 2
216 253 2
219 999 2
224 290 2
234 763 2
248 488 2
248 1063 2
271 1313 2
271 629 2
273 1133 2
280 931 2
280 908 2
288 910 2
292 1422 2
293 352 2
299 1389 2
310 936 2
311 1451 2
337 602 2
340 1109 2
357 697 2
359 746 2
368 622 2
371 1165 2
376 706 2
392 621 2
399 926 2
430 475 2
435 1458 2
446 1399 2
456 1323 2
458 1101 2
466 1124 2
466 854 2
468 1170 2
475 1365 2
484 1420 2
489 1464 2
490 1324 2
490 1374 2
502 1331 2
506 664 2
508 1269 2
510 964 2
518 865 2
522 1256 2
524 986 2
525 650 2
556 1153 2
565 1187 2
586 1110 2
592 1002 2
619 791 2
669 1041 2
677 1230 2
689 1403 2
695 935 2
712 1113 2
737 875 2
742 969 2
747 875 2
772 1298 2
814 1060 2
830 1372 2
845 1467 2
848 1320 2
855 905 2
866 1419 2
899 1265 2
905 1002 2
910 952 2
925 1410 2
937 1079 2
942 1214 2
969 973 2
978 1232 2
1027 1102 2
1050 1201 2
1054 1390 2
1086 1231 2
1101 1138 2
1138 1455 2
1167 1465 2
1200 1381 2
1206 1208 2
1257 1278 2
1260 1300 2
2 352 3
3 1090 3
8 376 3
13 1062 3
32 985 3
35 1335 3
49 419 3
50 1004 3
56 1014 3
89 530 3
103 487 3
111 545 3
112 293 3
123 1134 3
147 416 3
149 1051 3
155 771 3
191 727 3
196 432 3
200 293 3
200 1288 3
202 314 3
204 1397 3
207 1368 3
220 924 3
225 1324 3
239 1278 3
284 995 3
287 897 3
313 1097 3
314 1162 3
320 428 3
322 382 3
336 1225 3
342 942 3
363 480 3
369 1187 3
372 1452 3
383 842 3
413 1406 3
419 1477 3
421 475 3
429 958 3
438 1229 3
442 1302 3
445 874 3
451 1468 3
452 709 3
465 614 3
473 1102 3
475 844 3
476 1264 3
478 739 3
479 1366 3
508 638 3
518 1411 3
530 1030 3
531 1077 3
532 1177 3
538 810 3
598 1305 3
627 1132 3
654 1167 3
667 1102 3
670 1065 3
692 811 3
693 1024 3
708 921 3
713 1463 3
763 973 3
801 1255 3
856 952 3
938 998 3
968 1194 3
1004 1242 3
1031 1430 3
1056 1441 3
1094 1438 3
1108 1418 3
1116 1218 3
1144 1283 3
1155 1204 3
1197 1393 3
1203 1421 3
1203 1270 3
1398 1429 3
1447 1460 3
26 710 4
35 46 4
43 732 4
49 1257 4
62 603 4
71 1267 4
91 1008 4
101 747 4
107 261 4
137 449 4
139 445 4
156 659 4
157 416 4
176 289 4
182 280 4
183 796 4
197 1456 4
197 1236 4
203 911 4
209 849 4
254 488 4
268 597 4
289 617 4
295 668 4
296 711 4
300 1084 4
305 951 4
305 1108 4
312 1021 4
337 838 4
348 636 4
356 470 4
357 1386 4
357 1461 4
379 1428 4
402 681 4
424 1179 4
427 645 4
432 528 4
435 622 4
469 1310 4
473 988 4
481 1305 4
510 751 4
514 1346 4
537 1018 4
550 639 4
594 689 4
600 1318 4
625 1369 4
628 1461 4
630 1112 4
636 1358 4
678 1471 4
681 1344 4
696 1271 4
697 1080 4
699 830 4
710 946 4
715 1226 4
747 1202 4
752 1105 4
760 1214 4
792 1430 4
878 979 4
913 1449 4
924 1189 4
945 1331 4
966 1280 4
1000 1173 4
1006 1045 4
1007 1242 4
1059 1422 4
1150 1218 4
1166 1358 4
1184 1200 4
1198 1424 4
1359 1450 4
1410 1469 4
3 1211 5
6 377 5
21 590 5
40 224 5
65 205 5
79 1156 5
84 337 5
87 818 5
91 282 5
102 936 5
122 862 5
127 1294 5
174 857 5
181 1448 5
183 1362 5
198 1052 5
203 313 5
223 382 5
228 890 5
229 1030 5
238 655 5
270 666 5
272 734 5
289 1330 5
293 312 5
309 1443 5
355 581 5
377 1186 5
402 676 5
414 1228 5
424 593 5
441 1246 5
453 1086 5
496 714 5
543 1442 5
570 1063 5
574 774 5
597 984 5
597 1377 5
600 1177 5
659 1431 5
666 1434 5
687 860 5
722 1158 5
733 767 5
738 1448 5
743 1088 5
747 949 5
783 1130 5
818 1155 5
823 950 5
834 1297 5
864 1209 5
888 1453 5
896 1048 5
907 1321 5
935 941 5
1013 1176 5
1023 1067 5
1078 1368 5
1101 1450 5
1192 1439 5
1228 1370 5
1307 1381 5
9 1322 6
54 539 6
57 1276 6
57 1233 6
99 572 6
124 456 6
132 343 6
151 501 6
160 1245 6
230 937 6
257 563 6
286 1035 6
410 546 6
449 624 6
457 1235 6
480 1276 6
490 878 6
491 1368 6
501 1429 6
534 1032 6
652 1281 6
660 1213 6
722 1304 6
732 950 6
802 922 6
874 1311 6
961 1421 6
999 1111 6
1033 1080 6
1308 1478 6
1375 1476 6
14 1153 7
18 32 7
25 1292 7
37 1239 7
72 414 7
87 1377 7
88 365 7
92 1470 7
105 1373 7
105 564 7
113 461 7
121 136 7
125 1029 7
142 400 7
150 1473 7
202 683 7
212 1421 7
239 404 7
245 404 7
252 319 7
262 770 7
267 796 7
306 1465 7
313 1292 7
317 950 7
336 1373 7
347 405 7
458 1120 7
523 1372 7
537 1310 7
541 1338 7
558 1002 7
565 721 7
614 735 7
664 1401 7
844 973 7
862 1124 7
915 1171 7
1106 1113 7
1159 1394 7
1188 1378 7
1246 1313 7
18 135 8
23 341 8
30 518 8
65 747 8
87 623 8
87 1115 8
118 357 8
121 134 8
125 677 8
130 1102 8
185 1309 8
200 1092 8
225 1295 8
272 1464 8
294 562 8
321 484 8
321 1292 8
327 775 8
335 1077 8
368 1330 8
382 889 8
398 809 8
413 907 8
439 934 8
450 551 8
475 1390 8
498 861 8
507 884 8
509 1225 8
518 865 8
526 675 8
527 762 8
568 1280 8
589 1047 8
589 1190 8
678 684 8
691 949 8
692 975 8
708 1415 8
764 1310 8
776 820 8
792 1031 8
821 891 8
890 1152 8
898 1479 8
915 1036 8
1025 1468 8
1058 1257 8
1061 1330 8
1078 1354 8
1085 1115 8
1090 1345 8
1157 1296 8
1298 1463 8
1 620 9
3 1180 9
5 1443 9
5 400 9
24 403 9
27 1184 9
30 302 9
31 460 9
37 1079 9
52 1122 9
55 392 9
60 212 9
60 214 9
60 188 9
67 984 9
82 190 9
82 1289 9
83 1244 9
87 971 9
89 1286 9
89 1197 9
99 434 9
105 782 9
109 334 9
111 1244 9
112 338 9
121 762 9
132 324 9
140 456 9
142 148 9
153 642 9
155 392 9
157 801 9
159 871 9
164 251 9
164 1003 9
167 932 9
168 906 9
170 1206 9
173 1188 9
190 1353 9
208 358 9
221 945 9
222 1107 9
230 1128 9
247 874 9
254 1043 9
255 1450 9
262 1234 9
265 406 9
266 1067 9
268 425 9
272 1326 9
276 1378 9
278 1215 9
283 652 9
289 725 9
292 820 9
293 429 9
300 1436 9
302 877 9
303 494 9
303 1424 9
313 596 9
315 713 9
322 801 9
331 1445 9
335 1100 9
341 744 9
344 774 9
346 1450 9
348 777 9
348 662 9
352 1338 9
352 1178 9
353 1436 9
354 863 9
364 774 9
367 658 9
369 1223 9
369 1218 9
385 579 9
406 931 9
409 576 9
417 1273 9
419 1032 9
433 460 9
446 645 9
454 1013 9
457 887 9
459 1331 9
465 1279 9
469 971 9
477 847 9
481 1323 9
482 1308 9
483 829 9
487 940 9
490 1290 9
492 560 9
507 1409 9
517 850 9
531 1316 9
532 1257 9
536 774 9
539 769 9
554 759 9
570 1116 9
572 1440 9
573 1426 9
577 1257 9
601 1293 9
606 985 9
617 1334 9
636 1197 9
641 692 9
644 651 9
651 1340 9
660 1194 9
665 670 9
665 1275 9
668 880 9
676 1319 9
693 1057 9
693 935 9
696 1282 9
699 795 9
709 1114 9
762 892 9
766 1461 9
768 1252 9
769 780 9
784 1325 9
797 1134 9
811 1289 9
812 1144 9
817 964 9
821 1383 9
843 1404 9
844 1382 9
848 1317 9
850 1126 9
861 1458 9
875 1266 9
877 1396 9
890 1005 9
890 909 9
892 1006 9
916 1351 9
921 1429 9
922 962 9
924 1357 9
932 1178 9
939 1062 9
956 1476 9
974 1426 9
979 1149 9
986 991 9
1004 1245 9
1013 1202 9
1019 1283 9
1024 1044 9
1053 1080 9
1063 1474 9
1110 1361 9
1125 1170 9
1150 1462 9
1181 1421 9
1184 1466 9
1288 1467 9
1291 1449 9
1329 1336 9
1377 1389 9
1382 1395 9
10 1223 10
15 397 10
15 1206 10
41 237 10
56 1477 10
58 759 10
73 1230 10
73 463 10
75 957 10
79 874 10
98 955 10
134 137 10
140 1250 10
146 1007 10
150 1184 10
151 1150 10
187 730 10
190 880 10
195 1409 10
203 391 10
228 572 10
233 645 10
239 857 10
239 474 10
241 859 10
246 483 10
260 409 10
261 1451 10
263 619 10
277 1267 10
309 389 10
323 720 10
324 1193 10
337 765 10
343 1291 10
370 936 10
395 840 10
400 1238 10
403 830 10
405 491 10
424 1446 10
454 702 10
465 613 10
473 1455 10
473 506 10
476 490 10
511 651 10
519 974 10
548 1395 10
550 897 10
550 853 10
631 1066 10
641 1003 10
644 651 10
681 910 10
704 781 10
708 1153 10
733 1096 10
741 1021 10
756 1075 10
775 1233 10
776 1105 10
801 1036 10
829 1072 10
836 1397 10
848 1294 10
880 1061 10
893 1202 10
904 1142 10
904 1274 10
911 1372 10
978 1371 10
990 1457 10
1004 1232 10
1016 1339 10
1058 1185 10
1101 1428 10
1149 1473 10
1171 1339 10
1181 1431 10
1233 1451 10
1269 1478 10
1300 1403 10
4 496 11
5 1050 11
8 108 11
11 69 11
18 1035 11
22 1426 11
29 1102 11
32 1479 11
36 815 11
42 626 11
45 1355 11
47 616 11
48 1198 11
49 866 11
50 1475 11
57 166 11
59 1332 11
59 300 11
60 404 11
69 72 11
72 466 11
73 608 11
73 1421 11
74 345 11
78 839 11
82 1197 11
97 1240 11
99 747 11
101 240 11
106 960 11
111 809 11
111 1440 11
124 808 11
128 229 11
130 1264 11
135 860 11
137 1270 11
137 742 11
138 628 11
141 1403 11
142 804 11
144 1229 11
152 1279 11
153 902 11
155 884 11
157 474 11
157 823 11
164 1439 11
164 1173 11
169 229 11
170 1286 11
202 435 11
206 500 11
207 699 11
208 731 11
208 764 11
211 512 11
223 812 11
227 552 11
235 1007 11
240 263 11
252 624 11
253 987 11
253 330 11
254 913 11
261 412 11
261 1380 11
262 502 11
264 689 11
272 304 11
274 1249 11
275 610 11
275 968 11
277 456 11
279 847 11
284 1257 11
285 1433 11
287 1398 11
297 1212 11
304 475 11
308 489 11
317 1448 11
320 1121 11
324 892 11
327 1452 11
357 411 11
358 478 11
358 1403 11
370 748 11
371 705 11
373 1366 11
375 387 11
376 461 11
388 428 11
390 940 11
394 1245 11
395 736 11
398 538 11
402 1323 11
409 1229 11
410 1229 11
423 998 11
424 823 11
426 933 11
428 1383 11
430 1230 11
434 1106 11
436 635 11
448 1219 11
449 1029 11
455 1191 11
461 1010 11
477 889 11
480 595 11
480 810 11
481 1206 11
491 1398 11
494 864 11
494 591 11
497 934 11
497 823 11
498 912 11
499 1038 11
499 1424 11
523 1001 11
527 890 11
529 616 11
530 710 11
535 1087 11
539 581 11
544 1287 11
550 1063 11
556 1390 11
560 1449 11
568 753 11
571 977 11
575 683 11
580 602 11
584 1400 11
592 639 11
604 886 11
620 791 11
623 969 11
634 1379 11
635 1112 11
636 1309 11
659 828 11
665 793 11
673 735 11
689 1060 11
691 1242 11
697 893 11
701 955 11
702 845 11
707 954 11
715 1115 11
725 1249 11
727 1269 11
732 1063 11
737 1274 11
747 1288 11
749 1303 11
759 848 11
760 1195 11
769 867 11
792 961 11
802 838 11
804 1068 11
809 1454 11
813 1111 11
820 1306 11
821 1428 11
839 978 11
867 1251 11
881 1258 11
901 1468 11
904 1189 11
942 1242 11
957 1093 11
969 1049 11
997 1079 11
1012 1426 11
1027 1283 11
1030 1060 11
1038 1052 11
1050 1195 11
1059 1389 11
1090 1262 11
1090 1346 11
1092 1113 11
1130 1270 11
1147 1182 11
1184 1449 11
1224 1292 11
1242 1425 11
1249 1262 11
1312 1411 11
10 1201 12
17 969 12
28 190 12
32 957 12
44 1018 12
82 928 12
84 106 12
84 1131 12
95 520 12
101 1313 12
111 1225 12
141 643 12
142 992 12
150 1235 12
158 803 12
161 209 12
162 496 12
165 1303 12
171 1393 12
185 216 12
189 1328 12
198 721 12
209 674 12
230 1042 12
234 316 12
247 543 12
264 778 12
270 627 12
270 1036 12
292 839 12
293 399 12
308 1024 12
314 348 12
315 579 12
320 563 12
324 354 12
338 538 12
340 1331 12
340 1369 12
362 1479 12
369 1353 12
370 1227 12
372 507 12
374 1090 12
380 566 12
393 617 12
393 638 12
402 683 12
409 939 12
410 765 12
415 846 12
435 1439 12
445 1026 12
448 1432 12
448 640 12
451 475 12
475 1373 12
506 835 12
511 1046 12
540 947 12
560 887 12
575 671 12
593 775 12
596 1201 12
602 717 12
630 1373 12
681 1318 12
690 862 12
694 1221 12
717 1257 12
724 750 12
760 1083 12
763 1140 12
780 1375 12
795 1163 12
799 1244 12
807 910 12
823 1267 12
840 1112 12
850 1211 12
934 950 12
940 1212 12
944 1422 12
947 991 12
964 1138 12
974 1162 12
1034 1470 12
1059 1119 12
1101 1105 12
1195 1438 12
1278 1404 12
1290 1470 12
1331 1454 12
4 569 13
32 329 13
41 117 13
74 1304 13
105 937 13
176 991 13
177 1191 13
181 1401 13
186 925 13
232 1024 13
262 273 13
273 1028 13
326 605 13
375 1370 13
393 604 13
505 1427 13
549 885 13
593 988 13
597 1126 13
600 685 13
689 1294 13
708 741 13
730 1442 13
741 1408 13
776 1257 13
828 1345 13
859 1439 13
995 1136 13
1029 1476 13
1053 1169 13
1072 1258 13
1149 1328 13
0 1187 14
5 849 14
8 996 14
15 1394 14
18 40 14
21 839 14
22 264 14
24 1425 14
32 820 14
36 412 14
37 946 14
42 1469 14
44 1273 14
49 1340 14
50 229 14
51 112 14
52 323 14
53 920 14
59 1164 14
61 194 14
62 1375 14
63 643 14
66 1081 14
75 625 14
79 522 14
87 212 14
89 256 14
94 762 14
101 1089 14
108 941 14
108 284 14
112 279 14
116 1065 14
118 1228 14
120 1138 14
123 1121 14
130 1161 14
135 149 14
150 1327 14
152 491 14
173 684 14
175 264 14
176 353 14
184 516 14
211 1001 14
212 1009 14
217 1178 14
222 1315 14
224 495 14
227 1446 14
229 705 14
234 748 14
237 940 14
247 494 14
250 1425 14
251 1120 14
255 1245 14
259 940 14
262 874 14
270 1126 14
271 1355 14
272 886 14
273 938 14
274 891 14
277 1387 14
286 1213 14
288 1337 14
289 1392 14
294 1132 14
296 494 14
297 792 14
297 1374 14
305 313 14
306 586 14
308 412 14
312 431 14
313 671 14
320 736 14
320 392 14
328 433 14
329 1247 14
332 844 14
335 1269 14
336 775 14
337 707 14
339 762 14
341 706 14
352 475 14
356 1245 14
358 869 14
358 1334 14
362 508 14
366 937 14
371 809 14
372 1231 14
375 407 14
377 474 14
379 1254 14
383 890 14
387 1256 14
395 968 14
403 1403 14
410 539 14
411 786 14
415 959 14
420 1371 14
425 784 14
433 1024 14
433 1417 14
440 656 14
443 511 14
445 605 14
447 1093 14
447 1187 14
449 1029 14
451 660 14
460 1301 14
461 1357 14
464 1112 14
478 1341 14
483 1255 14
488 1237 14
497 603 14
498 938 14
503 553 14
529 1462 14
534 607 14
535 564 14
536 1121 14
537 786 14
562 720 14
612 643 14
614 1115 14
615 1027 14
616 1290 14
622 1429 14
623 713 14
627 1121 14
668 749 14
670 1222 14
679 724 14
689 1309 14
698 992 14
701 1061 14
704 1102 14
712 909 14
713 1298 14
715 1122 14
716 1087 14
732 1189 14
737 1068 14
741 940 14
748 1348 14
762 911 14
776 1207 14
789 1058 14
793 1289 14
803 892 14
814 1162 14
815 881 14
825 1252 14
842 1220 14
844 1038 14
845 1102 14
848 1070 14
850 1470 14
854 1272 14
868 1234 14
877 935 14
879 925 14
888 1329 14
901 1444 14
922 937 14
952 1205 14
1006 1112 14
1011 1400 14
1017 1036 14
1019 1256 14
1041 1476 14
1060 1206 14
1114 1224 14
1122 1168 14
1136 1202 14
1138 1298 14
1139 1337 14
1142 1373 14
1146 1195 14
1148 1416 14
1177 1265 14
1199 1241 14
1210 1358 14
1286 1478 14
1343 1461 14
1364 1406 14
3 643 15
12 315 15
18 218 15
21 426 15
22 44 15
24 827 15
26 412 15
28 1443 15
37 169 15
38 900 15
38 950 15
39 1096 15
42 1206 15
52 755 15
63 119 15
69 1169 15
83 1323 15
83 591 15
87 947 15
88 646 15
101 306 15
102 103 15
111 695 15
122 419 15
128 845 15
135 718 15
143 389 15
163 672 15
170 1345 15
170 549 15
194 276 15
196 296 15
200 894 15
204 583 15
206 766 15
211 921 15
217 1308 15
240 742 15
243 367 15
254 436 15
266 1141 15
267 344 15
279 748 15
300 1306 15
321 995 15
345 1415 15
366 966 15
386 396 15
386 1028 15
411 1169 15
412 476 15
417 1109 15
420 895 15
425 1187 15
465 761 15
468 1387 15
496 767 15
500 700 15
524 784 15
544 653 15
552 669 15
574 872 15
592 1020 15
594 829 15
595 1137 15
620 822 15
626 1477 15
646 1074 15
650 1349 15
654 1104 15
667 1032 15
683 1111 15
734 783 15
737 1272 15
802 1451 15
805 1261 15
818 1032 15
818 1344 15
838 1054 15
851 941 15
864 954 15
880 1034 15
918 1314 15
921 1016 15
939 1473 15
951 1386 15
954 1413 15
956 1010 15
969 1013 15
987 1422 15
1000 1297 15
1009 1152 15
1075 1212 15
1092 1142 15
1098 1367 15
1098 1344 15
1110 1291 15
1121 1154 15
1158 1280 15
1160 1254 15
1257 1404 15
1317 1393 15
0 83 16
4 905 16
21 1019 16
29 148 16
32 932 16
34 1105 16
39 1052 16
71 1093 16
72 1124 16
81 536 16
96 432 16
123 938 16
127 838 16
145 1264 16
165 1214 16
181 272 16
185 604 16
201 1060 16
220 1367 16
246 816 16
273 1197 16
275 528 16
282 1093 16
288 1200 16
309 613 16
312 1257 16
320 979 16
322 507 16
349 616 16
353 528 16
368 885 16
369 1022 16
377 403 16
383 1399 16
383 495 16
384 627 16
386 677 16
408 760 16
410 486 16
412 804 16
433 498 16
434 649 16
452 1118 16
454 1037 16
502 946 16
513 762 16
536 1125 16
539 711 16
567 1325 16
606 1081 16
632 1233 16
632 1415 16
634 999 16
649 1140 16
652 1360 16
661 974 16
674 1310 16
689 979 16
729 1252 16
798 1114 16
806 1335 16
813 1364 16
814 909 16
838 1208 16
903 1281 16
919 1099 16
995 1291 16
1080 1379 16
1139 1337 16
1170 1175 16
1187 1227 16
1250 1263 16
1293 1464 16
5 291 17
7 897 17
8 1112 17
23 673 17
35 311 17
58 68 17
81 1237 17
82 1216 17
117 841 17
119 1299 17
124 1420 17
128 727 17
138 1176 17
152 1210 17
174 1464 17
179 1347 17
183 1052 17
220 1134 17
235 1471 17
246 1197 17
247 1252 17
281 1128 17
282 1093 17
284 770 17
290 900 17
292 1396 17
320 867 17
348 754 17
369 426 17
370 552 17
382 1342 17
422 888 17
448 700 17
462 992 17
480 1090 17
498 1318 17
533 1366 17
537 730 17
543 1137 17
566 801 17
568 1217 17
583 1350 17
592 1475 17
611 1285 17
624 1472 17
625 1063 17
642 1003 17
656 717 17
666 731 17
689 1444 17
701 1392 17
767 1313 17
827 1385 17
907 1472 17
917 1042 17
925 1400 17
928 1242 17
960 1363 17
1091 1474 17
1115 1137 17
1145 1249 17
1190 1328 17
1196 1454 17
1355 1422 17
1 775 18
5 1271 18
16 146 18
17 1321 18
56 987 18
75 601 18
106 811 18
121 1135 18
131 1067 18
134 214 18
139 807 18
158 259 18
161 207 18
167 924 18
170 601 18
173 518 18
177 573 18
178 544 18
236 1160 18
243 997 18
249 685 18
256 292 18
261 1022 18
266 1265 18
267 924 18
293 896 18
298 374 18
347 491 18
348 818 18
360 951 18
360 428 18
399 1054 18
421 1460 18
428 1278 18
435 1043 18
458 1319 18
460 804 18
463 822 18
473 1210 18
473 745 18
479 933 18
482 851 18
485 1337 18
508 1143 18
541 930 18
553 901 18
600 718 18
605 1341 18
657 1014 18
730 746 18
730 776 18
776 1124 18
794 833 18
805 1148 18
817 858 18
819 1108 18
889 1340 18
914 1455 18
936 954 18
949 974 18
991 1251 18
1078 1264 18
1091 1364 18
1101 1160 18
1129 1260 18
1198 1447 18
6 223 19
7 993 19
12 79 19
25 748 19
28 1416 19
32 350 19
34 274 19
47 1086 19
59 664 19
65 1115 19
67 267 19
75 285 19
81 1170 19
83 1092 19
87 1226 19
88 1442 19
90 732 19
92 273 19
105 244 19
109 191 19
114 1293 19
122 141 19
127 1099 19
138 516 19
148 310 19
154 632 19
162 552 19
172 402 19
174 1005 19
186 477 19
187 532 19
189 247 19
190 860 19
191 518 19
191 842 19
195 1112 19
209 990 19
213 387 19
224 1100 19
239 594 19
243 939 19
263 336 19
274 1455 19
283 431 19
290 1476 19
298 381 19
301 1129 19
307 922 19
308 1076 19
308 479 19
324 650 19
341 801 19
348 868 19
351 433 19
355 1052 19
366 1322 19
381 672 19
382 1157 19
383 1285 19
386 974 19
387 1134 19
410 806 19
421 1139 19
430 1351 19
434 780 19
448 926 19
460 1078 19
463 1245 19
474 1345 19
480 590 19
485 559 19
489 1411 19
490 916 19
494 911 19
509 815 19
515 1460 19
526 1187 19
530 1012 19
536 1019 19
554 1204 19
568 687 19
571 681 19
586 647 19
595 1108 19
597 877 19
608 1019 19
626 660 19
633 1166 19
637 1301 19
644 1188 19
658 1448 19
706 1255 19
711 782 19
719 1458 19
724 1447 19
727 1465 19
734 1179 19
736 1472 19
747 1222 19
751 1295 19
772 1130 19
810 1389 19
817 1432 19
877 1433 19
880 1398 19
880 1193 19
890 1264 19
910 1369 19
938 1101 19
959 1184 19
976 1101 19
982 1364 19
983 1162 19
1021 1223 19
1058 1452 19
1058 1419 19
1072 1442 19
1075 1232 19
1079 1181 19
1112 1193 19
1124 1265 19
1150 1247 19
1163 1473 19
1163 1424 19
1213 1257 19
1217 1310 19
1309 1416 19
1359 1410 19
0 683 20
6 1301 20
13 998 20
20 732 20
22 27 20
31 564 20
37 196 20
52 1345 20
54 1147 20
57 1256 20
58 698 20
58 1086 20
64 89 20
74 668 20
80 719 20
82 405 20
85 818 20
88 1459 20
94 1283 20
98 1146 20
101 1278 20
105 1387 20
112 655 20
128 232 20
129 333 20
133 689 20
138 711 20
141 911 20
142 315 20
149 1234 20
151 914 20
152 1156 20
156 390 20
160 584 20
189 954 20
201 1055 20
201 905 20
204 917 20
205 1354 20
208 1357 20
217 653 20
224 226 20
228 1239 20
231 1338 20
232 616 20
233 1349 20
245 1249 20
262 1086 20
265 967 20
271 1326 20
272 753 20
284 312 20
285 376 20
285 451 20
287 1111 20
287 1407 20
304 698 20
317 1211 20
329 974 20
332 478 20
334 752 20
335 1253 20
336 973 20
339 340 20
341 888 20
345 1247 20
380 792 20
390 406 20
391 928 20
392 1046 20
412 1017 20
414 1287 20
414 718 20
417 773 20
418 1296 20
422 1138 20
423 1476 20
430 1026 20
440 574 20
446 1032 20
449 736 20
452 847 20
454 647 20
458 904 20
462 1446 20
472 1298 20
494 941 20
498 1345 20
504 761 20
512 572 20
522 1063 20
531 963 20
559 782 20
575 1267 20
581 921 20
591 1304 20
592 891 20
599 1153 20
601 1248 20
605 1410 20
610 985 20
622 626 20
629 1397 20
640 1257 20
645 776 20
647 1079 20
651 940 20
701 1255 20
704 1228 20
708 1375 20
709 1416 20
727 1095 20
730 1272 20
731 1072 20
735 1063 20
746 1078 20
764 1298 20
766 1293 20
770 1414 20
773 1137 20
774 941 20
777 963 20
785 1243 20
799 1272 20
801 1332 20
822 1350 20
831 1305 20
844 1280 20
855 1376 20
874 1097 20
875 1128 20
880 1361 20
901 1461 20
924 1077 20
934 1011 20
939 959 20
960 1269 20
975 1094 20
980 1233 20
995 1010 20
995 1394 20
1008 1272 20
1009 1311 20
1016 1164 20
1020 1246 20
1031 1279 20
1064 1206 20
1096 1233 20
1148 1163 20
1149 1271 20
1167 1208 20
1175 1319 20
1204 1211 20
1207 1216 20
1239 1324 20
1267 1423 20
1283 1357 20
1345 1450 20
1357 1382 20
1366 1398 20
1378 1459 20
1378 1418 20
1453 1475 20
0 51 21
2 642 21
6 706 21
13 639 21
14 1337 21
17 1477 21
24 29 21
26 1248 21
26 701 21
26 110 21
33 78 21
51 1405 21
53 1192 21
57 1312 21
62 529 21
72 756 21
75 1298 21
75 964 21
76 757 21
80 681 21
94 1282 21
94 1411 21
95 1328 21
96 673 21
97 1435 21
119 457 21
121 1212 21
122 627 21
122 1212 21
129 1190 21
131 560 21
136 898 21
138 1413 21
139 1106 21
158 343 21
166 897 21
167 1114 21
167 1353 21
176 1395 21
177 308 21
182 1311 21
183 1289 21
197 1389 21
197 623 21
203 752 21
206 1120 21
207 636 21
218 1463 21
225 878 21
228 1356 21
228 696 21
231 981 21
235 1107 21
240 743 21
242 857 21
253 874 21
262 1096 21
267 424 21
269 1340 21
275 702 21
277 1203 21
278 1355 21
281 296 21
283 916 21
284 291 21
286 905 21
293 965 21
305 991 21
308 574 21
318 963 21
319 1312 21
321 1292 21
329 973 21
348 1174 21
361 1004 21
364 827 21
367 1431 21
382 1325 21
399 1373 21
406 1148 21
416 418 21
426 1327 21
435 1062 21
437 1356 21
448 1305 21
461 543 21
463 1347 21
467 1021 21
492 992 21
513 757 21
520 1468 21
521 1474 21
526 866 21
529 1374 21
535 924 21
535 1015 21
538 813 21
578 1331 21
584 734 21
587 1083 21
609 869 21
613 1094 21
626 1235 21
628 1109 21
630 1209 21
631 1406 21
632 954 21
637 1271 21
650 762 21
650 931 21
653 1478 21
670 870 21
678 1116 21
708 857 21
715 1085 21
719 802 21
725 783 21
751 821 21
755 1061 21
768 1239 21
777 1383 21
795 1048 21
804 927 21
824 1474 21
833 837 21
858 1397 21
858 1102 21
863 915 21
872 891 21
886 970 21
892 1452 21
898 1196 21
902 1130 21
907 1183 21
946 1334 21
949 1234 21
952 1119 21
960 1289 21
986 1251 21
1001 1187 21
1015 1118 21
1047 1414 21
1056 1085 21
1059 1251 21
1099 1464 21
1104 1349 21
1116 1215 21
1116 1334 21
1120 1278 21
1133 1187 21
1146 1391 21
1164 1376 21
1267 1324 21
1277 1375 21
1403 1452 21
7 722 22
10 1003 22
21 1319 22
37 929 22
39 503 22
41 580 22
43 994 22
49 163 22
52 967 22
56 242 22
60 165 22
65 1126 22
70 113 22
83 282 22
87 434 22
105 1420 22
109 822 22
115 1145 22
115 208 22
134 484 22
139 710 22
142 345 22
142 473 22
151 629 22
152 1123 22
154 1328 22
158 382 22
158 1310 22
163 852 22
169 804 22
176 1431 22
179 1404 22
180 399 22
185 1185 22
189 223 22
208 363 22
211 1011 22
215 1259 22
218 694 22
221 975 22
227 1301 22
228 1230 22
234 282 22
243 1217 22
253 675 22
258 690 22
260 561 22
263 1044 22
268 1029 22
269 389 22
290 1334 22
291 599 22
296 652 22
305 939 22
307 952 22
313 1355 22
317 665 22
320 349 22
321 1200 22
322 1238 22
323 397 22
352 1263 22
355 491 22
357 1359 22
370 1049 22
373 1046 22
388 1461 22
396 497 22
402 526 22
403 771 22
408 1240 22
426 720 22
427 787 22
430 1258 22
433 1177 22
434 462 22
434 1247 22
438 534 22
458 1421 22
459 1439 22
472 600 22
477 1357 22
482 1248 22
487 1065 22
506 839 22
512 1052 22
519 760 22
531 794 22
537 814 22
540 1110 22
540 623 22
562 1335 22
563 638 22
583 1124 22
594 1085 22
602 1041 22
605 1049 22
608 859 22
615 842 22
617 1355 22
635 1053 22
645 1268 22
646 678 22
657 1217 22
662 783 22
665 1019 22
666 1469 22
673 944 22
674 998 22
676 1018 22
679 1420 22
687 724 22
694 840 22
710 1068 22
729 998 22
730 773 22
742 1064 22
744 776 22
747 1083 22
754 1450 22
755 1224 22
771 1057 22
776 1329 22
802 944 22
837 1262 22
841 1117 22
843 1307 22
846 1317 22
847 1387 22
848 1439 22
849 1123 22
869 974 22
883 980 22
885 1104 22
892 910 22
896 1114 22
936 1197 22
958 1056 22
1016 1177 22
1020 1110 22
1038 1255 22
1088 1444 22
1089 1121 22
1107 1393 22
1113 1201 22
1115 1209 22
1126 1355 22
1144 1441 22
1149 1269 22
1196 1368 22
1239 1309 22
1274 1459 22
1280 1371 22
1381 1383 22
8 210 23
8 393 23
16 532 23
26 1454 23
28 991 23
49 177 23
55 831 23
60 372 23
67 622 23
73 1218 23
74 133 23
77 1431 23
79 760 23
80 490 23
92 500 23
103 120 23
111 685 23
124 1359 23
127 976 23
131 549 23
138 642 23
142 1454 23
161 783 23
175 401 23
197 957 23
198 1018 23
210 1447 23
212 702 23
229 352 23
231 1399 23
235 889 23
241 504 23
245 1375 23
251 1472 23
269 323 23
273 782 23
275 372 23
279 702 23
288 855 23
290 710 23
304 308 23
310 521 23
321 1368 23
322 1429 23
341 771 23
348 961 23
348 936 23
369 647 23
375 453 23
396 1286 23
422 732 23
434 1333 23
434 1280 23
434 457 23
438 857 23
439 784 23
444 1381 23
449 1469 23
457 549 23
459 1313 23
460 845 23
461 870 23
462 913 23
465 1306 23
469 1466 23
476 1192 23
495 1057 23
507 932 23
521 1092 23
548 748 23
564 637 23
575 1174 23
576 984 23
602 766 23
607 1187 23
610 786 23
610 1291 23
615 654 23
623 673 23
631 696 23
638 778 23
639 759 23
662 1154 23
667 1271 23
681 1386 23
684 1080 23
700 1342 23
706 1470 23
716 1399 23
717 1332 23
739 1284 23
740 1225 23
752 1282 23
765 1309 23
765 1343 23
795 980 23
817 910 23
825 1309 23
833 1262 23
913 1336 23
939 1361 23
981 1234 23
1014 1364 23
1015 1048 23
1034 1448 23
1035 1431 23
1060 1100 23
1090 1315 23
1113 1169 23
1191 1296 23
1249 1273 23
1254 1465 23
1278 1468 23
1335 1434 23
1370 1470 23
1397 1445 23
9 498 24
44 415 24
61 857 24
63 1202 24
64 342 24
68 535 24
118 814 24
159 789 24
182 377 24
231 1242 24
256 1396 24
290 850 24
294 561 24
302 393 24
313 1188 24
382 1218 24
400 1014 24
402 1361 24
546 832 24
552 946 24
577 747 24
607 1233 24
622 710 24
634 1175 24
669 713 24
673 1300 24
710 958 24
728 785 24
789 1408 24
832 981 24
871 1155 24
874 1299 24
943 1049 24
963 982 24
1005 1286 24
1024 1250 24
1025 1274 24
1233 1460 24
1259 1377 24
2 427 25
8 250 25
16 385 25
40 266 25
44 1472 25
56 1396 25
56 1048 25
62 1448 25
62 527 25
66 504 25
74 1356 25
99 1008 25
138 1429 25
144 334 25
153 225 25
165 600 25
171 589 25
180 817 25
189 801 25
195 562 25
201 532 25
217 730 25
227 239 25
238 1169 25
246 1288 25
247 1361 25
252 899 25
259 1342 25
267 444 25
270 1116 25
271 1263 25
273 1031 25
277 503 25
281 913 25
297 1034 25
299 712 25
322 1193 25
327 609 25
345 901 25
365 1443 25
383 1379 25
398 1013 25
400 648 25
401 1359 25
419 745 25
422 805 25
423 786 25
427 1380 25
458 709 25
463 1242 25
464 658 25
465 1021 25
498 1406 25
501 707 25
512 778 25
515 1008 25
516 541 25
543 601 25
577 1138 25
579 678 25
604 1338 25
610 848 25
617 1206 25
626 983 25
626 1435 25
657 1079 25
661 836 25
678 1463 25
734 779 25
791 1103 25
799 1292 25
801 1323 25
817 930 25
833 841 25
834 1142 25
855 1264 25
873 1170 25
924 1399 25
924 1433 25
932 1145 25
933 1268 25
944 1063 25
969 1449 25
1143 1304 25
1166 1346 25
1186 1301 25
1196 1379 25
1235 1331 25
1261 1292 25
1308 1416 25
1422 1438 25
32 1092 26
44 1435 26
51 1303 26
60 661 26
63 737 26
66 359 26
76 164 26
79 645 26
79 997 26
85 209 26
91 1018 26
96 1228 26
97 1153 26
105 552 26
120 464 26
129 165 26
133 609 26
145 1439 26
152 628 26
162 942 26
165 1052 26
171 1384 26
173 803 26
182 441 26
195 991 26
213 575 26
216 1451 26
216 545 26
216 587 26
220 934 26
229 1374 26
241 281 26
242 903 26
267 1003 26
272 1078 26
273 897 26
274 1382 26
284 1280 26
285 731 26
307 700 26
348 615 26
351 815 26
358 1241 26
369 804 26
382 442 26
383 717 26
390 665 26
395 1416 26
402 892 26
433 1378 26
436 999 26
455 1479 26
469 495 26
476 1070 26
491 1356 26
510 1081 26
512 674 26
514 786 26
526 1083 26
530 1043 26
530 867 26
534 727 26
540 1328 26
586 855 26
594 1217 26
597 1349 26
614 1432 26
614 809 26
630 774 26
632 695 26
635 762 26
641 1081 26
654 1330 26
664 788 26
664 699 26
679 1471 26
682 1357 26
727 862 26
739 1252 26
749 795 26
758 863 26
789 1156 26
808 1226 26
824 1146 26
827 981 26
841 1269 26
854 1415 26
875 1043 26
900 1150 26
918 1313 26
969 1360 26
977 1192 26
999 1362 26
1005 1191 26
1023 1185 26
1069 1320 26
1122 1140 26
1148 1250 26
1355 1431 26
11 931 27
14 1055 27
21 534 27
27 1329 27
28 173 27
40 1038 27
43 727 27
49 417 27
53 137 27
64 1321 27
75 828 27
80 942 27
82 1260 27
110 843 27
129 733 27
141 1432 27
142 155 27
143 399 27
144 1404 27
149 195 27
164 790 27
182 1139 27
187 318 27
228 1266 27
315 1187 27
339 930 27
405 676 27
408 1414 27
409 1234 27
418 1246 27
423 1248 27
429 504 27
452 480 27
477 982 27
504 826 27
524 862 27
545 738 27
547 1224 27
551 1410 27
606 1476 27
624 768 27
692 867 27
723 1207 27
762 780 27
770 1037 27
779 1476 27
821 1130 27
829 945 27
840 1197 27
1108 1159 27
1165 1441 27
1172 1371 27
1341 1434 27
16 784 28
22 169 28
28 158 28
29 253 28
60 232 28
69 1075 28
126 1356 28
178 1263 28
246 1115 28
247 1370 28
248 928 28
268 463 28
326 425 28
376 1453 28
403 566 28
405 478 28
408 946 28
435 860 28
468 760 28
469 500 28
489 1065 28
515 1014 28
535 1059 28
566 597 28
571 631 28
623 1389 28
631 785 28
647 813 28
692 1355 28
755 1134 28
785 1314 28
788 904 28
792 1241 28
800 1044 28
879 1195 28
890 1217 28
925 1086 28
925 1238 28
946 965 28
985 1332 28
1073 1148 28
1096 1235 28
1263 1370 28
1297 1341 28
82 839 29
89 115 29
94 1254 29
105 402 29
112 1212 29
136 1214 29
154 799 29
215 846 29
223 1456 29
234 1157 29
257 358 29
411 686 29
412 1096 29
470 779 29
626 1089 29
846 947 29
918 1328 29
937 1303 29
1048 1277 29
32 594 30
48 75 30
65 1404 30
218 1420 30
232 637 30
277 951 30
311 1349 30
350 1262 30
372 735 30
448 852 30
480 1331 30
486 1171 30
491 1409 30
505 1113 30
566 1151 30
719 1048 30
904 1061 30
904 1328 30
928 1300 30
1004 1081 30
179 643 31
271 426 31
1346 1369 31
432 847 32
453 1194 32
719 1372 32
1093 1228 32
831 1116 33
1445 1454 33
0 753 34
634 1364 34
880 1265 34
92 1354 35
113 753 35
1309 1338 35
190 1274 36
278 581 36
843 1203 36
998 1428 36
280 1008 37
334 639 39
403 745 39
847 1004 39
883 1429 39
986 1260 39
28 249 40
76 1005 40
103 498 40
115 165 40
146 533 40
147 814 40
159 291 40
212 312 40
224 1150 40
248 318 40
262 900 40
289 804 40
419 991 40
470 1428 40
540 747 40
621 1304 40
729 787 40
753 1192 40
758 1453 40
860 1209 40
1020 1174 40
1060 1307 40
1116 1151 40
1205 1222 40
12 1289 41
15 1121 41
34 986 41
35 376 41
38 1351 41
68 1202 41
69 380 41
87 685 41
97 437 41
97 1150 41
103 1204 41
113 1150 41
114 1417 41
121 1226 41
129 1316 41
138 939 41
142 246 41
143 1014 41
149 689 41
158 1457 41
164 641 41
168 1082 41
181 1298 41
181 1068 41
189 1232 41
204 992 41
207 919 41
209 1160 41
209 1387 41
210 1403 41
213 1316 41
222 271 41
239 1179 41
240 880 41
241 1302 41
245 927 41
284 816 41
297 798 41
297 473 41
312 1117 41
313 444 41
327 824 41
331 414 41
331 1341 41
379 452 41
412 1329 41
416 468 41
424 783 41
434 772 41
462 1468 41
464 1150 41
475 1272 41
480 1057 41
481 1289 41
489 631 41
518 1040 41
544 1231 41
544 1458 41
552 855 41
574 1361 41
581 713 41
586 1145 41
595 1107 41
596 1338 41
645 846 41
654 936 41
659 1063 41
674 952 41
676 846 41
689 983 41
695 1395 41
704 878 41
718 839 41
723 833 41
754 962 41
814 1047 41
823 1082 41
847 1291 41
897 984 41
905 1446 41
914 1058 41
926 1213 41
936 1073 41
951 1187 41
953 977 41
969 1211 41
982 1442 41
982 1451 41
997 1393 41
1003 1273 41
1048 1354 41
1121 1209 41
1141 1302 41
1220 1276 41
1247 1371 41
1251 1349 41
1372 1389 41
11 233 42
15 134 42
15 143 42
35 219 42
36 1238 42
43 1087 42
44 556 42
54 1423 42
56 1318 42
71 737 42
71 850 42
73 104 42
78 128 42
79 83 42
81 199 42
86 1015 42
102 937 42
108 579 42
112 447 42
112 241 42
112 531 42
119 901 42
123 1465 42
124 986 42
124 658 42
126 1469 42
138 366 42
143 1439 42
147 236 42
150 160 42
152 682 42
158 895 42
165 403 42
170 1167 42
183 1278 42
185 263 42
189 1129 42
191 1434 42
193 578 42
202 529 42
218 471 42
231 1345 42
233 887 42
248 1255 42
256 775 42
275 670 42
285 1086 42
287 1182 42
289 827 42
289 1207 42
291 331 42
297 1421 42
301 487 42
305 572 42
316 820 42
319 1430 42
336 940 42
343 1379 42
349 375 42
352 542 42
355 872 42
364 777 42
367 1391 42
385 751 42
387 900 42
392 987 42
403 940 42
404 1016 42
405 1470 42
406 655 42
415 435 42
415 1310 42
422 520 42
425 661 42
427 555 42
429 931 42
432 512 42
458 967 42
460 1377 42
482 639 42
485 1433 42
486 1334 42
500 1172 42
501 864 42
502 1143 42
506 1369 42
522 852 42
522 581 42
554 1128 42
557 832 42
575 1011 42
578 1281 42
584 1207 42
601 1054 42
610 1084 42
617 903 42
623 1177 42
624 1025 42
629 796 42
638 1246 42
682 1298 42
698 983 42
704 1042 42
706 1477 42
709 984 42
716 764 42
718 1197 42
731 1201 42
737 1320 42
739 1244 42
745 1175 42
752 1152 42
771 1189 42
775 1384 42
786 1471 42
787 859 42
799 863 42
805 1331 42
806 1468 42
823 953 42
830 1125 42
855 1089 42
858 1188 42
859 1420 42
860 895 42
871 1407 42
873 881 42
893 1413 42
900 1478 42
914 1472 42
961 1202 42
1021 1277 42
1030 1336 42
1054 1387 42
1095 1118 42
1105 1339 42
1109 1238 42
1141 1155 42
4 221 43
8 937 43
9 1300 43
10 1344 43
12 1401 43
14 192 43
24 766 43
26 717 43
33 690 43
38 990 43
42 887 43
49 1116 43
54 570 43
54 1093 43
54 1238 43
55 1019 43
55 201 43
57 91 43
57 730 43
58 671 43
69 1007 43
71 288 43
78 616 43
79 714 43
84 563 43
85 747 43
88 786 43
90 490 43
93 216 43
93 748 43
95 1185 43
108 311 43
114 1434 43
116 1027 43
127 329 43
130 601 43
131 1425 43
139 463 43
144 703 43
144 373 43
148 1361 43
148 621 43
153 781 43
156 632 43
156 577 43
161 660 43
164 1275 43
165 1070 43
166 360 43
175 935 43
175 1136 43
177 497 43
183 1478 43
191 225 43
200 827 43
204 1362 43
211 393 43
215 801 43
223 1243 43
225 1119 43
226 903 43
243 627 43
255 949 43
266 1114 43
268 996 43
268 417 43
270 886 43
271 900 43
272 653 43
275 451 43
284 954 43
286 848 43
287 825 43
294 1151 43
309 891 43
311 1181 43
317 1008 43
322 550 43
325 979 43
329 576 43
332 984 43
334 558 43
355 523 43
356 952 43
357 801 43
370 1364 43
379 1473 43
380 743 43
383 1001 43
389 845 43
396 475 43
396 861 43
399 1438 43
402 1357 43
413 963 43
417 556 43
422 576 43
430 1337 43
433 985 43
463 919 43
465 1310 43
469 920 43
475 1113 43
477 934 43
478 1144 43
491 732 43
493 1271 43
501 613 43
506 1444 43
506 1062 43
507 706 43
517 1049 43
528 1095 43
538 1201 43
543 1368 43
549 1142 43
553 952 43
558 1045 43
579 1014 43
592 1390 43
597 1386 43
639 1263 43
645 943 43
652 1170 43
653 732 43
674 1138 43
675 973 43
679 974 43
688 978 43
697 1371 43
699 1408 43
700 1426 43
706 1145 43
726 792 43
730 1377 43
741 773 43
750 1326 43
758 1278 43
759 1203 43
766 1238 43
772 1156 43
778 824 43
782 1174 43
782 1150 43
788 1256 43
789 1008 43
794 1340 43
796 1358 43
804 1276 43
808 1051 43
820 1009 43
846 1250 43
853 870 43
863 1297 43
877 1423 43
889 1447 43
893 904 43
899 1085 43
909 1050 43
912 1284 43
922 1250 43
935 1168 43
981 1265 43
983 1319 43
989 1279 43
997 1191 43
1025 1240 43
1040 1387 43
1050 1414 43
1064 1065 43
1074 1434 43
1076 1153 43
1091 1414 43
1091 1470 43
1103 1104 43
1110 1131 43
1124 1273 43
1146 1381 43
1146 1435 43
1152 1467 43
1155 1180 43
1163 1450 43
1165 1345 43
1172 1464 43
1192 1386 43
1231 1270 43
1280 1306 43
1297 1369 43
1325 1453 43
1342 1405 43
1343 1394 43
1354 1422 43
1411 1429 43
6 482 44
30 1193 44
30 1441 44
41 781 44
43 642 44
64 437 44
150 1161 44
150 1150 44
170 861 44
177 428 44
177 944 44
183 217 44
205 1241 44
223 1278 44
223 822 44
253 1260 44
253 552 44
289 1203 44
311 403 44
331 1365 44
381 628 44
400 492 44
446 1333 44
447 1064 44
458 958 44
459 1197 44
473 1464 44
480 812 44
505 822 44
532 1208 44
591 1239 44
606 664 44
646 945 44
723 1037 44
754 1455 44
992 1361 44
993 1363 44
994 1337 44
999 1086 44
1180 1184 44
1231 1353 44
2 933 45
10 536 45
17 1254 45
40 567 45
41 1039 45
42 522 45
52 1215 45
53 1454 45
54 557 45
55 1318 45
57 1009 45
57 622 45
61 132 45
69 1229 45
74 985 45
81 549 45
92 114 45
103 912 45
105 1187 45
106 978 45
109 136 45
114 1370 45
116 690 45
120 490 45
127 271 45
130 1370 45
145 1309 45
150 206 45
161 1397 45
164 1407 45
165 1149 45
166 838 45
171 407 45
172 368 45
173 907 45
190 436 45
194 1261 45
205 447 45
207 307 45
218 607 45
223 974 45
231 839 45
252 1352 45
256 525 45
263 976 45
267 1267 45
272 1397 45
274 1327 45
276 439 45
288 898 45
298 1100 45
305 1028 45
309 490 45
310 1116 45
324 1063 45
346 1204 45
347 1166 45
349 706 45
361 825 45
362 1478 45
372 462 45
372 489 45
377 728 45
391 1382 45
393 1135 45
396 628 45
402 1217 45
411 1006 45
412 1353 45
422 619 45
438 508 45
464 920 45
466 798 45
467 672 45
478 818 45
490 511 45
495 534 45
496 746 45
497 1449 45
500 561 45
502 996 45
503 1297 45
504 1163 45
504 1366 45
508 1461 45
519 812 45
525 846 45
566 592 45
573 813 45
581 1033 45
597 687 45
620 1430 45
637 1431 45
639 704 45
648 677 45
661 1134 45
697 836 45
701 786 45
709 913 45
715 848 45
723 748 45
727 1155 45
770 1177 45
770 1442 45
775 1127 45
797 1077 45
802 1184 45
804 1223 45
805 923 45
815 1130 45
842 1182 45
847 1307 45
876 1246 45
888 1450 45
913 1296 45
913 1167 45
914 1199 45
937 1138 45
937 1346 45
951 1348 45
970 1021 45
971 1075 45
988 1455 45
1030 1068 45
1032 1115 45
1032 1108 45
1066 1068 45
1083 1120 45
1110 1421 45
1139 1336 45
1150 1473 45
1182 1448 45
1262 1377 45
1275 1447 45
1372 1400 45
1 289 46
7 782 46
8 197 46
10 822 46
16 486 46
19 1371 46
27 144 46
28 899 46
28 88 46
30 293 46
31 307 46
33 168 46
34 192 46
34 554 46
36 345 46
37 1402 46
39 223 46
41 656 46
54 160 46
56 1124 46
62 349 46
64 528 46
64 1417 46
69 116 46
74 177 46
76 798 46
91 1085 46
95 913 46
95 718 46
100 962 46
108 923 46
120 972 46
122 1035 46
125 1015 46
132 1191 46
138 499 46
144 1107 46
144 162 46
145 175 46
152 687 46
154 1212 46
173 680 46
182 648 46
185 1261 46
195 957 46
203 297 46
206 1167 46
209 460 46
209 861 46
210 1229 46
212 1232 46
213 723 46
214 798 46
222 1454 46
231 1467 46
232 827 46
232 1436 46
233 412 46
234 629 46
238 1366 46
240 371 46
252 960 46
260 689 46
266 273 46
267 823 46
283 1064 46
284 578 46
290 1340 46
290 978 46
297 1124 46
319 1108 46
322 336 46
322 1321 46
324 815 46
325 905 46
325 1069 46
329 1145 46
342 406 46
343 1291 46
343 1238 46
345 1050 46
350 1226 46
373 965 46
375 806 46
383 1134 46
383 818 46
393 641 46
395 476 46
401 690 46
404 1315 46
409 937 46
415 701 46
421 1471 46
422 815 46
435 1423 46
453 522 46
453 983 46
467 1259 46
479 635 46
483 982 46
488 969 46
491 1000 46
493 703 46
496 1379 46
499 1171 46
500 681 46
504 1223 46
509 1374 46
517 1117 46
528 1392 46
532 1364 46
539 1368 46
543 950 46
546 1467 46
559 878 46
559 863 46
565 712 46
569 735 46
576 764 46
577 867 46
580 1375 46
581 1325 46
581 753 46
583 915 46
599 960 46
600 771 46
609 629 46
612 1224 46
620 888 46
625 980 46
631 816 46
651 1210 46
667 732 46
667 964 46
681 689 46
700 1287 46
703 985 46
727 1387 46
736 1444 46
737 779 46
740 1292 46
759 1264 46
764 1330 46
767 911 46
772 895 46
789 1253 46
808 1153 46
810 1124 46
817 828 46
820 877 46
827 875 46
833 1357 46
843 1168 46
864 1370 46
880 1306 46
881 993 46
894 1128 46
894 1210 46
932 1232 46
939 1193 46
948 1244 46
948 1207 46
965 993 46
975 1406 46
978 1140 46
1010 1400 46
1041 1385 46
1074 1307 46
1088 1376 46
1150 1236 46
1157 1307 46
1201 1218 46
1217 1341 46
1242 1463 46
1252 1299 46
1267 1453 46
1287 1322 46
1297 1419 46
9 83 47
10 1184 47
39 1269 47
40 1152 47
47 1431 47
73 298 47
82 314 47
84 1194 47
93 841 47
108 1267 47
111 780 47
119 914 47
121 1206 47
122 317 47
132 553 47
134 168 47
141 608 47
165 530 47
170 976 47
185 1413 47
187 583 47
190 1038 47
196 1119 47
207 1054 47
209 390 47
211 834 47
216 1280 47
221 801 47
227 545 47
233 615 47
237 998 47
240 884 47
248 679 47
280 1259 47
281 740 47
287 1406 47
297 1415 47
306 513 47
307 512 47
332 1117 47
339 580 47
345 1439 47
352 993 47
353 405 47
360 588 47
383 870 47
383 872 47
388 1409 47
407 1060 47
407 1069 47
412 817 47
418 1055 47
440 1132 47
447 1383 47
454 652 47
486 531 47
500 761 47
506 750 47
509 992 47
511 916 47
535 1086 47
560 755 47
564 1039 47
600 658 47
602 930 47
603 788 47
609 721 47
610 1070 47
631 1398 47
637 1180 47
646 1289 47
657 899 47
660 764 47
676 1172 47
726 1405 47
726 1471 47
729 1320 47
734 1149 47
739 936 47
754 853 47
762 935 47
762 800 47
765 1357 47
766 1408 47
782 913 47
784 1435 47
784 1120 47
816 1295 47
817 944 47
830 1411 47
834 1128 47
835 1415 47
853 1192 47
860 1423 47
871 1395 47
876 880 47
897 1193 47
908 1141 47
910 1412 47
937 1233 47
941 1146 47
943 1054 47
960 1266 47
961 1154 47
991 1258 47
1003 1325 47
1014 1147 47
1053 1291 47
1063 1195 47
1072 1299 47
1074 1353 47
1078 1159 47
1080 1445 47
1093 1196 47
1096 1377 47
1138 1302 47
1156 1387 47
1238 1401 47
1410 1463 47
16 807 48
16 388 48
17 1403 48
20 237 48
28 119 48
31 1408 48
42 1225 48
52 1445 48
52 251 48
59 984 48
59 892 48
60 244 48
64 580 48
66 412 48
68 437 48
68 1010 48
70 921 48
80 549 48
81 1310 48
81 1336 48
154 847 48
165 971 48
176 1354 48
189 1306 48
195 1296 48
207 1223 48
224 1367 48
249 275 48
253 505 48
253 1137 48
261 480 48
262 1403 48
263 635 48
265 1386 48
287 1013 48
293 567 48
307 446 48
323 1234 48
325 1138 48
368 380 48
377 894 48
377 1190 48
394 530 48
409 545 48
435 680 48
436 899 48
447 468 48
454 1385 48
458 833 48
476 640 48
511 1031 48
515 1164 48
526 697 48
587 1126 48
588 1407 48
597 1030 48
598 1298 48
614 730 48
626 1339 48
649 654 48
650 1336 48
671 779 48
702 1071 48
721 944 48
752 903 48
760 939 48
820 1221 48
835 1092 48
853 1474 48
876 1348 48
881 1013 48
944 1306 48
1047 1382 48
1058 1181 48
1070 1392 48
1094 1325 48
1103 1144 48
1129 1217 48
1156 1356 48
1274 1401 48
1347 1409 48
1356 1375 48
1374 1427 48
1396 1414 48
84 583 49
86 1347 49
88 423 49
92 557 49
95 536 49
105 872 49
158 396 49
176 857 49
181 422 49
214 1028 49
245 884 49
265 502 49
285 1302 49
304 1242 49
325 365 49
391 1096 49
500 1324 49
594 647 49
614 1201 49
617 1231 49
637 1085 49
817 1297 49
931 936 49
931 1478 49
986 1233 49
997 1476 49
1011 1065 49
1130 1197 49
1162 1347 49
1233 1318 49
1310 1392 49
46 171 50
47 1343 50
48 189 50
54 1021 50
55 844 50
56 267 50
64 804 50
81 1099 50
103 365 50
109 896 50
115 1381 50
127 1087 50
134 1247 50
192 890 50
202 214 50
205 474 50
216 1457 50
222 1325 50
242 446 50
270 1319 50
282 1146 50
319 949 50
336 1090 50
344 1323 50
381 542 50
385 1304 50
432 1336 50
438 1466 50
438 1121 50
438 1148 50
449 803 50
450 1067 50
470 967 50
488 1004 50
488 951 50
522 977 50
529 583 50
561 888 50
584 883 50
590 624 50
622 1425 50
648 835 50
653 1330 50
688 803 50
705 1019 50
708 1005 50
784 895 50
832 1407 50
943 1283 50
967 1054 50
975 1124 50
1026 1446 50
1040 1097 50
1053 1399 50
1205 1448 50
1294 1402 50
1361 1370 50
0 679 51
1 203 51
5 173 51
6 43 51
9 692 51
19 234 51
56 319 51
64 1204 51
75 101 51
87 406 51
92 288 51
108 347 51
124 1270 51
142 719 51
147 266 51
149 726 51
160 1126 51
207 348 51
212 568 51
224 561 51
226 1102 51
232 954 51
242 1026 51
263 665 51
280 756 51
305 1052 51
319 735 51
340 400 51
352 515 51
367 1309 51
384 453 51
399 753 51
400 1012 51
401 837 51
416 862 51
433 1198 51
449 959 51
485 1389 51
515 716 51
549 733 51
561 1058 51
562 1255 51
603 980 51
606 795 51
628 1017 51
654 1214 51
657 981 51
668 1055 51
674 1415 51
683 1208 51
684 1281 51
711 1060 51
714 1410 51
714 1046 51
722 1034 51
745 1324 51
753 909 51
765 927 51
775 1427 51
790 1180 51
794 818 51
812 895 51
856 1369 51
880 1203 51
914 1020 51
932 1351 51
952 1107 51
958 1021 51
985 1254 51
1009 1183 51
1034 1411 51
1080 1406 51
1087 1187 51
1097 1429 51
1128 1362 51
1275 1477 51
1284 1408 51
14 920 52
27 65 52
42 974 52
45 993 52
53 825 52
167 944 52
227 940 52
240 604 52
279 597 52
453 1056 52
462 1359 52
506 755 52
602 736 52
622 776 52
664 993 52
799 1201 52
13 951 53
43 316 53
50 1173 53
59 1098 53
59 951 53
91 1057 53
93 485 53
111 369 53
139 728 53
318 1206 53
321 614 53
339 923 53
366 1447 53
455 1322 53
466 1336 53
483 937 53
487 1255 53
509 518 53
518 824 53
598 1279 53
715 1275 53
745 1142 53
865 1241 53
924 1435 53
940 1137 53
1022 1397 53
1067 1313 53
1116 1370 53
1154 1235 53
9 578 54
15 196 54
31 164 54
35 431 54
39 305 54
43 654 54
44 1356 54
53 322 54
78 967 54
89 921 54
98 1218 54
129 1389 54
149 1290 54
158 1016 54
171 441 54
183 1330 54
221 683 54
226 531 54
228 524 54
230 702 54
264 1164 54
275 1078 54
288 506 54
317 421 54
325 1275 54
355 469 54
369 845 54
374 1107 54
375 840 54
380 1026 54
382 1307 54
383 955 54
394 523 54
405 1411 54
475 1458 54
489 931 54
501 1226 54
551 1259 54
557 1267 54
574 1122 54
582 879 54
619 653 54
619 1159 54
625 1278 54
633 1097 54
669 1160 54
671 1111 54
705 1059 54
709 770 54
750 1445 54
756 1088 54
794 1437 54
856 1264 54
919 1328 54
928 1429 54
1149 1211 54
1338 1432 54
1344 1432 54
9 931 55
21 1426 55
35 299 55
44 1377 55
48 1294 55
53 455 55
59 362 55
68 1391 55
75 1286 55
92 347 55
109 1010 55
115 524 55
117 628 55
120 1058 55
124 629 55
128 657 55
136 621 55
145 997 55
150 360 55
159 813 55
177 754 55
181 834 55
186 1118 55
189 855 55
200 878 55
207 1469 55
217 619 55
221 1157 55
222 372 55
222 787 55
243 1426 55
259 495 55
268 862 55
293 1100 55
327 680 55
336 1018 55
351 810 55
352 499 55
366 770 55
370 1206 55
371 729 55
396 1210 55
402 1234 55
405 1458 55
430 1146 55
445 1451 55
462 593 55
464 744 55
479 552 55
486 1277 55
495 1217 55
497 736 55
504 1451 55
515 539 55
515 1414 55
517 1036 55
520 665 55
523 831 55
545 627 55
557 1109 55
571 650 55
595 1046 55
614 799 55
623 727 55
636 917 55
640 845 55
648 1142 55
656 1036 55
684 1476 55
690 852 55
704 942 55
704 1363 55
705 1215 55
725 1105 55
756 1134 55
769 1319 55
807 1044 55
854 1403 55
870 972 55
871 1335 55
875 1304 55
885 1173 55
888 1269 55
979 1050 55
1018 1236 55
1020 1050 55
1037 1121 55
1059 1417 55
1161 1237 55
1162 1304 55
1168 1303 55
1193 1356 55
1232 1437 55
3 268 56
23 987 56
26 410 56
38 1123 56
44 1168 56
48 369 56
51 1436 56
59 816 56
65 959 56
65 718 56
67 208 56
77 1031 56
82 184 56
88 713 56
102 759 56
103 1063 56
108 761 56
114 1163 56
145 938 56
149 1452 56
154 1152 56
159 1392 56
165 265 56
168 511 56
177 1206 56
189 762 56
193 1248 56
201 255 56
213 1238 56
214 1289 56
225 1069 56
244 279 56
254 365 56
264 955 56
265 1207 56
268 841 56
278 1099 56
278 414 56
290 1133 56
299 445 56
310 719 56
314 584 56
315 790 56
318 916 56
320 392 56
323 464 56
331 1212 56
336 1053 56
354 499 56
378 1317 56
390 666 56
414 1394 56
428 1218 56
429 568 56
450 616 56
463 1076 56
465 684 56
476 1363 56
479 622 56
484 1304 56
489 1465 56
505 954 56
514 1232 56
516 1463 56
517 946 56
526 930 56
527 1037 56
531 902 56
538 1086 56
538 898 56
540 1185 56
551 1431 56
564 740 56
580 970 56
587 688 56
603 1410 56
613 776 56
616 1051 56
624 1064 56
625 743 56
626 765 56
633 1109 56
647 900 56
682 1139 56
682 739 56
682 852 56
688 1312 56
696 1376 56
701 882 56
721 1209 56
766 1359 56
837 1278 56
846 907 56
848 869 56
853 1449 56
878 1440 56
888 1002 56
900 973 56
945 1214 56
953 1210 56
957 1298 56
963 979 56
979 1300 56
988 1285 56
1000 1064 56
1078 1454 56
1082 1349 56
1103 1316 56
1124 1176 56
1136 1315 56
1187 1294 56
1208 1458 56
1222 1458 56
1302 1368 56
1312 1461 56
1338 1420 56
1451 1458 56
1463 1472 56
7 282 57
9 1174 57
10 765 57
19 1413 57
30 802 57
37 570 57
37 962 57
38 814 57
45 989 57
50 1165 57
54 664 57
61 483 57
62 402 57
68 410 57
72 965 57
85 1440 57
85 1405 57
87 299 57
104 620 57
105 1041 57
108 415 57
114 682 57
120 878 57
125 760 57
132 407 57
152 156 57
153 587 57
157 825 57
162 1378 57
168 1430 57
169 1151 57
181 593 57
184 452 57
191 727 57
198 1013 57
202 661 57
204 1442 57
210 239 57
211 333 57
212 727 57
223 694 57
247 429 57
254 1052 57
270 274 57
275 595 57
280 1192 57
281 1109 57
284 1156 57
287 727 57
288 1017 57
294 873 57
308 486 57
311 898 57
315 827 57
341 947 57
350 1062 57
352 452 57
360 655 57
370 402 57
374 1227 57
381 1193 57
389 1164 57
390 440 57
393 552 57
398 1295 57
398 851 57
406 1341 57
413 582 57
423 809 57
436 620 57
440 494 57
452 1312 57
456 521 57
478 845 57
478 725 57
484 862 57
492 1027 57
494 1379 57
517 1258 57
518 989 57
541 629 57
564 666 57
565 1153 57
588 930 57
591 895 57
595 985 57
599 1288 57
600 883 57
637 1094 57
661 717 57
668 1241 57
682 1120 57
774 1220 57
780 809 57
782 1243 57
785 1347 57
786 1236 57
799 1370 57
829 1284 57
855 1221 57
864 1313 57
871 1197 57
885 1050 57
889 979 57
926 1364 57
927 1421 57
939 1035 57
959 1227 57
975 1257 57
979 1351 57
992 1218 57
996 1100 57
998 1068 57
1129 1475 57
1135 1376 57
1169 1459 57
1169 1200 57
1185 1409 57
1225 1478 57
1256 1375 57
1343 1422 57
1354 1384 57
1382 1455 57
37 940 58
47 750 58
61 950 58
72 1400 58
101 770 58
103 503 58
112 710 58
114 384 58
115 1001 58
125 1472 58
130 1087 58
146 896 58
161 391 58
175 590 58
186 1369 58
192 1248 58
197 530 58
236 648 58
237 734 58
249 820 58
249 804 58
262 730 58
270 333 58
279 1036 58
300 330 58
301 1428 58
302 1023 58
341 1412 58
350 1115 58
351 471 58
357 1235 58
362 953 58
372 1224 58
379 1227 58
395 1340 58
409 843 58
429 1000 58
441 485 58
449 720 58
453 682 58
455 1353 58
460 1095 58
475 730 58
502 829 58
509 939 58
510 887 58
530 563 58
553 751 58
560 803 58
561 588 58
566 1426 58
576 1363 58
608 1240 58
615 1289 58
629 707 58
637 981 58
638 1001 58
652 856 58
660 1265 58
661 1185 58
667 1196 58
679 889 58
683 1334 58
687 1259 58
687 1457 58
688 808 58
734 1318 58
752 851 58
754 1073 58
790 1087 58
811 1032 58
898 1147 58
969 1313 58
994 1154 58
1006 1409 58
1018 1234 58
1097 1186 58
1158 1165 58
1160 1461 58
1167 1184 58
1214 1245 58
1260 1317 58
1279 1379 58
1332 1473 58
6 171 59
8 781 59
8 338 59
19 1419 59
26 556 59
41 258 59
49 1382 59
67 1319 59
73 414 59
81 447 59
83 1053 59
102 456 59
105 188 59
132 515 59
146 1479 59
163 396 59
164 1035 59
168 674 59
177 830 59
193 1060 59
211 853 59
232 863 59
249 272 59
259 956 59
296 623 59
311 965 59
311 1344 59
313 930 59
321 369 59
344 1470 59
362 742 59
378 652 59
380 548 59
387 784 59
402 408 59
434 1403 59
441 802 59
457 1243 59
459 722 59
469 905 59
477 627 59
512 1452 59
517 720 59
517 909 59
581 835 59
586 1344 59
597 1474 59
613 631 59
614 753 59
646 718 59
689 795 59
698 1430 59
750 1073 59
758 790 59
760 863 59
856 1413 59
862 980 59
876 1216 59
895 996 59
899 1176 59
968 1063 59
991 1161 59
1000 1371 59
1053 1259 59
1072 1351 59
1104 1174 59
1142 1351 59
1151 1447 59
1219 1385 59
1245 1310 59
20 1309 60
43 117 60
65 1339 60
66 1449 60
98 319 60
130 270 60
192 637 60
238 452 60
341 1330 60
430 655 60
464 1411 60
506 1341 60
795 1165 60
827 842 60
911 1186 60
978 1194 60
1041 1347 60
1127 1170 60
1157 1377 60
