2 348 0
4 5 0
6 7 0
9 10 0
10 13 0
12 15 0
13 15 0
13 305 0
14 16 0
17 18 0
20 23 0
20 21 0
21 22 0
27 548 0
31 1194 0
32 50 0
34 53 0
35 36 0
35 864 0
37 38 0
38 44 0
39 54 0
40 49 0
47 48 0
72 660 0
91 1155 0
94 307 0
99 1170 0
100 1476 0
108 1198 0
120 1153 0
147 644 0
156 238 0
160 1127 0
166 512 0
174 631 0
180 348 0
185 1168 0
187 1455 0
190 1082 0
211 463 0
218 618 0
226 503 0
250 741 0
272 459 0
315 1448 0
320 1283 0
345 985 0
358 1349 0
367 936 0
379 1401 0
388 1104 0
390 1412 0
399 442 0
404 1287 0
411 931 0
416 1392 0
429 485 0
439 1294 0
463 1310 0
521 1248 0
534 1462 0
543 926 0
569 855 0
573 625 0
642 700 0
643 1354 0
680 1172 0
688 754 0
722 1141 0
736 1018 0
751 938 0
886 1473 0
914 1053 0
1070 1337 0
1076 1095 0
1084 1330 0
1185 1270 0
1255 1448 0
1320 1332 0
1383 1414 0
1 65 1
3 85 1
3 63 1
3 75 1
3 8 1
5 69 1
6 66 1
6 61 1
7 770 1
8 33 1
9 1207 1
15 192 1
16 1265 1
17 40 1
19 986 1
25 80 1
31 67 1
31 58 1
35 78 1
40 84 1
43 552 1
47 72 1
57 61 1
60 61 1
61 63 1
61 66 1
62 75 1
62 63 1
63 84 1
71 77 1
82 873 1
96 1173 1
107 531 1
109 372 1
123 704 1
131 214 1
141 920 1
163 967 1
217 1067 1
235 349 1
243 1475 1
254 1304 1
257 313 1
280 1287 1
282 1415 1
288 991 1
288 949 1
291 805 1
298 1158 1
302 1405 1
305 609 1
334 900 1
334 996 1
343 1356 1
381 739 1
398 1334 1
401 656 1
408 1148 1
417 487 1
423 631 1
447 805 1
459 1041 1
459 765 1
483 1009 1
512 1035 1
543 1082 1
551 887 1
557 668 1
573 1156 1
583 1060 1
726 1409 1
732 1310 1
746 750 1
754 1468 1
779 1304 1
801 1160 1
819 1142 1
848 1303 1
889 1097 1
916 1222 1
922 1144 1
951 1176 1
962 1428 1
971 1370 1
978 983 1
981 1431 1
1045 1429 1
1083 1424 1
1099 1262 1
1115 1431 1
1154 1341 1
1339 1452 1
1343 1463 1
0 51 2
2 12 2
2 59 2
3 59 2
3 31 2
5 132 2
6 24 2
6 120 2
7 245 2
12 59 2
13 158 2
24 119 2
24 1078 2
25 107 2
28 98 2
28 99 2
31 104 2
31 80 2
31 114 2
40 553 2
43 162 2
45 1013 2
61 1012 2
68 80 2
69 108 2
70 95 2
81 128 2
86 102 2
90 93 2
101 103 2
101 1397 2
102 103 2
102 689 2
104 112 2
111 132 2
115 1406 2
119 1306 2
120 121 2
125 128 2
126 128 2
136 423 2
164 580 2
197 1039 2
209 1039 2
218 564 2
245 695 2
247 377 2
253 486 2
260 553 2
269 350 2
270 311 2
280 337 2
281 1122 2
287 619 2
302 948 2
322 1227 2
334 811 2
354 1092 2
406 1290 2
451 1382 2
498 1137 2
511 693 2
527 1411 2
539 940 2
549 1041 2
551 971 2
580 1018 2
597 1230 2
607 631 2
613 1065 2
618 1460 2
623 1267 2
673 1423 2
693 900 2
711 1368 2
744 1338 2
757 948 2
768 1414 2
784 988 2
821 903 2
866 1407 2
871 933 2
877 1447 2
882 1441 2
905 1243 2
925 1349 2
937 1110 2
958 1359 2
974 1148 2
988 1017 2
1010 1025 2
1038 1422 2
1046 1315 2
1074 1103 2
1099 1211 2
1144 1397 2
1211 1421 2
1301 1457 2
3 1179 3
5 758 3
9 1189 3
18 1478 3
23 634 3
31 103 3
59 878 3
59 1358 3
61 146 3
61 97 3
69 141 3
70 94 3
72 866 3
74 798 3
81 94 3
90 121 3
92 104 3
93 147 3
95 721 3
100 691 3
105 1113 3
107 483 3
111 155 3
111 132 3
119 144 3
122 142 3
139 140 3
146 515 3
162 1336 3
172 1169 3
180 1415 3
182 1325 3
213 1357 3
222 735 3
224 1130 3
226 1251 3
231 1312 3
237 442 3
237 1109 3
244 780 3
256 895 3
272 774 3
294 400 3
353 379 3
355 380 3
383 937 3
422 814 3
423 631 3
432 513 3
456 1100 3
458 866 3
482 1126 3
505 1436 3
516 889 3
522 1476 3
531 599 3
544 594 3
555 1399 3
574 845 3
575 985 3
599 895 3
684 1451 3
689 781 3
710 727 3
718 832 3
723 1304 3
727 1410 3
737 1206 3
766 1079 3
768 1219 3
815 1021 3
820 1165 3
840 1407 3
843 1362 3
847 1323 3
869 1127 3
917 1201 3
965 981 3
973 1068 3
987 1165 3
1044 1248 3
1220 1257 3
1257 1398 3
1280 1463 3
1407 1429 3
2 88 4
3 135 4
8 1065 4
12 154 4
14 15 4
14 68 4
19 1057 4
24 140 4
25 899 4
28 93 4
28 780 4
31 102 4
36 431 4
60 121 4
61 158 4
62 115 4
64 68 4
64 157 4
67 484 4
68 156 4
70 94 4
88 137 4
91 115 4
92 93 4
106 135 4
108 110 4
109 270 4
112 114 4
114 1358 4
115 1030 4
119 1354 4
120 806 4
122 154 4
122 142 4
123 148 4
123 149 4
138 166 4
150 158 4
195 823 4
241 1346 4
264 690 4
270 976 4
270 1011 4
276 542 4
278 498 4
290 648 4
311 1171 4
319 577 4
338 388 4
351 599 4
352 930 4
376 438 4
379 1207 4
381 766 4
411 1251 4
413 987 4
445 1362 4
446 1243 4
455 900 4
459 739 4
472 961 4
492 945 4
519 669 4
521 812 4
522 1294 4
528 1105 4
528 1275 4
531 547 4
539 625 4
544 1467 4
575 1065 4
588 1281 4
592 615 4
600 821 4
614 1233 4
632 633 4
663 1092 4
707 1113 4
712 902 4
741 836 4
782 807 4
799 978 4
821 1045 4
824 1265 4
828 860 4
855 1044 4
980 1133 4
988 996 4
1004 1354 4
1034 1295 4
1052 1078 4
1058 1385 4
1122 1157 4
1166 1193 4
1185 1236 4
1257 1343 4
1265 1446 4
1265 1472 4
1303 1351 4
1336 1471 4
1359 1440 4
14 806 5
16 579 5
28 91 5
38 353 5
58 1069 5
60 1022 5
69 120 5
69 140 5
75 1298 5
80 521 5
89 1339 5
101 103 5
101 630 5
120 876 5
124 1254 5
129 1465 5
131 1349 5
143 1436 5
160 162 5
167 1051 5
170 171 5
182 307 5
183 195 5
218 494 5
219 1080 5
224 322 5
227 670 5
281 491 5
282 999 5
286 717 5
309 1235 5
325 436 5
335 974 5
354 1090 5
363 1269 5
380 1460 5
397 894 5
409 648 5
418 446 5
419 1471 5
442 1003 5
471 778 5
544 1071 5
553 1478 5
555 740 5
567 628 5
567 1179 5
594 654 5
595 1158 5
603 1039 5
616 1342 5
641 1233 5
648 735 5
658 1380 5
682 886 5
705 994 5
724 1287 5
734 774 5
743 744 5
757 1183 5
775 949 5
798 1192 5
848 925 5
861 1442 5
879 1167 5
951 1459 5
951 1004 5
1101 1308 5
1170 1263 5
1182 1437 5
1220 1436 5
27 570 6
33 411 6
61 106 6
62 721 6
72 573 6
95 124 6
111 1056 6
119 142 6
140 1377 6
149 165 6
154 499 6
155 926 6
160 665 6
177 275 6
260 425 6
274 405 6
292 1007 6
305 1296 6
322 1193 6
350 1435 6
356 1064 6
360 853 6
389 513 6
464 1283 6
472 1286 6
482 1266 6
509 1222 6
546 1112 6
628 1146 6
631 756 6
669 777 6
795 1307 6
809 1067 6
837 930 6
992 1368 6
1037 1039 6
1084 1159 6
1141 1424 6
2 802 7
10 184 7
21 24 7
71 237 7
92 1007 7
95 1253 7
101 112 7
124 178 7
143 840 7
154 1032 7
247 495 7
271 348 7
304 1084 7
387 565 7
445 729 7
543 1334 7
563 766 7
572 1331 7
589 1397 7
613 1004 7
638 1048 7
704 978 7
715 853 7
889 1319 7
892 1362 7
963 1220 7
1021 1458 7
1094 1285 7
21 88 8
33 657 8
59 1144 8
78 144 8
92 1470 8
94 184 8
101 1259 8
107 181 8
115 121 8
127 1328 8
136 1358 8
160 193 8
161 507 8
163 1417 8
175 436 8
180 1088 8
181 191 8
188 196 8
203 801 8
203 953 8
230 686 8
232 782 8
282 1221 8
302 1230 8
313 1183 8
316 580 8
363 1194 8
365 1358 8
387 845 8
393 1435 8
409 466 8
422 1026 8
505 1339 8
512 1047 8
517 607 8
529 1099 8
537 984 8
539 793 8
553 803 8
556 926 8
559 1383 8
602 745 8
602 924 8
609 1112 8
613 1290 8
619 1373 8
624 935 8
635 1264 8
660 914 8
663 1267 8
702 851 8
720 743 8
724 795 8
736 1141 8
845 1070 8
1090 1269 8
1249 1302 8
1328 1427 8
0 183 9
12 185 9
12 110 9
12 215 9
12 195 9
12 92 9
12 21 9
21 230 9
21 210 9
35 746 9
37 1218 9
41 309 9
44 372 9
47 795 9
51 1183 9
61 222 9
61 1137 9
63 588 9
63 569 9
83 1272 9
88 230 9
92 214 9
92 215 9
92 195 9
92 216 9
92 212 9
92 208 9
92 209 9
92 213 9
106 234 9
107 238 9
109 262 9
110 231 9
110 188 9
110 216 9
112 199 9
112 201 9
114 1333 9
114 1446 9
121 211 9
122 343 9
140 170 9
142 190 9
142 170 9
143 169 9
144 926 9
145 1149 9
145 650 9
149 373 9
150 315 9
152 239 9
155 214 9
158 338 9
160 217 9
160 229 9
166 1409 9
175 343 9
178 1448 9
179 224 9
185 195 9
186 190 9
186 206 9
188 210 9
188 216 9
190 231 9
192 195 9
195 214 9
195 211 9
195 213 9
199 200 9
201 228 9
205 1170 9
209 216 9
210 215 9
211 214 9
211 213 9
215 1476 9
217 220 9
217 219 9
219 233 9
221 224 9
221 222 9
224 380 9
226 1023 9
229 719 9
242 1041 9
244 397 9
245 372 9
251 611 9
252 1414 9
279 871 9
293 642 9
295 765 9
296 734 9
296 917 9
296 1108 9
298 1243 9
301 973 9
308 659 9
312 518 9
316 1023 9
327 586 9
341 410 9
342 1300 9
356 1171 9
358 1291 9
387 512 9
402 840 9
411 503 9
427 1335 9
464 814 9
467 1333 9
470 1404 9
476 1379 9
503 1087 9
522 577 9
526 1128 9
537 792 9
538 563 9
539 1016 9
542 1396 9
553 575 9
554 581 9
554 665 9
563 674 9
578 736 9
580 775 9
583 985 9
593 1017 9
598 1218 9
603 814 9
610 986 9
635 1351 9
638 1127 9
647 1245 9
672 933 9
674 1115 9
709 806 9
716 1368 9
723 1182 9
732 1145 9
744 1044 9
766 1277 9
773 1377 9
785 912 9
802 1225 9
876 1381 9
902 1150 9
920 1260 9
938 945 9
945 1092 9
951 1401 9
965 1286 9
965 997 9
970 1157 9
979 1028 9
1015 1343 9
1035 1150 9
1043 1286 9
1061 1427 9
1092 1267 9
1195 1362 9
0 464 10
2 977 10
19 768 10
30 1337 10
33 292 10
41 1361 10
60 195 10
61 160 10
61 1387 10
64 1361 10
74 160 10
81 89 10
83 172 10
86 353 10
87 1220 10
89 290 10
106 207 10
112 244 10
118 1242 10
160 303 10
169 255 10
181 1078 10
187 589 10
191 207 10
192 195 10
195 1269 10
203 1117 10
205 552 10
218 219 10
227 265 10
232 481 10
232 285 10
250 1156 10
255 256 10
260 261 10
262 1334 10
265 283 10
283 308 10
297 596 10
298 380 10
300 976 10
320 534 10
355 1174 10
359 409 10
384 1386 10
385 981 10
391 1196 10
398 412 10
404 1400 10
409 685 10
409 1179 10
422 1374 10
425 530 10
437 1432 10
451 617 10
452 988 10
459 889 10
493 958 10
541 941 10
544 876 10
551 1441 10
571 1159 10
592 628 10
605 1279 10
642 1411 10
649 929 10
657 762 10
798 906 10
818 1282 10
837 1282 10
840 1299 10
845 1376 10
860 1146 10
891 1035 10
896 965 10
917 1088 10
934 1355 10
971 1131 10
1010 1349 10
1039 1422 10
1051 1379 10
1184 1372 10
1239 1396 10
1249 1393 10
2 815 11
4 1472 11
6 12 11
7 1053 11
8 1469 11
8 1384 11
15 581 11
18 416 11
41 542 11
57 103 11
59 844 11
60 192 11
61 269 11
63 795 11
73 1388 11
78 245 11
78 389 11
89 206 11
90 1337 11
92 279 11
106 283 11
107 319 11
114 285 11
120 900 11
121 327 11
121 325 11
127 353 11
128 1168 11
136 734 11
139 1126 11
141 838 11
147 386 11
152 299 11
153 536 11
155 1266 11
157 502 11
160 266 11
164 581 11
169 309 11
169 310 11
169 1054 11
170 297 11
173 920 11
175 875 11
178 785 11
179 274 11
181 1348 11
187 1318 11
189 1095 11
189 1463 11
190 248 11
191 287 11
191 324 11
191 325 11
191 290 11
192 230 11
194 1201 11
194 682 11
206 534 11
207 325 11
207 282 11
209 1262 11
212 1121 11
217 234 11
218 232 11
218 219 11
220 305 11
220 302 11
221 1478 11
223 1136 11
230 231 11
230 302 11
230 305 11
235 1295 11
238 880 11
244 427 11
246 287 11
246 268 11
246 273 11
248 323 11
252 672 11
253 270 11
253 286 11
253 285 11
260 261 11
261 297 11
261 812 11
268 270 11
270 286 11
270 285 11
274 1065 11
275 280 11
276 1414 11
277 469 11
279 280 11
280 281 11
280 496 11
283 312 11
284 286 11
285 736 11
287 297 11
287 317 11
294 297 11
295 296 11
297 315 11
300 305 11
300 356 11
301 302 11
303 305 11
304 732 11
306 307 11
306 308 11
311 313 11
312 578 11
312 1245 11
315 316 11
318 320 11
318 321 11
318 1213 11
318 743 11
319 320 11
320 321 11
320 1062 11
324 624 11
329 330 11
329 1307 11
330 332 11
366 406 11
367 500 11
370 1217 11
376 898 11
378 1248 11
394 882 11
400 1039 11
403 1444 11
422 1410 11
453 553 11
475 1040 11
488 1255 11
495 1065 11
508 588 11
516 1204 11
524 979 11
538 877 11
541 1129 11
546 579 11
559 1047 11
562 744 11
581 1282 11
588 1409 11
594 1411 11
600 1007 11
617 922 11
629 1256 11
656 1060 11
709 890 11
715 1318 11
718 755 11
739 1312 11
744 780 11
779 887 11
785 1014 11
798 1242 11
816 1243 11
844 1395 11
848 1401 11
853 1147 11
880 1217 11
892 993 11
922 938 11
927 1320 11
928 1278 11
939 1222 11
952 1235 11
952 1026 11
984 986 11
999 1319 11
1001 1064 11
1014 1229 11
1015 1278 11
1028 1183 11
1049 1164 11
1051 1351 11
1123 1337 11
1123 1171 11
1132 1341 11
1137 1366 11
1264 1417 11
1268 1405 11
1290 1402 11
1301 1377 11
2 148 12
5 912 12
12 336 12
21 151 12
42 864 12
48 560 12
61 351 12
65 695 12
85 682 12
90 738 12
92 925 12
97 417 12
128 793 12
138 968 12
168 821 12
176 356 12
179 1029 12
182 1163 12
183 760 12
189 474 12
190 382 12
195 358 12
205 273 12
205 1098 12
213 1340 12
222 1389 12
228 340 12
228 321 12
231 790 12
235 575 12
248 388 12
255 799 12
276 362 12
276 351 12
286 1023 12
293 914 12
314 1232 12
321 339 12
337 339 12
346 347 12
349 350 12
350 460 12
351 352 12
354 355 12
362 363 12
367 370 12
367 368 12
368 370 12
379 1119 12
382 543 12
395 985 12
397 937 12
428 909 12
453 553 12
480 488 12
481 591 12
497 670 12
511 942 12
517 578 12
527 1335 12
530 903 12
549 1290 12
549 1390 12
554 741 12
555 824 12
556 940 12
568 1453 12
584 1088 12
615 1060 12
659 699 12
662 846 12
676 1401 12
687 1331 12
695 1283 12
725 983 12
757 804 12
774 1241 12
795 1401 12
800 1159 12
813 1085 12
835 1305 12
835 880 12
844 1354 12
867 1188 12
875 1434 12
892 1378 12
920 1066 12
922 1354 12
943 1366 12
944 1001 12
999 1045 12
1053 1284 12
1061 1101 12
1127 1365 12
1172 1271 12
1176 1282 12
1178 1211 12
1188 1262 12
1208 1379 12
1237 1381 12
8 531 13
10 152 13
15 606 13
66 419 13
73 1403 13
77 1064 13
139 526 13
152 1232 13
184 988 13
222 630 13
228 360 13
251 492 13
292 382 13
426 830 13
479 878 13
535 893 13
564 917 13
657 692 13
695 1069 13
709 1158 13
850 959 13
885 1109 13
912 953 13
1063 1131 13
1419 1475 13
1452 1463 13
0 1261 14
14 290 14
35 149 14
35 406 14
41 589 14
46 1162 14
62 555 14
79 669 14
80 800 14
87 639 14
96 1368 14
99 942 14
101 913 14
105 1053 14
114 1423 14
117 729 14
132 726 14
147 283 14
148 1054 14
153 165 14
156 1397 14
162 1227 14
164 1427 14
169 561 14
185 229 14
189 520 14
201 443 14
201 366 14
211 649 14
223 443 14
233 416 14
236 1330 14
238 522 14
239 633 14
242 400 14
247 1077 14
254 1365 14
256 417 14
256 601 14
261 730 14
265 649 14
266 909 14
277 1009 14
279 1003 14
280 1317 14
281 1254 14
292 383 14
292 434 14
292 426 14
292 424 14
292 381 14
293 351 14
295 453 14
295 454 14
295 411 14
296 735 14
301 623 14
307 385 14
311 403 14
311 402 14
320 360 14
320 456 14
328 854 14
333 1438 14
333 397 14
335 465 14
341 365 14
341 447 14
341 342 14
341 384 14
342 447 14
345 363 14
347 412 14
347 460 14
347 999 14
351 448 14
351 402 14
353 377 14
353 1303 14
354 410 14
354 407 14
354 408 14
355 397 14
359 363 14
360 412 14
360 456 14
360 1325 14
361 363 14
362 430 14
362 365 14
363 573 14
366 423 14
370 793 14
372 878 14
377 396 14
378 394 14
383 424 14
389 452 14
393 396 14
396 1299 14
399 400 14
399 445 14
399 409 14
400 457 14
401 403 14
402 403 14
407 408 14
408 409 14
409 445 14
414 416 14
415 416 14
418 419 14
420 421 14
421 423 14
422 423 14
423 438 14
423 439 14
424 425 14
424 426 14
427 429 14
427 1012 14
428 429 14
434 435 14
434 436 14
435 441 14
435 670 14
437 849 14
445 446 14
447 702 14
458 1180 14
462 463 14
478 532 14
483 1412 14
484 633 14
485 1137 14
486 985 14
495 1428 14
497 1440 14
506 1159 14
506 802 14
522 957 14
525 580 14
539 738 14
566 660 14
569 985 14
577 1363 14
578 1231 14
596 1182 14
607 1392 14
623 1123 14
629 951 14
643 1290 14
645 1293 14
647 1467 14
684 801 14
694 732 14
699 1468 14
705 902 14
713 1136 14
730 871 14
754 1144 14
762 1027 14
770 901 14
779 1076 14
788 1237 14
823 900 14
829 1135 14
846 1318 14
855 1371 14
869 1438 14
874 1154 14
891 1302 14
893 1364 14
915 1188 14
921 1375 14
926 933 14
940 1242 14
965 1272 14
974 1322 14
1002 1447 14
1020 1361 14
1020 1077 14
1053 1436 14
1056 1210 14
1059 1240 14
1084 1190 14
1103 1295 14
1122 1419 14
1127 1440 14
1143 1327 14
1169 1178 14
1204 1285 14
1260 1337 14
1267 1392 14
1274 1330 14
1297 1443 14
1300 1403 14
1379 1390 14
1390 1460 14
1470 1477 14
33 245 15
34 1134 15
37 1177 15
38 1151 15
43 166 15
47 597 15
62 1339 15
71 1298 15
80 1473 15
82 190 15
85 450 15
87 1013 15
95 130 15
131 1319 15
131 425 15
145 1002 15
148 1286 15
151 1369 15
156 1401 15
168 974 15
187 628 15
199 1271 15
207 572 15
241 354 15
242 565 15
252 488 15
252 1099 15
253 794 15
256 418 15
290 415 15
297 1274 15
319 1049 15
320 490 15
320 492 15
329 1304 15
344 467 15
359 1145 15
367 1136 15
371 534 15
393 637 15
401 416 15
405 482 15
406 465 15
406 408 15
407 737 15
414 470 15
418 442 15
418 419 15
427 478 15
438 482 15
442 473 15
454 468 15
468 469 15
475 495 15
475 480 15
476 477 15
484 1152 15
490 491 15
491 493 15
518 1006 15
561 1318 15
568 1324 15
573 938 15
590 976 15
596 1079 15
604 1421 15
613 1238 15
659 1179 15
660 1093 15
712 1290 15
732 1095 15
774 987 15
792 1442 15
822 1234 15
823 1025 15
825 1323 15
853 907 15
910 1350 15
923 1207 15
928 1088 15
960 1065 15
1004 1259 15
1059 1071 15
1137 1265 15
1151 1165 15
1349 1421 15
22 532 16
34 562 16
53 506 16
57 189 16
62 510 16
66 143 16
80 262 16
108 120 16
170 1301 16
170 1406 16
180 745 16
210 604 16
217 1036 16
236 977 16
272 308 16
280 1115 16
281 1238 16
292 503 16
298 1387 16
331 510 16
333 724 16
337 1394 16
343 937 16
347 1381 16
351 514 16
352 777 16
356 1154 16
397 628 16
399 444 16
404 522 16
419 508 16
419 507 16
422 446 16
424 426 16
428 974 16
438 502 16
476 1439 16
484 527 16
490 863 16
492 528 16
511 752 16
512 513 16
512 779 16
530 531 16
532 799 16
538 1179 16
571 825 16
575 1264 16
589 1010 16
613 762 16
657 1322 16
692 831 16
780 1384 16
793 1257 16
812 851 16
829 982 16
848 1148 16
880 1131 16
902 1220 16
917 1351 16
950 1027 16
966 1361 16
1015 1222 16
1035 1366 16
1164 1261 16
1180 1211 16
1194 1406 16
1199 1336 16
1314 1414 16
2 767 17
12 636 17
13 1069 17
24 370 17
35 789 17
59 1072 17
95 300 17
118 844 17
134 1024 17
137 615 17
143 1113 17
160 989 17
198 406 17
236 547 17
254 1366 17
259 679 17
341 1456 17
343 748 17
344 451 17
354 1122 17
382 404 17
391 1362 17
394 647 17
398 446 17
405 438 17
432 441 17
443 460 17
443 472 17
443 693 17
454 529 17
473 537 17
492 771 17
509 510 17
517 539 17
537 890 17
552 563 17
613 991 17
619 1333 17
639 808 17
664 823 17
714 1165 17
719 933 17
741 898 17
797 1441 17
833 1014 17
867 1096 17
874 1464 17
927 1310 17
945 1256 17
971 1269 17
984 1365 17
1007 1358 17
1118 1431 17
1214 1384 17
1241 1369 17
1279 1314 17
14 263 18
32 316 18
80 162 18
83 510 18
93 1342 18
95 575 18
100 1109 18
112 1448 18
168 958 18
182 611 18
187 913 18
202 387 18
210 1138 18
244 1352 18
257 1223 18
262 444 18
262 1283 18
268 584 18
315 508 18
320 537 18
324 1144 18
333 459 18
342 605 18
362 835 18
367 982 18
367 867 18
385 1178 18
394 510 18
417 967 18
431 529 18
470 508 18
481 949 18
524 554 18
524 887 18
528 1024 18
529 533 18
536 558 18
588 827 18
599 1244 18
608 1079 18
614 1182 18
619 1048 18
639 1172 18
656 675 18
661 662 18
705 1429 18
709 1178 18
711 766 18
748 1247 18
758 1122 18
771 1200 18
774 1240 18
777 1412 18
778 846 18
788 834 18
816 1345 18
849 1101 18
908 989 18
910 1216 18
948 1208 18
955 1329 18
987 1243 18
1012 1346 18
1076 1347 18
1086 1227 18
1106 1204 18
1113 1237 18
1129 1135 18
1221 1404 18
1326 1465 18
1363 1393 18
5 375 19
7 222 19
17 1398 19
21 1417 19
35 783 19
55 1233 19
59 684 19
60 726 19
65 1117 19
65 1243 19
84 1107 19
87 391 19
89 354 19
91 134 19
95 1223 19
98 1119 19
110 1126 19
117 441 19
129 1028 19
137 826 19
142 301 19
146 1147 19
147 1464 19
155 1084 19
158 1000 19
160 411 19
165 1021 19
167 1364 19
167 336 19
171 1393 19
171 1148 19
191 1322 19
197 382 19
212 601 19
218 1356 19
232 647 19
245 1314 19
248 717 19
253 656 19
285 1185 19
288 1394 19
296 942 19
319 867 19
320 1418 19
320 619 19
339 465 19
348 1470 19
353 553 19
355 568 19
357 446 19
360 559 19
366 559 19
367 576 19
367 427 19
367 450 19
369 397 19
373 1342 19
377 1461 19
381 573 19
394 510 19
394 509 19
399 979 19
413 1465 19
419 514 19
420 533 19
427 450 19
427 555 19
430 1189 19
431 546 19
441 839 19
446 460 19
454 561 19
466 1249 19
471 761 19
475 1126 19
478 707 19
501 924 19
510 563 19
514 554 19
518 563 19
518 553 19
519 1478 19
527 1014 19
531 860 19
533 570 19
535 940 19
543 585 19
553 555 19
565 566 19
565 567 19
569 1476 19
577 578 19
579 1075 19
584 585 19
596 1169 19
597 1057 19
602 1395 19
602 832 19
620 1200 19
623 1147 19
645 1223 19
670 1146 19
670 1342 19
701 1288 19
707 1361 19
726 1449 19
734 1161 19
737 1046 19
744 1437 19
761 1221 19
801 1221 19
820 1115 19
822 1394 19
855 1166 19
876 1084 19
909 1029 19
1035 1373 19
1092 1447 19
1097 1140 19
1110 1253 19
1120 1214 19
1206 1243 19
3 140 20
11 1132 20
27 783 20
27 691 20
40 465 20
50 82 20
56 1118 20
58 559 20
63 1063 20
66 985 20
69 1063 20
69 407 20
78 616 20
84 1231 20
85 1378 20
89 452 20
95 211 20
100 1145 20
110 603 20
117 400 20
120 210 20
123 1269 20
127 1081 20
145 990 20
155 1437 20
177 427 20
182 695 20
186 1218 20
189 762 20
196 779 20
211 1211 20
217 1016 20
221 1228 20
237 790 20
244 484 20
257 1408 20
264 327 20
268 1334 20
282 1435 20
296 526 20
299 1468 20
304 1005 20
312 763 20
320 624 20
320 638 20
321 1460 20
323 1366 20
341 647 20
343 489 20
351 894 20
353 775 20
360 888 20
367 593 20
370 378 20
370 424 20
376 627 20
379 609 20
385 635 20
385 1390 20
385 1344 20
394 565 20
394 510 20
403 470 20
410 620 20
410 634 20
425 622 20
425 606 20
427 593 20
427 460 20
431 598 20
452 618 20
457 907 20
460 992 20
466 557 20
469 787 20
469 1200 20
469 708 20
485 886 20
492 546 20
498 1094 20
500 970 20
506 1228 20
510 565 20
510 625 20
514 1455 20
518 604 20
518 619 20
521 574 20
524 568 20
528 1172 20
533 570 20
537 624 20
543 943 20
552 622 20
561 603 20
562 808 20
565 1129 20
572 574 20
578 675 20
582 630 20
584 629 20
586 1077 20
587 589 20
588 593 20
588 590 20
589 590 20
590 592 20
592 593 20
598 599 20
605 621 20
606 607 20
608 609 20
611 612 20
611 1385 20
615 617 20
615 618 20
615 873 20
618 1141 20
639 707 20
641 1392 20
647 1133 20
675 1114 20
691 1179 20
708 1180 20
728 962 20
734 1021 20
734 1023 20
742 986 20
742 1098 20
759 776 20
775 1166 20
790 964 20
824 1270 20
839 976 20
849 942 20
867 941 20
876 1353 20
928 1044 20
933 1094 20
962 1010 20
981 1387 20
987 1287 20
1005 1377 20
1057 1331 20
1105 1310 20
1125 1195 20
1125 1478 20
1155 1408 20
1182 1192 20
1216 1351 20
12 446 21
24 1337 21
25 436 21
26 553 21
37 1175 21
41 709 21
41 255 21
68 853 21
71 682 21
72 343 21
74 1399 21
81 1056 21
81 989 21
84 975 21
90 1066 21
100 920 21
108 233 21
113 879 21
114 1167 21
115 1278 21
123 429 21
135 191 21
138 426 21
140 990 21
152 1238 21
153 1016 21
171 384 21
176 841 21
182 1111 21
190 766 21
214 1111 21
229 682 21
232 256 21
237 1038 21
243 359 21
244 1055 21
245 615 21
247 704 21
253 1322 21
260 944 21
268 483 21
274 901 21
278 769 21
295 1239 21
296 1447 21
299 773 21
308 461 21
314 367 21
314 653 21
322 1279 21
328 816 21
350 1326 21
352 1178 21
357 671 21
381 1081 21
381 709 21
382 1399 21
383 971 21
394 655 21
394 654 21
400 689 21
410 630 21
434 1287 21
436 442 21
440 1345 21
446 679 21
457 1196 21
461 1085 21
471 1285 21
471 1129 21
477 519 21
478 534 21
479 1406 21
482 714 21
489 1370 21
497 1223 21
503 538 21
508 514 21
508 672 21
510 514 21
510 567 21
514 615 21
523 688 21
523 524 21
527 648 21
532 1218 21
533 570 21
546 1158 21
561 637 21
570 676 21
570 584 21
572 670 21
576 863 21
581 686 21
587 606 21
587 592 21
588 730 21
590 635 21
592 606 21
606 825 21
612 654 21
613 1429 21
623 1446 21
624 638 21
630 645 21
636 872 21
639 671 21
642 675 21
645 648 21
645 838 21
646 848 21
647 990 21
648 727 21
650 651 21
651 654 21
652 655 21
656 657 21
661 1369 21
665 668 21
665 667 21
666 667 21
667 675 21
671 675 21
672 673 21
680 690 21
681 682 21
697 753 21
705 1203 21
712 752 21
724 987 21
756 1085 21
759 1366 21
760 1098 21
764 1184 21
766 1164 21
809 1202 21
810 1202 21
855 1287 21
885 994 21
889 1479 21
893 1293 21
901 1017 21
933 1256 21
938 1168 21
952 1265 21
1037 1348 21
1062 1196 21
1077 1393 21
1088 1393 21
1132 1330 21
1139 1301 21
1146 1317 21
1160 1424 21
1165 1379 21
1 1012 22
20 1331 22
28 305 22
30 139 22
30 1012 22
57 122 22
58 1189 22
71 86 22
73 637 22
73 488 22
76 744 22
106 568 22
109 337 22
118 541 22
124 1302 22
127 1257 22
132 1179 22
137 1413 22
139 592 22
165 288 22
176 981 22
177 1011 22
178 252 22
191 1292 22
200 696 22
207 655 22
209 525 22
210 943 22
215 465 22
224 1281 22
228 349 22
229 1312 22
231 1444 22
238 853 22
241 1397 22
242 320 22
286 1238 22
288 454 22
300 895 22
306 613 22
308 1319 22
314 746 22
314 747 22
314 818 22
317 1190 22
320 716 22
321 583 22
323 1050 22
326 577 22
333 633 22
335 621 22
335 1304 22
343 431 22
354 410 22
357 561 22
357 734 22
372 852 22
386 1229 22
394 720 22
414 1197 22
427 764 22
431 750 22
431 752 22
433 1449 22
438 897 22
444 1209 22
458 732 22
468 779 22
489 532 22
490 1143 22
493 1193 22
503 589 22
506 628 22
508 726 22
533 939 22
534 1380 22
568 682 22
568 597 22
571 1080 22
572 573 22
577 873 22
578 709 22
581 742 22
604 1333 22
614 708 22
614 1372 22
616 702 22
616 704 22
616 1121 22
621 1184 22
625 717 22
626 1185 22
629 753 22
629 706 22
664 992 22
665 908 22
665 1395 22
670 705 22
673 674 22
673 711 22
680 736 22
680 735 22
682 707 22
689 754 22
689 736 22
689 735 22
691 741 22
697 710 22
697 727 22
698 728 22
698 699 22
698 727 22
700 701 22
704 1284 22
706 709 22
707 708 22
707 1189 22
708 742 22
709 753 22
711 728 22
711 742 22
712 713 22
713 715 22
720 747 22
721 722 22
722 868 22
723 724 22
724 725 22
724 726 22
725 1424 22
738 741 22
738 739 22
746 747 22
757 758 22
798 1191 22
800 936 22
817 1321 22
833 1327 22
846 1395 22
848 1001 22
872 1094 22
874 1288 22
896 1180 22
898 1234 22
954 1186 22
965 1471 22
994 1218 22
1003 1050 22
1017 1222 22
1017 1313 22
1057 1277 22
1086 1471 22
1097 1250 22
1246 1293 22
1258 1414 22
1284 1338 22
1364 1366 22
1365 1407 22
1372 1459 22
1395 1464 22
1415 1441 22
7 743 23
10 1095 23
42 961 23
43 1344 23
44 205 23
53 879 23
56 591 23
63 442 23
70 1300 23
79 1477 23
90 370 23
100 652 23
105 850 23
111 1276 23
116 489 23
116 521 23
133 680 23
148 691 23
162 1340 23
162 339 23
167 850 23
188 919 23
202 225 23
222 246 23
224 1020 23
228 1337 23
228 1065 23
244 706 23
264 378 23
280 626 23
291 785 23
291 903 23
305 646 23
306 473 23
328 1430 23
335 394 23
357 779 23
357 780 23
357 745 23
371 893 23
396 1194 23
419 980 23
438 1326 23
459 670 23
460 1150 23
460 1014 23
468 763 23
476 609 23
480 1172 23
482 1326 23
522 763 23
560 833 23
581 697 23
581 776 23
591 902 23
591 648 23
592 790 23
606 793 23
606 794 23
617 1277 23
624 1192 23
626 670 23
627 1408 23
627 1318 23
628 795 23
673 1167 23
694 973 23
701 1386 23
706 754 23
712 715 23
716 796 23
722 1354 23
728 766 23
728 733 23
729 780 23
734 735 23
736 819 23
739 1299 23
739 793 23
742 759 23
745 780 23
746 876 23
749 796 23
749 1078 23
751 797 23
752 799 23
759 760 23
762 763 23
766 900 23
769 785 23
769 770 23
769 773 23
770 772 23
773 784 23
773 787 23
774 775 23
775 776 23
781 1209 23
785 786 23
786 787 23
797 1176 23
832 924 23
843 1082 23
850 976 23
880 1454 23
964 1472 23
967 1197 23
968 1242 23
973 1020 23
992 1206 23
1033 1333 23
1035 1458 23
1042 1117 23
1079 1222 23
1171 1218 23
1191 1406 23
1285 1460 23
1347 1353 23
44 965 24
63 270 24
70 1467 24
119 1410 24
163 535 24
168 586 24
173 1215 24
182 1214 24
185 748 24
246 1326 24
253 912 24
290 518 24
321 1204 24
338 1166 24
400 699 24
402 914 24
405 1117 24
410 921 24
479 1292 24
488 1390 24
505 699 24
509 917 24
557 862 24
608 667 24
617 1062 24
624 1018 24
669 1408 24
680 962 24
688 860 24
706 714 24
713 819 24
718 1074 24
730 1451 24
752 1287 24
785 1347 24
786 1089 24
804 806 24
827 829 24
842 1078 24
889 909 24
912 1301 24
932 1226 24
953 1030 24
1004 1428 24
1006 1009 24
1273 1290 24
1294 1450 24
1305 1353 24
1371 1475 24
2 229 25
18 990 25
19 1194 25
20 90 25
22 1394 25
28 56 25
58 587 25
66 375 25
73 897 25
77 1154 25
88 1203 25
98 1289 25
108 392 25
114 1048 25
119 534 25
126 421 25
150 1003 25
153 1178 25
169 736 25
183 871 25
215 955 25
232 613 25
269 1468 25
281 289 25
286 730 25
294 987 25
310 715 25
323 1373 25
347 919 25
362 409 25
366 470 25
368 1469 25
378 487 25
386 886 25
398 821 25
410 923 25
415 919 25
416 1085 25
418 947 25
420 1348 25
442 1059 25
448 1402 25
451 680 25
472 754 25
472 523 25
505 1344 25
525 1152 25
533 1320 25
544 1421 25
546 916 25
552 1454 25
629 1088 25
632 1036 25
640 1120 25
642 841 25
649 1343 25
652 808 25
673 844 25
689 787 25
693 932 25
697 848 25
697 856 25
702 1025 25
709 820 25
728 916 25
751 755 25
752 826 25
752 854 25
755 1130 25
761 836 25
766 836 25
774 775 25
775 858 25
776 835 25
789 1369 25
802 834 25
802 832 25
808 1107 25
814 815 25
814 850 25
815 850 25
823 984 25
826 854 25
838 860 25
890 1438 25
964 1350 25
1052 1202 25
1214 1381 25
1312 1374 25
1319 1463 25
1369 1394 25
8 1132 26
11 15 26
17 843 26
69 823 26
72 1455 26
75 1407 26
94 630 26
100 323 26
120 1343 26
156 1108 26
178 993 26
181 872 26
185 1049 26
187 604 26
201 577 26
225 498 26
248 584 26
277 639 26
299 1394 26
302 922 26
306 729 26
315 466 26
319 1346 26
338 1220 26
369 700 26
373 1441 26
383 646 26
383 904 26
411 608 26
440 770 26
454 1236 26
458 737 26
480 1074 26
493 745 26
505 938 26
538 1381 26
546 1018 26
562 881 26
586 1351 26
588 1262 26
601 1369 26
645 799 26
668 1357 26
670 1093 26
674 873 26
680 735 26
706 867 26
728 836 26
728 776 26
755 867 26
763 877 26
775 776 26
778 1020 26
786 787 26
807 808 26
808 867 26
822 1149 26
831 874 26
838 879 26
841 1176 26
844 848 26
860 881 26
870 874 26
880 881 26
899 1343 26
1004 1192 26
1032 1290 26
1061 1464 26
1185 1365 26
1197 1431 26
1221 1257 26
1313 1449 26
26 806 27
35 1362 27
38 1152 27
53 1113 27
81 432 27
117 127 27
121 611 27
185 479 27
195 1102 27
203 1100 27
216 254 27
222 1085 27
230 882 27
307 966 27
413 1152 27
416 1206 27
442 596 27
460 1260 27
464 1423 27
498 596 27
522 544 27
651 903 27
654 1158 27
671 1238 27
678 1143 27
680 1310 27
683 870 27
717 783 27
724 1149 27
728 836 27
728 784 27
733 874 27
759 890 27
767 1020 27
775 1343 27
780 1068 27
787 798 27
797 1431 27
798 1439 27
811 1302 27
831 874 27
833 1303 27
839 1438 27
844 851 27
862 912 27
873 895 27
876 885 27
938 1442 27
959 1210 27
970 1157 27
1016 1127 27
1037 1406 27
1044 1337 27
1064 1457 27
1121 1362 27
1186 1282 27
1316 1376 27
1422 1460 27
9 1025 28
28 312 28
41 1275 28
68 1292 28
76 652 28
94 1201 28
105 966 28
147 951 28
155 830 28
172 1364 28
221 990 28
242 1191 28
248 744 28
292 763 28
335 521 28
357 712 28
416 677 28
426 739 28
459 1150 28
522 604 28
533 1141 28
558 596 28
566 1427 28
627 1288 28
803 850 28
807 833 28
817 863 28
850 863 28
878 1207 28
886 907 28
901 911 28
903 910 28
1012 1455 28
1019 1107 28
1031 1044 28
1110 1168 28
1161 1301 28
1175 1308 28
12 307 29
40 1461 29
41 1288 29
45 1078 29
107 299 29
133 1267 29
176 727 29
182 765 29
226 1145 29
314 533 29
326 349 29
355 1268 29
387 1138 29
392 510 29
444 747 29
573 1155 29
699 775 29
793 1040 29
827 1371 29
941 998 29
1009 1184 29
1108 1263 29
1199 1408 29
169 480 30
215 1079 30
236 488 30
313 1194 30
397 900 30
451 778 30
514 593 30
535 1331 30
559 1431 30
562 845 30
592 644 30
664 1185 30
665 994 30
859 1129 30
861 1328 30
971 1431 30
1116 1349 30
110 553 31
314 332 31
452 686 31
899 917 31
986 1079 31
114 217 32
175 788 32
199 924 32
443 910 32
501 735 32
738 941 32
822 1246 32
62 1479 33
121 152 33
225 1011 33
310 1023 33
435 720 33
261 330 34
439 751 34
415 732 35
622 1002 37
1215 1345 37
1342 1424 39
35 1186 40
54 575 40
86 468 40
119 1394 40
195 198 40
196 669 40
252 295 40
284 1266 40
363 1454 40
383 634 40
442 1463 40
606 743 40
616 1180 40
639 1196 40
661 1217 40
668 1301 40
692 1431 40
716 1055 40
732 1249 40
755 1131 40
848 1244 40
928 1472 40
951 952 40
957 1253 40
971 974 40
1005 1468 40
1029 1174 40
1242 1374 40
14 1004 41
15 870 41
55 1323 41
62 830 41
62 1123 41
78 1322 41
108 454 41
122 624 41
155 509 41
172 562 41
201 628 41
215 292 41
246 609 41
285 378 41
286 864 41
288 1246 41
320 1304 41
328 1210 41
335 1112 41
341 527 41
342 1201 41
352 1478 41
356 538 41
358 1401 41
358 504 41
404 838 41
413 1036 41
426 977 41
427 608 41
431 1181 41
450 1103 41
466 1465 41
467 1048 41
470 736 41
485 1109 41
489 986 41
505 601 41
505 683 41
571 642 41
585 1198 41
588 1469 41
609 1092 41
634 1076 41
651 856 41
662 1408 41
668 1472 41
691 758 41
726 1066 41
738 973 41
760 1379 41
775 1182 41
783 1073 41
845 1124 41
846 1133 41
889 1410 41
894 991 41
904 1279 41
930 981 41
931 967 41
936 968 41
936 967 41
946 1009 41
947 977 41
952 987 41
957 1003 41
967 969 41
969 1287 41
979 980 41
1010 1011 41
1011 1433 41
1019 1330 41
1043 1260 41
1055 1445 41
1061 1124 41
1085 1359 41
1172 1423 41
4 608 42
8 144 42
17 1233 42
32 108 42
45 376 42
47 990 42
52 1120 42
55 882 42
60 210 42
89 1055 42
110 958 42
123 1282 42
145 825 42
152 1181 42
154 297 42
159 1200 42
160 362 42
162 380 42
165 856 42
172 897 42
183 1366 42
195 1448 42
199 517 42
203 531 42
230 330 42
230 798 42
246 681 42
255 1117 42
271 742 42
284 737 42
289 1168 42
290 1189 42
291 1082 42
325 1224 42
366 1278 42
368 683 42
375 1024 42
383 850 42
397 472 42
402 926 42
404 1448 42
431 1174 42
434 1103 42
438 798 42
454 1110 42
464 1144 42
477 831 42
494 506 42
500 1384 42
518 1359 42
526 1194 42
541 652 42
547 932 42
555 1284 42
582 1312 42
592 933 42
610 995 42
610 892 42
620 976 42
621 1200 42
622 767 42
634 1323 42
639 842 42
667 1063 42
669 685 42
691 1343 42
729 1105 42
733 1454 42
743 1395 42
743 1332 42
753 1296 42
756 1048 42
761 888 42
779 1403 42
788 1050 42
823 969 42
858 1471 42
866 1180 42
873 1175 42
929 1359 42
930 983 42
930 1381 42
938 1440 42
947 998 42
947 1125 42
949 1020 42
962 1046 42
962 1020 42
981 1018 42
985 1026 42
985 986 42
996 1447 42
998 1030 42
998 999 42
999 1029 42
999 1030 42
1011 1049 42
1015 1017 42
1015 1016 42
1016 1042 42
1022 1448 42
1024 1033 42
1030 1048 42
1032 1033 42
1032 1036 42
1033 1036 42
1034 1036 42
1041 1043 42
1045 1046 42
1085 1269 42
1219 1249 42
1263 1406 42
1310 1366 42
1360 1418 42
1387 1405 42
17 629 43
19 916 43
25 569 43
33 666 43
35 799 43
37 79 43
57 85 43
62 1468 43
62 507 43
76 1196 43
82 1083 43
83 1111 43
93 477 43
93 763 43
98 677 43
106 619 43
109 1353 43
116 124 43
119 171 43
124 1306 43
127 554 43
127 754 43
148 238 43
154 198 43
157 533 43
157 697 43
177 1163 43
185 400 43
194 1469 43
195 607 43
204 219 43
206 1310 43
213 624 43
213 1389 43
217 239 43
221 465 43
228 1254 43
233 598 43
234 785 43
245 1352 43
253 485 43
254 1406 43
255 271 43
269 487 43
281 1025 43
293 611 43
300 1114 43
314 1434 43
321 1016 43
325 506 43
326 644 43
327 1418 43
339 877 43
359 683 43
376 1007 43
376 1144 43
377 1120 43
398 1106 43
400 800 43
402 594 43
415 1324 43
436 476 43
445 682 43
448 856 43
456 560 43
457 801 43
467 613 43
482 1466 43
491 1467 43
496 1204 43
512 1089 43
514 570 43
519 1397 43
524 673 43
541 737 43
551 1137 43
559 1298 43
566 985 43
572 1246 43
609 1472 43
617 738 43
629 703 43
637 1008 43
660 1236 43
661 859 43
669 788 43
710 1117 43
718 907 43
721 822 43
726 1184 43
733 771 43
736 1045 43
792 1091 43
797 872 43
800 1412 43
803 1064 43
828 1251 43
881 1393 43
884 1242 43
899 1258 43
914 1074 43
919 1283 43
930 1064 43
930 980 43
930 1066 43
932 1396 43
950 1401 43
958 1008 43
959 1008 43
976 1104 43
983 1053 43
985 1080 43
989 1042 43
999 1083 43
999 1005 43
999 1029 43
999 1082 43
999 1239 43
1003 1389 43
1005 1053 43
1005 1079 43
1005 1038 43
1008 1063 43
1008 1064 43
1008 1066 43
1009 1053 43
1011 1114 43
1011 1209 43
1015 1080 43
1015 1297 43
1017 1110 43
1018 1085 43
1018 1050 43
1018 1082 43
1019 1142 43
1024 1100 43
1024 1099 43
1024 1038 43
1030 1223 43
1032 1074 43
1038 1058 43
1040 1076 43
1040 1056 43
1041 1056 43
1049 1103 43
1049 1101 43
1050 1097 43
1050 1124 43
1056 1076 43
1058 1062 43
1058 1060 43
1059 1061 43
1060 1062 43
1064 1065 43
1064 1287 43
1070 1074 43
1070 1071 43
1073 1092 43
1076 1092 43
1081 1083 43
1081 1084 43
1081 1085 43
1087 1314 43
1089 1090 43
1090 1091 43
1092 1094 43
1092 1095 43
1095 1111 43
1099 1106 43
1105 1106 43
1120 1362 43
1125 1249 43
1248 1394 43
1251 1255 43
1272 1412 43
1337 1400 43
18 171 44
28 721 44
36 757 44
43 88 44
46 1406 44
60 1357 44
123 598 44
137 526 44
233 780 44
240 1459 44
256 1469 44
259 1042 44
259 1215 44
268 671 44
270 926 44
303 916 44
325 945 44
372 964 44
378 619 44
429 1229 44
447 1015 44
487 1284 44
533 1131 44
577 1439 44
590 1022 44
644 1433 44
812 1070 44
815 1365 44
861 1279 44
908 1053 44
976 1102 44
983 1081 44
993 1029 44
1011 1102 44
1032 1126 44
1032 1093 44
1071 1177 44
1210 1334 44
1265 1425 44
4 200 45
5 203 45
19 74 45
30 674 45
33 243 45
45 841 45
65 166 45
70 876 45
88 170 45
92 1233 45
95 907 45
123 1117 45
162 1257 45
173 481 45
176 689 45
182 1169 45
185 772 45
187 1061 45
219 988 45
222 999 45
222 750 45
238 948 45
246 743 45
251 866 45
252 535 45
273 908 45
281 861 45
287 841 45
290 308 45
298 716 45
310 1233 45
325 934 45
341 377 45
347 1084 45
348 793 45
353 368 45
357 1191 45
357 1374 45
361 1084 45
361 1333 45
370 1249 45
372 1416 45
373 1436 45
380 796 45
404 440 45
409 1310 45
417 766 45
418 1157 45
438 1233 45
455 1123 45
459 660 45
467 705 45
467 519 45
474 820 45
475 690 45
478 1141 45
489 1444 45
516 1352 45
527 1051 45
532 656 45
535 688 45
536 1421 45
539 1063 45
553 676 45
556 1365 45
566 1137 45
585 607 45
600 1234 45
605 1064 45
615 923 45
622 1421 45
635 831 45
696 930 45
737 761 45
739 1404 45
761 1217 45
775 1322 45
779 1129 45
788 1379 45
850 1258 45
883 1391 45
913 1423 45
946 1116 45
968 1478 45
972 1146 45
983 1154 45
984 1199 45
1011 1159 45
1011 1182 45
1011 1158 45
1017 1175 45
1017 1124 45
1018 1031 45
1029 1150 45
1029 1079 45
1044 1377 45
1046 1081 45
1056 1115 45
1056 1093 45
1069 1134 45
1071 1228 45
1073 1333 45
1075 1167 45
1080 1093 45
1107 1220 45
1110 1124 45
1110 1157 45
1115 1157 45
1115 1149 45
1124 1132 45
1124 1174 45
1124 1125 45
1127 1178 45
1132 1148 45
1132 1174 45
1133 1172 45
1134 1165 45
1135 1137 45
1136 1137 45
1139 1142 45
1140 1142 45
1141 1142 45
1146 1161 45
1149 1158 45
1150 1153 45
1153 1154 45
1153 1167 45
1162 1163 45
1166 1167 45
1167 1168 45
1170 1172 45
1175 1301 45
1190 1384 45
1197 1246 45
1203 1454 45
1243 1444 45
1290 1349 45
1333 1391 45
7 784 46
8 490 46
11 592 46
17 1275 46
18 821 46
27 62 46
37 516 46
42 1394 46
45 846 46
54 155 46
58 1405 46
63 1246 46
73 129 46
77 935 46
78 595 46
81 362 46
83 413 46
92 234 46
95 322 46
96 186 46
100 346 46
113 1361 46
129 770 46
129 705 46
131 1019 46
143 759 46
152 1220 46
153 1173 46
155 411 46
160 328 46
165 357 46
165 1127 46
171 1385 46
194 987 46
201 1461 46
205 505 46
220 1341 46
225 1458 46
226 1329 46
226 668 46
234 1222 46
241 768 46
249 1396 46
305 1029 46
313 614 46
360 645 46
400 1319 46
417 946 46
433 1305 46
441 807 46
459 825 46
472 935 46
475 1337 46
493 1192 46
509 1387 46
518 1311 46
528 843 46
541 751 46
545 608 46
567 1390 46
580 625 46
583 1195 46
598 1173 46
603 1109 46
616 1400 46
619 1384 46
626 772 46
631 780 46
637 1303 46
642 1363 46
664 1002 46
671 952 46
676 958 46
682 1238 46
684 882 46
685 806 46
695 933 46
724 1061 46
725 1337 46
728 1460 46
731 1233 46
737 995 46
741 1445 46
760 1119 46
781 1301 46
784 854 46
789 1167 46
800 1289 46
808 1376 46
816 908 46
837 912 46
847 1259 46
850 1425 46
886 1462 46
889 1162 46
893 963 46
900 1003 46
916 924 46
916 1101 46
951 1193 46
960 1175 46
961 1344 46
967 1264 46
974 1423 46
990 1043 46
993 1160 46
1011 1181 46
1017 1375 46
1024 1237 46
1029 1188 46
1029 1189 46
1041 1193 46
1041 1060 46
1041 1132 46
1046 1067 46
1046 1208 46
1056 1146 46
1060 1201 46
1060 1076 46
1065 1215 46
1076 1146 46
1080 1125 46
1087 1462 46
1093 1146 46
1093 1192 46
1093 1134 46
1102 1178 46
1102 1104 46
1104 1136 46
1124 1125 46
1133 1172 46
1134 1209 46
1144 1192 46
1144 1146 46
1145 1184 46
1146 1190 46
1148 1152 46
1153 1210 46
1156 1199 46
1156 1169 46
1163 1202 46
1164 1187 46
1164 1186 46
1164 1416 46
1169 1206 46
1174 1175 46
1183 1184 46
1186 1187 46
1191 1192 46
1194 1195 46
1197 1199 46
1197 1198 46
1197 1200 46
1218 1323 46
1227 1418 46
1240 1370 46
1258 1407 46
1264 1316 46
1409 1476 46
1 396 47
37 224 47
47 225 47
52 493 47
67 200 47
68 402 47
68 380 47
69 322 47
92 467 47
96 1224 47
103 1107 47
132 554 47
142 578 47
165 518 47
165 957 47
188 1191 47
212 921 47
214 792 47
215 1202 47
220 1009 47
221 1468 47
269 1280 47
288 653 47
289 1359 47
289 1052 47
299 640 47
333 1253 47
339 1027 47
339 630 47
339 1050 47
343 643 47
351 1143 47
354 1093 47
360 649 47
362 732 47
363 1144 47
377 1349 47
394 525 47
400 1300 47
405 889 47
438 786 47
454 489 47
457 712 47
457 1143 47
470 1439 47
477 602 47
511 1206 47
541 1203 47
563 1138 47
568 1016 47
570 625 47
575 913 47
583 1251 47
588 675 47
597 606 47
602 917 47
614 949 47
623 1129 47
628 726 47
630 939 47
649 1022 47
692 1381 47
714 1221 47
800 1397 47
803 1287 47
824 1350 47
877 1220 47
881 1145 47
892 1408 47
917 1437 47
918 1027 47
918 1393 47
920 980 47
921 1315 47
922 1003 47
960 1184 47
1011 1159 47
1022 1083 47
1028 1392 47
1085 1194 47
1095 1193 47
1095 1366 47
1121 1128 47
1133 1171 47
1134 1190 47
1135 1217 47
1139 1143 47
1151 1455 47
1153 1226 47
1155 1224 47
1155 1208 47
1170 1444 47
1172 1239 47
1185 1217 47
1186 1189 47
1187 1189 47
1190 1191 47
1195 1216 47
1199 1218 47
1208 1225 47
1208 1224 47
1220 1221 47
1221 1222 47
1223 1226 47
1235 1236 47
1286 1326 47
1346 1460 47
1443 1475 47
27 1340 48
37 962 48
57 117 48
79 255 48
90 1133 48
91 820 48
95 1393 48
98 615 48
99 544 48
105 627 48
110 875 48
122 296 48
151 443 48
152 777 48
162 1086 48
167 1037 48
168 542 48
180 390 48
194 1124 48
197 760 48
200 254 48
203 720 48
210 890 48
216 288 48
220 1058 48
233 820 48
240 599 48
254 1171 48
260 736 48
260 589 48
262 666 48
285 387 48
295 318 48
297 1453 48
298 1034 48
300 864 48
304 404 48
304 670 48
310 399 48
330 952 48
342 898 48
344 902 48
358 502 48
368 689 48
378 474 48
422 1008 48
460 837 48
467 879 48
480 682 48
485 728 48
486 1100 48
489 1155 48
541 1129 48
567 736 48
584 1465 48
592 1418 48
592 1472 48
601 962 48
607 1335 48
648 1093 48
664 1331 48
680 998 48
683 1217 48
690 1347 48
700 942 48
734 1394 48
790 1391 48
799 896 48
816 922 48
822 1377 48
840 1267 48
845 1043 48
913 1209 48
1011 1182 48
1022 1223 48
1055 1379 48
1090 1463 48
1094 1371 48
1102 1136 48
1105 1153 48
1121 1128 48
1127 1199 48
1127 1241 48
1130 1191 48
1134 1192 48
1134 1246 48
1134 1170 48
1135 1241 48
1136 1137 48
1143 1178 48
1155 1231 48
1158 1159 48
1175 1240 48
1187 1210 48
1192 1247 48
1197 1199 48
1205 1244 48
1213 1249 48
1226 1227 48
1338 1364 48
1345 1354 48
1356 1405 48
1363 1428 48
0 1000 49
3 1387 49
22 716 49
77 543 49
90 236 49
107 541 49
155 1190 49
200 415 49
226 1443 49
280 1132 49
336 532 49
343 1053 49
345 1076 49
363 861 49
372 1455 49
390 1423 49
492 800 49
542 1438 49
563 828 49
610 1258 49
654 1431 49
678 1125 49
716 1032 49
816 942 49
831 1257 49
886 1215 49
985 1063 49
1067 1142 49
1070 1242 49
1319 1356 49
16 962 50
16 1046 50
26 763 50
35 1167 50
43 876 50
44 342 50
50 123 50
71 1164 50
75 188 50
94 680 50
114 1084 50
123 350 50
147 1401 50
156 1165 50
173 920 50
188 215 50
217 1051 50
277 1316 50
303 1421 50
313 727 50
322 1378 50
350 1098 50
385 715 50
393 933 50
398 905 50
403 1379 50
420 936 50
438 1458 50
455 589 50
455 868 50
473 800 50
477 1221 50
482 956 50
487 620 50
542 565 50
565 687 50
599 1314 50
606 1323 50
626 1005 50
647 1119 50
654 1265 50
668 886 50
704 1051 50
710 1027 50
734 1117 50
757 1162 50
770 1476 50
789 1167 50
796 957 50
877 1087 50
920 1320 50
923 1235 50
998 1204 50
1070 1213 50
1079 1228 50
1083 1260 50
1095 1267 50
1102 1177 50
1126 1134 50
1127 1201 50
1128 1252 50
1137 1156 50
1137 1250 50
1146 1248 50
1171 1245 50
1194 1249 50
1207 1209 50
1235 1251 50
1261 1265 50
8 1323 51
42 368 51
43 455 51
59 1049 51
59 1291 51
61 307 51
77 94 51
81 1349 51
107 525 51
110 779 51
120 513 51
121 366 51
125 1001 51
131 150 51
139 346 51
146 984 51
158 507 51
165 250 51
182 1186 51
188 636 51
196 729 51
224 805 51
233 534 51
240 522 51
255 375 51
286 876 51
301 489 51
312 1466 51
321 376 51
353 1387 51
368 390 51
382 764 51
402 1076 51
413 604 51
424 615 51
427 549 51
428 467 51
462 1469 51
473 519 51
475 1149 51
513 862 51
516 995 51
530 653 51
545 1243 51
548 1384 51
561 1107 51
561 1435 51
583 795 51
583 1403 51
587 1344 51
607 1279 51
609 701 51
616 1465 51
673 1274 51
676 903 51
689 1071 51
812 1029 51
828 1248 51
848 1056 51
892 1387 51
932 1161 51
955 1045 51
972 1318 51
1067 1257 51
1094 1454 51
1095 1178 51
1095 1274 51
1111 1280 51
1126 1134 51
1142 1143 51
1161 1383 51
1178 1275 51
1208 1478 51
1234 1245 51
1234 1262 51
1235 1271 51
1243 1258 51
1245 1262 51
1246 1298 51
1248 1259 51
1258 1278 51
1272 1475 51
1274 1275 51
1292 1313 51
57 730 52
112 1055 52
128 1470 52
159 960 52
253 769 52
359 1257 52
361 1186 52
430 807 52
543 578 52
657 901 52
720 1407 52
776 1305 52
817 996 52
869 953 52
941 1130 52
1187 1271 52
1270 1282 52
79 957 53
91 1396 53
102 462 53
157 1054 53
267 282 53
273 700 53
323 891 53
363 891 53
365 510 53
367 996 53
378 746 53
394 1013 53
402 879 53
432 1006 53
460 1009 53
554 591 53
555 1030 53
782 1149 53
813 1467 53
822 1025 53
874 1349 53
931 1147 53
1040 1070 53
1184 1228 53
1203 1256 53
1288 1289 53
1289 1296 53
1293 1294 53
6 1006 54
16 1294 54
57 893 54
68 492 54
72 1385 54
86 214 54
88 1317 54
98 865 54
157 553 54
161 1273 54
178 473 54
182 817 54
193 548 54
194 1362 54
228 1082 54
249 923 54
252 378 54
275 278 54
281 1366 54
286 1108 54
305 1303 54
319 442 54
350 1188 54
364 437 54
379 803 54
405 1185 54
473 492 54
484 1297 54
499 998 54
502 867 54
527 710 54
539 609 54
553 1424 54
566 608 54
579 896 54
584 865 54
636 975 54
641 687 54
685 1347 54
702 926 54
711 994 54
727 1260 54
780 1232 54
783 1352 54
784 1006 54
802 1039 54
816 1446 54
822 1321 54
824 878 54
836 1407 54
851 1407 54
878 1017 54
892 954 54
916 1122 54
957 1165 54
982 1334 54
1110 1186 54
1253 1271 54
1262 1331 54
1276 1301 54
1284 1301 54
1284 1334 54
1309 1313 54
1315 1319 54
1317 1318 54
1318 1321 54
1325 1326 54
33 155 55
54 1339 55
61 985 55
73 743 55
74 1019 55
88 1196 55
107 1390 55
123 147 55
126 412 55
130 140 55
135 1459 55
135 470 55
149 765 55
153 1038 55
156 1208 55
178 1167 55
198 695 55
205 853 55
214 652 55
219 672 55
250 978 55
268 1438 55
292 1358 55
293 1111 55
305 472 55
318 532 55
339 895 55
351 433 55
357 608 55
361 1366 55
365 692 55
379 741 55
429 883 55
447 1005 55
464 535 55
522 1140 55
563 1100 55
576 897 55
589 1384 55
590 793 55
598 989 55
615 904 55
652 1167 55
654 1453 55
679 1360 55
685 1478 55
687 859 55
717 1138 55
735 1086 55
752 838 55
753 1298 55
781 860 55
783 1028 55
824 1067 55
833 850 55
907 1228 55
977 1170 55
984 985 55
995 1323 55
997 1154 55
1013 1085 55
1022 1388 55
1036 1375 55
1053 1164 55
1103 1347 55
1104 1118 55
1151 1347 55
1185 1399 55
1274 1316 55
1283 1368 55
1287 1309 55
1293 1365 55
1293 1363 55
1295 1384 55
1296 1349 55
1305 1345 55
1305 1340 55
1306 1334 55
1315 1344 55
1316 1318 55
1318 1320 55
1322 1329 55
1325 1329 55
1326 1330 55
1328 1340 55
1339 1342 55
1346 1373 55
1351 1353 55
1351 1352 55
1363 1366 55
1364 1388 55
1366 1381 55
1369 1370 55
1375 1401 55
1378 1379 55
2 1268 56
45 911 56
57 1241 56
60 1057 56
66 1047 56
75 169 56
76 890 56
91 805 56
104 873 56
120 199 56
148 714 56
149 463 56
156 264 56
172 614 56
181 591 56
184 1052 56
192 433 56
204 1051 56
218 1232 56
261 786 56
271 1216 56
280 869 56
293 1323 56
306 334 56
318 1090 56
326 1320 56
337 828 56
359 739 56
366 1175 56
377 1146 56
384 811 56
389 770 56
399 1351 56
399 407 56
406 1238 56
425 1295 56
472 889 56
478 1004 56
490 910 56
504 671 56
534 1137 56
535 974 56
544 989 56
550 801 56
568 1452 56
583 916 56
611 692 56
623 1270 56
623 1095 56
631 1458 56
649 1251 56
651 1096 56
668 1340 56
668 1356 56
669 1192 56
679 1357 56
682 746 56
685 715 56
703 1039 56
737 870 56
740 807 56
755 1423 56
829 853 56
831 1056 56
840 1013 56
851 1280 56
855 1035 56
866 997 56
868 1372 56
891 1096 56
900 1168 56
903 1463 56
906 1267 56
912 1313 56
924 1041 56
950 1017 56
956 1182 56
977 1430 56
1010 1128 56
1022 1415 56
1025 1195 56
1052 1069 56
1059 1278 56
1088 1288 56
1107 1185 56
1125 1435 56
1181 1417 56
1193 1385 56
1262 1412 56
1276 1309 56
1287 1402 56
1287 1401 56
1288 1376 56
1291 1365 56
1296 1310 56
1306 1408 56
1307 1426 56
1309 1414 56
1312 1341 56
1326 1369 56
1330 1356 56
1330 1396 56
1345 1374 56
1346 1348 56
1348 1409 56
1360 1414 56
1366 1410 56
1370 1416 56
1390 1392 56
1393 1394 56
1394 1395 56
1410 1419 56
1412 1413 56
0 1205 57
6 31 57
22 1039 57
28 857 57
30 1419 57
34 274 57
36 368 57
53 570 57
80 831 57
85 582 57
85 145 57
118 243 57
134 1002 57
139 1175 57
149 290 57
157 323 57
158 1123 57
161 315 57
161 1433 57
176 1229 57
177 261 57
183 1473 57
187 571 57
201 708 57
213 559 57
217 470 57
220 513 57
229 1389 57
277 629 57
277 566 57
279 620 57
280 723 57
282 603 57
301 473 57
315 1018 57
317 1256 57
335 1475 57
344 925 57
355 577 57
374 777 57
376 997 57
377 896 57
381 831 57
384 669 57
396 966 57
423 971 57
426 1034 57
432 1305 57
468 1412 57
471 586 57
480 913 57
488 1001 57
493 544 57
525 733 57
544 1470 57
561 1468 57
566 751 57
615 896 57
626 1133 57
650 1085 57
672 856 57
684 910 57
687 1084 57
689 900 57
700 891 57
701 1174 57
705 869 57
707 1196 57
712 1324 57
713 1123 57
745 1140 57
746 1361 57
748 1050 57
809 1435 57
823 1145 57
830 1099 57
855 1258 57
871 1002 57
872 1434 57
887 1203 57
957 1209 57
985 1240 57
986 1022 57
1002 1228 57
1037 1169 57
1044 1189 57
1063 1311 57
1087 1179 57
1108 1144 57
1122 1454 57
1180 1282 57
1241 1319 57
1287 1288 57
1290 1441 57
1290 1431 57
1290 1368 57
1290 1399 57
1290 1353 57
1305 1346 57
1306 1440 57
1306 1347 57
1307 1313 57
1309 1418 57
1312 1432 57
1312 1438 57
1315 1424 57
1323 1427 57
1323 1404 57
1328 1384 57
1330 1413 57
1330 1407 57
1345 1398 57
1361 1437 57
1380 1429 57
1384 1421 57
1407 1434 57
1409 1439 57
1414 1436 57
1420 1437 57
19 919 58
23 1219 58
37 1152 58
67 1166 58
68 389 58
69 1103 58
87 1289 58
99 822 58
117 935 58
124 1092 58
125 935 58
126 225 58
141 1160 58
144 851 58
146 221 58
147 550 58
168 318 58
178 1260 58
182 821 58
184 869 58
186 1363 58
191 1051 58
193 464 58
204 1423 58
211 462 58
211 1139 58
220 650 58
243 890 58
245 1243 58
252 298 58
256 1246 58
256 790 58
259 549 58
268 1289 58
270 627 58
278 534 58
281 371 58
294 699 58
312 636 58
316 1311 58
319 775 58
327 934 58
337 698 58
341 1326 58
372 1403 58
376 1253 58
378 521 58
395 768 58
435 580 58
443 962 58
471 1185 58
483 1093 58
494 1314 58
503 792 58
503 659 58
516 620 58
522 1137 58
536 857 58
559 621 58
577 1135 58
580 590 58
583 1307 58
596 711 58
623 664 58
626 1404 58
634 838 58
652 1110 58
681 1015 58
703 1399 58
719 1258 58
721 1285 58
738 1342 58
762 1257 58
785 973 58
849 1048 58
851 933 58
868 1053 58
871 1296 58
879 1107 58
884 941 58
925 1091 58
956 1415 58
971 1346 58
989 1080 58
1001 1478 58
1044 1078 58
1096 1457 58
1101 1288 58
1130 1285 58
1143 1473 58
1152 1265 58
1158 1385 58
1256 1399 58
1291 1360 58
1323 1327 58
1327 1453 58
1332 1368 58
1342 1391 58
1347 1425 58
1350 1445 58
1368 1395 58
1372 1416 58
1372 1454 58
1400 1430 58
1432 1458 58
1432 1454 58
1435 1461 58
1438 1444 58
1444 1445 58
1448 1463 58
1454 1456 58
2 919 59
4 817 59
42 850 59
72 1147 59
108 1414 59
110 411 59
118 787 59
123 1293 59
137 341 59
141 989 59
148 1365 59
199 1144 59
207 839 59
218 688 59
230 1190 59
235 720 59
245 785 59
254 914 59
258 1455 59
284 573 59
321 323 59
336 1454 59
344 529 59
382 563 59
386 890 59
411 1175 59
434 976 59
442 1451 59
469 532 59
490 662 59
498 695 59
509 892 59
511 967 59
515 755 59
518 574 59
538 1029 59
566 1105 59
598 871 59
607 799 59
649 1239 59
653 760 59
704 840 59
704 1147 59
752 980 59
760 1134 59
762 1467 59
774 1139 59
795 1264 59
798 1089 59
800 960 59
816 1449 59
827 1189 59
860 1463 59
869 1266 59
900 1027 59
964 1389 59
978 1472 59
984 1432 59
1022 1405 59
1155 1198 59
1301 1318 59
1316 1470 59
1316 1449 59
1327 1357 59
1332 1356 59
1333 1461 59
1347 1417 59
1400 1416 59
1452 1465 59
58 269 60
69 406 60
81 639 60
89 104 60
102 939 60
105 190 60
128 790 60
190 258 60
203 983 60
217 1006 60
260 336 60
300 856 60
338 1213 60
351 1087 60
377 483 60
386 611 60
404 701 60
406 1325 60
418 487 60
429 644 60
635 897 60
724 822 60
768 1024 60
876 1119 60
