5 377 0
9 10 0
11 12 0
28 29 0
32 807 0
33 34 0
48 881 0
51 925 0
51 866 0
57 331 0
59 1361 0
60 458 0
60 615 0
97 955 0
118 512 0
132 149 0
132 1224 0
133 1341 0
140 809 0
140 754 0
166 849 0
175 1184 0
183 416 0
184 587 0
186 363 0
195 796 0
214 470 0
220 406 0
221 1404 0
230 523 0
232 814 0
235 282 0
252 606 0
261 942 0
271 1045 0
274 1113 0
301 344 0
308 591 0
308 977 0
317 1156 0
337 1296 0
351 1197 0
356 1066 0
386 860 0
387 504 0
404 1315 0
480 713 0
481 681 0
507 1448 0
509 881 0
514 794 0
518 1060 0
580 1072 0
588 1423 0
617 657 0
657 957 0
670 765 0
687 1240 0
719 1439 0
729 1198 0
740 1056 0
778 1036 0
783 935 0
849 1305 0
867 1069 0
884 1089 0
902 1400 0
905 1121 0
942 1087 0
970 1145 0
980 1326 0
1010 1402 0
1206 1414 0
1228 1344 0
1331 1478 0
1427 1462 0
2 965 1
4 237 1
5 560 1
7 518 1
8 990 1
18 991 1
31 1467 1
41 82 1
44 968 1
54 1253 1
60 1270 1
68 127 1
76 77 1
82 83 1
82 236 1
86 1233 1
87 696 1
96 768 1
96 1085 1
111 301 1
120 319 1
145 1420 1
147 1471 1
165 278 1
167 378 1
176 709 1
180 329 1
186 1416 1
186 740 1
190 865 1
196 883 1
196 946 1
196 850 1
197 1204 1
228 504 1
229 320 1
245 1295 1
253 710 1
265 843 1
277 1112 1
289 778 1
299 1419 1
301 776 1
304 490 1
325 1337 1
329 1231 1
332 547 1
351 1218 1
360 1192 1
366 727 1
391 1187 1
399 1185 1
402 434 1
429 529 1
433 1295 1
446 1403 1
465 965 1
473 769 1
489 1431 1
502 1304 1
503 1362 1
503 1339 1
565 604 1
567 908 1
578 917 1
580 1179 1
583 1408 1
588 1265 1
598 1219 1
616 890 1
618 926 1
619 1204 1
623 670 1
623 793 1
656 1001 1
665 822 1
691 821 1
714 1123 1
727 1345 1
774 1277 1
854 1394 1
888 919 1
891 1122 1
992 1105 1
1076 1367 1
1086 1273 1
1108 1112 1
1122 1191 1
1207 1334 1
1230 1396 1
1237 1476 1
1259 1430 1
2 12 2
3 326 2
4 662 2
6 735 2
6 718 2
10 112 2
17 278 2
21 1425 2
28 98 2
28 91 2
31 113 2
32 968 2
35 94 2
35 440 2
42 572 2
50 594 2
55 609 2
57 269 2
58 1084 2
59 104 2
67 442 2
77 1126 2
80 997 2
83 1318 2
86 103 2
87 939 2
87 302 2
91 533 2
96 97 2
103 1321 2
104 109 2
118 755 2
120 121 2
126 272 2
128 360 2
141 828 2
160 550 2
164 565 2
171 1197 2
175 1065 2
180 786 2
183 1288 2
197 1275 2
222 884 2
230 413 2
232 1204 2
235 1205 2
242 1382 2
253 1291 2
257 502 2
266 1243 2
268 554 2
269 272 2
269 826 2
275 545 2
282 894 2
287 1239 2
294 1349 2
301 354 2
302 841 2
307 733 2
309 765 2
310 523 2
325 859 2
325 1311 2
343 1128 2
343 1014 2
347 491 2
355 1112 2
362 372 2
362 680 2
369 797 2
370 464 2
371 1094 2
381 833 2
382 1465 2
393 1118 2
396 1141 2
396 1302 2
420 758 2
436 577 2
460 971 2
499 1281 2
514 1356 2
525 1469 2
529 1006 2
529 1191 2
533 1112 2
561 591 2
566 1020 2
576 1449 2
583 767 2
603 1337 2
607 827 2
653 1076 2
667 841 2
675 1169 2
713 925 2
723 1260 2
744 823 2
751 1473 2
752 1464 2
826 880 2
829 1428 2
835 1014 2
838 1192 2
846 1446 2
850 1087 2
855 1085 2
882 980 2
885 1390 2
898 952 2
915 1277 2
940 1415 2
945 975 2
967 1105 2
983 1166 2
1011 1470 2
1048 1191 2
1127 1292 2
1144 1155 2
1166 1240 2
1248 1292 2
1299 1393 2
1304 1321 2
1308 1339 2
0 982 3
12 504 3
42 222 3
48 888 3
51 1387 3
60 96 3
69 110 3
86 382 3
87 1140 3
91 93 3
96 772 3
101 983 3
103 566 3
104 1219 3
105 567 3
111 794 3
111 1293 3
114 895 3
116 242 3
124 1051 3
129 295 3
141 1214 3
150 297 3
208 397 3
208 463 3
209 1277 3
242 612 3
260 728 3
269 983 3
273 641 3
290 1180 3
322 759 3
332 559 3
336 859 3
338 1429 3
345 372 3
347 981 3
349 493 3
358 909 3
362 382 3
370 830 3
370 1406 3
383 1339 3
384 531 3
389 1360 3
410 644 3
422 862 3
449 976 3
454 1477 3
480 1383 3
544 1362 3
558 768 3
578 1236 3
612 1269 3
624 1014 3
647 1406 3
666 821 3
722 1355 3
741 823 3
761 1265 3
775 906 3
785 1069 3
802 950 3
867 1432 3
873 917 3
907 916 3
916 1249 3
1084 1191 3
1092 1432 3
1144 1265 3
1170 1395 3
1284 1425 3
1309 1456 3
1368 1416 3
15 896 4
28 456 4
31 870 4
41 52 4
61 158 4
75 703 4
91 167 4
98 621 4
102 900 4
111 112 4
111 1315 4
111 886 4
134 1026 4
165 494 4
171 1121 4
183 1037 4
184 492 4
188 260 4
195 230 4
211 576 4
220 851 4
231 1116 4
233 916 4
241 360 4
249 1037 4
249 481 4
268 333 4
277 1437 4
277 482 4
287 1179 4
306 1131 4
310 951 4
313 994 4
316 688 4
325 1045 4
326 1083 4
329 353 4
329 473 4
337 1132 4
360 361 4
370 757 4
371 787 4
384 1351 4
398 1182 4
430 1287 4
441 662 4
447 849 4
457 789 4
463 614 4
470 1252 4
476 1068 4
522 788 4
522 1140 4
530 665 4
534 1245 4
559 1430 4
560 728 4
571 942 4
579 1147 4
586 1233 4
605 932 4
607 1053 4
621 768 4
629 673 4
631 844 4
654 1276 4
690 1447 4
714 756 4
731 1027 4
734 1283 4
754 1127 4
764 853 4
766 1457 4
776 1093 4
822 1288 4
827 1472 4
836 1462 4
863 1062 4
871 1268 4
886 1032 4
897 1302 4
907 1431 4
924 1292 4
938 1265 4
940 1171 4
944 1037 4
997 1140 4
1022 1473 4
1037 1111 4
1112 1359 4
1119 1178 4
1187 1198 4
1191 1431 4
1227 1415 4
1299 1419 4
1377 1447 4
16 84 5
33 253 5
34 150 5
43 1183 5
64 454 5
68 954 5
75 1032 5
83 649 5
92 147 5
118 753 5
129 580 5
133 1225 5
139 1213 5
140 1426 5
150 1138 5
166 409 5
168 638 5
170 568 5
180 1101 5
190 1167 5
219 1452 5
221 1170 5
233 1229 5
268 1299 5
295 1336 5
309 1239 5
314 1277 5
329 905 5
333 348 5
358 1160 5
370 1418 5
417 676 5
476 883 5
480 1060 5
511 574 5
513 1381 5
514 1122 5
570 870 5
609 1150 5
619 1028 5
643 926 5
674 985 5
694 1168 5
709 892 5
721 866 5
780 1442 5
841 935 5
845 1245 5
851 1470 5
911 1393 5
1071 1438 5
1086 1392 5
1096 1141 5
1124 1140 5
1138 1168 5
1245 1396 5
61 883 6
100 1005 6
143 276 6
168 993 6
201 805 6
233 384 6
302 771 6
338 1409 6
351 1078 6
353 706 6
357 810 6
375 874 6
376 959 6
422 743 6
453 1264 6
518 575 6
551 912 6
589 1162 6
746 843 6
757 1472 6
757 861 6
848 1354 6
877 1181 6
974 1122 6
1019 1437 6
1033 1279 6
1094 1452 6
1144 1194 6
1290 1414 6
10 1302 7
19 1017 7
22 1357 7
32 644 7
44 1197 7
71 1306 7
100 270 7
103 971 7
143 435 7
145 605 7
151 742 7
155 648 7
192 1055 7
205 786 7
228 1367 7
234 1355 7
244 508 7
274 990 7
309 1339 7
320 1112 7
359 879 7
387 1462 7
405 474 7
409 872 7
523 1364 7
544 867 7
646 1116 7
693 777 7
716 781 7
754 985 7
772 1338 7
788 1006 7
855 892 7
899 1144 7
955 1318 7
968 1320 7
1215 1265 7
1258 1339 7
1292 1411 7
1297 1477 7
29 1222 8
47 72 8
85 677 8
88 192 8
90 202 8
93 226 8
108 140 8
119 1329 8
120 1304 8
130 1423 8
163 1329 8
178 1342 8
180 190 8
216 333 8
225 607 8
232 439 8
240 1435 8
247 270 8
247 629 8
273 589 8
274 321 8
313 883 8
332 1462 8
333 697 8
379 1298 8
387 1401 8
389 1112 8
390 535 8
394 930 8
400 1205 8
429 1327 8
464 518 8
477 808 8
494 879 8
508 1167 8
509 1430 8
587 684 8
600 1256 8
639 810 8
640 1356 8
658 674 8
659 1111 8
665 734 8
682 909 8
695 704 8
710 1246 8
847 1027 8
941 1262 8
959 1375 8
974 1425 8
976 1359 8
1012 1440 8
1022 1190 8
1031 1336 8
1093 1429 8
1132 1192 8
1156 1476 8
1161 1350 8
0 1157 9
0 96 9
1 518 9
4 226 9
12 215 9
13 154 9
14 564 9
21 188 9
25 1392 9
28 1405 9
29 696 9
31 1221 9
31 814 9
35 1161 9
37 584 9
43 1240 9
55 278 9
56 1269 9
60 1068 9
61 222 9
81 280 9
86 650 9
87 170 9
92 214 9
92 188 9
94 1011 9
110 188 9
110 216 9
112 226 9
117 275 9
121 211 9
121 863 9
130 421 9
132 548 9
142 203 9
142 170 9
143 255 9
144 1350 9
152 1385 9
153 939 9
160 206 9
170 235 9
174 1328 9
176 810 9
177 1150 9
185 213 9
185 755 9
187 1475 9
197 577 9
197 967 9
198 1305 9
204 235 9
205 899 9
206 356 9
211 214 9
212 234 9
213 1009 9
214 230 9
224 791 9
225 753 9
234 616 9
236 516 9
236 477 9
239 537 9
245 416 9
251 334 9
255 662 9
260 1390 9
266 1097 9
268 1297 9
272 1456 9
273 1457 9
278 776 9
291 1038 9
302 670 9
311 510 9
318 1317 9
322 968 9
335 1084 9
337 549 9
351 1459 9
351 1125 9
354 1301 9
355 668 9
362 919 9
370 391 9
371 1393 9
379 1476 9
387 1349 9
388 676 9
395 1175 9
396 910 9
396 831 9
399 530 9
401 1095 9
416 1477 9
420 1095 9
424 689 9
428 814 9
435 1308 9
462 776 9
477 1202 9
477 719 9
484 669 9
490 654 9
495 1348 9
503 1239 9
505 1454 9
519 1259 9
533 1144 9
541 916 9
544 1236 9
547 899 9
562 688 9
565 646 9
566 695 9
567 756 9
575 1041 9
576 868 9
584 707 9
592 600 9
594 777 9
616 630 9
619 1462 9
624 680 9
626 1199 9
632 1321 9
634 657 9
649 1216 9
654 1414 9
668 1348 9
685 1383 9
685 918 9
692 1411 9
697 1250 9
704 1190 9
709 1250 9
719 720 9
761 1430 9
766 1442 9
780 1146 9
794 1058 9
808 1177 9
824 1203 9
836 1182 9
848 1070 9
870 1038 9
875 902 9
899 1435 9
933 1246 9
933 1074 9
933 1232 9
936 976 9
941 955 9
942 1458 9
948 1125 9
956 1074 9
973 1299 9
989 1088 9
999 1295 9
1002 1135 9
1005 1237 9
1066 1425 9
1071 1396 9
1109 1111 9
1113 1154 9
1128 1233 9
1136 1218 9
1141 1424 9
1168 1270 9
1208 1313 9
1235 1341 9
1240 1425 9
1250 1444 9
1269 1445 9
1340 1415 9
15 1412 10
18 1177 10
25 238 10
26 885 10
28 985 10
34 1155 10
45 787 10
67 1394 10
78 969 10
79 1198 10
98 1425 10
111 1070 10
137 1188 10
137 1169 10
170 1451 10
178 1473 10
185 622 10
202 781 10
204 724 10
236 618 10
238 691 10
256 598 10
262 1300 10
271 872 10
282 835 10
285 1054 10
295 1186 10
332 448 10
351 881 10
354 1340 10
372 397 10
397 1226 10
434 481 10
451 456 10
481 490 10
522 1475 10
525 1029 10
529 1020 10
541 1295 10
560 1224 10
569 1265 10
570 818 10
590 1074 10
610 1140 10
621 1108 10
629 1420 10
632 1080 10
653 1030 10
664 915 10
666 1050 10
672 1015 10
689 836 10
730 911 10
823 1021 10
837 1121 10
841 863 10
899 973 10
923 1154 10
943 1370 10
953 1116 10
1006 1198 10
1077 1405 10
1095 1318 10
1121 1304 10
1149 1329 10
1177 1211 10
1202 1288 10
1225 1228 10
1320 1395 10
0 1153 11
1 1142 11
14 1405 11
20 227 11
27 1091 11
32 951 11
32 533 11
38 114 11
38 81 11
48 1354 11
52 476 11
59 425 11
70 607 11
77 916 11
83 1264 11
84 616 11
92 874 11
107 321 11
111 457 11
119 778 11
121 191 11
121 290 11
122 690 11
124 725 11
126 435 11
131 1294 11
144 777 11
146 1219 11
150 1080 11
151 1269 11
152 654 11
160 290 11
161 900 11
169 310 11
169 600 11
176 190 11
176 191 11
180 903 11
182 644 11
185 1097 11
187 931 11
189 936 11
194 287 11
197 561 11
197 568 11
200 746 11
206 779 11
207 325 11
212 326 11
217 562 11
217 1027 11
229 730 11
230 432 11
231 303 11
242 252 11
245 323 11
253 1096 11
258 775 11
259 1111 11
264 1054 11
268 273 11
270 272 11
270 285 11
270 1027 11
274 758 11
274 327 11
279 905 11
283 312 11
285 1353 11
291 292 11
291 363 11
294 384 11
295 1039 11
297 527 11
299 1438 11
301 1349 11
302 303 11
302 786 11
307 309 11
307 749 11
313 995 11
317 1172 11
318 320 11
321 889 11
324 750 11
345 1465 11
351 1336 11
353 1008 11
355 723 11
378 1311 11
385 1055 11
385 1029 11
386 1317 11
400 1141 11
407 827 11
408 1254 11
414 1236 11
421 786 11
422 966 11
433 741 11
439 846 11
443 1346 11
446 1282 11
450 934 11
456 825 11
487 1185 11
489 1160 11
494 785 11
509 629 11
539 851 11
542 743 11
542 1094 11
546 1275 11
557 605 11
560 772 11
563 607 11
563 647 11
563 850 11
570 716 11
573 1066 11
584 1255 11
589 815 11
591 1322 11
601 730 11
629 1391 11
673 1303 11
678 1316 11
680 809 11
686 890 11
689 1228 11
689 1331 11
691 1148 11
705 731 11
710 826 11
723 1114 11
728 1069 11
735 1412 11
736 842 11
742 1479 11
748 964 11
760 834 11
785 850 11
796 1097 11
799 1093 11
806 836 11
815 1464 11
818 1196 11
821 957 11
833 1443 11
837 1315 11
851 1457 11
857 1304 11
874 1380 11
877 1013 11
895 1343 11
899 931 11
903 1119 11
906 917 11
908 972 11
929 1443 11
932 1198 11
953 1382 11
960 990 11
983 1122 11
984 1367 11
991 1328 11
1022 1394 11
1075 1095 11
1076 1458 11
1085 1369 11
1096 1104 11
1107 1222 11
1122 1363 11
1149 1209 11
1157 1207 11
1189 1278 11
1251 1404 11
1286 1412 11
1390 1397 11
1422 1470 11
19 292 12
38 957 12
41 127 12
43 1279 12
61 351 12
88 529 12
88 1424 12
91 1289 12
109 1157 12
109 178 12
110 233 12
128 1085 12
163 1229 12
196 386 12
202 359 12
203 685 12
205 339 12
210 517 12
211 510 12
212 1288 12
220 1101 12
239 1382 12
246 887 12
246 361 12
249 423 12
262 795 12
266 723 12
274 518 12
274 453 12
275 784 12
279 1142 12
293 343 12
315 1394 12
320 1460 12
333 1428 12
336 543 12
343 1039 12
352 1209 12
365 1380 12
371 1440 12
372 1187 12
382 400 12
385 519 12
397 589 12
407 859 12
408 714 12
409 1463 12
420 594 12
426 1360 12
426 1161 12
437 669 12
450 644 12
452 568 12
456 744 12
460 945 12
475 479 12
500 676 12
515 800 12
551 838 12
560 565 12
573 782 12
574 1099 12
626 1455 12
653 1215 12
682 1147 12
690 1381 12
706 965 12
735 1148 12
747 918 12
748 1011 12
765 779 12
791 1456 12
818 1467 12
838 1254 12
849 926 12
852 1068 12
937 1000 12
938 1040 12
944 1339 12
957 1332 12
971 1330 12
988 1233 12
995 1467 12
1002 1427 12
1014 1232 12
1044 1239 12
1060 1263 12
1072 1366 12
1077 1403 12
1077 1437 12
1100 1232 12
1129 1414 12
1179 1225 12
1216 1226 12
1224 1258 12
1235 1407 12
1359 1418 12
48 459 13
62 673 13
95 1450 13
116 861 13
125 1474 13
148 1218 13
157 500 13
191 547 13
219 226 13
245 826 13
255 968 13
280 415 13
359 912 13
391 545 13
432 663 13
460 790 13
533 1424 13
565 699 13
602 944 13
688 1274 13
805 1180 13
813 1154 13
906 1107 13
1009 1228 13
1033 1376 13
1264 1399 13
10 892 14
10 1370 14
15 1009 14
16 878 14
21 1277 14
29 1413 14
33 802 14
45 640 14
46 1066 14
60 64 14
64 1332 14
65 654 14
74 631 14
77 1439 14
80 171 14
81 1454 14
86 774 14
88 780 14
92 1389 14
94 320 14
104 1306 14
105 797 14
107 146 14
114 816 14
115 1466 14
122 1269 14
126 471 14
131 253 14
132 1185 14
147 390 14
168 364 14
171 265 14
173 946 14
175 556 14
190 648 14
192 1102 14
197 1121 14
197 217 14
205 459 14
214 733 14
216 1414 14
226 395 14
228 1200 14
236 1047 14
239 377 14
242 457 14
250 972 14
253 1324 14
256 392 14
263 860 14
265 1137 14
270 1398 14
271 1145 14
280 365 14
301 968 14
306 494 14
307 1301 14
310 715 14
314 500 14
325 1136 14
328 1294 14
328 610 14
333 945 14
337 917 14
337 1104 14
342 851 14
345 430 14
345 861 14
347 1434 14
354 858 14
361 1118 14
382 1457 14
383 426 14
399 400 14
399 445 14
409 486 14
412 1212 14
418 1435 14
423 439 14
424 425 14
430 1383 14
432 637 14
433 441 14
433 437 14
442 975 14
442 1328 14
444 446 14
448 1092 14
462 1304 14
466 1032 14
468 474 14
472 1244 14
472 1100 14
476 1277 14
480 803 14
482 771 14
485 1168 14
496 617 14
499 728 14
501 834 14
503 1009 14
505 736 14
517 1227 14
518 778 14
529 1199 14
533 1348 14
534 952 14
535 1475 14
537 1434 14
538 750 14
538 987 14
539 1352 14
540 633 14
569 1150 14
586 1274 14
587 708 14
604 1163 14
621 939 14
622 1427 14
631 646 14
635 1024 14
638 900 14
644 1301 14
659 846 14
671 1120 14
676 809 14
694 817 14
696 1192 14
698 1476 14
702 758 14
704 1169 14
720 1287 14
721 1174 14
723 1189 14
734 1023 14
747 1397 14
773 1034 14
776 1220 14
782 1207 14
796 842 14
797 1435 14
797 1072 14
803 1259 14
816 1465 14
827 1320 14
828 1168 14
828 1463 14
829 1243 14
831 1319 14
840 1342 14
844 952 14
849 1142 14
853 1350 14
887 1270 14
927 1282 14
927 1412 14
945 1007 14
951 1478 14
953 1236 14
960 1066 14
964 1327 14
971 988 14
980 1330 14
996 1326 14
1003 1196 14
1030 1393 14
1032 1445 14
1039 1077 14
1051 1176 14
1054 1377 14
1057 1113 14
1076 1163 14
1090 1234 14
1104 1134 14
1138 1382 14
1147 1291 14
1156 1261 14
1168 1442 14
1222 1288 14
1226 1360 14
1261 1360 14
1272 1467 14
1274 1439 14
1276 1429 14
1295 1478 14
1362 1438 14
1444 1445 14
8 848 15
8 891 15
11 19 15
14 477 15
26 477 15
41 387 15
49 914 15
56 132 15
57 293 15
57 265 15
60 356 15
62 932 15
64 1191 15
72 375 15
111 485 15
111 201 15
117 1034 15
121 829 15
123 789 15
129 1057 15
151 1114 15
170 763 15
181 781 15
202 552 15
208 1405 15
212 1426 15
232 985 15
235 396 15
239 987 15
251 269 15
254 1209 15
264 351 15
268 306 15
276 709 15
277 749 15
298 893 15
303 1351 15
308 1315 15
319 603 15
322 1062 15
342 380 15
353 455 15
364 504 15
372 1464 15
387 1219 15
391 463 15
404 592 15
407 408 15
410 702 15
415 571 15
420 1393 15
443 666 15
447 663 15
452 1084 15
453 591 15
458 1057 15
462 665 15
470 1363 15
477 1086 15
479 613 15
485 818 15
494 692 15
513 641 15
514 1469 15
514 791 15
522 944 15
536 1007 15
537 580 15
548 891 15
605 1262 15
625 1290 15
633 962 15
640 782 15
650 658 15
678 999 15
681 733 15
709 803 15
725 1005 15
727 982 15
754 1186 15
766 890 15
792 1244 15
796 1180 15
801 894 15
812 1368 15
816 1358 15
828 1462 15
838 1319 15
847 994 15
873 1166 15
877 1183 15
889 1198 15
899 972 15
903 1363 15
921 1461 15
925 1460 15
956 1117 15
983 1338 15
1008 1126 15
1035 1221 15
1106 1221 15
1131 1185 15
1190 1195 15
1192 1209 15
1229 1352 15
1260 1275 15
1283 1427 15
1308 1468 15
1345 1378 15
1432 1453 15
4 383 16
6 600 16
10 316 16
20 466 16
49 605 16
49 985 16
51 335 16
58 1144 16
95 1046 16
100 249 16
106 351 16
135 1393 16
168 1431 16
181 921 16
195 915 16
222 913 16
243 1301 16
258 736 16
260 938 16
261 434 16
267 384 16
297 1306 16
334 438 16
357 1384 16
364 574 16
382 851 16
386 948 16
396 1256 16
418 1122 16
431 1312 16
437 1026 16
454 491 16
454 676 16
473 1276 16
477 631 16
479 1423 16
496 1221 16
501 982 16
504 1105 16
534 1163 16
572 818 16
583 806 16
630 689 16
639 704 16
669 1098 16
731 1096 16
743 993 16
767 1413 16
772 1383 16
800 1286 16
801 850 16
807 1273 16
839 1141 16
856 1158 16
856 1437 16
877 1112 16
889 1105 16
901 1199 16
992 1175 16
1010 1087 16
1087 1434 16
1232 1399 16
1297 1443 16
1313 1405 16
1323 1440 16
3 1304 17
10 459 17
20 1050 17
32 811 17
55 1136 17
57 694 17
60 1085 17
86 105 17
91 179 17
97 1337 17
149 637 17
163 311 17
173 1008 17
176 356 17
196 961 17
223 933 17
224 321 17
225 1102 17
245 1182 17
246 1299 17
249 1479 17
253 1028 17
276 360 17
298 1152 17
303 444 17
357 741 17
363 682 17
382 404 17
388 431 17
409 985 17
411 1307 17
417 1434 17
434 1023 17
467 637 17
471 515 17
487 1435 17
496 1135 17
499 1371 17
509 510 17
523 1334 17
532 1133 17
559 623 17
580 994 17
596 1021 17
602 810 17
605 819 17
667 1150 17
729 1448 17
891 956 17
938 1366 17
966 998 17
990 1128 17
1083 1161 17
1173 1225 17
3 1377 18
5 596 18
45 870 18
62 444 18
82 669 18
91 292 18
106 937 18
128 1111 18
187 925 18
188 247 18
191 966 18
201 1344 18
218 929 18
233 646 18
241 1099 18
268 752 18
273 299 18
290 530 18
302 744 18
303 1153 18
305 1400 18
312 588 18
312 1218 18
328 391 18
355 712 18
363 1199 18
370 778 18
401 1183 18
408 1145 18
418 1438 18
447 1110 18
458 1290 18
473 520 18
481 989 18
500 1094 18
509 1470 18
550 744 18
582 821 18
621 1189 18
663 1201 18
674 1094 18
676 1374 18
692 1088 18
729 1371 18
737 1417 18
756 1272 18
757 1283 18
832 1006 18
835 1278 18
876 1341 18
890 1397 18
974 1129 18
1120 1193 18
1261 1427 18
1385 1412 18
1391 1474 18
4 893 19
12 539 19
14 739 19
14 1077 19
18 960 19
25 840 19
32 1139 19
36 1083 19
40 600 19
44 724 19
62 755 19
64 1236 19
74 1158 19
86 929 19
87 806 19
103 814 19
127 730 19
127 823 19
148 489 19
156 525 19
177 978 19
178 329 19
179 250 19
195 1422 19
202 1344 19
217 624 19
245 776 19
258 892 19
269 866 19
273 1446 19
280 968 19
285 717 19
292 647 19
292 845 19
302 483 19
337 718 19
350 935 19
352 542 19
353 518 19
357 446 19
367 1319 19
369 1130 19
371 847 19
374 829 19
378 913 19
399 669 19
404 453 19
406 843 19
406 1417 19
416 606 19
416 1378 19
418 1239 19
419 809 19
447 786 19
481 1401 19
482 517 19
487 1397 19
490 635 19
504 510 19
514 864 19
516 1036 19
533 566 19
544 1139 19
553 555 19
561 868 19
561 1206 19
564 1462 19
565 808 19
574 957 19
581 1318 19
583 1172 19
590 1222 19
597 639 19
599 1266 19
624 1165 19
642 1011 19
650 1067 19
655 721 19
655 1169 19
663 1065 19
668 1129 19
675 1476 19
684 1310 19
726 861 19
728 1298 19
748 1255 19
755 1369 19
756 917 19
772 1358 19
777 1138 19
793 1181 19
804 1122 19
838 1058 19
838 1139 19
845 1290 19
893 911 19
901 1473 19
907 1130 19
919 1265 19
924 1156 19
957 1285 19
988 1427 19
998 1218 19
1007 1016 19
1032 1089 19
1068 1300 19
1076 1321 19
1080 1406 19
1117 1241 19
1174 1249 19
1177 1187 19
1189 1214 19
1218 1222 19
1288 1333 19
1311 1434 19
1314 1441 19
1368 1471 19
1412 1451 19
3 22 20
6 676 20
15 481 20
21 863 20
28 106 20
31 727 20
52 376 20
53 979 20
54 1009 20
55 685 20
57 940 20
72 649 20
82 124 20
83 334 20
88 294 20
89 787 20
107 1003 20
112 238 20
113 1283 20
131 520 20
134 1192 20
140 973 20
150 383 20
150 1070 20
167 309 20
167 1143 20
169 176 20
175 705 20
183 1220 20
187 1171 20
198 386 20
204 620 20
208 1466 20
213 445 20
213 225 20
214 1204 20
215 808 20
219 783 20
221 957 20
222 1419 20
234 1115 20
240 705 20
249 1087 20
277 571 20
283 792 20
291 1385 20
297 818 20
311 716 20
314 1018 20
330 836 20
334 525 20
343 748 20
360 789 20
367 576 20
368 1188 20
369 620 20
376 458 20
383 470 20
391 889 20
395 751 20
404 1402 20
419 610 20
424 1291 20
427 593 20
449 862 20
453 870 20
455 483 20
464 1428 20
478 1106 20
479 977 20
486 812 20
499 913 20
500 809 20
501 1269 20
504 1231 20
506 702 20
507 996 20
508 1412 20
527 802 20
531 656 20
538 1044 20
575 601 20
578 913 20
579 821 20
585 1194 20
587 589 20
587 591 20
602 1091 20
615 1000 20
616 704 20
635 1399 20
646 1384 20
654 1369 20
671 1303 20
672 1189 20
674 1330 20
678 1167 20
680 1030 20
682 1287 20
705 714 20
705 1218 20
708 805 20
721 811 20
745 1147 20
747 1201 20
748 1111 20
752 758 20
757 762 20
759 1426 20
773 916 20
786 950 20
844 1412 20
861 1013 20
863 1395 20
979 1466 20
979 1264 20
979 1258 20
990 1167 20
997 1346 20
1023 1241 20
1025 1309 20
1078 1380 20
1125 1131 20
1128 1240 20
1141 1450 20
1151 1230 20
1188 1379 20
1203 1296 20
1266 1432 20
10 681 21
10 658 21
14 173 21
23 251 21
32 428 21
49 564 21
53 1053 21
53 278 21
59 763 21
59 327 21
77 1321 21
78 914 21
87 1094 21
91 1368 21
100 449 21
101 1429 21
102 1100 21
107 1181 21
119 135 21
121 450 21
121 891 21
126 482 21
128 1414 21
135 1179 21
136 1235 21
146 898 21
146 333 21
146 725 21
154 1012 21
158 501 21
162 1082 21
176 816 21
176 340 21
183 899 21
194 1006 21
208 445 21
208 1342 21
214 650 21
216 931 21
223 1361 21
235 1394 21
236 1216 21
238 662 21
239 1391 21
240 943 21
254 687 21
256 1203 21
259 1226 21
260 273 21
263 658 21
264 1478 21
269 298 21
277 1434 21
291 911 21
292 1302 21
295 1265 21
297 687 21
301 548 21
304 1454 21
317 875 21
334 533 21
341 1375 21
381 669 21
395 852 21
395 399 21
396 823 21
401 1355 21
410 645 21
416 807 21
419 1129 21
439 729 21
441 1405 21
446 680 21
454 1322 21
461 974 21
478 708 21
487 657 21
493 964 21
494 1075 21
503 1158 21
510 1086 21
514 567 21
517 619 21
525 547 21
532 1406 21
543 1382 21
563 1392 21
563 937 21
571 659 21
572 669 21
572 1234 21
574 1107 21
580 872 21
590 1251 21
591 1290 21
592 1151 21
598 1419 21
599 836 21
600 786 21
616 1044 21
623 1138 21
632 872 21
632 1452 21
637 1454 21
642 671 21
648 649 21
648 762 21
652 670 21
653 957 21
657 981 21
677 1086 21
681 1229 21
686 1029 21
690 912 21
710 1214 21
712 809 21
735 1086 21
737 800 21
761 1051 21
794 990 21
818 938 21
835 921 21
840 1305 21
845 1312 21
847 1159 21
847 1414 21
854 1262 21
857 914 21
910 1041 21
920 1118 21
924 1194 21
925 1054 21
946 997 21
951 1057 21
953 1139 21
957 1290 21
964 1232 21
969 1258 21
982 1321 21
990 1393 21
994 1152 21
1012 1387 21
1019 1357 21
1022 1162 21
1035 1374 21
1051 1472 21
1144 1284 21
1226 1375 21
1236 1471 21
1257 1296 21
1259 1264 21
1282 1298 21
0 767 22
4 1033 22
8 693 22
14 1320 22
18 611 22
20 238 22
22 291 22
24 1006 22
27 1255 22
33 415 22
35 1052 22
36 515 22
37 501 22
51 757 22
56 297 22
57 587 22
57 492 22
64 1440 22
69 1146 22
72 458 22
77 1127 22
79 1190 22
102 1078 22
103 796 22
112 1125 22
124 1392 22
129 223 22
129 853 22
137 926 22
137 208 22
142 332 22
147 761 22
164 305 22
165 1341 22
168 242 22
168 1182 22
174 1266 22
174 1084 22
177 1021 22
177 1473 22
188 275 22
189 629 22
195 339 22
201 476 22
204 1105 22
206 1032 22
209 455 22
215 317 22
220 817 22
229 468 22
242 495 22
248 1414 22
252 757 22
272 290 22
272 1235 22
273 1396 22
283 729 22
299 1060 22
303 324 22
331 578 22
332 1206 22
334 1238 22
336 787 22
337 920 22
340 829 22
348 542 22
349 799 22
357 647 22
358 1207 22
360 1163 22
370 1129 22
375 410 22
375 1340 22
377 1006 22
378 656 22
381 863 22
384 718 22
394 834 22
411 723 22
412 560 22
419 745 22
419 1191 22
421 1007 22
422 493 22
434 1166 22
439 1406 22
454 578 22
462 695 22
462 808 22
485 1416 22
493 554 22
497 794 22
499 915 22
500 1212 22
500 1275 22
524 1421 22
539 1288 22
552 609 22
555 1082 22
588 1444 22
589 712 22
614 854 22
626 1193 22
637 909 22
649 655 22
651 848 22
656 809 22
673 1265 22
686 1139 22
689 736 22
695 915 22
696 698 22
702 704 22
704 1060 22
735 736 22
744 1308 22
745 1019 22
757 758 22
763 1471 22
782 1260 22
793 1466 22
793 1088 22
804 872 22
821 1003 22
833 843 22
855 985 22
863 1433 22
882 1282 22
886 1016 22
893 1183 22
902 1067 22
903 1275 22
912 1091 22
920 1462 22
923 1048 22
931 1183 22
932 1038 22
945 1301 22
958 1115 22
971 1018 22
976 1243 22
992 1123 22
1019 1080 22
1037 1221 22
1038 1362 22
1073 1103 22
1073 1076 22
1085 1430 22
1118 1252 22
1144 1385 22
1146 1455 22
1146 1447 22
1184 1338 22
1208 1328 22
1228 1298 22
1248 1454 22
1280 1475 22
1323 1426 22
10 35 23
11 1361 23
14 1177 23
15 483 23
24 1207 23
25 660 23
26 716 23
33 1043 23
34 1203 23
34 45 23
49 399 23
53 1037 23
59 1316 23
63 198 23
74 312 23
86 1387 23
92 193 23
97 867 23
102 1056 23
110 1032 23
110 261 23
118 1411 23
134 285 23
137 524 23
148 280 23
149 1049 23
152 1132 23
158 1358 23
158 1008 23
173 1185 23
189 524 23
189 1152 23
193 1454 23
199 571 23
204 1127 23
204 650 23
206 705 23
209 742 23
230 787 23
232 658 23
238 335 23
253 259 23
261 434 23
267 725 23
269 916 23
284 843 23
293 585 23
294 1007 23
295 1026 23
303 1284 23
306 835 23
312 396 23
315 492 23
325 1181 23
338 1065 23
345 1427 23
366 1287 23
369 1343 23
398 514 23
406 1083 23
408 777 23
424 1170 23
433 888 23
435 1062 23
450 1088 23
464 995 23
488 1149 23
493 922 23
498 1301 23
506 1329 23
506 517 23
518 1067 23
527 923 23
552 658 23
553 1074 23
582 890 23
596 713 23
596 885 23
601 682 23
604 902 23
621 1351 23
633 902 23
653 880 23
654 883 23
661 1451 23
663 738 23
677 939 23
678 1130 23
689 1438 23
696 1287 23
703 951 23
713 1013 23
716 751 23
722 930 23
728 775 23
736 1231 23
752 799 23
752 1088 23
780 781 23
785 786 23
792 1173 23
844 920 23
874 1460 23
875 1171 23
882 1066 23
888 1034 23
888 1216 23
890 1213 23
909 1329 23
918 1373 23
936 1183 23
937 938 23
985 1068 23
990 1183 23
1031 1339 23
1076 1379 23
1098 1175 23
1179 1285 23
1206 1275 23
1255 1394 23
1265 1416 23
1311 1421 23
1359 1469 23
1391 1423 23
1419 1444 23
10 564 24
26 1064 24
43 588 24
61 1203 24
62 621 24
91 141 24
100 278 24
101 1138 24
103 1200 24
117 511 24
122 720 24
155 862 24
155 752 24
163 733 24
172 546 24
174 622 24
178 970 24
181 1448 24
194 830 24
205 1384 24
224 474 24
244 618 24
265 552 24
267 658 24
299 309 24
301 1083 24
312 487 24
319 988 24
322 382 24
324 1252 24
328 909 24
332 663 24
348 1429 24
352 855 24
366 1357 24
370 505 24
370 1130 24
385 446 24
435 548 24
439 592 24
442 1296 24
472 664 24
474 627 24
482 872 24
507 704 24
550 1445 24
555 844 24
569 1043 24
572 1323 24
576 607 24
589 692 24
676 870 24
689 691 24
712 1071 24
740 742 24
765 911 24
804 1440 24
826 827 24
828 953 24
838 921 24
853 1440 24
927 956 24
938 1195 24
978 1240 24
1012 1033 24
1055 1435 24
1167 1340 24
1257 1360 24
4 916 25
10 1119 25
12 1258 25
24 697 25
27 539 25
36 1051 25
72 121 25
77 1425 25
79 1032 25
81 1009 25
89 425 25
108 1033 25
122 974 25
138 958 25
144 974 25
148 1354 25
163 294 25
229 990 25
281 1016 25
286 1072 25
288 899 25
289 523 25
297 1247 25
304 329 25
316 932 25
335 372 25
342 426 25
348 1477 25
352 979 25
368 654 25
369 956 25
380 559 25
387 1453 25
390 1260 25
432 888 25
439 1020 25
439 743 25
443 1227 25
455 1014 25
463 568 25
499 1302 25
512 1091 25
523 948 25
535 1287 25
549 1225 25
560 1169 25
577 600 25
589 647 25
631 1103 25
635 1468 25
643 1157 25
675 1398 25
689 812 25
697 775 25
744 1143 25
755 756 25
764 1055 25
777 831 25
780 1184 25
787 842 25
788 1145 25
845 846 25
845 1288 25
883 1173 25
898 1073 25
932 1462 25
933 1013 25
939 1478 25
944 1243 25
974 979 25
1064 1263 25
1095 1243 25
1116 1278 25
1118 1157 25
1127 1429 25
1152 1411 25
1291 1407 25
1454 1475 25
7 27 26
9 346 26
11 54 26
16 1256 26
33 151 26
43 222 26
46 1262 26
80 588 26
92 1057 26
114 298 26
128 1333 26
146 496 26
147 747 26
148 855 26
157 420 26
179 387 26
181 542 26
183 1263 26
200 598 26
202 518 26
242 937 26
246 694 26
257 688 26
280 644 26
283 552 26
295 1265 26
300 1123 26
308 1412 26
317 683 26
327 848 26
350 660 26
370 690 26
375 1171 26
379 1078 26
385 698 26
390 1146 26
441 612 26
442 667 26
443 1172 26
444 1007 26
449 741 26
464 1058 26
480 1028 26
497 520 26
516 937 26
557 747 26
578 1207 26
580 960 26
632 848 26
661 1154 26
673 961 26
678 1293 26
687 821 26
704 1166 26
755 1378 26
755 998 26
763 815 26
832 869 26
854 1149 26
872 1245 26
929 1389 26
936 1293 26
945 1462 26
970 1400 26
976 992 26
977 1214 26
1003 1178 26
1011 1346 26
1027 1240 26
1057 1170 26
1096 1198 26
1119 1146 26
1124 1453 26
1162 1398 26
1183 1329 26
1210 1292 26
1220 1344 26
1268 1347 26
1306 1421 26
1365 1399 26
1396 1461 26
2 1037 27
34 754 27
55 956 27
62 622 27
64 99 27
66 1007 27
76 403 27
91 1457 27
111 862 27
118 768 27
124 738 27
129 486 27
147 940 27
155 202 27
167 695 27
168 756 27
185 1379 27
186 474 27
257 293 27
317 1015 27
318 769 27
327 1393 27
343 872 27
366 534 27
374 1262 27
394 752 27
394 829 27
403 455 27
422 1142 27
423 1050 27
440 1273 27
442 941 27
492 1118 27
494 852 27
514 980 27
517 1462 27
548 884 27
552 923 27
579 1260 27
597 684 27
598 883 27
609 631 27
625 1063 27
657 719 27
658 830 27
669 1316 27
673 709 27
706 949 27
742 1137 27
780 1233 27
787 1086 27
811 1426 27
817 1161 27
834 1119 27
834 1095 27
844 1001 27
876 886 27
889 1438 27
889 922 27
941 1279 27
946 1434 27
952 1381 27
1021 1411 27
1024 1319 27
1035 1361 27
1047 1231 27
1107 1397 27
1120 1411 27
1332 1419 27
17 85 28
40 466 28
48 872 28
48 672 28
51 492 28
56 1316 28
68 1100 28
103 860 28
129 395 28
144 967 28
158 1438 28
160 321 28
161 272 28
164 1446 28
167 735 28
175 508 28
177 275 28
219 1029 28
222 1004 28
228 1115 28
287 471 28
301 709 28
306 1372 28
329 908 28
415 1134 28
483 963 28
493 1264 28
528 1387 28
528 1025 28
535 1027 28
567 1322 28
598 1096 28
602 1039 28
607 1408 28
646 1362 28
773 1384 28
953 1008 28
997 1398 28
1004 1264 28
1326 1358 28
39 367 29
42 1196 29
44 1391 29
107 527 29
116 149 29
122 945 29
225 1229 29
240 1210 29
260 1338 29
311 395 29
331 1281 29
397 1364 29
422 1458 29
484 1358 29
541 1105 29
585 1254 29
694 992 29
785 1146 29
906 1382 29
929 1249 29
942 1165 29
995 1248 29
1045 1363 29
9 530 30
116 1251 30
199 1123 30
208 671 30
273 795 30
289 1056 30
830 958 30
864 1033 30
611 757 31
38 1338 32
52 1104 32
83 1377 32
198 423 32
203 636 32
248 748 32
442 548 32
766 970 32
64 1156 33
309 886 33
512 1334 33
1271 1393 33
516 589 34
3 230 35
524 619 35
724 1009 35
506 981 36
170 516 37
610 966 37
40 360 39
62 592 39
1 1399 40
77 442 40
106 244 40
144 762 40
149 1475 40
175 661 40
236 447 40
328 1017 40
356 1327 40
361 768 40
465 1392 40
472 1090 40
475 1281 40
550 1377 40
707 946 40
852 984 40
976 1255 40
1014 1332 40
1097 1355 40
1109 1467 40
1190 1455 40
1419 1466 40
11 769 41
12 455 41
13 650 41
16 1275 41
22 553 41
32 489 41
49 1355 41
61 238 41
71 558 41
78 1207 41
106 737 41
117 225 41
133 875 41
136 835 41
156 1234 41
156 545 41
158 568 41
160 581 41
179 911 41
197 1312 41
210 574 41
228 957 41
254 840 41
283 939 41
290 1139 41
299 414 41
315 551 41
316 529 41
328 838 41
329 1335 41
365 1314 41
368 1074 41
380 642 41
397 857 41
407 869 41
418 488 41
423 1107 41
426 539 41
430 947 41
430 510 41
446 1404 41
452 472 41
459 1404 41
460 1218 41
461 982 41
461 1379 41
472 1406 41
477 616 41
480 1412 41
525 1111 41
541 1269 41
556 1283 41
562 1136 41
578 1450 41
580 1468 41
586 999 41
611 1421 41
632 1078 41
634 1328 41
646 1266 41
649 1062 41
705 913 41
705 783 41
706 1237 41
721 1379 41
741 816 41
742 1471 41
743 1354 41
747 951 41
748 1030 41
752 1413 41
753 1136 41
774 1193 41
820 1247 41
825 846 41
827 1164 41
845 1225 41
878 964 41
882 923 41
888 1003 41
901 1479 41
906 1096 41
910 975 41
915 1153 41
936 1424 41
940 1253 41
946 1009 41
969 1242 41
984 985 41
984 986 41
985 986 41
993 994 41
1000 1290 41
1005 1300 41
1014 1166 41
1026 1090 41
1095 1472 41
1141 1232 41
8 1401 42
22 389 42
37 1445 42
48 1005 42
49 1125 42
55 1151 42
66 1330 42
68 91 42
82 328 42
82 643 42
84 767 42
92 574 42
92 1039 42
117 1311 42
121 343 42
127 1476 42
135 1360 42
137 177 42
137 199 42
138 206 42
146 1479 42
151 1156 42
158 1412 42
168 1368 42
171 510 42
173 654 42
174 1116 42
176 226 42
177 711 42
177 1032 42
185 928 42
189 696 42
190 1143 42
193 861 42
202 451 42
228 955 42
231 289 42
233 350 42
242 1122 42
245 748 42
248 304 42
251 429 42
259 586 42
262 1357 42
262 1270 42
263 1115 42
278 979 42
295 1080 42
296 507 42
298 513 42
298 934 42
300 1055 42
301 552 42
307 1125 42
317 699 42
326 918 42
332 766 42
344 1279 42
350 1099 42
371 943 42
372 407 42
375 1404 42
379 1089 42
381 1424 42
387 1040 42
408 1210 42
409 1271 42
415 1479 42
426 429 42
457 776 42
463 810 42
467 1177 42
471 875 42
477 895 42
478 616 42
482 1340 42
501 518 42
526 775 42
539 1226 42
541 1403 42
563 636 42
585 1229 42
594 610 42
602 1020 42
605 831 42
607 1102 42
619 821 42
629 971 42
644 1448 42
660 735 42
663 782 42
725 1034 42
747 1109 42
762 1010 42
772 923 42
773 1402 42
786 1154 42
794 832 42
802 1188 42
841 1020 42
843 937 42
844 1341 42
855 1251 42
868 1386 42
924 1464 42
931 998 42
942 1016 42
967 1187 42
967 1342 42
970 1163 42
1021 1140 42
1021 1182 42
1030 1054 42
1042 1099 42
1052 1328 42
1062 1150 42
1066 1395 42
1102 1271 42
1118 1234 42
1127 1213 42
1138 1150 42
1195 1276 42
1247 1340 42
6 1340 43
7 467 43
9 1360 43
10 1399 43
15 1072 43
15 92 43
19 720 43
19 1356 43
22 896 43
23 372 43
28 704 43
31 159 43
31 163 43
31 158 43
39 546 43
41 1208 43
45 367 43
71 663 43
81 1458 43
84 1151 43
92 344 43
109 572 43
110 837 43
121 1048 43
124 1159 43
129 516 43
129 654 43
131 205 43
132 472 43
135 1287 43
136 143 43
148 286 43
150 383 43
159 1114 43
164 268 43
168 971 43
173 1446 43
175 828 43
179 1298 43
187 1060 43
188 652 43
194 699 43
198 1070 43
201 833 43
202 1317 43
203 343 43
203 216 43
212 673 43
214 330 43
236 326 43
237 1071 43
237 927 43
250 386 43
252 1291 43
263 388 43
264 1283 43
267 1189 43
274 954 43
275 549 43
275 1228 43
276 1029 43
277 750 43
277 636 43
284 1125 43
293 419 43
298 1435 43
301 829 43
309 549 43
313 524 43
318 633 43
320 889 43
332 1322 43
333 1247 43
343 398 43
350 550 43
367 419 43
370 988 43
383 1130 43
393 1105 43
398 918 43
399 1416 43
408 949 43
412 1217 43
418 1435 43
428 860 43
438 639 43
443 914 43
449 1103 43
452 1189 43
453 1274 43
457 1477 43
460 742 43
476 1181 43
479 756 43
481 762 43
486 1283 43
493 1201 43
501 1349 43
505 1319 43
514 820 43
519 833 43
535 966 43
561 777 43
572 784 43
585 1373 43
586 1345 43
601 651 43
606 744 43
608 1319 43
612 1068 43
618 1438 43
625 673 43
633 708 43
640 1087 43
641 935 43
654 981 43
663 1135 43
666 1198 43
669 1080 43
672 935 43
676 1082 43
676 903 43
683 1317 43
685 823 43
687 1243 43
708 1166 43
713 797 43
721 1224 43
728 922 43
729 958 43
733 1455 43
735 1024 43
736 1291 43
754 1092 43
758 1016 43
783 1223 43
795 1165 43
796 1256 43
797 1330 43
797 1219 43
798 929 43
803 948 43
812 1262 43
845 872 43
847 1332 43
854 1036 43
860 1146 43
873 1210 43
884 1388 43
899 1245 43
915 932 43
918 1175 43
923 1132 43
925 1406 43
926 1296 43
930 958 43
950 1107 43
957 1353 43
960 1404 43
971 1462 43
981 1038 43
982 1464 43
983 1053 43
988 1252 43
1001 1191 43
1005 1085 43
1011 1113 43
1018 1050 43
1038 1072 43
1038 1099 43
1038 1073 43
1038 1200 43
1040 1056 43
1058 1062 43
1060 1061 43
1070 1073 43
1073 1471 43
1090 1354 43
1095 1247 43
1101 1103 43
1101 1104 43
1113 1115 43
1113 1335 43
1116 1156 43
1127 1433 43
1223 1351 43
1240 1388 43
1284 1477 43
1375 1389 43
1383 1419 43
15 1150 44
24 799 44
40 417 44
42 598 44
62 1316 44
73 806 44
85 1005 44
119 271 44
134 1265 44
175 949 44
200 751 44
204 1031 44
205 923 44
236 416 44
258 1199 44
299 858 44
331 581 44
341 820 44
342 649 44
352 1444 44
405 800 44
455 1051 44
498 632 44
510 905 44
557 947 44
564 663 44
567 762 44
571 1474 44
589 649 44
660 1131 44
668 1102 44
672 998 44
672 1135 44
695 1373 44
758 980 44
760 911 44
769 1022 44
863 1149 44
874 1429 44
880 1302 44
897 1114 44
903 1342 44
971 1188 44
1023 1328 44
1089 1431 44
1155 1257 44
1189 1342 44
1273 1442 44
2 1462 45
4 10 45
5 773 45
7 134 45
9 154 45
11 244 45
16 608 45
21 885 45
29 1161 45
31 1002 45
31 1271 45
32 1302 45
67 495 45
69 147 45
75 774 45
78 505 45
79 1321 45
84 1098 45
98 238 45
101 226 45
107 686 45
108 1300 45
108 682 45
115 166 45
116 677 45
119 458 45
120 1007 45
125 1358 45
128 1017 45
131 512 45
140 698 45
144 571 45
146 1334 45
157 478 45
158 1205 45
162 1436 45
172 761 45
179 529 45
198 564 45
207 450 45
213 641 45
218 1103 45
218 222 45
225 772 45
231 972 45
245 1211 45
245 692 45
245 731 45
256 1473 45
261 861 45
277 550 45
303 405 45
316 774 45
328 664 45
331 794 45
332 1122 45
332 658 45
348 400 45
351 1249 45
357 612 45
363 1234 45
363 1367 45
370 1118 45
381 1088 45
389 1323 45
392 1405 45
393 633 45
405 1050 45
406 620 45
413 1369 45
419 1413 45
421 894 45
432 599 45
435 1039 45
449 1302 45
477 946 45
488 1275 45
497 620 45
497 734 45
509 1150 45
511 602 45
527 794 45
531 949 45
536 1342 45
546 795 45
550 1121 45
556 1205 45
557 565 45
566 993 45
581 755 45
583 963 45
595 686 45
649 798 45
652 1134 45
660 903 45
674 776 45
684 1446 45
727 1429 45
736 939 45
758 1215 45
768 1387 45
774 1192 45
776 1397 45
790 1259 45
813 1346 45
821 1181 45
824 1376 45
826 1044 45
850 1142 45
853 1067 45
888 1156 45
889 1219 45
921 1198 45
924 1370 45
936 1028 45
942 1213 45
978 1227 45
987 1424 45
1006 1220 45
1011 1159 45
1079 1150 45
1081 1154 45
1088 1274 45
1124 1329 45
1126 1437 45
1127 1291 45
1133 1172 45
1138 1139 45
1156 1160 45
1167 1384 45
1168 1439 45
1178 1389 45
1181 1322 45
1233 1460 45
1352 1362 45
7 1213 46
9 1302 46
10 1454 46
12 177 46
12 918 46
13 429 46
15 1239 46
22 48 46
25 377 46
30 92 46
34 68 46
36 983 46
39 982 46
49 105 46
50 125 46
55 1176 46
56 959 46
57 180 46
57 1020 46
60 633 46
65 491 46
68 256 46
82 1252 46
83 655 46
85 1339 46
90 1166 46
100 884 46
102 920 46
104 1158 46
114 452 46
116 503 46
120 1400 46
124 519 46
139 1115 46
142 643 46
144 642 46
154 575 46
156 951 46
162 657 46
166 1049 46
168 934 46
181 1266 46
183 221 46
184 505 46
192 1087 46
194 1008 46
212 1053 46
214 1162 46
220 1176 46
220 1142 46
221 1396 46
228 1475 46
230 1316 46
232 865 46
241 253 46
245 465 46
248 651 46
251 1308 46
255 1076 46
256 397 46
259 314 46
267 967 46
278 965 46
280 1247 46
280 823 46
305 1456 46
305 507 46
308 1352 46
308 1281 46
315 1020 46
315 1244 46
316 625 46
328 1062 46
345 1360 46
365 400 46
369 1030 46
371 826 46
383 1001 46
387 1327 46
394 619 46
407 834 46
427 466 46
428 1478 46
433 618 46
436 1274 46
454 456 46
487 1102 46
490 910 46
497 859 46
498 568 46
499 1271 46
504 623 46
506 1352 46
514 1315 46
525 1269 46
528 1439 46
537 1085 46
552 943 46
553 631 46
569 1326 46
576 901 46
584 1127 46
584 973 46
593 840 46
601 877 46
606 1300 46
610 1165 46
625 1291 46
632 677 46
635 652 46
643 1251 46
658 1071 46
665 1389 46
665 699 46
669 719 46
671 1208 46
680 898 46
698 1020 46
713 1295 46
718 1374 46
721 1150 46
724 779 46
731 951 46
749 1028 46
752 1463 46
761 1216 46
764 1430 46
785 1022 46
804 1041 46
812 832 46
820 1264 46
824 1431 46
825 855 46
849 899 46
871 1024 46
876 1415 46
892 927 46
894 1103 46
902 1462 46
909 1408 46
944 1245 46
957 1240 46
958 1366 46
1016 1024 46
1017 1173 46
1035 1046 46
1036 1461 46
1063 1069 46
1068 1142 46
1068 1385 46
1106 1253 46
1135 1185 46
1142 1305 46
1144 1190 46
1148 1152 46
1152 1174 46
1164 1375 46
1175 1284 46
1196 1200 46
1198 1200 46
1212 1392 46
1237 1399 46
1264 1272 46
1 576 47
42 1407 47
44 315 47
47 1052 47
55 675 47
58 446 47
59 1100 47
63 805 47
67 452 47
71 287 47
76 636 47
81 690 47
92 989 47
116 313 47
120 986 47
120 1268 47
125 1437 47
136 915 47
139 452 47
144 260 47
148 210 47
151 1357 47
184 371 47
190 207 47
194 357 47
196 909 47
201 836 47
213 1334 47
217 1339 47
218 511 47
225 1100 47
262 695 47
278 1037 47
282 1296 47
292 611 47
299 1307 47
319 602 47
340 788 47
385 1031 47
387 421 47
388 542 47
395 1246 47
397 1119 47
405 1410 47
408 845 47
420 1230 47
421 653 47
426 1355 47
437 1106 47
438 478 47
442 608 47
468 1442 47
481 757 47
481 684 47
483 1136 47
511 1276 47
511 776 47
517 722 47
536 991 47
538 695 47
549 599 47
563 714 47
587 616 47
602 1278 47
633 839 47
643 1174 47
664 997 47
677 1288 47
725 1340 47
741 744 47
764 1103 47
779 1078 47
794 983 47
803 1468 47
807 977 47
828 889 47
857 1370 47
872 1243 47
913 978 47
929 1062 47
959 1339 47
999 1342 47
1022 1083 47
1039 1054 47
1051 1302 47
1086 1226 47
1097 1438 47
1116 1455 47
1124 1174 47
1211 1416 47
1217 1218 47
1229 1241 47
1242 1329 47
1269 1453 47
1280 1412 47
1322 1371 47
1330 1476 47
1400 1451 47
11 610 48
20 477 48
20 936 48
25 81 48
30 1461 48
37 627 48
53 914 48
53 982 48
53 262 48
63 1025 48
68 826 48
78 93 48
102 1235 48
106 1351 48
114 1202 48
134 1447 48
146 1317 48
147 719 48
147 620 48
149 970 48
150 708 48
173 361 48
178 1278 48
200 797 48
217 1192 48
219 1443 48
227 409 48
230 1119 48
240 836 48
241 994 48
247 1014 48
254 1090 48
283 1445 48
287 1467 48
291 408 48
297 500 48
316 739 48
333 833 48
343 780 48
365 656 48
389 978 48
403 986 48
409 755 48
447 625 48
453 821 48
455 741 48
458 556 48
461 663 48
462 943 48
466 1117 48
474 1177 48
480 1251 48
489 1145 48
498 692 48
506 748 48
509 893 48
544 887 48
546 1131 48
546 1349 48
559 897 48
584 1063 48
606 819 48
610 1314 48
614 1238 48
639 1390 48
640 1339 48
641 1014 48
662 767 48
663 671 48
698 921 48
713 757 48
720 784 48
727 1409 48
730 923 48
731 1172 48
740 1426 48
741 1421 48
749 801 48
769 950 48
778 1280 48
803 1294 48
806 1213 48
840 1282 48
860 1354 48
870 1390 48
882 1297 48
955 1331 48
979 1244 48
987 1456 48
1022 1083 48
1026 1270 48
1030 1346 48
1097 1208 48
1114 1471 48
1136 1319 48
1144 1147 48
1159 1250 48
1189 1478 48
1227 1245 48
1239 1267 48
1281 1353 48
1298 1448 48
1408 1427 48
1 174 49
24 121 49
29 1062 49
38 1192 49
45 407 49
71 1202 49
96 246 49
106 1320 49
121 1370 49
133 938 49
135 577 49
144 953 49
202 523 49
343 584 49
455 1373 49
458 1104 49
463 1208 49
468 977 49
501 997 49
610 857 49
668 1132 49
713 1477 49
714 1277 49
737 961 49
764 1242 49
852 932 49
862 1352 49
929 1085 49
1164 1363 49
1233 1401 49
18 277 50
22 328 50
72 1228 50
74 319 50
77 172 50
96 1399 50
111 967 50
123 1095 50
142 1253 50
164 1217 50
168 382 50
174 535 50
200 319 50
201 1038 50
236 868 50
262 1425 50
272 1423 50
294 846 50
308 794 50
322 966 50
336 553 50
341 1465 50
342 594 50
343 704 50
363 501 50
376 1085 50
385 998 50
408 767 50
442 920 50
442 569 50
443 1358 50
447 537 50
449 1251 50
454 1472 50
461 793 50
461 982 50
471 1235 50
479 1018 50
498 835 50
540 863 50
555 1331 50
605 1246 50
617 1242 50
627 1241 50
637 1264 50
659 1423 50
691 1302 50
716 879 50
722 1133 50
735 1032 50
781 1301 50
808 1061 50
832 970 50
851 1449 50
954 983 50
972 1040 50
991 1280 50
1006 1404 50
1024 1253 50
1029 1455 50
1111 1159 50
1172 1202 50
1181 1320 50
1266 1267 50
1461 1465 50
5 1391 51
9 428 51
14 311 51
40 833 51
50 1101 51
52 406 51
54 227 51
68 715 51
71 331 51
89 1411 51
102 1023 51
122 1298 51
141 412 51
167 747 51
171 253 51
175 1131 51
176 309 51
179 364 51
181 666 51
187 540 51
193 598 51
212 314 51
214 975 51
223 1041 51
228 919 51
230 269 51
234 608 51
237 875 51
259 635 51
264 312 51
282 1370 51
287 463 51
287 1192 51
301 692 51
307 312 51
313 736 51
351 1274 51
353 1178 51
366 946 51
370 1281 51
384 542 51
387 741 51
399 893 51
408 843 51
419 626 51
429 853 51
450 618 51
514 1304 51
528 601 51
546 926 51
560 811 51
568 1321 51
589 1364 51
625 802 51
631 1132 51
713 845 51
714 833 51
716 1026 51
722 1430 51
726 1421 51
727 866 51
763 1196 51
766 961 51
785 1315 51
795 913 51
800 1257 51
812 1450 51
851 1032 51
898 1390 51
990 1122 51
1030 1459 51
1080 1111 51
1154 1247 51
1233 1417 51
1313 1389 51
1377 1436 51
1401 1423 51
17 380 52
68 1163 52
73 1397 52
236 1291 52
254 507 52
271 1332 52
561 1129 52
721 974 52
819 1432 52
835 1094 52
45 88 53
66 770 53
71 1417 53
89 483 53
89 1356 53
91 655 53
184 861 53
187 364 53
201 367 53
204 1441 53
221 1328 53
235 1358 53
238 563 53
253 379 53
301 1447 53
333 1200 53
333 473 53
357 1019 53
418 1322 53
434 977 53
434 924 53
500 573 53
557 1281 53
565 1005 53
594 1227 53
749 1475 53
762 1324 53
843 851 53
851 1026 53
883 989 53
946 1061 53
1018 1326 53
1032 1215 53
1092 1381 53
1156 1266 53
1326 1425 53
46 562 54
64 909 54
97 713 54
109 1046 54
154 680 54
159 930 54
162 864 54
170 579 54
174 1458 54
195 1040 54
215 228 54
229 831 54
250 401 54
262 735 54
281 907 54
291 873 54
318 681 54
331 890 54
332 466 54
341 1241 54
342 1335 54
352 1267 54
370 1023 54
394 1315 54
428 964 54
450 516 54
465 1352 54
467 887 54
469 1086 54
492 1253 54
526 929 54
653 1253 54
668 958 54
706 1445 54
717 843 54
743 778 54
749 1336 54
759 1414 54
803 878 54
807 936 54
856 1234 54
871 1339 54
913 1231 54
919 1348 54
1009 1122 54
1033 1245 54
1041 1063 54
1179 1304 54
13 1244 55
33 662 55
42 279 55
47 208 55
48 687 55
62 827 55
68 658 55
73 145 55
73 125 55
77 1054 55
82 355 55
93 255 55
119 167 55
134 1363 55
136 218 55
185 901 55
190 627 55
197 1152 55
205 468 55
212 1148 55
229 365 55
232 1372 55
233 876 55
235 312 55
238 253 55
238 819 55
245 1219 55
252 1297 55
255 675 55
256 288 55
257 1176 55
268 631 55
269 333 55
273 402 55
273 1432 55
276 487 55
284 1291 55
288 891 55
293 1257 55
299 635 55
313 1022 55
337 1365 55
340 1146 55
354 624 55
362 1232 55
364 866 55
365 1083 55
371 490 55
372 728 55
390 1106 55
392 1149 55
399 821 55
400 965 55
418 934 55
419 1174 55
420 817 55
431 1344 55
444 718 55
453 691 55
473 1074 55
498 1044 55
509 690 55
511 521 55
525 1081 55
543 1239 55
548 580 55
553 594 55
561 752 55
565 1286 55
602 1051 55
608 1138 55
655 1171 55
666 1447 55
704 1419 55
715 1339 55
715 783 55
733 1262 55
738 1100 55
761 1375 55
761 1322 55
768 827 55
779 889 55
798 1157 55
819 1302 55
827 1439 55
834 1075 55
846 1071 55
852 919 55
869 1333 55
882 1280 55
966 1162 55
977 1140 55
980 1354 55
1013 1128 55
1046 1084 55
1069 1305 55
1071 1454 55
1079 1452 55
1103 1104 55
1114 1374 55
1122 1327 55
1133 1446 55
1151 1184 55
1159 1368 55
1160 1341 55
1171 1272 55
1193 1237 55
1240 1247 55
1246 1297 55
1251 1317 55
1276 1357 55
1280 1324 55
1293 1312 55
1309 1371 55
1312 1385 55
1325 1356 55
1333 1409 55
1335 1363 55
1345 1346 55
1359 1360 55
10 1342 56
15 1068 56
26 505 56
32 533 56
34 1388 56
34 883 56
40 1106 56
50 312 56
52 1259 56
54 567 56
59 736 56
60 1183 56
68 1318 56
89 1432 56
89 1454 56
97 1262 56
109 123 56
134 960 56
158 499 56
161 692 56
171 1430 56
172 1185 56
177 1459 56
188 290 56
191 1297 56
194 1439 56
194 328 56
208 663 56
225 1191 56
258 808 56
263 370 56
266 849 56
272 1419 56
277 967 56
279 342 56
290 322 56
294 354 56
295 732 56
299 310 56
306 1436 56
323 404 56
325 748 56
333 947 56
334 561 56
346 547 56
372 1163 56
386 685 56
395 1408 56
396 1244 56
400 1310 56
415 1343 56
418 516 56
419 581 56
425 1369 56
435 684 56
435 758 56
444 506 56
470 585 56
474 698 56
486 1302 56
491 1176 56
520 1204 56
521 799 56
529 1444 56
537 1030 56
543 1206 56
545 1040 56
550 1206 56
550 1080 56
555 879 56
556 1222 56
560 1024 56
590 1168 56
610 896 56
614 1359 56
618 718 56
629 994 56
644 967 56
655 1311 56
748 919 56
765 1081 56
771 1003 56
788 1146 56
804 1201 56
827 1147 56
860 1284 56
861 879 56
922 947 56
945 1364 56
970 983 56
980 1067 56
1065 1171 56
1079 1211 56
1109 1188 56
1124 1445 56
1164 1246 56
1187 1468 56
1189 1354 56
1208 1407 56
1251 1252 56
1286 1386 56
1362 1421 56
1381 1459 56
1386 1451 56
20 1380 57
30 372 57
31 1194 57
32 579 57
55 1025 57
56 545 57
62 255 57
65 595 57
73 465 57
109 671 57
109 1412 57
116 193 57
156 568 57
161 702 57
174 901 57
177 1058 57
184 695 57
192 876 57
203 654 57
207 1442 57
214 724 57
214 1052 57
216 1184 57
219 1075 57
221 329 57
226 931 57
234 1308 57
237 307 57
245 1376 57
247 993 57
257 364 57
264 1441 57
276 1039 57
293 1043 57
299 581 57
302 966 57
304 1045 57
306 1290 57
325 1390 57
326 1327 57
330 775 57
339 719 57
340 776 57
340 826 57
359 971 57
369 535 57
377 1413 57
378 709 57
380 883 57
399 1241 57
470 1433 57
470 612 57
498 949 57
523 1122 57
524 796 57
534 1376 57
549 1045 57
566 703 57
596 1251 57
612 1149 57
620 790 57
624 1082 57
630 1346 57
637 903 57
643 1465 57
645 870 57
715 844 57
742 823 57
760 1428 57
771 948 57
774 1024 57
780 829 57
782 843 57
791 1430 57
798 1078 57
819 1152 57
833 1308 57
845 1232 57
897 1005 57
900 1036 57
915 1307 57
920 1389 57
927 1255 57
956 1129 57
976 1463 57
1019 1253 57
1170 1243 57
1195 1376 57
1209 1258 57
1216 1332 57
1217 1329 57
1221 1225 57
1246 1341 57
1254 1322 57
1288 1371 57
1294 1345 57
1309 1414 57
1334 1361 57
5 688 58
23 1085 58
27 731 58
34 1080 58
36 593 58
49 176 58
52 394 58
56 929 58
69 857 58
76 1155 58
79 167 58
79 714 58
82 1362 58
89 517 58
96 440 58
100 941 58
106 1042 58
108 768 58
109 202 58
111 1408 58
112 206 58
116 978 58
137 481 58
143 1335 58
168 731 58
172 771 58
178 1451 58
181 280 58
187 857 58
187 446 58
212 782 58
217 450 58
237 809 58
237 900 58
249 659 58
250 1034 58
253 1401 58
255 637 58
267 427 58
269 838 58
275 1451 58
282 803 58
285 1385 58
285 1066 58
288 1313 58
291 1029 58
295 360 58
307 1220 58
311 1249 58
316 1043 58
345 417 58
360 740 58
368 1246 58
370 1364 58
384 999 58
385 1028 58
385 808 58
387 657 58
388 565 58
393 1313 58
407 719 58
430 725 58
487 938 58
489 848 58
502 1365 58
524 631 58
525 788 58
532 688 58
536 631 58
539 811 58
567 701 58
572 751 58
578 1336 58
582 921 58
592 677 58
598 1208 58
598 931 58
599 948 58
604 1083 58
621 814 58
633 869 58
642 807 58
650 794 58
671 1192 58
682 1112 58
691 1406 58
710 902 58
714 1124 58
728 1101 58
745 953 58
791 1409 58
791 1111 58
791 857 58
822 981 58
832 1191 58
906 1435 58
927 1451 58
1006 1080 58
1019 1354 58
1020 1253 58
1020 1205 58
1081 1307 58
1147 1381 58
1208 1384 58
1222 1323 58
1243 1426 58
1327 1453 58
1371 1445 58
1402 1459 58
1416 1428 58
1438 1445 58
1440 1477 58
18 1423 59
23 886 59
26 641 59
30 453 59
43 733 59
46 494 59
75 835 59
81 1281 59
121 1023 59
122 284 59
124 697 59
127 1438 59
129 1349 59
135 531 59
135 973 59
136 595 59
138 752 59
142 1246 59
154 376 59
187 1035 59
191 878 59
208 702 59
229 481 59
240 818 59
275 870 59
285 1143 59
295 886 59
295 712 59
300 1409 59
303 815 59
304 901 59
327 1132 59
349 949 59
357 413 59
371 1333 59
374 958 59
379 884 59
424 787 59
454 847 59
496 1463 59
512 1327 59
576 645 59
610 681 59
636 1028 59
663 1122 59
752 868 59
766 831 59
768 1409 59
784 1272 59
837 1182 59
847 1357 59
856 1130 59
881 1210 59
919 1478 59
989 1346 59
1024 1414 59
1055 1169 59
1131 1141 59
1144 1307 59
1238 1458 59
1319 1463 59
1324 1355 59
1324 1467 59
1372 1400 59
11 206 60
84 810 60
139 223 60
189 323 60
206 867 60
214 325 60
354 1284 60
363 927 60
410 983 60
511 922 60
547 835 60
550 1201 60
551 1106 60
583 664 60
934 1348 60
955 1304 60
1063 1217 60
1203 1329 60
1217 1294 60
1286 1417 60
1334 1407 60
