7 732 0
11 223 0
12 1046 0
15 970 0
29 407 0
32 642 0
78 1391 0
94 511 0
105 676 0
106 915 0
112 1148 0
116 1319 0
118 1268 0
126 825 0
134 925 0
139 369 0
141 481 0
147 734 0
164 903 0
192 1059 0
204 413 0
206 1215 0
209 1472 0
214 553 0
215 528 0
273 877 0
282 1298 0
284 550 0
293 1153 0
325 1037 0
327 366 0
335 1082 0
346 919 0
349 1391 0
349 1404 0
384 898 0
404 1248 0
421 1090 0
427 556 0
429 445 0
432 1433 0
440 462 0
442 493 0
451 1219 0
462 988 0
476 1147 0
477 898 0
514 870 0
516 843 0
517 991 0
536 668 0
564 918 0
599 976 0
604 1299 0
614 1421 0
624 1186 0
624 726 0
641 1422 0
643 1033 0
661 908 0
674 1268 0
686 729 0
736 1027 0
757 829 0
774 1034 0
819 1040 0
823 905 0
826 995 0
840 965 0
890 1013 0
911 1446 0
928 1086 0
938 1436 0
992 1164 0
999 1474 0
1004 1264 0
1006 1237 0
1010 1027 0
1054 1310 0
1063 1277 0
1068 1201 0
1075 1433 0
1122 1284 0
1169 1363 0
1301 1434 0
1438 1448 0
0 423 1
2 27 1
11 763 1
16 590 1
22 647 1
34 1159 1
40 230 1
44 572 1
46 1131 1
60 813 1
66 899 1
79 827 1
103 681 1
104 1303 1
105 712 1
109 1003 1
111 1213 1
121 368 1
141 863 1
145 969 1
148 935 1
154 951 1
157 1418 1
161 950 1
167 1121 1
174 1405 1
176 229 1
205 243 1
223 363 1
261 1309 1
264 1271 1
277 447 1
283 1306 1
284 411 1
294 685 1
295 1184 1
301 981 1
320 771 1
350 925 1
358 752 1
393 525 1
398 1172 1
400 691 1
404 1151 1
406 957 1
414 496 1
441 1296 1
458 1009 1
464 685 1
472 585 1
483 709 1
505 900 1
510 863 1
534 634 1
561 1294 1
562 1089 1
565 764 1
565 1462 1
567 1278 1
567 903 1
618 826 1
630 1466 1
637 858 1
640 704 1
668 1188 1
673 1271 1
676 857 1
682 724 1
713 1245 1
724 1198 1
737 1471 1
788 1250 1
789 865 1
793 1138 1
812 1426 1
825 934 1
837 1168 1
873 1157 1
999 1238 1
1000 1053 1
1047 1144 1
1066 1433 1
1087 1318 1
1235 1408 1
1260 1349 1
1264 1283 1
1297 1332 1
1332 1472 1
5 1177 2
22 1289 2
22 434 2
24 599 2
31 281 2
37 252 2
49 1449 2
56 1070 2
58 1169 2
58 728 2
61 883 2
69 1256 2
81 540 2
82 1369 2
82 1426 2
85 1395 2
86 376 2
89 1058 2
96 772 2
105 1276 2
105 450 2
117 301 2
119 1041 2
123 1453 2
124 535 2
138 976 2
145 329 2
146 1022 2
151 244 2
152 1154 2
174 250 2
174 1369 2
194 892 2
197 1155 2
214 1163 2
222 826 2
237 338 2
238 522 2
245 1468 2
245 976 2
246 773 2
251 934 2
255 1032 2
257 825 2
258 1341 2
277 907 2
284 1298 2
289 801 2
292 739 2
297 1199 2
301 1416 2
303 322 2
305 1317 2
310 1277 2
315 704 2
322 347 2
336 1476 2
344 883 2
345 1327 2
347 534 2
348 917 2
360 883 2
379 1079 2
390 857 2
390 662 2
411 1136 2
425 1462 2
426 615 2
427 435 2
429 476 2
432 1426 2
440 1095 2
450 497 2
456 515 2
467 622 2
475 1033 2
477 1468 2
478 1149 2
480 675 2
483 1142 2
493 763 2
493 593 2
536 1075 2
573 586 2
574 1441 2
582 1031 2
593 844 2
604 1452 2
609 1212 2
616 976 2
644 709 2
652 1151 2
655 828 2
673 1273 2
682 1367 2
682 1101 2
702 1071 2
755 1043 2
819 947 2
837 1393 2
876 886 2
885 1170 2
890 1008 2
893 978 2
918 1053 2
947 1464 2
952 1355 2
994 1082 2
1001 1226 2
1012 1334 2
1112 1199 2
1141 1172 2
1141 1295 2
1186 1355 2
1222 1358 2
1257 1298 2
1308 1440 2
1336 1345 2
11 626 3
18 519 3
24 346 3
30 41 3
53 1366 3
61 303 3
64 683 3
75 484 3
76 1436 3
88 812 3
100 1396 3
127 581 3
136 1158 3
139 707 3
143 441 3
149 518 3
170 937 3
179 670 3
182 875 3
192 1428 3
217 313 3
222 1474 3
226 371 3
234 1194 3
235 828 3
257 309 3
287 893 3
287 834 3
299 1059 3
312 1086 3
312 1264 3
315 1297 3
360 714 3
367 1195 3
370 1198 3
382 1338 3
404 1360 3
428 1000 3
442 1142 3
481 1220 3
495 543 3
501 1089 3
501 620 3
510 1273 3
511 741 3
513 1333 3
527 541 3
532 672 3
542 573 3
585 696 3
591 593 3
601 1066 3
628 957 3
633 883 3
647 1047 3
659 1029 3
698 1013 3
716 970 3
767 1088 3
836 1167 3
900 1342 3
905 1404 3
909 990 3
927 1055 3
975 1300 3
995 1184 3
1038 1114 3
1050 1176 3
1063 1169 3
1074 1206 3
1101 1426 3
1107 1236 3
1207 1248 3
1272 1314 3
1327 1465 3
15 1407 4
21 1258 4
21 206 4
25 812 4
35 48 4
42 481 4
44 1288 4
45 372 4
64 868 4
80 964 4
82 931 4
96 1308 4
99 159 4
105 952 4
106 129 4
109 189 4
117 534 4
134 1173 4
134 274 4
145 540 4
152 334 4
158 1049 4
159 832 4
166 466 4
178 910 4
180 774 4
193 627 4
194 1122 4
210 374 4
219 274 4
220 775 4
221 988 4
223 619 4
253 1367 4
280 998 4
292 720 4
299 609 4
303 1463 4
311 469 4
324 812 4
338 1466 4
389 812 4
411 1381 4
449 728 4
457 506 4
471 1446 4
487 1244 4
492 1429 4
495 1047 4
503 1189 4
515 851 4
517 1295 4
525 782 4
548 1103 4
552 1342 4
570 643 4
584 1034 4
594 635 4
623 1439 4
659 1439 4
668 841 4
675 716 4
705 978 4
706 1336 4
727 1099 4
736 839 4
750 1120 4
751 834 4
773 1371 4
780 1250 4
792 1387 4
799 1403 4
812 1216 4
847 1107 4
864 1078 4
919 1150 4
922 1358 4
988 1369 4
1009 1461 4
1022 1045 4
1035 1462 4
1082 1094 4
1126 1423 4
1151 1232 4
1353 1364 4
1374 1461 4
16 1126 5
20 1204 5
42 1128 5
54 112 5
59 1174 5
90 1465 5
108 680 5
112 947 5
112 427 5
137 1314 5
142 584 5
158 887 5
162 352 5
177 274 5
180 1420 5
191 1030 5
194 782 5
206 877 5
210 1328 5
226 522 5
248 329 5
251 1327 5
266 1477 5
268 792 5
275 813 5
279 617 5
285 416 5
330 1432 5
348 1408 5
363 717 5
370 937 5
384 1462 5
392 952 5
414 805 5
457 1370 5
459 1334 5
460 715 5
473 532 5
492 1373 5
519 959 5
539 785 5
565 788 5
567 1438 5
573 1327 5
596 689 5
654 1082 5
658 1435 5
660 1357 5
690 761 5
693 1361 5
703 955 5
711 1074 5
725 936 5
726 1365 5
729 1018 5
740 766 5
805 1125 5
829 1229 5
841 1371 5
857 1432 5
1116 1257 5
1180 1337 5
1343 1445 5
8 1385 6
100 1404 6
222 425 6
223 1420 6
289 905 6
304 974 6
349 936 6
370 710 6
404 921 6
432 1439 6
518 803 6
585 1367 6
588 915 6
599 678 6
650 1226 6
660 835 6
689 1406 6
731 734 6
764 1263 6
834 1358 6
853 966 6
854 1389 6
895 1465 6
946 1187 6
959 1162 6
1078 1276 6
1350 1362 6
1372 1381 6
1439 1468 6
53 1061 7
84 759 7
91 1240 7
102 286 7
106 1246 7
111 183 7
145 1034 7
266 1377 7
283 1071 7
301 874 7
351 1474 7
375 949 7
393 604 7
455 1027 7
485 1114 7
493 1091 7
581 1131 7
655 1023 7
668 1422 7
709 1204 7
723 789 7
762 796 7
805 952 7
870 1404 7
907 1386 7
1055 1449 7
1203 1239 7
1380 1437 7
7 1259 8
17 274 8
46 619 8
89 1094 8
121 936 8
125 268 8
128 267 8
171 815 8
176 1229 8
187 1387 8
200 964 8
222 763 8
237 1431 8
256 1230 8
259 652 8
273 1147 8
280 659 8
285 944 8
314 880 8
324 1212 8
424 1247 8
428 1164 8
428 1463 8
454 769 8
471 473 8
489 491 8
497 1235 8
514 908 8
515 791 8
523 1026 8
544 1352 8
555 811 8
569 973 8
586 935 8
602 1243 8
608 1020 8
614 1159 8
661 1057 8
667 685 8
683 1226 8
686 1163 8
735 1079 8
741 945 8
817 1160 8
834 964 8
890 1184 8
908 1088 8
929 1398 8
931 1176 8
931 964 8
947 1316 8
994 1441 8
1004 1312 8
1239 1353 8
1291 1460 8
0 1377 9
1 1134 9
10 484 9
10 1376 9
11 872 9
14 727 9
19 965 9
23 173 9
23 802 9
25 154 9
34 304 9
36 839 9
40 814 9
46 178 9
49 773 9
53 1349 9
55 310 9
55 424 9
58 412 9
67 332 9
67 1202 9
70 1001 9
74 644 9
75 1311 9
86 1166 9
88 573 9
88 1097 9
89 444 9
93 778 9
93 1470 9
97 501 9
104 676 9
111 628 9
113 1435 9
117 142 9
126 1097 9
127 648 9
131 297 9
135 420 9
143 312 9
160 1397 9
161 1064 9
167 1206 9
170 601 9
171 1300 9
174 1029 9
183 246 9
185 425 9
193 1470 9
204 1343 9
206 670 9
207 1260 9
209 648 9
213 285 9
223 1305 9
224 1173 9
229 1232 9
230 833 9
233 765 9
234 910 9
238 596 9
239 1473 9
254 884 9
260 797 9
262 1331 9
269 283 9
273 282 9
276 900 9
281 655 9
283 464 9
284 1279 9
287 888 9
288 943 9
289 1435 9
291 720 9
296 1220 9
297 1307 9
300 1398 9
303 1382 9
304 1081 9
309 1047 9
312 1283 9
317 1067 9
325 919 9
326 465 9
328 952 9
331 592 9
337 1148 9
342 994 9
343 743 9
346 809 9
350 1468 9
355 443 9
362 1269 9
369 1201 9
377 1264 9
383 923 9
385 1082 9
389 911 9
390 768 9
397 796 9
401 1068 9
409 1234 9
411 1156 9
412 916 9
413 1400 9
415 1376 9
432 1203 9
434 1376 9
441 1214 9
445 920 9
447 1064 9
449 972 9
457 1346 9
464 1102 9
466 531 9
473 1281 9
474 1015 9
476 1092 9
476 614 9
479 626 9
490 1478 9
500 640 9
505 603 9
513 1346 9
528 1134 9
529 1330 9
538 647 9
538 631 9
541 1426 9
546 989 9
562 904 9
582 930 9
583 1164 9
583 791 9
583 1161 9
594 1298 9
598 892 9
620 1396 9
627 1288 9
629 1313 9
637 760 9
643 900 9
645 1171 9
655 1072 9
659 907 9
666 995 9
666 1213 9
678 1047 9
687 1111 9
691 1066 9
700 875 9
706 1022 9
710 864 9
715 926 9
732 1237 9
749 1281 9
752 1250 9
760 1337 9
767 1106 9
781 1408 9
801 923 9
810 1241 9
813 952 9
824 1289 9
827 888 9
839 1076 9
843 928 9
866 1340 9
868 952 9
872 981 9
886 1026 9
924 1465 9
934 1349 9
935 1377 9
938 1251 9
965 1471 9
971 1263 9
976 1437 9
1000 1412 9
1002 1237 9
1010 1071 9
1025 1253 9
1028 1325 9
1035 1061 9
1046 1357 9
1049 1053 9
1049 1050 9
1053 1363 9
1077 1475 9
1089 1273 9
1090 1257 9
1102 1379 9
1104 1430 9
1116 1129 9
1144 1328 9
1173 1305 9
1177 1388 9
1282 1324 9
1434 1468 9
15 677 10
17 832 10
25 1414 10
33 1019 10
36 1101 10
64 1352 10
75 1464 10
93 1314 10
96 468 10
137 520 10
140 779 10
154 1352 10
171 1089 10
180 1412 10
185 342 10
186 975 10
203 1322 10
210 1017 10
218 998 10
222 812 10
240 1341 10
240 1418 10
246 1371 10
254 333 10
269 775 10
281 1456 10
283 1141 10
332 664 10
334 1143 10
334 484 10
346 1023 10
363 488 10
368 1147 10
375 492 10
379 593 10
397 534 10
436 1377 10
447 1372 10
456 1305 10
475 1022 10
484 729 10
486 745 10
489 1094 10
508 955 10
593 824 10
604 1184 10
614 861 10
615 1217 10
623 711 10
624 1392 10
670 1321 10
676 1087 10
689 878 10
709 1448 10
729 893 10
737 1271 10
765 928 10
766 1327 10
766 1409 10
830 1459 10
853 1418 10
862 1208 10
871 950 10
916 1311 10
1098 1189 10
1112 1307 10
1116 1406 10
1132 1272 10
1179 1360 10
1331 1376 10
1 216 11
1 642 11
2 769 11
7 57 11
8 1317 11
10 380 11
12 102 11
16 1214 11
23 1437 11
33 349 11
50 1260 11
53 460 11
57 716 11
62 215 11
64 252 11
65 143 11
69 523 11
73 1452 11
74 1458 11
78 972 11
87 446 11
94 1002 11
98 1015 11
99 771 11
106 1231 11
108 399 11
113 940 11
121 1210 11
122 133 11
123 435 11
125 587 11
126 995 11
126 1445 11
132 1479 11
133 1292 11
137 233 11
139 1013 11
140 1139 11
142 1407 11
143 1475 11
149 1408 11
154 1251 11
156 1443 11
157 809 11
168 329 11
172 845 11
178 545 11
179 590 11
179 1322 11
180 517 11
180 1020 11
181 225 11
186 391 11
190 1217 11
191 476 11
192 224 11
195 1086 11
207 1309 11
216 1075 11
224 1446 11
227 1317 11
232 1180 11
235 931 11
235 288 11
238 1035 11
239 1054 11
243 432 11
245 895 11
252 972 11
253 975 11
256 1228 11
257 769 11
263 312 11
265 630 11
268 385 11
268 1372 11
273 1319 11
277 582 11
278 1475 11
284 1029 11
289 1280 11
293 739 11
294 1016 11
299 1244 11
305 1226 11
309 1453 11
317 927 11
327 1047 11
328 512 11
329 1061 11
330 1409 11
340 1405 11
348 404 11
351 1301 11
357 1415 11
363 1231 11
367 374 11
370 1044 11
374 841 11
377 984 11
379 1279 11
387 981 11
390 880 11
393 1240 11
395 1284 11
398 1470 11
400 1199 11
405 755 11
407 802 11
408 887 11
423 1254 11
428 831 11
438 536 11
441 843 11
448 1409 11
484 1305 11
489 1096 11
495 1088 11
499 1079 11
500 1449 11
502 1072 11
505 1301 11
508 1080 11
516 842 11
522 595 11
524 1148 11
529 1040 11
534 942 11
539 1171 11
548 787 11
552 1434 11
557 1437 11
561 1087 11
577 754 11
605 942 11
617 1154 11
642 1468 11
649 696 11
650 1095 11
653 1341 11
666 1088 11
668 1157 11
670 840 11
672 991 11
678 819 11
682 1181 11
685 902 11
687 715 11
687 1301 11
687 805 11
688 1476 11
697 1015 11
699 1016 11
708 1068 11
713 1260 11
714 981 11
717 858 11
721 858 11
732 1452 11
749 1014 11
762 765 11
770 933 11
772 1222 11
778 1225 11
781 1226 11
781 837 11
809 870 11
821 885 11
851 1132 11
852 869 11
853 1443 11
857 1187 11
861 1384 11
870 1417 11
878 1276 11
897 1025 11
908 1061 11
921 1312 11
923 1135 11
944 1218 11
951 1387 11
966 1462 11
967 1467 11
969 1243 11
978 1091 11
979 1398 11
985 1202 11
990 1287 11
1012 1081 11
1028 1056 11
1035 1300 11
1051 1317 11
1055 1474 11
1059 1437 11
1069 1272 11
1081 1247 11
1094 1297 11
1163 1279 11
1170 1229 11
1188 1257 11
1188 1288 11
1235 1468 11
1274 1283 11
1284 1302 11
1349 1425 11
1418 1434 11
5 287 12
10 119 12
10 1241 12
15 1386 12
18 868 12
19 1040 12
19 567 12
24 980 12
24 301 12
25 1294 12
26 28 12
29 326 12
30 71 12
68 252 12
87 1078 12
91 658 12
91 887 12
116 815 12
121 748 12
122 625 12
129 1359 12
143 939 12
157 949 12
174 1391 12
189 292 12
193 465 12
195 1305 12
198 428 12
199 740 12
202 995 12
219 820 12
228 258 12
230 355 12
230 1072 12
231 269 12
242 714 12
248 1158 12
260 496 12
265 291 12
271 1457 12
283 785 12
289 1113 12
292 1474 12
298 911 12
313 722 12
326 832 12
331 981 12
332 560 12
332 644 12
336 762 12
342 787 12
357 1462 12
360 1381 12
386 607 12
409 1057 12
419 588 12
493 840 12
501 1183 12
521 912 12
526 1248 12
527 909 12
539 546 12
567 1129 12
569 1115 12
570 753 12
584 1388 12
589 716 12
594 899 12
595 1057 12
603 1400 12
608 1336 12
610 995 12
612 1070 12
641 1010 12
642 1313 12
659 1416 12
660 980 12
664 1274 12
684 1085 12
688 1159 12
700 1371 12
725 865 12
746 1330 12
765 1172 12
782 874 12
803 1326 12
828 1415 12
830 1034 12
837 1192 12
846 1378 12
890 1217 12
903 1114 12
905 1093 12
949 1062 12
956 1133 12
985 1089 12
1022 1033 12
1024 1029 12
1085 1155 12
1091 1242 12
1111 1177 12
1169 1434 12
1 435 13
11 1404 13
28 712 13
74 1101 13
88 931 13
197 1193 13
252 366 13
274 458 13
298 805 13
308 827 13
331 925 13
482 953 13
482 1302 13
496 1007 13
538 708 13
548 770 13
548 839 13
570 1065 13
594 1071 13
717 851 13
717 1296 13
729 913 13
770 819 13
810 1181 13
889 1419 13
918 1314 13
928 1394 13
939 1016 13
1145 1350 13
1213 1417 13
2 1112 14
5 688 14
8 795 14
25 936 14
38 1130 14
41 138 14
45 1458 14
54 694 14
57 1205 14
59 632 14
60 335 14
66 1288 14
67 218 14
69 144 14
71 1130 14
72 1201 14
80 112 14
84 949 14
88 501 14
89 959 14
91 1205 14
93 387 14
93 692 14
95 1257 14
99 527 14
99 298 14
100 749 14
106 371 14
107 598 14
111 174 14
119 374 14
121 1241 14
128 602 14
128 1443 14
130 1227 14
136 662 14
138 773 14
144 1150 14
157 1096 14
158 579 14
165 480 14
166 1385 14
170 1106 14
185 914 14
187 382 14
190 1282 14
207 612 14
216 1075 14
217 594 14
221 479 14
226 1259 14
226 1115 14
231 1238 14
232 1112 14
240 756 14
240 1086 14
253 1476 14
262 476 14
267 1034 14
272 417 14
279 1462 14
299 332 14
303 424 14
307 1400 14
312 848 14
313 1298 14
319 884 14
324 1091 14
347 1048 14
356 1194 14
364 630 14
372 1032 14
382 1407 14
382 404 14
387 766 14
389 1173 14
398 1028 14
406 514 14
406 770 14
407 558 14
418 808 14
420 457 14
436 905 14
440 798 14
442 1305 14
444 1055 14
458 1340 14
465 1188 14
465 1037 14
465 777 14
470 544 14
474 1466 14
484 934 14
490 887 14
494 662 14
495 767 14
496 1007 14
499 886 14
506 1178 14
506 999 14
507 836 14
508 944 14
514 1410 14
528 1456 14
532 1251 14
533 839 14
533 1353 14
543 1061 14
547 842 14
549 1448 14
553 846 14
556 1182 14
556 1234 14
559 1047 14
562 1042 14
564 1010 14
566 723 14
584 632 14
584 603 14
586 1083 14
598 1302 14
600 1183 14
615 1384 14
621 1121 14
631 1368 14
638 712 14
649 1393 14
655 1260 14
670 1328 14
674 1096 14
679 916 14
680 1042 14
686 1217 14
687 1407 14
695 1290 14
708 984 14
738 1402 14
738 1461 14
743 1436 14
743 859 14
747 844 14
764 1134 14
775 792 14
782 1416 14
788 1021 14
793 1269 14
794 1397 14
800 1328 14
804 826 14
806 817 14
811 1032 14
817 954 14
823 1105 14
876 1182 14
885 954 14
893 1316 14
907 1375 14
922 1131 14
925 1387 14
939 1001 14
943 1160 14
951 1039 14
965 1391 14
966 1296 14
966 1268 14
967 1417 14
974 1351 14
989 1408 14
1005 1381 14
1013 1460 14
1015 1398 14
1032 1428 14
1049 1240 14
1059 1457 14
1065 1450 14
1129 1361 14
1131 1170 14
1134 1146 14
1156 1275 14
1216 1217 14
1282 1380 14
1297 1443 14
1350 1437 14
1401 1423 14
9 1282 15
11 1014 15
13 1430 15
24 1038 15
25 429 15
30 390 15
35 728 15
50 106 15
51 1345 15
51 1091 15
66 1478 15
75 169 15
86 1442 15
86 973 15
106 797 15
108 333 15
108 427 15
112 1268 15
113 144 15
113 649 15
116 1436 15
118 958 15
120 1268 15
123 921 15
126 574 15
126 1348 15
131 1142 15
146 1425 15
147 487 15
168 219 15
178 1277 15
199 339 15
202 767 15
208 1197 15
234 1227 15
243 1299 15
250 637 15
253 358 15
253 755 15
268 1251 15
273 506 15
274 997 15
281 913 15
293 1080 15
299 337 15
302 724 15
315 415 15
317 1034 15
328 676 15
332 870 15
339 1225 15
359 918 15
363 1298 15
365 369 15
368 1459 15
368 1225 15
395 636 15
407 453 15
425 1157 15
429 1223 15
430 1025 15
444 1257 15
451 724 15
459 520 15
468 1450 15
475 1408 15
493 961 15
514 1180 15
519 557 15
519 748 15
563 757 15
564 667 15
579 869 15
599 1093 15
602 1194 15
612 781 15
636 1217 15
638 907 15
642 1465 15
648 735 15
656 1417 15
663 900 15
668 1473 15
680 1245 15
680 1240 15
688 1122 15
699 1154 15
701 871 15
703 1068 15
725 1227 15
743 1353 15
787 943 15
788 815 15
807 904 15
812 1047 15
824 1468 15
836 1084 15
855 1427 15
870 1078 15
886 993 15
887 932 15
896 1264 15
898 1194 15
916 1387 15
931 1235 15
935 1111 15
936 1223 15
984 988 15
1074 1437 15
1094 1323 15
1128 1316 15
1166 1458 15
1190 1439 15
1203 1468 15
1216 1443 15
1267 1317 15
1284 1352 15
1300 1429 15
1377 1447 15
10 347 16
18 992 16
22 131 16
22 1341 16
34 1277 16
35 1134 16
35 1147 16
45 1064 16
77 997 16
77 1225 16
105 536 16
123 991 16
133 1375 16
144 739 16
153 1362 16
153 1014 16
166 996 16
173 1449 16
194 900 16
201 487 16
202 230 16
204 1474 16
212 1208 16
224 226 16
231 365 16
239 967 16
239 356 16
253 647 16
259 596 16
281 515 16
288 1372 16
289 496 16
317 674 16
328 1199 16
338 552 16
342 1272 16
349 963 16
367 977 16
390 1267 16
404 616 16
452 1188 16
465 1019 16
471 1218 16
488 763 16
503 815 16
519 1226 16
544 646 16
551 598 16
617 1042 16
630 1094 16
631 1353 16
663 1206 16
666 717 16
699 1302 16
716 1405 16
729 1226 16
734 824 16
783 791 16
811 1441 16
816 849 16
899 1121 16
903 1213 16
909 994 16
932 1429 16
965 1293 16
976 1009 16
978 1283 16
979 1401 16
994 1411 16
1061 1170 16
1090 1430 16
1128 1176 16
1220 1445 16
1256 1468 16
1261 1394 16
1286 1350 16
1322 1374 16
17 182 17
34 624 17
37 1142 17
43 1192 17
50 1006 17
67 1104 17
90 1363 17
90 1361 17
100 960 17
111 815 17
134 1011 17
147 1114 17
147 903 17
157 1304 17
177 755 17
187 264 17
203 381 17
228 941 17
273 459 17
283 668 17
309 741 17
334 504 17
354 429 17
379 1284 17
397 661 17
404 673 17
434 620 17
441 977 17
451 697 17
451 665 17
462 700 17
467 1067 17
516 998 17
546 1239 17
556 865 17
590 1034 17
594 959 17
598 1344 17
614 1139 17
652 1283 17
662 1375 17
680 1169 17
691 1195 17
783 1057 17
813 1371 17
825 1246 17
860 1198 17
909 1322 17
922 969 17
944 1106 17
950 1030 17
959 1438 17
968 1047 17
974 1098 17
980 1332 17
983 1163 17
1029 1277 17
1044 1416 17
1046 1198 17
1053 1246 17
1134 1283 17
1173 1205 17
1196 1353 17
1322 1409 17
38 1425 18
39 326 18
52 756 18
88 956 18
92 1474 18
197 1258 18
198 1351 18
214 250 18
267 845 18
286 997 18
306 501 18
335 614 18
336 1098 18
337 911 18
351 663 18
378 993 18
382 399 18
490 1126 18
501 1475 18
503 784 18
515 1098 18
523 1048 18
534 1080 18
539 1378 18
588 1420 18
714 726 18
730 1415 18
749 1070 18
753 882 18
784 1459 18
822 1218 18
869 1216 18
907 1375 18
925 1046 18
931 1069 18
940 1473 18
941 1147 18
1029 1092 18
1060 1263 18
1091 1448 18
1152 1256 18
1169 1202 18
1273 1464 18
1343 1443 18
0 7 19
0 656 19
5 735 19
12 436 19
14 791 19
15 114 19
24 236 19
25 1196 19
29 247 19
31 863 19
39 843 19
54 92 19
60 91 19
65 934 19
72 362 19
77 269 19
104 570 19
111 634 19
112 1270 19
112 152 19
116 488 19
117 1442 19
124 710 19
139 1371 19
143 766 19
155 905 19
156 987 19
165 172 19
177 279 19
181 1452 19
187 939 19
188 1173 19
192 542 19
197 898 19
198 1099 19
208 1095 19
213 1261 19
231 1029 19
241 277 19
253 276 19
255 583 19
262 902 19
282 1203 19
289 837 19
290 562 19
298 887 19
326 511 19
331 1307 19
335 1240 19
337 822 19
337 973 19
350 1353 19
356 1146 19
376 644 19
379 1228 19
379 998 19
382 1051 19
383 463 19
386 1050 19
387 484 19
394 1043 19
400 552 19
420 763 19
426 1206 19
443 1036 19
451 573 19
463 1364 19
472 861 19
475 1041 19
489 1258 19
492 1334 19
500 1370 19
509 533 19
514 1307 19
521 1038 19
522 1302 19
525 1022 19
532 1460 19
540 1140 19
544 928 19
561 1045 19
569 1234 19
576 858 19
578 1273 19
579 707 19
581 1451 19
582 684 19
609 790 19
662 1140 19
664 1131 19
665 1297 19
669 739 19
672 1038 19
675 1355 19
687 1213 19
689 727 19
701 1303 19
721 1176 19
724 857 19
731 957 19
734 1161 19
761 1259 19
784 890 19
786 1205 19
812 817 19
826 1150 19
837 1114 19
837 960 19
849 904 19
872 1260 19
874 1170 19
879 1473 19
883 1400 19
898 1131 19
903 1215 19
927 1121 19
929 1096 19
942 1129 19
950 1050 19
992 1056 19
1024 1266 19
1046 1400 19
1051 1274 19
1063 1214 19
1116 1200 19
1138 1353 19
1195 1405 19
1201 1267 19
1259 1304 19
1378 1379 19
3 259 20
8 1203 20
9 1287 20
12 80 20
17 318 20
19 930 20
22 519 20
45 831 20
46 813 20
46 1329 20
56 205 20
60 1254 20
62 1462 20
65 1430 20
75 782 20
75 699 20
76 1094 20
78 109 20
81 351 20
82 1262 20
86 101 20
93 1204 20
120 1426 20
120 1183 20
131 320 20
131 614 20
134 403 20
142 1440 20
152 795 20
166 419 20
173 978 20
182 1307 20
182 1044 20
183 1064 20
197 257 20
203 993 20
204 675 20
210 606 20
212 1422 20
219 575 20
225 972 20
226 816 20
233 727 20
234 282 20
237 818 20
241 442 20
242 824 20
249 898 20
249 271 20
251 521 20
263 422 20
270 886 20
270 726 20
274 915 20
276 1458 20
286 1346 20
288 423 20
291 459 20
296 924 20
308 1278 20
309 588 20
327 624 20
328 1051 20
336 1021 20
338 1027 20
343 807 20
357 1236 20
361 934 20
377 781 20
383 883 20
389 716 20
403 444 20
406 668 20
414 1137 20
417 947 20
419 1467 20
420 1043 20
430 1053 20
454 888 20
458 1388 20
461 1397 20
462 807 20
466 992 20
475 780 20
477 1082 20
481 819 20
482 797 20
487 502 20
490 1036 20
491 754 20
495 1301 20
530 1227 20
531 650 20
547 890 20
551 866 20
554 842 20
554 651 20
559 1056 20
564 999 20
570 852 20
596 940 20
608 1330 20
644 713 20
652 1300 20
658 1113 20
675 881 20
677 1152 20
688 732 20
696 1324 20
700 1413 20
715 910 20
740 1140 20
747 1240 20
762 1413 20
765 1332 20
770 820 20
780 1340 20
796 1293 20
796 1302 20
807 1409 20
815 819 20
829 1309 20
894 1172 20
920 959 20
943 1478 20
962 1335 20
962 976 20
966 1374 20
983 1440 20
985 1290 20
992 1256 20
1004 1437 20
1009 1047 20
1015 1174 20
1029 1155 20
1085 1148 20
1085 1215 20
1147 1449 20
1168 1280 20
1198 1365 20
1247 1339 20
1322 1441 20
1332 1396 20
1370 1448 20
1413 1451 20
4 1015 21
29 746 21
30 131 21
31 1427 21
39 123 21
41 1148 21
43 964 21
56 93 21
56 337 21
61 1185 21
70 811 21
74 1147 21
78 1306 21
78 133 21
85 1423 21
91 1061 21
95 282 21
100 1116 21
109 710 21
110 154 21
111 527 21
114 394 21
121 1164 21
123 1185 21
123 641 21
125 207 21
128 239 21
132 1285 21
153 1099 21
158 588 21
159 921 21
161 1445 21
166 1080 21
180 697 21
206 1241 21
209 406 21
237 292 21
241 898 21
243 463 21
254 452 21
257 704 21
260 833 21
272 960 21
274 356 21
281 828 21
282 938 21
291 688 21
291 1266 21
303 662 21
316 1121 21
316 599 21
318 1285 21
325 1006 21
329 634 21
333 556 21
347 812 21
347 398 21
349 758 21
351 570 21
357 998 21
368 1405 21
376 1147 21
377 819 21
386 1020 21
387 1088 21
397 1343 21
407 1431 21
414 611 21
416 995 21
418 1094 21
426 1112 21
452 963 21
463 1293 21
473 1049 21
479 533 21
491 981 21
525 662 21
525 1425 21
536 775 21
536 993 21
536 716 21
560 675 21
567 1366 21
570 1396 21
588 891 21
604 893 21
616 1251 21
623 1206 21
635 906 21
647 1126 21
661 954 21
682 963 21
690 985 21
703 1164 21
719 832 21
728 1310 21
747 1292 21
750 918 21
751 1150 21
757 1242 21
768 1335 21
796 1293 21
808 1229 21
814 1082 21
819 1191 21
826 1336 21
833 840 21
834 1356 21
850 994 21
858 940 21
883 940 21
898 1168 21
903 1287 21
905 934 21
908 1236 21
927 1202 21
966 1216 21
978 1038 21
988 1309 21
1013 1478 21
1036 1131 21
1046 1163 21
1057 1153 21
1063 1468 21
1073 1477 21
1095 1245 21
1103 1424 21
1104 1308 21
1182 1198 21
1217 1378 21
1218 1233 21
1251 1457 21
1275 1436 21
1313 1462 21
1381 1474 21
1391 1404 21
1429 1434 21
0 1076 22
9 399 22
9 396 22
11 1288 22
11 1425 22
14 479 22
15 33 22
16 997 22
17 40 22
23 674 22
26 1204 22
54 1373 22
56 590 22
60 76 22
74 933 22
78 565 22
82 1471 22
85 1446 22
86 711 22
88 1284 22
89 1133 22
90 1205 22
91 920 22
96 893 22
97 471 22
98 592 22
100 1379 22
106 1151 22
106 1168 22
112 735 22
118 815 22
118 1047 22
118 153 22
119 987 22
121 998 22
126 1281 22
127 133 22
135 1308 22
149 710 22
155 879 22
156 949 22
157 311 22
176 982 22
185 940 22
186 1377 22
189 890 22
189 805 22
194 644 22
195 1299 22
195 251 22
203 721 22
212 555 22
212 1116 22
223 1204 22
237 338 22
246 1472 22
254 854 22
255 1432 22
258 385 22
261 1410 22
273 293 22
281 871 22
282 442 22
290 641 22
291 610 22
291 848 22
292 746 22
311 1434 22
314 1470 22
327 551 22
333 1094 22
339 1442 22
340 1411 22
344 910 22
344 905 22
367 739 22
373 437 22
374 1068 22
375 473 22
385 854 22
388 761 22
403 1119 22
412 758 22
414 1449 22
431 514 22
442 1410 22
453 654 22
455 843 22
462 1466 22
480 508 22
487 621 22
494 1035 22
498 1422 22
510 726 22
510 798 22
514 1146 22
514 691 22
516 748 22
518 900 22
524 1015 22
531 1295 22
536 1450 22
539 651 22
549 982 22
554 1241 22
555 838 22
558 934 22
559 594 22
562 901 22
565 1186 22
573 1143 22
580 1219 22
585 1150 22
606 694 22
608 927 22
611 1315 22
612 1313 22
615 827 22
617 1420 22
628 976 22
644 986 22
657 1278 22
672 1377 22
675 1140 22
678 772 22
688 699 22
690 699 22
700 978 22
701 1222 22
714 971 22
719 1290 22
750 1301 22
792 1018 22
805 1456 22
814 1358 22
818 1113 22
825 1474 22
850 961 22
854 1181 22
856 1162 22
885 950 22
926 1400 22
941 1110 22
947 1393 22
955 1113 22
980 1417 22
982 1174 22
986 1103 22
987 1153 22
1001 1011 22
1021 1257 22
1029 1420 22
1066 1401 22
1110 1147 22
1120 1278 22
1130 1224 22
1147 1374 22
1188 1216 22
1231 1250 22
1240 1424 22
1393 1464 22
1427 1465 22
16 223 23
16 147 23
16 478 23
18 112 23
28 1350 23
29 750 23
35 845 23
38 1025 23
39 884 23
47 187 23
47 1457 23
48 372 23
59 448 23
60 968 23
63 328 23
82 171 23
94 527 23
102 447 23
115 206 23
121 1373 23
128 573 23
140 384 23
145 834 23
154 1381 23
154 278 23
157 585 23
162 182 23
163 1362 23
166 1210 23
175 1365 23
182 961 23
182 889 23
199 1332 23
203 385 23
210 339 23
217 1008 23
221 526 23
242 252 23
255 377 23
255 1182 23
260 587 23
261 739 23
262 1037 23
262 1444 23
264 517 23
282 1017 23
296 835 23
302 541 23
307 1027 23
314 1015 23
317 1433 23
332 1030 23
337 1035 23
338 866 23
344 882 23
348 797 23
360 1308 23
389 672 23
393 456 23
397 1437 23
407 1057 23
410 927 23
417 1345 23
422 1388 23
430 1248 23
431 863 23
445 837 23
450 1309 23
483 871 23
491 648 23
493 1033 23
493 1456 23
495 1136 23
496 1355 23
503 1058 23
504 1364 23
556 1158 23
559 655 23
561 1411 23
569 1389 23
570 644 23
602 656 23
619 890 23
619 949 23
629 1143 23
630 1253 23
638 1117 23
644 960 23
654 1232 23
654 980 23
660 906 23
674 1449 23
679 1478 23
680 737 23
686 1214 23
697 1080 23
708 1072 23
712 1034 23
742 1223 23
758 1287 23
762 982 23
803 805 23
806 877 23
809 1258 23
812 1390 23
816 1021 23
843 1206 23
852 939 23
865 1440 23
881 1041 23
923 1472 23
933 1336 23
933 1077 23
954 1265 23
955 1117 23
976 1363 23
991 1159 23
1001 1369 23
1116 1305 23
1117 1443 23
1149 1443 23
1156 1357 23
1177 1217 23
1204 1295 23
1279 1399 23
1300 1324 23
1303 1379 23
1331 1392 23
50 451 24
65 88 24
73 348 24
105 1438 24
116 930 24
138 623 24
142 514 24
182 414 24
187 559 24
187 342 24
204 1013 24
229 633 24
280 946 24
301 672 24
309 783 24
329 475 24
354 1345 24
375 841 24
376 746 24
383 796 24
394 772 24
407 700 24
414 818 24
415 966 24
427 927 24
469 1112 24
470 935 24
473 556 24
483 646 24
492 1058 24
497 974 24
501 1424 24
509 595 24
520 1438 24
525 932 24
565 970 24
582 1333 24
586 1181 24
594 959 24
633 1184 24
655 1460 24
663 865 24
768 956 24
826 1103 24
855 1238 24
958 1042 24
977 1069 24
1014 1441 24
1175 1230 24
10 1218 25
34 648 25
40 163 25
46 544 25
50 279 25
51 1364 25
59 1307 25
62 1135 25
65 87 25
70 250 25
70 161 25
72 865 25
91 1361 25
104 1299 25
127 1434 25
132 1262 25
133 662 25
135 151 25
138 286 25
139 555 25
147 934 25
160 503 25
217 887 25
234 1110 25
245 1259 25
246 1281 25
269 469 25
270 1175 25
280 1005 25
286 1384 25
288 573 25
300 1344 25
307 1343 25
308 451 25
321 814 25
347 736 25
347 1421 25
361 435 25
366 429 25
370 987 25
390 887 25
396 1315 25
400 1216 25
414 1393 25
437 1355 25
462 1387 25
480 1172 25
482 1139 25
502 1285 25
539 1155 25
541 1265 25
544 881 25
556 773 25
557 632 25
575 1389 25
600 889 25
625 1278 25
629 1117 25
635 778 25
665 1030 25
678 836 25
689 1431 25
740 1397 25
790 1185 25
806 1325 25
817 934 25
842 888 25
863 1473 25
866 877 25
868 939 25
881 1347 25
891 1412 25
891 1333 25
961 1164 25
983 1424 25
985 1242 25
1044 1049 25
1058 1299 25
1067 1323 25
1075 1218 25
1095 1267 25
1104 1331 25
1165 1353 25
1168 1204 25
1340 1380 25
1345 1431 25
11 1371 26
21 198 26
30 659 26
35 459 26
38 1240 26
51 941 26
59 383 26
69 838 26
82 369 26
85 1135 26
89 758 26
93 1304 26
101 258 26
116 501 26
119 221 26
120 1080 26
122 1206 26
130 513 26
151 799 26
151 1080 26
160 171 26
162 874 26
167 1273 26
177 675 26
179 1283 26
196 1450 26
204 456 26
217 1373 26
225 667 26
229 750 26
248 1261 26
259 545 26
262 1218 26
267 388 26
270 305 26
276 445 26
280 651 26
286 1440 26
310 834 26
316 932 26
354 979 26
358 481 26
373 1460 26
406 844 26
425 1224 26
432 980 26
440 1211 26
442 1364 26
511 1436 26
517 1346 26
540 1330 26
559 1121 26
567 882 26
612 956 26
618 1381 26
637 785 26
650 988 26
667 887 26
669 1395 26
681 1030 26
693 1392 26
753 1192 26
760 990 26
821 1243 26
855 1353 26
869 1387 26
871 1354 26
919 1165 26
929 952 26
975 1337 26
993 1197 26
1021 1279 26
1077 1299 26
1111 1435 26
1164 1245 26
1217 1242 26
1249 1320 26
1276 1365 26
1298 1335 26
1338 1475 26
1360 1441 26
1401 1424 26
17 488 27
21 480 27
39 498 27
59 613 27
64 537 27
81 405 27
88 972 27
88 1349 27
89 936 27
93 266 27
114 1410 27
115 1263 27
129 1097 27
144 456 27
167 379 27
181 1107 27
195 916 27
223 447 27
227 689 27
240 1443 27
240 945 27
242 1015 27
243 1214 27
255 1291 27
256 1128 27
281 897 27
286 939 27
288 980 27
298 888 27
311 1342 27
318 1169 27
321 645 27
343 1166 27
376 428 27
377 435 27
418 953 27
437 1295 27
468 1266 27
470 1327 27
477 867 27
509 1331 27
520 1202 27
528 1391 27
589 1384 27
595 1253 27
630 1151 27
687 787 27
707 753 27
734 887 27
795 924 27
847 1441 27
932 1196 27
952 1302 27
973 1132 27
1026 1150 27
1128 1449 27
1149 1445 27
1189 1374 27
1275 1342 27
11 950 28
39 583 28
40 241 28
53 883 28
57 176 28
59 1319 28
81 862 28
90 921 28
92 1242 28
93 1340 28
97 830 28
101 994 28
122 251 28
124 528 28
158 1004 28
164 613 28
179 836 28
190 691 28
204 1124 28
217 374 28
236 379 28
244 609 28
246 701 28
251 716 28
288 903 28
300 1307 28
318 444 28
325 427 28
325 1227 28
341 1304 28
359 1410 28
402 1442 28
403 1344 28
405 1152 28
417 605 28
500 720 28
505 614 28
532 745 28
635 1245 28
678 914 28
696 787 28
724 947 28
748 996 28
789 1341 28
876 1233 28
894 1349 28
930 979 28
1125 1216 28
1378 1479 28
8 340 29
11 954 29
17 1454 29
94 1087 29
152 1181 29
294 1195 29
301 1022 29
312 937 29
318 1391 29
323 557 29
373 719 29
384 1147 29
417 1355 29
517 1249 29
523 623 29
568 1002 29
574 1218 29
674 950 29
681 941 29
732 1263 29
910 1180 29
957 1234 29
1071 1292 29
1128 1250 29
1188 1224 29
34 603 30
75 611 30
91 1404 30
303 365 30
528 1003 30
607 798 30
647 902 30
707 850 30
841 1159 30
856 1285 30
1133 1143 30
1148 1420 30
23 746 31
333 1330 31
160 719 32
173 395 32
212 1193 32
322 1157 32
77 469 33
98 1357 33
148 1238 33
273 1011 33
454 659 33
640 1315 33
580 677 34
689 1384 34
258 1371 35
606 1221 35
981 1390 35
185 1476 36
210 1014 36
279 987 36
456 1395 36
429 578 37
297 580 39
358 1217 39
383 780 39
397 1190 39
68 159 40
154 398 40
207 1461 40
246 430 40
365 1289 40
577 1436 40
656 1255 40
795 1395 40
845 973 40
1036 1047 40
1114 1186 40
37 1297 41
55 360 41
55 1278 41
64 447 41
65 406 41
84 782 41
95 1102 41
110 915 41
114 822 41
148 1042 41
181 644 41
191 1072 41
194 210 41
205 1320 41
221 311 41
224 1095 41
225 1086 41
228 927 41
234 1213 41
235 406 41
239 378 41
250 254 41
259 773 41
265 1073 41
283 297 41
305 850 41
322 1423 41
333 1427 41
341 696 41
359 774 41
365 658 41
373 719 41
386 785 41
404 991 41
406 977 41
406 1296 41
407 722 41
440 1253 41
458 1262 41
459 1309 41
463 997 41
475 1265 41
485 741 41
489 496 41
494 1367 41
506 1285 41
532 1115 41
537 740 41
562 615 41
591 1284 41
597 1258 41
642 1340 41
649 1296 41
660 1414 41
681 1349 41
717 926 41
742 956 41
748 1316 41
770 1055 41
807 1146 41
811 1079 41
890 1450 41
916 1019 41
920 1160 41
942 1231 41
953 1357 41
966 994 41
972 1099 41
975 1380 41
1024 1449 41
1028 1265 41
1068 1471 41
1109 1325 41
1146 1352 41
1209 1321 41
1217 1233 41
1295 1444 41
1312 1389 41
1352 1365 41
8 1196 42
11 69 42
11 361 42
18 1444 42
37 1206 42
50 195 42
50 1152 42
57 319 42
63 603 42
87 534 42
90 185 42
94 138 42
97 1401 42
99 1173 42
104 133 42
105 1318 42
105 540 42
106 1377 42
119 1114 42
135 841 42
138 345 42
138 1293 42
141 554 42
154 1280 42
156 1058 42
160 1329 42
161 223 42
162 475 42
171 239 42
182 267 42
183 1418 42
186 590 42
219 569 42
220 499 42
226 771 42
227 238 42
241 742 42
241 925 42
246 628 42
247 1452 42
252 1335 42
255 1197 42
257 1028 42
263 761 42
271 1401 42
277 1159 42
279 1039 42
288 421 42
299 723 42
314 969 42
320 1417 42
340 771 42
345 1114 42
352 359 42
356 472 42
358 832 42
373 444 42
380 680 42
407 812 42
411 1434 42
453 1426 42
458 1054 42
458 907 42
459 1035 42
460 597 42
497 1063 42
504 856 42
506 925 42
507 745 42
512 895 42
535 1132 42
536 1431 42
550 1282 42
570 688 42
578 1099 42
586 1444 42
594 796 42
606 1429 42
609 770 42
614 810 42
622 796 42
633 1057 42
634 1019 42
638 653 42
640 1193 42
646 982 42
656 1085 42
677 1285 42
692 1327 42
706 1322 42
709 731 42
722 1119 42
723 1106 42
764 1109 42
768 944 42
768 986 42
778 1264 42
784 1154 42
804 1148 42
809 1394 42
830 1272 42
850 1084 42
864 1150 42
870 1018 42
881 1275 42
892 1021 42
909 1168 42
961 1258 42
987 1162 42
1000 1243 42
1014 1348 42
1034 1171 42
1041 1224 42
1048 1066 42
1050 1261 42
1059 1298 42
1070 1178 42
1078 1305 42
1150 1162 42
1226 1337 42
1307 1454 42
1371 1422 42
0 96 43
0 1345 43
2 736 43
2 839 43
3 136 43
8 410 43
10 822 43
18 184 43
20 548 43
23 834 43
27 373 43
28 37 43
35 750 43
37 220 43
42 229 43
44 173 43
51 629 43
54 1146 43
59 323 43
59 700 43
61 1301 43
63 239 43
64 743 43
64 485 43
65 997 43
66 251 43
71 390 43
72 716 43
77 676 43
82 1410 43
83 1238 43
85 1461 43
87 578 43
95 244 43
98 1095 43
101 956 43
112 358 43
117 989 43
117 520 43
117 826 43
125 1192 43
127 335 43
129 608 43
135 451 43
135 758 43
139 530 43
139 975 43
142 375 43
148 315 43
152 777 43
153 1357 43
158 631 43
166 608 43
167 576 43
169 481 43
170 351 43
174 696 43
183 460 43
191 1432 43
194 259 43
198 477 43
201 835 43
204 1246 43
213 347 43
213 605 43
213 1066 43
220 542 43
222 1099 43
230 510 43
233 1323 43
233 557 43
236 1150 43
237 511 43
248 853 43
250 256 43
265 1171 43
265 1170 43
283 539 43
288 971 43
289 478 43
290 1044 43
295 730 43
299 1402 43
299 891 43
301 1328 43
305 1339 43
312 603 43
315 1386 43
328 1018 43
334 983 43
334 472 43
338 893 43
341 434 43
343 656 43
344 714 43
346 679 43
351 680 43
354 534 43
363 1340 43
366 526 43
373 1289 43
395 464 43
402 1328 43
411 626 43
419 1047 43
426 1033 43
436 1316 43
440 500 43
441 1275 43
441 532 43
447 1073 43
458 1474 43
458 765 43
468 821 43
478 1311 43
483 1044 43
495 730 43
497 524 43
498 1476 43
500 1302 43
507 1248 43
507 1051 43
514 1246 43
518 694 43
518 1124 43
519 966 43
520 947 43
525 635 43
535 917 43
537 896 43
538 933 43
548 917 43
556 1343 43
559 1188 43
565 1123 43
590 806 43
592 1232 43
596 1270 43
606 713 43
608 1065 43
627 668 43
630 771 43
638 944 43
659 687 43
661 1428 43
669 1254 43
705 1054 43
725 893 43
731 838 43
734 1442 43
735 1074 43
743 835 43
752 890 43
753 778 43
753 768 43
757 1303 43
759 983 43
760 1376 43
760 918 43
775 1287 43
785 822 43
787 950 43
793 1095 43
814 1011 43
824 1246 43
826 984 43
827 1204 43
830 1283 43
837 1316 43
866 1048 43
881 1375 43
890 1385 43
903 917 43
905 1301 43
908 997 43
922 1160 43
922 923 43
929 1082 43
933 1275 43
961 1195 43
965 1392 43
968 1254 43
976 1177 43
979 1100 43
985 1040 43
987 1090 43
1005 1321 43
1006 1138 43
1007 1056 43
1017 1173 43
1023 1130 43
1028 1127 43
1041 1229 43
1047 1468 43
1089 1364 43
1096 1200 43
1099 1241 43
1116 1173 43
1132 1288 43
1192 1342 43
1211 1297 43
1219 1338 43
1239 1425 43
1252 1276 43
1284 1322 43
1307 1421 43
1321 1421 43
1411 1465 43
1 879 44
49 1058 44
60 896 44
129 277 44
141 803 44
157 504 44
167 789 44
167 843 44
175 244 44
175 234 44
256 276 44
276 1410 44
277 1046 44
282 955 44
287 723 44
291 468 44
343 419 44
348 972 44
373 948 44
379 1113 44
428 1168 44
452 962 44
518 849 44
597 935 44
614 934 44
622 805 44
641 747 44
769 1414 44
804 1452 44
819 1147 44
826 1380 44
834 1069 44
839 1297 44
881 1301 44
883 1054 44
957 984 44
1019 1468 44
1025 1259 44
1138 1207 44
1230 1288 44
1407 1460 44
1417 1469 44
11 559 45
16 935 45
18 48 45
26 599 45
26 63 45
52 410 45
58 562 45
76 708 45
96 1106 45
130 867 45
132 584 45
135 1320 45
138 499 45
140 774 45
172 537 45
173 1037 45
174 1331 45
186 1150 45
195 548 45
195 617 45
212 399 45
219 794 45
221 784 45
227 795 45
230 288 45
237 370 45
241 1233 45
241 1158 45
254 1095 45
255 684 45
259 1145 45
283 758 45
287 719 45
296 308 45
309 1319 45
310 988 45
310 754 45
312 1176 45
329 662 45
334 564 45
359 1222 45
371 921 45
378 906 45
378 473 45
379 438 45
398 1063 45
398 853 45
405 978 45
407 1341 45
408 1051 45
421 769 45
426 858 45
429 982 45
443 1425 45
457 1265 45
457 833 45
459 1323 45
464 1427 45
470 657 45
471 1036 45
476 624 45
495 832 45
514 523 45
526 1053 45
531 1060 45
550 961 45
558 965 45
562 1318 45
582 646 45
590 1397 45
594 1357 45
595 941 45
600 1459 45
600 876 45
604 681 45
621 746 45
623 1003 45
644 880 45
648 969 45
661 1155 45
673 850 45
707 1432 45
708 1385 45
731 1062 45
763 950 45
763 1246 45
771 805 45
772 830 45
788 794 45
837 1226 45
838 1428 45
842 1022 45
842 970 45
852 1191 45
861 984 45
863 1393 45
882 1479 45
883 1422 45
898 1307 45
942 1313 45
982 1382 45
987 1178 45
1041 1453 45
1114 1160 45
1135 1410 45
1165 1467 45
1192 1216 45
1324 1382 45
1378 1416 45
1 517 46
8 918 46
15 1061 46
17 694 46
18 643 46
19 1101 46
20 705 46
23 1167 46
26 655 46
27 415 46
35 600 46
37 1431 46
45 711 46
45 578 46
55 654 46
60 68 46
64 1413 46
65 1275 46
67 1362 46
71 1000 46
71 750 46
74 377 46
76 981 46
77 528 46
81 113 46
90 621 46
96 1381 46
108 1308 46
112 963 46
113 1421 46
115 1162 46
122 1291 46
125 1342 46
128 1214 46
132 1409 46
143 1063 46
144 987 46
151 1174 46
156 548 46
167 432 46
197 1472 46
198 1228 46
200 980 46
206 654 46
207 781 46
209 230 46
213 376 46
215 582 46
217 1236 46
225 1094 46
227 1088 46
227 310 46
236 806 46
237 1300 46
237 884 46
270 748 46
270 325 46
272 592 46
282 1331 46
286 406 46
287 1179 46
294 984 46
295 1342 46
305 1035 46
315 775 46
325 651 46
327 521 46
333 596 46
342 770 46
349 1008 46
353 1140 46
358 1016 46
363 549 46
371 1038 46
380 607 46
398 638 46
407 573 46
423 834 46
436 572 46
440 506 46
449 1159 46
450 868 46
464 848 46
465 1103 46
465 1152 46
468 495 46
471 1148 46
472 494 46
477 521 46
486 997 46
493 864 46
505 964 46
512 1410 46
513 727 46
519 819 46
521 1005 46
521 1184 46
529 535 46
545 1113 46
549 985 46
550 1447 46
555 977 46
568 1220 46
576 984 46
580 964 46
596 1314 46
602 1165 46
603 1442 46
613 1094 46
615 1467 46
618 941 46
623 1360 46
624 1209 46
624 1248 46
632 786 46
634 852 46
655 1256 46
670 1271 46
680 745 46
699 1340 46
704 1365 46
711 1080 46
717 801 46
743 751 46
746 1025 46
759 800 46
764 837 46
771 793 46
782 971 46
797 1105 46
821 976 46
841 932 46
857 1395 46
858 969 46
873 1420 46
875 1177 46
876 1109 46
902 974 46
917 1139 46
936 1270 46
960 1431 46
963 1335 46
969 1315 46
987 1010 46
988 1035 46
1006 1239 46
1043 1426 46
1059 1364 46
1085 1287 46
1114 1269 46
1188 1447 46
1196 1450 46
1196 1319 46
1245 1440 46
1276 1360 46
1307 1402 46
12 74 47
15 214 47
17 353 47
18 1210 47
24 1326 47
29 297 47
41 953 47
50 369 47
58 881 47
59 951 47
62 644 47
91 1073 47
108 1405 47
109 536 47
110 411 47
127 290 47
151 292 47
153 423 47
176 281 47
178 1417 47
179 1454 47
179 396 47
181 271 47
192 428 47
202 694 47
217 526 47
218 1241 47
219 1387 47
254 696 47
257 497 47
259 472 47
268 940 47
276 1472 47
283 1187 47
321 1203 47
333 737 47
357 1301 47
357 1259 47
363 1417 47
367 1281 47
399 542 47
409 1424 47
423 1182 47
425 517 47
426 1292 47
467 1428 47
471 952 47
477 1090 47
498 1367 47
525 1449 47
534 1220 47
542 1031 47
548 1477 47
557 686 47
558 1475 47
572 1453 47
598 742 47
605 1399 47
610 851 47
671 1143 47
673 773 47
678 1440 47
713 1037 47
753 1129 47
766 1375 47
782 813 47
829 1437 47
850 1213 47
906 1084 47
913 1087 47
931 962 47
934 1169 47
973 1452 47
993 1245 47
1009 1067 47
1052 1056 47
1071 1297 47
1113 1195 47
1122 1186 47
1198 1429 47
1222 1324 47
1288 1299 47
1340 1373 47
1399 1460 47
13 1371 48
26 1165 48
27 706 48
33 1411 48
41 1340 48
46 1246 48
57 78 48
67 756 48
69 667 48
71 1448 48
88 836 48
93 1385 48
95 652 48
100 1326 48
109 888 48
123 667 48
131 400 48
156 789 48
177 745 48
179 394 48
191 380 48
201 827 48
214 1054 48
226 1184 48
235 1289 48
236 339 48
245 532 48
246 1184 48
249 673 48
255 887 48
259 955 48
261 1256 48
289 310 48
290 347 48
293 1308 48
301 1384 48
304 704 48
304 982 48
313 1183 48
321 1102 48
325 406 48
339 842 48
345 445 48
352 784 48
363 702 48
372 413 48
391 864 48
394 1178 48
398 1085 48
414 594 48
420 524 48
459 964 48
479 754 48
491 1342 48
493 1044 48
498 906 48
502 1327 48
510 1144 48
517 751 48
520 770 48
522 1408 48
544 959 48
564 1012 48
574 691 48
585 1418 48
666 797 48
671 777 48
672 1298 48
673 1321 48
678 729 48
694 1181 48
720 1334 48
723 1193 48
723 968 48
751 980 48
768 992 48
772 1473 48
794 1139 48
816 899 48
820 1126 48
827 1162 48
834 1447 48
848 1444 48
869 1238 48
874 1329 48
967 1320 48
975 1469 48
979 1467 48
984 1458 48
990 1204 48
1009 1159 48
1040 1326 48
1069 1085 48
1109 1467 48
1140 1354 48
1149 1201 48
1194 1406 48
1260 1299 48
1283 1441 48
1298 1356 48
46 1284 49
89 583 49
90 1177 49
129 351 49
174 340 49
203 1175 49
263 320 49
339 677 49
487 649 49
489 580 49
526 783 49
539 1215 49
599 1203 49
637 938 49
671 1186 49
741 843 49
890 1369 49
1206 1357 49
1253 1286 49
12 359 50
61 432 50
64 812 50
80 672 50
83 1090 50
91 361 50
91 1357 50
105 317 50
140 1283 50
155 1258 50
173 506 50
188 777 50
197 1159 50
228 532 50
245 1058 50
292 874 50
298 493 50
299 1335 50
331 1350 50
345 408 50
374 1032 50
378 685 50
421 481 50
422 1257 50
429 882 50
448 736 50
456 851 50
469 1109 50
506 576 50
526 1114 50
535 1469 50
557 983 50
583 796 50
609 899 50
661 912 50
717 1005 50
763 808 50
836 935 50
843 1397 50
848 1382 50
865 1451 50
866 1172 50
870 1109 50
1007 1099 50
1017 1224 50
1170 1246 50
1187 1303 50
1256 1465 50
7 964 51
20 1454 51
29 893 51
42 149 51
44 211 51
47 393 51
66 528 51
71 140 51
77 1397 51
96 410 51
107 475 51
109 462 51
111 269 51
113 1264 51
131 755 51
160 1135 51
183 1285 51
222 1415 51
222 1286 51
232 585 51
247 1410 51
248 487 51
257 521 51
268 452 51
304 458 51
315 472 51
329 401 51
342 585 51
353 477 51
368 1015 51
376 990 51
383 547 51
408 1401 51
464 1052 51
465 1479 51
476 633 51
512 734 51
580 1158 51
598 994 51
618 1111 51
655 979 51
666 1410 51
680 1072 51
706 1198 51
707 1464 51
720 1362 51
721 1124 51
749 1181 51
774 995 51
816 907 51
848 1085 51
868 1474 51
897 1080 51
909 1190 51
937 1209 51
1043 1263 51
1112 1202 51
1152 1389 51
1180 1208 51
39 665 52
41 1162 52
63 242 52
143 895 52
206 932 52
267 1155 52
278 1436 52
310 444 52
365 1147 52
415 915 52
486 940 52
526 667 52
558 873 52
671 952 52
715 850 52
823 1244 52
864 1071 52
1233 1322 52
2 835 53
2 1089 53
30 660 53
34 280 53
55 416 53
59 1278 53
64 1272 53
68 785 53
70 938 53
99 1398 53
110 1333 53
152 468 53
160 238 53
169 1444 53
220 1237 53
241 1386 53
242 1300 53
262 969 53
325 1382 53
368 432 53
386 996 53
439 1471 53
512 1196 53
515 1168 53
586 660 53
603 1052 53
618 952 53
674 964 53
683 885 53
708 776 53
719 1243 53
748 1438 53
776 1442 53
783 1317 53
816 1470 53
919 1242 53
924 1329 53
1025 1386 53
1126 1439 53
25 861 54
25 751 54
48 403 54
55 983 54
70 268 54
73 477 54
79 1019 54
81 201 54
84 1375 54
87 243 54
88 257 54
129 262 54
136 1260 54
165 182 54
173 742 54
174 1199 54
175 782 54
183 1299 54
210 764 54
224 1050 54
227 1275 54
248 827 54
271 1067 54
319 1274 54
339 1002 54
346 678 54
397 821 54
412 1334 54
435 1294 54
508 1050 54
520 1301 54
524 1293 54
530 832 54
537 746 54
553 1133 54
562 1319 54
621 888 54
651 998 54
657 1298 54
667 954 54
694 1196 54
697 933 54
751 1287 54
753 1074 54
767 1071 54
780 990 54
796 1301 54
804 1436 54
812 1267 54
827 1278 54
865 1271 54
952 1330 54
973 1391 54
978 1361 54
1010 1212 54
1195 1357 54
1226 1288 54
1322 1467 54
1377 1388 54
10 922 55
14 465 55
17 120 55
21 597 55
27 1005 55
28 347 55
51 999 55
62 598 55
80 1337 55
82 396 55
83 949 55
92 689 55
100 666 55
100 1292 55
102 983 55
107 1179 55
113 255 55
132 1211 55
133 734 55
144 739 55
146 1343 55
154 878 55
184 647 55
192 747 55
204 1077 55
210 903 55
222 1436 55
231 418 55
238 559 55
240 1069 55
241 629 55
252 465 55
267 1442 55
275 378 55
276 378 55
289 365 55
294 1263 55
315 612 55
336 610 55
339 399 55
345 1157 55
361 761 55
369 973 55
373 1013 55
374 1010 55
406 960 55
412 1113 55
416 1149 55
416 1056 55
435 515 55
443 624 55
446 577 55
452 966 55
464 1278 55
465 983 55
485 1154 55
494 1309 55
533 915 55
540 950 55
540 1406 55
542 897 55
554 838 55
585 937 55
594 1037 55
601 864 55
609 924 55
624 760 55
626 1422 55
637 898 55
639 650 55
640 834 55
645 1265 55
661 1249 55
667 1285 55
681 1207 55
684 1078 55
693 704 55
697 1418 55
700 1423 55
708 1193 55
735 839 55
739 944 55
746 1036 55
767 955 55
768 827 55
768 1010 55
782 1048 55
789 1010 55
827 909 55
832 972 55
840 1451 55
844 1110 55
847 1140 55
850 1043 55
876 1190 55
901 1359 55
902 1460 55
928 1259 55
936 1166 55
967 1140 55
982 1031 55
1006 1028 55
1008 1470 55
1012 1111 55
1022 1042 55
1085 1423 55
1150 1177 55
1174 1237 55
1206 1362 55
1209 1425 55
4 906 56
5 1117 56
7 955 56
20 825 56
26 751 56
34 1024 56
35 162 56
37 1190 56
45 678 56
50 338 56
52 830 56
54 664 56
67 493 56
70 356 56
80 663 56
94 736 56
99 1246 56
104 894 56
113 1019 56
116 812 56
133 135 56
151 1042 56
165 585 56
168 600 56
181 1129 56
185 1453 56
192 536 56
195 460 56
222 533 56
242 914 56
250 543 56
255 868 56
274 686 56
281 986 56
282 487 56
288 505 56
301 541 56
315 1070 56
324 1084 56
329 1117 56
331 513 56
344 848 56
366 1309 56
370 450 56
390 1380 56
392 1370 56
395 842 56
395 1194 56
396 1238 56
407 1062 56
416 1443 56
419 968 56
435 1156 56
449 1381 56
453 928 56
465 666 56
470 860 56
484 724 56
490 983 56
521 579 56
537 1388 56
539 836 56
540 1111 56
556 1216 56
559 1462 56
583 678 56
588 1405 56
612 1067 56
633 753 56
648 915 56
649 703 56
650 1316 56
651 813 56
681 750 56
698 1071 56
734 1426 56
738 1327 56
757 1122 56
767 1030 56
769 844 56
770 1125 56
773 1177 56
782 1137 56
818 1216 56
824 1025 56
868 1024 56
872 1348 56
873 1439 56
881 1072 56
928 1468 56
941 1018 56
959 973 56
968 1464 56
1005 1065 56
1019 1260 56
1020 1283 56
1024 1414 56
1061 1084 56
1095 1107 56
1123 1132 56
1164 1176 56
1190 1299 56
1197 1316 56
1241 1324 56
1293 1392 56
1373 1456 56
5 106 57
21 220 57
37 224 57
61 229 57
62 1404 57
65 866 57
74 278 57
82 822 57
89 1260 57
100 394 57
102 1263 57
118 516 57
127 900 57
127 981 57
132 556 57
141 1382 57
144 1351 57
152 898 57
153 1217 57
155 1196 57
156 1192 57
161 992 57
186 736 57
191 985 57
195 926 57
211 665 57
215 721 57
217 238 57
245 1444 57
253 914 57
273 1356 57
293 886 57
342 671 57
350 1261 57
357 800 57
358 443 57
361 953 57
369 688 57
370 680 57
391 980 57
405 536 57
409 1344 57
419 1193 57
444 502 57
451 755 57
471 678 57
488 550 57
491 600 57
499 1057 57
500 889 57
515 694 57
517 1468 57
536 1080 57
558 616 57
560 959 57
563 1357 57
567 847 57
583 1390 57
593 724 57
594 882 57
605 922 57
605 836 57
610 1333 57
615 1324 57
639 927 57
642 1443 57
662 1085 57
664 1420 57
666 1461 57
677 923 57
686 1343 57
707 1136 57
712 1110 57
754 1241 57
817 1138 57
824 1292 57
839 1182 57
856 1387 57
867 1189 57
880 1103 57
884 906 57
903 1058 57
928 1346 57
942 1074 57
974 1319 57
974 1355 57
988 1323 57
1009 1134 57
1018 1461 57
1028 1438 57
1052 1061 57
1131 1286 57
1139 1456 57
1178 1181 57
1181 1293 57
1262 1264 57
1279 1412 57
1298 1373 57
1329 1394 57
1369 1396 57
1420 1464 57
1457 1475 57
1 586 58
7 1318 58
16 346 58
20 1377 58
47 257 58
51 912 58
54 257 58
55 57 58
70 475 58
72 193 58
75 1315 58
83 667 58
86 593 58
86 889 58
90 1203 58
95 523 58
111 1320 58
118 1227 58
123 862 58
137 438 58
168 288 58
172 1154 58
175 909 58
184 536 58
185 1261 58
189 880 58
209 619 58
223 1463 58
230 1047 58
271 762 58
305 1148 58
316 1179 58
358 870 58
365 1247 58
374 713 58
376 617 58
378 1202 58
391 761 58
416 1299 58
442 1399 58
453 749 58
469 1150 58
473 1239 58
490 1159 58
498 597 58
499 768 58
507 579 58
525 641 58
528 1018 58
568 1073 58
570 1466 58
571 607 58
576 725 58
605 1093 58
607 1067 58
642 1133 58
645 1430 58
665 1153 58
669 1109 58
684 803 58
692 760 58
693 1211 58
702 1432 58
736 1351 58
747 1434 58
758 867 58
768 1444 58
784 957 58
807 1263 58
816 1136 58
830 1252 58
855 1275 58
886 1074 58
910 1464 58
920 1375 58
935 1156 58
940 1165 58
964 1189 58
966 1198 58
1037 1473 58
1055 1221 58
1062 1383 58
1062 1103 58
1074 1324 58
1135 1404 58
1159 1375 58
1173 1232 58
1177 1344 58
1189 1392 58
1302 1422 58
1337 1388 58
1338 1478 58
2 222 59
21 1370 59
42 105 59
63 264 59
67 482 59
83 992 59
92 749 59
96 414 59
96 1124 59
110 768 59
120 847 59
124 713 59
139 896 59
144 982 59
147 201 59
158 791 59
163 1197 59
165 437 59
170 1335 59
176 649 59
199 1056 59
199 1198 59
225 1209 59
232 601 59
244 1394 59
260 470 59
272 753 59
275 996 59
291 1179 59
294 999 59
315 405 59
318 1116 59
328 1229 59
334 516 59
372 844 59
377 391 59
387 849 59
391 1185 59
411 1103 59
413 970 59
434 826 59
442 949 59
450 851 59
494 646 59
500 846 59
513 1445 59
521 1479 59
522 908 59
546 956 59
574 1409 59
581 1447 59
626 1026 59
649 715 59
714 1426 59
764 792 59
781 1178 59
796 1224 59
828 1458 59
850 1126 59
895 898 59
916 1209 59
973 1198 59
1034 1191 59
1043 1458 59
1086 1440 59
1134 1186 59
1225 1323 59
1321 1367 59
14 607 60
17 107 60
43 47 60
47 354 60
60 340 60
82 1201 60
92 110 60
95 447 60
119 1163 60
181 1201 60
194 1434 60
241 777 60
303 653 60
417 728 60
439 1387 60
446 762 60
695 1345 60
703 1221 60
782 1060 60
854 1220 60
1001 1030 60
1042 1415 60
1098 1127 60
