0 42 0
0 27 0
0 12 0
0 9 0
0 1 0
0 11 0
0 2 0
0 49 0
0 46 0
0 45 0
0 44 0
1 42 0
1 10 0
1 26 0
1 16 0
1 27 0
1 7 0
1 24 0
1 12 0
1 9 0
1 50 0
1 49 0
1 46 0
1 45 0
1 44 0
1 43 0
2 49 0
2 46 0
2 45 0
2 44 0
3 42 0
3 10 0
3 27 0
3 12 0
3 9 0
3 14 0
3 11 0
3 13 0
3 8 0
3 6 0
3 5 0
3 4 0
4 42 0
4 10 0
4 26 0
4 16 0
4 27 0
4 7 0
4 12 0
4 9 0
4 14 0
4 11 0
4 13 0
4 8 0
4 6 0
4 5 0
5 42 0
5 10 0
5 16 0
5 24 0
5 9 0
5 14 0
5 11 0
5 13 0
5 8 0
5 6 0
6 42 0
6 10 0
6 16 0
6 24 0
6 9 0
6 14 0
6 11 0
6 13 0
6 8 0
7 42 0
7 10 0
7 26 0
7 16 0
7 27 0
7 24 0
7 12 0
7 51 0
7 22 0
7 9 0
7 38 0
7 48 0
7 46 0
7 35 0
7 32 0
7 28 0
7 25 0
7 23 0
7 21 0
7 18 0
7 17 0
8 9 0
8 14 0
8 11 0
8 13 0
9 42 0
9 10 0
9 26 0
9 16 0
9 27 0
9 24 0
9 12 0
9 49 0
10 42 0
10 26 0
10 16 0
10 27 0
10 24 0
10 12 0
10 51 0
10 22 0
10 38 0
10 48 0
10 46 0
10 28 0
10 23 0
10 21 0
10 15 0
10 35 0
10 14 0
10 32 0
10 25 0
10 11 0
10 44 0
10 37 0
11 42 0
11 16 0
11 24 0
11 23 0
11 14 0
12 42 0
12 26 0
12 16 0
12 27 0
12 24 0
12 51 0
12 22 0
12 49 0
12 48 0
12 46 0
12 45 0
13 26 0
13 24 0
13 23 0
13 14 0
13 22 0
14 42 0
14 26 0
14 16 0
14 24 0
14 23 0
15 42 0
15 26 0
15 16 0
15 27 0
15 24 0
15 23 0
15 32 0
15 22 0
15 21 0
15 20 0
15 19 0
15 18 0
15 17 0
16 42 0
16 26 0
16 27 0
16 24 0
16 51 0
16 22 0
16 38 0
16 48 0
16 46 0
16 28 0
16 23 0
16 21 0
16 35 0
17 23 0
17 32 0
17 22 0
17 21 0
17 20 0
17 19 0
17 18 0
18 23 0
18 32 0
18 22 0
18 21 0
18 20 0
18 19 0
19 21 0
19 20 0
20 22 0
20 21 0
21 42 0
21 26 0
21 27 0
21 23 0
21 32 0
21 22 0
22 42 0
22 26 0
22 27 0
22 24 0
22 23 0
22 32 0
23 42 0
23 26 0
23 27 0
24 42 0
24 26 0
24 27 0
24 51 0
24 38 0
25 42 0
25 26 0
25 51 0
25 32 0
25 39 0
25 38 0
25 35 0
25 34 0
25 29 0
25 28 0
26 42 0
26 27 0
26 51 0
26 38 0
26 48 0
26 46 0
26 28 0
26 35 0
26 32 0
27 42 0
27 51 0
27 38 0
27 48 0
27 46 0
27 28 0
27 44 0
27 37 0
28 42 0
28 51 0
28 32 0
28 39 0
28 38 0
28 35 0
28 34 0
28 29 0
29 39 0
29 38 0
29 35 0
29 34 0
32 42 0
32 51 0
33 37 0
33 36 0
34 35 0
35 42 0
35 51 0
35 48 0
35 39 0
35 38 0
36 43 0
36 41 0
36 37 0
37 42 0
37 51 0
37 48 0
37 39 0
37 38 0
37 43 0
37 41 0
38 42 0
38 51 0
38 48 0
38 39 0
40 43 0
40 41 0
40 45 0
40 44 0
41 43 0
42 51 0
42 48 0
42 46 0
43 51 0
43 48 0
43 50 0
44 51 0
44 48 0
44 50 0
44 45 0
45 48 0
45 50 0
46 48 0
46 50 0
46 49 0
46 47 0
47 49 0
49 50 0
0 42 1
0 27 1
0 12 1
0 9 1
0 1 1
0 11 1
0 2 1
0 49 1
0 46 1
0 45 1
0 44 1
1 42 1
1 10 1
1 26 1
1 16 1
1 27 1
1 7 1
1 24 1
1 12 1
1 9 1
1 50 1
1 49 1
1 46 1
1 45 1
1 44 1
1 43 1
2 49 1
2 46 1
2 45 1
2 44 1
3 42 1
3 10 1
3 27 1
3 12 1
3 9 1
3 14 1
3 11 1
3 13 1
3 8 1
3 6 1
3 5 1
3 4 1
4 42 1
4 10 1
4 26 1
4 16 1
4 27 1
4 7 1
4 12 1
4 9 1
4 14 1
4 11 1
4 13 1
4 8 1
4 6 1
4 5 1
5 42 1
5 10 1
5 16 1
5 24 1
5 9 1
5 14 1
5 11 1
5 13 1
5 8 1
5 6 1
6 42 1
6 10 1
6 16 1
6 24 1
6 9 1
6 14 1
6 11 1
6 13 1
6 8 1
7 42 1
7 10 1
7 26 1
7 16 1
7 27 1
7 24 1
7 12 1
7 51 1
7 22 1
7 9 1
7 38 1
7 48 1
7 46 1
7 35 1
7 32 1
7 28 1
7 25 1
7 23 1
7 21 1
7 18 1
7 17 1
8 9 1
8 14 1
8 11 1
8 13 1
9 42 1
9 10 1
9 26 1
9 16 1
9 27 1
9 24 1
9 12 1
9 49 1
10 42 1
10 26 1
10 16 1
10 27 1
10 24 1
10 12 1
10 51 1
10 22 1
10 38 1
10 48 1
10 46 1
10 28 1
10 23 1
10 21 1
10 15 1
10 35 1
10 14 1
10 32 1
10 25 1
10 11 1
10 44 1
10 37 1
11 42 1
11 16 1
11 24 1
11 23 1
11 14 1
12 42 1
12 26 1
12 16 1
12 27 1
12 24 1
12 51 1
12 22 1
12 49 1
12 48 1
12 46 1
12 45 1
13 26 1
13 24 1
13 23 1
13 14 1
13 22 1
14 42 1
14 26 1
14 16 1
14 24 1
14 23 1
15 42 1
15 26 1
15 16 1
15 27 1
15 24 1
15 23 1
15 32 1
15 22 1
15 21 1
15 20 1
15 19 1
15 18 1
15 17 1
16 42 1
16 26 1
16 27 1
16 24 1
16 51 1
16 22 1
16 38 1
16 48 1
16 46 1
16 28 1
16 23 1
16 21 1
16 35 1
17 23 1
17 32 1
17 22 1
17 21 1
17 20 1
17 19 1
17 18 1
18 23 1
18 32 1
18 22 1
18 21 1
18 20 1
18 19 1
19 21 1
19 20 1
20 22 1
20 21 1
21 42 1
21 26 1
21 27 1
21 23 1
21 32 1
21 22 1
22 42 1
22 26 1
22 27 1
22 24 1
22 23 1
22 32 1
23 42 1
23 26 1
23 27 1
24 42 1
24 26 1
24 27 1
24 51 1
24 38 1
25 42 1
25 26 1
25 51 1
25 32 1
25 39 1
25 38 1
25 35 1
25 34 1
25 29 1
25 28 1
26 42 1
26 27 1
26 51 1
26 38 1
26 48 1
26 46 1
26 28 1
26 35 1
26 32 1
27 42 1
27 51 1
27 38 1
27 48 1
27 46 1
27 28 1
27 44 1
27 37 1
28 42 1
28 51 1
28 32 1
28 39 1
28 38 1
28 35 1
28 34 1
28 29 1
29 39 1
29 38 1
29 35 1
29 34 1
32 42 1
32 51 1
33 37 1
33 36 1
34 35 1
35 42 1
35 51 1
35 48 1
35 39 1
35 38 1
36 43 1
36 41 1
36 37 1
37 42 1
37 51 1
37 48 1
37 39 1
37 38 1
37 43 1
37 41 1
38 42 1
38 51 1
38 48 1
38 39 1
40 43 1
40 41 1
40 45 1
40 44 1
41 43 1
42 51 1
42 48 1
42 46 1
43 51 1
43 48 1
43 50 1
44 51 1
44 48 1
44 50 1
44 45 1
45 48 1
45 50 1
46 48 1
46 50 1
46 49 1
46 47 1
47 49 1
49 50 1
