0 1880 0
28 1878 0
44 1877 0
53 1875 0
58 1874 0
69 1865 0
82 1864 0
113 1863 0
143 309 0
143 341 0
178 307 0
178 308 0
201 1835 0
292 1791 0
296 1780 0
323 1723 0
352 1712 0
390 1643 0
470 1623 0
476 1564 0
480 1542 0
504 1475 0
518 1791 0
518 1863 0
518 1878 0
523 1474 0
557 1290 0
557 1643 0
557 1723 0
560 525 0
592 1472 0
631 1471 0
645 1470 0
680 1361 0
720 1343 0
725 1290 0
788 1279 0
832 1234 0
940 1232 0
1010 1231 0
1042 1230 0
1122 1229 0
1135 1078 0
1148 115 0
1148 306 0
1202 26 0
1202 70 0
1234 519 0
1251 968 0
1273 934 0
1277 933 0
1281 932 0
1292 931 0
1303 930 0
1319 341 0
1319 767 0
1319 1279 0
1351 907 0
1372 906 0
1482 905 0
1512 904 0
1517 903 0
1583 871 0
1611 870 0
1614 0 0
1614 8 0
1627 1863 0
1627 1878 0
1627 0 0
1659 869 0
1662 868 0
1684 867 0
1718 866 0
1749 772 0
1756 767 0
1757 754 0
1762 753 0
1804 696 0
1808 560 0
1822 535 0
1854 0 0
1854 1643 0
1854 1723 0
1878 491 0
4 1880 1
23 1878 1
30 1877 1
47 1875 1
109 1791 1
109 1863 1
109 1878 1
226 1290 1
226 1643 1
226 1723 1
272 1874 1
301 1865 1
405 1864 1
406 1863 1
433 1835 1
469 1791 1
507 309 1
507 341 1
513 1780 1
521 1723 1
551 1712 1
560 525 1
638 1643 1
648 1623 1
665 1564 1
723 1542 1
736 1475 1
748 1474 1
762 1472 1
772 0 1
772 1643 1
772 1723 1
820 307 1
820 308 1
855 1471 1
872 1470 1
887 1361 1
913 1343 1
914 1290 1
935 1279 1
1023 1234 1
1041 1232 1
1051 1231 1
1068 1230 1
1106 1229 1
1113 1078 1
1116 341 1
1116 767 1
1116 1279 1
1161 968 1
1198 115 1
1198 306 1
1246 934 1
1264 933 1
1266 1863 1
1266 1878 1
1266 0 1
1337 932 1
1356 931 1
1400 930 1
1416 907 1
1426 906 1
1470 519 1
1492 905 1
1516 904 1
1533 903 1
1539 871 1
1562 870 1
1564 491 1
1618 869 1
1644 868 1
1649 867 1
1656 866 1
1659 772 1
1667 767 1
1704 26 1
1704 70 1
1720 754 1
1748 753 1
1833 696 1
1839 0 1
1839 8 1
1851 560 1
1861 535 1
2 1791 2
2 1863 2
2 1878 2
43 1880 2
99 1878 2
170 1877 2
193 1875 2
196 1874 2
209 1290 2
209 1643 2
209 1723 2
228 1865 2
259 1864 2
297 1863 2
319 1835 2
368 1791 2
419 1780 2
486 1723 2
493 1712 2
575 1643 2
614 1623 2
616 1564 2
676 1542 2
697 1475 2
698 1474 2
700 341 2
700 767 2
700 1279 2
739 1472 2
776 1863 2
776 1878 2
776 0 2
801 1471 2
810 1470 2
857 1361 2
863 1343 2
871 491 2
880 1290 2
888 1279 2
899 1234 2
901 1232 2
912 1231 2
923 1230 2
1079 0 2
1079 1643 2
1079 1723 2
1116 1229 2
1119 1078 2
1132 968 2
1155 934 2
1185 933 2
1194 932 2
1220 931 2
1340 930 2
1353 907 2
1357 906 2
1430 309 2
1430 341 2
1439 307 2
1439 308 2
1443 905 2
1450 115 2
1450 306 2
1458 904 2
1486 903 2
1536 871 2
1544 26 2
1544 70 2
1548 870 2
1552 869 2
1554 868 2
1587 867 2
1598 866 2
1618 772 2
1621 767 2
1631 754 2
1719 0 2
1719 8 2
1721 753 2
1722 696 2
1726 560 2
1768 535 2
1806 525 2
1837 519 2
1 1880 3
107 1878 3
117 1877 3
120 1875 3
161 1791 3
161 1863 3
161 1878 3
166 1874 3
201 1865 3
229 1864 3
235 1863 3
254 1835 3
261 1290 3
261 1643 3
261 1723 3
292 341 3
292 767 3
292 1279 3
367 1791 3
380 1780 3
423 1723 3
462 1712 3
480 1643 3
482 1623 3
507 1564 3
509 1542 3
544 1475 3
578 1474 3
632 309 3
632 341 3
656 1472 3
666 1471 3
698 1470 3
736 1361 3
749 1343 3
789 1290 3
813 1279 3
876 1234 3
891 1232 3
944 1231 3
948 1230 3
957 1229 3
982 1078 3
985 968 3
1019 307 3
1019 308 3
1067 934 3
1157 933 3
1177 932 3
1186 931 3
1252 1863 3
1252 1878 3
1252 0 3
1292 930 3
1293 907 3
1296 906 3
1298 905 3
1327 904 3
1365 903 3
1425 871 3
1485 870 3
1489 869 3
1503 868 3
1527 115 3
1527 306 3
1539 867 3
1542 491 3
1553 866 3
1569 772 3
1580 767 3
1628 26 3
1628 70 3
1634 754 3
1641 753 3
1697 0 3
1697 8 3
1754 696 3
1803 560 3
1845 535 3
1860 525 3
1884 519 3
1890 0 3
1890 1643 3
1890 1723 3
20 1880 4
43 1878 4
55 1877 4
87 1875 4
96 1874 4
143 1865 4
164 1864 4
209 1863 4
277 1835 4
303 1791 4
321 1780 4
322 1791 4
322 1863 4
322 1878 4
330 1723 4
355 1712 4
366 1643 4
370 1623 4
412 1564 4
422 309 4
422 341 4
442 1542 4
447 1475 4
456 307 4
456 308 4
504 1474 4
508 1472 4
524 1471 4
534 1470 4
607 1361 4
627 1343 4
658 1290 4
659 1279 4
700 115 4
700 306 4
710 26 4
710 70 4
714 1234 4
718 1232 4
765 1231 4
786 1230 4
830 1290 4
830 1643 4
830 1723 4
957 1229 4
979 1078 4
996 968 4
1009 934 4
1086 933 4
1093 932 4
1119 931 4
1135 930 4
1137 907 4
1145 341 4
1145 767 4
1145 1279 4
1150 906 4
1152 905 4
1169 904 4
1182 903 4
1191 871 4
1196 870 4
1213 869 4
1272 868 4
1301 867 4
1316 866 4
1320 772 4
1323 767 4
1325 0 4
1325 8 4
1351 1863 4
1351 1878 4
1351 0 4
1364 0 4
1364 1643 4
1364 1723 4
1378 754 4
1460 753 4
1472 491 4
1510 696 4
1526 560 4
1664 535 4
1800 525 4
1873 519 4
8 1880 5
17 1791 5
17 1863 5
17 1878 5
32 1878 5
45 1877 5
46 1875 5
49 1874 5
71 1865 5
113 1864 5
124 1290 5
124 1643 5
124 1723 5
128 1863 5
173 1835 5
203 1791 5
222 1780 5
259 1723 5
269 1712 5
311 1643 5
339 1623 5
345 1564 5
410 1542 5
452 1475 5
496 1474 5
523 309 5
523 341 5
524 1472 5
546 1471 5
603 1470 5
699 1361 5
768 1343 5
776 307 5
776 308 5
810 1290 5
909 1279 5
910 1234 5
934 491 5
940 1232 5
971 1231 5
991 1230 5
1039 341 5
1039 767 5
1039 1279 5
1047 1229 5
1093 115 5
1093 306 5
1107 1078 5
1137 968 5
1147 934 5
1162 933 5
1172 932 5
1191 931 5
1196 930 5
1223 907 5
1266 906 5
1312 26 5
1312 70 5
1313 905 5
1410 904 5
1426 1863 5
1426 1878 5
1426 0 5
1444 903 5
1445 871 5
1541 870 5
1547 0 5
1547 8 5
1560 869 5
1572 868 5
1612 867 5
1636 866 5
1645 772 5
1655 767 5
1670 754 5
1689 753 5
1754 696 5
1768 0 5
1768 1643 5
1768 1723 5
1797 560 5
1853 535 5
1866 525 5
1885 519 5
41 1880 6
46 1878 6
56 1877 6
77 1875 6
94 1874 6
128 1865 6
135 1864 6
146 1863 6
151 1835 6
161 1791 6
242 1780 6
272 1723 6
298 1712 6
310 1643 6
350 1791 6
350 1863 6
350 1878 6
351 1290 6
351 1643 6
351 1723 6
360 309 6
360 341 6
401 1623 6
407 1564 6
505 1542 6
546 1475 6
565 1474 6
601 1472 6
650 1471 6
652 1470 6
735 1361 6
794 1343 6
804 1290 6
811 1279 6
816 1234 6
818 1232 6
825 1231 6
921 1230 6
944 307 6
944 308 6
989 1229 6
990 1078 6
1002 341 6
1002 767 6
1002 1279 6
1022 968 6
1028 934 6
1039 933 6
1046 932 6
1097 931 6
1172 930 6
1196 907 6
1200 906 6
1223 905 6
1237 904 6
1280 115 6
1280 306 6
1301 903 6
1314 871 6
1331 1863 6
1331 1878 6
1331 0 6
1407 870 6
1418 869 6
1441 868 6
1455 867 6
1459 866 6
1463 772 6
1484 767 6
1491 754 6
1573 753 6
1651 0 6
1651 1643 6
1651 1723 6
1657 26 6
1657 70 6
1717 0 6
1717 8 6
1728 696 6
1751 560 6
1786 535 6
1863 519 6
1873 525 6
1880 491 6
