60 1867 0
77 1858 0
126 1851 0
127 1847 0
225 1795 0
250 1788 0
262 315 0
262 316 0
263 1699 0
325 1656 0
331 142 0
331 144 0
368 1648 0
378 66 0
378 131 0
435 1625 0
484 1618 0
488 1586 0
490 1539 0
503 35 0
503 43 0
511 1482 0
516 1481 0
525 1480 0
572 13 0
572 22 0
626 1479 0
715 1478 0
781 1477 0
789 1473 0
846 1471 0
860 2 0
860 11 0
868 1851 0
868 1867 0
874 1402 0
895 1345 0
946 1343 0
948 1342 0
969 1307 0
978 1279 0
979 1245 0
986 1788 0
986 1847 0
1052 1189 0
1074 341 0
1135 1180 0
1174 1126 0
1194 1074 0
1222 1402 0
1222 1656 0
1227 1051 0
1283 968 0
1294 811 0
1338 809 0
1361 754 0
1446 749 0
1457 723 0
1503 722 0
1530 721 0
1531 719 0
1532 710 0
1570 651 0
1570 709 0
1603 522 0
1603 535 0
1627 709 0
1630 669 0
1633 668 0
1635 667 0
1679 666 0
1685 66 0
1685 414 0
1690 665 0
1703 651 0
1714 616 0
1721 556 0
1734 535 0
1785 522 0
1787 468 0
1808 430 0
1816 428 0
1864 414 0
1879 345 0
1 1867 1
16 1858 1
30 1851 1
32 1847 1
38 1795 1
59 1788 1
75 1699 1
118 315 1
118 316 1
125 1656 1
133 1648 1
151 142 1
151 144 1
191 1625 1
209 1618 1
263 1586 1
275 1539 1
288 66 1
288 131 1
290 1482 1
300 35 1
300 43 1
310 1481 1
318 1480 1
349 1479 1
363 1478 1
395 1477 1
450 1473 1
488 13 1
488 22 1
491 1471 1
546 1402 1
547 2 1
547 11 1
557 1345 1
622 1343 1
659 1342 1
664 1307 1
669 345 1
717 1279 1
742 1245 1
744 1189 1
750 1180 1
776 1126 1
810 1074 1
891 1051 1
906 968 1
950 811 1
957 809 1
960 1851 1
960 1867 1
964 754 1
985 749 1
987 723 1
991 1788 1
991 1847 1
995 722 1
1009 721 1
1054 719 1
1081 710 1
1093 709 1
1122 669 1
1152 668 1
1158 667 1
1166 666 1
1223 1402 1
1223 1656 1
1271 665 1
1312 651 1
1355 616 1
1391 556 1
1433 535 1
1443 651 1
1443 709 1
1482 341 1
1650 522 1
1679 468 1
1769 430 1
1780 522 1
1780 535 1
1786 66 1
1786 414 1
1807 428 1
1897 414 1
23 315 2
23 316 2
34 142 2
34 144 2
68 1867 2
113 1858 2
152 1851 2
169 1847 2
171 1795 2
226 1788 2
284 1699 2
299 1656 2
321 66 2
321 131 2
372 1648 2
432 1625 2
441 35 2
441 43 2
551 1618 2
561 1586 2
622 1539 2
625 13 2
625 22 2
629 1482 2
647 1481 2
681 1480 2
683 1479 2
732 1478 2
746 1477 2
754 341 2
755 1473 2
760 1471 2
792 1402 2
806 1345 2
842 1343 2
906 1342 2
914 2 2
914 11 2
915 1307 2
943 1279 2
947 1245 2
963 1189 2
1006 1180 2
1022 1126 2
1050 1074 2
1055 1051 2
1084 1851 2
1084 1867 2
1098 968 2
1115 811 2
1130 809 2
1140 754 2
1146 749 2
1160 723 2
1163 722 2
1183 1788 2
1183 1847 2
1240 721 2
1296 1402 2
1296 1656 2
1322 719 2
1333 710 2
1433 651 2
1433 709 2
1437 709 2
1505 669 2
1528 668 2
1546 667 2
1554 666 2
1560 522 2
1560 535 2
1561 665 2
1566 651 2
1607 616 2
1608 66 2
1608 414 2
1621 556 2
1642 535 2
1663 522 2
1669 468 2
1683 430 2
1769 428 2
1775 414 2
1823 345 2
73 1867 3
81 1858 3
116 1851 3
132 1847 3
145 315 3
145 316 3
186 142 3
186 144 3
194 1795 3
201 1788 3
203 1699 3
247 1656 3
289 1648 3
290 1625 3
301 1618 3
313 1586 3
344 66 3
344 131 3
374 1539 3
400 1482 3
402 1481 3
404 35 3
404 43 3
405 1480 3
419 1479 3
422 13 3
422 22 3
430 345 3
433 1478 3
489 1477 3
500 1473 3
518 2 3
518 11 3
627 1471 3
641 1402 3
673 1345 3
697 1851 3
697 1867 3
705 1343 3
728 1342 3
732 1307 3
734 1279 3
808 1788 3
808 1847 3
816 1245 3
837 1189 3
858 1180 3
866 1126 3
882 1074 3
891 1402 3
891 1656 3
906 1051 3
1006 968 3
1063 811 3
1065 809 3
1067 754 3
1085 749 3
1148 723 3
1151 722 3
1193 721 3
1195 719 3
1205 710 3
1217 709 3
1219 669 3
1231 668 3
1243 667 3
1269 666 3
1309 665 3
1314 651 3
1322 651 3
1322 709 3
1375 616 3
1384 522 3
1384 535 3
1386 556 3
1442 535 3
1444 522 3
1538 468 3
1583 430 3
1760 66 3
1760 414 3
1773 428 3
1788 341 3
1802 414 3
69 1867 4
111 1858 4
120 1851 4
135 1847 4
206 315 4
206 316 4
217 1795 4
271 1788 4
281 1699 4
312 1656 4
337 1648 4
361 1625 4
414 345 4
415 142 4
415 144 4
454 1618 4
469 1586 4
514 1539 4
553 1482 4
570 1481 4
580 1480 4
602 1479 4
611 1478 4
613 1477 4
619 1473 4
622 1471 4
649 66 4
649 131 4
651 341 4
691 1402 4
707 1345 4
725 1343 4
735 1342 4
741 1307 4
772 1279 4
864 1245 4
865 35 4
865 43 4
879 1189 4
934 1180 4
952 13 4
952 22 4
972 1126 4
974 1074 4
983 1051 4
989 2 4
989 11 4
1005 968 4
1009 811 4
1028 1851 4
1028 1867 4
1129 1788 4
1129 1847 4
1149 1402 4
1149 1656 4
1161 651 4
1161 709 4
1190 809 4
1243 754 4
1270 749 4
1298 723 4
1303 722 4
1332 721 4
1350 719 4
1398 710 4
1399 709 4
1410 669 4
1415 668 4
1441 667 4
1521 666 4
1522 665 4
1559 651 4
1626 616 4
1717 522 4
1717 535 4
1718 556 4
1729 535 4
1785 522 4
1811 66 4
1811 414 4
1818 468 4
1869 430 4
1870 428 4
1887 414 4
24 1867 5
38 1858 5
54 315 5
54 316 5
76 1851 5
78 1847 5
91 1795 5
102 1788 5
106 1699 5
114 1656 5
127 1648 5
188 1625 5
275 1618 5
346 1586 5
351 1539 5
369 1482 5
387 1481 5
404 142 5
404 144 5
419 1480 5
446 66 5
446 131 5
455 1479 5
517 1478 5
531 1477 5
536 1473 5
559 1471 5
561 1402 5
614 1345 5
643 1343 5
692 1342 5
693 1307 5
720 1279 5
794 1245 5
796 1189 5
799 1180 5
800 35 5
800 43 5
852 1126 5
891 1074 5
906 1051 5
988 968 5
1001 811 5
1002 13 5
1002 22 5
1044 809 5
1084 2 5
1084 11 5
1096 754 5
1110 749 5
1120 723 5
1137 722 5
1169 1851 5
1169 1867 5
1177 721 5
1193 719 5
1211 710 5
1249 709 5
1278 669 5
1293 668 5
1364 1788 5
1364 1847 5
1472 667 5
1518 666 5
1537 665 5
1566 651 5
1617 1402 5
1617 1656 5
1723 651 5
1723 709 5
1739 616 5
1752 522 5
1752 535 5
1801 556 5
1811 535 5
1815 522 5
1847 345 5
1850 468 5
1851 341 5
1855 430 5
1859 428 5
1862 414 5
1891 66 5
1891 414 5
39 315 6
39 316 6
62 1867 6
63 1858 6
78 142 6
78 144 6
102 1851 6
157 1847 6
182 1795 6
194 1788 6
215 1699 6
223 1656 6
395 66 6
395 131 6
440 1648 6
454 35 6
454 43 6
457 1625 6
477 1618 6
481 1586 6
505 1539 6
509 1482 6
522 345 6
528 1481 6
544 13 6
544 22 6
608 1480 6
642 1479 6
649 1478 6
725 1477 6
823 1473 6
858 1471 6
869 1402 6
904 1345 6
931 2 6
931 11 6
954 1343 6
1005 1342 6
1024 1307 6
1034 1279 6
1037 1245 6
1038 1189 6
1066 1180 6
1085 1126 6
1248 1074 6
1249 1051 6
1255 968 6
1261 811 6
1280 809 6
1297 754 6
1313 749 6
1332 723 6
1357 722 6
1373 1851 6
1373 1867 6
1375 1788 6
1375 1847 6
1396 721 6
1402 66 6
1402 414 6
1423 719 6
1453 710 6
1478 341 6
1505 1402 6
1505 1656 6
1526 709 6
1553 669 6
1567 651 6
1567 709 6
1570 668 6
1593 667 6
1628 666 6
1657 665 6
1706 651 6
1726 616 6
1737 556 6
1754 535 6
1761 522 6
1815 468 6
1821 522 6
1821 535 6
1825 430 6
1876 428 6
1887 414 6
