40 1863 0
40 1874 0
40 1878 0
60 1880 0
72 1878 0
96 1877 0
126 1078 0
126 1290 0
171 1874 0
248 1865 0
262 1361 0
262 1643 0
262 1791 0
264 867 0
264 968 0
377 767 0
377 772 0
378 772 0
378 968 0
378 1290 0
468 341 0
468 491 0
468 767 0
485 560 0
485 696 0
536 1864 0
566 1863 0
606 491 0
606 535 0
655 1878 0
655 0 0
655 26 0
686 1835 0
793 1791 0
1041 1780 0
1060 1712 0
1196 1643 0
1197 1623 0
1277 1564 0
1309 26 0
1309 341 0
1320 1542 0
1360 1478 0
1407 1477 0
1693 1476 0
1735 1361 0
1735 1643 0
1735 1863 0
1784 0 0
1784 26 0
1784 772 0
1820 1475 0
1831 1474 0
1839 1472 0
1840 1471 0
1879 0 0
1879 8 0
1883 1361 0
18 1078 1
18 1290 1
22 1880 1
190 1878 1
211 1877 1
266 1874 1
315 1865 1
374 1863 1
374 1874 1
374 1878 1
378 1864 1
414 1361 1
414 1643 1
414 1791 1
420 867 1
420 968 1
578 772 1
578 968 1
578 1290 1
610 1863 1
623 1835 1
641 767 1
641 772 1
695 1791 1
804 341 1
804 491 1
804 767 1
950 1780 1
1033 1712 1
1065 560 1
1065 696 1
1150 1643 1
1157 1878 1
1157 0 1
1157 26 1
1194 1623 1
1360 491 1
1360 535 1
1364 1564 1
1407 26 1
1407 341 1
1485 1542 1
1522 1478 1
1540 1361 1
1540 1643 1
1540 1863 1
1596 1477 1
1636 1476 1
1699 1475 1
1704 0 1
1704 8 1
1748 0 1
1748 26 1
1748 772 1
1755 1474 1
1783 1472 1
1822 1471 1
1864 1361 1
77 1863 2
77 1874 2
77 1878 2
246 1880 2
337 1078 2
337 1290 2
390 1878 2
412 1877 2
433 1874 2
501 867 2
501 968 2
547 1865 2
548 1864 2
615 1361 2
615 1643 2
615 1791 2
658 1863 2
728 1835 2
743 772 2
743 968 2
743 1290 2
744 341 2
744 491 2
744 767 2
928 1878 2
928 0 2
928 26 2
937 1791 2
947 767 2
947 772 2
986 1780 2
997 1712 2
1022 1643 2
1028 1623 2
1083 1564 2
1132 1542 2
1216 1478 2
1223 1477 2
1250 560 2
1250 696 2
1395 1476 2
1433 491 2
1433 535 2
1581 26 2
1581 341 2
1628 1475 2
1660 1474 2
1683 1472 2
1696 1471 2
1730 1361 2
1730 1643 2
1730 1863 2
1793 0 2
1793 8 2
1858 0 2
1858 26 2
1858 772 2
1886 1361 2
44 1880 3
120 1878 3
249 1078 3
249 1290 3
369 1877 3
411 1874 3
431 1863 3
431 1874 3
431 1878 3
435 867 3
435 968 3
444 1361 3
444 1643 3
444 1791 3
452 767 3
452 772 3
462 1865 3
507 560 3
507 696 3
564 1864 3
704 1863 3
739 1835 3
748 1791 3
778 772 3
778 968 3
778 1290 3
842 341 3
842 491 3
842 767 3
871 1780 3
915 1712 3
917 1643 3
930 1623 3
1046 491 3
1046 535 3
1241 1564 3
1262 1542 3
1276 1478 3
1430 26 3
1430 341 3
1489 1878 3
1489 0 3
1489 26 3
1510 1477 3
1521 1476 3
1596 1475 3
1623 0 3
1623 26 3
1623 772 3
1657 1474 3
1674 1472 3
1706 0 3
1706 8 3
1766 1361 3
1766 1643 3
1766 1863 3
1805 1471 3
1845 1361 3
94 1880 4
132 1078 4
132 1290 4
172 1863 4
172 1874 4
172 1878 4
204 1878 4
302 1877 4
314 1874 4
369 1865 4
412 867 4
412 968 4
424 1864 4
623 1863 4
638 1835 4
658 1791 4
666 1780 4
678 767 4
678 772 4
769 1712 4
802 560 4
802 696 4
822 491 4
822 535 4
899 1361 4
899 1643 4
899 1791 4
902 1643 4
966 26 4
966 341 4
1048 0 4
1048 8 4
1195 1623 4
1216 1564 4
1260 772 4
1260 968 4
1260 1290 4
1275 1542 4
1287 341 4
1287 491 4
1287 767 4
1347 1478 4
1383 1878 4
1383 0 4
1383 26 4
1428 1477 4
1585 1361 4
1585 1643 4
1585 1863 4
1610 1476 4
1619 1475 4
1664 1474 4
1795 1472 4
1800 1471 4
1823 0 4
1823 26 4
1823 772 4
1894 1361 4
13 1880 5
271 1878 5
277 1078 5
277 1290 5
288 1877 5
347 1874 5
384 867 5
384 968 5
458 1865 5
543 1864 5
549 767 5
549 772 5
591 1863 5
592 1835 5
620 1791 5
623 1780 5
763 1712 5
767 0 5
767 26 5
767 772 5
849 1643 5
891 560 5
891 696 5
1023 1623 5
1053 1564 5
1083 1542 5
1161 1863 5
1161 1874 5
1161 1878 5
1173 1478 5
1176 1477 5
1200 1361 5
1200 1643 5
1200 1791 5
1310 772 5
1310 968 5
1310 1290 5
1384 1476 5
1393 341 5
1393 491 5
1393 767 5
1434 1878 5
1434 0 5
1434 26 5
1469 1475 5
1484 491 5
1484 535 5
1529 1361 5
1529 1643 5
1529 1863 5
1578 26 5
1578 341 5
1670 1474 5
1701 0 5
1701 8 5
1754 1472 5
1825 1471 5
1891 1361 5
71 1078 6
71 1290 6
180 1880 6
277 1878 6
415 867 6
415 968 6
417 1877 6
425 1863 6
425 1874 6
425 1878 6
494 1874 6
553 1865 6
643 1864 6
663 1863 6
692 1835 6
813 1791 6
814 767 6
814 772 6
816 1780 6
882 1712 6
1031 1361 6
1031 1643 6
1031 1791 6
1034 560 6
1034 696 6
1064 1643 6
1131 491 6
1131 535 6
1156 1623 6
1206 26 6
1206 341 6
1218 1564 6
1249 772 6
1249 968 6
1249 1290 6
1298 1542 6
1302 1478 6
1349 341 6
1349 491 6
1349 767 6
1398 0 6
1398 8 6
1421 1477 6
1432 1476 6
1558 1475 6
1562 1474 6
1621 1878 6
1621 0 6
1621 26 6
1670 1472 6
1719 1471 6
1734 1361 6
1739 1361 6
1739 1643 6
1739 1863 6
1816 0 6
1816 26 6
1816 772 6
