0 1 0
2 5 0
2 4 0
2 3 0
3 4 0
3 56 0
4 5 0
6 8 0
6 7 0
7 8 0
9 16 0
9 15 0
9 13 0
9 12 0
9 11 0
9 10 0
9 14 0
10 11 0
10 13 0
10 34 0
10 33 0
11 16 0
11 15 0
11 13 0
11 12 0
11 14 0
12 16 0
12 15 0
12 13 0
12 14 0
13 16 0
13 15 0
13 14 0
14 16 0
14 15 0
15 16 0
16 53 0
16 34 0
17 19 0
17 18 0
18 19 0
18 35 0
19 45 0
20 23 0
20 22 0
20 21 0
21 22 0
21 31 0
21 32 0
22 50 0
22 31 0
22 43 0
22 32 0
24 26 0
24 25 0
26 58 0
26 55 0
26 57 0
27 28 0
27 29 0
27 30 0
28 30 0
28 44 0
28 29 0
29 30 0
30 40 0
30 49 0
30 44 0
32 51 0
32 50 0
33 34 0
34 53 0
35 36 0
37 40 0
37 39 0
37 38 0
38 44 0
39 54 0
40 49 0
41 43 0
41 42 0
42 46 0
45 48 0
45 47 0
45 46 0
46 48 0
46 47 0
47 48 0
52 53 0
54 55 0
57 58 0
1 12 1
1 65 1
1 64 1
2 59 1
3 59 1
3 85 1
3 63 1
3 75 1
3 62 1
3 84 1
3 33 1
3 8 1
3 61 1
4 69 1
4 5 1
5 69 1
6 66 1
6 61 1
8 75 1
8 62 1
8 33 1
8 61 1
10 31 1
10 58 1
17 40 1
17 37 1
17 31 1
17 67 1
19 74 1
21 29 1
24 69 1
25 79 1
25 80 1
25 46 1
28 86 1
31 67 1
31 83 1
31 58 1
31 82 1
33 75 1
33 59 1
35 46 1
35 78 1
40 84 1
45 64 1
46 80 1
47 72 1
47 51 1
57 68 1
57 61 1
59 75 1
59 85 1
60 63 1
60 62 1
60 61 1
61 62 1
61 63 1
61 66 1
62 75 1
62 85 1
62 63 1
63 84 1
64 65 1
70 71 1
70 72 1
70 73 1
71 77 1
71 76 1
71 73 1
71 72 1
72 76 1
72 77 1
72 73 1
75 85 1
76 77 1
79 80 1
81 83 1
81 82 1
82 83 1
0 51 2
2 89 2
2 88 2
2 12 2
2 59 2
3 129 2
3 63 2
3 130 2
3 59 2
3 8 2
3 31 2
6 121 2
6 24 2
6 120 2
6 62 2
8 59 2
10 80 2
10 111 2
10 104 2
10 114 2
10 68 2
10 112 2
10 31 2
12 59 2
24 138 2
24 121 2
24 120 2
24 119 2
25 87 2
25 107 2
28 115 2
28 100 2
28 29 2
28 98 2
28 99 2
28 91 2
31 68 2
31 71 2
31 111 2
31 104 2
31 80 2
31 113 2
31 114 2
31 112 2
35 123 2
35 94 2
35 124 2
35 95 2
35 70 2
40 63 2
40 60 2
51 105 2
59 88 2
59 75 2
60 63 2
61 122 2
63 129 2
68 80 2
68 131 2
68 111 2
69 109 2
69 108 2
70 95 2
70 94 2
80 111 2
81 126 2
81 125 2
81 127 2
81 128 2
86 102 2
86 103 2
86 101 2
88 89 2
90 92 2
90 91 2
90 93 2
91 93 2
91 92 2
91 115 2
92 93 2
94 95 2
96 97 2
98 100 2
98 99 2
99 100 2
99 106 2
101 104 2
101 103 2
101 102 2
102 103 2
103 104 2
104 133 2
104 114 2
104 112 2
106 130 2
106 135 2
108 109 2
108 110 2
109 110 2
111 132 2
112 114 2
113 114 2
114 134 2
114 133 2
116 118 2
116 117 2
117 118 2
120 121 2
121 136 2
121 137 2
123 124 2
125 128 2
125 127 2
125 126 2
126 128 2
126 127 2
127 128 2
133 134 2
136 137 2
1 115 3
1 24 3
2 107 3
2 137 3
2 109 3
2 89 3
10 31 3
12 109 3
14 31 3
14 103 3
24 115 3
24 148 3
25 131 3
25 69 3
28 98 3
29 31 3
31 111 3
31 132 3
31 103 3
35 94 3
35 143 3
35 124 3
60 96 3
61 146 3
61 150 3
61 97 3
62 151 3
62 115 3
68 120 3
68 141 3
68 110 3
69 139 3
69 123 3
69 141 3
69 140 3
69 131 3
69 110 3
70 73 3
70 94 3
70 149 3
73 94 3
73 143 3
73 76 3
76 143 3
81 94 3
86 92 3
89 109 3
90 121 3
91 93 3
91 115 3
92 93 3
92 147 3
93 147 3
94 124 3
101 102 3
101 103 3
102 152 3
102 103 3
106 147 3
106 153 3
106 135 3
108 141 3
108 140 3
108 139 3
110 123 3
110 141 3
110 120 3
110 146 3
111 155 3
111 132 3
119 144 3
120 141 3
122 142 3
124 143 3
125 145 3
125 132 3
132 145 3
135 147 3
138 148 3
139 141 3
139 140 3
140 141 3
146 150 3
147 153 3
150 154 3
1 60 4
2 88 4
2 137 4
2 89 4
2 12 4
10 166 4
10 31 4
12 122 4
12 137 4
12 89 4
12 154 4
12 60 4
14 15 4
14 24 4
14 68 4
15 24 4
15 68 4
24 140 4
24 68 4
28 92 4
28 29 4
28 90 4
28 93 4
29 155 4
29 31 4
29 102 4
29 103 4
31 102 4
35 94 4
35 149 4
60 121 4
61 154 4
61 158 4
62 151 4
62 115 4
64 156 4
64 68 4
64 124 4
64 157 4
68 157 4
68 124 4
68 156 4
69 141 4
69 120 4
70 94 4
88 137 4
88 108 4
89 137 4
90 92 4
90 115 4
90 91 4
90 151 4
90 93 4
91 115 4
91 167 4
91 93 4
92 163 4
92 93 4
94 165 4
94 149 4
95 124 4
97 159 4
98 164 4
101 102 4
103 155 4
106 135 4
108 110 4
111 145 4
111 114 4
111 112 4
112 114 4
115 151 4
121 148 4
121 138 4
122 154 4
122 142 4
123 165 4
123 148 4
123 156 4
123 149 4
124 157 4
124 156 4
138 166 4
138 148 4
139 140 4
148 165 4
149 156 4
150 158 4
154 158 4
156 157 4
160 162 4
160 161 4
161 162 4
2 88 5
2 137 5
2 89 5
10 155 5
10 31 5
12 149 5
12 124 5
21 168 5
28 62 5
28 91 5
29 171 5
29 101 5
29 121 5
29 170 5
29 102 5
29 152 5
29 103 5
62 91 5
69 110 5
69 120 5
69 140 5
70 123 5
70 94 5
70 165 5
88 137 5
92 147 5
92 169 5
94 155 5
94 95 5
95 155 5
97 109 5
97 162 5
97 160 5
101 152 5
101 103 5
102 152 5
102 103 5
103 152 5
106 122 5
106 150 5
106 135 5
107 109 5
108 110 5
111 114 5
111 112 5
112 114 5
115 151 5
119 142 5
120 140 5
121 148 5
122 150 5
122 154 5
123 148 5
123 165 5
123 138 5
124 149 5
138 148 5
139 140 5
147 169 5
150 154 5
157 172 5
160 162 5
170 171 5
2 89 6
2 107 6
12 143 6
12 68 6
14 106 6
14 61 6
21 174 6
21 175 6
28 106 6
29 170 6
31 166 6
61 106 6
62 177 6
69 110 6
69 108 6
88 137 6
89 107 6
94 95 6
94 121 6
94 124 6
95 124 6
97 160 6
97 162 6
102 152 6
108 110 6
112 114 6
112 173 6
114 173 6
115 177 6
119 142 6
120 140 6
120 141 6
121 138 6
149 165 6
149 176 6
160 162 6
174 175 6
10 183 7
10 184 7
12 185 7
21 110 7
21 175 7
21 24 7
24 175 7
24 110 7
28 179 7
31 184 7
60 160 7
60 181 7
60 162 7
60 182 7
88 92 7
88 89 7
89 92 7
101 112 7
106 142 7
108 120 7
110 165 7
110 175 7
115 180 7
120 140 7
121 138 7
124 178 7
146 181 7
160 181 7
160 162 7
162 181 7
169 180 7
169 179 7
179 180 7
181 182 7
183 184 7
12 188 8
21 192 8
21 88 8
21 186 8
21 108 8
28 92 8
28 142 8
28 179 8
28 189 8
28 61 8
29 170 8
29 165 8
29 181 8
60 191 8
60 192 8
61 191 8
61 181 8
88 192 8
94 197 8
94 184 8
106 194 8
106 160 8
106 193 8
106 179 8
106 189 8
107 186 8
107 192 8
107 195 8
107 181 8
108 140 8
108 186 8
112 187 8
115 121 8
115 170 8
115 181 8
140 186 8
142 186 8
142 179 8
143 198 8
143 176 8
152 180 8
160 193 8
160 162 8
160 194 8
179 189 8
179 190 8
180 190 8
181 186 8
181 191 8
184 197 8
185 198 8
188 196 8
192 195 8
193 194 8
12 211 9
12 185 9
12 110 9
12 188 9
12 214 9
12 215 9
12 195 9
12 216 9
12 213 9
12 92 9
12 21 9
21 92 9
21 215 9
21 216 9
21 209 9
21 230 9
21 110 9
21 231 9
21 188 9
21 210 9
21 213 9
28 106 9
28 223 9
28 221 9
28 179 9
28 61 9
28 169 9
61 179 9
61 221 9
61 227 9
61 224 9
61 222 9
88 231 9
88 230 9
88 110 9
88 192 9
92 214 9
92 215 9
92 195 9
92 216 9
92 188 9
92 212 9
92 176 9
92 211 9
92 185 9
92 208 9
92 209 9
92 210 9
92 213 9
106 224 9
106 234 9
106 223 9
106 191 9
106 169 9
107 238 9
110 231 9
110 215 9
110 230 9
110 188 9
110 216 9
112 199 9
112 225 9
112 226 9
112 201 9
112 200 9
112 180 9
121 211 9
140 170 9
140 186 9
142 202 9
142 203 9
142 190 9
142 204 9
142 170 9
142 205 9
142 169 9
143 237 9
152 239 9
160 194 9
160 217 9
160 206 9
160 207 9
160 229 9
165 213 9
169 223 9
169 190 9
170 204 9
170 186 9
170 203 9
170 235 9
170 205 9
176 212 9
176 208 9
179 221 9
179 222 9
179 223 9
179 224 9
180 225 9
180 226 9
180 201 9
180 200 9
185 195 9
185 211 9
185 214 9
185 213 9
186 231 9
186 190 9
186 206 9
188 215 9
188 210 9
188 209 9
188 216 9
190 231 9
190 230 9
191 203 9
192 195 9
192 230 9
192 218 9
192 219 9
192 217 9
192 220 9
194 229 9
195 214 9
195 230 9
195 211 9
195 213 9
197 226 9
199 200 9
199 201 9
200 201 9
200 225 9
201 225 9
201 228 9
202 204 9
202 203 9
202 205 9
203 204 9
203 235 9
203 205 9
204 235 9
204 205 9
205 235 9
206 207 9
208 212 9
209 215 9
209 216 9
209 210 9
210 215 9
210 216 9
211 214 9
211 213 9
213 214 9
214 230 9
215 216 9
217 218 9
217 220 9
217 219 9
218 219 9
218 220 9
219 233 9
219 232 9
219 220 9
220 233 9
220 232 9
221 224 9
221 222 9
222 224 9
222 227 9
224 234 9
224 227 9
225 226 9
230 231 9
232 233 9
236 237 9
12 190 10
12 245 10
60 195 10
60 192 10
60 220 10
61 179 10
61 160 10
88 106 10
88 192 10
92 242 10
92 249 10
92 191 10
106 238 10
106 207 10
106 192 10
106 191 10
107 238 10
110 231 10
110 230 10
112 244 10
112 180 10
143 258 10
143 257 10
152 264 10
152 261 10
152 263 10
169 256 10
169 255 10
170 266 10
176 248 10
187 197 10
187 246 10
187 244 10
187 247 10
190 245 10
191 242 10
191 240 10
191 207 10
191 238 10
192 195 10
192 220 10
195 259 10
195 230 10
195 231 10
195 220 10
197 247 10
207 267 10
217 232 10
217 228 10
218 219 10
227 265 10
228 232 10
230 259 10
230 231 10
231 259 10
240 243 10
240 242 10
240 241 10
241 243 10
244 260 10
244 247 10
244 261 10
246 265 10
247 260 10
247 261 10
250 252 10
250 251 10
251 252 10
253 254 10
254 262 10
255 256 10
257 258 10
260 261 10
261 263 10
261 264 10
263 264 10
12 188 11
60 230 11
60 220 11
60 192 11
60 88 11
60 195 11
61 269 11
61 285 11
88 192 11
88 231 11
88 301 11
88 230 11
88 220 11
88 303 11
106 283 11
106 282 11
107 320 11
107 319 11
107 321 11
107 318 11
121 324 11
121 327 11
121 325 11
121 207 11
121 191 11
121 290 11
152 297 11
152 298 11
152 287 11
152 299 11
152 294 11
160 266 11
160 268 11
169 308 11
169 309 11
169 307 11
169 310 11
169 306 11
170 260 11
170 261 11
170 297 11
170 298 11
176 190 11
176 191 11
179 269 11
179 274 11
179 275 11
179 276 11
179 277 11
190 248 11
190 289 11
190 191 11
190 323 11
190 288 11
191 287 11
191 207 11
191 324 11
191 325 11
191 260 11
191 290 11
192 230 11
192 231 11
192 220 11
195 217 11
207 325 11
207 324 11
207 282 11
212 326 11
217 259 11
218 232 11
218 219 11
219 232 11
220 305 11
220 304 11
220 230 11
220 303 11
220 301 11
220 302 11
220 300 11
230 304 11
230 231 11
230 301 11
230 302 11
230 305 11
230 303 11
230 300 11
231 303 11
242 252 11
242 329 11
245 323 11
246 287 11
246 270 11
246 272 11
246 317 11
246 268 11
246 273 11
248 323 11
252 329 11
252 292 11
252 291 11
253 271 11
253 270 11
253 286 11
253 284 11
253 285 11
255 311 11
259 296 11
259 295 11
260 261 11
260 287 11
261 322 11
261 297 11
266 268 11
268 269 11
268 270 11
268 271 11
268 272 11
268 273 11
269 276 11
269 285 11
269 271 11
269 272 11
270 272 11
270 286 11
270 284 11
270 285 11
270 273 11
271 286 11
271 272 11
271 273 11
272 273 11
274 275 11
275 281 11
275 280 11
278 279 11
278 280 11
279 280 11
280 281 11
282 283 11
283 312 11
284 286 11
284 285 11
285 286 11
287 299 11
287 297 11
287 298 11
287 317 11
288 289 11
291 292 11
293 294 11
294 297 11
294 315 11
295 296 11
297 298 11
297 315 11
297 299 11
298 299 11
300 301 11
300 303 11
300 304 11
300 305 11
300 302 11
301 304 11
301 302 11
301 305 11
301 303 11
302 304 11
302 305 11
302 303 11
303 304 11
303 305 11
304 305 11
306 309 11
306 307 11
306 308 11
306 310 11
307 308 11
307 309 11
307 310 11
308 310 11
308 309 11
309 310 11
311 313 11
311 312 11
312 313 11
314 315 11
314 316 11
315 316 11
318 319 11
318 320 11
318 321 11
319 320 11
319 321 11
320 321 11
324 328 11
324 325 11
329 330 11
12 336 12
61 311 12
61 352 12
61 359 12
61 351 12
107 320 12
107 220 12
107 335 12
107 228 12
121 292 12
176 245 12
176 327 12
176 350 12
176 356 12
176 354 12
176 349 12
195 360 12
195 358 12
195 357 12
219 318 12
219 360 12
219 220 12
219 320 12
220 360 12
220 318 12
220 320 12
220 335 12
220 228 12
228 337 12
228 340 12
228 335 12
228 320 12
228 321 12
228 341 12
228 339 12
242 364 12
245 356 12
245 354 12
252 369 12
256 352 12
256 311 12
260 321 12
260 345 12
260 344 12
276 361 12
276 363 12
276 362 12
276 351 12
279 353 12
279 351 12
293 343 12
293 297 12
295 362 12
297 343 12
301 318 12
301 347 12
306 348 12
306 351 12
311 352 12
311 351 12
318 360 12
318 347 12
318 320 12
320 360 12
320 335 12
321 339 12
321 341 12
321 340 12
321 337 12
323 350 12
323 349 12
327 366 12
331 332 12
333 334 12
337 342 12
337 341 12
337 340 12
337 339 12
337 338 12
338 342 12
338 340 12
339 341 12
339 340 12
340 341 12
344 345 12
346 347 12
349 350 12
350 354 12
351 352 12
351 353 12
353 365 12
354 356 12
354 355 12
357 358 12
361 363 12
361 362 12
362 363 12
367 370 12
367 368 12
367 369 12
368 370 12
368 369 12
369 370 12
219 228 13
228 360 13
242 323 13
252 374 13
252 375 13
252 373 13
292 383 13
292 382 13
292 381 13
292 379 13
292 380 13
306 388 13
306 389 13
306 390 13
320 378 13
336 371 13
342 384 13
342 385 13
345 351 13
351 376 13
351 377 13
365 372 13
373 375 13
379 383 13
380 382 13
380 381 13
381 382 13
384 385 13
386 387 13
61 416 14
61 415 14
61 414 14
219 431 14
228 431 14
242 457 14
242 400 14
252 461 14
252 425 14
252 424 14
256 351 14
256 395 14
256 417 14
256 418 14
256 419 14
256 392 14
260 295 14
260 411 14
279 365 14
279 362 14
279 280 14
280 365 14
280 362 14
292 383 14
292 331 14
292 434 14
292 426 14
292 424 14
292 381 14
293 374 14
293 351 14
295 453 14
295 454 14
295 411 14
306 391 14
311 401 14
311 403 14
311 402 14
311 442 14
311 351 14
320 360 14
320 456 14
323 445 14
323 446 14
323 409 14
323 444 14
331 383 14
331 464 14
331 381 14
335 360 14
335 465 14
338 341 14
341 365 14
341 447 14
341 342 14
341 384 14
342 365 14
342 447 14
345 430 14
345 361 14
345 362 14
345 359 14
345 363 14
347 412 14
347 460 14
347 360 14
351 448 14
351 402 14
353 455 14
353 442 14
353 377 14
354 410 14
354 409 14
354 407 14
354 404 14
354 405 14
354 406 14
354 408 14
355 397 14
359 430 14
359 362 14
359 361 14
359 363 14
360 412 14
360 456 14
360 465 14
361 430 14
361 362 14
361 363 14
362 430 14
362 365 14
362 363 14
363 430 14
365 447 14
366 420 14
366 421 14
366 422 14
366 423 14
377 455 14
377 396 14
378 449 14
378 393 14
378 396 14
378 394 14
378 392 14
381 383 14
383 426 14
383 424 14
386 443 14
389 452 14
392 393 14
392 394 14
392 395 14
392 396 14
393 396 14
393 394 14
394 396 14
398 399 14
398 400 14
399 400 14
399 445 14
399 409 14
400 457 14
401 402 14
401 403 14
402 448 14
402 403 14
404 405 14
404 410 14
405 410 14
406 407 14
406 409 14
406 408 14
407 408 14
407 409 14
408 409 14
409 445 14
409 444 14
409 446 14
411 412 14
411 413 14
412 413 14
414 415 14
414 416 14
415 416 14
417 418 14
417 419 14
418 419 14
420 421 14
420 422 14
420 423 14
421 422 14
421 439 14
421 423 14
422 423 14
423 438 14
423 439 14
424 425 14
424 426 14
427 428 14
427 429 14
428 429 14
432 436 14
432 433 14
432 434 14
432 435 14
433 435 14
433 441 14
433 436 14
433 434 14
433 437 14
433 440 14
434 435 14
434 436 14
435 441 14
435 436 14
435 440 14
438 439 14
440 441 14
444 446 14
444 445 14
445 446 14
450 451 14
453 454 14
458 459 14
462 463 14
121 422 15
252 488 15
256 419 15
256 442 15
256 474 15
256 473 15
256 403 15
256 418 15
260 469 15
260 468 15
279 430 15
279 467 15
279 345 15
279 475 15
279 361 15
279 495 15
279 344 15
280 351 15
292 435 15
292 477 15
292 476 15
293 394 15
293 475 15
295 453 15
295 468 15
306 484 15
306 483 15
311 401 15
320 490 15
320 493 15
320 491 15
320 492 15
323 334 15
338 454 15
341 447 15
342 485 15
344 467 15
344 345 15
344 430 15
344 361 15
345 467 15
345 430 15
345 361 15
351 494 15
351 353 15
353 455 15
353 392 15
361 467 15
361 430 15
392 455 15
394 475 15
401 416 15
404 405 15
405 438 15
405 482 15
406 407 15
406 465 15
406 408 15
406 481 15
407 465 15
407 481 15
407 408 15
409 479 15
414 470 15
414 415 15
415 470 15
418 442 15
418 473 15
418 474 15
418 419 15
419 442 15
419 473 15
419 474 15
420 496 15
427 478 15
429 486 15
430 467 15
435 477 15
435 476 15
438 482 15
439 489 15
441 488 15
442 474 15
442 473 15
453 454 15
453 468 15
454 469 15
454 468 15
462 466 15
465 481 15
468 469 15
471 472 15
473 474 15
475 495 15
475 480 15
476 477 15
481 487 15
490 491 15
490 493 15
490 492 15
491 493 15
491 492 15
492 493 15
497 498 15
252 488 16
256 353 16
292 503 16
320 530 16
331 516 16
334 405 16
334 438 16
335 339 16
342 532 16
351 416 16
351 525 16
351 402 16
351 514 16
351 401 16
357 399 16
359 524 16
359 526 16
366 422 16
366 405 16
382 404 16
382 522 16
399 444 16
401 416 16
401 514 16
402 501 16
404 522 16
404 500 16
405 438 16
405 422 16
409 444 16
412 465 16
416 514 16
419 508 16
419 506 16
419 507 16
422 520 16
424 426 16
427 428 16
432 499 16
438 502 16
441 521 16
443 472 16
446 534 16
446 488 16
454 491 16
454 529 16
460 515 16
484 527 16
488 534 16
491 528 16
491 492 16
492 528 16
492 530 16
492 531 16
504 505 16
506 507 16
506 508 16
507 508 16
509 510 16
509 511 16
510 511 16
512 513 16
517 518 16
517 519 16
518 519 16
519 525 16
523 526 16
523 525 16
523 524 16
524 525 16
524 526 16
525 526 16
529 533 16
530 531 16
256 543 17
256 419 17
256 542 17
320 546 17
334 438 17
334 405 17
339 409 17
348 353 17
354 407 17
354 410 17
354 408 17
357 398 17
357 446 17
366 422 17
366 516 17
382 404 17
382 503 17
382 522 17
398 446 17
399 544 17
401 514 17
401 525 17
401 416 17
404 503 17
404 522 17
405 438 17
407 410 17
407 408 17
408 410 17
416 514 17
419 508 17
419 507 17
432 441 17
432 499 17
438 472 17
441 499 17
443 515 17
443 460 17
443 472 17
450 510 17
454 529 17
460 472 17
503 522 17
507 508 17
509 510 17
514 525 17
515 536 17
517 539 17
523 524 17
524 526 17
532 535 17
537 538 17
540 541 17
542 545 17
542 543 17
543 545 17
547 548 17
320 431 18
320 546 18
320 537 18
334 422 18
334 366 18
334 357 18
335 409 18
339 557 18
339 409 18
339 556 18
353 518 18
357 446 18
366 422 18
367 541 18
367 427 18
381 437 18
382 500 18
394 450 18
394 509 18
394 510 18
409 557 18
410 462 18
410 549 18
420 533 18
427 555 18
431 529 18
431 546 18
450 509 18
450 510 18
454 491 18
460 558 18
460 536 18
460 515 18
462 549 18
462 466 18
464 552 18
465 557 18
472 552 18
472 488 18
488 552 18
504 553 18
509 510 18
515 536 18
515 529 18
518 542 18
521 552 18
523 526 18
523 524 18
524 526 18
524 554 18
526 554 18
529 546 18
529 533 18
536 558 18
537 550 18
537 551 18
550 551 18
551 556 18
320 431 19
320 546 19
320 556 19
331 575 19
331 562 19
331 552 19
335 409 19
339 557 19
339 465 19
339 460 19
353 553 19
353 566 19
353 564 19
353 518 19
353 510 19
357 446 19
366 521 19
366 559 19
366 580 19
366 379 19
367 576 19
367 427 19
367 450 19
370 555 19
370 427 19
370 576 19
370 374 19
374 576 19
379 437 19
379 583 19
379 559 19
380 574 19
380 552 19
381 574 19
381 573 19
394 563 19
394 510 19
394 504 19
394 509 19
394 450 19
400 561 19
400 560 19
400 515 19
400 500 19
409 557 19
419 514 19
419 578 19
419 577 19
420 555 19
420 533 19
420 570 19
425 427 19
427 450 19
427 555 19
431 556 19
431 546 19
431 537 19
437 583 19
437 559 19
446 460 19
450 509 19
450 576 19
454 533 19
454 571 19
454 561 19
460 551 19
460 557 19
460 465 19
460 561 19
460 536 19
465 557 19
500 515 19
500 560 19
504 563 19
504 553 19
504 581 19
504 510 19
508 566 19
508 585 19
508 584 19
509 510 19
510 566 19
510 563 19
514 526 19
514 554 19
514 578 19
515 561 19
515 560 19
518 567 19
518 566 19
518 565 19
518 563 19
518 553 19
518 564 19
521 580 19
523 579 19
523 524 19
523 554 19
524 579 19
524 554 19
526 554 19
526 578 19
533 571 19
533 570 19
533 555 19
533 561 19
537 569 19
537 568 19
543 585 19
543 586 19
546 556 19
547 582 19
552 562 19
552 574 19
552 575 19
553 581 19
553 555 19
553 564 19
554 579 19
565 566 19
565 567 19
566 585 19
566 584 19
566 567 19
568 569 19
572 573 19
573 574 19
577 578 19
584 585 19
585 586 19
320 537 20
320 624 20
320 638 20
331 521 20
331 574 20
354 400 20
354 602 20
355 465 20
357 400 20
357 602 20
357 610 20
357 608 20
357 609 20
366 606 20
366 607 20
367 576 20
367 635 20
367 593 20
367 374 20
367 427 20
370 374 20
370 378 20
370 424 20
374 576 20
374 593 20
374 604 20
374 427 20
374 424 20
376 627 20
376 458 20
376 614 20
376 379 20
376 609 20
378 572 20
379 609 20
380 613 20
380 572 20
380 574 20
381 573 20
394 611 20
394 612 20
394 565 20
394 450 20
394 510 20
400 602 20
410 602 20
410 620 20
425 623 20
425 576 20
425 622 20
425 606 20
425 552 20
427 576 20
427 593 20
431 598 20
431 599 20
446 582 20
458 614 20
466 594 20
466 557 20
508 566 20
508 600 20
510 565 20
510 625 20
510 566 20
518 605 20
518 566 20
518 604 20
518 619 20
518 621 20
521 574 20
524 568 20
524 626 20
526 636 20
533 570 20
533 634 20
536 603 20
537 624 20
552 622 20
552 572 20
552 575 20
552 623 20
552 606 20
552 601 20
557 594 20
561 596 20
561 603 20
561 595 20
565 612 20
565 566 20
565 611 20
566 605 20
566 604 20
568 626 20
568 597 20
572 613 20
572 575 20
572 601 20
572 574 20
574 613 20
574 614 20
575 601 20
576 593 20
581 628 20
582 630 20
584 629 20
584 585 20
584 637 20
585 629 20
587 588 20
587 589 20
587 590 20
587 591 20
587 592 20
587 593 20
588 589 20
588 592 20
588 593 20
588 591 20
588 590 20
589 593 20
589 591 20
589 592 20
589 590 20
590 592 20
590 591 20
590 593 20
591 592 20
591 593 20
592 593 20
595 596 20
598 599 20
602 620 20
604 605 20
605 621 20
606 622 20
606 607 20
606 623 20
608 609 20
608 610 20
609 610 20
611 612 20
615 616 20
615 617 20
615 618 20
616 618 20
617 618 20
622 623 20
631 632 20
631 633 20
632 633 20
314 660 21
314 367 21
314 653 21
320 686 21
320 694 21
320 638 21
354 677 21
357 640 21
357 679 21
357 680 21
357 657 21
357 446 21
357 671 21
357 639 21
367 374 21
367 581 21
374 581 21
381 572 21
394 650 21
394 510 21
394 651 21
394 652 21
394 653 21
394 655 21
394 654 21
400 689 21
410 648 21
410 649 21
410 630 21
410 645 21
446 680 21
446 679 21
508 674 21
508 673 21
508 514 21
508 570 21
508 672 21
508 676 21
510 514 21
510 615 21
510 567 21
510 653 21
514 674 21
514 533 21
514 673 21
514 615 21
514 567 21
514 672 21
523 688 21
523 524 21
524 688 21
533 584 21
533 577 21
533 570 21
533 676 21
537 678 21
561 637 21
561 647 21
561 603 21
567 615 21
568 678 21
570 676 21
570 584 21
572 652 21
572 670 21
572 669 21
573 643 21
577 584 21
581 686 21
581 628 21
581 635 21
581 637 21
581 590 21
587 639 21
587 606 21
587 640 21
587 592 21
590 635 21
592 606 21
606 640 21
606 639 21
612 654 21
612 651 21
613 642 21
613 643 21
613 641 21
615 658 21
615 659 21
616 646 21
624 638 21
624 695 21
629 691 21
629 682 21
630 645 21
630 648 21
630 649 21
635 686 21
635 637 21
636 666 21
636 667 21
636 668 21
636 665 21
637 686 21
637 687 21
638 695 21
639 641 21
639 640 21
639 671 21
640 641 21
641 642 21
641 643 21
642 675 21
642 643 21
642 671 21
644 645 21
645 648 21
645 649 21
648 649 21
650 655 21
650 652 21
650 654 21
650 651 21
651 652 21
651 654 21
651 655 21
652 655 21
652 654 21
652 670 21
652 669 21
653 660 21
656 657 21
658 659 21
661 662 21
661 663 21
661 664 21
662 663 21
662 664 21
663 664 21
665 666 21
665 668 21
665 667 21
666 667 21
666 668 21
667 668 21
669 670 21
671 675 21
672 674 21
672 673 21
673 674 21
679 680 21
680 690 21
681 682 21
682 691 21
683 684 21
683 685 21
684 685 21
692 693 21
314 746 22
314 747 22
314 670 22
314 367 22
320 688 22
320 717 22
320 716 22
320 701 22
354 410 22
357 745 22
357 743 22
357 561 22
357 734 22
357 719 22
357 649 22
357 647 22
367 747 22
367 746 22
394 720 22
400 743 22
400 745 22
431 751 22
431 750 22
431 752 22
458 732 22
508 725 22
508 726 22
508 723 22
514 737 22
514 725 22
514 704 22
514 722 22
561 711 22
561 697 22
561 710 22
561 581 22
561 647 22
568 700 22
568 707 22
568 710 22
568 682 22
568 701 22
568 597 22
568 706 22
568 708 22
572 573 22
572 670 22
572 705 22
575 744 22
575 592 22
578 629 22
578 709 22
578 753 22
581 728 22
581 742 22
581 673 22
581 711 22
592 744 22
597 700 22
597 701 22
616 702 22
616 704 22
616 703 22
629 709 22
629 753 22
629 674 22
629 706 22
654 721 22
654 722 22
670 705 22
673 709 22
673 674 22
673 742 22
673 711 22
674 709 22
680 754 22
680 689 22
680 736 22
680 735 22
682 742 22
682 707 22
682 708 22
689 754 22
689 736 22
689 735 22
691 740 22
691 741 22
691 738 22
693 731 22
696 697 22
696 698 22
696 699 22
697 728 22
697 710 22
697 698 22
697 727 22
697 699 22
698 728 22
698 699 22
698 727 22
700 755 22
700 756 22
700 701 22
701 717 22
701 716 22
702 704 22
702 703 22
703 704 22
706 707 22
706 708 22
706 709 22
707 708 22
708 742 22
709 753 22
711 728 22
711 742 22
712 713 22
712 714 22
712 715 22
713 714 22
713 715 22
714 715 22
716 717 22
718 719 22
719 743 22
720 747 22
720 746 22
721 722 22
722 725 22
722 737 22
723 724 22
723 725 22
723 726 22
724 725 22
724 726 22
725 737 22
725 726 22
727 728 22
729 730 22
733 734 22
734 736 22
734 745 22
734 735 22
735 736 22
738 740 22
738 741 22
738 739 22
740 741 22
743 745 22
746 747 22
748 749 22
750 752 22
750 751 22
751 752 22
755 756 22
757 758 22
357 729 23
357 680 23
357 781 23
357 734 23
357 779 23
357 778 23
357 777 23
357 780 23
357 745 23
357 735 23
367 795 23
458 789 23
458 719 23
523 707 23
523 792 23
575 606 23
575 801 23
581 775 23
581 697 23
581 776 23
581 802 23
581 782 23
590 761 23
592 790 23
606 613 23
606 793 23
606 794 23
606 803 23
613 790 23
628 795 23
628 782 23
647 788 23
649 772 23
649 769 23
649 680 23
649 770 23
673 791 23
680 773 23
680 772 23
680 771 23
680 770 23
680 769 23
697 766 23
697 737 23
697 728 23
697 733 23
705 764 23
706 765 23
707 792 23
707 796 23
712 715 23
712 713 23
713 715 23
714 715 23
716 751 23
716 755 23
716 797 23
716 796 23
719 789 23
728 766 23
728 776 23
728 775 23
728 733 23
728 774 23
729 745 23
729 781 23
729 780 23
729 779 23
729 778 23
729 777 23
733 766 23
734 743 23
734 735 23
735 736 23
735 788 23
736 788 23
737 791 23
738 783 23
745 781 23
745 779 23
745 778 23
745 777 23
745 780 23
749 796 23
751 796 23
751 797 23
752 799 23
752 797 23
759 760 23
762 763 23
763 800 23
767 768 23
769 786 23
769 784 23
769 772 23
769 785 23
769 787 23
769 770 23
769 773 23
770 772 23
771 773 23
773 784 23
773 785 23
773 786 23
773 787 23
774 776 23
774 775 23
775 776 23
777 779 23
777 778 23
777 781 23
777 780 23
778 779 23
778 781 23
778 780 23
779 781 23
779 780 23
780 781 23
784 787 23
784 786 23
784 785 23
785 786 23
785 787 23
786 787 23
787 798 23
793 794 23
796 797 23
797 799 23
578 821 24
578 820 24
578 822 24
647 810 24
680 718 24
680 787 24
691 809 24
691 807 24
691 808 24
706 714 24
707 812 24
712 715 24
712 819 24
712 713 24
713 819 24
713 715 24
715 819 24
718 787 24
728 775 24
728 776 24
747 761 24
754 811 24
754 813 24
755 799 24
763 818 24
763 816 24
763 814 24
769 787 24
775 776 24
775 810 24
776 810 24
777 782 24
785 798 24
785 786 24
786 798 24
804 805 24
804 806 24
806 815 24
807 809 24
807 808 24
808 809 24
816 817 24
816 818 24
820 822 24
820 821 24
821 822 24
823 824 24
825 826 24
826 829 24
826 828 24
826 827 24
827 829 24
827 828 24
828 829 24
830 831 24
314 817 25
673 844 25
674 761 25
680 769 25
680 842 25
680 787 25
697 848 25
697 775 25
697 774 25
697 859 25
697 856 25
706 707 25
706 851 25
707 851 25
709 820 25
728 775 25
735 838 25
735 743 25
736 775 25
736 858 25
736 857 25
743 838 25
743 777 25
747 852 25
751 755 25
751 756 25
751 839 25
752 826 25
752 854 25
755 839 25
755 756 25
756 839 25
761 837 25
761 836 25
761 782 25
761 766 25
766 782 25
766 836 25
770 861 25
770 787 25
774 775 25
775 858 25
775 857 25
775 776 25
776 835 25
777 838 25
777 831 25
782 795 25
782 836 25
787 840 25
787 842 25
787 841 25
795 836 25
800 853 25
802 834 25
802 833 25
802 832 25
803 831 25
805 814 25
812 844 25
812 843 25
814 815 25
814 850 25
815 850 25
819 863 25
819 862 25
823 858 25
826 854 25
832 848 25
832 833 25
832 847 25
832 849 25
838 860 25
840 841 25
843 844 25
845 846 25
847 849 25
848 859 25
848 849 25
851 866 25
855 856 25
857 858 25
862 863 25
864 865 25
314 875 26
314 837 26
354 831 26
354 874 26
354 803 26
673 709 26
674 707 26
674 873 26
674 812 26
680 735 26
680 785 26
697 836 26
697 872 26
706 866 26
706 851 26
706 867 26
707 873 26
707 869 26
707 868 26
707 812 26
709 820 26
709 847 26
709 868 26
714 819 26
714 863 26
728 836 26
728 751 26
728 776 26
728 775 26
735 864 26
735 871 26
743 870 26
751 836 26
752 862 26
752 828 26
755 808 26
755 839 26
755 867 26
755 807 26
761 869 26
761 812 26
763 877 26
763 850 26
763 876 26
763 815 26
766 844 26
775 776 26
777 855 26
777 838 26
777 878 26
786 864 26
786 787 26
800 815 26
803 875 26
807 867 26
807 808 26
808 867 26
812 873 26
812 868 26
815 850 26
819 863 26
820 868 26
825 862 26
826 839 26
828 862 26
831 874 26
832 844 26
832 848 26
832 869 26
833 851 26
833 848 26
836 858 26
836 872 26
837 847 26
838 860 26
838 879 26
844 869 26
844 848 26
848 869 26
850 877 26
851 866 26
851 867 26
855 878 26
858 860 26
858 881 26
860 881 26
860 879 26
864 871 26
870 874 26
870 882 26
874 882 26
880 881 26
314 878 27
314 847 27
673 674 27
673 709 27
697 872 27
697 836 27
706 867 27
706 891 27
707 812 27
728 775 27
728 776 27
728 836 27
735 736 27
751 755 27
751 854 27
752 826 27
752 863 27
755 854 27
759 890 27
761 895 27
761 766 27
763 883 27
763 882 27
763 850 27
768 853 27
768 884 27
775 836 27
777 838 27
786 897 27
786 865 27
787 798 27
787 887 27
798 887 27
802 844 27
802 851 27
802 812 27
803 850 27
803 875 27
807 826 27
817 875 27
817 847 27
820 893 27
826 863 27
831 874 27
831 896 27
831 882 27
836 872 27
836 878 27
839 894 27
844 848 27
844 851 27
848 851 27
850 875 27
850 882 27
853 884 27
855 878 27
857 858 27
864 871 27
865 871 27
865 897 27
867 891 27
873 895 27
874 883 27
876 885 27
876 888 27
876 886 27
882 896 27
885 886 27
887 892 27
889 890 27
706 900 28
706 866 28
728 756 28
728 807 28
743 777 28
743 871 28
743 787 28
756 799 28
763 803 28
763 850 28
763 884 28
763 863 28
777 838 28
787 871 28
797 851 28
803 851 28
803 863 28
803 884 28
803 850 28
807 833 28
812 901 28
812 822 28
817 851 28
817 863 28
817 905 28
820 822 28
820 904 28
822 904 28
833 901 28
845 890 28
845 902 28
845 903 28
850 907 28
850 863 28
850 884 28
853 884 28
863 884 28
864 887 28
866 900 28
886 906 28
886 907 28
890 902 28
898 899 28
901 911 28
903 910 28
906 907 28
908 909 28
911 912 28
777 838 29
777 817 29
807 866 29
817 851 29
817 833 29
833 851 29
833 908 29
866 916 29
885 909 29
885 915 29
885 906 29
890 918 29
890 899 29
899 910 29
908 909 29
908 913 29
909 920 29
910 914 29
911 912 29
912 921 29
912 916 29
917 918 29
917 919 29
918 919 29
777 838 30
817 833 30
817 885 30
833 866 30
866 923 30
866 922 30
899 919 30
899 908 30
911 912 30
911 916 30
912 916 30
916 923 30
917 919 30
817 885 31
866 922 31
899 917 31
777 908 32
777 817 32
777 924 32
817 885 32
817 908 32
777 927 33
925 926 33
928 929 33
925 930 34
927 931 34
925 930 35
925 926 35
925 932 35
926 932 35
925 933 36
934 935 36
929 938 37
936 937 37
936 937 38
938 941 39
939 940 39
936 939 40
936 965 40
936 966 40
936 957 40
938 941 40
939 957 40
942 943 40
943 958 40
944 945 40
944 946 40
945 946 40
945 961 40
946 961 40
947 948 40
949 950 40
951 952 40
953 954 40
955 956 40
959 960 40
962 963 40
963 964 40
930 949 41
930 983 41
930 981 41
931 972 41
931 971 41
931 970 41
931 969 41
931 936 41
931 968 41
931 967 41
936 972 41
936 969 41
936 971 41
936 968 41
936 967 41
936 984 41
939 987 41
944 976 41
944 975 41
944 974 41
944 947 41
944 973 41
946 1009 41
946 1006 41
946 1004 41
946 1003 41
946 957 41
947 978 41
947 977 41
948 977 41
948 966 41
948 1005 41
948 978 41
949 982 41
949 981 41
949 980 41
949 979 41
952 987 41
957 1001 41
957 1004 41
957 1003 41
957 1002 41
957 1000 41
965 1002 41
965 1003 41
966 978 41
966 977 41
967 969 41
967 968 41
967 971 41
968 969 41
968 971 41
969 971 41
970 1009 41
973 975 41
974 1007 41
976 1009 41
977 978 41
977 1005 41
978 1005 41
979 981 41
979 982 41
979 980 41
979 995 41
980 981 41
981 995 41
982 1008 41
984 985 41
984 986 41
985 986 41
985 996 41
986 996 41
987 988 41
989 991 41
989 990 41
992 994 41
992 993 41
993 994 41
994 998 41
994 999 41
996 1012 41
997 998 41
998 999 41
1000 1002 41
1000 1001 41
1001 1002 41
1002 1003 41
1003 1004 41
1010 1011 41
930 983 42
930 949 42
931 968 42
931 1014 42
931 998 42
942 1016 42
942 1015 42
942 1017 42
947 1013 42
947 998 42
949 1020 42
949 1019 42
949 1005 42
949 1018 42
949 981 42
962 1046 42
962 1051 42
962 1020 42
962 1047 42
962 1045 42
965 1054 42
965 1038 42
966 1050 42
967 1023 42
967 981 42
968 1014 42
972 1055 42
972 1023 42
976 1051 42
976 1049 42
976 1011 42
976 1027 42
981 1023 42
981 1021 42
981 1005 42
981 1018 42
983 1053 42
983 1008 42
983 1018 42
985 1026 42
985 986 42
985 1025 42
986 1026 42
986 1025 42
997 1005 42
997 1018 42
997 1028 42
998 1030 42
998 1014 42
998 1022 42
998 1054 42
998 1048 42
998 1029 42
998 999 42
999 1029 42
999 1030 42
1005 1018 42
1005 1028 42
1008 1038 42
1008 1024 42
1008 1033 42
1008 1032 42
1008 1052 42
1011 1051 42
1011 1049 42
1014 1054 42
1014 1030 42
1015 1017 42
1015 1016 42
1016 1017 42
1016 1042 42
1018 1053 42
1018 1022 42
1018 1021 42
1018 1028 42
1020 1046 42
1020 1047 42
1020 1045 42
1021 1022 42
1022 1048 42
1022 1030 42
1023 1024 42
1024 1038 42
1024 1035 42
1024 1034 42
1024 1033 42
1024 1032 42
1024 1036 42
1024 1031 42
1025 1026 42
1029 1030 42
1030 1054 42
1030 1048 42
1031 1033 42
1031 1034 42
1031 1032 42
1031 1036 42
1031 1035 42
1032 1033 42
1032 1052 42
1032 1035 42
1032 1034 42
1032 1036 42
1033 1052 42
1033 1035 42
1033 1034 42
1033 1036 42
1034 1035 42
1034 1036 42
1035 1038 42
1035 1036 42
1037 1038 42
1038 1039 42
1039 1040 42
1041 1044 42
1041 1043 42
1041 1042 42
1043 1056 42
1045 1047 42
1045 1046 42
1046 1047 42
1055 1056 42
930 1063 43
930 1033 43
930 1064 43
930 980 43
930 1008 43
930 1065 43
930 1066 43
930 958 43
947 1079 43
947 1018 43
947 1085 43
958 1033 43
958 1063 43
958 1008 43
962 1116 43
962 1046 43
962 1088 43
965 1024 43
965 1038 43
972 1076 43
972 1040 43
972 1056 43
976 1109 43
976 1104 43
976 1022 43
980 983 43
980 1005 43
980 1053 43
981 1005 43
981 1038 43
982 1111 43
983 1005 43
983 1053 43
985 1080 43
985 1025 43
993 1088 43
993 1090 43
993 1091 43
993 1089 43
999 1083 43
999 1018 43
999 1005 43
999 1079 43
999 1029 43
999 1085 43
999 1108 43
999 1081 43
999 1082 43
1005 1083 43
1005 1053 43
1005 1117 43
1005 1018 43
1005 1079 43
1005 1085 43
1005 1081 43
1005 1082 43
1005 1038 43
1006 1098 43
1006 1097 43
1008 1033 43
1008 1065 43
1008 1063 43
1008 1064 43
1008 1066 43
1011 1113 43
1011 1115 43
1011 1114 43
1015 1080 43
1017 1110 43
1018 1083 43
1018 1085 43
1018 1050 43
1018 1081 43
1018 1082 43
1022 1050 43
1022 1109 43
1024 1100 43
1024 1099 43
1024 1038 43
1029 1085 43
1032 1076 43
1032 1095 43
1032 1111 43
1032 1074 43
1032 1073 43
1032 1072 43
1032 1092 43
1032 1071 43
1033 1063 43
1038 1100 43
1038 1072 43
1038 1070 43
1038 1074 43
1038 1069 43
1038 1063 43
1038 1099 43
1038 1073 43
1038 1071 43
1038 1058 43
1040 1076 43
1040 1056 43
1041 1056 43
1046 1112 43
1046 1088 43
1049 1103 43
1049 1101 43
1049 1051 43
1049 1104 43
1050 1098 43
1050 1118 43
1050 1097 43
1053 1108 43
1056 1075 43
1056 1076 43
1057 1058 43
1057 1059 43
1057 1060 43
1057 1061 43
1057 1062 43
1058 1061 43
1058 1062 43
1058 1060 43
1058 1059 43
1059 1061 43
1059 1062 43
1059 1060 43
1060 1061 43
1060 1062 43
1061 1062 43
1063 1069 43
1064 1065 43
1064 1066 43
1065 1066 43
1067 1068 43
1068 1107 43
1070 1074 43
1070 1071 43
1070 1072 43
1070 1073 43
1071 1072 43
1071 1074 43
1072 1074 43
1073 1099 43
1073 1074 43
1073 1076 43
1073 1092 43
1076 1094 43
1076 1096 43
1076 1092 43
1077 1078 43
1077 1079 43
1078 1079 43
1079 1085 43
1081 1082 43
1081 1083 43
1081 1084 43
1081 1085 43
1082 1083 43
1082 1085 43
1083 1085 43
1086 1087 43
1088 1090 43
1088 1089 43
1088 1091 43
1089 1090 43
1090 1091 43
1092 1093 43
1092 1094 43
1092 1095 43
1092 1096 43
1094 1096 43
1095 1111 43
1097 1098 43
1099 1100 43
1099 1106 43
1099 1105 43
1101 1102 43
1101 1103 43
1101 1104 43
1102 1103 43
1105 1106 43
1113 1114 43
1113 1115 43
1114 1115 43
947 980 44
947 983 44
972 1056 44
976 1046 44
976 1127 44
976 1011 44
976 1102 44
980 983 44
983 1081 44
983 1133 44
993 1129 44
993 1029 44
1008 1121 44
1008 1128 44
1008 1032 44
1011 1102 44
1011 1132 44
1011 1115 44
1017 1124 44
1022 1050 44
1022 1046 44
1025 1095 44
1032 1063 44
1032 1126 44
1032 1093 44
1041 1056 44
1041 1130 44
1041 1119 44
1046 1050 44
1050 1060 44
1050 1127 44
1050 1059 44
1060 1131 44
1067 1123 44
1067 1122 44
1079 1081 44
1115 1132 44
1120 1121 44
1122 1123 44
1124 1125 44
946 1116 45
946 1173 45
972 1161 45
972 1146 45
976 1177 45
976 1169 45
983 1176 45
983 1154 45
1011 1159 45
1011 1180 45
1011 1182 45
1011 1181 45
1011 1158 45
1011 1149 45
1011 1115 45
1017 1175 45
1017 1125 45
1017 1124 45
1017 1174 45
1022 1046 45
1029 1150 45
1029 1079 45
1029 1151 45
1041 1060 45
1041 1132 45
1041 1149 45
1041 1148 45
1041 1147 45
1041 1076 45
1041 1146 45
1046 1151 45
1046 1081 45
1046 1150 45
1056 1104 45
1056 1115 45
1056 1093 45
1056 1161 45
1056 1157 45
1056 1080 45
1056 1162 45
1056 1060 45
1057 1081 45
1059 1179 45
1060 1147 45
1060 1104 45
1060 1161 45
1060 1148 45
1063 1165 45
1063 1070 45
1063 1069 45
1067 1138 45
1067 1068 45
1067 1139 45
1068 1139 45
1068 1138 45
1069 1070 45
1069 1134 45
1076 1147 45
1079 1150 45
1080 1162 45
1080 1111 45
1080 1093 45
1081 1150 45
1081 1153 45
1081 1154 45
1091 1164 45
1093 1134 45
1093 1162 45
1093 1095 45
1095 1134 45
1104 1161 45
1104 1136 45
1104 1137 45
1110 1124 45
1115 1157 45
1115 1158 45
1115 1149 45
1115 1159 45
1124 1132 45
1124 1174 45
1124 1148 45
1124 1125 45
1125 1132 45
1125 1148 45
1125 1174 45
1125 1152 45
1126 1163 45
1126 1162 45
1127 1178 45
1127 1177 45
1127 1135 45
1132 1148 45
1132 1174 45
1132 1146 45
1133 1171 45
1133 1170 45
1133 1172 45
1134 1165 45
1135 1136 45
1135 1137 45
1136 1137 45
1138 1139 45
1139 1142 45
1139 1140 45
1139 1143 45
1140 1143 45
1140 1141 45
1140 1142 45
1141 1142 45
1142 1143 45
1144 1145 45
1146 1161 45
1147 1148 45
1148 1174 45
1149 1159 45
1149 1182 45
1149 1158 45
1150 1167 45
1150 1166 45
1150 1168 45
1150 1153 45
1153 1168 45
1153 1154 45
1153 1166 45
1153 1167 45
1155 1156 45
1156 1160 45
1158 1159 45
1162 1163 45
1166 1167 45
1166 1168 45
1167 1168 45
1170 1171 45
1170 1172 45
1171 1172 45
1174 1175 45
1177 1178 45
1180 1181 45
960 1174 46
960 1175 46
972 1184 46
972 1183 46
976 1104 46
980 1203 46
983 1121 46
983 1203 46
983 1213 46
1011 1181 46
1011 1180 46
1011 1149 46
1011 1041 46
1022 1214 46
1029 1164 46
1029 1188 46
1029 1205 46
1029 1189 46
1041 1157 46
1041 1193 46
1041 1060 46
1041 1152 46
1041 1132 46
1041 1148 46
1041 1174 46
1046 1067 46
1046 1208 46
1056 1207 46
1056 1190 46
1056 1146 46
1056 1076 46
1057 1135 46
1057 1185 46
1060 1201 46
1060 1193 46
1060 1149 46
1060 1076 46
1063 1070 46
1063 1069 46
1068 1142 46
1068 1139 46
1068 1143 46
1069 1070 46
1076 1146 46
1076 1193 46
1076 1201 46
1076 1149 46
1079 1205 46
1080 1124 46
1080 1125 46
1093 1190 46
1093 1146 46
1093 1191 46
1093 1192 46
1093 1144 46
1093 1134 46
1095 1193 46
1102 1178 46
1102 1182 46
1102 1104 46
1104 1136 46
1110 1125 46
1111 1162 46
1116 1199 46
1116 1198 46
1116 1197 46
1121 1203 46
1124 1125 46
1127 1199 46
1127 1156 46
1131 1152 46
1132 1148 46
1132 1174 46
1132 1152 46
1133 1172 46
1134 1191 46
1134 1192 46
1134 1146 46
1134 1209 46
1135 1185 46
1139 1143 46
1139 1142 46
1142 1143 46
1144 1192 46
1144 1190 46
1144 1191 46
1144 1146 46
1145 1184 46
1146 1192 46
1146 1190 46
1146 1191 46
1147 1195 46
1147 1193 46
1147 1194 46
1148 1174 46
1148 1152 46
1149 1201 46
1149 1193 46
1150 1199 46
1150 1198 46
1150 1200 46
1150 1196 46
1150 1197 46
1152 1174 46
1153 1210 46
1156 1185 46
1156 1206 46
1156 1199 46
1156 1169 46
1157 1193 46
1157 1182 46
1163 1202 46
1164 1188 46
1164 1187 46
1164 1205 46
1164 1186 46
1164 1189 46
1169 1206 46
1169 1185 46
1174 1175 46
1178 1182 46
1180 1181 46
1183 1184 46
1185 1206 46
1186 1187 46
1186 1188 46
1186 1189 46
1187 1188 46
1187 1189 46
1188 1189 46
1189 1205 46
1189 1204 46
1190 1192 46
1190 1191 46
1190 1207 46
1191 1192 46
1193 1201 46
1193 1195 46
1193 1194 46
1194 1195 46
1196 1198 46
1196 1197 46
1196 1199 46
1196 1200 46
1197 1199 46
1197 1198 46
1197 1200 46
1198 1199 46
1198 1200 46
1199 1200 46
1211 1212 46
1215 1216 46
960 1237 47
960 1184 47
1011 1159 47
1022 1083 47
1022 1046 47
1022 1233 47
1046 1083 47
1046 1233 47
1060 1147 47
1063 1069 47
1064 1172 47
1064 1203 47
1064 1239 47
1067 1173 47
1067 1169 47
1067 1068 47
1076 1146 47
1079 1234 47
1079 1153 47
1083 1233 47
1093 1191 47
1093 1190 47
1095 1193 47
1121 1128 47
1124 1125 47
1124 1174 47
1125 1174 47
1133 1171 47
1133 1172 47
1133 1170 47
1134 1209 47
1134 1190 47
1135 1218 47
1135 1185 47
1135 1217 47
1136 1137 47
1139 1143 47
1139 1142 47
1142 1143 47
1145 1207 47
1148 1238 47
1148 1193 47
1152 1193 47
1153 1228 47
1153 1234 47
1153 1227 47
1153 1226 47
1155 1224 47
1155 1208 47
1155 1225 47
1156 1185 47
1156 1206 47
1162 1223 47
1163 1202 47
1169 1173 47
1170 1172 47
1170 1171 47
1171 1172 47
1172 1203 47
1172 1239 47
1175 1238 47
1175 1240 47
1178 1181 47
1180 1230 47
1183 1211 47
1183 1219 47
1184 1237 47
1185 1206 47
1185 1218 47
1185 1217 47
1186 1189 47
1186 1205 47
1187 1205 47
1187 1189 47
1189 1205 47
1190 1191 47
1195 1201 47
1195 1216 47
1198 1218 47
1198 1199 47
1198 1200 47
1199 1200 47
1199 1218 47
1200 1218 47
1203 1239 47
1208 1225 47
1208 1224 47
1210 1236 47
1210 1235 47
1211 1219 47
1217 1218 47
1220 1222 47
1220 1221 47
1221 1222 47
1224 1232 47
1224 1225 47
1224 1231 47
1226 1227 47
1226 1228 47
1227 1228 47
1229 1230 47
1231 1232 47
1235 1236 47
1238 1240 47
972 1076 48
980 1243 48
1011 1182 48
1011 1137 48
1022 1083 48
1041 1159 48
1060 1160 48
1063 1069 48
1070 1242 48
1081 1183 48
1081 1231 48
1081 1155 48
1081 1224 48
1095 1147 48
1095 1144 48
1102 1178 48
1102 1136 48
1102 1137 48
1102 1143 48
1121 1128 48
1124 1125 48
1124 1248 48
1125 1248 48
1127 1199 48
1127 1241 48
1127 1185 48
1127 1135 48
1133 1170 48
1133 1172 48
1133 1171 48
1134 1247 48
1134 1192 48
1134 1191 48
1134 1246 48
1135 1241 48
1135 1199 48
1135 1185 48
1136 1178 48
1136 1137 48
1137 1182 48
1137 1178 48
1139 1142 48
1139 1143 48
1142 1143 48
1143 1178 48
1144 1147 48
1145 1184 48
1145 1207 48
1148 1240 48
1148 1175 48
1154 1213 48
1154 1249 48
1155 1231 48
1155 1183 48
1155 1224 48
1156 1206 48
1158 1159 48
1158 1250 48
1159 1250 48
1170 1172 48
1170 1171 48
1171 1172 48
1175 1240 48
1183 1224 48
1183 1231 48
1183 1210 48
1183 1219 48
1185 1199 48
1185 1241 48
1187 1210 48
1187 1205 48
1187 1244 48
1187 1189 48
1189 1205 48
1189 1244 48
1191 1192 48
1191 1247 48
1192 1247 48
1194 1216 48
1194 1201 48
1197 1200 48
1197 1199 48
1199 1200 48
1199 1241 48
1201 1216 48
1205 1244 48
1213 1249 48
1221 1222 48
1224 1231 48
1226 1245 48
1226 1227 48
1226 1234 48
1227 1245 48
980 1243 49
1022 1083 49
1041 1095 49
1067 1142 49
1067 1143 49
1070 1242 49
1079 1228 49
1081 1189 49
1081 1187 49
1127 1135 49
1128 1252 49
1128 1243 49
1128 1207 49
1134 1255 49
1134 1246 49
1137 1250 49
1142 1178 49
1142 1143 49
1153 1251 49
1153 1228 49
1156 1206 49
1187 1204 49
1187 1189 49
1195 1216 49
1207 1243 49
1253 1254 49
972 1145 50
980 1261 50
980 1243 50
1022 1083 50
1067 1173 50
1070 1234 50
1070 1207 50
1070 1184 50
1070 1213 50
1079 1189 50
1079 1228 50
1081 1187 50
1083 1199 50
1095 1266 50
1095 1268 50
1095 1267 50
1111 1134 50
1111 1126 50
1124 1146 50
1126 1134 50
1126 1254 50
1126 1258 50
1128 1252 50
1128 1253 50
1137 1156 50
1137 1250 50
1137 1206 50
1142 1143 50
1145 1195 50
1146 1248 50
1156 1206 50
1169 1257 50
1171 1242 50
1171 1245 50
1173 1206 50
1184 1209 50
1184 1207 50
1189 1211 50
1189 1244 50
1194 1216 50
1194 1249 50
1201 1260 50
1207 1209 50
1213 1234 50
1235 1251 50
1242 1245 50
1243 1261 50
1243 1259 50
1245 1269 50
1246 1255 50
1246 1248 50
1248 1255 50
1249 1256 50
1251 1262 50
1252 1253 50
1254 1258 50
1261 1265 50
1263 1264 50
1266 1267 50
980 1243 51
1022 1206 51
1022 1156 51
1022 1195 51
1067 1257 51
1067 1195 51
1070 1234 51
1070 1242 51
1079 1251 51
1095 1279 51
1095 1178 51
1095 1274 51
1111 1134 51
1111 1126 51
1111 1280 51
1124 1276 51
1124 1246 51
1126 1134 51
1126 1280 51
1128 1273 51
1128 1253 51
1134 1281 51
1134 1280 51
1142 1173 51
1142 1143 51
1143 1173 51
1154 1234 51
1154 1194 51
1156 1257 51
1156 1195 51
1178 1266 51
1178 1274 51
1178 1279 51
1178 1268 51
1178 1250 51
1178 1275 51
1186 1200 51
1189 1251 51
1189 1235 51
1189 1270 51
1189 1211 51
1194 1234 51
1199 1200 51
1209 1278 51
1228 1277 51
1234 1242 51
1234 1245 51
1234 1262 51
1234 1269 51
1235 1271 51
1235 1270 51
1242 1269 51
1242 1262 51
1242 1245 51
1243 1252 51
1243 1254 51
1243 1258 51
1243 1278 51
1245 1272 51
1245 1262 51
1245 1269 51
1246 1276 51
1248 1259 51
1250 1274 51
1250 1275 51
1254 1278 51
1254 1258 51
1256 1262 51
1258 1278 51
1262 1269 51
1262 1272 51
1266 1268 51
1269 1272 51
1270 1271 51
1274 1279 51
1274 1275 51
1280 1281 51
1022 1200 52
1022 1156 52
1156 1286 52
1187 1271 52
1187 1270 52
1187 1282 52
1235 1262 52
1235 1283 52
1252 1285 52
1262 1270 52
1262 1269 52
1262 1283 52
1270 1282 52
1270 1271 52
1271 1282 52
1276 1284 52
1280 1284 52
1022 1156 53
1022 1292 53
1156 1306 53
1156 1266 53
1156 1310 53
1156 1292 53
1200 1282 53
1200 1292 53
1235 1283 53
1235 1270 53
1243 1269 53
1262 1304 53
1262 1301 53
1266 1291 53
1270 1283 53
1271 1305 53
1276 1299 53
1276 1289 53
1276 1294 53
1282 1292 53
1284 1301 53
1284 1300 53
1287 1289 53
1287 1288 53
1288 1289 53
1288 1296 53
1289 1296 53
1290 1291 53
1293 1294 53
1293 1295 53
1294 1295 53
1297 1298 53
1299 1309 53
1302 1303 53
1305 1306 53
1307 1308 53
1022 1336 54
1156 1292 54
1156 1311 54
1235 1270 54
1235 1314 54
1252 1316 54
1252 1319 54
1252 1315 54
1253 1271 54
1262 1331 54
1262 1332 54
1269 1315 54
1276 1333 54
1276 1301 54
1283 1330 54
1283 1329 54
1284 1301 54
1284 1334 54
1284 1328 54
1287 1313 54
1288 1296 54
1288 1323 54
1292 1311 54
1293 1321 54
1294 1295 54
1296 1310 54
1296 1327 54
1296 1323 54
1301 1334 54
1309 1313 54
1310 1313 54
1311 1312 54
1312 1335 54
1312 1336 54
1313 1337 54
1315 1316 54
1315 1317 54
1315 1318 54
1315 1319 54
1315 1321 54
1315 1320 54
1316 1319 54
1317 1318 54
1317 1321 54
1317 1320 54
1318 1321 54
1318 1320 54
1320 1322 54
1320 1321 54
1324 1326 54
1324 1325 54
1325 1326 54
1329 1330 54
1331 1332 54
1335 1338 54
1022 1290 55
1022 1376 55
1217 1339 55
1235 1379 55
1235 1382 55
1253 1320 55
1271 1306 55
1271 1355 55
1271 1387 55
1271 1334 55
1276 1309 55
1276 1375 55
1276 1357 55
1283 1356 55
1283 1368 55
1287 1309 55
1287 1371 55
1291 1313 55
1293 1365 55
1293 1372 55
1293 1352 55
1293 1312 55
1293 1363 55
1295 1384 55
1295 1371 55
1296 1323 55
1296 1310 55
1296 1327 55
1296 1350 55
1296 1349 55
1305 1345 55
1305 1340 55
1305 1347 55
1306 1355 55
1306 1334 55
1309 1362 55
1309 1371 55
1309 1357 55
1309 1359 55
1310 1350 55
1310 1383 55
1312 1372 55
1312 1338 55
1312 1385 55
1313 1358 55
1315 1344 55
1316 1318 55
1316 1320 55
1318 1320 55
1322 1356 55
1322 1325 55
1322 1329 55
1323 1349 55
1324 1355 55
1325 1356 55
1325 1329 55
1326 1329 55
1326 1330 55
1326 1354 55
1328 1341 55
1328 1340 55
1329 1330 55
1329 1356 55
1330 1334 55
1332 1389 55
1334 1355 55
1334 1387 55
1335 1338 55
1335 1363 55
1338 1372 55
1338 1363 55
1339 1342 55
1340 1341 55
1342 1343 55
1345 1348 55
1345 1347 55
1345 1346 55
1346 1348 55
1346 1373 55
1346 1374 55
1350 1377 55
1351 1353 55
1351 1352 55
1352 1353 55
1352 1367 55
1353 1367 55
1354 1355 55
1359 1360 55
1359 1362 55
1359 1361 55
1360 1361 55
1360 1386 55
1363 1366 55
1363 1365 55
1363 1364 55
1364 1366 55
1364 1388 55
1366 1381 55
1369 1370 55
1371 1384 55
1373 1374 55
1377 1385 55
1378 1379 55
1378 1380 55
1379 1380 55
1379 1382 55
1022 1416 56
1022 1415 56
1022 1399 56
1262 1329 56
1262 1370 56
1262 1412 56
1262 1397 56
1271 1355 56
1276 1309 56
1276 1295 56
1287 1402 56
1287 1401 56
1288 1327 56
1288 1410 56
1288 1411 56
1291 1365 56
1293 1363 56
1293 1334 56
1295 1309 56
1296 1310 56
1296 1383 56
1305 1409 56
1305 1348 56
1305 1346 56
1306 1347 56
1306 1417 56
1306 1408 56
1309 1360 56
1309 1418 56
1309 1414 56
1310 1350 56
1310 1383 56
1310 1323 56
1312 1422 56
1312 1376 56
1316 1320 56
1320 1355 56
1320 1408 56
1323 1350 56
1324 1354 56
1326 1354 56
1326 1369 56
1328 1362 56
1328 1421 56
1329 1370 56
1329 1356 56
1329 1396 56
1329 1330 56
1329 1397 56
1330 1356 56
1330 1396 56
1330 1397 56
1330 1395 56
1335 1404 56
1345 1398 56
1345 1374 56
1346 1348 56
1346 1409 56
1347 1417 56
1347 1348 56
1347 1408 56
1348 1409 56
1348 1417 56
1350 1391 56
1350 1377 56
1354 1361 56
1354 1406 56
1356 1396 56
1356 1397 56
1357 1401 56
1360 1409 56
1360 1420 56
1360 1414 56
1361 1406 56
1361 1365 56
1362 1421 56
1366 1419 56
1366 1410 56
1368 1407 56
1370 1397 56
1371 1418 56
1371 1384 56
1371 1421 56
1374 1398 56
1376 1416 56
1377 1391 56
1378 1403 56
1384 1421 56
1384 1398 56
1389 1413 56
1389 1412 56
1390 1392 56
1390 1391 56
1391 1392 56
1393 1395 56
1393 1394 56
1394 1395 56
1396 1397 56
1399 1400 56
1403 1405 56
1403 1404 56
1409 1414 56
1410 1419 56
1410 1411 56
1412 1413 56
1414 1418 56
1415 1416 56
1022 1416 57
1022 1312 57
1022 1428 57
1022 1372 57
1276 1309 57
1276 1362 57
1288 1371 57
1288 1366 57
1290 1441 57
1290 1431 57
1290 1368 57
1290 1399 57
1291 1365 57
1296 1310 57
1296 1427 57
1296 1323 57
1296 1404 57
1305 1346 57
1306 1440 57
1306 1320 57
1306 1347 57
1309 1362 57
1309 1431 57
1309 1384 57
1309 1418 57
1309 1414 57
1309 1436 57
1310 1404 57
1310 1427 57
1310 1323 57
1312 1372 57
1312 1416 57
1312 1432 57
1312 1438 57
1315 1425 57
1315 1424 57
1315 1426 57
1320 1348 57
1320 1347 57
1320 1417 57
1320 1354 57
1323 1427 57
1323 1404 57
1324 1408 57
1326 1440 57
1326 1370 57
1326 1329 57
1328 1384 57
1328 1421 57
1329 1370 57
1329 1434 57
1330 1368 57
1330 1413 57
1330 1431 57
1330 1407 57
1334 1440 57
1334 1361 57
1335 1404 57
1341 1398 57
1341 1346 57
1341 1345 57
1345 1398 57
1345 1346 57
1346 1398 57
1346 1354 57
1347 1417 57
1348 1417 57
1350 1391 57
1355 1420 57
1355 1408 57
1357 1433 57
1357 1360 57
1360 1420 57
1360 1437 57
1361 1437 57
1362 1439 57
1362 1414 57
1362 1409 57
1362 1436 57
1366 1371 57
1366 1404 57
1368 1431 57
1370 1434 57
1371 1435 57
1372 1416 57
1380 1429 57
1380 1443 57
1384 1431 57
1384 1421 57
1389 1412 57
1390 1423 57
1395 1403 57
1399 1428 57
1403 1430 57
1403 1429 57
1403 1405 57
1404 1427 57
1405 1429 57
1407 1434 57
1407 1413 57
1407 1431 57
1409 1439 57
1413 1431 57
1414 1418 57
1414 1436 57
1416 1428 57
1418 1436 57
1420 1437 57
1421 1442 57
1424 1425 57
1424 1426 57
1425 1426 57
1429 1443 57
1022 1455 58
1291 1437 58
1291 1365 58
1291 1360 58
1305 1306 58
1305 1320 58
1306 1425 58
1306 1320 58
1306 1347 58
1309 1446 58
1309 1362 58
1309 1447 58
1309 1418 58
1310 1350 58
1310 1323 58
1312 1428 58
1315 1448 58
1315 1322 58
1316 1322 58
1316 1449 58
1320 1347 58
1320 1348 58
1322 1449 58
1323 1350 58
1323 1453 58
1323 1327 58
1323 1410 58
1327 1459 58
1327 1410 58
1327 1453 58
1329 1354 58
1329 1408 58
1329 1370 58
1330 1332 58
1330 1368 58
1332 1368 58
1347 1348 58
1347 1425 58
1350 1391 58
1350 1445 58
1354 1355 58
1354 1408 58
1357 1401 58
1360 1437 58
1360 1457 58
1362 1420 58
1362 1418 58
1365 1437 58
1368 1460 58
1368 1395 58
1372 1455 58
1372 1416 58
1372 1400 58
1372 1430 58
1372 1454 58
1384 1398 58
1391 1445 58
1395 1460 58
1400 1416 58
1400 1430 58
1403 1430 58
1403 1458 58
1403 1423 58
1403 1432 58
1410 1459 58
1413 1452 58
1414 1436 58
1414 1433 58
1414 1439 58
1416 1430 58
1416 1428 58
1420 1457 58
1423 1432 58
1423 1458 58
1423 1430 58
1423 1462 58
1425 1449 58
1430 1458 58
1430 1432 58
1432 1456 58
1432 1458 58
1432 1454 58
1433 1447 58
1433 1435 58
1435 1461 58
1436 1439 58
1438 1444 58
1438 1445 58
1444 1445 58
1446 1447 58
1448 1463 58
1450 1452 58
1450 1451 58
1451 1452 58
1454 1456 58
1454 1455 58
1022 1403 59
1022 1471 59
1022 1405 59
1315 1329 59
1315 1370 59
1316 1470 59
1316 1319 59
1316 1449 59
1319 1470 59
1319 1463 59
1319 1449 59
1320 1324 59
1320 1417 59
1320 1355 59
1320 1347 59
1324 1355 59
1324 1417 59
1324 1347 59
1324 1467 59
1327 1357 59
1328 1421 59
1328 1362 59
1329 1370 59
1330 1465 59
1330 1332 59
1330 1452 59
1330 1413 59
1332 1413 59
1334 1400 59
1347 1417 59
1355 1362 59
1355 1439 59
1357 1414 59
1357 1447 59
1357 1439 59
1357 1401 59
1362 1439 59
1362 1464 59
1362 1421 59
1368 1472 59
1368 1460 59
1370 1460 59
1370 1407 59
1372 1455 59
1372 1416 59
1372 1400 59
1391 1469 59
1393 1466 59
1400 1416 59
1401 1447 59
1403 1471 59
1407 1460 59
1413 1465 59
1413 1452 59
1414 1439 59
1414 1420 59
1417 1464 59
1420 1468 59
1420 1439 59
1432 1444 59
1449 1465 59
1452 1465 59
1463 1470 59
1467 1468 59
1473 1474 59
1319 1478 60
1319 1479 60
1327 1447 60
1327 1477 60
1328 1362 60
1328 1464 60
1332 1447 60
1334 1455 60
1334 1407 60
1348 1476 60
1348 1355 60
1355 1467 60
1362 1464 60
1368 1395 60
1391 1454 60
1393 1475 60
1395 1407 60
1416 1420 60
1420 1455 60
1420 1432 60
1432 1454 60
1454 1455 60
1478 1479 60
