0 1 0
6 7 0
10 34 0
11 15 0
11 13 0
11 12 0
13 14 0
17 18 0
18 35 0
20 21 0
22 50 0
22 31 0
24 1471 0
26 58 0
29 646 0
30 40 0
33 567 0
37 40 0
37 39 0
38 44 0
41 43 0
45 48 0
45 47 0
46 47 0
50 325 0
70 955 0
80 1108 0
83 589 0
83 1400 0
85 720 0
98 1300 0
103 1078 0
106 541 0
115 1046 0
125 583 0
153 256 0
154 644 0
174 672 0
191 818 0
202 411 0
210 1339 0
210 1396 0
214 965 0
223 830 0
262 452 0
273 1469 0
281 1397 0
289 426 0
295 1049 0
301 494 0
301 1422 0
349 917 0
361 455 0
367 1285 0
388 916 0
390 1263 0
431 810 0
475 1428 0
496 1390 0
534 1189 0
536 1236 0
603 1301 0
606 918 0
612 909 0
617 1167 0
625 1382 0
637 1076 0
652 1173 0
657 1408 0
668 676 0
700 1331 0
713 1024 0
720 1408 0
723 1007 0
726 1374 0
729 831 0
730 1143 0
744 1168 0
762 1309 0
783 1290 0
786 1194 0
808 1443 0
881 1314 0
895 1290 0
938 1416 0
951 1394 0
1009 1196 0
1010 1441 0
1049 1088 0
1085 1145 0
1102 1212 0
1124 1298 0
1143 1404 0
1193 1258 0
1200 1243 0
1360 1428 0
1369 1464 0
1 12 1
1 65 1
1 64 1
3 8 1
10 31 1
14 1123 1
19 74 1
25 46 1
31 83 1
31 58 1
33 75 1
40 84 1
47 72 1
57 61 1
60 814 1
61 66 1
62 75 1
70 71 1
72 73 1
74 172 1
81 82 1
104 1184 1
114 915 1
130 766 1
132 213 1
144 328 1
162 1437 1
170 457 1
173 304 1
184 425 1
212 1475 1
215 1328 1
221 404 1
231 1144 1
265 559 1
271 838 1
295 1191 1
304 1351 1
309 1043 1
313 932 1
316 412 1
365 508 1
391 555 1
393 816 1
399 441 1
408 1202 1
412 1055 1
447 474 1
447 718 1
520 1434 1
537 1240 1
540 913 1
546 682 1
547 1288 1
552 585 1
553 1406 1
654 778 1
674 1384 1
722 767 1
725 1293 1
745 1325 1
746 983 1
750 959 1
793 1150 1
795 1357 1
817 1322 1
818 1286 1
825 894 1
837 1079 1
901 1185 1
908 1415 1
910 1323 1
964 1010 1
984 1165 1
1075 1229 1
1083 1405 1
1140 1354 1
1142 1390 1
1209 1421 1
1269 1415 1
1340 1475 1
1385 1429 1
2 59 2
6 62 2
10 112 2
10 31 2
11 956 2
23 1020 2
24 138 2
28 100 2
28 29 2
28 99 2
31 71 2
31 112 2
47 1295 2
56 936 2
59 75 2
61 122 2
62 1290 2
63 129 2
66 237 2
67 1235 2
68 99 2
69 108 2
73 493 2
81 126 2
87 1251 2
88 89 2
91 93 2
101 103 2
104 133 2
109 110 2
112 114 2
114 134 2
114 133 2
116 118 2
122 437 2
126 128 2
126 127 2
127 128 2
136 137 2
148 254 2
159 1376 2
161 1286 2
168 595 2
176 1453 2
180 457 2
188 367 2
221 984 2
253 429 2
253 869 2
260 1037 2
262 1028 2
264 1374 2
265 450 2
288 658 2
290 806 2
293 1176 2
293 398 2
304 766 2
326 429 2
334 607 2
336 1435 2
349 1120 2
351 829 2
388 781 2
396 1202 2
398 1389 2
410 1039 2
433 851 2
449 1180 2
460 546 2
466 750 2
471 1261 2
480 1312 2
488 1293 2
509 1160 2
509 1437 2
510 1195 2
526 1222 2
569 1085 2
586 1391 2
587 1355 2
618 694 2
629 683 2
632 1380 2
635 671 2
650 1086 2
652 1039 2
656 1252 2
689 1171 2
706 1000 2
719 818 2
727 1291 2
728 1198 2
787 1128 2
794 1342 2
804 1429 2
810 1001 2
823 1129 2
853 871 2
861 1257 2
882 1365 2
931 1347 2
991 1195 2
1066 1283 2
1082 1391 2
1095 1439 2
1095 1452 2
1120 1450 2
1152 1169 2
1157 1406 2
1176 1460 2
1206 1216 2
1210 1383 2
1219 1269 2
1234 1461 2
1 24 3
2 137 3
17 357 3
23 477 3
25 131 3
25 69 3
29 31 3
32 682 3
35 124 3
44 1216 3
48 1243 3
53 918 3
60 96 3
76 143 3
81 94 3
90 121 3
90 143 3
91 93 3
92 1122 3
96 318 3
97 851 3
101 102 3
101 294 3
108 141 3
110 141 3
110 120 3
114 1431 3
125 145 3
139 140 3
150 572 3
151 373 3
189 1017 3
207 706 3
215 933 3
236 1294 3
239 1051 3
249 1095 3
282 1049 3
295 1386 3
296 313 3
301 1039 3
331 479 3
343 1185 3
362 574 3
377 1156 3
390 902 3
395 1123 3
405 1349 3
408 1417 3
415 718 3
423 671 3
437 1223 3
448 551 3
456 536 3
464 1307 3
469 776 3
489 641 3
492 1154 3
502 514 3
525 1423 3
547 1226 3
556 978 3
557 1160 3
558 899 3
559 1333 3
566 587 3
569 1378 3
619 1264 3
644 1001 3
659 1382 3
661 908 3
665 837 3
669 1026 3
708 976 3
711 865 3
983 1414 3
994 1178 3
1000 1403 3
1054 1230 3
1077 1440 3
1085 1372 3
1099 1350 3
1231 1238 3
1353 1468 3
2 12 4
5 1325 4
12 137 4
12 810 4
24 140 4
29 155 4
35 94 4
43 1308 4
53 973 4
61 154 4
62 151 4
66 587 4
67 1126 4
69 141 4
69 120 4
89 137 4
92 93 4
98 164 4
100 1018 4
103 155 4
108 110 4
109 1273 4
111 114 4
122 154 4
122 142 4
139 627 4
139 141 4
148 165 4
149 829 4
156 157 4
160 162 4
169 1377 4
170 1136 4
179 1108 4
200 731 4
205 711 4
213 802 4
225 737 4
227 1461 4
235 813 4
237 796 4
242 1179 4
276 1208 4
284 1141 4
287 624 4
291 871 4
317 1243 4
328 716 4
334 1136 4
334 1447 4
340 901 4
352 905 4
353 1415 4
378 702 4
396 540 4
397 1079 4
432 554 4
505 1060 4
508 952 4
519 800 4
526 1322 4
540 1391 4
542 1312 4
564 975 4
585 938 4
614 1350 4
622 1092 4
627 990 4
647 1190 4
661 865 4
689 897 4
716 1333 4
744 1334 4
755 1185 4
775 944 4
798 1399 4
804 1218 4
815 1061 4
821 1000 4
824 1036 4
834 1364 4
864 1148 4
865 974 4
880 1367 4
919 1123 4
920 1302 4
927 1089 4
931 1187 4
957 1367 4
981 1145 4
1009 1287 4
1045 1377 4
1130 1207 4
1166 1325 4
1271 1397 4
1285 1343 4
1302 1370 4
1360 1436 4
8 501 5
12 124 5
29 170 5
30 848 5
47 808 5
55 230 5
62 91 5
70 1130 5
79 220 5
92 147 5
92 421 5
106 135 5
107 109 5
111 112 5
121 805 5
123 148 5
123 165 5
130 926 5
152 870 5
155 705 5
158 1091 5
162 684 5
173 773 5
200 1331 5
201 1056 5
207 689 5
210 958 5
229 1455 5
241 1333 5
253 1143 5
254 1000 5
255 311 5
275 1009 5
282 742 5
326 1318 5
348 1475 5
349 1313 5
396 865 5
432 1275 5
447 1190 5
452 612 5
547 1196 5
592 975 5
593 975 5
593 746 5
615 1271 5
620 1182 5
629 703 5
654 719 5
661 829 5
696 923 5
704 1302 5
717 915 5
739 873 5
751 1460 5
805 1324 5
827 1424 5
834 1240 5
863 1005 5
952 1348 5
983 1123 5
1102 1336 5
1117 1124 5
1123 1419 5
1144 1231 5
1202 1473 5
21 175 6
27 626 6
31 166 6
62 1291 6
70 1300 6
84 1404 6
112 114 6
124 719 6
126 1194 6
141 1029 6
215 602 6
237 699 6
314 926 6
320 660 6
331 1276 6
348 946 6
504 605 6
529 1218 6
619 1061 6
647 702 6
679 751 6
681 702 6
685 850 6
743 1042 6
749 1019 6
791 1217 6
834 1458 6
896 1356 6
897 1091 6
1146 1271 6
1174 1473 6
15 1276 7
32 1204 7
60 162 7
63 760 7
139 1275 7
140 691 7
143 1285 7
146 181 7
158 487 7
266 1238 7
363 818 7
380 1384 7
390 518 7
455 865 7
523 912 7
548 653 7
568 1155 7
1018 1121 7
1086 1313 7
1127 1273 7
1134 1319 7
1140 1322 7
1144 1277 7
1151 1470 7
8 1214 8
12 188 8
14 533 8
21 192 8
21 108 8
24 428 8
29 165 8
33 459 8
62 1353 8
77 468 8
78 869 8
93 1284 8
94 638 8
107 192 8
112 187 8
115 121 8
128 674 8
140 186 8
143 176 8
176 709 8
180 190 8
180 757 8
182 1316 8
188 196 8
201 655 8
222 845 8
224 314 8
235 840 8
241 572 8
245 658 8
264 924 8
265 576 8
269 669 8
278 505 8
283 1237 8
296 343 8
330 419 8
340 464 8
342 354 8
394 825 8
407 493 8
422 569 8
464 1261 8
470 861 8
509 1060 8
534 1465 8
568 790 8
589 1092 8
666 980 8
683 1179 8
742 1037 8
763 791 8
809 1103 8
911 1123 8
1033 1392 8
1073 1128 8
1169 1390 8
12 188 9
12 215 9
12 213 9
12 21 9
21 92 9
21 209 9
21 230 9
21 210 9
25 722 9
28 221 9
28 61 9
28 169 9
28 857 9
37 644 9
42 1171 9
46 1211 9
49 935 9
53 141 9
59 200 9
61 179 9
61 221 9
61 227 9
69 508 9
72 558 9
72 270 9
88 110 9
88 192 9
92 215 9
92 176 9
92 208 9
92 209 9
98 467 9
106 223 9
106 169 9
109 403 9
110 188 9
111 396 9
112 226 9
112 201 9
113 482 9
116 422 9
123 750 9
142 203 9
142 190 9
146 1118 9
152 239 9
164 951 9
166 1175 9
166 1231 9
169 190 9
170 186 9
170 205 9
176 208 9
178 585 9
179 223 9
179 224 9
179 1379 9
180 226 9
180 201 9
180 200 9
181 1338 9
184 198 9
184 556 9
186 231 9
188 638 9
188 349 9
190 230 9
191 1334 9
192 230 9
192 219 9
192 220 9
194 229 9
195 1252 9
197 226 9
197 1064 9
199 200 9
199 525 9
200 1010 9
201 225 9
201 228 9
203 204 9
203 235 9
204 235 9
204 205 9
209 216 9
209 387 9
211 214 9
213 214 9
213 681 9
214 230 9
215 216 9
216 864 9
217 220 9
218 220 9
219 232 9
219 220 9
220 233 9
221 222 9
222 227 9
223 554 9
224 234 9
224 227 9
234 1015 9
242 919 9
247 432 9
250 1077 9
268 607 9
275 534 9
276 1379 9
285 458 9
288 1152 9
298 1344 9
305 806 9
318 1144 9
322 1182 9
322 621 9
327 370 9
330 1057 9
330 409 9
331 339 9
338 1281 9
340 1322 9
341 643 9
347 918 9
352 1383 9
356 1281 9
361 680 9
368 1345 9
376 1254 9
391 824 9
394 701 9
418 1359 9
418 540 9
421 1307 9
429 986 9
437 447 9
437 768 9
437 1204 9
468 1180 9
469 922 9
475 978 9
476 615 9
484 1043 9
490 988 9
491 1403 9
492 519 9
505 761 9
512 1214 9
518 665 9
522 813 9
553 1462 9
555 1206 9
558 963 9
576 815 9
583 1383 9
590 630 9
591 1230 9
591 857 9
616 1240 9
617 1017 9
617 785 9
622 1177 9
660 1223 9
675 1406 9
773 929 9
800 841 9
805 1423 9
809 864 9
810 959 9
864 1440 9
873 981 9
920 1350 9
921 973 9
937 1268 9
950 1082 9
969 1040 9
982 983 9
983 1204 9
1026 1111 9
1030 1242 9
1042 1120 9
1049 1161 9
1051 1341 9
1117 1195 9
1133 1229 9
1134 1239 9
1142 1341 9
1143 1320 9
1162 1361 9
1176 1193 9
1185 1418 9
1192 1248 9
1194 1453 9
1313 1381 9
1313 1433 9
11 906 10
26 1286 10
42 627 10
52 1366 10
60 192 10
61 179 10
67 438 10
70 443 10
80 651 10
88 106 10
94 276 10
99 1164 10
106 238 10
106 192 10
106 191 10
112 180 10
141 513 10
143 258 10
158 936 10
167 290 10
169 256 10
174 661 10
176 248 10
217 228 10
219 1184 10
231 259 10
240 241 10
242 519 10
250 251 10
257 258 10
274 1134 10
303 506 10
308 794 10
337 849 10
374 733 10
376 733 10
394 808 10
408 1332 10
416 811 10
432 1394 10
457 1035 10
468 1011 10
487 1025 10
533 992 10
565 1202 10
584 1229 10
596 1472 10
599 840 10
652 1209 10
659 889 10
688 1270 10
705 1165 10
720 778 10
736 881 10
786 907 10
869 1047 10
882 1131 10
895 1047 10
911 1350 10
924 1148 10
939 1165 10
946 1393 10
946 1463 10
998 1423 10
1037 1086 10
1085 1403 10
1125 1416 10
1218 1222 10
1256 1276 10
1364 1467 10
1457 1468 10
16 108 11
27 123 11
44 271 11
60 192 11
63 549 11
64 356 11
71 273 11
84 937 11
86 558 11
86 571 11
88 301 11
88 220 11
93 1444 11
93 545 11
94 160 11
99 565 11
106 282 11
107 321 11
108 1129 11
111 210 11
112 611 11
115 1475 11
121 324 11
121 327 11
121 325 11
121 290 11
149 1124 11
152 287 11
155 709 11
160 268 11
162 1372 11
163 1448 11
170 261 11
176 191 11
178 1311 11
179 269 11
179 277 11
187 627 11
190 248 11
191 287 11
191 207 11
192 220 11
212 326 11
217 259 11
217 1409 11
218 1447 11
220 305 11
222 877 11
224 1078 11
230 615 11
231 303 11
232 266 11
233 923 11
242 252 11
245 323 11
246 287 11
246 272 11
246 317 11
246 273 11
252 329 11
253 285 11
253 648 11
259 408 11
261 322 11
268 269 11
268 271 11
268 273 11
269 276 11
269 285 11
269 272 11
270 286 11
270 284 11
271 286 11
272 641 11
278 279 11
282 283 11
283 312 11
284 285 11
285 286 11
285 1448 11
286 1085 11
287 299 11
291 807 11
294 297 11
297 315 11
297 299 11
300 301 11
301 303 11
302 303 11
304 305 11
304 574 11
304 949 11
306 308 11
306 1368 11
307 309 11
307 310 11
310 1406 11
312 920 11
312 569 11
316 1374 11
317 1072 11
318 320 11
318 321 11
319 320 11
320 321 11
320 686 11
320 1303 11
324 325 11
335 695 11
349 1358 11
350 638 11
351 1311 11
354 1143 11
358 902 11
359 1423 11
377 1458 11
380 797 11
384 1252 11
387 1221 11
387 1214 11
395 1052 11
405 522 11
416 1186 11
428 1148 11
430 803 11
432 1366 11
438 995 11
464 1311 11
474 776 11
486 1307 11
506 1070 11
507 922 11
509 1122 11
513 1337 11
519 1249 11
555 1400 11
562 851 11
577 1267 11
586 791 11
597 1379 11
598 1121 11
611 646 11
616 1009 11
616 1479 11
618 1370 11
619 1172 11
626 731 11
629 1042 11
640 1040 11
643 1381 11
651 802 11
655 1105 11
664 1045 11
665 712 11
679 1264 11
686 1219 11
705 919 11
706 761 11
706 1437 11
713 853 11
724 1256 11
748 1200 11
767 1200 11
775 1161 11
789 1429 11
796 1110 11
797 1293 11
800 876 11
809 1400 11
810 1279 11
818 1186 11
822 1229 11
823 1198 11
825 981 11
839 1212 11
842 1336 11
947 1053 11
948 1049 11
958 1062 11
986 1347 11
987 1127 11
1002 1317 11
1005 1013 11
1014 1415 11
1014 1317 11
1016 1037 11
1065 1258 11
1078 1305 11
1091 1159 11
1135 1366 11
1138 1262 11
1182 1388 11
1227 1270 11
1265 1431 11
1279 1368 11
1381 1391 11
1426 1468 11
11 31 12
24 1055 12
29 981 12
59 97 12
63 1175 12
69 771 12
89 97 12
92 464 12
92 1376 12
95 1422 12
95 595 12
98 918 12
107 320 12
125 491 12
132 539 12
132 611 12
133 346 12
147 1150 12
167 999 12
173 1283 12
176 245 12
184 1205 12
191 1414 12
195 360 12
219 318 12
219 360 12
220 320 12
235 289 12
252 369 12
253 1149 12
256 535 12
259 725 12
283 964 12
293 297 12
297 343 12
303 1170 12
309 1150 12
321 341 12
321 1118 12
337 341 12
337 339 12
349 1285 12
351 352 12
355 421 12
359 964 12
361 363 12
361 645 12
362 363 12
363 614 12
367 370 12
368 755 12
377 796 12
378 814 12
382 1090 12
395 945 12
410 1465 12
412 780 12
415 898 12
420 1413 12
422 546 12
427 1162 12
440 755 12
458 1112 12
461 956 12
470 547 12
477 727 12
487 623 12
502 604 12
503 1077 12
509 696 12
541 1116 12
544 1026 12
549 1470 12
565 989 12
572 1455 12
580 692 12
604 617 12
607 1262 12
611 683 12
617 774 12
621 1355 12
624 1414 12
629 1376 12
629 1474 12
637 1453 12
703 1123 12
754 800 12
756 1020 12
772 939 12
810 1406 12
835 1193 12
841 845 12
906 1323 12
924 1455 12
933 1308 12
942 1430 12
956 1269 12
961 1150 12
980 1052 12
1003 1169 12
1014 1099 12
1028 1205 12
1039 1155 12
1041 1054 12
1091 1209 12
1169 1256 12
1201 1460 12
1405 1408 12
5 431 13
26 1127 13
130 585 13
166 1182 13
173 212 13
209 1452 13
265 940 13
282 722 13
379 383 13
386 387 13
389 1319 13
423 1398 13
459 1079 13
460 761 13
540 839 13
562 990 13
573 957 13
636 1428 13
661 1442 13
674 993 13
682 853 13
780 1231 13
846 1230 13
881 896 13
903 1068 13
953 1254 13
955 1410 13
1030 1102 13
7 1301 14
10 601 14
11 847 14
16 1405 14
27 58 14
42 855 14
47 126 14
55 1202 14
57 497 14
61 1297 14
64 602 14
71 499 14
75 230 14
77 219 14
81 1441 14
86 276 14
86 1300 14
87 390 14
87 654 14
88 1145 14
90 1175 14
90 1062 14
92 203 14
99 989 14
103 570 14
111 376 14
115 791 14
118 560 14
127 1440 14
130 763 14
136 990 14
152 1172 14
154 1291 14
164 946 14
166 852 14
167 445 14
187 1169 14
205 684 14
210 1291 14
224 1425 14
225 1344 14
226 240 14
231 1444 14
232 1008 14
235 434 14
236 1048 14
243 1111 14
244 1286 14
252 1274 14
256 351 14
256 418 14
256 419 14
256 392 14
263 517 14
274 907 14
278 1155 14
279 362 14
279 280 14
279 606 14
279 823 14
280 770 14
280 454 14
292 383 14
292 331 14
292 381 14
299 1096 14
299 1372 14
309 1115 14
311 402 14
311 442 14
311 351 14
313 1363 14
314 414 14
319 655 14
322 455 14
323 445 14
323 409 14
335 360 14
337 1349 14
338 341 14
339 432 14
341 365 14
345 361 14
345 362 14
351 448 14
353 455 14
354 405 14
355 763 14
359 430 14
360 456 14
360 465 14
362 365 14
363 430 14
372 1329 14
377 396 14
378 393 14
381 383 14
382 727 14
383 426 14
384 1202 14
386 443 14
390 532 14
391 739 14
392 394 14
393 396 14
393 394 14
398 676 14
402 448 14
402 403 14
404 410 14
405 824 14
406 407 14
406 409 14
406 408 14
409 444 14
409 446 14
411 413 14
421 439 14
421 423 14
424 426 14
427 827 14
428 782 14
432 433 14
432 434 14
433 441 14
433 436 14
433 440 14
435 436 14
435 440 14
440 441 14
440 734 14
444 446 14
450 451 14
452 1139 14
453 454 14
459 928 14
463 616 14
464 1407 14
470 811 14
471 507 14
476 638 14
525 700 14
529 1367 14
534 1469 14
550 604 14
551 1244 14
567 680 14
589 1263 14
601 674 14
603 1237 14
606 659 14
618 1094 14
619 990 14
623 1472 14
630 857 14
645 871 14
652 976 14
653 1136 14
654 1173 14
677 1459 14
705 844 14
726 1288 14
732 1391 14
741 1382 14
746 1407 14
754 1055 14
757 1359 14
780 1429 14
794 1475 14
822 1185 14
844 1024 14
847 1441 14
870 1300 14
898 1099 14
901 1159 14
910 1370 14
952 1137 14
954 1372 14
978 1083 14
1011 1310 14
1059 1247 14
1091 1409 14
1138 1215 14
1290 1375 14
1305 1421 14
1320 1453 14
1330 1332 14
1346 1390 14
1369 1465 14
0 634 15
9 557 15
15 883 15
20 1466 15
20 509 15
25 120 15
33 640 15
38 896 15
62 1040 15
64 232 15
91 1159 15
92 541 15
101 1261 15
106 1183 15
114 1354 15
116 520 15
118 1084 15
120 614 15
120 1056 15
142 506 15
166 1157 15
183 460 15
191 386 15
201 339 15
205 1041 15
235 549 15
242 1133 15
242 1304 15
253 1077 15
256 442 15
256 403 15
257 758 15
259 286 15
260 469 15
260 1479 15
262 1274 15
271 436 15
279 430 15
299 1256 15
305 1448 15
306 484 15
306 593 15
311 401 15
318 1109 15
319 891 15
320 493 15
320 491 15
335 1200 15
341 447 15
343 412 15
351 494 15
351 353 15
353 392 15
384 1001 15
392 455 15
394 475 15
401 1321 15
406 481 15
407 465 15
418 474 15
419 442 15
419 473 15
420 496 15
427 478 15
435 476 15
453 468 15
454 469 15
461 627 15
466 1009 15
468 967 15
470 1029 15
476 477 15
481 487 15
490 491 15
490 493 15
495 989 15
497 607 15
506 695 15
512 1082 15
518 1220 15
519 1038 15
526 1445 15
535 1222 15
540 1259 15
548 673 15
555 860 15
556 1409 15
576 1293 15
602 973 15
625 736 15
649 1132 15
675 799 15
677 1107 15
690 866 15
715 912 15
736 843 15
744 1182 15
775 840 15
779 1017 15
780 1201 15
791 1463 15
798 1091 15
816 1188 15
829 1202 15
871 1011 15
910 1273 15
941 1362 15
957 1407 15
1008 1347 15
1013 1090 15
1040 1459 15
1076 1199 15
1078 1221 15
1122 1425 15
1265 1426 15
1321 1450 15
1327 1345 15
1407 1472 15
1 442 16
14 765 16
50 882 16
56 1083 16
58 378 16
66 894 16
83 622 16
146 785 16
147 1211 16
149 706 16
162 1000 16
186 528 16
193 425 16
199 334 16
227 258 16
230 1068 16
256 353 16
264 920 16
274 745 16
351 525 16
357 399 16
366 422 16
396 915 16
399 444 16
419 508 16
419 507 16
425 740 16
454 491 16
475 988 16
488 534 16
491 492 16
492 530 16
502 1072 16
520 829 16
548 1200 16
556 593 16
584 597 16
636 1256 16
638 813 16
640 1422 16
644 980 16
666 1169 16
667 1163 16
681 1151 16
703 1263 16
708 1132 16
852 979 16
863 1339 16
876 1079 16
913 1030 16
917 1122 16
928 1290 16
946 947 16
1003 1248 16
1021 1375 16
1181 1183 16
1185 1377 16
1304 1430 16
0 390 17
7 668 17
11 139 17
37 480 17
52 968 17
82 730 17
97 843 17
105 1049 17
123 360 17
140 1176 17
196 200 17
196 412 17
199 960 17
221 1361 17
233 1134 17
242 864 17
250 966 17
257 907 17
267 725 17
296 1326 17
331 793 17
347 1278 17
401 402 17
404 522 17
407 408 17
431 898 17
438 472 17
448 653 17
450 510 17
452 1115 17
504 1454 17
507 1171 17
517 1175 17
523 524 17
523 866 17
568 1357 17
571 1306 17
582 1104 17
608 1266 17
633 1464 17
645 1237 17
682 783 17
688 1242 17
735 1061 17
911 1443 17
928 1358 17
1168 1173 17
1181 1395 17
4 959 18
17 200 18
37 1401 18
40 721 18
64 245 18
83 1225 18
87 190 18
90 1243 18
90 1246 18
131 927 18
166 1069 18
180 762 18
185 769 18
202 410 18
215 1000 18
215 1006 18
221 312 18
230 398 18
239 1271 18
260 1264 18
277 865 18
316 705 18
323 880 18
324 959 18
344 793 18
350 943 18
361 1074 18
365 1132 18
370 465 18
377 696 18
379 1155 18
382 500 18
410 549 18
415 1007 18
420 533 18
431 529 18
444 729 18
469 1247 18
483 1255 18
490 1142 18
493 755 18
501 544 18
504 553 18
506 674 18
523 524 18
526 554 18
531 1146 18
537 550 18
561 1248 18
564 1269 18
576 1068 18
613 1141 18
668 939 18
745 1118 18
791 1096 18
794 832 18
855 1104 18
867 1013 18
872 915 18
1000 1365 18
1027 1210 18
1288 1416 18
1382 1425 18
20 1370 19
20 1300 19
28 269 19
29 109 19
48 1089 19
50 1207 19
53 1401 19
62 400 19
74 115 19
88 774 19
94 1386 19
107 711 19
115 888 19
123 812 19
125 1331 19
152 369 19
156 747 19
162 376 19
166 1086 19
170 1030 19
176 1392 19
183 899 19
206 1475 19
207 814 19
208 1049 19
208 410 19
210 597 19
211 1041 19
213 1141 19
217 1291 19
221 913 19
224 1474 19
227 690 19
229 660 19
229 585 19
235 1137 19
240 1272 19
265 832 19
267 674 19
269 828 19
272 718 19
280 1100 19
288 880 19
300 1237 19
304 1106 19
320 556 19
323 400 19
331 552 19
332 731 19
332 931 19
335 409 19
353 518 19
353 510 19
366 559 19
366 379 19
367 576 19
367 450 19
370 576 19
374 576 19
381 573 19
391 878 19
394 504 19
394 509 19
397 544 19
400 500 19
408 627 19
409 557 19
414 433 19
416 1274 19
419 578 19
420 570 19
427 555 19
431 537 19
435 505 19
435 1049 19
437 583 19
437 559 19
439 794 19
441 522 19
460 551 19
481 1306 19
484 1337 19
486 1232 19
509 1445 19
518 567 19
518 566 19
518 565 19
523 579 19
523 524 19
523 554 19
524 579 19
524 554 19
527 767 19
533 555 19
552 575 19
555 702 19
560 747 19
566 585 19
566 584 19
573 931 19
577 578 19
580 899 19
584 585 19
584 914 19
597 1310 19
647 688 19
651 1392 19
674 1245 19
696 718 19
698 1054 19
703 788 19
727 904 19
738 876 19
750 1021 19
785 1341 19
824 956 19
824 1464 19
845 972 19
867 885 19
881 1395 19
919 1160 19
922 949 19
939 1109 19
970 1314 19
975 1074 19
1008 1310 19
1010 1165 19
1104 1243 19
1166 1279 19
1295 1404 19
1451 1465 19
1 1477 20
6 1354 20
10 779 20
18 747 20
21 125 20
22 1219 20
29 1356 20
37 976 20
43 497 20
49 802 20
49 534 20
49 472 20
50 356 20
57 413 20
63 833 20
64 434 20
64 312 20
68 1141 20
91 704 20
100 649 20
111 1467 20
115 199 20
123 998 20
141 973 20
147 770 20
149 1146 20
155 729 20
194 1329 20
205 397 20
221 912 20
222 819 20
223 1396 20
227 644 20
233 964 20
236 892 20
304 991 20
305 889 20
311 351 20
320 537 20
320 638 20
324 842 20
327 1020 20
331 574 20
341 1011 20
347 955 20
354 435 20
357 400 20
364 672 20
365 1464 20
365 1470 20
365 1387 20
366 606 20
367 955 20
369 721 20
370 374 20
370 424 20
371 1266 20
378 572 20
380 572 20
381 573 20
389 1085 20
394 450 20
396 697 20
419 1102 20
421 782 20
427 593 20
428 1365 20
431 598 20
446 582 20
457 1196 20
463 1026 20
488 1083 20
506 867 20
508 600 20
510 686 20
512 658 20
524 568 20
526 636 20
526 1007 20
540 1071 20
546 917 20
552 572 20
552 575 20
556 1046 20
557 594 20
561 596 20
561 595 20
562 1311 20
565 612 20
566 605 20
566 604 20
570 907 20
572 613 20
574 613 20
574 614 20
583 1449 20
584 629 20
584 585 20
587 588 20
588 589 20
588 592 20
589 591 20
590 591 20
592 593 20
598 599 20
604 605 20
606 622 20
608 610 20
611 612 20
615 617 20
648 679 20
657 1037 20
660 802 20
662 760 20
689 1297 20
690 834 20
696 1396 20
735 783 20
746 886 20
758 1457 20
765 1338 20
766 1045 20
772 1313 20
780 1231 20
803 1400 20
812 903 20
879 999 20
884 1171 20
891 1335 20
915 1360 20
976 1254 20
1003 1471 20
1027 1107 20
1042 1420 20
1047 1204 20
1055 1112 20
1056 1221 20
1068 1219 20
1103 1276 20
1105 1217 20
1121 1350 20
1267 1306 20
1315 1324 20
1326 1382 20
1331 1409 20
3 571 21
11 687 21
20 230 21
36 376 21
36 252 21
38 537 21
41 933 21
51 596 21
54 1300 21
60 1320 21
60 1416 21
83 659 21
86 266 21
93 1333 21
110 131 21
111 808 21
128 649 21
133 1464 21
140 970 21
161 779 21
173 1439 21
174 1205 21
177 1115 21
189 1073 21
192 1165 21
202 1203 21
205 1447 21
206 211 21
207 373 21
209 777 21
216 954 21
220 1057 21
246 1411 21
254 797 21
299 399 21
313 610 21
315 368 21
320 694 21
326 373 21
327 851 21
357 446 21
357 671 21
357 639 21
364 521 21
374 581 21
394 654 21
394 1001 21
399 1147 21
399 948 21
400 689 21
410 645 21
414 494 21
448 1192 21
450 1470 21
454 1103 21
508 673 21
508 570 21
510 615 21
510 653 21
511 768 21
514 567 21
522 986 21
523 688 21
523 524 21
533 584 21
533 693 21
545 650 21
545 1116 21
545 944 21
550 607 21
558 758 21
561 603 21
562 708 21
567 615 21
568 678 21
572 670 21
576 1391 21
581 637 21
581 590 21
587 606 21
590 839 21
599 883 21
602 1374 21
606 640 21
606 639 21
612 654 21
613 643 21
624 638 21
624 695 21
624 1185 21
626 1453 21
629 682 21
630 645 21
630 648 21
630 649 21
631 1416 21
635 637 21
636 666 21
636 668 21
640 641 21
641 642 21
644 837 21
645 649 21
650 654 21
650 651 21
653 660 21
656 657 21
662 663 21
665 666 21
666 668 21
671 675 21
672 674 21
675 870 21
681 975 21
683 684 21
683 740 21
686 1312 21
686 1026 21
690 929 21
713 728 21
726 1201 21
771 1145 21
778 869 21
814 1345 21
852 1464 21
853 1284 21
875 1223 21
882 1368 21
918 1239 21
921 1132 21
943 1079 21
1052 1361 21
1055 1381 21
1055 1228 21
1087 1379 21
1136 1224 21
1191 1283 21
1212 1288 21
1214 1241 21
1239 1382 21
1240 1433 21
1301 1352 21
1377 1434 21
19 393 22
25 36 22
29 539 22
53 1062 22
69 567 22
70 1323 22
72 891 22
73 661 22
73 1273 22
90 1301 22
91 1383 22
101 271 22
124 885 22
126 837 22
131 1199 22
145 438 22
147 762 22
150 1157 22
160 1002 22
166 851 22
167 1379 22
174 878 22
182 291 22
183 795 22
185 621 22
195 529 22
203 623 22
216 652 22
218 747 22
243 750 22
246 1459 22
248 1327 22
250 284 22
264 1230 22
266 920 22
273 321 22
279 381 22
296 1206 22
301 685 22
304 690 22
314 746 22
314 747 22
320 716 22
331 629 22
345 770 22
354 410 22
357 745 22
369 434 22
372 384 22
380 812 22
393 1468 22
431 750 22
450 1233 22
458 1361 22
483 587 22
503 827 22
507 1138 22
508 726 22
510 854 22
513 830 22
514 1415 22
547 638 22
555 851 22
557 713 22
561 697 22
561 710 22
568 707 22
568 710 22
568 701 22
568 597 22
568 708 22
569 947 22
572 573 22
574 994 22
575 744 22
581 711 22
584 1158 22
586 1099 22
590 983 22
592 744 22
594 782 22
594 1281 22
618 1091 22
620 738 22
627 955 22
627 737 22
629 674 22
639 1095 22
647 1468 22
654 722 22
656 1028 22
657 856 22
674 1424 22
678 784 22
680 735 22
682 707 22
686 819 22
686 965 22
689 754 22
689 736 22
691 740 22
691 738 22
693 731 22
698 728 22
700 756 22
701 717 22
703 704 22
705 1155 22
706 1171 22
707 708 22
712 714 22
713 714 22
718 719 22
720 747 22
722 737 22
724 725 22
729 730 22
733 734 22
734 745 22
735 736 22
744 1278 22
755 922 22
758 1097 22
758 1101 22
775 1331 22
778 1060 22
808 1093 22
816 1052 22
850 1220 22
855 1291 22
858 1326 22
865 976 22
886 898 22
901 1222 22
923 980 22
923 1329 22
926 945 22
1013 1355 22
1045 1397 22
1053 1057 22
1110 1162 22
1149 1375 22
1172 1200 22
1177 1439 22
1200 1230 22
1207 1282 22
1214 1241 22
1250 1322 22
1266 1420 22
1293 1320 22
1328 1337 22
7 1171 23
25 1046 23
29 663 23
36 1479 23
40 1321 23
45 486 23
56 1248 23
63 1405 23
63 1063 23
78 80 23
93 1025 23
95 1458 23
98 1223 23
110 630 23
133 1323 23
136 180 23
157 716 23
166 771 23
173 499 23
177 831 23
184 425 23
188 678 23
189 1351 23
200 943 23
202 1130 23
205 486 23
206 599 23
208 426 23
209 241 23
210 500 23
267 1444 23
267 650 23
282 1243 23
293 829 23
294 1146 23
301 1002 23
305 931 23
310 611 23
325 677 23
326 1370 23
339 500 23
348 1329 23
362 482 23
370 1273 23
374 1449 23
386 1448 23
389 934 23
409 521 23
411 439 23
437 1181 23
446 677 23
451 618 23
455 1443 23
458 789 23
458 719 23
461 892 23
461 1063 23
479 1329 23
508 519 23
510 1457 23
519 903 23
522 1340 23
523 707 23
526 1251 23
536 783 23
544 560 23
544 644 23
547 1364 23
551 792 23
554 1237 23
572 584 23
575 1245 23
581 648 23
603 966 23
604 1009 23
606 794 23
627 642 23
628 782 23
628 1371 23
638 1271 23
638 1389 23
647 757 23
648 651 23
649 769 23
649 680 23
650 1202 23
661 977 23
667 989 23
677 892 23
680 772 23
680 973 23
697 737 23
705 764 23
713 715 23
720 1315 23
720 1142 23
723 1177 23
727 1424 23
728 775 23
729 780 23
729 779 23
729 777 23
732 1349 23
734 743 23
735 788 23
737 791 23
742 1323 23
745 778 23
745 780 23
751 796 23
752 961 23
753 1009 23
762 763 23
769 772 23
773 785 23
773 786 23
777 778 23
777 780 23
778 779 23
778 781 23
779 781 23
779 864 23
784 786 23
785 786 23
786 787 23
787 798 23
797 1075 23
805 1351 23
816 1019 23
861 928 23
902 1272 23
942 1362 23
953 1307 23
961 1477 23
971 1416 23
983 1010 23
986 1390 23
1020 1094 23
1031 1374 23
1041 1383 23
1048 1230 23
1051 1366 23
1075 1442 23
1086 1328 23
1317 1322 23
36 1241 24
47 117 24
63 1429 24
71 1206 24
116 710 24
127 566 24
149 543 24
186 866 24
213 1183 24
217 471 24
218 431 24
223 644 24
237 256 24
244 704 24
247 332 24
249 1164 24
262 346 24
274 692 24
289 620 24
303 649 24
318 1139 24
326 1104 24
357 1095 24
370 668 24
399 1286 24
409 782 24
428 1330 24
433 1049 24
433 1407 24
465 1373 24
472 1199 24
574 711 24
575 1099 24
577 1149 24
608 1386 24
610 989 24
625 1205 24
652 848 24
655 1007 24
691 808 24
696 944 24
712 713 24
766 794 24
797 1099 24
797 1212 24
806 815 24
807 809 24
808 809 24
821 822 24
827 828 24
828 829 24
897 1268 24
926 1008 24
927 1309 24
936 1006 24
947 1051 24
1011 1201 24
1180 1374 24
1218 1336 24
1218 1220 24
3 34 25
6 714 25
13 509 25
13 368 25
36 929 25
38 349 25
55 676 25
72 717 25
89 532 25
111 412 25
115 464 25
144 1369 25
149 944 25
158 1215 25
184 1342 25
218 270 25
223 1378 25
227 1289 25
276 1125 25
279 560 25
283 1358 25
299 351 25
347 803 25
366 561 25
372 1333 25
413 1248 25
414 1300 25
442 571 25
456 971 25
456 1040 25
471 1334 25
487 1145 25
502 1089 25
530 1419 25
570 1291 25
586 1102 25
590 1178 25
618 1099 25
634 1177 25
640 1058 25
649 1060 25
656 1371 25
659 750 25
662 1147 25
674 761 25
679 1299 25
697 856 25
698 912 25
708 865 25
710 1231 25
713 1150 25
714 1395 25
732 1391 25
736 775 25
736 858 25
747 1030 25
751 756 25
752 826 25
755 756 25
758 1040 25
761 836 25
770 861 25
774 775 25
775 858 25
775 1102 25
778 1316 25
782 906 25
787 842 25
787 841 25
788 1027 25
795 836 25
800 853 25
802 833 25
807 1316 25
808 1390 25
812 843 25
815 850 25
826 854 25
831 1381 25
845 846 25
847 849 25
864 865 25
873 1126 25
944 1166 25
953 1056 25
970 1366 25
970 1027 25
975 985 25
1017 1172 25
1022 1447 25
1130 1330 25
14 839 26
22 1099 26
23 477 26
28 1053 26
29 755 26
35 382 26
37 401 26
40 1065 26
51 491 26
69 590 26
72 391 26
80 577 26
88 318 26
96 438 26
111 284 26
113 911 26
129 445 26
169 337 26
199 1188 26
210 814 26
213 229 26
224 800 26
225 1137 26
241 1225 26
247 1216 26
260 1082 26
269 1093 26
276 1164 26
300 1278 26
314 875 26
326 955 26
348 702 26
350 718 26
366 988 26
399 958 26
401 524 26
410 1221 26
416 1242 26
458 1240 26
458 522 26
463 779 26
468 715 26
488 1364 26
511 681 26
513 1148 26
533 703 26
537 955 26
549 801 26
563 910 26
569 573 26
579 1027 26
581 1192 26
589 1247 26
596 1151 26
606 1469 26
614 852 26
629 785 26
674 812 26
683 844 26
707 869 26
707 812 26
709 868 26
710 986 26
714 863 26
728 836 26
735 864 26
735 871 26
742 746 26
751 836 26
752 828 26
763 877 26
763 815 26
774 1298 26
777 855 26
786 864 26
792 1198 26
797 1088 26
804 893 26
807 808 26
825 862 26
828 862 26
831 874 26
833 851 26
836 872 26
838 879 26
838 1393 26
844 869 26
849 1466 26
851 1009 26
865 1093 26
869 1084 26
871 1058 26
910 1059 26
914 1023 26
918 1111 26
942 1213 26
1014 1365 26
1030 1365 26
1058 1295 26
1069 1368 26
1096 1215 26
1120 1397 26
1145 1347 26
1168 1201 26
1336 1423 26
1377 1442 26
5 614 27
18 831 27
48 721 27
89 1044 27
102 1127 27
115 407 27
116 1350 27
123 1079 27
131 747 27
162 766 27
169 1180 27
179 889 27
186 431 27
243 316 27
263 955 27
278 669 27
283 343 27
341 985 27
368 880 27
403 1160 27
404 448 27
485 785 27
508 1020 27
510 942 27
534 924 27
542 701 27
560 1205 27
576 640 27
638 833 27
674 1087 27
685 1397 27
697 872 27
725 1223 27
728 836 27
768 853 27
803 875 27
820 893 27
826 863 27
836 878 27
844 848 27
856 1039 27
872 1429 27
872 918 27
876 886 27
889 890 27
908 1340 27
913 935 27
923 1187 27
969 1175 27
1041 1441 27
1089 1383 27
1096 1118 27
1155 1326 27
1216 1427 27
1219 1355 27
1327 1420 27
1338 1451 27
1349 1436 27
87 611 28
91 667 28
151 1214 28
151 654 28
157 192 28
165 406 28
196 1392 28
197 261 28
231 998 28
232 327 28
277 895 28
293 841 28
377 1000 28
381 1351 28
395 1439 28
396 1122 28
443 663 28
500 1315 28
523 1408 28
539 962 28
612 1235 28
639 1045 28
655 1070 28
669 857 28
763 803 28
774 1057 28
803 863 28
850 907 28
850 863 28
884 1047 28
931 1042 28
1001 1290 28
1016 1081 28
1067 1270 28
1117 1318 28
1308 1372 28
32 393 29
154 574 29
168 416 29
224 1328 29
264 886 29
283 598 29
283 1397 29
391 927 29
393 913 29
432 1377 29
565 691 29
761 782 29
781 1124 29
852 1394 29
862 962 29
917 918 29
992 1393 29
1025 1448 29
1078 1287 29
1087 1335 29
168 649 30
229 514 30
353 543 30
356 423 30
488 856 30
586 709 30
720 850 30
741 1477 30
900 1243 30
973 1356 30
29 237 31
326 1051 31
388 508 31
760 1356 31
897 1050 31
213 1108 32
592 1183 32
261 619 33
761 845 33
1015 1154 33
1068 1329 33
22 996 34
272 509 34
604 1286 34
480 1210 37
609 1344 37
229 1429 38
19 250 40
67 902 40
156 1237 40
295 1282 40
535 1383 40
560 1180 40
577 1127 40
579 610 40
810 883 40
959 960 40
1015 1164 40
1052 1232 40
1129 1404 40
11 1002 41
37 1125 41
57 305 41
58 199 41
69 723 41
75 82 41
81 1094 41
81 553 41
104 227 41
109 409 41
112 224 41
115 1063 41
117 466 41
124 971 41
135 1347 41
145 812 41
151 1479 41
162 1118 41
166 1021 41
167 1005 41
197 643 41
218 472 41
233 288 41
235 349 41
254 487 41
266 1233 41
268 1280 41
278 1082 41
281 1038 41
289 1334 41
305 959 41
319 1018 41
333 835 41
339 1318 41
344 1193 41
350 1296 41
362 446 41
383 755 41
402 527 41
428 514 41
441 1325 41
445 1474 41
476 1117 41
488 626 41
493 824 41
504 1136 41
505 762 41
508 1126 41
510 591 41
512 1097 41
534 595 41
543 788 41
549 771 41
563 1366 41
569 990 41
597 841 41
644 796 41
656 940 41
663 1165 41
671 1111 41
733 1183 41
778 1274 41
814 919 41
931 970 41
931 969 41
931 1106 41
936 967 41
944 947 41
944 973 41
946 1009 41
946 1004 41
948 966 41
948 978 41
957 1002 41
967 968 41
967 971 41
972 1144 41
973 975 41
976 1009 41
978 1005 41
979 982 41
987 988 41
992 993 41
996 1368 41
998 999 41
1006 1159 41
1010 1011 41
1015 1169 41
1019 1183 41
1033 1342 41
1047 1249 41
1055 1139 41
1069 1188 41
1091 1297 41
1315 1357 41
1360 1419 41
10 303 42
13 390 42
18 176 42
48 55 42
69 159 42
76 933 42
82 88 42
83 928 42
102 883 42
103 1469 42
116 122 42
121 504 42
129 832 42
139 1045 42
141 1130 42
154 449 42
160 464 42
161 440 42
189 1230 42
202 360 42
206 1115 42
246 468 42
252 1301 42
277 587 42
279 337 42
285 782 42
291 1068 42
296 1204 42
308 1096 42
316 713 42
327 894 42
342 605 42
345 745 42
347 755 42
354 1164 42
368 1270 42
374 790 42
374 1189 42
396 635 42
414 1440 42
423 890 42
437 968 42
456 1068 42
465 1448 42
468 481 42
473 665 42
478 780 42
481 578 42
485 677 42
486 629 42
502 600 42
510 586 42
519 697 42
533 675 42
534 1069 42
536 811 42
541 975 42
557 984 42
564 1039 42
576 965 42
584 1216 42
611 1296 42
616 882 42
630 1249 42
632 1141 42
641 874 42
656 1234 42
668 956 42
685 1479 42
686 1407 42
696 1409 42
710 882 42
726 774 42
773 913 42
783 997 42
809 1016 42
827 1056 42
840 858 42
858 1472 42
876 1098 42
877 1363 42
892 1461 42
901 1231 42
922 1096 42
949 1018 42
962 1046 42
964 1220 42
965 1054 42
966 1152 42
967 1023 42
972 993 42
976 1051 42
981 1023 42
981 1018 42
985 1026 42
1005 1018 42
1005 1028 42
1011 1049 42
1014 1054 42
1014 1212 42
1018 1053 42
1018 1021 42
1020 1047 42
1024 1036 42
1030 1054 42
1031 1034 42
1033 1052 42
1055 1056 42
1083 1465 42
1097 1212 42
1317 1392 42
1322 1472 42
0 501 43
0 1277 43
2 1290 43
7 556 43
9 767 43
16 1185 43
29 979 43
32 1301 43
37 1378 43
43 483 43
44 382 43
48 557 43
73 243 43
76 1015 43
80 389 43
83 571 43
89 931 43
91 359 43
94 1223 43
96 520 43
99 546 43
119 255 43
119 371 43
122 566 43
131 345 43
140 386 43
140 501 43
145 909 43
152 874 43
162 201 43
163 784 43
166 1076 43
167 205 43
169 1177 43
169 642 43
183 1215 43
186 1009 43
190 1140 43
194 1041 43
196 1115 43
199 967 43
204 793 43
207 267 43
222 823 43
225 976 43
225 258 43
235 1076 43
239 626 43
291 1385 43
295 1149 43
296 611 43
304 707 43
308 462 43
314 1334 43
318 1158 43
328 1009 43
332 1245 43
343 534 43
351 1331 43
357 1386 43
362 415 43
364 1041 43
368 1030 43
373 1188 43
380 1473 43
389 539 43
395 1007 43
398 770 43
417 867 43
425 1454 43
427 447 43
428 1146 43
434 948 43
452 718 43
469 883 43
471 568 43
476 582 43
496 1442 43
502 1309 43
507 1415 43
510 867 43
518 1330 43
519 708 43
522 1144 43
526 1131 43
538 1284 43
544 549 43
546 1084 43
549 1076 43
598 733 43
607 1019 43
612 1077 43
615 1192 43
617 1150 43
620 1316 43
639 1171 43
645 685 43
648 1033 43
653 804 43
656 693 43
670 1040 43
671 1471 43
675 781 43
694 1051 43
709 938 43
713 1307 43
724 905 43
731 1429 43
741 1132 43
745 1110 43
752 1142 43
756 869 43
758 925 43
770 1029 43
775 985 43
777 966 43
780 1047 43
793 1156 43
796 1355 43
801 814 43
805 813 43
810 1439 43
821 1451 43
840 851 43
850 1263 43
861 1195 43
865 1282 43
868 901 43
870 1059 43
891 1287 43
895 1334 43
921 1043 43
927 1275 43
930 1063 43
930 1033 43
930 1008 43
930 1066 43
942 1216 43
947 1079 43
947 1085 43
953 1230 43
955 1269 43
958 1008 43
958 1247 43
959 1074 43
961 1217 43
965 1038 43
967 1453 43
972 1076 43
972 1040 43
974 1144 43
976 1109 43
981 1005 43
983 1005 43
993 1090 43
993 1091 43
999 1085 43
999 1081 43
1005 1053 43
1005 1081 43
1005 1038 43
1006 1098 43
1008 1065 43
1015 1080 43
1018 1083 43
1024 1100 43
1024 1038 43
1031 1228 43
1032 1076 43
1032 1072 43
1032 1071 43
1038 1100 43
1038 1072 43
1038 1070 43
1038 1069 43
1040 1076 43
1049 1104 43
1050 1098 43
1057 1061 43
1058 1062 43
1058 1060 43
1061 1478 43
1064 1065 43
1067 1068 43
1068 1107 43
1071 1072 43
1071 1074 43
1077 1078 43
1077 1079 43
1079 1085 43
1081 1085 43
1082 1085 43
1089 1090 43
1092 1093 43
1092 1094 43
1094 1096 43
1099 1100 43
1099 1106 43
1099 1105 43
1125 1409 43
1133 1404 43
1140 1250 43
1141 1460 43
1166 1329 43
1175 1415 43
1176 1427 43
1198 1275 43
1212 1330 43
1213 1387 43
1229 1289 43
1385 1392 43
1416 1418 43
16 97 44
42 1360 44
119 647 44
132 1441 44
135 941 44
147 678 44
147 476 44
148 441 44
221 784 44
226 230 44
288 711 44
330 975 44
361 531 44
365 450 44
366 457 44
367 907 44
395 403 44
397 546 44
421 894 44
470 632 44
480 1404 44
490 929 44
548 1454 44
593 1379 44
608 762 44
713 1054 44
724 871 44
730 829 44
767 1348 44
801 1056 44
804 1224 44
852 1277 44
938 1214 44
949 1328 44
950 1040 44
983 1133 44
993 1129 44
1022 1050 44
1022 1046 44
1041 1056 44
1041 1130 44
1059 1346 44
1255 1352 44
1271 1412 44
13 30 45
22 156 45
24 332 45
25 800 45
41 438 45
44 820 45
48 657 45
61 1331 45
72 1214 45
80 783 45
83 338 45
85 1137 45
94 1455 45
95 530 45
100 439 45
117 617 45
126 279 45
136 684 45
142 495 45
148 403 45
150 266 45
154 1334 45
160 477 45
169 850 45
176 1353 45
188 292 45
189 344 45
203 1371 45
221 927 45
234 1439 45
234 570 45
240 754 45
247 600 45
250 1165 45
255 980 45
264 908 45
279 1433 45
280 298 45
283 902 45
285 1297 45
291 454 45
312 629 45
322 1126 45
338 476 45
341 560 45
375 1364 45
378 1210 45
379 861 45
380 1321 45
384 1455 45
404 801 45
413 1019 45
417 520 45
448 618 45
455 1460 45
468 563 45
476 1471 45
481 652 45
487 993 45
495 1026 45
503 1468 45
505 1309 45
511 791 45
522 1405 45
538 1073 45
546 1419 45
551 1075 45
556 594 45
569 806 45
592 831 45
617 860 45
625 802 45
650 1361 45
663 720 45
672 1330 45
680 710 45
697 1256 45
720 1050 45
721 1055 45
730 972 45
749 1295 45
766 1411 45
770 1469 45
784 1321 45
804 1336 45
817 1434 45
827 1288 45
828 1374 45
845 1366 45
862 978 45
878 1429 45
881 1333 45
892 1283 45
927 1274 45
942 1312 45
946 1173 45
955 1347 45
967 1196 45
976 1169 45
985 1098 45
1011 1180 45
1011 1233 45
1014 1053 45
1017 1175 45
1029 1150 45
1041 1060 45
1041 1132 45
1041 1149 45
1041 1147 45
1046 1151 45
1056 1104 45
1056 1161 45
1056 1060 45
1059 1179 45
1059 1298 45
1060 1161 45
1068 1209 45
1069 1134 45
1081 1153 45
1088 1170 45
1093 1095 45
1104 1136 45
1115 1149 45
1124 1132 45
1124 1148 45
1124 1125 45
1124 1340 45
1125 1148 45
1125 1152 45
1126 1163 45
1126 1162 45
1127 1178 45
1132 1146 45
1133 1171 45
1133 1170 45
1135 1137 45
1136 1137 45
1139 1140 45
1140 1141 45
1142 1143 45
1147 1222 45
1149 1159 45
1150 1167 45
1153 1168 45
1153 1166 45
1158 1159 45
1166 1167 45
1170 1172 45
1171 1172 45
1174 1175 45
1180 1181 45
1184 1474 45
1208 1355 45
1218 1384 45
1265 1449 45
1282 1443 45
1288 1370 45
1398 1474 45
1398 1405 45
1418 1472 45
3 1005 46
8 912 46
15 1141 46
18 589 46
20 373 46
22 195 46
25 824 46
28 370 46
37 632 46
41 106 46
60 981 46
62 634 46
64 164 46
74 102 46
81 1205 46
83 1146 46
98 235 46
110 1315 46
114 333 46
118 1201 46
130 657 46
137 1148 46
140 1088 46
148 514 46
150 475 46
168 1212 46
176 264 46
183 1351 46
191 491 46
191 1219 46
232 602 46
254 584 46
260 1079 46
266 1338 46
267 884 46
281 297 46
310 639 46
330 714 46
340 433 46
370 962 46
370 1355 46
376 578 46
401 1023 46
405 982 46
414 1139 46
422 904 46
424 982 46
428 520 46
430 1020 46
434 614 46
454 643 46
459 1256 46
480 539 46
480 689 46
503 875 46
507 695 46
509 1453 46
524 1189 46
534 912 46
560 1434 46
578 741 46
607 750 46
613 1241 46
618 811 46
620 949 46
631 752 46
641 1398 46
642 860 46
655 1247 46
675 994 46
683 1317 46
686 777 46
689 1200 46
697 971 46
704 1312 46
706 863 46
707 1189 46
736 1249 46
746 1398 46
748 853 46
781 985 46
794 1314 46
824 896 46
824 1412 46
832 1010 46
834 1222 46
839 1120 46
847 1337 46
862 1095 46
872 879 46
878 1172 46
880 944 46
890 1148 46
897 1339 46
914 956 46
921 976 46
926 975 46
972 1183 46
983 1121 46
986 1381 46
992 1370 46
1022 1214 46
1029 1188 46
1029 1205 46
1034 1038 46
1040 1064 46
1041 1193 46
1041 1060 46
1041 1132 46
1041 1404 46
1046 1208 46
1046 1279 46
1060 1193 46
1060 1076 46
1063 1069 46
1068 1139 46
1068 1143 46
1069 1070 46
1069 1463 46
1080 1125 46
1093 1192 46
1095 1336 46
1102 1182 46
1102 1104 46
1103 1190 46
1116 1199 46
1116 1198 46
1124 1125 46
1132 1148 46
1133 1172 46
1134 1191 46
1134 1209 46
1139 1143 46
1144 1191 46
1146 1192 46
1146 1455 46
1147 1193 46
1147 1194 46
1148 1385 46
1150 1196 46
1152 1174 46
1153 1210 46
1156 1185 46
1156 1206 46
1157 1182 46
1163 1202 46
1164 1188 46
1174 1175 46
1188 1189 46
1189 1205 46
1189 1204 46
1190 1192 46
1191 1192 46
1193 1195 46
1194 1195 46
1196 1200 46
1197 1200 46
1294 1459 46
1353 1477 46
0 1225 47
18 1042 47
28 331 47
47 52 47
53 1442 47
59 950 47
67 107 47
71 290 47
74 1001 47
79 947 47
88 484 47
96 912 47
117 451 47
132 738 47
137 477 47
142 145 47
161 842 47
166 1121 47
182 1088 47
213 962 47
216 999 47
219 583 47
226 442 47
226 1052 47
233 1200 47
238 350 47
259 1430 47
287 828 47
289 355 47
298 605 47
302 737 47
304 1401 47
306 443 47
314 1097 47
320 437 47
332 883 47
348 467 47
353 829 47
354 1404 47
359 951 47
371 727 47
383 815 47
390 880 47
401 1180 47
403 745 47
448 711 47
486 1228 47
506 838 47
513 978 47
534 620 47
544 685 47
553 574 47
574 794 47
649 653 47
691 808 47
705 924 47
738 1188 47
752 1409 47
756 1095 47
757 1177 47
806 1176 47
822 1282 47
828 974 47
856 1287 47
890 1351 47
892 1291 47
897 1323 47
941 1452 47
961 1213 47
986 1308 47
997 1025 47
1022 1046 47
1064 1239 47
1067 1169 47
1079 1234 47
1080 1093 47
1093 1328 47
1124 1125 47
1125 1174 47
1135 1185 47
1139 1143 47
1153 1228 47
1156 1185 47
1163 1202 47
1175 1240 47
1185 1217 47
1186 1189 47
1189 1205 47
1199 1200 47
1199 1218 47
1199 1389 47
1208 1224 47
1208 1248 47
1243 1407 47
1379 1381 47
1447 1479 47
27 964 48
43 505 48
49 1394 48
56 678 48
71 1401 48
81 979 48
92 480 48
110 589 48
123 939 48
132 1078 48
135 1239 48
141 1281 48
152 881 48
156 907 48
167 895 48
171 975 48
178 423 48
180 518 48
187 389 48
253 967 48
269 1074 48
275 652 48
289 544 48
293 1022 48
303 464 48
306 1075 48
308 1273 48
317 1436 48
324 945 48
331 821 48
343 465 48
390 413 48
397 1007 48
430 1448 48
476 787 48
510 1148 48
527 1460 48
529 1029 48
530 1418 48
541 753 48
543 922 48
559 1217 48
595 1372 48
605 1082 48
609 1335 48
616 862 48
622 1067 48
625 1307 48
647 1043 48
651 953 48
687 1149 48
704 943 48
718 1315 48
759 922 48
769 1445 48
784 1028 48
796 912 48
831 1303 48
839 1055 48
882 941 48
908 1054 48
926 966 48
935 1237 48
976 1034 48
1019 1190 48
1022 1083 48
1022 1455 48
1034 1233 48
1081 1231 48
1081 1155 48
1095 1147 48
1134 1191 48
1135 1199 48
1135 1185 48
1142 1143 48
1143 1178 48
1154 1249 48
1155 1224 48
1185 1199 48
1187 1244 48
1191 1247 48
1196 1472 48
1199 1241 48
1205 1244 48
1221 1222 48
1226 1234 48
1312 1331 48
4 853 49
5 68 49
100 121 49
119 850 49
131 629 49
135 681 49
149 906 49
167 1413 49
190 523 49
211 1232 49
213 1451 49
405 805 49
406 908 49
408 519 49
439 1250 49
492 1138 49
494 772 49
640 1180 49
646 820 49
664 912 49
700 945 49
745 976 49
750 986 49
770 1239 49
1000 1243 49
1105 1251 49
1172 1229 49
1256 1355 49
1356 1406 49
31 379 50
33 1079 50
34 893 50
41 453 50
56 830 50
109 1068 50
173 1165 50
179 564 50
204 1253 50
208 876 50
222 410 50
222 1331 50
263 579 50
267 702 50
269 317 50
273 1343 50
287 602 50
309 1458 50
321 1081 50
333 1054 50
340 1148 50
341 426 50
345 410 50
346 1127 50
420 434 50
431 795 50
454 556 50
543 1020 50
646 966 50
648 1092 50
684 1446 50
687 849 50
702 1298 50
720 1335 50
790 1389 50
810 1415 50
816 986 50
820 1338 50
824 960 50
828 1352 50
853 990 50
874 1295 50
887 1206 50
961 1470 50
972 1145 50
980 1243 50
1070 1184 50
1084 1181 50
1093 1200 50
1095 1267 50
1126 1258 50
1137 1156 50
1156 1206 50
1238 1411 50
1242 1245 50
1246 1255 50
1252 1253 50
1272 1335 50
1272 1456 50
4 1331 51
15 131 51
23 1319 51
24 1119 51
47 572 51
60 1404 51
63 307 51
65 719 51
67 1262 51
74 949 51
74 1378 51
80 601 51
80 749 51
86 1041 51
103 619 51
108 1458 51
109 1073 51
122 818 51
124 138 51
157 1121 51
165 1241 51
167 903 51
179 399 51
188 1416 51
202 678 51
251 729 51
262 1440 51
267 1235 51
272 1119 51
295 1444 51
303 893 51
327 1432 51
330 1334 51
339 503 51
343 951 51
359 1100 51
380 1372 51
448 586 51
459 1030 51
464 626 51
481 701 51
508 809 51
517 972 51
519 664 51
527 869 51
529 788 51
530 764 51
532 1090 51
614 641 51
632 667 51
641 1007 51
677 897 51
753 959 51
760 998 51
783 1118 51
797 1419 51
801 900 51
818 1374 51
858 1070 51
860 1216 51
874 1266 51
885 931 51
948 1035 51
964 1289 51
978 1275 51
981 1250 51
1007 1308 51
1022 1206 51
1128 1273 51
1154 1234 51
1156 1195 51
1163 1298 51
1178 1268 51
1178 1250 51
1200 1478 51
1203 1420 51
1235 1270 51
1242 1269 51
1243 1254 51
1264 1306 51
1383 1459 51
5 1082 52
108 678 52
181 949 52
183 1082 52
207 475 52
299 1351 52
369 589 52
515 1054 52
533 1212 52
562 766 52
784 1441 52
828 1177 52
831 1136 52
865 1462 52
1037 1220 52
2 801 53
6 734 53
23 273 53
49 688 53
84 343 53
87 1023 53
111 819 53
127 1350 53
149 1423 53
226 1045 53
233 1468 53
278 1307 53
292 839 53
300 866 53
352 854 53
385 576 53
400 1381 53
421 1431 53
484 623 53
503 1234 53
533 1373 53
584 1362 53
609 1097 53
619 851 53
687 1412 53
696 771 53
740 964 53
792 1459 53
808 1123 53
882 988 53
1023 1227 53
1084 1233 53
1086 1440 53
1253 1436 53
1276 1299 53
1294 1295 53
1302 1303 53
1304 1393 53
4 1357 54
5 313 54
13 1193 54
37 375 54
47 245 54
51 464 54
89 832 54
103 1441 54
139 383 54
185 1373 54
227 1236 54
250 1034 54
259 320 54
322 578 54
323 922 54
324 844 54
387 1247 54
408 561 54
423 1049 54
424 1221 54
441 975 54
528 1208 54
555 977 54
634 811 54
680 1191 54
688 1416 54
695 1328 54
697 999 54
741 1253 54
747 1369 54
800 1413 54
868 1063 54
947 1005 54
947 1211 54
952 1029 54
971 1011 54
1019 1295 54
1029 1182 54
1073 1283 54
1097 1419 54
1153 1235 54
1156 1311 54
1235 1314 54
1249 1423 54
1262 1332 54
1293 1321 54
1308 1402 54
1315 1319 54
1317 1320 54
1320 1321 54
1335 1338 54
1344 1466 54
1409 1466 54
7 534 55
14 1190 55
35 765 55
43 113 55
43 473 55
55 63 55
67 654 55
84 863 55
99 317 55
103 1131 55
118 759 55
118 1158 55
134 209 55
144 1257 55
146 1348 55
147 388 55
169 796 55
178 1043 55
195 525 55
202 791 55
203 908 55
240 572 55
268 877 55
269 1368 55
272 1087 55
301 749 55
310 471 55
326 834 55
345 522 55
354 939 55
365 764 55
373 718 55
441 1412 55
473 747 55
521 1090 55
548 1444 55
551 809 55
557 1190 55
562 1312 55
563 1359 55
574 689 55
578 976 55
584 1209 55
640 1133 55
666 997 55
669 755 55
693 1044 55
707 1368 55
716 1466 55
720 1258 55
729 1434 55
732 849 55
750 1154 55
771 960 55
778 1223 55
789 914 55
855 1106 55
922 953 55
929 1134 55
937 1335 55
1022 1376 55
1062 1151 55
1083 1422 55
1109 1116 55
1191 1329 55
1221 1352 55
1233 1355 55
1235 1379 55
1235 1382 55
1253 1320 55
1271 1355 55
1291 1297 55
1293 1372 55
1293 1352 55
1312 1338 55
1312 1385 55
1313 1358 55
1322 1356 55
1323 1349 55
1324 1355 55
1325 1329 55
1328 1341 55
1351 1353 55
1353 1367 55
1357 1406 55
1363 1366 55
1369 1370 55
1371 1384 55
0 626 56
9 1384 56
11 1456 56
28 395 56
38 553 56
43 705 56
56 243 56
65 1354 56
81 1058 56
82 888 56
93 987 56
94 1048 56
110 421 56
128 226 56
128 799 56
132 1461 56
136 900 56
138 663 56
139 672 56
154 675 56
157 531 56
158 536 56
159 1132 56
175 278 56
184 827 56
191 839 56
194 1325 56
197 748 56
200 1209 56
212 461 56
214 353 56
220 307 56
229 1287 56
234 507 56
238 621 56
248 1467 56
248 884 56
249 1409 56
259 867 56
266 1193 56
269 516 56
272 1096 56
280 1147 56
303 666 56
304 1233 56
310 452 56
317 990 56
339 541 56
374 1419 56
378 1254 56
415 1341 56
453 987 56
457 861 56
463 579 56
478 937 56
492 796 56
503 1188 56
546 1005 56
576 1092 56
592 986 56
600 901 56
601 1314 56
613 970 56
618 654 56
639 1087 56
655 1433 56
661 887 56
670 779 56
693 710 56
698 932 56
715 716 56
746 1081 56
751 1149 56
791 848 56
794 1174 56
851 1248 56
887 1283 56
924 1181 56
949 1353 56
995 1014 56
1125 1346 56
1159 1195 56
1163 1365 56
1181 1207 56
1197 1441 56
1203 1236 56
1205 1342 56
1207 1281 56
1248 1264 56
1262 1329 56
1276 1309 56
1296 1310 56
1320 1408 56
1329 1356 56
1346 1409 56
1354 1406 56
1360 1409 56
1360 1420 56
1371 1421 56
1377 1391 56
1384 1421 56
1390 1392 56
1394 1395 56
1396 1397 56
1410 1411 56
8 727 57
17 1328 57
22 898 57
48 467 57
53 422 57
56 364 57
59 250 57
72 1082 57
83 989 57
88 672 57
95 1098 57
101 966 57
117 989 57
125 1185 57
126 477 57
132 588 57
140 347 57
142 1463 57
144 832 57
147 988 57
158 1278 57
164 975 57
170 923 57
175 1346 57
177 770 57
187 1339 57
207 400 57
215 455 57
230 1446 57
244 266 57
263 1405 57
280 1105 57
280 286 57
282 625 57
287 778 57
290 1453 57
291 975 57
314 986 57
343 575 57
356 1143 57
387 879 57
407 1139 57
429 620 57
434 826 57
451 492 57
470 786 57
482 1374 57
483 1050 57
528 1203 57
560 1457 57
564 1310 57
564 689 57
596 1144 57
600 1349 57
606 843 57
606 1119 57
606 1347 57
608 945 57
615 897 57
621 1174 57
627 1140 57
631 1462 57
640 908 57
659 971 57
670 1110 57
707 925 57
734 933 57
741 763 57
753 1053 57
763 1020 57
770 1379 57
829 1383 57
869 1039 57
869 1161 57
883 1243 57
904 1163 57
907 1126 57
949 1019 57
991 1144 57
1004 1041 57
1018 1051 57
1022 1312 57
1022 1428 57
1033 1278 57
1038 1409 57
1072 1196 57
1095 1142 57
1149 1388 57
1150 1391 57
1181 1477 57
1190 1420 57
1276 1309 57
1288 1366 57
1290 1431 57
1290 1399 57
1296 1323 57
1306 1347 57
1309 1384 57
1309 1414 57
1315 1424 57
1320 1348 57
1323 1404 57
1328 1384 57
1330 1368 57
1335 1404 57
1345 1398 57
1346 1374 57
1347 1417 57
1348 1417 57
1353 1365 57
1363 1381 57
1371 1435 57
1389 1412 57
1395 1403 57
1413 1431 57
1416 1428 57
1420 1437 57
5 344 58
10 1053 58
15 1028 58
16 1085 58
17 1211 58
18 1152 58
22 1338 58
38 282 58
55 415 58
95 1011 58
102 602 58
110 578 58
133 621 58
182 516 58
184 1427 58
223 1193 58
238 567 58
256 1012 58
291 390 58
292 880 58
309 796 58
313 662 58
328 863 58
333 1102 58
334 1364 58
361 1115 58
362 1168 58
374 482 58
378 402 58
395 552 58
396 1079 58
432 716 58
449 982 58
453 1153 58
456 1437 58
467 891 58
527 553 58
530 1366 58
550 899 58
568 1262 58
628 983 58
638 894 58
655 665 58
658 683 58
752 1114 58
781 917 58
790 824 58
795 1054 58
805 1287 58
819 947 58
819 884 58
846 1340 58
849 1228 58
859 1312 58
862 1205 58
866 1268 58
930 1288 58
941 1474 58
1004 1387 58
1033 1148 58
1051 1080 58
1080 1118 58
1249 1454 58
1266 1310 58
1291 1437 58
1308 1412 58
1310 1350 58
1316 1449 58
1357 1401 58
1360 1437 58
1360 1457 58
1368 1395 58
1372 1416 58
1372 1454 58
1397 1401 58
1403 1458 58
1414 1433 58
1416 1428 58
1423 1432 58
1438 1444 58
1438 1445 58
1446 1447 58
1450 1451 58
14 982 59
27 338 59
35 1349 59
38 1462 59
38 326 59
91 622 59
121 1323 59
156 440 59
157 685 59
159 320 59
165 615 59
177 405 59
184 1267 59
229 464 59
241 1091 59
242 1128 59
245 276 59
253 1422 59
273 1289 59
291 1167 59
298 1148 59
305 311 59
314 1435 59
373 823 59
441 1289 59
449 709 59
452 783 59
455 1099 59
463 1010 59
513 888 59
522 962 59
539 964 59
541 872 59
558 1205 59
567 985 59
569 1001 59
578 1030 59
653 869 59
658 1266 59
659 865 59
663 756 59
746 1225 59
762 969 59
777 1321 59
809 1107 59
846 971 59
857 958 59
857 1083 59
865 1258 59
872 991 59
877 1402 59
926 1185 59
930 1001 59
956 1204 59
994 1363 59
1040 1449 59
1086 1200 59
1110 1177 59
1258 1424 59
1315 1329 59
1319 1470 59
1320 1355 59
1324 1347 59
1327 1357 59
1330 1465 59
1367 1395 59
1372 1455 59
1389 1474 59
25 687 60
34 580 60
115 1065 60
152 256 60
162 938 60
185 1242 60
186 303 60
204 1228 60
216 1158 60
280 725 60
314 1458 60
329 551 60
372 1081 60
433 803 60
453 1102 60
538 855 60
606 782 60
647 1023 60
753 1417 60
908 1386 60
1008 1399 60
1048 1186 60
1173 1467 60
1268 1416 60
1332 1447 60
1395 1407 60
1420 1455 60
1478 1479 60
