13 148 0
15 1304 0
34 431 0
45 449 0
46 1056 0
72 1078 0
74 561 0
101 102 0
104 293 0
129 738 0
133 692 0
135 698 0
137 1334 0
142 441 0
148 1382 0
149 622 0
157 1398 0
158 1414 0
193 360 0
226 739 0
236 855 0
244 640 0
272 707 0
283 1445 0
289 1112 0
302 774 0
305 889 0
310 1062 0
313 551 0
315 1006 0
323 654 0
330 1102 0
369 1300 0
393 522 0
402 895 0
418 974 0
437 650 0
462 722 0
477 1212 0
493 716 0
504 1148 0
525 673 0
527 1175 0
595 1376 0
600 1273 0
608 1313 0
613 1365 0
618 920 0
637 1166 0
639 671 0
641 1294 0
686 1438 0
715 897 0
719 1379 0
724 945 0
724 740 0
730 1293 0
732 1300 0
773 1352 0
791 1318 0
809 1019 0
815 1428 0
824 1406 0
829 878 0
830 1204 0
859 1165 0
913 1315 0
942 1265 0
985 1052 0
986 1282 0
1003 1187 0
1023 1197 0
1024 1437 0
1040 1117 0
1085 1449 0
1207 1465 0
1230 1467 0
1294 1405 0
1331 1408 0
18 638 1
18 1101 1
22 1265 1
28 986 1
37 1404 1
45 213 1
47 1241 1
54 98 1
71 644 1
72 1381 1
83 229 1
85 708 1
102 1189 1
108 529 1
108 1038 1
113 277 1
115 937 1
147 462 1
155 1118 1
174 1252 1
182 1075 1
192 557 1
221 747 1
222 1356 1
236 637 1
245 579 1
258 1458 1
259 376 1
262 1192 1
265 579 1
267 1355 1
289 928 1
349 1373 1
389 1202 1
398 882 1
405 526 1
405 1460 1
411 666 1
444 633 1
448 757 1
449 889 1
451 711 1
457 965 1
462 1382 1
463 1050 1
498 1245 1
510 1024 1
513 688 1
522 1156 1
526 1430 1
536 1355 1
541 999 1
549 849 1
560 658 1
564 602 1
578 1072 1
579 1254 1
604 1435 1
611 887 1
661 902 1
662 1244 1
663 1094 1
679 1190 1
684 1269 1
692 1250 1
693 783 1
713 762 1
724 984 1
730 1178 1
747 991 1
777 980 1
779 934 1
786 974 1
792 1427 1
792 1310 1
801 1366 1
814 1477 1
835 1335 1
858 1424 1
877 964 1
896 1209 1
908 1432 1
910 1173 1
919 932 1
923 1175 1
963 984 1
985 1155 1
1093 1189 1
1133 1247 1
1204 1418 1
1305 1338 1
8 1467 2
13 239 2
15 740 2
16 1001 2
18 442 2
22 1176 2
27 463 2
39 106 2
39 1013 2
41 489 2
48 421 2
54 225 2
67 798 2
69 476 2
77 1407 2
81 784 2
84 718 2
85 843 2
85 299 2
100 1260 2
100 1379 2
100 367 2
107 138 2
115 827 2
122 553 2
128 793 2
183 610 2
183 644 2
190 1330 2
192 481 2
204 1298 2
212 1119 2
214 1193 2
220 736 2
225 549 2
234 340 2
239 1023 2
256 1263 2
258 1234 2
270 555 2
279 1294 2
279 1132 2
282 1212 2
290 1156 2
295 872 2
297 1035 2
298 654 2
320 795 2
327 416 2
328 1434 2
330 1028 2
356 637 2
358 995 2
360 728 2
363 1283 2
367 1351 2
367 1107 2
372 433 2
373 1190 2
408 444 2
409 562 2
409 504 2
410 1439 2
419 999 2
421 619 2
427 1475 2
430 870 2
448 1439 2
457 1035 2
462 1410 2
463 517 2
464 856 2
465 512 2
469 1190 2
472 761 2
473 569 2
473 1375 2
480 1335 2
491 791 2
497 835 2
501 1099 2
507 1103 2
522 1203 2
525 1170 2
531 749 2
538 623 2
541 1224 2
547 1321 2
549 840 2
552 1275 2
564 1431 2
572 1133 2
575 581 2
586 1317 2
603 754 2
616 814 2
620 1167 2
625 708 2
629 1009 2
635 1372 2
638 937 2
655 1373 2
684 1364 2
686 1209 2
691 1031 2
696 983 2
697 1103 2
704 1444 2
709 1351 2
709 1270 2
723 772 2
729 1066 2
736 1350 2
740 1471 2
763 786 2
775 810 2
811 1232 2
814 1124 2
824 1406 2
842 1239 2
855 1135 2
868 1377 2
874 1397 2
879 946 2
900 1059 2
904 1359 2
922 1402 2
941 1229 2
944 1465 2
962 1079 2
972 1256 2
1004 1192 2
1011 1019 2
1015 1286 2
1033 1036 2
1041 1116 2
1049 1343 2
1050 1381 2
1059 1187 2
1091 1185 2
1146 1325 2
1160 1333 2
1171 1401 2
1216 1366 2
1231 1450 2
1296 1354 2
13 405 3
37 1310 3
56 130 3
60 415 3
75 919 3
86 1009 3
97 427 3
120 1095 3
123 1169 3
150 366 3
165 178 3
182 432 3
195 204 3
201 1334 3
246 781 3
257 336 3
272 1193 3
281 997 3
292 1394 3
294 1339 3
316 1384 3
317 345 3
317 1355 3
319 622 3
331 432 3
336 927 3
338 481 3
346 1002 3
350 1375 3
387 977 3
393 508 3
395 914 3
398 918 3
441 702 3
453 612 3
454 909 3
467 910 3
491 976 3
496 1457 3
497 655 3
507 663 3
564 1451 3
583 760 3
584 1368 3
590 1020 3
595 909 3
604 953 3
614 1342 3
638 1180 3
638 993 3
644 894 3
661 1284 3
664 912 3
689 1474 3
693 1259 3
715 784 3
719 1416 3
737 1410 3
768 1423 3
793 867 3
804 1184 3
804 968 3
816 1186 3
830 868 3
836 968 3
890 1009 3
946 1042 3
994 1409 3
997 1278 3
1044 1060 3
1057 1080 3
1156 1415 3
1171 1243 3
1189 1297 3
1205 1279 3
1292 1420 3
1308 1331 3
16 1008 4
20 1059 4
24 856 4
24 1350 4
28 967 4
33 478 4
37 1198 4
51 443 4
55 373 4
61 340 4
66 1266 4
73 399 4
88 957 4
99 1070 4
99 1147 4
101 316 4
121 561 4
127 788 4
130 1389 4
152 901 4
155 742 4
159 1011 4
159 1395 4
161 1402 4
169 1089 4
178 725 4
195 670 4
205 1148 4
207 755 4
230 883 4
235 1067 4
242 616 4
277 915 4
281 803 4
284 1249 4
284 1070 4
292 1278 4
294 1359 4
311 1242 4
314 598 4
338 472 4
339 685 4
361 1160 4
374 543 4
389 1140 4
407 818 4
414 753 4
428 989 4
434 905 4
435 1203 4
436 725 4
446 901 4
451 1303 4
471 937 4
476 873 4
498 982 4
533 975 4
540 1247 4
542 1169 4
590 1221 4
605 896 4
606 1414 4
628 1430 4
629 1130 4
636 1306 4
701 1396 4
725 820 4
759 1437 4
762 1251 4
785 1133 4
797 1346 4
802 1069 4
815 988 4
817 1390 4
847 1179 4
866 1140 4
873 1425 4
884 1294 4
885 1013 4
890 1118 4
898 1201 4
908 1341 4
912 1414 4
923 1053 4
964 1199 4
983 1228 4
989 1373 4
1000 1103 4
1054 1274 4
1058 1080 4
1075 1448 4
1141 1393 4
1279 1407 4
1313 1359 4
36 1187 5
76 162 5
83 1100 5
102 843 5
118 1376 5
137 380 5
152 1197 5
177 717 5
192 628 5
193 1061 5
204 456 5
206 1391 5
233 808 5
238 1134 5
250 888 5
252 682 5
255 802 5
264 716 5
270 712 5
276 387 5
289 1204 5
298 900 5
311 878 5
374 775 5
387 1115 5
388 1301 5
393 1149 5
413 715 5
462 1367 5
471 1094 5
489 637 5
503 1293 5
510 698 5
521 604 5
522 932 5
567 1035 5
633 1478 5
657 758 5
698 948 5
704 1075 5
708 888 5
722 1035 5
744 1330 5
765 1034 5
767 817 5
782 953 5
783 914 5
790 973 5
825 1310 5
839 888 5
909 1398 5
927 1303 5
964 986 5
1002 1230 5
1009 1203 5
1034 1393 5
1080 1160 5
1105 1260 5
1125 1395 5
1235 1388 5
1294 1456 5
1417 1451 5
8 703 6
27 1393 6
46 543 6
55 302 6
65 1396 6
96 1433 6
153 1421 6
231 1276 6
248 709 6
317 373 6
341 417 6
360 608 6
361 1440 6
370 1240 6
423 993 6
429 501 6
448 741 6
453 506 6
453 626 6
459 800 6
486 537 6
504 778 6
515 1355 6
618 918 6
625 1357 6
684 723 6
755 1106 6
795 1211 6
810 877 6
835 1241 6
849 1268 6
881 933 6
934 1071 6
981 991 6
982 1030 6
1023 1397 6
1057 1149 6
1110 1293 6
39 909 7
53 639 7
101 527 7
102 431 7
147 427 7
190 1393 7
221 1116 7
251 1350 7
333 403 7
338 978 7
345 1296 7
345 1222 7
363 634 7
393 630 7
418 919 7
454 586 7
580 598 7
589 888 7
801 1210 7
970 1228 7
1104 1207 7
1 1327 8
27 179 8
32 103 8
37 1110 8
52 1160 8
56 451 8
58 1479 8
70 1040 8
104 1184 8
105 698 8
110 469 8
121 1334 8
131 424 8
145 622 8
154 1145 8
160 331 8
165 1109 8
166 669 8
181 652 8
248 396 8
254 1219 8
271 1273 8
273 1035 8
274 1263 8
277 731 8
407 623 8
415 620 8
445 690 8
445 1407 8
521 1337 8
525 1318 8
531 1309 8
540 829 8
563 703 8
578 1088 8
599 1246 8
642 1253 8
680 697 8
710 1386 8
749 1045 8
782 1080 8
810 986 8
825 1196 8
879 1351 8
879 1231 8
933 1127 8
1094 1427 8
1244 1306 8
0 194 9
9 324 9
11 537 9
17 39 9
19 94 9
21 420 9
24 1325 9
29 72 9
35 143 9
38 162 9
46 226 9
46 678 9
49 512 9
52 798 9
54 1194 9
58 950 9
62 1042 9
63 1417 9
77 307 9
77 428 9
78 1379 9
81 1093 9
96 758 9
100 311 9
108 1448 9
109 1324 9
111 451 9
117 146 9
121 644 9
129 387 9
131 736 9
143 389 9
145 1455 9
147 231 9
154 858 9
163 1313 9
167 384 9
178 751 9
178 547 9
183 189 9
197 257 9
201 718 9
210 734 9
210 763 9
213 523 9
213 708 9
228 663 9
231 264 9
241 1199 9
243 1221 9
265 1083 9
270 308 9
274 647 9
275 685 9
275 305 9
276 1010 9
293 750 9
297 787 9
301 906 9
307 1386 9
307 1449 9
308 708 9
308 418 9
310 1147 9
315 673 9
321 498 9
327 974 9
330 997 9
330 1422 9
332 335 9
334 1450 9
337 361 9
342 1114 9
345 790 9
350 391 9
359 875 9
368 788 9
370 1309 9
381 993 9
382 1262 9
386 1430 9
406 859 9
410 813 9
415 544 9
416 833 9
423 1244 9
428 675 9
448 948 9
449 751 9
451 1117 9
456 1277 9
457 1330 9
458 1393 9
468 1380 9
473 696 9
495 554 9
504 577 9
523 1328 9
525 1310 9
532 874 9
534 1165 9
548 1466 9
565 1318 9
565 1457 9
573 655 9
575 1347 9
600 1264 9
604 736 9
610 1307 9
617 841 9
617 1012 9
637 918 9
654 821 9
663 1281 9
670 941 9
670 1180 9
680 977 9
694 1214 9
695 1116 9
706 968 9
733 946 9
738 1255 9
763 1261 9
771 866 9
773 1317 9
799 1228 9
801 1332 9
810 1147 9
820 1454 9
822 1132 9
824 1340 9
827 1160 9
868 1035 9
871 1057 9
874 909 9
878 1409 9
921 1390 9
933 1362 9
950 968 9
1015 1190 9
1051 1457 9
1084 1415 9
1084 1428 9
1087 1454 9
1117 1201 9
1122 1230 9
1129 1339 9
1184 1404 9
1240 1313 9
1268 1295 9
1308 1460 9
1332 1339 9
1407 1412 9
0 745 10
6 1383 10
10 113 10
23 70 10
28 63 10
28 328 10
29 806 10
52 394 10
53 1095 10
61 803 10
63 635 10
64 544 10
64 837 10
68 1202 10
88 1007 10
145 422 10
148 342 10
149 325 10
166 1274 10
174 411 10
220 1319 10
221 954 10
228 871 10
231 795 10
255 705 10
268 993 10
269 953 10
269 1000 10
271 318 10
283 288 10
295 976 10
330 720 10
346 1445 10
349 508 10
361 407 10
378 722 10
396 1261 10
438 464 10
440 805 10
465 476 10
466 940 10
477 518 10
479 730 10
512 642 10
514 1063 10
517 786 10
523 679 10
527 1368 10
540 1169 10
540 1260 10
550 567 10
553 990 10
554 863 10
557 1259 10
562 1410 10
565 1423 10
580 939 10
581 1421 10
613 834 10
644 920 10
658 718 10
688 1326 10
688 733 10
695 1287 10
703 876 10
724 1257 10
742 1076 10
760 1336 10
768 1297 10
793 1265 10
793 1402 10
802 1062 10
805 1069 10
827 989 10
831 1040 10
832 1437 10
841 1351 10
847 1107 10
884 1147 10
906 1107 10
929 1072 10
935 946 10
937 1066 10
969 1430 10
973 1287 10
1020 1227 10
1034 1339 10
1061 1177 10
1082 1125 10
1094 1178 10
1110 1127 10
1277 1318 10
1295 1387 10
5 1028 11
7 871 11
16 411 11
46 369 11
48 284 11
56 1451 11
67 1452 11
73 450 11
73 891 11
73 179 11
79 1084 11
80 1426 11
84 639 11
90 1075 11
94 179 11
98 680 11
99 1178 11
101 1161 11
103 435 11
106 844 11
106 620 11
112 973 11
115 1051 11
115 645 11
117 1453 11
121 131 11
123 861 11
128 1070 11
142 638 11
147 1305 11
163 780 11
168 1363 11
173 1467 11
177 988 11
183 329 11
184 1464 11
186 1070 11
189 1229 11
192 948 11
197 958 11
211 912 11
212 304 11
214 714 11
217 927 11
223 1281 11
230 302 11
231 826 11
234 548 11
239 958 11
241 891 11
246 964 11
247 751 11
248 1337 11
248 1268 11
256 1393 11
257 814 11
268 306 11
268 1091 11
283 972 11
295 436 11
301 1306 11
304 1034 11
306 1025 11
306 841 11
314 1450 11
321 679 11
321 1315 11
343 854 11
349 1189 11
359 896 11
360 667 11
364 1214 11
368 1454 11
371 1268 11
372 1366 11
378 519 11
384 695 11
386 758 11
398 1367 11
416 1160 11
421 975 11
424 815 11
426 638 11
431 1234 11
437 681 11
443 592 11
446 908 11
446 542 11
450 1031 11
452 1005 11
460 752 11
464 1080 11
474 660 11
495 914 11
498 747 11
515 526 11
521 1120 11
533 985 11
551 763 11
570 1449 11
571 1478 11
579 1146 11
583 967 11
602 1278 11
607 888 11
608 1070 11
608 1271 11
638 800 11
645 976 11
649 1100 11
666 1372 11
673 1447 11
676 1361 11
686 1222 11
690 1107 11
706 1307 11
709 1291 11
725 1165 11
734 1107 11
739 980 11
740 909 11
743 1212 11
752 973 11
755 1303 11
755 940 11
770 833 11
779 1141 11
782 915 11
789 1061 11
800 1363 11
807 1260 11
826 1320 11
834 916 11
840 1294 11
841 1172 11
846 921 11
847 1150 11
861 914 11
873 1165 11
881 1260 11
891 1422 11
917 1312 11
924 1191 11
938 1151 11
947 1313 11
955 1193 11
955 1404 11
958 1010 11
961 1098 11
968 1238 11
974 1050 11
988 1240 11
993 1287 11
996 1085 11
998 1062 11
1001 1141 11
1004 1320 11
1010 1017 11
1011 1187 11
1026 1230 11
1026 1179 11
1034 1237 11
1052 1100 11
1054 1070 11
1067 1311 11
1081 1284 11
1113 1372 11
1146 1323 11
1157 1176 11
1176 1326 11
1179 1244 11
1244 1256 11
1255 1419 11
1339 1459 11
1341 1383 11
1371 1425 11
1409 1418 11
9 556 12
26 994 12
31 350 12
31 617 12
31 655 12
40 275 12
42 331 12
48 894 12
49 1053 12
61 1158 12
78 1252 12
80 751 12
81 230 12
94 1315 12
115 131 12
119 712 12
121 907 12
140 1067 12
141 1402 12
142 1042 12
158 693 12
161 1036 12
164 1079 12
164 325 12
176 243 12
180 374 12
189 662 12
209 1402 12
221 987 12
228 928 12
228 1282 12
228 285 12
250 1061 12
252 689 12
265 460 12
277 636 12
292 1292 12
324 1390 12
325 437 12
330 963 12
355 583 12
364 623 12
382 704 12
392 705 12
394 414 12
421 624 12
427 1361 12
459 1457 12
461 1396 12
472 664 12
474 1125 12
487 1359 12
494 727 12
533 657 12
541 563 12
546 799 12
550 854 12
553 1372 12
560 914 12
565 1020 12
565 1101 12
567 1396 12
569 601 12
587 1177 12
592 707 12
606 1397 12
608 1063 12
611 911 12
620 1004 12
629 900 12
639 1185 12
647 995 12
680 831 12
685 1392 12
716 923 12
716 1243 12
726 809 12
739 1118 12
741 922 12
744 1313 12
749 1086 12
771 1297 12
794 1110 12
811 1383 12
820 1370 12
847 1251 12
871 1478 12
887 1345 12
912 987 12
926 1135 12
948 1149 12
950 1087 12
958 1319 12
964 1289 12
981 1095 12
1006 1466 12
1024 1451 12
1044 1272 12
1049 1081 12
1074 1468 12
1079 1267 12
1088 1113 12
1120 1343 12
1132 1476 12
1146 1296 12
1216 1269 12
1233 1314 12
1248 1352 12
1285 1426 12
1334 1418 12
1377 1471 12
1419 1431 12
9 1405 13
11 807 13
29 154 13
47 1307 13
61 950 13
71 864 13
93 388 13
167 1092 13
186 559 13
200 365 13
236 779 13
254 680 13
265 391 13
291 678 13
293 1211 13
308 992 13
310 1367 13
323 1321 13
344 366 13
433 660 13
440 1045 13
452 1460 13
471 657 13
479 677 13
485 1369 13
556 631 13
581 1449 13
636 1166 13
647 1067 13
700 1073 13
803 1307 13
893 1002 13
905 1110 13
933 1311 13
1002 1256 13
1004 1382 13
1071 1140 13
1096 1173 13
1141 1352 13
22 541 14
34 769 14
44 977 14
45 898 14
50 884 14
51 497 14
61 71 14
61 368 14
63 1165 14
73 724 14
73 515 14
76 466 14
80 832 14
97 305 14
98 511 14
98 177 14
99 804 14
104 855 14
107 754 14
113 638 14
123 1250 14
125 1328 14
131 1448 14
143 820 14
144 1001 14
145 605 14
146 1252 14
147 1390 14
147 1458 14
152 932 14
154 253 14
179 567 14
182 1445 14
192 1209 14
193 882 14
194 311 14
195 1202 14
195 751 14
198 1432 14
201 852 14
203 400 14
205 1044 14
210 1219 14
212 765 14
212 405 14
220 252 14
221 1078 14
224 322 14
234 853 14
235 653 14
236 253 14
253 1208 14
263 1415 14
266 636 14
269 533 14
273 532 14
275 573 14
286 828 14
286 1039 14
293 968 14
297 675 14
305 416 14
307 1120 14
310 374 14
315 825 14
315 686 14
330 531 14
347 1030 14
350 1108 14
365 753 14
371 686 14
373 735 14
376 1321 14
378 436 14
378 999 14
381 1146 14
386 804 14
388 942 14
392 551 14
399 992 14
404 830 14
409 456 14
426 1269 14
429 943 14
431 602 14
431 753 14
438 810 14
451 1307 14
458 1334 14
460 1464 14
461 654 14
465 1307 14
475 1453 14
481 1371 14
494 873 14
494 1003 14
494 1114 14
499 985 14
501 926 14
504 649 14
506 807 14
514 674 14
518 1042 14
538 880 14
542 848 14
545 1371 14
547 1239 14
550 993 14
552 1183 14
557 1471 14
558 801 14
560 602 14
570 815 14
574 665 14
583 1449 14
584 698 14
585 1072 14
589 984 14
601 1039 14
611 1079 14
612 791 14
617 1023 14
618 1266 14
619 1021 14
619 1423 14
630 1231 14
637 1275 14
641 1087 14
642 1038 14
643 673 14
650 750 14
661 913 14
670 914 14
678 760 14
689 1118 14
693 1217 14
707 1465 14
707 1167 14
714 1222 14
720 861 14
742 1023 14
743 1164 14
747 1298 14
782 1410 14
784 1239 14
796 1183 14
811 1110 14
813 1342 14
814 1365 14
824 980 14
830 1423 14
833 1346 14
837 1255 14
850 1064 14
851 1462 14
854 1436 14
856 903 14
862 1167 14
864 931 14
876 1448 14
892 938 14
899 1258 14
901 1077 14
907 1321 14
908 1264 14
920 1090 14
922 1320 14
927 1269 14
940 1013 14
949 995 14
950 1087 14
956 1323 14
970 1342 14
975 1319 14
976 1374 14
986 1453 14
996 1390 14
1027 1310 14
1030 1175 14
1059 1206 14
1075 1096 14
1076 1346 14
1077 1360 14
1077 1407 14
1084 1142 14
1089 1260 14
1093 1101 14
1093 1228 14
1113 1203 14
1167 1444 14
1218 1247 14
1230 1389 14
1252 1366 14
1303 1314 14
1363 1383 14
1370 1472 14
1406 1467 14
1412 1477 14
4 831 15
45 1155 15
59 198 15
69 1234 15
81 679 15
88 385 15
89 242 15
103 1243 15
103 494 15
104 591 15
108 1023 15
119 1291 15
140 532 15
169 233 15
222 412 15
233 478 15
233 899 15
238 244 15
246 742 15
248 1409 15
273 1278 15
277 1131 15
280 1376 15
287 1341 15
292 879 15
305 959 15
309 561 15
323 1294 15
325 888 15
332 988 15
334 744 15
345 945 15
378 1043 15
381 958 15
381 524 15
384 843 15
398 603 15
416 600 15
444 696 15
454 692 15
480 1045 15
510 770 15
530 610 15
535 1328 15
540 736 15
543 803 15
563 1324 15
574 1310 15
580 703 15
583 1143 15
597 1478 15
676 1182 15
702 1150 15
749 950 15
755 1081 15
756 940 15
798 1411 15
798 1420 15
824 1306 15
847 1074 15
853 1159 15
865 1454 15
880 1466 15
894 952 15
929 1326 15
946 1118 15
993 1130 15
1020 1042 15
1029 1115 15
1032 1303 15
1057 1349 15
1070 1229 15
1143 1258 15
1200 1338 15
1272 1366 15
1304 1355 15
9 474 16
17 286 16
18 857 16
21 254 16
43 702 16
45 134 16
46 334 16
59 980 16
63 382 16
75 416 16
76 1408 16
80 1425 16
81 1255 16
82 1432 16
93 1316 16
100 212 16
102 257 16
107 1464 16
120 1137 16
134 498 16
135 819 16
155 775 16
160 1412 16
162 1325 16
173 1476 16
185 190 16
188 437 16
190 367 16
203 647 16
224 1464 16
247 334 16
255 812 16
261 1072 16
275 1423 16
285 1324 16
295 646 16
315 633 16
353 772 16
358 676 16
379 1450 16
380 646 16
383 1196 16
396 1351 16
406 1139 16
427 902 16
439 1157 16
444 1109 16
446 1359 16
447 859 16
447 1026 16
462 894 16
476 647 16
482 1018 16
485 782 16
486 992 16
499 1317 16
502 776 16
507 1414 16
524 818 16
540 693 16
554 756 16
561 1360 16
570 1100 16
601 930 16
606 696 16
624 635 16
647 1035 16
665 1202 16
670 736 16
683 694 16
700 1239 16
704 1070 16
736 1024 16
740 996 16
750 1250 16
761 801 16
771 1304 16
802 1184 16
827 1325 16
867 889 16
869 1316 16
891 1147 16
896 1037 16
907 1379 16
909 1417 16
957 1194 16
970 1082 16
980 1348 16
1016 1285 16
1043 1458 16
1043 1307 16
1056 1057 16
1059 1406 16
1134 1379 16
1176 1295 16
1239 1368 16
1322 1370 16
11 537 17
15 1104 17
23 542 17
33 154 17
39 1242 17
57 279 17
75 859 17
79 565 17
101 1438 17
112 812 17
140 750 17
142 740 17
146 215 17
156 401 17
157 1085 17
174 288 17
231 523 17
259 517 17
262 601 17
297 857 17
320 829 17
327 824 17
341 391 17
343 484 17
384 875 17
385 457 17
401 607 17
422 1060 17
422 1355 17
434 1363 17
456 1387 17
464 973 17
468 1306 17
477 1401 17
502 575 17
520 663 17
530 977 17
536 1105 17
538 1266 17
539 829 17
546 1337 17
559 568 17
567 1283 17
642 1414 17
645 1048 17
668 1318 17
680 1066 17
706 902 17
711 737 17
728 750 17
747 1360 17
750 1337 17
752 1066 17
774 1132 17
778 1371 17
798 1176 17
812 1366 17
875 1040 17
921 1333 17
966 1210 17
966 992 17
997 1156 17
1009 1182 17
1051 1270 17
1074 1093 17
1080 1437 17
1083 1239 17
1272 1401 17
1283 1418 17
29 1371 18
34 503 18
71 1418 18
91 1173 18
111 1068 18
147 430 18
155 602 18
162 954 18
174 205 18
229 1029 18
258 290 18
267 1154 18
284 492 18
306 1145 18
312 1168 18
329 904 18
361 1202 18
365 1376 18
381 449 18
405 1059 18
423 1218 18
437 1054 18
530 1010 18
540 1134 18
555 823 18
562 1472 18
599 734 18
610 1201 18
666 1112 18
669 988 18
696 1358 18
698 705 18
699 979 18
752 1234 18
762 836 18
809 840 18
811 924 18
816 1292 18
819 1445 18
819 919 18
913 1306 18
933 1170 18
948 1163 18
970 1246 18
976 1284 18
1012 1436 18
1022 1100 18
1042 1144 18
1108 1255 18
1143 1285 18
1185 1215 18
1317 1391 18
1 1088 19
5 69 19
14 1295 19
22 1073 19
24 1373 19
34 627 19
37 1413 19
43 1020 19
58 158 19
61 292 19
68 1014 19
82 919 19
83 957 19
95 1208 19
116 208 19
129 399 19
135 1161 19
137 554 19
145 1084 19
156 1021 19
164 1195 19
169 330 19
176 834 19
188 369 19
191 300 19
202 990 19
212 273 19
231 913 19
240 1466 19
241 1333 19
261 372 19
265 274 19
271 1238 19
272 811 19
289 1125 19
307 1032 19
319 884 19
324 1251 19
348 819 19
351 1319 19
353 470 19
365 856 19
368 1197 19
369 1056 19
372 997 19
398 817 19
417 714 19
422 878 19
432 1092 19
440 1276 19
449 876 19
450 710 19
451 1124 19
488 1378 19
488 941 19
502 1251 19
504 980 19
518 816 19
522 1455 19
560 1349 19
572 878 19
581 617 19
593 1415 19
595 936 19
600 1407 19
603 1011 19
617 1159 19
621 678 19
668 986 19
678 1327 19
678 1166 19
703 1259 19
748 997 19
764 916 19
767 1376 19
779 1043 19
801 936 19
805 978 19
814 1184 19
828 1479 19
838 863 19
850 897 19
881 1369 19
883 990 19
903 1289 19
928 1460 19
949 1274 19
958 1071 19
960 1443 19
976 1390 19
990 1354 19
1029 1267 19
1055 1062 19
1061 1079 19
1088 1139 19
1154 1224 19
1168 1435 19
1271 1372 19
1277 1319 19
1367 1450 19
4 1178 20
5 1452 20
6 850 20
6 1020 20
10 1026 20
16 212 20
18 1230 20
19 1318 20
19 1406 20
35 1056 20
39 1003 20
50 267 20
53 1354 20
61 812 20
70 1386 20
74 298 20
82 537 20
105 1264 20
107 1217 20
113 1056 20
120 847 20
122 836 20
124 425 20
125 334 20
131 756 20
135 508 20
141 820 20
155 840 20
156 1354 20
176 603 20
187 1300 20
188 392 20
193 1175 20
195 601 20
206 740 20
230 1354 20
239 326 20
247 818 20
250 1012 20
254 296 20
263 475 20
268 881 20
276 541 20
278 1303 20
280 1327 20
296 574 20
300 1195 20
308 1415 20
308 832 20
308 442 20
309 1048 20
313 582 20
315 1070 20
323 399 20
323 721 20
323 691 20
325 859 20
325 614 20
332 473 20
347 973 20
348 551 20
350 548 20
364 715 20
373 1239 20
375 1190 20
383 858 20
384 1218 20
388 956 20
401 1295 20
419 496 20
423 1141 20
432 558 20
451 1170 20
452 966 20
452 1304 20
455 1438 20
471 618 20
475 1185 20
475 1059 20
476 1274 20
492 1140 20
493 1461 20
498 666 20
501 610 20
505 832 20
515 1112 20
516 968 20
518 541 20
522 920 20
533 796 20
540 630 20
540 972 20
551 983 20
557 691 20
559 1294 20
560 1400 20
586 982 20
589 952 20
594 1237 20
594 830 20
616 1061 20
626 1145 20
633 1402 20
634 1275 20
648 1276 20
656 1028 20
659 1352 20
660 1181 20
669 1466 20
703 854 20
709 1086 20
721 1401 20
724 1345 20
726 1239 20
784 866 20
789 1082 20
811 1053 20
843 1398 20
844 1470 20
848 1231 20
850 1223 20
876 1145 20
896 1418 20
897 1011 20
898 1143 20
899 1316 20
902 1117 20
912 1146 20
918 1304 20
918 1191 20
921 1370 20
929 1055 20
931 1412 20
937 1168 20
999 1168 20
1002 1457 20
1020 1447 20
1027 1386 20
1030 1477 20
1035 1362 20
1054 1341 20
1075 1278 20
1080 1154 20
1087 1158 20
1091 1392 20
1117 1333 20
1147 1215 20
1152 1224 20
1159 1401 20
1171 1301 20
1175 1369 20
1185 1200 20
1192 1205 20
1197 1382 20
1213 1435 20
1216 1421 20
1226 1369 20
1311 1455 20
14 806 21
14 759 21
19 549 21
24 1232 21
45 742 21
49 268 21
52 601 21
54 507 21
57 539 21
57 1008 21
58 668 21
68 1122 21
69 1434 21
72 732 21
81 482 21
81 481 21
84 1081 21
86 253 21
91 829 21
97 415 21
98 1422 21
101 290 21
101 193 21
108 1072 21
129 706 21
130 595 21
143 964 21
143 600 21
144 202 21
145 974 21
149 769 21
151 473 21
155 1374 21
158 1333 21
162 620 21
166 534 21
167 1122 21
167 1162 21
170 398 21
174 623 21
174 286 21
175 693 21
175 208 21
178 1187 21
180 1114 21
181 189 21
194 944 21
197 815 21
204 661 21
209 1089 21
210 699 21
211 1012 21
214 1119 21
222 1074 21
224 484 21
224 1069 21
226 352 21
235 826 21
248 1316 21
250 1045 21
254 867 21
267 1341 21
281 1124 21
307 711 21
310 1337 21
318 1472 21
320 512 21
321 1096 21
321 1219 21
325 857 21
326 414 21
329 1003 21
329 1365 21
329 594 21
330 1008 21
332 435 21
337 933 21
343 976 21
344 568 21
354 1288 21
362 743 21
381 1356 21
383 993 21
384 408 21
384 1468 21
392 520 21
397 796 21
409 1343 21
426 1228 21
428 1245 21
455 1176 21
458 795 21
474 481 21
479 1397 21
488 638 21
509 1437 21
510 1344 21
514 1102 21
533 904 21
536 1259 21
538 1204 21
543 614 21
557 1426 21
568 1301 21
574 1345 21
576 1322 21
589 1185 21
590 956 21
590 646 21
592 669 21
637 1143 21
640 1403 21
644 747 21
658 991 21
666 1168 21
680 1440 21
688 845 21
697 979 21
716 786 21
717 1333 21
718 979 21
725 1350 21
748 1197 21
756 1210 21
758 1098 21
775 1061 21
802 905 21
837 1131 21
839 1340 21
843 960 21
857 1358 21
876 954 21
876 1240 21
878 1351 21
892 1301 21
897 964 21
905 1328 21
923 1267 21
928 1341 21
930 1019 21
931 1034 21
958 1288 21
975 1077 21
1006 1411 21
1021 1412 21
1030 1334 21
1037 1294 21
1066 1287 21
1087 1136 21
1098 1472 21
1104 1422 21
1121 1233 21
1140 1413 21
1140 1408 21
1170 1347 21
1200 1437 21
1208 1251 21
1236 1417 21
1242 1362 21
1248 1363 21
1300 1365 21
1338 1373 21
4 825 22
17 599 22
18 659 22
22 489 22
37 51 22
40 943 22
43 910 22
48 1158 22
48 412 22
57 1034 22
59 793 22
59 644 22
62 947 22
64 992 22
66 996 22
66 1288 22
69 918 22
77 441 22
86 1138 22
91 579 22
103 1331 22
106 697 22
111 446 22
113 820 22
130 322 22
151 866 22
154 1072 22
155 292 22
166 704 22
166 290 22
177 855 22
183 1230 22
188 550 22
190 256 22
205 259 22
210 891 22
218 453 22
236 1456 22
251 304 22
258 439 22
258 1078 22
264 1175 22
274 1345 22
280 297 22
287 523 22
290 413 22
294 356 22
295 1366 22
295 1202 22
297 671 22
305 1212 22
305 931 22
307 1456 22
308 723 22
313 1240 22
317 1328 22
319 1458 22
320 1295 22
327 1018 22
328 1082 22
339 722 22
358 1354 22
358 636 22
363 403 22
367 1403 22
376 688 22
383 467 22
401 620 22
402 1214 22
406 998 22
407 631 22
410 852 22
412 1396 22
448 874 22
460 923 22
460 879 22
480 858 22
491 623 22
514 1192 22
515 1245 22
515 1347 22
536 1418 22
545 612 22
557 1374 22
578 726 22
582 1187 22
586 1113 22
591 1310 22
594 1092 22
610 972 22
629 1169 22
629 1360 22
640 916 22
646 1051 22
649 839 22
654 863 22
679 863 22
683 836 22
716 1058 22
734 908 22
741 1008 22
744 814 22
745 1118 22
746 810 22
754 1087 22
760 767 22
774 1090 22
779 789 22
784 1447 22
810 1332 22
822 1201 22
829 1350 22
839 1369 22
840 1241 22
851 1309 22
874 1086 22
884 1341 22
886 1045 22
895 1461 22
912 1385 22
917 1086 22
930 1055 22
938 978 22
940 1145 22
947 1392 22
948 1409 22
951 1309 22
955 1183 22
965 1471 22
980 1011 22
985 1099 22
985 1075 22
992 1349 22
1005 1232 22
1014 1326 22
1025 1281 22
1029 1450 22
1055 1353 22
1096 1139 22
1128 1403 22
1147 1343 22
1422 1443 22
1 1338 23
9 110 23
15 1242 23
22 943 23
23 345 23
34 1207 23
53 211 23
56 63 23
73 172 23
98 1297 23
102 1153 23
108 493 23
110 969 23
111 1393 23
117 434 23
126 1417 23
128 631 23
151 699 23
156 1403 23
159 322 23
166 1445 23
170 726 23
173 432 23
174 706 23
174 382 23
177 257 23
179 345 23
182 653 23
186 400 23
202 1415 23
203 1392 23
208 730 23
245 1017 23
245 653 23
251 502 23
252 337 23
255 359 23
256 1046 23
257 496 23
257 1289 23
258 1023 23
260 790 23
261 1339 23
263 453 23
268 1034 23
284 884 23
286 442 23
291 1061 23
303 977 23
306 966 23
307 1297 23
342 1350 23
343 761 23
355 1370 23
361 1223 23
366 1475 23
386 1250 23
397 940 23
411 1083 23
411 1444 23
418 651 23
422 1317 23
423 771 23
423 919 23
431 1293 23
441 1453 23
444 727 23
445 682 23
446 1202 23
467 1032 23
473 513 23
501 542 23
507 1048 23
508 681 23
508 618 23
535 1450 23
537 927 23
548 1295 23
565 887 23
572 1245 23
622 1433 23
623 1308 23
628 1069 23
628 971 23
634 935 23
648 961 23
648 1043 23
649 1165 23
662 1092 23
663 1040 23
689 1162 23
704 1347 23
711 1261 23
713 819 23
742 1408 23
751 815 23
761 853 23
767 1246 23
772 1464 23
779 1079 23
797 1024 23
835 1186 23
841 904 23
870 1137 23
913 1382 23
916 1174 23
936 1323 23
954 1340 23
1001 1052 23
1003 1257 23
1015 1387 23
1023 1358 23
1029 1180 23
1042 1302 23
1050 1285 23
1056 1164 23
1068 1344 23
1080 1269 23
1107 1469 23
1114 1461 23
1116 1217 23
1118 1184 23
1136 1289 23
1143 1464 23
1158 1177 23
1174 1239 23
1186 1200 23
1187 1313 23
1230 1473 23
1257 1287 23
1258 1440 23
1284 1419 23
1358 1479 23
2 75 24
3 817 24
11 246 24
91 1329 24
114 1423 24
133 1478 24
154 207 24
181 474 24
189 484 24
198 1329 24
244 1156 24
253 1234 24
296 1071 24
322 437 24
343 437 24
361 1169 24
369 941 24
400 1043 24
422 1286 24
437 1274 24
440 1391 24
481 1150 24
498 989 24
520 636 24
535 836 24
552 998 24
561 729 24
596 1137 24
597 1409 24
614 637 24
651 1407 24
660 1375 24
722 1005 24
747 1325 24
799 1335 24
806 865 24
822 1479 24
838 968 24
858 1098 24
864 1414 24
865 1413 24
891 1437 24
936 1046 24
952 1091 24
962 1083 24
986 1029 24
1057 1355 24
1103 1404 24
1105 1419 24
1134 1235 24
1149 1277 24
1350 1471 24
3 1338 25
10 926 25
29 384 25
40 341 25
65 516 25
97 1474 25
105 424 25
106 1416 25
111 531 25
124 1124 25
129 1430 25
135 595 25
153 998 25
162 235 25
175 662 25
185 960 25
190 397 25
191 1295 25
192 376 25
213 395 25
219 829 25
236 798 25
251 846 25
258 1459 25
267 302 25
275 668 25
281 1406 25
284 1315 25
290 521 25
306 1408 25
306 760 25
308 1130 25
312 726 25
321 989 25
345 1013 25
348 966 25
365 1072 25
367 689 25
377 689 25
378 1331 25
382 391 25
387 1428 25
393 921 25
412 1243 25
439 1378 25
465 604 25
489 1095 25
497 1212 25
506 1450 25
549 812 25
578 1070 25
581 671 25
612 905 25
620 1375 25
686 1163 25
705 1273 25
729 780 25
730 811 25
773 1043 25
793 1113 25
818 1168 25
862 1151 25
867 1206 25
871 1295 25
874 1055 25
890 1206 25
900 1266 25
932 1426 25
939 1316 25
968 1140 25
1037 1413 25
1042 1205 25
1063 1403 25
1091 1123 25
1134 1375 25
1217 1380 25
0 65 26
6 318 26
12 149 26
13 345 26
18 1191 26
25 812 26
26 421 26
49 354 26
60 473 26
73 435 26
76 223 26
83 1354 26
98 923 26
98 1093 26
120 1403 26
123 1231 26
123 1353 26
137 1153 26
156 1016 26
160 266 26
164 558 26
182 435 26
182 1401 26
188 1319 26
190 644 26
204 1364 26
204 712 26
208 325 26
209 1362 26
209 665 26
213 455 26
215 1313 26
226 522 26
227 1392 26
230 1345 26
237 604 26
249 850 26
276 1143 26
302 771 26
340 662 26
342 705 26
345 1360 26
345 547 26
381 903 26
398 833 26
413 1267 26
416 478 26
420 841 26
425 501 26
439 561 26
448 1416 26
462 1217 26
465 535 26
476 1202 26
482 740 26
517 955 26
523 1107 26
524 893 26
541 1448 26
550 746 26
553 1280 26
562 566 26
564 925 26
577 1458 26
578 1374 26
592 801 26
628 1154 26
633 770 26
646 1190 26
648 796 26
677 938 26
699 1352 26
704 1376 26
725 1322 26
760 1152 26
772 1071 26
787 1064 26
810 944 26
831 1032 26
843 1304 26
845 1123 26
882 1184 26
885 1274 26
911 1077 26
951 1281 26
970 1283 26
995 1106 26
1001 1114 26
1031 1074 26
1049 1148 26
1067 1256 26
1106 1132 26
1219 1243 26
1455 1465 26
4 1412 27
15 601 27
18 286 27
33 1279 27
35 1237 27
60 646 27
69 1304 27
73 1440 27
95 1071 27
110 1243 27
122 220 27
136 388 27
148 1216 27
185 1112 27
213 1256 27
229 682 27
229 1164 27
239 863 27
262 789 27
264 551 27
268 272 27
286 818 27
292 548 27
345 711 27
393 1332 27
413 1243 27
439 559 27
457 868 27
464 646 27
495 1137 27
520 1140 27
567 928 27
575 1271 27
590 712 27
647 904 27
669 1308 27
673 1430 27
673 1115 27
674 1456 27
688 725 27
689 1212 27
689 1358 27
698 1069 27
716 741 27
723 1334 27
730 778 27
807 1031 27
845 1324 27
848 1162 27
857 1218 27
864 1129 27
865 1359 27
870 1227 27
891 1218 27
903 1160 27
930 1248 27
959 1020 27
967 1195 27
993 1048 27
1012 1192 27
1026 1251 27
1044 1091 27
1045 1200 27
1085 1358 27
1175 1279 27
1206 1240 27
1247 1410 27
12 1311 28
24 247 28
139 349 28
144 1023 28
144 399 28
159 603 28
161 290 28
176 1449 28
180 1111 28
199 1023 28
225 496 28
227 563 28
242 1033 28
254 1426 28
258 638 28
276 593 28
301 895 28
303 1366 28
351 692 28
372 994 28
399 483 28
399 1039 28
402 1030 28
413 734 28
469 950 28
469 1367 28
470 1175 28
470 1084 28
471 1117 28
504 1433 28
520 668 28
580 738 28
636 735 28
688 1256 28
706 1321 28
722 1479 28
737 1452 28
777 800 28
796 986 28
800 1400 28
820 1345 28
837 1255 28
921 1093 28
957 1112 28
960 1462 28
1027 1154 28
1036 1362 28
1067 1259 28
1127 1238 28
1134 1248 28
1258 1402 28
1281 1405 28
46 1343 29
54 490 29
58 193 29
93 957 29
102 1137 29
126 459 29
140 1451 29
183 397 29
206 890 29
237 535 29
296 979 29
302 956 29
366 1000 29
370 723 29
416 791 29
493 783 29
528 1329 29
613 734 29
642 700 29
678 866 29
722 761 29
828 1445 29
829 848 29
958 1260 29
969 1265 29
1044 1366 29
1352 1399 29
307 865 30
380 1110 30
383 1394 30
474 966 30
608 1469 30
619 1425 30
683 886 30
738 787 30
791 1182 30
990 1161 30
1159 1473 30
1313 1343 30
2 897 31
135 975 31
434 1256 31
823 1310 31
1040 1073 31
531 578 32
535 1066 32
548 1182 32
319 1177 33
559 1093 33
592 932 33
815 937 33
969 1316 33
1334 1336 33
308 361 35
1034 1150 35
59 691 36
92 95 36
77 237 37
442 785 37
559 576 37
1017 1462 37
522 718 38
1294 1402 38
590 1450 39
781 1313 39
902 1089 39
9 1426 40
59 1019 40
71 329 40
129 1016 40
137 1373 40
175 270 40
212 1285 40
212 1242 40
229 540 40
277 550 40
363 379 40
388 395 40
397 702 40
416 752 40
419 502 40
610 1436 40
781 1427 40
783 1250 40
796 1099 40
838 1449 40
847 848 40
1185 1380 40
5 764 41
10 854 41
16 312 41
26 728 41
36 1363 41
37 486 41
43 269 41
43 886 41
44 534 41
79 514 41
84 969 41
86 152 41
103 1409 41
116 366 41
128 1141 41
140 390 41
141 1003 41
143 986 41
171 1028 41
210 1203 41
229 319 41
249 807 41
253 636 41
257 532 41
267 1160 41
278 1029 41
294 516 41
297 1434 41
302 512 41
315 979 41
330 1211 41
343 479 41
345 456 41
353 397 41
376 474 41
382 410 41
388 768 41
413 1075 41
420 788 41
424 495 41
449 1067 41
489 939 41
498 989 41
510 1175 41
512 605 41
527 995 41
537 1421 41
537 1314 41
555 990 41
601 1031 41
609 918 41
614 867 41
624 928 41
626 918 41
648 1218 41
691 914 41
696 1465 41
701 740 41
712 894 41
741 1384 41
773 799 41
785 1256 41
792 886 41
795 1265 41
796 836 41
870 1153 41
892 1378 41
925 1311 41
925 1182 41
941 1240 41
945 1108 41
961 1341 41
987 1145 41
1008 1284 41
1018 1310 41
1055 1097 41
1059 1460 41
1087 1327 41
1109 1120 41
1114 1305 41
1120 1148 41
1172 1218 41
1213 1450 41
1331 1355 41
2 24 42
4 477 42
15 1184 42
25 633 42
28 1120 42
28 669 42
30 735 42
39 57 42
49 70 42
56 944 42
60 629 42
62 1402 42
68 704 42
73 370 42
78 616 42
82 757 42
87 243 42
99 567 42
102 477 42
105 1367 42
105 683 42
110 179 42
113 930 42
115 661 42
121 575 42
128 1467 42
133 374 42
145 1348 42
150 493 42
161 175 42
180 1325 42
184 326 42
192 945 42
201 454 42
218 371 42
219 533 42
223 1387 42
223 1462 42
225 468 42
227 403 42
232 840 42
237 842 42
246 1121 42
247 1367 42
269 827 42
271 1091 42
278 1317 42
278 302 42
288 407 42
311 712 42
318 1296 42
327 1272 42
339 423 42
346 575 42
355 489 42
359 513 42
360 1157 42
368 741 42
375 886 42
381 570 42
390 826 42
391 1304 42
393 1007 42
395 1082 42
397 877 42
406 575 42
410 743 42
412 1029 42
414 750 42
420 869 42
420 1364 42
423 963 42
433 1302 42
434 848 42
449 886 42
456 1455 42
458 802 42
472 1022 42
478 590 42
510 1071 42
512 1402 42
521 1246 42
577 1226 42
594 1048 42
597 657 42
601 621 42
617 1306 42
626 887 42
626 770 42
650 871 42
654 1017 42
675 1031 42
676 1248 42
680 1459 42
682 1427 42
689 771 42
697 939 42
703 1166 42
709 1016 42
709 1192 42
736 1086 42
795 1390 42
801 1451 42
804 1449 42
849 1268 42
854 1268 42
863 1388 42
880 944 42
890 1461 42
915 1299 42
918 1325 42
918 1047 42
919 1403 42
938 1063 42
947 977 42
957 1328 42
994 1382 42
1056 1415 42
1071 1434 42
1094 1223 42
1120 1371 42
1142 1335 42
1148 1350 42
1170 1252 42
1188 1289 42
1232 1307 42
1252 1364 42
1332 1367 42
1353 1410 42
1420 1448 42
5 1450 43
9 501 43
15 221 43
18 1035 43
19 1405 43
22 50 43
24 467 43
25 826 43
27 431 43
33 568 43
38 1050 43
61 77 43
62 379 43
64 215 43
64 882 43
67 1242 43
68 1323 43
68 740 43
73 699 43
75 858 43
75 425 43
82 408 43
82 508 43
91 445 43
92 710 43
99 744 43
103 374 43
106 813 43
111 790 43
113 1387 43
115 400 43
115 123 43
119 942 43
136 606 43
139 1320 43
147 245 43
147 1239 43
154 1275 43
160 993 43
162 1264 43
163 1392 43
168 835 43
170 1048 43
173 1402 43
181 361 43
184 982 43
187 195 43
190 1029 43
190 1335 43
190 1087 43
195 1270 43
196 1146 43
197 809 43
199 1377 43
199 1127 43
206 558 43
216 337 43
216 1194 43
218 1188 43
220 1207 43
221 1215 43
223 579 43
223 780 43
224 682 43
226 1321 43
229 830 43
232 1161 43
234 307 43
236 866 43
237 1000 43
242 1440 43
246 1166 43
247 563 43
250 1222 43
258 1442 43
258 1403 43
258 1259 43
261 908 43
262 697 43
264 1158 43
272 1085 43
275 1026 43
277 365 43
289 642 43
291 581 43
295 601 43
299 354 43
310 1275 43
312 822 43
320 939 43
324 831 43
326 372 43
327 857 43
329 621 43
333 1356 43
340 1001 43
351 1213 43
366 727 43
370 935 43
373 1469 43
379 956 43
381 1086 43
387 1146 43
388 1117 43
402 1237 43
435 590 43
437 917 43
441 697 43
450 712 43
451 486 43
461 1096 43
466 501 43
475 974 43
479 492 43
493 544 43
495 1227 43
503 786 43
503 941 43
504 1318 43
507 1297 43
515 1462 43
516 1071 43
516 996 43
519 863 43
522 911 43
523 1479 43
525 1250 43
534 943 43
536 1299 43
536 588 43
541 631 43
548 1149 43
563 771 43
567 1201 43
570 944 43
579 1111 43
583 1400 43
588 1218 43
595 1227 43
600 1016 43
603 883 43
606 970 43
608 1457 43
616 771 43
617 760 43
622 1196 43
623 884 43
628 750 43
639 927 43
647 1244 43
660 1207 43
661 1002 43
665 915 43
673 1193 43
681 870 43
685 1414 43
689 833 43
689 1219 43
692 1357 43
702 794 43
703 815 43
705 1288 43
708 1315 43
720 1109 43
722 1193 43
749 1182 43
756 877 43
759 780 43
782 1028 43
793 1206 43
809 1269 43
811 1241 43
828 1283 43
836 978 43
840 1191 43
848 1321 43
848 1345 43
849 926 43
855 1203 43
890 1365 43
892 1204 43
897 1177 43
904 1091 43
906 1229 43
917 1284 43
940 1443 43
944 1147 43
967 1076 43
976 1451 43
977 1478 43
981 1005 43
982 1069 43
993 1064 43
1005 1290 43
1018 1083 43
1025 1258 43
1030 1270 43
1035 1119 43
1063 1118 43
1080 1386 43
1090 1449 43
1098 1431 43
1102 1382 43
1109 1317 43
1126 1374 43
1157 1159 43
1159 1441 43
1173 1467 43
1187 1465 43
1310 1398 43
1329 1413 43
1339 1471 43
1415 1458 43
0 741 44
28 840 44
30 278 44
36 429 44
50 934 44
61 359 44
90 580 44
97 1228 44
133 568 44
201 248 44
245 1146 44
302 954 44
328 759 44
333 737 44
337 1417 44
344 991 44
354 1251 44
373 1136 44
437 1060 44
444 853 44
466 1174 44
470 1456 44
496 1313 44
533 1148 44
595 1429 44
609 1314 44
671 876 44
731 1378 44
748 865 44
806 1141 44
848 968 44
1101 1136 44
1397 1429 44
6 1218 45
7 557 45
7 728 45
8 40 45
13 976 45
40 927 45
42 1462 45
43 619 45
46 1405 45
47 86 45
47 289 45
53 467 45
60 592 45
78 1184 45
86 1415 45
91 728 45
93 1212 45
102 1081 45
106 279 45
115 411 45
120 357 45
121 1435 45
122 218 45
134 677 45
178 1095 45
180 910 45
186 906 45
189 603 45
198 1374 45
204 1356 45
206 665 45
220 1066 45
235 965 45
239 1266 45
239 1199 45
240 1160 45
240 1470 45
243 1025 45
248 332 45
249 775 45
258 1082 45
262 462 45
263 639 45
280 625 45
289 476 45
294 1142 45
299 1007 45
303 1275 45
311 582 45
322 965 45
332 1193 45
334 1006 45
338 1183 45
348 695 45
357 1038 45
361 811 45
362 1405 45
367 777 45
372 1363 45
391 1344 45
393 718 45
398 938 45
399 1044 45
399 1154 45
404 454 45
405 950 45
406 508 45
422 1150 45
424 718 45
439 831 45
440 874 45
444 482 45
462 894 45
492 646 45
492 1286 45
512 936 45
517 1239 45
519 521 45
535 564 45
554 1076 45
565 1430 45
569 1097 45
580 1334 45
589 1070 45
596 1418 45
600 1070 45
603 828 45
603 1070 45
615 827 45
618 1017 45
625 717 45
629 778 45
651 973 45
682 1037 45
692 964 45
696 1078 45
703 1020 45
709 874 45
720 1315 45
720 1455 45
726 1024 45
728 736 45
740 869 45
758 1060 45
763 979 45
773 938 45
780 853 45
786 1463 45
801 839 45
803 1405 45
814 1004 45
817 1116 45
821 1105 45
825 943 45
845 1112 45
859 1275 45
898 1269 45
901 1216 45
908 1457 45
912 1213 45
915 1172 45
922 1450 45
923 960 45
949 1391 45
950 1288 45
956 1289 45
966 1057 45
971 1208 45
974 1313 45
979 1079 45
991 1104 45
992 1376 45
1016 1069 45
1023 1379 45
1028 1042 45
1035 1078 45
1038 1136 45
1062 1474 45
1065 1434 45
1112 1436 45
1116 1459 45
1166 1335 45
1196 1209 45
1198 1294 45
1208 1261 45
1214 1315 45
1252 1423 45
1294 1421 45
1382 1408 45
1389 1479 45
4 686 46
7 988 46
8 480 46
22 1392 46
32 1179 46
43 455 46
54 932 46
61 268 46
67 1067 46
69 1342 46
81 846 46
94 176 46
109 954 46
111 248 46
114 875 46
122 855 46
123 1441 46
124 334 46
133 137 46
135 748 46
137 637 46
147 506 46
148 590 46
152 1475 46
155 661 46
162 1019 46
164 265 46
168 927 46
169 611 46
171 455 46
179 832 46
191 737 46
195 1032 46
198 640 46
200 1106 46
200 1099 46
212 1263 46
221 685 46
226 588 46
226 453 46
232 1072 46
235 1190 46
241 599 46
244 476 46
246 683 46
251 879 46
253 1136 46
254 515 46
255 585 46
258 594 46
271 1053 46
295 1247 46
297 829 46
299 394 46
302 1016 46
315 558 46
324 344 46
326 1308 46
347 1245 46
379 646 46
385 541 46
403 506 46
407 1006 46
408 841 46
408 757 46
421 1288 46
422 805 46
424 639 46
430 1336 46
447 913 46
453 1002 46
456 547 46
473 557 46
494 577 46
497 1125 46
502 1387 46
514 1014 46
520 1456 46
524 941 46
532 1125 46
544 1032 46
545 856 46
550 627 46
552 713 46
557 1219 46
558 762 46
558 636 46
559 573 46
561 831 46
568 788 46
572 1210 46
581 1327 46
587 677 46
588 789 46
591 782 46
606 1045 46
609 1263 46
629 1119 46
635 668 46
636 945 46
661 857 46
669 1339 46
675 1431 46
683 705 46
688 977 46
698 1262 46
705 1209 46
707 1033 46
720 941 46
733 1343 46
745 787 46
751 1304 46
758 1456 46
762 1104 46
774 827 46
783 1324 46
809 954 46
814 1081 46
827 1164 46
829 1402 46
830 1438 46
830 1278 46
853 946 46
868 1079 46
902 912 46
914 1155 46
923 1458 46
930 1056 46
935 1476 46
935 1410 46
937 1181 46
946 1206 46
989 1294 46
993 1147 46
1003 1436 46
1015 1412 46
1028 1312 46
1058 1237 46
1064 1368 46
1094 1135 46
1125 1358 46
1134 1466 46
1202 1417 46
1244 1302 46
1268 1288 46
1291 1298 46
1315 1360 46
1338 1343 46
1420 1456 46
1437 1473 46
3 843 47
9 873 47
13 998 47
27 553 47
30 133 47
35 534 47
39 569 47
56 319 47
60 1399 47
64 1473 47
67 68 47
67 878 47
82 867 47
103 731 47
124 743 47
135 1111 47
142 823 47
152 1095 47
154 851 47
156 1141 47
157 316 47
158 1380 47
164 235 47
171 1035 47
179 1478 47
184 1096 47
187 1060 47
192 331 47
205 1431 47
209 1429 47
214 366 47
228 1245 47
230 911 47
241 1459 47
249 1425 47
273 388 47
280 628 47
280 1296 47
283 674 47
286 378 47
292 668 47
295 585 47
313 438 47
348 501 47
349 801 47
351 1170 47
353 366 47
355 717 47
372 1156 47
380 1326 47
392 1049 47
410 540 47
411 666 47
458 591 47
467 784 47
473 588 47
487 713 47
497 979 47
507 944 47
508 1428 47
517 1427 47
523 1065 47
526 533 47
529 779 47
536 1051 47
540 583 47
561 790 47
571 1454 47
577 879 47
591 861 47
610 1366 47
611 1051 47
623 739 47
631 1417 47
642 769 47
675 1059 47
699 1056 47
759 1060 47
762 971 47
767 1218 47
768 1233 47
805 825 47
807 1227 47
811 1113 47
811 1081 47
844 1076 47
863 1453 47
898 1413 47
926 1089 47
941 1470 47
955 1057 47
957 961 47
963 1164 47
996 1051 47
1096 1332 47
1103 1418 47
1119 1402 47
1177 1331 47
1179 1226 47
1183 1454 47
1198 1199 47
1202 1452 47
1268 1407 47
1272 1383 47
7 1203 48
21 494 48
26 590 48
27 1111 48
36 1219 48
38 981 48
38 343 48
39 1421 48
47 335 48
59 1433 48
59 672 48
64 828 48
65 1037 48
67 951 48
71 1257 48
79 825 48
94 606 48
94 1124 48
99 323 48
111 683 48
120 732 48
128 696 48
131 1261 48
133 822 48
135 508 48
139 1006 48
144 1331 48
149 210 48
160 840 48
163 923 48
169 1279 48
171 508 48
177 1239 48
183 1312 48
183 1126 48
184 956 48
200 544 48
207 1168 48
214 853 48
216 895 48
231 919 48
234 946 48
247 771 48
250 554 48
252 1281 48
254 1043 48
264 1310 48
267 1312 48
270 1336 48
274 1397 48
286 1354 48
308 1333 48
313 1320 48
324 1279 48
340 1036 48
344 799 48
345 1448 48
368 1177 48
391 944 48
402 1131 48
432 669 48
487 1218 48
487 1212 48
521 1400 48
522 1078 48
524 1114 48
526 614 48
535 618 48
535 1217 48
547 611 48
555 1361 48
565 809 48
566 977 48
568 606 48
589 1041 48
616 657 48
641 1389 48
689 1136 48
707 1117 48
715 884 48
766 883 48
788 1129 48
793 1233 48
795 1015 48
813 976 48
829 1234 48
831 1208 48
869 1397 48
910 1138 48
919 1354 48
919 1274 48
982 1375 48
1010 1015 48
1036 1075 48
1074 1095 48
1114 1451 48
1122 1253 48
1127 1445 48
1144 1314 48
1145 1147 48
1145 1167 48
1152 1279 48
1153 1416 48
1181 1227 48
1184 1461 48
1236 1442 48
1248 1337 48
1255 1467 48
1329 1393 48
1 1221 49
13 1000 49
33 647 49
157 699 49
188 526 49
191 352 49
231 1174 49
254 1414 49
267 930 49
306 803 49
375 983 49
394 478 49
402 1189 49
468 1225 49
474 753 49
485 1070 49
526 1393 49
625 718 49
648 974 49
673 1241 49
686 1093 49
691 917 49
726 1424 49
877 888 49
900 1383 49
904 1098 49
945 1439 49
971 1033 49
1123 1301 49
1145 1314 49
1159 1257 49
25 639 50
27 478 50
51 1083 50
69 1100 50
77 112 50
80 989 50
113 675 50
114 286 50
120 1455 50
135 1020 50
167 668 50
201 964 50
204 1074 50
242 493 50
295 1151 50
311 1420 50
315 1034 50
319 378 50
342 1272 50
356 459 50
392 678 50
392 1326 50
406 1311 50
406 1164 50
433 1101 50
442 646 50
475 499 50
494 1142 50
532 699 50
545 832 50
549 636 50
551 647 50
559 1120 50
565 712 50
569 1348 50
578 1028 50
615 901 50
651 916 50
660 910 50
698 848 50
712 961 50
751 1373 50
755 1246 50
881 1374 50
894 1134 50
908 1269 50
913 1346 50
915 998 50
929 1027 50
965 1324 50
968 1345 50
994 1003 50
1005 1270 50
1020 1377 50
1032 1094 50
1125 1292 50
1141 1160 50
1152 1258 50
1156 1262 50
1244 1268 50
1444 1475 50
3 579 51
14 354 51
24 1391 51
31 419 51
35 296 51
41 1072 51
48 1266 51
58 1030 51
68 1381 51
76 827 51
76 1320 51
81 494 51
82 675 51
85 1015 51
85 1298 51
87 761 51
88 1306 51
97 612 51
100 358 51
111 1211 51
111 567 51
135 659 51
155 460 51
157 788 51
173 1150 51
192 774 51
221 1284 51
296 830 51
298 317 51
310 1290 51
311 399 51
313 1257 51
314 852 51
320 325 51
329 589 51
333 402 51
339 620 51
347 1154 51
351 764 51
357 919 51
386 1334 51
389 933 51
394 801 51
401 1068 51
450 866 51
452 1080 51
496 1472 51
505 1252 51
527 836 51
551 1085 51
555 1141 51
559 833 51
562 641 51
562 1256 51
601 883 51
662 1371 51
670 1065 51
713 764 51
731 1235 51
737 750 51
762 849 51
774 1205 51
775 975 51
783 878 51
869 1421 51
883 1356 51
903 1450 51
904 907 51
912 1109 51
930 1275 51
937 1081 51
1084 1202 51
1139 1272 51
1322 1398 51
1399 1447 51
58 349 52
114 276 52
121 965 52
153 542 52
153 1201 52
170 1235 52
287 824 52
401 1213 52
413 959 52
415 745 52
417 922 52
433 524 52
438 612 52
439 604 52
439 1149 52
465 1070 52
525 1096 52
703 1465 52
795 1049 52
956 994 52
1098 1191 52
1 812 53
2 499 53
24 697 53
37 828 53
41 183 53
44 1279 53
100 1186 53
134 1397 53
141 1129 53
158 1337 53
160 1206 53
180 1450 53
246 1081 53
281 1355 53
314 1329 53
365 771 53
414 449 53
416 448 53
466 1342 53
498 1267 53
507 875 53
556 591 53
563 1233 53
567 794 53
751 1385 53
915 1187 53
926 1057 53
971 1152 53
1019 1090 53
1167 1348 53
1210 1397 53
1337 1418 53
1362 1443 53
2 1424 54
2 688 54
10 886 54
14 1155 54
16 1357 54
26 742 54
33 1046 54
42 1136 54
45 788 54
96 845 54
96 594 54
107 888 54
119 1422 54
121 1196 54
127 1199 54
132 1312 54
180 662 54
192 942 54
252 571 54
252 1357 54
267 589 54
299 1200 54
300 882 54
305 1162 54
311 1070 54
314 1127 54
328 1433 54
331 1068 54
351 1157 54
357 1098 54
377 476 54
381 1408 54
403 1472 54
406 1044 54
413 1226 54
414 1002 54
420 1283 54
483 494 54
516 784 54
527 1306 54
585 1179 54
603 967 54
616 826 54
687 1064 54
747 835 54
762 880 54
765 1146 54
783 1263 54
799 1456 54
826 1462 54
854 1431 54
881 981 54
911 1059 54
939 1016 54
951 1275 54
994 1284 54
1115 1312 54
1278 1389 54
2 863 55
7 458 55
11 493 55
16 503 55
18 264 55
32 1341 55
50 363 55
53 767 55
55 1008 55
65 1317 55
71 941 55
77 443 55
80 764 55
82 711 55
103 710 55
109 429 55
112 813 55
114 1190 55
122 1462 55
123 986 55
130 829 55
146 502 55
148 688 55
149 243 55
162 342 55
165 1159 55
176 821 55
226 626 55
230 793 55
234 240 55
240 335 55
250 455 55
251 438 55
255 1368 55
260 1290 55
285 1019 55
317 851 55
322 409 55
324 1127 55
326 702 55
330 1376 55
333 1148 55
350 488 55
359 516 55
362 1112 55
385 1223 55
414 545 55
415 1105 55
416 814 55
423 1372 55
425 835 55
436 660 55
453 1473 55
479 1131 55
479 730 55
493 594 55
498 1224 55
502 1359 55
511 689 55
535 1079 55
537 939 55
540 1122 55
555 1204 55
562 725 55
611 898 55
621 1386 55
634 1226 55
651 733 55
668 1403 55
670 1413 55
683 971 55
688 1033 55
691 719 55
728 951 55
728 785 55
740 984 55
758 998 55
801 899 55
808 987 55
813 1371 55
813 1384 55
818 864 55
847 1094 55
848 1325 55
852 1087 55
914 919 55
923 1215 55
958 1068 55
964 1199 55
1008 1063 55
1011 1128 55
1024 1408 55
1027 1435 55
1032 1381 55
1077 1411 55
1084 1094 55
1092 1422 55
1134 1277 55
1210 1314 55
1256 1439 55
1322 1373 55
1393 1462 55
2 572 56
5 480 56
33 258 56
34 796 56
49 912 56
59 1462 56
67 1177 56
69 441 56
74 830 56
88 1107 56
96 489 56
100 1286 56
104 243 56
119 503 56
120 227 56
129 206 56
130 1361 56
137 653 56
146 1161 56
155 871 56
156 1122 56
156 794 56
157 862 56
162 719 56
163 1357 56
182 1077 56
184 1359 56
189 400 56
211 905 56
215 245 56
248 742 56
255 843 56
283 1226 56
289 510 56
304 1051 56
305 1381 56
308 1007 56
312 455 56
314 667 56
318 1395 56
321 1103 56
322 653 56
327 594 56
332 1019 56
337 1254 56
340 413 56
345 958 56
347 1014 56
348 377 56
356 446 56
357 1287 56
368 863 56
369 1399 56
374 1423 56
384 801 56
401 489 56
410 1090 56
424 1108 56
432 739 56
440 1352 56
462 846 56
474 677 56
475 548 56
486 864 56
497 1028 56
502 1161 56
516 680 56
522 1243 56
523 929 56
537 1126 56
556 1027 56
588 1211 56
594 998 56
599 1131 56
637 863 56
651 754 56
662 1397 56
665 923 56
666 1191 56
712 1307 56
714 764 56
806 824 56
807 984 56
811 861 56
853 1293 56
917 1315 56
957 1050 56
969 1151 56
987 1132 56
991 1208 56
997 1136 56
1010 1238 56
1044 1396 56
1058 1365 56
1244 1253 56
1263 1329 56
1280 1369 56
1344 1473 56
0 1364 57
21 319 57
28 273 57
31 1148 57
32 346 57
37 117 57
42 530 57
43 1273 57
45 1463 57
51 609 57
75 1460 57
78 354 57
82 204 57
87 988 57
93 514 57
95 602 57
104 848 57
106 110 57
113 753 57
116 1429 57
129 885 57
129 286 57
207 463 57
214 746 57
214 1239 57
238 1199 57
241 1155 57
247 374 57
264 635 57
282 728 57
285 877 57
294 448 57
296 1069 57
307 1316 57
308 1181 57
312 1468 57
312 963 57
320 631 57
333 355 57
333 1150 57
347 909 57
348 1113 57
367 751 57
378 1338 57
394 411 57
397 997 57
405 776 57
417 559 57
418 1009 57
437 524 57
446 757 57
452 609 57
469 919 57
474 1337 57
474 899 57
509 515 57
518 835 57
539 1337 57
563 1477 57
571 1465 57
579 1444 57
585 1421 57
591 1342 57
602 1451 57
603 1293 57
611 922 57
631 840 57
631 927 57
635 694 57
643 980 57
664 1394 57
667 677 57
698 1265 57
713 1190 57
754 773 57
776 1232 57
784 993 57
817 930 57
833 1279 57
837 1346 57
837 939 57
844 1184 57
857 1206 57
935 1218 57
942 1055 57
950 1454 57
981 1279 57
1012 1133 57
1014 1024 57
1015 1021 57
1027 1256 57
1054 1349 57
1073 1221 57
1094 1387 57
1102 1312 57
1113 1199 57
1118 1199 57
1166 1413 57
1186 1264 57
1284 1465 57
1366 1394 57
3 1411 58
6 1134 58
14 1107 58
16 1274 58
16 1162 58
17 129 58
27 1383 58
36 1394 58
43 217 58
46 266 58
57 392 58
70 884 58
77 374 58
85 1421 58
86 1111 58
102 253 58
105 666 58
107 209 58
109 869 58
119 734 58
120 963 58
121 250 58
132 582 58
134 991 58
174 1153 58
180 552 58
188 1332 58
197 616 58
212 902 58
223 1036 58
228 1083 58
229 1167 58
230 1024 58
236 879 58
244 694 58
262 600 58
274 712 58
275 553 58
298 337 58
310 1400 58
315 718 58
318 793 58
325 466 58
330 670 58
352 1032 58
367 527 58
369 940 58
378 1375 58
387 1030 58
388 1074 58
389 493 58
407 488 58
416 590 58
419 1261 58
424 1175 58
435 1350 58
436 894 58
450 1455 58
455 907 58
461 829 58
473 1340 58
479 632 58
489 966 58
497 1130 58
520 700 58
528 1449 58
560 1436 58
611 1083 58
623 1218 58
632 894 58
633 1360 58
646 979 58
649 1031 58
660 784 58
668 1164 58
673 1240 58
687 1195 58
689 1124 58
695 1391 58
709 1169 58
711 917 58
738 1174 58
740 1064 58
751 852 58
755 1428 58
761 979 58
802 1355 58
812 828 58
817 1404 58
843 855 58
843 1129 58
883 1316 58
903 1377 58
916 974 58
927 1415 58
988 1245 58
1013 1014 58
1063 1425 58
1070 1429 58
1086 1108 58
1104 1450 58
1162 1466 58
1253 1476 58
1255 1439 58
1263 1383 58
1278 1356 58
1295 1363 58
1346 1356 58
1347 1403 58
11 85 59
13 1081 59
17 1387 59
40 585 59
57 114 59
60 629 59
62 685 59
72 824 59
102 1098 59
107 1475 59
127 608 59
129 887 59
130 748 59
135 1328 59
135 282 59
145 804 59
145 1054 59
166 457 59
186 1032 59
197 414 59
205 1026 59
207 240 59
226 1129 59
232 1301 59
238 1317 59
259 832 59
259 699 59
272 850 59
274 1378 59
279 1136 59
283 544 59
289 321 59
290 925 59
344 916 59
349 353 59
362 1100 59
372 948 59
373 914 59
415 872 59
415 783 59
420 1457 59
434 447 59
450 1419 59
470 1472 59
494 1024 59
518 1227 59
530 1338 59
534 677 59
549 1233 59
559 1363 59
560 1250 59
597 918 59
599 654 59
620 1125 59
622 1431 59
635 925 59
669 718 59
669 925 59
695 923 59
699 807 59
709 888 59
731 886 59
736 1426 59
748 1245 59
766 1406 59
779 1065 59
782 1063 59
799 1374 59
857 1134 59
884 1157 59
888 1392 59
1057 1449 59
1272 1326 59
1325 1331 59
1384 1441 59
140 396 60
195 1071 60
238 1182 60
259 518 60
344 1062 60
344 545 60
385 697 60
386 1042 60
402 451 60
469 1101 60
606 1030 60
618 1426 60
698 883 60
803 1179 60
842 1317 60
878 895 60
1114 1121 60
1267 1389 60
1282 1454 60
