0 1 0
3 4 0
3 56 0
4 5 0
6 8 0
6 7 0
7 8 0
9 15 0
9 13 0
9 12 0
9 11 0
9 10 0
9 14 0
9 1250 0
9 1150 0
10 34 0
10 33 0
11 16 0
11 15 0
11 12 0
11 14 0
11 717 0
12 16 0
12 15 0
12 14 0
13 16 0
13 15 0
13 14 0
14 16 0
14 15 0
15 739 0
16 53 0
16 34 0
17 19 0
18 19 0
18 35 0
20 23 0
20 22 0
20 21 0
21 22 0
21 31 0
21 32 0
22 43 0
22 32 0
24 26 0
24 25 0
26 57 0
27 29 0
27 30 0
30 40 0
30 49 0
30 44 0
32 51 0
33 34 0
35 468 0
38 44 0
39 54 0
40 49 0
41 43 0
41 42 0
45 46 0
47 48 0
52 53 0
54 55 0
57 58 0
60 238 0
70 618 0
72 1194 0
96 1292 0
110 913 0
121 887 0
136 1261 0
287 1166 0
352 393 0
358 1344 0
372 1044 0
400 1419 0
458 1370 0
465 974 0
536 761 0
674 815 0
691 1187 0
870 1181 0
975 1343 0
1129 1286 0
1136 1474 0
1281 1353 0
1296 1339 0
1297 1358 0
1370 1385 0
1 12 1
1 64 1
2 59 1
3 59 1
3 85 1
3 75 1
3 62 1
3 33 1
3 61 1
4 69 1
4 5 1
5 69 1
6 61 1
8 61 1
10 31 1
17 37 1
17 67 1
19 74 1
21 29 1
25 79 1
31 67 1
31 83 1
31 58 1
31 82 1
40 84 1
41 778 1
45 64 1
46 80 1
47 51 1
55 1207 1
57 61 1
59 75 1
59 85 1
61 62 1
62 75 1
62 85 1
62 63 1
63 84 1
64 65 1
66 988 1
69 691 1
70 72 1
70 73 1
71 76 1
71 80 1
72 77 1
72 73 1
75 85 1
79 80 1
81 83 1
81 82 1
100 1363 1
103 972 1
119 1020 1
155 218 1
184 267 1
187 757 1
194 1332 1
215 331 1
289 1389 1
299 370 1
382 1037 1
399 836 1
411 1019 1
418 1227 1
457 726 1
511 860 1
582 1385 1
601 1176 1
614 906 1
647 1117 1
659 951 1
723 1232 1
729 1220 1
813 1275 1
827 943 1
833 1172 1
910 1168 1
926 1366 1
986 1258 1
1063 1458 1
1109 1229 1
1233 1397 1
1280 1326 1
0 51 2
2 89 2
2 88 2
2 59 2
3 129 2
3 130 2
3 31 2
6 24 2
6 120 2
6 62 2
10 80 2
10 104 2
10 114 2
10 68 2
10 112 2
10 31 2
16 548 2
24 121 2
24 120 2
25 87 2
25 107 2
26 314 2
28 115 2
28 29 2
31 68 2
31 104 2
31 114 2
31 112 2
35 94 2
35 95 2
40 63 2
51 105 2
59 88 2
60 63 2
63 129 2
68 131 2
68 111 2
69 109 2
69 108 2
70 95 2
70 94 2
75 139 2
81 128 2
81 354 2
86 102 2
86 103 2
86 101 2
88 89 2
90 92 2
90 91 2
91 93 2
91 92 2
92 93 2
94 95 2
96 97 2
98 99 2
99 100 2
99 106 2
101 104 2
101 102 2
102 103 2
103 104 2
104 133 2
104 114 2
104 112 2
106 135 2
108 109 2
109 110 2
110 315 2
111 132 2
113 114 2
117 118 2
120 121 2
121 136 2
121 137 2
123 124 2
125 128 2
125 127 2
125 126 2
127 128 2
140 687 2
203 296 2
249 677 2
277 708 2
374 1435 2
407 915 2
424 512 2
456 1412 2
521 1042 2
533 901 2
596 1368 2
655 1310 2
685 1457 2
689 1183 2
722 982 2
730 1472 2
735 1409 2
743 1100 2
792 1135 2
801 1025 2
837 960 2
837 911 2
846 985 2
914 1322 2
918 1209 2
933 1109 2
982 1180 2
1036 1450 2
1087 1321 2
1 115 3
1 24 3
2 107 3
2 137 3
2 109 3
2 89 3
10 31 3
12 109 3
14 103 3
31 132 3
31 103 3
35 94 3
35 124 3
48 941 3
56 911 3
61 146 3
61 150 3
62 115 3
69 123 3
69 141 3
70 94 3
73 143 3
73 76 3
76 143 3
86 92 3
89 109 3
90 121 3
91 93 3
91 115 3
92 93 3
92 147 3
94 124 3
97 1439 3
101 103 3
102 152 3
102 103 3
106 153 3
106 135 3
108 141 3
108 140 3
110 123 3
110 120 3
111 155 3
111 132 3
114 798 3
119 144 3
120 141 3
122 142 3
125 145 3
132 145 3
135 147 3
138 148 3
139 140 3
140 141 3
146 150 3
147 153 3
150 154 3
214 864 3
233 777 3
235 1245 3
254 1106 3
273 935 3
290 601 3
298 1465 3
309 1258 3
320 957 3
321 569 3
371 999 3
401 1468 3
403 895 3
409 1011 3
441 1278 3
467 528 3
525 1413 3
541 1144 3
548 555 3
556 894 3
566 717 3
589 640 3
660 1107 3
698 953 3
706 996 3
761 797 3
774 1361 3
782 954 3
838 896 3
883 1019 3
927 1102 3
939 958 3
1160 1360 3
1316 1370 3
1 60 4
2 88 4
2 12 4
3 915 4
5 1267 4
9 1242 4
10 166 4
10 31 4
12 122 4
12 137 4
12 89 4
12 154 4
12 60 4
14 15 4
14 24 4
14 68 4
15 24 4
15 68 4
18 510 4
24 68 4
28 92 4
28 90 4
28 93 4
28 998 4
29 155 4
29 31 4
29 103 4
38 590 4
43 996 4
44 989 4
60 121 4
61 158 4
62 151 4
62 115 4
62 487 4
64 156 4
64 68 4
64 157 4
66 314 4
68 157 4
69 141 4
69 120 4
72 647 4
82 1195 4
88 137 4
88 108 4
89 137 4
90 115 4
90 151 4
90 93 4
91 167 4
91 93 4
92 163 4
94 165 4
95 124 4
97 159 4
101 102 4
103 155 4
106 135 4
107 247 4
108 110 4
111 114 4
111 112 4
112 114 4
116 804 4
121 148 4
121 138 4
121 766 4
122 154 4
122 142 4
123 148 4
123 156 4
123 149 4
124 157 4
124 156 4
138 166 4
138 148 4
148 165 4
149 156 4
173 1306 4
180 599 4
183 1209 4
195 1411 4
197 1459 4
211 509 4
241 1161 4
255 529 4
283 726 4
321 1340 4
366 947 4
446 1373 4
508 983 4
539 1229 4
574 914 4
580 1000 4
601 1248 4
697 1251 4
753 1171 4
772 1143 4
795 822 4
967 1127 4
1037 1355 4
1047 1217 4
1057 1070 4
1059 1199 4
1136 1213 4
1355 1367 4
1372 1453 4
2 88 5
2 137 5
2 89 5
5 1244 5
10 155 5
11 24 5
12 149 5
12 124 5
21 168 5
25 189 5
28 62 5
28 91 5
29 171 5
29 101 5
29 152 5
29 103 5
34 1076 5
56 1357 5
61 966 5
62 91 5
65 981 5
69 120 5
69 140 5
70 123 5
70 94 5
84 643 5
88 137 5
92 147 5
92 169 5
94 155 5
95 155 5
97 109 5
97 162 5
97 160 5
101 152 5
103 152 5
106 150 5
107 109 5
108 110 5
111 114 5
111 112 5
114 508 5
115 151 5
119 142 5
120 140 5
121 148 5
122 154 5
123 148 5
123 138 5
147 169 5
156 283 5
160 162 5
169 688 5
170 171 5
211 237 5
212 284 5
216 765 5
263 1424 5
265 340 5
283 391 5
336 938 5
354 401 5
392 480 5
395 422 5
462 573 5
473 886 5
533 750 5
556 956 5
597 864 5
601 960 5
652 660 5
858 1275 5
1045 1350 5
1095 1160 5
1148 1304 5
1460 1470 5
2 89 6
2 107 6
12 143 6
12 68 6
14 106 6
21 174 6
21 175 6
29 170 6
31 166 6
41 477 6
69 108 6
70 541 6
74 421 6
89 98 6
94 95 6
108 110 6
112 114 6
115 177 6
119 142 6
120 704 6
121 138 6
135 854 6
145 635 6
149 165 6
174 175 6
198 814 6
305 1183 6
323 1004 6
385 1107 6
403 1071 6
492 1056 6
541 1352 6
575 1042 6
651 1476 6
682 1250 6
714 794 6
727 1153 6
743 1364 6
880 882 6
913 1165 6
935 1261 6
1126 1257 6
1320 1334 6
12 185 7
16 1101 7
21 110 7
24 110 7
28 179 7
31 184 7
60 160 7
60 181 7
60 162 7
60 182 7
78 265 7
108 120 7
110 175 7
115 180 7
120 140 7
124 178 7
138 761 7
146 181 7
160 181 7
166 521 7
169 180 7
169 179 7
181 182 7
183 184 7
203 1048 7
216 1315 7
236 1432 7
283 1102 7
379 1431 7
485 637 7
570 1212 7
607 1396 7
690 1247 7
790 1335 7
819 1356 7
820 1146 7
1022 1176 7
1087 1304 7
1122 1296 7
0 85 8
12 188 8
28 92 8
29 170 8
49 787 8
60 191 8
61 191 8
61 181 8
88 192 8
94 197 8
94 184 8
106 194 8
106 193 8
106 189 8
107 186 8
107 181 8
108 140 8
112 187 8
115 181 8
130 1023 8
134 435 8
140 186 8
142 186 8
142 179 8
160 193 8
160 194 8
179 189 8
179 190 8
181 191 8
188 196 8
192 195 8
219 223 8
265 823 8
268 1081 8
279 794 8
333 741 8
387 563 8
405 475 8
565 925 8
595 1261 8
697 1127 8
724 1154 8
860 1360 8
961 1101 8
1154 1159 8
1210 1273 8
4 1113 9
12 110 9
12 188 9
12 214 9
12 215 9
12 195 9
12 213 9
12 92 9
21 92 9
21 215 9
21 209 9
21 188 9
21 213 9
28 106 9
28 223 9
28 221 9
28 179 9
28 61 9
28 169 9
44 1362 9
47 1446 9
60 1463 9
61 179 9
61 221 9
61 227 9
61 224 9
88 231 9
88 230 9
88 110 9
92 214 9
92 215 9
92 195 9
92 216 9
92 212 9
92 185 9
92 208 9
92 209 9
92 210 9
93 1018 9
106 191 9
106 169 9
107 238 9
110 231 9
110 215 9
110 230 9
110 188 9
110 216 9
112 199 9
112 225 9
112 226 9
112 201 9
112 180 9
121 211 9
127 1401 9
129 637 9
140 186 9
142 202 9
142 203 9
142 190 9
142 204 9
142 170 9
142 205 9
142 169 9
143 237 9
149 223 9
160 194 9
160 217 9
160 229 9
165 213 9
169 223 9
169 190 9
170 204 9
170 186 9
170 203 9
170 205 9
179 221 9
179 223 9
179 224 9
180 226 9
180 201 9
180 200 9
185 195 9
185 211 9
185 214 9
185 213 9
186 231 9
186 190 9
186 206 9
188 210 9
188 216 9
190 231 9
191 203 9
192 195 9
192 230 9
192 219 9
192 217 9
192 220 9
194 229 9
195 214 9
195 230 9
195 211 9
198 870 9
199 200 9
199 887 9
200 201 9
200 225 9
201 228 9
202 204 9
203 204 9
203 235 9
203 205 9
204 205 9
205 235 9
206 207 9
209 216 9
209 210 9
210 215 9
210 216 9
211 214 9
213 214 9
214 230 9
214 673 9
215 216 9
215 1423 9
217 218 9
217 220 9
217 219 9
218 219 9
218 220 9
219 233 9
219 232 9
219 220 9
220 232 9
221 222 9
221 1362 9
222 224 9
222 227 9
224 234 9
224 1067 9
225 226 9
226 1393 9
230 231 9
232 233 9
236 237 9
247 1236 9
283 455 9
286 885 9
302 1441 9
321 1151 9
337 692 9
363 760 9
366 1122 9
379 429 9
383 1113 9
548 1433 9
605 1120 9
850 1366 9
933 954 9
988 1298 9
1033 1450 9
1117 1235 9
58 1181 10
60 195 10
60 192 10
60 220 10
61 179 10
61 160 10
88 192 10
92 242 10
92 249 10
106 238 10
106 207 10
106 192 10
107 238 10
110 231 10
110 230 10
112 244 10
116 236 10
124 614 10
135 1359 10
143 257 10
152 264 10
152 261 10
152 263 10
169 256 10
169 255 10
170 266 10
176 248 10
184 414 10
186 1141 10
187 197 10
187 244 10
187 247 10
190 245 10
191 242 10
192 195 10
192 220 10
195 259 10
195 230 10
195 220 10
197 247 10
203 265 10
217 232 10
217 228 10
218 219 10
228 232 10
238 1307 10
240 243 10
240 241 10
241 243 10
244 247 10
247 261 10
253 254 10
254 262 10
260 261 10
329 860 10
329 582 10
389 1270 10
415 1245 10
435 742 10
452 724 10
458 910 10
463 1208 10
498 1310 10
625 929 10
665 1364 10
746 755 10
856 1376 10
988 1311 10
1002 1405 10
1030 1450 10
1033 1137 10
12 188 11
22 325 11
30 790 11
60 220 11
60 192 11
60 88 11
60 195 11
87 104 11
88 192 11
88 231 11
88 301 11
88 230 11
88 220 11
88 303 11
106 283 11
107 320 11
107 321 11
107 318 11
121 324 11
121 327 11
121 325 11
121 207 11
121 191 11
121 290 11
123 893 11
141 1165 11
142 1341 11
152 297 11
152 298 11
152 287 11
152 299 11
152 294 11
160 266 11
160 268 11
161 1054 11
169 308 11
169 307 11
169 310 11
169 306 11
170 260 11
170 261 11
170 297 11
170 298 11
176 191 11
179 269 11
179 274 11
179 275 11
179 276 11
179 1456 11
190 248 11
190 289 11
190 191 11
190 323 11
190 288 11
191 287 11
191 207 11
191 324 11
191 325 11
191 260 11
191 290 11
192 230 11
192 231 11
192 220 11
195 217 11
207 325 11
207 324 11
207 282 11
212 326 11
217 259 11
218 232 11
219 232 11
220 305 11
220 304 11
220 301 11
220 302 11
220 300 11
230 304 11
230 231 11
230 301 11
230 302 11
230 305 11
230 303 11
230 300 11
231 303 11
242 252 11
242 329 11
246 287 11
246 270 11
246 272 11
246 317 11
246 268 11
246 273 11
248 323 11
248 458 11
252 329 11
252 292 11
252 291 11
253 271 11
253 270 11
253 286 11
253 284 11
256 1159 11
259 296 11
259 295 11
260 261 11
260 287 11
261 297 11
266 268 11
268 269 11
268 270 11
268 272 11
268 273 11
268 285 11
269 276 11
269 271 11
269 272 11
270 286 11
270 284 11
270 285 11
270 273 11
271 286 11
271 272 11
271 273 11
271 522 11
272 273 11
274 275 11
275 280 11
278 280 11
279 280 11
280 281 11
283 312 11
284 286 11
284 285 11
285 286 11
287 299 11
287 297 11
287 298 11
287 317 11
288 289 11
291 292 11
293 294 11
294 315 11
295 296 11
297 298 11
297 299 11
298 299 11
300 301 11
300 303 11
300 304 11
300 302 11
301 304 11
301 302 11
301 305 11
301 303 11
302 304 11
302 303 11
303 304 11
303 305 11
306 309 11
306 307 11
306 308 11
306 310 11
307 308 11
307 309 11
307 310 11
308 309 11
309 310 11
311 313 11
311 312 11
312 313 11
314 315 11
314 316 11
315 316 11
318 319 11
318 320 11
318 321 11
319 320 11
319 321 11
320 321 11
324 328 11
324 325 11
329 330 11
331 576 11
341 593 11
359 1382 11
396 1101 11
477 809 11
491 970 11
531 817 11
548 652 11
592 619 11
656 742 11
732 1165 11
741 1117 11
765 816 11
772 1116 11
816 1096 11
946 979 11
1029 1208 11
1320 1404 11
1 528 12
6 1200 12
12 336 12
14 1296 12
52 608 12
61 352 12
61 351 12
107 220 12
107 228 12
152 1131 12
171 1231 12
176 245 12
176 327 12
176 350 12
176 356 12
176 354 12
176 349 12
195 360 12
195 358 12
195 357 12
219 318 12
219 360 12
219 220 12
219 320 12
220 320 12
220 335 12
220 228 12
226 1132 12
228 337 12
228 335 12
228 320 12
228 321 12
228 341 12
237 916 12
242 364 12
245 356 12
245 354 12
247 438 12
252 369 12
256 352 12
260 321 12
260 345 12
262 1033 12
263 1095 12
276 361 12
276 363 12
276 351 12
279 353 12
293 297 12
297 343 12
301 318 12
301 347 12
306 348 12
306 351 12
311 352 12
318 320 12
320 360 12
320 335 12
321 339 12
321 340 12
321 337 12
327 366 12
331 332 12
337 342 12
337 340 12
337 339 12
337 338 12
338 342 12
338 340 12
339 340 12
340 341 12
340 1209 12
343 547 12
344 345 12
350 354 12
351 352 12
351 353 12
353 365 12
354 356 12
354 355 12
357 358 12
361 363 12
361 362 12
362 363 12
367 370 12
367 368 12
367 369 12
368 370 12
368 369 12
369 370 12
388 1394 12
404 574 12
406 1181 12
413 992 12
478 925 12
707 932 12
718 987 12
730 1468 12
736 1390 12
748 1024 12
769 927 12
773 1385 12
786 975 12
895 1422 12
903 1380 12
907 1377 12
931 1258 12
936 1364 12
1034 1388 12
1075 1214 12
1184 1459 12
1186 1274 12
1460 1465 12
19 1340 13
32 281 13
47 809 13
163 961 13
219 228 13
234 1453 13
252 374 13
292 381 13
294 1308 13
320 378 13
344 1131 13
350 1311 13
351 376 13
373 375 13
379 383 13
433 1317 13
488 934 13
529 1112 13
558 561 13
654 698 13
736 1208 13
749 1288 13
867 1123 13
875 1363 13
881 1288 13
931 1095 13
1002 1280 13
1108 1314 13
1313 1325 13
2 199 14
50 789 14
56 472 14
61 416 14
61 415 14
61 414 14
65 401 14
79 276 14
109 938 14
140 935 14
159 845 14
162 1165 14
194 1372 14
206 967 14
219 431 14
226 971 14
228 431 14
232 623 14
242 457 14
242 400 14
252 461 14
252 425 14
252 424 14
256 351 14
256 395 14
256 417 14
256 418 14
256 419 14
256 392 14
259 798 14
260 295 14
260 411 14
279 365 14
279 362 14
279 280 14
280 365 14
280 362 14
292 383 14
292 331 14
292 434 14
292 426 14
292 424 14
292 381 14
293 374 14
293 351 14
295 454 14
306 391 14
311 403 14
311 402 14
311 442 14
311 351 14
311 1420 14
320 456 14
323 445 14
323 446 14
323 409 14
325 1190 14
331 383 14
331 464 14
335 360 14
335 465 14
338 341 14
338 1432 14
341 365 14
341 447 14
341 342 14
341 384 14
342 447 14
345 430 14
345 361 14
345 362 14
345 359 14
347 412 14
347 460 14
347 360 14
352 1249 14
353 455 14
353 442 14
353 377 14
354 410 14
354 409 14
354 407 14
354 405 14
354 408 14
355 397 14
359 430 14
359 362 14
359 361 14
359 363 14
360 412 14
360 456 14
360 465 14
361 362 14
361 363 14
362 430 14
362 365 14
362 363 14
363 430 14
363 1477 14
365 447 14
366 420 14
366 421 14
366 422 14
366 423 14
377 396 14
378 449 14
378 393 14
378 394 14
378 392 14
383 426 14
383 424 14
386 443 14
389 452 14
392 393 14
392 394 14
393 394 14
394 396 14
394 1213 14
398 399 14
398 400 14
399 400 14
399 445 14
399 409 14
401 402 14
401 403 14
402 448 14
402 403 14
404 405 14
404 410 14
405 410 14
406 407 14
406 409 14
406 408 14
407 408 14
407 409 14
408 409 14
409 445 14
409 444 14
409 446 14
411 412 14
411 413 14
412 413 14
414 416 14
417 418 14
417 419 14
418 419 14
420 421 14
420 422 14
421 422 14
421 439 14
422 423 14
423 438 14
423 439 14
424 425 14
424 426 14
427 428 14
427 429 14
428 429 14
432 436 14
432 433 14
432 434 14
432 435 14
433 435 14
433 441 14
433 436 14
433 434 14
433 440 14
434 435 14
434 436 14
435 441 14
435 436 14
435 440 14
440 441 14
444 445 14
445 446 14
450 451 14
453 454 14
458 459 14
462 463 14
485 1255 14
512 1006 14
575 1277 14
648 734 14
720 892 14
722 1173 14
752 1115 14
759 883 14
783 1087 14
796 1098 14
856 1129 14
911 950 14
976 1008 14
1009 1413 14
1017 1277 14
1052 1478 14
1054 1168 14
1063 1272 14
1141 1233 14
1150 1325 14
1168 1423 14
1231 1441 14
1271 1460 14
1330 1399 14
7 1054 15
47 1195 15
77 1243 15
83 571 15
85 1252 15
105 353 15
161 506 15
211 1455 15
212 1016 15
256 442 15
256 474 15
256 418 15
260 469 15
260 263 15
269 1308 15
279 430 15
279 467 15
279 361 15
279 495 15
280 351 15
292 435 15
292 477 15
295 468 15
306 484 15
306 483 15
312 361 15
318 325 15
320 493 15
320 492 15
323 334 15
338 454 15
341 447 15
342 485 15
344 345 15
351 494 15
351 353 15
361 430 15
394 475 15
401 416 15
404 405 15
406 407 15
406 465 15
406 408 15
407 465 15
407 481 15
409 479 15
414 470 15
415 470 15
418 442 15
418 473 15
419 473 15
419 474 15
424 981 15
427 478 15
429 486 15
430 467 15
435 477 15
435 476 15
435 555 15
439 489 15
441 488 15
442 474 15
442 473 15
451 455 15
453 454 15
454 469 15
454 468 15
455 1035 15
457 506 15
457 992 15
462 466 15
465 481 15
471 472 15
473 474 15
475 495 15
475 480 15
476 477 15
481 487 15
490 491 15
490 493 15
490 492 15
491 493 15
497 498 15
543 714 15
589 1107 15
592 1212 15
730 1217 15
804 1373 15
876 1060 15
979 1450 15
1002 1083 15
1077 1228 15
1162 1204 15
1283 1334 15
1305 1377 15
1319 1402 15
1323 1353 15
9 1129 16
18 1303 16
20 255 16
34 136 16
94 1439 16
109 945 16
115 922 16
117 1289 16
125 1371 16
127 1458 16
158 429 16
160 849 16
163 1472 16
167 765 16
182 1250 16
252 488 16
256 353 16
258 1319 16
279 1018 16
287 1253 16
292 503 16
305 847 16
320 530 16
334 405 16
335 339 16
342 532 16
351 525 16
351 402 16
352 1329 16
354 1084 16
357 399 16
357 1130 16
359 524 16
359 526 16
366 422 16
366 405 16
382 404 16
399 444 16
401 416 16
405 438 16
405 422 16
416 514 16
419 508 16
419 506 16
419 507 16
427 428 16
427 715 16
432 499 16
441 521 16
441 1332 16
443 472 16
446 534 16
446 488 16
454 491 16
454 529 16
460 515 16
472 1098 16
484 527 16
488 534 16
491 492 16
492 530 16
492 531 16
504 505 16
506 508 16
507 508 16
509 510 16
509 511 16
510 511 16
512 513 16
514 947 16
517 518 16
517 519 16
518 519 16
523 526 16
523 525 16
524 525 16
524 526 16
525 526 16
530 531 16
614 1221 16
616 950 16
739 750 16
859 1383 16
909 1073 16
1285 1473 16
81 1037 17
118 450 17
145 1122 17
209 687 17
209 1111 17
276 831 17
320 546 17
334 438 17
334 405 17
348 353 17
354 410 17
354 521 17
357 398 17
366 422 17
366 516 17
377 950 17
382 404 17
382 503 17
382 522 17
398 446 17
399 544 17
401 525 17
404 522 17
408 410 17
416 514 17
419 508 17
419 507 17
432 499 17
443 515 17
443 460 17
454 529 17
459 1264 17
488 721 17
489 496 17
498 1433 17
509 510 17
523 524 17
524 526 17
540 541 17
542 545 17
543 545 17
547 548 17
577 1082 17
622 816 17
659 984 17
724 850 17
796 1318 17
800 982 17
811 830 17
952 1394 17
1010 1253 17
1092 1182 17
1138 1292 17
1228 1243 17
1370 1438 17
20 898 18
28 998 18
34 1462 18
36 1294 18
52 1143 18
75 226 18
112 901 18
116 711 18
156 691 18
208 398 18
219 760 18
235 1216 18
278 297 18
320 431 18
320 546 18
320 537 18
324 950 18
334 422 18
334 366 18
335 409 18
339 409 18
339 556 18
340 358 18
367 427 18
381 437 18
394 450 18
394 509 18
402 1279 18
409 557 18
410 549 18
420 533 18
427 555 18
431 546 18
434 652 18
445 687 18
450 509 18
450 680 18
454 491 18
460 515 18
465 557 18
472 488 18
488 552 18
504 553 18
509 510 18
510 792 18
515 536 18
518 542 18
521 552 18
524 526 18
524 554 18
529 546 18
529 533 18
536 558 18
541 934 18
575 988 18
604 1332 18
616 1008 18
679 936 18
696 1069 18
746 1293 18
809 1381 18
910 1227 18
938 1431 18
1312 1347 18
7 982 19
32 249 19
40 470 19
43 522 19
93 688 19
96 718 19
105 117 19
137 966 19
158 1283 19
160 1010 19
182 1126 19
200 1378 19
201 206 19
242 309 19
243 644 19
244 561 19
251 769 19
255 949 19
270 334 19
298 977 19
299 1305 19
320 556 19
335 409 19
339 557 19
339 465 19
353 553 19
353 564 19
353 510 19
366 379 19
367 576 19
367 427 19
367 450 19
370 427 19
370 576 19
379 559 19
380 574 19
380 552 19
381 574 19
381 573 19
391 582 19
394 563 19
394 510 19
394 504 19
394 450 19
400 560 19
400 515 19
419 514 19
419 578 19
419 577 19
420 555 19
420 570 19
425 427 19
426 987 19
427 450 19
427 764 19
431 556 19
431 546 19
431 537 19
437 583 19
450 509 19
454 533 19
454 571 19
454 561 19
460 551 19
460 557 19
460 465 19
465 557 19
500 515 19
504 563 19
504 553 19
504 581 19
504 510 19
508 566 19
508 585 19
509 510 19
510 563 19
514 526 19
514 554 19
514 578 19
515 561 19
515 560 19
518 567 19
518 565 19
518 563 19
518 564 19
521 580 19
521 1307 19
523 524 19
523 554 19
524 554 19
526 578 19
526 1053 19
533 571 19
533 570 19
537 569 19
537 568 19
543 585 19
545 1119 19
547 582 19
552 562 19
552 574 19
553 581 19
553 555 19
553 564 19
554 579 19
566 584 19
572 573 19
577 578 19
580 1351 19
584 585 19
587 1001 19
643 653 19
678 875 19
682 699 19
713 1313 19
715 852 19
733 1020 19
769 1027 19
877 1297 19
913 1056 19
984 1148 19
1028 1260 19
1255 1350 19
1255 1413 19
1333 1350 19
4 926 20
57 379 20
57 686 20
95 1322 20
100 215 20
103 374 20
164 812 20
197 751 20
203 327 20
216 237 20
230 764 20
288 787 20
305 758 20
320 624 20
320 638 20
331 574 20
347 1089 20
354 602 20
355 465 20
357 400 20
357 602 20
357 608 20
357 609 20
366 606 20
366 607 20
367 576 20
367 635 20
367 593 20
367 374 20
367 427 20
370 378 20
370 424 20
374 576 20
374 593 20
374 427 20
374 424 20
376 627 20
376 458 20
376 614 20
376 379 20
376 609 20
378 572 20
380 613 20
380 572 20
380 574 20
381 573 20
394 611 20
394 565 20
394 450 20
394 510 20
396 720 20
400 602 20
410 602 20
410 620 20
425 623 20
425 576 20
425 606 20
425 552 20
427 593 20
431 598 20
431 599 20
453 1329 20
454 476 20
458 614 20
466 557 20
482 785 20
508 566 20
508 600 20
510 565 20
510 625 20
510 566 20
518 605 20
518 566 20
518 619 20
521 574 20
533 634 20
537 624 20
544 987 20
552 622 20
552 572 20
552 575 20
552 623 20
552 606 20
552 601 20
561 596 20
561 603 20
561 595 20
562 1301 20
565 612 20
565 566 20
565 611 20
568 626 20
568 597 20
572 575 20
572 574 20
574 613 20
575 601 20
582 630 20
584 585 20
584 637 20
585 629 20
587 588 20
587 589 20
587 590 20
587 591 20
588 589 20
588 593 20
588 591 20
588 590 20
589 593 20
589 591 20
589 590 20
589 963 20
590 592 20
590 593 20
591 593 20
595 596 20
596 1008 20
598 599 20
602 620 20
604 605 20
605 621 20
606 622 20
606 607 20
606 623 20
608 609 20
608 610 20
609 610 20
609 784 20
609 658 20
611 612 20
615 616 20
615 617 20
615 618 20
622 623 20
632 633 20
670 813 20
672 1359 20
709 770 20
746 941 20
875 1334 20
877 1236 20
1047 1433 20
1152 1270 20
1212 1453 20
54 769 21
75 468 21
110 554 21
116 219 21
118 308 21
160 1244 21
168 1071 21
179 384 21
184 557 21
187 259 21
214 290 21
218 370 21
238 325 21
307 768 21
314 660 21
314 367 21
314 653 21
320 686 21
320 694 21
320 638 21
324 1094 21
345 588 21
354 677 21
357 640 21
357 679 21
357 680 21
357 657 21
357 446 21
357 671 21
357 639 21
367 374 21
367 581 21
367 1391 21
381 572 21
383 1224 21
389 617 21
394 650 21
394 510 21
394 651 21
394 652 21
394 653 21
394 655 21
394 654 21
400 689 21
410 648 21
410 649 21
410 630 21
418 504 21
441 1288 21
444 1467 21
446 680 21
446 679 21
468 1059 21
482 554 21
507 1202 21
508 674 21
508 514 21
508 570 21
508 676 21
510 514 21
510 615 21
510 567 21
510 653 21
514 674 21
514 533 21
514 615 21
514 567 21
514 672 21
523 688 21
524 688 21
530 1347 21
533 577 21
533 570 21
533 676 21
567 615 21
570 676 21
572 652 21
572 670 21
572 669 21
577 584 21
581 686 21
581 628 21
581 635 21
581 637 21
581 590 21
587 639 21
587 606 21
590 635 21
592 606 21
606 639 21
612 654 21
612 651 21
613 642 21
613 643 21
613 641 21
615 658 21
615 659 21
616 646 21
624 638 21
629 691 21
629 682 21
630 645 21
630 648 21
630 649 21
635 637 21
636 666 21
636 667 21
636 668 21
637 686 21
637 687 21
639 641 21
639 640 21
640 641 21
641 642 21
641 643 21
642 675 21
642 643 21
644 645 21
645 648 21
645 649 21
648 649 21
650 655 21
650 654 21
650 651 21
651 652 21
651 655 21
652 654 21
652 670 21
652 669 21
653 660 21
656 657 21
658 659 21
661 662 21
661 663 21
662 663 21
663 664 21
663 704 21
665 666 21
665 668 21
665 667 21
666 667 21
666 668 21
669 670 21
671 675 21
672 673 21
673 674 21
679 680 21
680 690 21
681 682 21
683 684 21
683 685 21
692 693 21
744 818 21
902 1060 21
907 1045 21
1017 1454 21
1031 1117 21
1049 1266 21
1069 1317 21
1072 1199 21
1110 1476 21
1137 1284 21
1159 1328 21
1167 1233 21
1253 1260 21
4 227 22
6 1172 22
18 110 22
43 771 22
88 465 22
125 1288 22
156 840 22
169 823 22
175 1368 22
178 486 22
179 833 22
183 725 22
196 334 22
213 797 22
229 702 22
297 595 22
302 494 22
314 746 22
314 747 22
314 367 22
320 688 22
320 717 22
320 716 22
320 701 22
338 1434 22
354 410 22
357 745 22
357 561 22
357 734 22
357 719 22
357 647 22
357 862 22
367 747 22
367 746 22
377 1014 22
382 602 22
387 872 22
394 720 22
400 743 22
431 750 22
435 969 22
508 725 22
508 726 22
508 723 22
514 737 22
514 704 22
514 722 22
516 767 22
518 1002 22
521 1407 22
553 1351 22
561 711 22
561 710 22
561 581 22
568 700 22
568 707 22
568 710 22
568 682 22
568 701 22
568 708 22
572 573 22
572 670 22
572 705 22
575 744 22
578 709 22
581 742 22
581 673 22
581 711 22
597 700 22
597 701 22
616 704 22
616 703 22
629 709 22
629 674 22
629 706 22
635 828 22
654 721 22
654 722 22
670 705 22
671 1182 22
673 674 22
673 742 22
673 711 22
676 785 22
680 736 22
680 735 22
682 742 22
682 707 22
682 708 22
682 713 22
689 754 22
689 735 22
691 740 22
691 741 22
691 738 22
693 731 22
696 697 22
696 698 22
697 710 22
697 727 22
698 699 22
698 727 22
700 755 22
700 756 22
700 701 22
701 717 22
701 716 22
702 704 22
702 703 22
703 704 22
706 708 22
707 708 22
708 742 22
709 753 22
711 742 22
712 713 22
712 714 22
712 715 22
713 714 22
714 715 22
720 747 22
720 746 22
721 722 22
722 725 22
722 737 22
723 724 22
723 725 22
723 726 22
725 737 22
725 726 22
727 728 22
729 730 22
733 734 22
734 736 22
734 745 22
737 857 22
738 740 22
743 745 22
748 749 22
750 752 22
751 752 22
757 758 22
761 1443 22
772 1037 22
817 949 22
923 1018 22
1049 1321 22
1067 1407 22
1112 1347 22
1145 1211 22
10 439 23
69 318 23
84 942 23
88 1012 23
112 1420 23
125 226 23
137 936 23
147 298 23
195 479 23
229 859 23
312 1310 23
313 517 23
357 729 23
357 734 23
357 779 23
357 778 23
357 777 23
357 780 23
361 1098 23
418 696 23
458 719 23
511 1191 23
523 792 23
562 873 23
567 996 23
573 777 23
575 801 23
581 775 23
581 697 23
581 776 23
581 782 23
589 648 23
590 761 23
592 790 23
597 911 23
606 613 23
606 793 23
606 794 23
606 803 23
609 976 23
624 651 23
626 1224 23
628 795 23
628 782 23
647 788 23
649 772 23
649 769 23
649 770 23
666 950 23
673 791 23
680 773 23
680 772 23
680 771 23
680 770 23
697 766 23
697 737 23
697 733 23
705 764 23
707 796 23
712 715 23
712 713 23
712 761 23
714 715 23
716 751 23
716 797 23
716 796 23
728 766 23
728 776 23
728 775 23
728 733 23
728 774 23
729 745 23
729 779 23
729 778 23
733 766 23
734 743 23
734 735 23
736 788 23
737 791 23
738 783 23
738 1399 23
745 781 23
745 780 23
751 796 23
751 797 23
752 799 23
752 797 23
762 763 23
767 768 23
769 786 23
769 785 23
769 770 23
770 772 23
771 773 23
773 784 23
773 785 23
773 786 23
773 787 23
774 776 23
774 775 23
775 776 23
777 779 23
777 781 23
777 780 23
778 779 23
778 781 23
778 780 23
779 781 23
784 787 23
784 786 23
784 785 23
785 787 23
786 787 23
793 794 23
796 797 23
932 1356 23
1030 1455 23
1098 1123 23
1101 1473 23
1289 1346 23
36 155 24
42 787 24
45 837 24
53 369 24
145 976 24
162 792 24
193 1476 24
203 1143 24
210 429 24
240 771 24
243 574 24
289 1144 24
293 1335 24
294 1046 24
316 1250 24
319 1339 24
325 1479 24
429 1393 24
456 459 24
458 1277 24
516 720 24
569 1211 24
640 958 24
647 810 24
684 936 24
691 808 24
699 1204 24
712 715 24
712 819 24
712 713 24
712 1265 24
713 819 24
714 1397 24
718 787 24
728 776 24
733 1402 24
754 813 24
755 799 24
769 787 24
775 810 24
776 810 24
777 782 24
785 798 24
802 878 24
804 805 24
804 806 24
806 815 24
808 809 24
816 817 24
820 821 24
821 822 24
823 824 24
825 826 24
826 828 24
826 827 24
827 829 24
828 829 24
830 831 24
1137 1445 24
0 742 25
49 1473 25
98 966 25
99 120 25
111 877 25
115 316 25
126 976 25
133 311 25
134 386 25
136 1249 25
143 1395 25
171 380 25
185 1064 25
199 289 25
202 256 25
206 339 25
213 277 25
243 536 25
245 1242 25
250 365 25
305 1080 25
314 817 25
338 967 25
369 1194 25
393 813 25
414 1005 25
420 1189 25
423 1047 25
431 806 25
461 593 25
547 1263 25
560 967 25
592 1353 25
619 663 25
659 1318 25
673 844 25
680 769 25
680 842 25
680 787 25
691 1270 25
697 848 25
697 775 25
697 774 25
697 859 25
706 707 25
706 851 25
707 851 25
728 775 25
732 1020 25
735 838 25
735 743 25
736 857 25
743 838 25
751 755 25
751 756 25
751 839 25
752 826 25
752 854 25
755 756 25
756 839 25
757 992 25
761 837 25
761 836 25
761 782 25
766 782 25
770 861 25
770 787 25
774 775 25
775 776 25
776 835 25
777 838 25
777 831 25
782 795 25
782 836 25
787 840 25
787 842 25
795 836 25
802 834 25
802 833 25
803 831 25
812 844 25
812 843 25
814 815 25
815 850 25
819 863 25
819 862 25
822 1236 25
823 858 25
832 848 25
832 833 25
832 849 25
845 846 25
848 859 25
851 866 25
855 856 25
857 858 25
857 951 25
862 863 25
935 1312 25
974 1145 25
1211 1250 25
23 962 26
142 890 26
143 335 26
178 1395 26
238 703 26
262 654 26
311 704 26
314 837 26
331 1417 26
337 974 26
354 874 26
354 803 26
389 1110 26
395 438 26
402 859 26
416 923 26
490 683 26
577 1339 26
673 709 26
674 873 26
674 812 26
678 1277 26
703 1250 26
706 866 26
706 851 26
706 867 26
707 873 26
707 869 26
707 812 26
709 820 26
709 847 26
713 734 26
714 863 26
728 836 26
728 775 26
735 871 26
743 870 26
755 839 26
761 812 26
763 877 26
766 844 26
775 776 26
777 855 26
777 838 26
777 878 26
783 1188 26
786 787 26
803 875 26
807 867 26
807 808 26
812 873 26
815 850 26
819 863 26
820 868 26
825 862 26
826 839 26
831 874 26
832 848 26
833 851 26
833 848 26
836 858 26
836 872 26
844 869 26
844 848 26
848 869 26
855 878 26
858 860 26
858 881 26
864 871 26
870 882 26
938 1078 26
1124 1419 26
1220 1445 26
20 637 27
48 1299 27
88 270 27
89 1007 27
97 589 27
233 1159 27
290 314 27
314 847 27
347 933 27
382 1123 27
392 1333 27
405 1360 27
435 975 27
481 1225 27
521 641 27
522 1201 27
525 891 27
552 1388 27
556 757 27
564 1165 27
569 1342 27
604 1321 27
653 751 27
697 872 27
706 867 27
707 812 27
728 775 27
728 776 27
735 736 27
751 755 27
751 854 27
752 863 27
759 890 27
761 895 27
761 766 27
763 883 27
763 850 27
768 853 27
768 884 27
777 838 27
786 865 27
787 798 27
787 818 27
798 887 27
802 812 27
803 850 27
803 875 27
807 826 27
817 875 27
817 847 27
826 863 27
831 874 27
831 896 27
831 882 27
836 872 27
836 878 27
839 894 27
848 851 27
848 1043 27
850 875 27
850 882 27
853 884 27
855 878 27
857 858 27
864 871 27
867 891 27
876 885 27
876 888 27
882 896 27
887 892 27
889 890 27
1067 1400 27
1084 1422 27
1181 1250 27
1297 1440 27
31 36 28
49 593 28
58 549 28
72 392 28
79 116 28
96 590 28
104 919 28
115 192 28
171 1181 28
195 658 28
276 896 28
288 762 28
300 1328 28
416 762 28
472 960 28
482 1202 28
513 1063 28
569 1088 28
577 1317 28
586 1129 28
686 1477 28
706 866 28
707 963 28
728 807 28
743 871 28
763 850 28
763 863 28
786 796 28
787 871 28
797 851 28
803 863 28
803 884 28
803 850 28
817 851 28
817 863 28
817 905 28
820 822 28
820 904 28
836 1233 28
850 907 28
850 863 28
850 884 28
886 906 28
886 907 28
890 902 28
901 911 28
906 907 28
911 912 28
936 1073 28
941 1322 28
1104 1345 28
51 1105 29
121 494 29
152 874 29
167 335 29
202 1203 29
231 1173 29
253 1091 29
358 1212 29
393 1287 29
444 1242 29
454 1199 29
559 1390 29
564 969 29
817 833 29
833 908 29
866 916 29
888 1290 29
905 913 29
917 919 29
918 919 29
29 1015 30
55 797 30
115 149 30
246 495 30
306 739 30
530 1245 30
537 712 30
715 959 30
866 923 30
912 1122 30
972 1302 30
47 252 31
977 1064 31
38 1075 32
123 1322 32
363 513 32
626 923 32
323 617 33
628 1238 33
89 688 34
506 1420 34
678 1068 34
65 213 35
758 775 35
925 932 35
341 1074 36
705 1244 36
145 1415 37
201 1245 37
213 326 39
280 946 39
888 1067 39
52 1154 40
57 573 40
75 1419 40
76 598 40
92 1037 40
102 808 40
122 603 40
133 1181 40
139 183 40
142 1363 40
146 215 40
175 521 40
205 1214 40
213 838 40
217 1072 40
303 446 40
329 1281 40
357 1154 40
374 1320 40
453 615 40
455 973 40
614 915 40
867 1372 40
936 965 40
938 941 40
939 957 40
944 946 40
945 946 40
946 961 40
951 952 40
953 954 40
1103 1348 40
17 297 41
93 969 41
129 1362 41
156 655 41
214 1399 41
222 533 41
245 707 41
262 1378 41
307 1112 41
322 1466 41
330 1398 41
345 1444 41
421 757 41
426 1205 41
458 648 41
462 1349 41
464 559 41
475 504 41
510 1215 41
628 790 41
656 1438 41
695 1282 41
729 930 41
749 1036 41
922 1303 41
930 949 41
931 972 41
931 971 41
931 970 41
931 936 41
931 968 41
931 967 41
936 972 41
936 971 41
936 967 41
939 987 41
944 976 41
944 975 41
944 974 41
944 947 41
944 973 41
946 1009 41
946 1004 41
946 957 41
947 978 41
948 977 41
948 966 41
948 1005 41
948 978 41
949 982 41
949 980 41
949 979 41
952 987 41
957 1001 41
957 1004 41
957 1000 41
959 1243 41
965 1002 41
965 1003 41
966 978 41
966 977 41
967 969 41
967 968 41
970 1009 41
973 975 41
977 978 41
979 981 41
979 980 41
979 995 41
980 981 41
981 995 41
982 1008 41
984 986 41
985 996 41
986 996 41
987 988 41
989 991 41
992 994 41
992 993 41
993 994 41
994 998 41
996 1012 41
996 1413 41
997 998 41
1000 1002 41
1000 1001 41
1001 1002 41
1002 1003 41
1003 1004 41
1015 1098 41
1041 1387 41
1054 1285 41
1111 1357 41
1234 1240 41
1361 1406 41
37 415 42
63 447 42
81 1398 42
82 1399 42
84 1068 42
101 1340 42
139 184 42
148 335 42
149 284 42
171 565 42
201 922 42
233 495 42
242 562 42
244 1463 42
277 310 42
281 613 42
281 1350 42
283 495 42
284 920 42
296 732 42
298 970 42
324 633 42
335 956 42
339 612 42
339 974 42
360 443 42
396 487 42
399 617 42
412 1340 42
427 908 42
427 462 42
427 1238 42
430 1429 42
446 897 42
489 854 42
499 964 42
549 817 42
705 990 42
707 850 42
782 1221 42
815 1192 42
842 1323 42
919 1205 42
930 983 42
930 949 42
931 968 42
931 1014 42
931 998 42
937 1463 42
942 1016 42
942 1015 42
949 1020 42
949 1019 42
949 1005 42
949 1018 42
962 1046 42
962 1051 42
962 1020 42
962 1045 42
965 1038 42
966 1050 42
967 1023 42
967 981 42
968 1014 42
972 1055 42
972 1023 42
976 1051 42
976 1049 42
976 1027 42
981 1023 42
981 1021 42
981 1005 42
981 1018 42
983 1053 42
983 1008 42
983 1018 42
985 1026 42
985 986 42
985 1025 42
986 1026 42
986 1025 42
997 1005 42
997 1018 42
998 1030 42
998 1022 42
998 1054 42
998 1048 42
998 1029 42
998 999 42
1003 1199 42
1005 1018 42
1005 1028 42
1008 1038 42
1008 1033 42
1008 1032 42
1008 1052 42
1011 1049 42
1014 1054 42
1014 1030 42
1015 1017 42
1015 1016 42
1016 1017 42
1016 1042 42
1020 1046 42
1020 1047 42
1020 1045 42
1022 1048 42
1022 1030 42
1023 1024 42
1024 1035 42
1024 1034 42
1024 1033 42
1024 1036 42
1024 1031 42
1031 1034 42
1031 1036 42
1032 1033 42
1032 1035 42
1032 1034 42
1032 1036 42
1033 1052 42
1033 1035 42
1033 1034 42
1033 1036 42
1034 1035 42
1035 1038 42
1035 1036 42
1037 1038 42
1041 1044 42
1041 1043 42
1041 1042 42
1133 1281 42
1139 1440 42
1397 1433 42
7 1212 43
67 428 43
73 1376 43
90 681 43
102 1002 43
134 1310 43
134 361 43
194 370 43
210 1443 43
222 517 43
225 1297 43
229 1132 43
230 658 43
258 1457 43
262 285 43
301 491 43
362 1254 43
382 1463 43
385 648 43
392 1111 43
412 608 43
447 1375 43
527 1002 43
651 1320 43
717 1413 43
763 1309 43
812 1429 43
834 1014 43
895 1031 43
930 1063 43
930 1033 43
930 1064 43
930 980 43
930 1008 43
930 1065 43
930 1066 43
930 958 43
947 1079 43
958 1033 43
958 1063 43
958 1008 43
962 1116 43
962 1046 43
965 1038 43
972 1076 43
972 1040 43
972 1056 43
975 1183 43
976 1109 43
976 1104 43
976 1022 43
980 983 43
980 1005 43
980 1053 43
981 1005 43
982 1111 43
983 1005 43
983 1053 43
985 1025 43
993 1088 43
993 1090 43
993 1091 43
999 1083 43
999 1005 43
999 1029 43
999 1085 43
999 1108 43
999 1081 43
999 1082 43
1005 1083 43
1005 1053 43
1005 1117 43
1005 1018 43
1005 1079 43
1005 1085 43
1005 1082 43
1005 1038 43
1006 1098 43
1006 1097 43
1008 1033 43
1008 1065 43
1008 1063 43
1008 1064 43
1008 1066 43
1011 1115 43
1011 1114 43
1015 1080 43
1017 1110 43
1017 1222 43
1018 1083 43
1018 1085 43
1018 1050 43
1018 1081 43
1018 1082 43
1022 1050 43
1022 1109 43
1024 1100 43
1024 1099 43
1032 1076 43
1032 1111 43
1032 1072 43
1032 1092 43
1032 1071 43
1037 1323 43
1038 1100 43
1038 1072 43
1038 1074 43
1038 1069 43
1038 1063 43
1038 1099 43
1038 1071 43
1038 1058 43
1040 1056 43
1041 1056 43
1046 1088 43
1049 1103 43
1049 1051 43
1050 1098 43
1050 1118 43
1050 1097 43
1053 1108 43
1056 1075 43
1056 1076 43
1057 1058 43
1057 1059 43
1057 1061 43
1057 1062 43
1058 1061 43
1058 1062 43
1058 1060 43
1058 1059 43
1059 1061 43
1059 1062 43
1060 1061 43
1061 1062 43
1063 1069 43
1064 1065 43
1065 1066 43
1067 1068 43
1068 1107 43
1070 1074 43
1070 1071 43
1070 1073 43
1072 1074 43
1073 1099 43
1073 1074 43
1073 1076 43
1076 1094 43
1076 1096 43
1076 1092 43
1077 1078 43
1078 1079 43
1079 1085 43
1081 1082 43
1081 1083 43
1081 1084 43
1086 1444 43
1088 1090 43
1088 1091 43
1089 1090 43
1092 1093 43
1092 1096 43
1095 1111 43
1097 1098 43
1099 1100 43
1099 1106 43
1099 1105 43
1101 1102 43
1101 1104 43
1102 1103 43
1105 1106 43
1113 1114 43
1113 1115 43
1114 1115 43
1232 1349 43
1 5 44
33 1126 44
57 279 44
177 910 44
360 428 44
388 390 44
419 1400 44
501 1025 44
526 931 44
598 845 44
802 1055 44
808 1114 44
818 1177 44
958 965 44
976 1127 44
976 1011 44
980 983 44
993 1129 44
1008 1128 44
1008 1032 44
1011 1132 44
1017 1124 44
1022 1050 44
1032 1063 44
1032 1126 44
1050 1060 44
1064 1116 44
1067 1123 44
1067 1122 44
1122 1123 44
1165 1182 44
1 73 45
58 178 45
104 936 45
107 568 45
108 476 45
109 290 45
130 247 45
151 160 45
217 247 45
225 515 45
232 1382 45
277 1223 45
293 465 45
303 396 45
303 498 45
318 1354 45
321 1059 45
329 562 45
340 1240 45
367 440 45
384 1092 45
426 481 45
445 1195 45
462 1291 45
537 643 45
560 1144 45
667 937 45
695 796 45
743 891 45
778 811 45
813 1033 45
824 1034 45
843 1315 45
892 1389 45
917 1108 45
923 1421 45
940 1190 45
946 1173 45
972 1146 45
975 1150 45
976 1177 45
983 1154 45
1011 1159 45
1011 1180 45
1011 1181 45
1011 1158 45
1011 1149 45
1011 1115 45
1017 1175 45
1017 1125 45
1017 1124 45
1029 1079 45
1041 1060 45
1041 1132 45
1041 1149 45
1041 1148 45
1041 1147 45
1041 1146 45
1046 1151 45
1046 1150 45
1056 1104 45
1056 1115 45
1056 1093 45
1056 1161 45
1056 1157 45
1056 1162 45
1056 1060 45
1057 1081 45
1060 1147 45
1060 1161 45
1060 1148 45
1063 1165 45
1063 1070 45
1063 1069 45
1067 1138 45
1067 1068 45
1068 1139 45
1068 1138 45
1069 1070 45
1069 1134 45
1079 1150 45
1080 1162 45
1080 1111 45
1080 1093 45
1081 1153 45
1081 1154 45
1091 1164 45
1093 1134 45
1093 1162 45
1093 1095 45
1095 1134 45
1095 1300 45
1104 1161 45
1115 1157 45
1115 1158 45
1115 1149 45
1115 1159 45
1124 1132 45
1124 1174 45
1124 1148 45
1124 1125 45
1125 1148 45
1125 1174 45
1126 1162 45
1127 1177 45
1127 1135 45
1132 1148 45
1133 1171 45
1133 1170 45
1133 1172 45
1134 1165 45
1135 1136 45
1135 1137 45
1138 1139 45
1139 1140 45
1140 1143 45
1140 1141 45
1142 1143 45
1144 1145 45
1146 1161 45
1147 1148 45
1148 1174 45
1149 1159 45
1149 1182 45
1149 1158 45
1150 1167 45
1150 1166 45
1150 1168 45
1153 1154 45
1153 1166 45
1153 1167 45
1155 1156 45
1156 1160 45
1158 1159 45
1162 1163 45
1166 1167 45
1166 1168 45
1167 1168 45
1170 1171 45
1170 1172 45
1174 1175 45
1177 1178 45
1180 1181 45
1184 1477 45
1228 1304 45
1253 1375 45
14 882 46
18 920 46
21 1455 46
32 833 46
57 285 46
74 1127 46
106 177 46
158 460 46
180 1175 46
202 1374 46
245 1299 46
266 1188 46
292 885 46
297 578 46
321 934 46
323 1138 46
326 818 46
442 685 46
452 500 46
465 1103 46
526 851 46
557 1173 46
594 1438 46
637 797 46
648 997 46
667 729 46
819 1204 46
960 1174 46
960 1175 46
972 1184 46
972 1183 46
976 1104 46
980 1203 46
983 1121 46
983 1203 46
983 1213 46
1001 1463 46
1011 1181 46
1011 1180 46
1011 1149 46
1011 1041 46
1019 1074 46
1022 1214 46
1024 1204 46
1029 1164 46
1029 1188 46
1029 1205 46
1029 1189 46
1041 1157 46
1041 1060 46
1041 1152 46
1041 1132 46
1041 1174 46
1046 1067 46
1046 1208 46
1056 1076 46
1057 1135 46
1057 1185 46
1060 1201 46
1060 1193 46
1063 1070 46
1063 1069 46
1065 1196 46
1068 1142 46
1068 1139 46
1068 1143 46
1076 1146 46
1076 1193 46
1076 1201 46
1076 1149 46
1079 1205 46
1080 1124 46
1080 1125 46
1093 1190 46
1093 1146 46
1093 1191 46
1093 1192 46
1093 1144 46
1095 1193 46
1102 1178 46
1102 1104 46
1104 1136 46
1110 1125 46
1111 1162 46
1116 1199 46
1116 1198 46
1116 1197 46
1121 1203 46
1124 1125 46
1127 1156 46
1131 1152 46
1132 1174 46
1132 1152 46
1133 1172 46
1134 1191 46
1135 1185 46
1139 1143 46
1139 1142 46
1142 1143 46
1144 1192 46
1144 1190 46
1144 1191 46
1144 1146 46
1145 1184 46
1146 1192 46
1146 1190 46
1146 1191 46
1147 1194 46
1149 1193 46
1150 1199 46
1150 1198 46
1150 1200 46
1152 1174 46
1153 1210 46
1156 1185 46
1156 1169 46
1157 1193 46
1157 1182 46
1164 1188 46
1164 1187 46
1164 1205 46
1164 1186 46
1164 1189 46
1180 1181 46
1183 1184 46
1186 1187 46
1186 1189 46
1187 1188 46
1187 1189 46
1188 1189 46
1189 1205 46
1189 1204 46
1190 1192 46
1190 1191 46
1190 1207 46
1191 1192 46
1193 1201 46
1193 1195 46
1193 1194 46
1194 1195 46
1196 1198 46
1196 1197 46
1196 1199 46
1196 1200 46
1197 1199 46
1197 1200 46
1198 1199 46
1199 1200 46
1211 1212 46
1215 1216 46
1248 1425 46
15 1085 47
56 1171 47
62 324 47
67 1268 47
77 610 47
98 354 47
103 541 47
105 387 47
109 375 47
111 302 47
112 741 47
164 721 47
165 1258 47
199 1121 47
226 1202 47
241 1188 47
250 1468 47
338 1146 47
338 465 47
363 371 47
470 1235 47
496 841 47
537 1166 47
541 1377 47
573 981 47
670 769 47
686 1323 47
699 1199 47
720 1465 47
816 826 47
816 1083 47
960 1237 47
960 1184 47
1011 1159 47
1022 1083 47
1022 1046 47
1046 1233 47
1063 1069 47
1067 1173 47
1067 1169 47
1067 1068 47
1076 1146 47
1095 1193 47
1121 1128 47
1124 1125 47
1124 1174 47
1125 1174 47
1133 1171 47
1133 1172 47
1133 1170 47
1134 1209 47
1134 1190 47
1135 1218 47
1135 1185 47
1135 1217 47
1136 1137 47
1139 1143 47
1139 1142 47
1142 1143 47
1145 1207 47
1152 1193 47
1153 1228 47
1153 1234 47
1153 1227 47
1155 1225 47
1156 1185 47
1156 1206 47
1169 1173 47
1170 1172 47
1170 1171 47
1172 1203 47
1172 1239 47
1175 1238 47
1175 1240 47
1177 1286 47
1178 1181 47
1180 1230 47
1183 1211 47
1183 1219 47
1184 1237 47
1185 1206 47
1185 1217 47
1186 1189 47
1187 1205 47
1187 1189 47
1189 1205 47
1190 1191 47
1192 1267 47
1195 1201 47
1198 1199 47
1198 1200 47
1199 1218 47
1208 1225 47
1208 1224 47
1210 1235 47
1211 1219 47
1217 1218 47
1220 1221 47
1221 1222 47
1224 1232 47
1224 1225 47
1224 1231 47
1226 1227 47
1229 1230 47
1235 1236 47
1238 1240 47
38 707 48
47 1278 48
61 495 48
83 1459 48
87 733 48
107 860 48
113 668 48
183 899 48
185 348 48
215 349 48
260 1473 48
276 926 48
317 921 48
328 1261 48
375 1126 48
383 1022 48
395 807 48
421 1476 48
422 1059 48
447 939 48
535 1385 48
577 944 48
609 1237 48
642 719 48
707 1044 48
797 1195 48
882 992 48
904 1392 48
972 1076 48
980 1243 48
984 1258 48
1011 1137 48
1022 1083 48
1041 1159 48
1045 1302 48
1060 1160 48
1063 1069 48
1064 1468 48
1075 1436 48
1081 1183 48
1081 1155 48
1095 1147 48
1095 1144 48
1102 1178 48
1102 1136 48
1102 1137 48
1102 1143 48
1124 1248 48
1125 1248 48
1127 1241 48
1127 1185 48
1127 1135 48
1133 1171 48
1134 1247 48
1134 1192 48
1134 1191 48
1134 1246 48
1135 1185 48
1136 1178 48
1136 1137 48
1137 1178 48
1139 1142 48
1142 1143 48
1144 1147 48
1145 1184 48
1145 1207 48
1148 1240 48
1154 1213 48
1155 1231 48
1155 1183 48
1155 1224 48
1155 1369 48
1156 1206 48
1158 1250 48
1159 1250 48
1170 1172 48
1183 1231 48
1183 1219 48
1185 1241 48
1187 1210 48
1187 1205 48
1187 1244 48
1187 1189 48
1189 1244 48
1191 1192 48
1197 1199 48
1201 1216 48
1205 1244 48
1213 1249 48
1221 1222 48
1227 1245 48
10 1434 49
11 1129 49
31 222 49
51 348 49
65 401 49
71 103 49
73 1479 49
142 1228 49
178 1194 49
199 499 49
202 1452 49
220 438 49
312 584 49
348 1459 49
360 1220 49
429 1446 49
567 887 49
617 903 49
635 1317 49
702 943 49
719 1195 49
750 1215 49
829 1344 49
858 1479 49
1022 1083 49
1079 1228 49
1081 1187 49
1127 1135 49
1128 1243 49
1128 1207 49
1134 1255 49
1142 1178 49
1153 1251 49
1153 1228 49
1187 1189 49
9 141 50
18 444 50
66 173 50
77 1351 50
124 377 50
143 720 50
145 494 50
147 1133 50
190 949 50
231 281 50
257 620 50
307 604 50
353 589 50
427 856 50
438 1390 50
452 796 50
477 649 50
543 813 50
621 700 50
626 1065 50
639 1475 50
645 903 50
684 1212 50
771 1247 50
772 846 50
776 1195 50
869 1218 50
885 1269 50
972 1145 50
980 1243 50
995 1242 50
1022 1083 50
1067 1173 50
1070 1207 50
1070 1184 50
1074 1217 50
1079 1189 50
1083 1199 50
1085 1301 50
1086 1450 50
1095 1266 50
1095 1268 50
1095 1267 50
1111 1134 50
1111 1126 50
1111 1470 50
1124 1180 50
1128 1253 50
1137 1156 50
1137 1250 50
1137 1206 50
1142 1143 50
1169 1257 50
1171 1242 50
1184 1209 50
1189 1211 50
1189 1244 50
1195 1331 50
1201 1260 50
1207 1209 50
1213 1234 50
1235 1251 50
1242 1245 50
1243 1261 50
1243 1259 50
1245 1269 50
1246 1255 50
1248 1255 50
1251 1262 50
1252 1253 50
1254 1258 50
1274 1338 50
8 1380 51
10 91 51
12 1175 51
68 1052 51
76 1225 51
124 195 51
133 624 51
149 1184 51
168 827 51
176 1054 51
176 968 51
187 345 51
188 1155 51
200 730 51
201 718 51
238 474 51
244 1016 51
280 940 51
297 850 51
367 574 51
377 1210 51
387 414 51
634 1429 51
636 1476 51
640 1292 51
745 903 51
809 850 51
830 1363 51
915 1475 51
927 1022 51
980 1243 51
1007 1191 51
1022 1206 51
1052 1453 51
1055 1384 51
1067 1257 51
1067 1195 51
1079 1251 51
1095 1178 51
1095 1274 51
1096 1179 51
1111 1126 51
1126 1134 51
1126 1280 51
1128 1273 51
1128 1253 51
1134 1280 51
1142 1173 51
1142 1143 51
1143 1173 51
1154 1234 51
1154 1194 51
1173 1223 51
1178 1266 51
1178 1274 51
1178 1279 51
1178 1250 51
1189 1270 51
1189 1211 51
1199 1200 51
1209 1278 51
1234 1242 51
1234 1245 51
1234 1262 51
1234 1269 51
1235 1271 51
1242 1269 51
1243 1258 51
1245 1272 51
1245 1269 51
1246 1276 51
1248 1259 51
1250 1274 51
1254 1278 51
1254 1258 51
1258 1278 51
1262 1269 51
1262 1272 51
1269 1272 51
1280 1281 51
1355 1466 51
0 322 52
225 1353 52
236 1393 52
247 251 52
308 475 52
311 529 52
350 1277 52
380 1046 52
393 1012 52
425 988 52
508 659 52
957 1250 52
1023 1234 52
1156 1286 52
1187 1271 52
1262 1269 52
1309 1311 52
54 501 53
199 509 53
308 474 53
318 1166 53
377 871 53
379 1090 53
423 1126 53
429 1189 53
517 1008 53
520 1393 53
545 1293 53
548 865 53
606 1214 53
621 1453 53
795 905 53
853 1260 53
926 1410 53
972 1386 53
1039 1081 53
1156 1310 53
1156 1292 53
1200 1292 53
1230 1310 53
1235 1283 53
1235 1270 53
1243 1269 53
1262 1304 53
1270 1283 53
1271 1305 53
1276 1299 53
1282 1292 53
1284 1301 53
1284 1300 53
1287 1289 53
1287 1288 53
1288 1296 53
1289 1296 53
1293 1294 53
1305 1306 53
1336 1383 53
71 127 54
74 1379 54
81 238 54
95 1099 54
102 973 54
113 601 54
238 1014 54
239 1212 54
241 1379 54
271 684 54
279 769 54
302 1121 54
331 692 54
353 991 54
363 717 54
375 1425 54
379 718 54
396 1345 54
420 1185 54
426 1013 54
427 916 54
453 1170 54
480 1195 54
490 813 54
594 638 54
628 1100 54
663 1159 54
671 888 54
683 1147 54
811 1085 54
878 1465 54
925 1430 54
1197 1285 54
1252 1319 54
1252 1315 54
1253 1271 54
1262 1332 54
1269 1315 54
1276 1333 54
1283 1330 54
1283 1329 54
1284 1301 54
1288 1296 54
1288 1323 54
1293 1321 54
1294 1295 54
1296 1327 54
1296 1323 54
1310 1313 54
1315 1316 54
1315 1317 54
1315 1321 54
1316 1319 54
1317 1318 54
1317 1321 54
1318 1321 54
1318 1320 54
1325 1326 54
1335 1338 54
2 1376 55
75 496 55
76 1446 55
76 745 55
82 1371 55
107 1299 55
143 1213 55
192 1310 55
208 933 55
215 468 55
217 1293 55
253 703 55
254 654 55
257 808 55
261 413 55
274 952 55
277 365 55
304 1141 55
324 1045 55
337 382 55
387 792 55
394 561 55
446 1002 55
460 657 55
489 768 55
551 1046 55
575 1057 55
588 728 55
631 898 55
638 1402 55
640 1126 55
641 704 55
646 1177 55
687 1120 55
692 888 55
695 859 55
738 1203 55
832 844 55
836 939 55
914 1389 55
963 1250 55
1022 1376 55
1051 1397 55
1069 1197 55
1217 1339 55
1230 1390 55
1235 1382 55
1271 1387 55
1271 1334 55
1276 1375 55
1276 1357 55
1283 1368 55
1287 1309 55
1287 1371 55
1291 1313 55
1293 1365 55
1293 1372 55
1293 1352 55
1293 1312 55
1293 1363 55
1295 1384 55
1295 1371 55
1296 1323 55
1296 1310 55
1296 1327 55
1296 1350 55
1296 1349 55
1305 1340 55
1305 1347 55
1306 1334 55
1309 1362 55
1309 1371 55
1312 1372 55
1312 1385 55
1316 1318 55
1316 1320 55
1322 1356 55
1322 1325 55
1324 1355 55
1325 1356 55
1325 1329 55
1326 1329 55
1328 1341 55
1329 1330 55
1329 1356 55
1330 1334 55
1332 1389 55
1334 1387 55
1335 1338 55
1335 1363 55
1338 1372 55
1339 1342 55
1340 1341 55
1342 1343 55
1345 1347 55
1345 1346 55
1346 1348 55
1346 1373 55
1350 1377 55
1351 1353 55
1351 1352 55
1352 1353 55
1352 1367 55
1354 1355 55
1359 1360 55
1359 1362 55
1359 1361 55
1360 1361 55
1360 1386 55
1363 1366 55
1363 1365 55
1363 1364 55
1366 1381 55
1369 1370 55
1371 1384 55
1373 1374 55
1377 1385 55
1378 1379 55
1378 1380 55
1379 1380 55
1379 1382 55
10 918 56
79 723 56
89 278 56
127 259 56
145 825 56
146 1068 56
160 857 56
176 753 56
187 843 56
190 1236 56
200 302 56
213 506 56
223 442 56
230 1413 56
235 337 56
261 1035 56
349 532 56
408 436 56
428 720 56
499 1181 56
522 1111 56
542 1321 56
547 1451 56
569 889 56
574 953 56
577 671 56
739 1171 56
770 969 56
791 845 56
874 1261 56
916 944 56
953 1304 56
1022 1416 56
1022 1415 56
1022 1399 56
1112 1409 56
1254 1301 56
1262 1329 56
1262 1370 56
1262 1412 56
1262 1397 56
1271 1355 56
1275 1305 56
1276 1295 56
1287 1402 56
1287 1401 56
1288 1327 56
1288 1410 56
1293 1363 56
1295 1309 56
1305 1348 56
1305 1346 56
1306 1347 56
1306 1417 56
1306 1408 56
1309 1360 56
1309 1418 56
1309 1414 56
1310 1350 56
1310 1383 56
1310 1323 56
1312 1422 56
1312 1376 56
1320 1355 56
1323 1350 56
1324 1354 56
1326 1354 56
1326 1369 56
1328 1362 56
1328 1421 56
1329 1370 56
1329 1330 56
1329 1397 56
1330 1356 56
1330 1396 56
1335 1404 56
1345 1398 56
1347 1417 56
1347 1348 56
1347 1408 56
1348 1409 56
1348 1417 56
1350 1377 56
1354 1361 56
1354 1406 56
1356 1397 56
1360 1409 56
1360 1414 56
1361 1365 56
1362 1421 56
1366 1419 56
1368 1407 56
1370 1397 56
1371 1418 56
1371 1421 56
1374 1398 56
1377 1391 56
1378 1403 56
1384 1421 56
1389 1413 56
1389 1412 56
1390 1391 56
1391 1392 56
1393 1395 56
1393 1394 56
1394 1395 56
1396 1397 56
1399 1400 56
1403 1405 56
1403 1404 56
1409 1414 56
1410 1419 56
1410 1411 56
1412 1413 56
1415 1416 56
14 323 57
25 73 57
45 185 57
51 1262 57
106 1404 57
142 484 57
145 909 57
164 1268 57
165 1131 57
173 328 57
217 1081 57
252 870 57
255 668 57
280 437 57
288 318 57
351 1056 57
392 1086 57
449 538 57
451 1204 57
575 619 57
624 1063 57
635 1387 57
639 1330 57
643 1224 57
645 1181 57
681 1036 57
742 1020 57
844 1311 57
934 1387 57
985 1203 57
1022 1416 57
1022 1312 57
1022 1372 57
1134 1372 57
1261 1332 57
1276 1309 57
1276 1362 57
1290 1441 57
1290 1431 57
1290 1368 57
1291 1365 57
1296 1310 57
1296 1427 57
1296 1404 57
1305 1346 57
1306 1440 57
1306 1320 57
1306 1347 57
1309 1362 57
1309 1431 57
1309 1418 57
1310 1404 57
1310 1427 57
1310 1323 57
1312 1372 57
1312 1416 57
1312 1432 57
1312 1438 57
1315 1425 57
1315 1426 57
1320 1348 57
1320 1347 57
1320 1417 57
1320 1354 57
1324 1408 57
1326 1370 57
1328 1384 57
1328 1421 57
1329 1370 57
1329 1434 57
1330 1413 57
1330 1431 57
1330 1407 57
1334 1440 57
1334 1361 57
1341 1398 57
1341 1346 57
1341 1345 57
1345 1398 57
1345 1346 57
1346 1354 57
1347 1417 57
1350 1391 57
1355 1420 57
1357 1433 57
1360 1420 57
1360 1437 57
1362 1409 57
1362 1436 57
1368 1431 57
1371 1435 57
1380 1429 57
1380 1443 57
1384 1421 57
1390 1423 57
1395 1403 57
1399 1428 57
1403 1430 57
1403 1429 57
1404 1427 57
1405 1429 57
1407 1434 57
1407 1413 57
1407 1431 57
1408 1428 57
1409 1439 57
1413 1431 57
1414 1418 57
1414 1436 57
1416 1428 57
1418 1436 57
1421 1442 57
1429 1443 57
15 1250 58
29 1397 58
34 895 58
39 1095 58
69 825 58
72 373 58
92 805 58
93 1187 58
98 107 58
111 891 58
121 326 58
127 631 58
139 712 58
195 277 58
199 913 58
264 658 58
322 701 58
393 628 58
444 1230 58
454 1170 58
465 665 58
483 860 58
517 913 58
553 1373 58
569 730 58
632 895 58
655 1025 58
691 1431 58
791 1194 58
1029 1052 58
1061 1294 58
1291 1365 58
1291 1360 58
1305 1306 58
1305 1320 58
1306 1425 58
1306 1320 58
1306 1347 58
1309 1418 58
1310 1350 58
1315 1448 58
1315 1322 58
1316 1449 58
1320 1347 58
1320 1348 58
1322 1449 58
1323 1350 58
1323 1327 58
1323 1410 58
1327 1459 58
1327 1410 58
1327 1453 58
1329 1408 58
1329 1370 58
1347 1425 58
1354 1355 58
1357 1401 58
1360 1437 58
1360 1457 58
1362 1418 58
1365 1437 58
1368 1395 58
1372 1455 58
1372 1416 58
1372 1400 58
1372 1430 58
1384 1398 58
1391 1445 58
1395 1460 58
1400 1416 58
1403 1430 58
1403 1458 58
1403 1423 58
1410 1459 58
1413 1452 58
1414 1436 58
1416 1430 58
1416 1428 58
1420 1457 58
1423 1458 58
1423 1462 58
1425 1449 58
1430 1458 58
1430 1432 58
1432 1458 58
1433 1447 58
1435 1461 58
1438 1445 58
1444 1445 58
1446 1447 58
1448 1463 58
1450 1452 58
1450 1451 58
1454 1456 58
1454 1455 58
24 687 59
42 380 59
120 1080 59
164 1035 59
196 1291 59
207 700 59
223 957 59
235 722 59
268 1307 59
390 493 59
399 1240 59
427 1432 59
461 1375 59
518 1162 59
553 745 59
585 1055 59
618 1001 59
646 1086 59
651 799 59
664 683 59
765 1389 59
829 835 59
837 1085 59
852 1104 59
1005 1327 59
1022 1403 59
1022 1405 59
1079 1323 59
1094 1298 59
1315 1370 59
1316 1470 59
1319 1470 59
1320 1324 59
1320 1417 59
1320 1347 59
1324 1355 59
1324 1347 59
1324 1467 59
1328 1421 59
1330 1332 59
1332 1413 59
1334 1400 59
1347 1417 59
1355 1362 59
1362 1464 59
1368 1472 59
1368 1460 59
1370 1407 59
1372 1416 59
1391 1469 59
1400 1416 59
1403 1471 59
1407 1460 59
1413 1452 59
1414 1439 59
1417 1464 59
1420 1439 59
1449 1465 59
1452 1465 59
1463 1470 59
1467 1468 59
1473 1474 59
65 135 60
101 157 60
262 800 60
290 296 60
320 1403 60
376 790 60
415 636 60
418 1055 60
431 873 60
435 857 60
463 1351 60
469 756 60
551 1285 60
560 908 60
673 1124 60
693 1275 60
759 792 60
817 846 60
873 970 60
1005 1109 60
1029 1299 60
1327 1447 60
1328 1464 60
1334 1455 60
1334 1407 60
1348 1476 60
1348 1355 60
1416 1420 60
1454 1455 60
