0 1 0
9 21 0
51 79 0
53 123 0
71 43 0
104 114 0
109 83 0
122 75 0
127 114 0
144 68 0
3 3 1
3 94 1
7 148 1
23 44 1
27 65 1
28 119 1
39 150 1
45 52 1
68 116 1
98 83 1
108 29 1
4 106 2
8 8 2
13 5 2
16 54 2
28 48 2
34 84 2
65 1 2
66 74 2
69 107 2
69 55 2
81 107 2
81 6 2
85 38 2
87 131 2
107 20 2
137 86 2
147 123 2
2 55 3
3 98 3
3 149 3
25 96 3
26 80 3
40 29 3
60 80 3
97 143 3
110 35 3
124 141 3
132 32 3
133 79 3
144 29 3
12 108 4
34 98 4
45 146 4
48 126 4
56 33 4
61 19 4
77 145 4
81 42 4
84 100 4
121 44 4
124 115 4
124 34 4
131 115 4
134 22 4
2 1 5
2 2 5
22 42 5
25 7 5
31 15 5
48 27 5
55 97 5
106 7 5
113 19 5
115 78 5
129 39 5
1 74 6
2 2 6
35 30 6
35 135 6
37 123 6
38 65 6
47 86 6
47 18 6
48 111 6
54 83 6
69 136 6
70 72 6
81 39 6
81 13 6
83 109 6
86 56 6
93 5 6
97 90 6
98 101 6
100 136 6
124 7 6
129 18 6
0 15 7
2 4 7
2 11 7
4 16 7
7 7 7
8 128 7
8 56 7
9 76 7
16 2 7
19 122 7
19 129 7
19 141 7
20 32 7
20 20 7
20 40 7
23 23 7
23 38 7
23 117 7
24 42 7
27 120 7
30 58 7
32 110 7
38 111 7
39 106 7
39 110 7
40 81 7
41 94 7
43 149 7
49 133 7
58 145 7
64 108 7
71 134 7
75 29 7
75 125 7
77 69 7
78 19 7
79 114 7
81 133 7
82 45 7
83 2 7
84 6 7
85 106 7
101 54 7
102 88 7
103 117 7
106 83 7
115 129 7
116 122 7
124 123 7
125 135 7
127 93 7
136 70 7
140 74 7
2 1 8
2 0 8
2 3 8
3 3 8
8 8 8
9 44 8
10 9 8
10 144 8
11 118 8
12 31 8
13 139 8
17 118 8
17 104 8
18 47 8
20 30 8
21 91 8
21 102 8
23 23 8
24 102 8
32 46 8
32 115 8
36 30 8
43 44 8
44 132 8
47 145 8
68 46 8
73 122 8
74 100 8
76 33 8
79 122 8
81 43 8
84 29 8
84 74 8
96 70 8
96 94 8
97 57 8
99 109 8
99 26 8
102 31 8
105 72 8
110 10 8
115 81 8
119 122 8
122 86 8
123 47 8
125 29 8
125 22 8
130 146 8
132 61 8
134 25 8
136 111 8
136 128 8
137 12 8
138 60 8
139 1 8
141 54 8
143 40 8
145 135 8
148 116 8
6 77 9
7 17 9
8 11 9
8 8 9
9 143 9
17 37 9
20 54 9
20 133 9
20 36 9
21 22 9
23 23 9
23 12 9
24 23 9
24 99 9
25 7 9
28 8 9
29 29 9
29 56 9
35 142 9
35 13 9
37 119 9
39 148 9
40 150 9
42 52 9
43 25 9
47 25 9
47 61 9
48 11 9
49 71 9
51 36 9
54 28 9
55 96 9
55 4 9
57 131 9
58 145 9
58 99 9
64 10 9
65 125 9
71 116 9
73 69 9
75 21 9
77 68 9
81 115 9
82 89 9
83 34 9
85 27 9
90 142 9
93 102 9
98 120 9
100 35 9
113 0 9
117 138 9
126 130 9
127 88 9
127 109 9
130 76 9
134 85 9
137 70 9
140 53 9
141 64 9
143 9 9
144 10 9
148 99 9
0 4 10
1 4 10
2 5 10
4 33 10
9 127 10
10 10 10
10 70 10
11 32 10
13 44 10
17 17 10
19 64 10
19 128 10
21 102 10
23 23 10
23 38 10
24 119 10
28 32 10
28 53 10
29 29 10
29 42 10
30 118 10
31 49 10
36 132 10
43 43 10
43 54 10
44 63 10
45 20 10
46 134 10
47 150 10
50 128 10
53 99 10
54 73 10
54 131 10
56 107 10
56 116 10
57 65 10
58 34 10
61 96 10
64 22 10
71 60 10
73 36 10
75 100 10
77 116 10
77 21 10
78 94 10
83 13 10
91 21 10
91 48 10
93 112 10
94 131 10
99 71 10
109 17 10
110 88 10
110 149 10
117 19 10
118 124 10
118 87 10
124 51 10
125 42 10
129 131 10
131 144 10
132 64 10
134 146 10
137 119 10
138 46 10
139 24 10
142 63 10
143 72 10
143 65 10
150 104 10
0 2 11
0 4 11
0 0 11
1 5 11
4 0 11
5 130 11
7 36 11
7 7 11
7 143 11
10 10 11
11 51 11
11 63 11
11 95 11
14 143 11
14 90 11
17 29 11
17 17 11
17 56 11
19 69 11
20 86 11
22 2 11
23 23 11
23 45 11
25 26 11
26 140 11
30 0 11
30 70 11
32 119 11
32 118 11
41 106 11
41 68 11
45 7 11
47 56 11
48 27 11
49 136 11
52 104 11
52 18 11
54 14 11
57 124 11
58 99 11
60 109 11
62 52 11
62 24 11
65 59 11
69 28 11
71 49 11
77 118 11
79 24 11
80 101 11
81 130 11
82 100 11
83 25 11
86 109 11
91 75 11
91 81 11
94 53 11
97 86 11
101 31 11
103 0 11
109 126 11
109 92 11
109 45 11
110 139 11
110 24 11
111 135 11
115 10 11
119 19 11
123 41 11
123 21 11
124 37 11
124 73 11
124 91 11
127 70 11
127 90 11
130 78 11
132 102 11
133 55 11
134 85 11
136 103 11
136 61 11
137 141 11
138 105 11
139 119 11
141 70 11
141 60 11
142 118 11
142 44 11
143 24 11
144 54 11
147 54 11
149 132 11
150 75 11
0 5 12
0 116 12
2 0 12
2 5 12
7 7 12
7 36 12
7 45 12
7 144 12
11 27 12
15 0 12
16 127 12
17 17 12
18 18 12
19 20 12
19 53 12
23 35 12
23 23 12
25 23 12
27 101 12
28 79 12
29 37 12
29 41 12
29 97 12
29 112 12
30 32 12
32 139 12
32 19 12
34 79 12
36 12 12
38 45 12
40 75 12
43 43 12
43 35 12
44 50 12
45 7 12
49 125 12
52 98 12
57 20 12
57 83 12
58 8 12
59 18 12
64 150 12
64 131 12
65 107 12
66 92 12
68 103 12
69 132 12
70 51 12
71 17 12
72 49 12
74 46 12
74 139 12
75 130 12
75 133 12
77 124 12
79 39 12
81 6 12
82 37 12
83 127 12
87 139 12
91 101 12
92 35 12
96 80 12
98 68 12
98 138 12
102 50 12
106 144 12
109 134 12
111 49 12
112 61 12
121 79 12
122 27 12
123 83 12
123 143 12
124 10 12
125 96 12
127 35 12
136 139 12
138 66 12
140 20 12
147 19 12
150 135 12
2 2 13
2 66 13
3 83 13
5 67 13
5 82 13
5 90 13
7 7 13
7 32 13
8 8 13
11 61 13
13 51 13
15 0 13
16 134 13
17 118 13
19 82 13
20 150 13
21 2 13
21 107 13
21 120 13
23 23 13
25 25 13
25 93 13
26 26 13
26 25 13
26 79 13
26 61 13
29 22 13
30 6 13
31 26 13
31 108 13
31 76 13
31 109 13
32 52 13
33 58 13
33 14 13
34 27 13
40 57 13
41 4 13
42 9 13
43 43 13
44 17 13
47 18 13
52 92 13
53 91 13
53 45 13
53 93 13
57 138 13
57 89 13
60 22 13
61 53 13
65 90 13
66 44 13
67 1 13
68 102 13
69 100 13
74 77 13
74 140 13
75 30 13
75 4 13
77 77 13
78 61 13
78 86 13
81 130 13
82 106 13
84 48 13
85 95 13
89 86 13
89 96 13
90 96 13
94 66 13
101 110 13
103 119 13
104 130 13
104 75 13
105 141 13
110 78 13
111 14 13
111 66 13
113 80 13
116 96 13
118 110 13
120 38 13
122 18 13
122 141 13
128 110 13
128 137 13
128 57 13
131 121 13
133 8 13
136 9 13
143 57 13
143 111 13
146 6 13
147 58 13
0 10 14
0 5 14
0 0 14
0 94 14
1 92 14
2 24 14
2 135 14
3 16 14
4 142 14
5 41 14
5 141 14
10 10 14
11 23 14
13 6 14
15 0 14
15 16 14
15 42 14
16 84 14
16 145 14
16 119 14
17 37 14
17 36 14
18 18 14
19 69 14
19 54 14
19 143 14
21 142 14
22 115 14
23 59 14
23 23 14
23 11 14
23 38 14
23 9 14
25 141 14
26 26 14
26 84 14
26 61 14
27 27 14
27 111 14
29 56 14
29 111 14
29 121 14
30 133 14
33 20 14
37 62 14
38 1 14
40 128 14
42 141 14
42 74 14
44 124 14
48 81 14
49 84 14
56 86 14
57 5 14
59 64 14
59 147 14
60 52 14
60 49 14
61 139 14
63 34 14
63 133 14
63 53 14
67 129 14
68 28 14
70 90 14
71 16 14
74 67 14
74 92 14
77 77 14
78 61 14
78 78 14
81 90 14
81 117 14
83 33 14
84 7 14
85 76 14
86 1 14
87 135 14
91 65 14
91 49 14
93 90 14
94 10 14
95 112 14
98 59 14
100 40 14
104 47 14
107 40 14
109 70 14
112 82 14
113 120 14
114 147 14
115 132 14
116 77 14
119 6 14
120 149 14
124 142 14
125 67 14
125 126 14
127 72 14
128 148 14
128 22 14
131 118 14
132 70 14
133 63 14
135 107 14
136 53 14
137 30 14
137 116 14
139 45 14
141 134 14
143 117 14
143 120 14
144 22 14
149 41 14
0 15 15
0 10 15
0 5 15
0 0 15
0 69 15
0 60 15
2 0 15
2 5 15
2 75 15
3 3 15
3 71 15
4 75 15
5 19 15
5 33 15
6 137 15
6 112 15
6 0 15
7 36 15
7 33 15
7 88 15
7 32 15
7 65 15
8 57 15
9 11 15
10 0 15
10 10 15
10 4 15
10 91 15
10 45 15
11 74 15
11 19 15
11 23 15
11 66 15
11 28 15
11 64 15
12 68 15
14 94 15
14 70 15
15 0 15
15 70 15
16 0 15
16 16 15
17 37 15
17 29 15
17 33 15
17 42 15
18 16 15
18 61 15
18 71 15
18 82 15
18 30 15
18 121 15
18 29 15
19 65 15
19 27 15
20 30 15
20 92 15
21 22 15
21 84 15
21 50 15
21 79 15
21 89 15
21 119 15
22 82 15
22 107 15
22 127 15
22 40 15
23 23 15
23 35 15
23 81 15
25 26 15
25 25 15
25 18 15
25 70 15
26 25 15
26 26 15
26 124 15
27 27 15
27 61 15
27 66 15
28 3 15
28 23 15
29 34 15
29 7 15
29 57 15
29 17 15
29 36 15
30 99 15
33 42 15
33 5 15
33 142 15
34 36 15
35 3 15
36 83 15
36 7 15
36 112 15
36 125 15
36 47 15
36 44 15
39 121 15
39 56 15
40 36 15
40 108 15
42 112 15
43 67 15
43 107 15
45 21 15
45 45 15
45 84 15
45 53 15
45 54 15
46 55 15
47 139 15
50 28 15
51 8 15
52 147 15
52 38 15
52 56 15
53 130 15
54 69 15
54 52 15
57 42 15
57 81 15
58 122 15
59 120 15
60 115 15
62 43 15
62 109 15
63 149 15
65 26 15
66 110 15
68 7 15
68 68 15
68 125 15
68 101 15
69 36 15
70 117 15
71 16 15
71 97 15
71 67 15
73 74 15
74 47 15
74 90 15
75 143 15
77 77 15
77 48 15
77 2 15
77 104 15
78 61 15
79 102 15
81 75 15
81 74 15
81 26 15
81 81 15
82 57 15
83 12 15
84 50 15
84 21 15
85 108 15
85 138 15
85 98 15
86 7 15
86 125 15
88 31 15
90 118 15
92 58 15
92 125 15
93 5 15
93 0 15
93 41 15
94 5 15
97 87 15
98 115 15
99 13 15
100 37 15
100 53 15
101 73 15
101 79 15
102 135 15
103 64 15
105 42 15
105 126 15
107 149 15
107 8 15
108 84 15
111 2 15
115 91 15
115 47 15
115 40 15
115 28 15
116 39 15
116 55 15
117 54 15
118 32 15
120 47 15
121 86 15
124 120 15
124 59 15
130 3 15
130 76 15
131 42 15
131 9 15
132 54 15
132 92 15
133 129 15
133 91 15
136 131 15
137 17 15
137 43 15
138 44 15
140 112 15
141 38 15
142 15 15
143 43 15
144 150 15
146 11 15
148 74 15
149 135 15
149 129 15
150 75 15
0 19 16
0 16 16
1 0 16
1 93 16
1 117 16
2 0 16
2 118 16
3 7 16
3 41 16
3 104 16
4 2 16
7 56 16
7 7 16
7 11 16
9 23 16
10 51 16
10 4 16
10 10 16
10 52 16
11 74 16
11 147 16
12 90 16
12 130 16
13 62 16
15 0 16
16 0 16
17 36 16
17 29 16
17 11 16
18 11 16
18 18 16
19 8 16
19 19 16
19 88 16
19 74 16
21 50 16
21 21 16
22 45 16
23 23 16
23 59 16
23 150 16
25 92 16
25 25 16
26 79 16
29 7 16
29 37 16
29 33 16
29 17 16
29 21 16
30 18 16
30 65 16
30 78 16
32 110 16
32 98 16
33 37 16
33 7 16
34 119 16
35 76 16
36 56 16
36 36 16
36 71 16
41 3 16
41 71 16
45 45 16
45 119 16
45 64 16
45 6 16
46 6 16
46 55 16
46 79 16
47 48 16
48 23 16
48 84 16
49 107 16
51 113 16
51 76 16
52 144 16
53 21 16
57 13 16
57 37 16
57 89 16
58 5 16
59 13 16
60 83 16
63 91 16
63 145 16
63 14 16
65 49 16
70 87 16
70 77 16
70 6 16
71 3 16
71 100 16
74 67 16
74 58 16
74 0 16
74 16 16
75 140 16
75 126 16
77 77 16
77 37 16
78 92 16
79 87 16
81 81 16
81 88 16
83 83 16
84 68 16
84 128 16
86 34 16
89 21 16
89 58 16
89 74 16
90 91 16
92 33 16
92 75 16
93 47 16
94 137 16
96 30 16
99 22 16
100 40 16
103 90 16
104 62 16
104 71 16
105 27 16
106 122 16
107 129 16
110 66 16
110 148 16
111 149 16
111 6 16
112 141 16
112 65 16
114 136 16
114 91 16
117 35 16
120 144 16
122 82 16
122 11 16
122 134 16
122 1 16
123 131 16
123 12 16
125 145 16
127 44 16
127 16 16
129 138 16
130 71 16
130 125 16
134 116 16
136 116 16
136 81 16
139 11 16
140 146 16
140 46 16
143 147 16
144 95 16
144 133 16
145 55 16
146 117 16
147 115 16
149 0 16
150 7 16
0 2 17
0 93 17
0 0 17
0 50 17
0 84 17
2 4 17
2 2 17
2 15 17
2 144 17
3 71 17
3 141 17
3 21 17
4 2 17
4 10 17
5 78 17
5 41 17
5 77 17
7 31 17
7 7 17
7 35 17
8 69 17
10 77 17
10 4 17
10 133 17
11 23 17
11 74 17
11 64 17
11 9 17
12 75 17
13 72 17
15 85 17
15 142 17
15 7 17
16 18 17
16 99 17
16 44 17
17 13 17
17 29 17
17 44 17
18 18 17
18 117 17
18 43 17
19 66 17
19 65 17
19 31 17
19 55 17
19 19 17
19 119 17
19 135 17
21 84 17
21 22 17
21 79 17
21 21 17
21 126 17
21 37 17
22 45 17
22 21 17
22 79 17
23 23 17
23 11 17
24 114 17
25 26 17
25 143 17
25 56 17
25 85 17
26 25 17
26 84 17
26 26 17
26 61 17
26 7 17
29 34 17
29 22 17
29 13 17
29 37 17
29 17 17
29 29 17
30 0 17
30 58 17
30 33 17
31 88 17
33 17 17
34 34 17
34 83 17
35 65 17
35 23 17
35 45 17
36 145 17
37 17 17
37 27 17
38 11 17
39 93 17
39 0 17
41 3 17
41 142 17
41 20 17
42 88 17
43 43 17
43 127 17
44 57 17
44 138 17
45 45 17
45 22 17
45 21 17
45 37 17
45 67 17
45 20 17
47 2 17
47 68 17
47 29 17
48 88 17
49 106 17
51 116 17
52 79 17
52 21 17
53 61 17
53 94 17
54 62 17
57 34 17
58 11 17
58 20 17
61 74 17
61 80 17
62 62 17
65 60 17
66 23 17
66 119 17
66 2 17
67 79 17
68 2 17
68 0 17
69 135 17
69 100 17
70 36 17
70 100 17
70 136 17
71 3 17
72 145 17
74 61 17
74 75 17
74 74 17
76 106 17
76 18 17
77 43 17
77 77 17
78 102 17
78 1 17
80 142 17
80 89 17
81 81 17
82 57 17
84 111 17
84 80 17
84 0 17
85 116 17
85 35 17
86 48 17
86 14 17
88 64 17
88 114 17
89 21 17
89 109 17
89 53 17
89 105 17
89 104 17
89 101 17
89 89 17
89 59 17
90 70 17
90 131 17
91 86 17
92 44 17
93 4 17
93 5 17
93 39 17
93 110 17
93 144 17
96 144 17
99 127 17
99 60 17
99 0 17
100 100 17
100 3 17
101 122 17
102 57 17
102 38 17
103 13 17
104 135 17
106 100 17
106 122 17
106 88 17
109 130 17
111 138 17
112 127 17
114 0 17
116 19 17
119 146 17
120 55 17
120 146 17
122 23 17
123 119 17
124 41 17
125 146 17
127 35 17
127 55 17
129 39 17
130 139 17
132 15 17
132 40 17
133 63 17
133 7 17
134 26 17
135 30 17
135 39 17
135 132 17
138 133 17
138 113 17
139 120 17
141 34 17
141 79 17
145 19 17
146 44 17
146 34 17
147 6 17
147 131 17
148 75 17
0 2 18
0 1 18
0 5 18
0 93 18
0 69 18
0 4 18
0 19 18
0 65 18
0 73 18
0 86 18
1 0 18
1 93 18
1 5 18
1 12 18
1 7 18
1 48 18
2 93 18
2 71 18
3 23 18
3 17 18
4 77 18
5 128 18
5 107 18
5 47 18
6 6 18
6 71 18
7 31 18
7 37 18
7 33 18
7 7 18
7 25 18
8 9 18
8 8 18
8 43 18
8 110 18
9 106 18
9 52 18
10 10 18
10 145 18
10 138 18
10 73 18
11 19 18
11 126 18
11 54 18
12 20 18
12 86 18
12 110 18
13 13 18
13 29 18
13 110 18
13 111 18
15 16 18
15 0 18
16 18 18
16 3 18
16 39 18
17 29 18
17 17 18
17 37 18
17 13 18
18 18 18
18 90 18
19 19 18
19 17 18
19 67 18
20 20 18
21 22 18
21 79 18
21 21 18
21 50 18
21 53 18
21 107 18
21 104 18
22 36 18
23 48 18
23 23 18
24 96 18
25 26 18
25 89 18
26 26 18
26 79 18
26 74 18
26 92 18
26 61 18
26 7 18
26 77 18
27 27 18
27 129 18
27 21 18
28 24 18
29 17 18
29 29 18
29 56 18
29 75 18
30 72 18
31 88 18
31 139 18
32 98 18
33 37 18
33 74 18
34 83 18
34 76 18
35 23 18
35 49 18
36 17 18
36 130 18
36 88 18
36 78 18
37 36 18
37 121 18
38 99 18
39 39 18
39 71 18
39 82 18
40 26 18
40 67 18
40 75 18
41 4 18
42 81 18
42 149 18
43 10 18
43 69 18
43 8 18
44 115 18
44 80 18
45 22 18
45 21 18
45 89 18
45 45 18
45 29 18
46 28 18
47 26 18
47 46 18
48 3 18
48 11 18
48 23 18
48 28 18
50 89 18
51 16 18
51 47 18
52 144 18
52 41 18
53 49 18
53 124 18
54 62 18
54 0 18
56 136 18
57 85 18
58 132 18
59 70 18
61 78 18
61 61 18
62 79 18
63 127 18
64 64 18
64 11 18
64 62 18
64 130 18
65 17 18
65 147 18
66 64 18
66 90 18
67 58 18
67 91 18
68 38 18
68 142 18
69 0 18
69 8 18
69 81 18
69 68 18
70 137 18
70 95 18
71 71 18
72 146 18
73 69 18
73 118 18
74 47 18
75 73 18
75 52 18
76 81 18
76 83 18
77 77 18
77 7 18
78 46 18
80 30 18
80 92 18
80 129 18
81 81 18
81 32 18
81 15 18
83 83 18
84 132 18
84 115 18
84 18 18
85 13 18
85 29 18
85 137 18
87 31 18
87 44 18
87 96 18
88 90 18
88 132 18
89 21 18
89 109 18
89 53 18
89 100 18
89 72 18
89 89 18
89 84 18
89 94 18
89 148 18
91 71 18
93 5 18
93 2 18
93 39 18
93 145 18
94 58 18
95 96 18
95 87 18
95 21 18
96 34 18
97 71 18
97 52 18
100 107 18
100 94 18
100 105 18
100 50 18
100 108 18
100 29 18
101 36 18
101 47 18
102 45 18
103 107 18
104 112 18
104 36 18
105 103 18
106 103 18
106 16 18
107 22 18
108 103 18
108 101 18
108 25 18
109 64 18
109 65 18
111 9 18
111 141 18
111 54 18
113 140 18
114 100 18
115 78 18
115 104 18
115 97 18
117 54 18
117 51 18
119 1 18
119 147 18
120 66 18
124 84 18
125 136 18
125 142 18
129 26 18
130 88 18
131 15 18
132 62 18
133 127 18
134 57 18
136 62 18
138 86 18
138 83 18
139 93 18
140 115 18
141 129 18
141 113 18
141 48 18
142 25 18
142 64 18
143 54 18
144 74 18
147 33 18
147 92 18
148 81 18
148 42 18
149 108 18
150 111 18
0 15 19
0 5 19
0 93 19
0 4 19
0 0 19
1 137 19
2 5 19
2 4 19
2 38 19
2 122 19
3 71 19
3 3 19
3 42 19
3 143 19
3 122 19
5 72 19
6 16 19
6 75 19
7 66 19
7 36 19
7 17 19
7 32 19
7 93 19
8 9 19
8 8 19
8 52 19
8 43 19
8 31 19
8 70 19
10 10 19
12 8 19
12 57 19
12 98 19
12 62 19
12 54 19
12 11 19
13 44 19
13 13 19
13 147 19
14 145 19
14 99 19
16 15 19
16 104 19
17 7 19
17 37 19
17 36 19
17 17 19
17 44 19
18 15 19
18 3 19
18 6 19
19 8 19
19 9 19
19 69 19
19 58 19
20 20 19
20 62 19
20 9 19
20 30 19
21 84 19
21 22 19
21 104 19
21 139 19
21 65 19
22 22 19
22 78 19
22 8 19
22 125 19
23 35 19
23 11 19
23 23 19
23 48 19
23 81 19
23 60 19
24 29 19
25 25 19
25 16 19
26 40 19
26 26 19
27 83 19
27 62 19
29 37 19
29 42 19
29 57 19
29 113 19
30 61 19
30 84 19
30 14 19
32 4 19
33 83 19
33 37 19
33 36 19
33 56 19
35 66 19
36 83 19
36 2 19
36 88 19
37 33 19
37 83 19
37 111 19
37 13 19
37 40 19
38 23 19
38 35 19
38 82 19
38 74 19
39 39 19
39 10 19
40 136 19
41 7 19
41 64 19
41 98 19
41 100 19
43 43 19
43 116 19
43 108 19
44 120 19
44 53 19
44 39 19
45 21 19
45 22 19
45 45 19
48 104 19
49 59 19
54 150 19
54 18 19
55 7 19
56 56 19
56 33 19
57 85 19
57 13 19
57 105 19
57 26 19
59 10 19
60 23 19
60 3 19
61 93 19
61 73 19
62 62 19
62 131 19
62 18 19
62 122 19
64 88 19
64 141 19
64 6 19
64 122 19
67 67 19
67 39 19
67 18 19
68 56 19
69 51 19
69 78 19
69 48 19
70 124 19
71 3 19
71 119 19
71 43 19
72 2 19
74 78 19
74 67 19
74 47 19
74 104 19
74 113 19
77 43 19
77 77 19
77 119 19
78 111 19
79 97 19
80 38 19
80 26 19
80 48 19
80 139 19
80 107 19
81 40 19
82 100 19
84 47 19
84 57 19
85 121 19
85 134 19
86 30 19
86 27 19
87 73 19
87 34 19
87 93 19
88 30 19
88 88 19
88 1 19
88 122 19
88 137 19
89 89 19
89 101 19
89 103 19
89 106 19
89 109 19
89 53 19
89 72 19
89 84 19
89 23 19
89 87 19
90 79 19
91 11 19
91 28 19
92 99 19
92 138 19
92 103 19
93 39 19
93 4 19
93 5 19
95 47 19
95 129 19
96 51 19
97 49 19
97 8 19
99 73 19
100 108 19
100 109 19
100 84 19
100 34 19
100 48 19
100 22 19
103 113 19
103 100 19
104 21 19
105 137 19
106 45 19
107 21 19
107 67 19
108 105 19
108 100 19
108 13 19
109 11 19
112 45 19
114 49 19
114 117 19
114 137 19
115 118 19
117 25 19
117 4 19
117 51 19
119 73 19
119 97 19
121 7 19
121 60 19
123 35 19
123 110 19
123 119 19
124 82 19
126 121 19
127 81 19
128 29 19
128 114 19
129 27 19
129 44 19
130 29 19
130 49 19
131 78 19
131 139 19
132 48 19
133 116 19
133 10 19
133 29 19
134 112 19
134 127 19
136 98 19
136 8 19
136 47 19
138 65 19
141 133 19
142 54 19
142 41 19
145 133 19
148 130 19
149 62 19
0 1 20
0 69 20
0 2 20
0 93 20
0 15 20
0 19 20
1 16 20
1 109 20
2 39 20
3 0 20
4 110 20
7 36 20
7 45 20
7 85 20
7 5 20
8 52 20
8 13 20
9 84 20
10 10 20
11 82 20
11 58 20
11 64 20
11 118 20
11 1 20
13 135 20
14 60 20
14 46 20
14 9 20
14 116 20
15 2 20
16 72 20
16 61 20
16 6 20
16 33 20
17 56 20
17 7 20
17 29 20
17 57 20
17 71 20
17 78 20
18 18 20
18 16 20
18 108 20
19 9 20
19 69 20
19 19 20
19 54 20
19 58 20
19 29 20
20 54 20
20 20 20
20 124 20
21 97 20
21 22 20
21 21 20
21 62 20
21 43 20
21 54 20
21 85 20
21 14 20
22 62 20
22 25 20
22 34 20
22 127 20
23 23 20
23 104 20
23 129 20
23 126 20
24 74 20
25 26 20
25 49 20
26 61 20
26 40 20
26 26 20
26 77 20
27 27 20
27 75 20
28 16 20
28 115 20
28 128 20
29 37 20
29 22 20
30 128 20
30 32 20
31 136 20
32 92 20
32 7 20
32 61 20
32 78 20
32 74 20
32 26 20
32 2 20
32 106 20
34 52 20
35 16 20
36 83 20
36 33 20
36 114 20
38 99 20
38 13 20
38 33 20
38 76 20
39 39 20
40 6 20
43 123 20
43 150 20
43 81 20
44 22 20
44 4 20
45 45 20
45 29 20
45 7 20
45 118 20
45 106 20
49 110 20
49 128 20
49 112 20
49 38 20
50 100 20
50 29 20
51 109 20
55 47 20
56 62 20
56 41 20
57 123 20
60 13 20
61 74 20
61 113 20
61 67 20
62 62 20
62 98 20
63 15 20
63 145 20
64 112 20
64 11 20
64 109 20
64 76 20
67 40 20
67 24 20
68 63 20
69 5 20
70 64 20
70 9 20
72 29 20
72 114 20
73 139 20
74 32 20
74 26 20
74 71 20
74 7 20
74 13 20
74 149 20
77 77 20
77 7 20
77 125 20
78 92 20
78 27 20
79 67 20
79 36 20
80 88 20
80 7 20
81 63 20
81 47 20
82 110 20
82 141 20
83 83 20
83 36 20
83 33 20
83 68 20
83 9 20
83 113 20
85 111 20
87 105 20
87 43 20
88 30 20
88 64 20
88 15 20
89 89 20
89 22 20
89 62 20
90 124 20
90 3 20
93 4 20
94 106 20
96 27 20
99 143 20
100 84 20
100 94 20
100 105 20
100 108 20
100 97 20
100 63 20
101 1 20
102 14 20
104 135 20
105 102 20
105 9 20
106 107 20
108 94 20
108 107 20
108 102 20
108 104 20
109 124 20
109 7 20
111 17 20
113 46 20
114 47 20
114 1 20
114 46 20
115 32 20
117 89 20
120 141 20
120 111 20
122 141 20
123 22 20
123 113 20
125 61 20
125 109 20
125 108 20
126 48 20
126 86 20
127 94 20
127 128 20
128 57 20
130 40 20
132 99 20
136 64 20
137 22 20
137 141 20
138 81 20
139 90 20
139 67 20
140 52 20
140 25 20
142 107 20
142 79 20
143 68 20
144 77 20
145 30 20
146 129 20
146 128 20
147 50 20
147 49 20
148 65 20
0 4 21
0 15 21
0 77 21
0 0 21
0 40 21
1 144 21
2 93 21
2 4 21
2 5 21
2 0 21
2 2 21
2 57 21
2 89 21
3 3 21
3 141 21
4 5 21
5 139 21
5 99 21
6 3 21
6 11 21
7 37 21
7 14 21
7 52 21
8 119 21
8 49 21
8 87 21
9 69 21
9 147 21
10 77 21
10 100 21
10 118 21
10 122 21
11 48 21
11 30 21
11 23 21
11 58 21
11 24 21
11 82 21
11 105 21
12 22 21
13 6 21
14 133 21
16 18 21
16 15 21
16 93 21
17 85 21
17 56 21
17 3 21
17 22 21
17 68 21
17 51 21
17 86 21
18 97 21
19 66 21
19 54 21
19 88 21
20 9 21
20 67 21
20 43 21
21 89 21
21 21 21
21 74 21
21 82 21
22 88 21
23 24 21
23 30 21
23 129 21
23 82 21
25 26 21
25 28 21
25 112 21
26 26 21
26 47 21
26 78 21
26 90 21
27 27 21
27 96 21
28 51 21
28 48 21
29 22 21
29 42 21
29 98 21
30 88 21
30 67 21
31 88 21
31 45 21
33 84 21
33 17 21
33 74 21
33 67 21
33 41 21
34 51 21
35 16 21
36 59 21
37 17 21
37 136 21
37 81 21
38 72 21
38 12 21
39 39 21
39 91 21
40 15 21
40 149 21
42 109 21
42 51 21
43 85 21
45 45 21
45 7 21
45 10 21
46 86 21
46 119 21
47 8 21
48 51 21
51 91 21
52 69 21
52 143 21
52 91 21
52 136 21
54 54 21
54 77 21
54 98 21
55 31 21
56 45 21
57 85 21
57 2 21
58 124 21
58 35 21
59 134 21
59 150 21
60 129 21
61 116 21
62 46 21
64 2 21
64 52 21
65 74 21
66 88 21
66 7 21
66 20 21
66 8 21
66 23 21
66 17 21
68 36 21
69 67 21
69 87 21
71 74 21
71 72 21
71 3 21
71 85 21
72 39 21
72 88 21
72 124 21
72 92 21
73 31 21
74 84 21
74 26 21
74 40 21
74 67 21
75 79 21
76 28 21
76 11 21
76 8 21
76 46 21
77 77 21
77 0 21
77 35 21
77 22 21
78 78 21
78 127 21
78 148 21
79 94 21
79 16 21
79 121 21
82 37 21
82 94 21
82 75 21
82 52 21
82 45 21
83 33 21
83 37 21
83 83 21
83 82 21
84 58 21
86 109 21
88 19 21
88 88 21
88 122 21
89 102 21
89 103 21
89 105 21
89 106 21
89 53 21
89 108 21
89 84 21
89 50 21
89 97 21
89 107 21
89 89 21
89 118 21
89 37 21
89 9 21
91 36 21
91 53 21
92 30 21
92 14 21
93 39 21
93 4 21
93 5 21
93 0 21
93 65 21
94 52 21
97 56 21
97 126 21
97 2 21
97 63 21
100 105 21
100 108 21
100 126 21
100 64 21
101 108 21
101 102 21
101 91 21
103 57 21
106 83 21
106 89 21
108 102 21
109 106 21
111 150 21
114 106 21
114 16 21
121 126 21
121 55 21
121 9 21
122 145 21
124 36 21
125 55 21
126 107 21
126 8 21
126 49 21
127 75 21
129 101 21
129 94 21
130 103 21
132 27 21
133 7 21
134 57 21
134 56 21
135 87 21
139 45 21
140 132 21
143 7 21
144 132 21
145 14 21
146 148 21
146 76 21
149 87 21
149 108 21
150 130 21
150 19 21
0 93 22
0 4 22
0 1 22
0 10 22
0 31 22
0 8 22
0 126 22
1 2 22
1 0 22
1 30 22
1 103 22
2 39 22
2 4 22
2 1 22
2 72 22
2 2 22
3 71 22
3 6 22
3 48 22
3 31 22
4 2 22
4 0 22
4 93 22
4 11 22
5 2 22
5 0 22
5 17 22
6 72 22
6 3 22
6 71 22
6 74 22
7 83 22
7 32 22
7 17 22
7 7 22
7 65 22
8 69 22
8 28 22
9 129 22
10 10 22
10 43 22
10 0 22
10 97 22
11 58 22
11 82 22
12 4 22
12 149 22
12 78 22
13 21 22
13 110 22
14 133 22
14 4 22
15 0 22
16 18 22
17 68 22
17 37 22
17 7 22
17 29 22
17 57 22
17 56 22
18 6 22
18 18 22
19 9 22
19 19 22
19 65 22
19 31 22
19 66 22
19 85 22
20 9 22
20 82 22
21 22 22
21 47 22
21 21 22
21 72 22
21 29 22
21 94 22
21 108 22
21 107 22
21 16 22
21 31 22
22 21 22
22 22 22
23 38 22
23 30 22
23 48 22
23 132 22
23 122 22
24 23 22
25 26 22
25 25 22
25 114 22
25 54 22
25 8 22
25 67 22
26 7 22
26 26 22
26 32 22
26 113 22
26 74 22
26 47 22
26 88 22
26 92 22
26 18 22
27 27 22
27 43 22
27 6 22
27 19 22
28 28 22
28 67 22
29 7 22
29 29 22
29 21 22
29 57 22
29 37 22
29 118 22
29 71 22
30 46 22
30 55 22
30 104 22
31 121 22
32 30 22
32 29 22
33 3 22
35 8 22
36 83 22
36 7 22
36 68 22
36 33 22
38 83 22
39 2 22
39 5 22
39 72 22
39 6 22
39 39 22
39 16 22
39 122 22
41 71 22
42 40 22
43 9 22
43 8 22
43 10 22
45 84 22
45 45 22
45 29 22
45 36 22
45 95 22
46 42 22
47 57 22
47 39 22
48 15 22
49 76 22
49 14 22
53 102 22
55 53 22
55 76 22
56 28 22
57 13 22
57 12 22
57 149 22
58 92 22
58 25 22
61 57 22
62 25 22
63 3 22
64 64 22
64 106 22
65 75 22
66 74 22
66 144 22
66 137 22
66 48 22
67 78 22
68 108 22
69 8 22
69 16 22
70 109 22
70 40 22
70 78 22
71 57 22
72 39 22
72 75 22
73 39 22
74 66 22
74 61 22
74 67 22
74 47 22
74 71 22
74 39 22
75 8 22
75 91 22
76 8 22
76 55 22
76 17 22
77 77 22
78 78 22
79 65 22
80 140 22
81 59 22
81 97 22
82 95 22
82 79 22
82 39 22
82 6 22
83 83 22
83 110 22
84 130 22
85 146 22
85 52 22
85 29 22
87 118 22
87 104 22
87 83 22
88 109 22
88 131 22
88 134 22
89 135 22
90 138 22
92 118 22
93 2 22
93 72 22
94 78 22
94 147 22
96 18 22
96 130 22
96 22 22
98 43 22
98 14 22
100 106 22
100 26 22
101 71 22
102 66 22
103 26 22
103 148 22
106 28 22
106 37 22
106 82 22
107 41 22
108 104 22
108 50 22
108 21 22
108 84 22
108 91 22
109 35 22
109 53 22
109 83 22
109 41 22
110 7 22
111 52 22
111 58 22
112 8 22
112 38 22
112 135 22
113 114 22
113 70 22
115 115 22
116 81 22
116 29 22
119 140 22
120 122 22
120 90 22
120 64 22
120 112 22
120 45 22
125 31 22
126 84 22
126 33 22
131 87 22
132 39 22
132 121 22
133 85 22
133 107 22
134 112 22
134 130 22
134 29 22
136 30 22
136 135 22
136 44 22
137 48 22
138 110 22
138 119 22
138 63 22
139 27 22
139 109 22
139 17 22
139 106 22
141 1 22
141 78 22
141 91 22
142 81 22
143 149 22
143 115 22
147 100 22
147 17 22
147 138 22
148 140 22
149 8 22
150 93 22
150 138 22
0 1 23
0 10 23
0 127 23
2 72 23
2 39 23
2 5 23
2 6 23
2 18 23
2 13 23
3 71 23
3 41 23
3 6 23
3 106 23
3 112 23
3 11 23
4 93 23
4 68 23
4 12 23
4 135 23
5 4 23
5 0 23
5 2 23
6 3 23
6 13 23
6 28 23
7 7 23
7 41 23
7 36 23
7 83 23
7 45 23
7 33 23
7 37 23
7 44 23
7 61 23
7 70 23
8 112 23
8 8 23
8 91 23
8 27 23
8 55 23
8 11 23
8 123 23
8 147 23
9 110 23
9 34 23
10 77 23
10 4 23
10 10 23
10 66 23
11 58 23
11 48 23
11 61 23
11 120 23
11 24 23
11 38 23
11 109 23
11 90 23
12 45 23
12 22 23
12 14 23
12 131 23
12 62 23
12 121 23
13 37 23
13 29 23
13 22 23
14 135 23
15 2 23
15 82 23
15 16 23
15 39 23
15 46 23
16 72 23
16 15 23
16 6 23
16 39 23
16 75 23
16 12 23
16 5 23
16 48 23
17 36 23
17 37 23
17 29 23
18 16 23
18 39 23
19 72 23
19 31 23
19 64 23
19 19 23
19 8 23
20 69 23
20 62 23
20 20 23
20 106 23
20 135 23
20 105 23
22 22 23
22 114 23
23 35 23
24 98 23
24 118 23
25 34 23
25 91 23
26 26 23
26 74 23
26 25 23
26 92 23
26 88 23
26 40 23
26 7 23
26 113 23
26 31 23
27 76 23
28 25 23
28 133 23
29 29 23
29 13 23
29 63 23
29 77 23
29 140 23
31 102 23
32 113 23
32 47 23
32 4 23
34 29 23
35 109 23
36 17 23
37 7 23
37 36 23
37 90 23
38 99 23
38 23 23
38 114 23
38 43 23
38 90 23
39 6 23
39 39 23
40 36 23
40 78 23
40 80 23
41 3 23
41 33 23
41 25 23
42 87 23
43 112 23
43 135 23
43 129 23
44 12 23
44 18 23
45 45 23
45 7 23
45 36 23
45 17 23
45 131 23
46 132 23
47 130 23
48 29 23
48 117 23
48 133 23
48 139 23
49 83 23
50 32 23
51 29 23
51 33 23
52 8 23
52 133 23
53 13 23
54 54 23
54 142 23
55 59 23
56 16 23
56 97 23
57 37 23
58 41 23
59 122 23
59 50 23
59 53 23
59 62 23
60 31 23
60 51 23
61 40 23
61 74 23
61 32 23
61 61 23
61 131 23
62 20 23
62 90 23
63 68 23
64 31 23
64 19 23
64 145 23
65 64 23
66 64 23
67 115 23
67 110 23
69 146 23
71 3 23
71 49 23
71 21 23
72 18 23
72 39 23
72 74 23
72 28 23
74 8 23
74 32 23
74 104 23
74 67 23
74 78 23
74 40 23
74 48 23
75 72 23
75 148 23
76 51 23
76 8 23
76 9 23
76 22 23
76 55 23
77 77 23
77 15 23
79 65 23
81 131 23
83 83 23
83 37 23
83 36 23
83 53 23
84 44 23
85 57 23
85 36 23
85 83 23
85 15 23
85 41 23
87 27 23
87 111 23
88 65 23
88 64 23
88 145 23
89 22 23
91 137 23
91 146 23
91 86 23
92 61 23
92 109 23
92 1 23
93 5 23
93 42 23
94 84 23
94 39 23
95 58 23
95 94 23
97 77 23
97 1 23
98 116 23
98 83 23
99 31 23
99 14 23
100 103 23
100 94 23
100 50 23
100 133 23
101 66 23
101 132 23
103 112 23
103 32 23
104 84 23
105 43 23
105 67 23
105 87 23
106 102 23
106 143 23
106 60 23
107 100 23
107 114 23
107 56 23
108 107 23
108 53 23
108 100 23
108 141 23
108 0 23
109 111 23
109 123 23
109 106 23
109 99 23
110 77 23
110 58 23
110 122 23
111 23 23
111 62 23
111 120 23
112 40 23
112 46 23
113 32 23
113 74 23
113 113 23
113 47 23
114 108 23
114 30 23
114 2 23
115 115 23
116 64 23
117 118 23
117 117 23
117 121 23
117 139 23
118 2 23
121 55 23
121 141 23
122 69 23
122 18 23
122 66 23
124 68 23
124 61 23
126 86 23
126 113 23
126 3 23
127 72 23
127 3 23
127 35 23
128 39 23
128 29 23
128 116 23
128 70 23
128 60 23
129 88 23
130 66 23
132 107 23
132 51 23
132 83 23
132 149 23
133 32 23
134 143 23
134 120 23
135 106 23
136 30 23
136 68 23
136 143 23
137 20 23
138 133 23
138 135 23
138 80 23
138 145 23
140 49 23
141 8 23
141 57 23
141 18 23
142 141 23
142 79 23
142 112 23
143 15 23
143 70 23
144 150 23
145 142 23
146 121 23
148 8 23
148 147 23
149 114 23
150 3 23
0 5 24
0 19 24
0 32 24
0 79 24
1 5 24
1 69 24
1 133 24
1 128 24
2 93 24
2 0 24
2 4 24
2 2 24
2 114 24
2 83 24
3 71 24
4 5 24
4 93 24
4 76 24
4 133 24
5 39 24
7 69 24
7 118 24
8 8 24
8 123 24
10 10 24
10 99 24
10 120 24
10 55 24
11 30 24
11 35 24
11 23 24
11 144 24
11 91 24
12 22 24
13 37 24
13 36 24
13 34 24
13 33 24
13 67 24
14 5 24
16 75 24
16 15 24
16 8 24
16 2 24
17 98 24
17 10 24
17 123 24
18 15 24
18 39 24
18 71 24
18 11 24
18 113 24
19 19 24
19 88 24
19 114 24
19 112 24
19 27 24
20 69 24
20 47 24
20 113 24
21 125 24
22 8 24
22 14 24
22 62 24
22 52 24
22 98 24
22 109 24
23 24 24
23 11 24
23 35 24
23 112 24
23 3 24
25 118 24
25 28 24
25 126 24
25 33 24
25 9 24
26 40 24
26 26 24
26 74 24
26 149 24
27 108 24
28 28 24
28 76 24
28 25 24
28 102 24
29 94 24
31 31 24
31 40 24
31 1 24
32 7 24
32 32 24
32 31 24
33 49 24
33 69 24
33 128 24
34 37 24
34 84 24
35 11 24
35 23 24
35 146 24
35 104 24
36 83 24
37 83 24
37 115 24
38 99 24
38 87 24
38 18 24
38 100 24
38 77 24
38 3 24
39 18 24
39 2 24
39 11 24
39 19 24
39 39 24
39 85 24
39 7 24
39 13 24
41 35 24
41 118 24
43 98 24
43 130 24
43 19 24
44 17 24
44 23 24
45 45 24
45 125 24
45 27 24
46 90 24
46 32 24
46 6 24
46 69 24
47 85 24
48 22 24
48 139 24
48 134 24
49 6 24
49 85 24
50 104 24
51 3 24
51 142 24
52 124 24
52 123 24
54 8 24
55 69 24
55 73 24
56 56 24
56 42 24
56 21 24
56 38 24
57 85 24
58 82 24
58 51 24
58 132 24
59 110 24
59 4 24
59 42 24
61 113 24
61 145 24
61 3 24
62 81 24
63 70 24
64 64 24
65 66 24
65 88 24
65 42 24
66 64 24
66 120 24
68 68 24
68 141 24
68 58 24
68 94 24
69 27 24
69 117 24
69 6 24
69 9 24
69 54 24
69 69 24
70 131 24
71 40 24
71 67 24
71 6 24
71 127 24
72 6 24
72 13 24
72 107 24
73 24 24
74 67 24
74 47 24
74 72 24
74 9 24
74 36 24
74 38 24
76 8 24
76 6 24
76 121 24
76 55 24
76 91 24
76 52 24
76 20 24
76 74 24
76 9 24
76 69 24
76 76 24
76 131 24
76 35 24
76 87 24
76 23 24
76 26 24
76 46 24
76 49 24
76 94 24
76 95 24
76 67 24
76 97 24
76 24 24
76 112 24
76 60 24
76 59 24
76 126 24
76 38 24
76 134 24
76 54 24
76 14 24
77 77 24
77 97 24
77 10 24
77 18 24
77 70 24
78 109 24
78 5 24
79 59 24
80 10 24
80 48 24
80 148 24
80 132 24
81 131 24
81 82 24
81 29 24
82 86 24
82 115 24
83 83 24
83 142 24
83 32 24
83 123 24
83 150 24
85 11 24
86 91 24
87 46 24
87 110 24
87 52 24
88 19 24
88 88 24
88 65 24
88 66 24
89 36 24
89 81 24
90 124 24
90 89 24
90 128 24
90 116 24
91 100 24
91 85 24
91 23 24
92 16 24
92 13 24
93 39 24
93 4 24
93 0 24
93 1 24
93 115 24
94 107 24
94 64 24
94 58 24
95 86 24
95 73 24
95 2 24
96 95 24
97 77 24
97 15 24
98 116 24
99 60 24
99 76 24
100 53 24
101 5 24
103 27 24
104 52 24
106 100 24
106 78 24
107 94 24
107 106 24
107 121 24
107 22 24
107 54 24
107 111 24
108 17 24
109 106 24
110 2 24
112 107 24
113 124 24
113 40 24
113 12 24
113 5 24
113 36 24
114 1 24
115 115 24
115 140 24
117 25 24
117 69 24
117 114 24
118 11 24
120 114 24
121 117 24
121 126 24
121 28 24
122 76 24
122 52 24
122 109 24
122 59 24
122 56 24
123 53 24
124 148 24
125 92 24
125 68 24
125 56 24
125 37 24
125 135 24
126 25 24
126 136 24
127 127 24
127 52 24
127 87 24
127 98 24
128 126 24
128 70 24
129 98 24
130 93 24
130 38 24
133 69 24
134 133 24
134 70 24
134 90 24
134 91 24
134 27 24
134 3 24
134 81 24
135 33 24
135 88 24
136 11 24
137 119 24
137 25 24
137 139 24
138 79 24
139 7 24
139 43 24
140 117 24
141 17 24
141 106 24
142 34 24
142 28 24
143 4 24
146 42 24
148 35 24
148 107 24
150 78 24
0 93 25
0 92 25
1 93 25
1 0 25
1 1 25
1 7 25
1 20 25
2 0 25
2 124 25
2 77 25
3 6 25
3 3 25
3 118 25
3 110 25
4 2 25
4 5 25
4 10 25
4 1 25
4 128 25
4 104 25
4 56 25
4 65 25
4 113 25
5 1 25
5 4 25
5 2 25
5 39 25
6 125 25
6 5 25
6 96 25
7 70 25
7 138 25
7 86 25
7 60 25
7 96 25
7 135 25
7 46 25
8 84 25
10 77 25
10 10 25
10 141 25
10 130 25
11 111 25
11 120 25
13 57 25
13 91 25
14 79 25
14 135 25
14 77 25
15 16 25
15 18 25
15 140 25
16 122 25
18 93 25
18 3 25
18 16 25
18 77 25
18 39 25
18 138 25
18 49 25
19 31 25
19 65 25
19 114 25
19 9 25
19 93 25
19 108 25
19 92 25
20 10 25
20 13 25
21 141 25
22 102 25
23 35 25
23 30 25
23 23 25
24 23 25
24 91 25
25 26 25
25 125 25
28 117 25
28 2 25
28 11 25
31 46 25
31 134 25
32 46 25
34 37 25
36 34 25
36 33 25
37 57 25
38 23 25
38 67 25
39 39 25
39 18 25
39 82 25
41 67 25
43 139 25
45 22 25
45 45 25
46 7 25
47 9 25
47 57 25
47 97 25
47 106 25
48 149 25
49 91 25
49 93 25
50 134 25
50 19 25
53 14 25
54 9 25
54 90 25
55 19 25
55 125 25
56 56 25
56 68 25
56 86 25
57 66 25
57 135 25
58 150 25
59 81 25
59 42 25
59 78 25
62 101 25
63 122 25
64 66 25
64 19 25
65 148 25
65 114 25
66 57 25
66 116 25
66 36 25
67 64 25
67 105 25
68 68 25
68 33 25
68 37 25
69 8 25
70 64 25
71 119 25
71 114 25
72 74 25
72 147 25
72 96 25
75 19 25
76 9 25
76 55 25
76 51 25
76 29 25
77 77 25
77 90 25
77 93 25
79 36 25
80 38 25
80 30 25
81 121 25
81 59 25
82 48 25
83 83 25
83 4 25
83 77 25
85 84 25
85 124 25
86 95 25
86 58 25
86 60 25
86 123 25
87 1 25
88 88 25
88 130 25
89 127 25
91 1 25
91 106 25
92 18 25
92 84 25
93 2 25
93 39 25
93 4 25
93 70 25
93 120 25
94 99 25
95 86 25
95 94 25
95 23 25
96 47 25
98 17 25
98 0 25
98 129 25
98 115 25
100 71 25
101 75 25
101 1 25
102 97 25
103 87 25
104 84 25
104 53 25
104 131 25
106 57 25
107 23 25
108 94 25
108 102 25
108 97 25
109 97 25
109 88 25
109 32 25
111 7 25
111 125 25
112 5 25
113 141 25
114 14 25
114 54 25
114 53 25
114 64 25
115 60 25
116 33 25
116 146 25
117 89 25
117 38 25
118 3 25
120 142 25
121 131 25
121 59 25
121 114 25
122 148 25
122 123 25
122 134 25
122 111 25
124 124 25
125 25 25
126 28 25
126 27 25
126 12 25
127 14 25
127 127 25
127 5 25
128 113 25
128 13 25
129 49 25
129 115 25
129 28 25
133 27 25
133 144 25
134 133 25
134 46 25
134 121 25
134 127 25
135 73 25
135 96 25
135 136 25
135 1 25
135 66 25
136 8 25
137 13 25
137 62 25
137 127 25
138 95 25
138 82 25
141 149 25
143 108 25
143 117 25
143 129 25
145 139 25
146 125 25
146 127 25
148 59 25
148 75 25
149 127 25
0 7 26
0 132 26
0 138 26
1 93 26
1 18 26
1 62 26
2 23 26
3 18 26
3 72 26
3 16 26
5 0 26
5 93 26
5 48 26
7 96 26
7 45 26
7 90 26
7 133 26
7 27 26
7 147 26
7 131 26
7 56 26
8 27 26
8 8 26
8 52 26
8 19 26
8 128 26
8 6 26
8 133 26
8 74 26
8 117 26
8 59 26
9 62 26
10 140 26
10 22 26
10 135 26
12 143 26
12 99 26
12 53 26
13 65 26
15 142 26
15 53 26
16 131 26
16 60 26
16 144 26
16 121 26
16 68 26
17 57 26
17 44 26
17 17 26
18 3 26
18 118 26
18 72 26
18 18 26
19 31 26
19 141 26
19 60 26
20 131 26
21 121 26
21 28 26
22 9 26
22 22 26
22 108 26
23 25 26
23 51 26
24 142 26
24 62 26
24 55 26
24 100 26
25 118 26
26 109 26
26 138 26
27 8 26
28 73 26
29 57 26
29 56 26
29 31 26
30 125 26
30 104 26
31 88 26
31 69 26
31 64 26
31 58 26
32 34 26
33 34 26
33 37 26
33 145 26
34 33 26
34 37 26
34 88 26
35 71 26
35 22 26
36 83 26
36 33 26
36 34 26
36 36 26
36 37 26
36 11 26
39 3 26
39 59 26
39 72 26
39 44 26
39 84 26
39 134 26
43 85 26
43 149 26
43 11 26
43 104 26
44 130 26
45 9 26
45 8 26
45 45 26
45 143 26
45 91 26
45 50 26
45 74 26
45 141 26
45 134 26
45 29 26
45 21 26
45 130 26
45 51 26
46 78 26
47 46 26
48 27 26
49 45 26
50 104 26
50 1 26
50 30 26
50 114 26
51 21 26
52 110 26
53 63 26
53 147 26
55 51 26
55 81 26
55 109 26
55 85 26
56 56 26
56 33 26
56 68 26
56 62 26
57 85 26
58 128 26
60 83 26
60 142 26
61 90 26
61 96 26
62 62 26
63 100 26
64 98 26
65 126 26
65 114 26
66 102 26
67 113 26
67 149 26
68 56 26
68 29 26
68 33 26
68 6 26
70 74 26
71 8 26
71 103 26
72 3 26
73 99 26
74 6 26
74 7 26
74 26 26
74 67 26
74 113 26
76 147 26
77 27 26
78 54 26
78 16 26
79 115 26
79 86 26
80 42 26
80 52 26
80 125 26
81 59 26
81 144 26
81 26 26
83 83 26
85 114 26
85 103 26
86 40 26
86 124 26
86 17 26
86 110 26
87 70 26
87 26 26
88 54 26
88 28 26
90 112 26
90 113 26
91 121 26
93 78 26
95 73 26
95 96 26
95 90 26
95 87 26
95 7 26
97 106 26
97 107 26
97 29 26
97 109 26
98 114 26
98 4 26
98 111 26
98 99 26
100 102 26
100 97 26
103 100 26
103 108 26
104 15 26
104 79 26
105 42 26
107 94 26
107 76 26
107 133 26
108 102 26
108 37 26
108 103 26
109 108 26
109 145 26
109 114 26
110 5 26
114 106 26
115 38 26
115 17 26
116 100 26
116 49 26
116 26 26
117 106 26
118 66 26
119 87 26
119 16 26
119 94 26
120 20 26
121 45 26
122 48 26
122 54 26
123 114 26
124 101 26
125 30 26
125 97 26
127 127 26
127 114 26
128 67 26
128 103 26
129 121 26
129 70 26
130 110 26
130 140 26
130 98 26
131 19 26
133 108 26
134 8 26
134 27 26
134 133 26
134 52 26
134 90 26
134 7 26
134 22 26
135 96 26
135 19 26
137 2 26
137 140 26
137 1 26
137 93 26
138 60 26
138 53 26
139 92 26
140 43 26
140 2 26
140 137 26
140 5 26
140 93 26
140 0 26
140 1 26
140 146 26
140 31 26
141 45 26
141 144 26
141 113 26
141 119 26
142 142 26
142 133 26
143 143 26
143 22 26
143 12 26
143 100 26
143 19 26
145 52 26
145 138 26
145 58 26
146 116 26
146 79 26
147 29 26
147 60 26
148 67 26
148 0 26
148 27 26
148 109 26
150 124 26
0 117 27
1 2 27
1 137 27
1 93 27
1 5 27
1 18 27
1 72 27
1 49 27
1 58 27
1 26 27
1 47 27
2 137 27
2 1 27
2 93 27
2 111 27
2 28 27
2 67 27
2 135 27
3 6 27
3 18 27
3 71 27
3 3 27
3 55 27
4 47 27
5 1 27
5 0 27
5 93 27
5 2 27
5 108 27
5 89 27
5 54 27
6 45 27
6 8 27
6 116 27
6 71 27
6 134 27
6 1 27
7 70 27
7 60 27
7 133 27
7 135 27
7 110 27
7 46 27
7 131 27
7 140 27
7 132 27
7 13 27
8 8 27
8 81 27
8 45 27
8 134 27
8 20 27
8 56 27
9 114 27
9 8 27
9 62 27
9 140 27
10 77 27
10 137 27
10 10 27
11 55 27
11 6 27
11 136 27
12 140 27
12 9 27
12 143 27
12 62 27
12 25 27
12 6 27
12 128 27
13 63 27
13 9 27
13 44 27
13 29 27
13 16 27
14 63 27
14 114 27
14 128 27
14 20 27
14 98 27
14 140 27
14 143 27
14 8 27
14 13 27
14 14 27
14 69 27
14 29 27
14 17 27
14 134 27
14 146 27
16 39 27
17 29 27
17 37 27
17 85 27
17 34 27
17 33 27
18 3 27
18 5 27
18 41 27
18 122 27
19 65 27
19 72 27
19 19 27
19 66 27
20 62 27
20 20 27
20 123 27
21 105 27
21 99 27
22 45 27
22 22 27
22 26 27
23 35 27
23 82 27
25 18 27
25 49 27
26 60 27
27 27 27
27 121 27
28 28 27
29 33 27
29 101 27
29 85 27
30 23 27
30 125 27
30 88 27
30 11 27
30 24 27
30 81 27
32 104 27
32 126 27
33 34 27
33 42 27
33 37 27
33 118 27
33 148 27
33 106 27
33 121 27
34 83 27
34 33 27
34 37 27
34 127 27
34 29 27
34 42 27
34 34 27
34 85 27
34 71 27
34 116 27
35 136 27
35 111 27
36 34 27
36 37 27
36 31 27
36 136 27
36 32 27
37 83 27
37 39 27
39 18 27
40 12 27
41 40 27
41 41 27
42 107 27
43 98 27
43 143 27
43 145 27
44 37 27
44 36 27
44 83 27
44 42 27
44 34 27
44 13 27
45 144 27
45 143 27
45 12 27
45 45 27
45 9 27
45 142 27
46 51 27
46 55 27
46 47 27
46 26 27
46 112 27
46 81 27
46 87 27
46 77 27
46 129 27
46 14 27
47 69 27
48 14 27
48 143 27
50 28 27
50 140 27
50 9 27
51 79 27
51 74 27
51 46 27
52 51 27
52 87 27
52 41 27
53 144 27
53 65 27
55 11 27
55 51 27
55 39 27
55 46 27
55 65 27
55 27 27
56 56 27
56 29 27
56 17 27
56 68 27
56 42 27
56 78 27
57 85 27
57 57 27
57 52 27
59 32 27
59 84 27
59 62 27
60 104 27
62 100 27
63 13 27
63 57 27
63 114 27
63 12 27
63 63 27
63 98 27
63 44 27
63 128 27
63 143 27
63 8 27
63 142 27
63 91 27
63 95 27
63 69 27
63 144 27
63 124 27
63 32 27
63 52 27
63 86 27
63 73 27
63 40 27
63 31 27
63 130 27
63 80 27
63 20 27
63 125 27
63 71 27
63 25 27
63 115 27
64 81 27
66 148 27
66 98 27
67 35 27
67 99 27
67 82 27
68 37 27
68 34 27
68 85 27
68 83 27
68 36 27
68 38 27
68 30 27
68 5 27
69 88 27
69 49 27
70 134 27
70 107 27
71 102 27
71 7 27
72 2 27
72 3 27
72 128 27
72 92 27
74 113 27
74 32 27
74 40 27
74 61 27
74 128 27
74 92 27
74 74 27
74 84 27
74 126 27
74 25 27
74 36 27
74 24 27
75 23 27
75 126 27
75 97 27
76 121 27
77 142 27
80 101 27
80 64 27
81 11 27
81 82 27
81 26 27
81 74 27
81 81 27
81 25 27
81 61 27
81 46 27
81 9 27
82 3 27
82 9 27
83 83 27
83 34 27
83 33 27
83 9 27
83 127 27
84 124 27
84 21 27
87 7 27
87 20 27
87 65 27
87 26 27
88 127 27
88 120 27
88 30 27
89 4 27
89 47 27
90 69 27
90 93 27
91 138 27
91 0 27
91 150 27
91 48 27
92 138 27
92 75 27
92 59 27
92 125 27
93 8 27
94 107 27
94 108 27
95 86 27
95 73 27
95 96 27
95 52 27
97 100 27
97 97 27
97 109 27
97 119 27
97 123 27
97 49 27
97 43 27
99 120 27
99 129 27
99 33 27
99 60 27
99 117 27
99 3 27
99 142 27
99 70 27
100 97 27
100 106 27
100 105 27
100 38 27
101 150 27
101 109 27
101 74 27
101 31 27
102 108 27
102 11 27
102 101 27
102 12 27
103 51 27
103 117 27
103 89 27
105 100 27
105 8 27
105 31 27
105 128 27
105 114 27
106 125 27
106 24 27
106 41 27
107 105 27
107 97 27
107 50 27
107 73 27
107 43 27
108 107 27
108 106 27
108 13 27
108 68 27
109 100 27
110 133 27
110 46 27
110 67 27
110 62 27
111 97 27
111 68 27
112 61 27
112 17 27
112 73 27
113 16 27
113 132 27
113 31 27
113 79 27
113 42 27
114 9 27
114 145 27
114 5 27
114 30 27
114 137 27
115 135 27
115 48 27
115 122 27
115 83 27
115 85 27
116 63 27
117 9 27
117 145 27
117 111 27
118 40 27
118 33 27
118 72 27
120 28 27
120 46 27
120 54 27
121 78 27
122 140 27
123 50 27
123 149 27
124 93 27
125 139 27
125 11 27
125 30 27
126 18 27
126 120 27
126 12 27
127 114 27
127 127 27
127 34 27
127 8 27
127 0 27
127 137 27
127 143 27
128 131 27
128 141 27
128 61 27
128 130 27
128 48 27
129 23 27
130 69 27
130 109 27
131 45 27
131 12 27
133 27 27
133 134 27
133 147 27
134 19 27
134 133 27
134 52 27
134 91 27
134 8 27
134 88 27
136 144 27
136 67 27
136 12 27
136 37 27
137 137 27
137 8 27
137 140 27
137 135 27
137 146 27
138 60 27
138 84 27
138 53 27
138 59 27
138 68 27
138 62 27
139 125 27
139 87 27
139 63 27
140 141 27
140 2 27
140 10 27
140 145 27
140 137 27
140 1 27
140 140 27
140 5 27
140 93 27
140 42 27
141 17 27
141 98 27
141 45 27
141 127 27
141 108 27
141 142 27
142 142 27
142 107 27
143 22 27
143 143 27
143 13 27
143 8 27
143 29 27
143 80 27
143 76 27
144 140 27
144 45 27
144 22 27
144 144 27
144 8 27
144 102 27
144 75 27
145 84 27
145 129 27
146 131 27
147 58 27
148 15 27
148 143 27
148 47 27
149 71 27
149 118 27
150 80 27
0 137 28
0 31 28
0 93 28
0 46 28
1 2 28
1 5 28
1 0 28
1 39 28
1 108 28
2 137 28
2 62 28
2 46 28
3 18 28
3 13 28
3 74 28
4 87 28
4 49 28
4 67 28
5 1 28
5 0 28
5 137 28
6 74 28
6 45 28
6 72 28
6 6 28
6 146 28
6 18 28
6 3 28
6 60 28
7 81 28
7 148 28
7 22 28
8 62 28
8 114 28
8 8 28
8 43 28
8 71 28
8 52 28
8 27 28
8 74 28
8 117 28
8 11 28
8 121 28
8 82 28
8 47 28
8 66 28
8 65 28
9 63 28
9 123 28
9 93 28
10 10 28
10 77 28
10 141 28
10 99 28
11 5 28
11 14 28
11 41 28
11 34 28
12 145 28
12 101 28
12 139 28
13 9 28
16 88 28
17 13 28
17 44 28
17 34 28
17 146 28
18 3 28
18 41 28
18 39 28
18 72 28
18 84 28
19 114 28
19 31 28
19 64 28
19 66 28
19 88 28
19 38 28
19 148 28
19 108 28
20 142 28
20 47 28
20 121 28
21 147 28
22 45 28
22 22 28
22 134 28
22 8 28
22 141 28
22 140 28
22 95 28
23 55 28
23 24 28
23 48 28
24 2 28
24 109 28
25 125 28
25 26 28
25 28 28
25 117 28
25 74 28
26 25 28
26 149 28
28 8 28
28 117 28
28 1 28
29 68 28
29 29 28
29 3 28
29 117 28
30 125 28
30 48 28
30 115 28
31 72 28
31 20 28
32 61 28
32 84 28
32 40 28
32 94 28
33 83 28
33 68 28
33 115 28
33 56 28
33 44 28
34 116 28
34 17 28
34 44 28
34 20 28
35 17 28
35 19 28
35 149 28
35 31 28
36 34 28
36 47 28
36 19 28
37 85 28
38 146 28
38 57 28
38 63 28
38 129 28
39 72 28
39 41 28
39 22 28
40 74 28
40 127 28
40 124 28
41 146 28
42 85 28
42 37 28
42 34 28
42 116 28
42 31 28
43 2 28
43 117 28
43 28 28
44 37 28
44 17 28
44 106 28
45 22 28
45 8 28
45 143 28
45 141 28
45 128 28
45 53 28
45 84 28
45 45 28
46 67 28
46 51 28
46 74 28
46 118 28
48 23 28
48 57 28
48 77 28
49 57 28
49 90 28
49 92 28
50 74 28
50 134 28
50 38 28
50 139 28
51 52 28
52 144 28
52 123 28
53 16 28
53 25 28
53 29 28
54 39 28
55 30 28
56 56 28
56 37 28
56 34 28
56 33 28
56 68 28
56 17 28
56 128 28
57 85 28
57 44 28
57 37 28
58 117 28
58 21 28
59 132 28
60 138 28
60 140 28
60 39 28
60 4 28
61 74 28
61 57 28
62 60 28
62 23 28
63 43 28
63 118 28
63 6 28
63 65 28
63 140 28
64 66 28
64 65 28
64 69 28
64 19 28
66 124 28
66 24 28
66 65 28
67 115 28
68 34 28
68 37 28
68 68 28
68 29 28
68 36 28
68 77 28
69 66 28
69 52 28
69 77 28
70 0 28
70 14 28
71 6 28
71 146 28
71 3 28
71 41 28
71 133 28
71 68 28
72 6 28
72 82 28
72 43 28
72 131 28
73 148 28
73 141 28
74 32 28
74 40 28
74 26 28
74 67 28
74 130 28
74 128 28
74 113 28
74 47 28
74 84 28
74 104 28
74 50 28
74 124 28
75 65 28
76 108 28
76 55 28
76 78 28
76 150 28
77 62 28
77 57 28
77 4 28
78 136 28
78 135 28
79 55 28
79 102 28
81 82 28
81 39 28
81 74 28
81 61 28
81 81 28
81 30 28
81 54 28
83 83 28
83 37 28
83 44 28
83 68 28
83 42 28
83 135 28
83 45 28
84 125 28
84 76 28
85 37 28
85 5 28
85 23 28
85 32 28
86 95 28
86 24 28
87 91 28
88 88 28
88 19 28
88 81 28
88 20 28
90 0 28
90 104 28
91 91 28
91 87 28
91 146 28
92 26 28
92 72 28
93 137 28
93 39 28
94 107 28
94 58 28
95 96 28
95 1 28
95 21 28
96 96 28
96 95 28
96 2 28
97 119 28
97 103 28
97 111 28
97 109 28
97 100 28
97 97 28
97 94 28
97 106 28
97 8 28
98 43 28
98 17 28
98 140 28
98 141 28
98 48 28
98 107 28
98 75 28
99 31 28
100 102 28
100 106 28
100 12 28
102 62 28
103 84 28
106 108 28
106 135 28
107 108 28
107 50 28
107 105 28
107 44 28
107 0 28
107 8 28
107 145 28
108 94 28
108 105 28
108 4 28
108 118 28
108 99 28
108 119 28
109 111 28
109 97 28
110 6 28
110 51 28
112 8 28
112 44 28
113 128 28
113 142 28
113 150 28
113 49 28
114 9 28
114 62 28
114 94 28
115 88 28
116 116 28
117 126 28
117 83 28
117 96 28
117 24 28
118 126 28
120 92 28
120 141 28
120 6 28
121 134 28
122 18 28
122 122 28
122 4 28
122 13 28
122 95 28
123 134 28
124 101 28
124 34 28
124 91 28
124 84 28
125 26 28
125 30 28
125 64 28
126 28 28
126 30 28
127 127 28
127 114 28
127 90 28
127 53 28
128 11 28
128 4 28
129 44 28
129 108 28
130 39 28
130 43 28
130 136 28
131 80 28
131 68 28
132 75 28
133 125 28
134 22 28
134 91 28
134 90 28
134 133 28
134 8 28
134 50 28
134 38 28
135 136 28
135 27 28
135 32 28
136 69 28
137 8 28
137 93 28
137 0 28
137 5 28
137 2 28
137 1 28
137 137 28
137 140 28
137 127 28
138 60 28
138 91 28
138 87 28
138 134 28
139 109 28
139 113 28
140 137 28
140 102 28
141 22 28
141 140 28
141 43 28
141 147 28
142 134 28
142 27 28
142 133 28
142 74 28
142 88 28
142 41 28
143 9 28
143 13 28
143 98 28
143 62 28
143 143 28
143 22 28
143 12 28
143 63 28
143 60 28
143 52 28
143 132 28
144 22 28
144 143 28
144 8 28
144 7 28
144 126 28
146 41 28
146 6 28
146 35 28
147 23 28
147 37 28
148 88 28
148 76 28
149 121 28
149 45 28
150 19 28
0 5 29
0 137 29
0 2 29
0 19 29
0 31 29
0 39 29
1 137 29
1 2 29
1 39 29
1 5 29
1 93 29
1 3 29
1 1 29
1 18 29
1 87 29
1 55 29
2 1 29
2 5 29
2 39 29
2 0 29
3 71 29
3 6 29
3 18 29
3 146 29
3 3 29
3 28 29
3 96 29
5 137 29
5 2 29
5 0 29
5 1 29
5 93 29
5 18 29
6 146 29
6 8 29
6 46 29
6 45 29
6 55 29
6 128 29
6 47 29
6 132 29
7 119 29
7 29 29
8 112 29
8 9 29
8 20 29
8 114 29
8 44 29
8 8 29
8 134 29
8 43 29
8 69 29
8 54 29
8 62 29
8 39 29
8 137 29
8 129 29
8 138 29
9 69 29
9 29 29
10 10 29
10 137 29
10 141 29
10 1 29
11 121 29
11 74 29
11 25 29
12 63 29
12 9 29
12 13 29
12 8 29
12 135 29
13 17 29
13 44 29
13 37 29
13 57 29
14 117 29
14 91 29
14 109 29
15 135 29
16 126 29
17 37 29
17 17 29
17 34 29
17 56 29
17 98 29
17 44 29
17 141 29
17 85 29
17 48 29
17 132 29
18 72 29
18 3 29
18 122 29
18 71 29
18 18 29
18 5 29
19 88 29
19 72 29
19 69 29
19 38 29
19 82 29
19 54 29
19 129 29
19 121 29
19 11 29
19 74 29
19 117 29
19 112 29
19 49 29
19 136 29
19 131 29
20 62 29
20 12 29
20 143 29
20 13 29
20 140 29
20 98 29
20 57 29
20 114 29
20 138 29
20 60 29
20 52 29
20 142 29
20 30 29
20 125 29
20 131 29
20 121 29
20 39 29
20 81 29
20 49 29
20 82 29
20 87 29
20 86 29
20 117 29
20 67 29
20 40 29
20 47 29
20 129 29
20 128 29
20 96 29
20 133 29
20 95 29
20 70 29
20 35 29
20 69 29
20 118 29
20 11 29
20 19 29
20 66 29
20 65 29
20 20 29
21 57 29
21 84 29
22 22 29
22 45 29
22 134 29
22 9 29
22 63 29
22 7 29
22 27 29
22 38 29
23 24 29
23 11 29
23 49 29
23 55 29
23 38 29
23 48 29
23 132 29
23 31 29
23 99 29
23 30 29
25 26 29
25 125 29
25 74 29
25 69 29
26 46 29
26 104 29
26 74 29
26 25 29
26 146 29
26 81 29
26 63 29
26 99 29
27 27 29
27 134 29
27 110 29
27 90 29
27 73 29
27 54 29
27 104 29
28 117 29
28 72 29
28 118 29
28 129 29
28 124 29
28 25 29
29 85 29
29 33 29
29 34 29
29 42 29
29 29 29
29 68 29
29 13 29
29 44 29
29 57 29
29 143 29
29 128 29
29 48 29
30 125 29
30 30 29
30 55 29
30 11 29
30 120 29
30 24 29
30 132 29
30 129 29
31 64 29
31 31 29
31 19 29
31 112 29
31 129 29
31 85 29
31 55 29
32 40 29
32 47 29
32 88 29
32 31 29
32 131 29
32 121 29
32 6 29
32 66 29
32 104 29
32 84 29
32 11 29
32 92 29
32 61 29
32 130 29
33 85 29
33 116 29
33 83 29
33 56 29
34 115 29
34 116 29
34 33 29
34 29 29
34 42 29
34 83 29
34 68 29
34 146 29
34 48 29
34 95 29
35 27 29
36 42 29
36 37 29
36 56 29
36 17 29
36 85 29
36 63 29
36 83 29
36 68 29
36 97 29
37 33 29
37 116 29
37 34 29
37 115 29
37 36 29
38 118 29
38 13 29
38 145 29
39 2 29
39 72 29
39 121 29
39 39 29
40 74 29
40 47 29
40 93 29
40 143 29
40 26 29
40 108 29
40 147 29
41 146 29
41 40 29
41 3 29
41 71 29
41 49 29
41 108 29
41 23 29
42 29 29
42 37 29
42 17 29
42 34 29
42 18 29
42 120 29
43 141 29
43 43 29
43 137 29
43 127 29
43 10 29
44 37 29
44 57 29
44 29 29
44 17 29
44 122 29
44 110 29
44 0 29
45 22 29
45 144 29
45 143 29
45 6 29
45 45 29
45 8 29
45 84 29
45 37 29
45 42 29
45 33 29
45 34 29
45 14 29
45 137 29
45 120 29
46 74 29
46 40 29
46 67 29
46 47 29
46 6 29
46 90 29
46 51 29
46 79 29
46 42 29
46 44 29
46 146 29
47 74 29
47 112 29
47 141 29
47 79 29
47 42 29
47 60 29
47 23 29
49 38 29
49 6 29
49 65 29
50 29 29
50 122 29
51 114 29
51 109 29
51 108 29
52 91 29
53 71 29
53 27 29
53 60 29
53 106 29
54 54 29
54 8 29
54 26 29
54 101 29
54 111 29
55 120 29
55 55 29
56 29 29
56 56 29
56 34 29
56 44 29
56 68 29
56 58 29
57 20 29
57 143 29
57 37 29
57 13 29
57 17 29
57 57 29
57 38 29
57 129 29
60 69 29
60 102 29
61 74 29
61 81 29
61 26 29
61 130 29
62 62 29
62 142 29
62 20 29
62 114 29
62 63 29
62 9 29
62 108 29
62 85 29
63 73 29
63 143 29
63 22 29
64 19 29
64 65 29
64 66 29
64 120 29
64 45 29
65 19 29
65 129 29
65 34 29
66 34 29
66 91 29
67 67 29
67 92 29
67 14 29
67 119 29
68 34 29
68 56 29
68 83 29
68 116 29
68 84 29
68 99 29
69 9 29
69 19 29
69 8 29
69 64 29
69 137 29
69 66 29
69 125 29
70 56 29
70 150 29
70 33 29
71 3 29
71 6 29
71 146 29
71 40 29
71 144 29
71 71 29
71 74 29
71 111 29
71 136 29
71 23 29
72 19 29
72 6 29
72 18 29
72 74 29
72 72 29
72 91 29
72 35 29
72 30 29
73 110 29
73 25 29
73 6 29
73 143 29
74 113 29
74 26 29
74 40 29
74 67 29
74 61 29
74 130 29
74 25 29
74 32 29
74 128 29
74 46 29
74 72 29
74 104 29
74 11 29
74 19 29
74 121 29
74 117 29
74 8 29
75 69 29
75 112 29
76 87 29
77 3 29
77 10 29
77 54 29
77 67 29
78 64 29
78 130 29
79 94 29
79 97 29
79 19 29
79 18 29
80 21 29
80 116 29
81 39 29
81 11 29
81 82 29
81 26 29
81 81 29
81 125 29
81 59 29
81 141 29
81 122 29
82 96 29
82 48 29
83 83 29
83 115 29
83 116 29
83 33 29
83 37 29
83 133 29
84 77 29
84 141 29
84 116 29
84 35 29
84 9 29
85 44 29
85 17 29
85 116 29
86 102 29
87 91 29
87 2 29
87 107 29
87 47 29
88 88 29
88 66 29
88 65 29
88 19 29
88 125 29
88 69 29
88 47 29
89 36 29
89 111 29
89 115 29
89 119 29
89 48 29
90 95 29
91 60 29
91 91 29
91 51 29
91 37 29
92 74 29
92 26 29
92 67 29
93 5 29
93 1 29
93 0 29
93 2 29
93 137 29
93 125 29
93 67 29
93 12 29
93 96 29
94 84 29
94 50 29
94 97 29
94 70 29
94 15 29
95 136 29
96 96 29
96 135 29
97 103 29
97 97 29
97 38 29
97 1 29
97 108 29
97 29 29
98 17 29
98 63 29
98 9 29
98 43 29
98 141 29
98 44 29
98 37 29
98 13 29
98 93 29
98 123 29
98 131 29
100 107 29
100 97 29
100 119 29
100 111 29
100 109 29
100 106 29
101 101 29
102 70 29
103 38 29
103 2 29
104 127 29
104 37 29
105 1 29
105 67 29
105 89 29
106 97 29
106 100 29
106 102 29
106 93 29
106 64 29
107 94 29
107 108 29
107 68 29
108 94 29
108 107 29
108 100 29
108 13 29
108 97 29
108 145 29
108 46 29
108 78 29
109 8 29
110 123 29
110 113 29
110 112 29
111 100 29
111 111 29
111 103 29
111 66 29
112 8 29
112 121 29
112 116 29
112 6 29
112 45 29
112 3 29
112 21 29
113 32 29
113 62 29
113 134 29
113 36 29
114 19 29
114 114 29
114 140 29
114 62 29
114 63 29
114 40 29
114 122 29
114 46 29
115 37 29
115 33 29
115 82 29
115 104 29
116 37 29
116 34 29
116 115 29
116 116 29
116 42 29
116 57 29
116 145 29
117 24 29
117 129 29
117 118 29
117 113 29
118 25 29
118 7 29
119 41 29
119 50 29
119 134 29
119 39 29
120 36 29
121 121 29
122 112 29
122 18 29
122 78 29
122 80 29
123 149 29
123 34 29
124 25 29
124 43 29
125 30 29
125 88 29
125 139 29
125 121 29
125 80 29
126 25 29
126 47 29
127 62 29
127 127 29
127 69 29
127 129 29
127 97 29
128 74 29
128 47 29
128 132 29
129 129 29
129 117 29
129 9 29
129 11 29
129 8 29
130 61 29
130 67 29
130 26 29
130 15 29
130 29 29
130 58 29
131 5 29
131 92 29
131 121 29
131 142 29
131 82 29
132 2 29
132 28 29
133 132 29
133 29 29
134 142 29
134 62 29
134 133 29
134 27 29
134 8 29
134 10 29
134 77 29
134 48 29
134 100 29
134 26 29
135 90 29
135 73 29
135 91 29
135 145 29
136 91 29
136 63 29
137 1 29
137 140 29
137 0 29
137 137 29
138 60 29
138 91 29
138 18 29
139 125 29
139 139 29
139 66 29
140 12 29
140 43 29
140 10 29
140 3 29
140 98 29
140 8 29
140 40 29
141 43 29
141 98 29
141 141 29
141 140 29
141 137 29
141 8 29
141 62 29
141 67 29
141 63 29
142 142 29
142 27 29
142 88 29
142 134 29
142 95 29
142 99 29
142 23 29
143 22 29
143 144 29
143 43 29
143 20 29
143 128 29
143 143 29
143 9 29
143 12 29
143 45 29
143 121 29
144 22 29
144 141 29
144 8 29
144 144 29
144 134 29
144 4 29
145 145 29
145 135 29
145 113 29
146 41 29
146 3 29
146 6 29
146 67 29
146 40 29
146 148 29
146 121 29
146 20 29
147 147 29
147 146 29
147 150 29
147 40 29
147 12 29
148 117 29
148 112 29
150 120 29
150 89 29
150 82 29
0 19 30
0 1 30
0 5 30
0 124 30
0 61 30
0 90 30
0 76 30
1 0 30
1 2 30
1 10 30
1 3 30
1 1 30
1 5 30
1 72 30
1 18 30
1 25 30
2 93 30
2 39 30
2 5 30
2 10 30
2 78 30
3 146 30
3 72 30
3 3 30
3 140 30
3 8 30
3 71 30
3 2 30
4 96 30
4 40 30
4 37 30
5 0 30
5 1 30
5 93 30
5 2 30
5 48 30
5 47 30
5 120 30
6 71 30
6 84 30
6 69 30
7 33 30
8 8 30
8 137 30
8 28 30
8 6 30
8 121 30
8 27 30
8 52 30
8 19 30
8 143 30
8 2 30
8 144 30
8 22 30
8 39 30
8 63 30
8 83 30
9 54 30
9 49 30
9 28 30
9 82 30
10 134 30
10 135 30
10 137 30
10 1 30
10 8 30
10 10 30
11 74 30
11 129 30
11 39 30
11 23 30
11 31 30
12 98 30
12 52 30
12 93 30
12 102 30
13 57 30
13 85 30
13 29 30
13 9 30
13 118 30
14 149 30
15 14 30
17 145 30
17 57 30
17 34 30
17 44 30
17 37 30
17 29 30
17 85 30
17 124 30
17 81 30
18 3 30
18 18 30
18 66 30
18 32 30
19 114 30
19 31 30
19 72 30
19 65 30
19 88 30
19 11 30
19 69 30
19 64 30
19 134 30
19 78 30
20 9 30
20 142 30
20 20 30
20 117 30
20 74 30
20 11 30
20 121 30
20 137 30
20 134 30
21 76 30
22 45 30
22 144 30
22 22 30
22 148 30
22 134 30
22 63 30
22 9 30
22 114 30
22 34 30
23 120 30
23 11 30
23 55 30
23 82 30
23 48 30
23 23 30
23 52 30
23 5 30
23 96 30
24 72 30
24 67 30
24 93 30
25 26 30
25 125 30
25 118 30
25 126 30
25 92 30
25 90 30
25 80 30
26 25 30
26 74 30
26 61 30
26 92 30
26 125 30
26 130 30
26 67 30
26 39 30
27 60 30
27 69 30
27 23 30
27 144 30
28 66 30
28 28 30
28 129 30
28 11 30
28 118 30
28 9 30
28 78 30
28 20 30
29 56 30
29 34 30
29 68 30
29 29 30
29 85 30
29 42 30
29 24 30
29 144 30
30 30 30
30 47 30
30 40 30
30 130 30
30 67 30
30 92 30
30 113 30
30 125 30
30 72 30
30 6 30
30 104 30
30 84 30
30 73 30
31 19 30
31 112 30
31 59 30
32 131 30
32 104 30
33 37 30
33 116 30
33 42 30
33 56 30
33 83 30
34 37 30
34 33 30
34 36 30
34 56 30
34 145 30
34 80 30
34 150 30
35 70 30
36 68 30
36 34 30
36 37 30
36 57 30
36 41 30
36 49 30
37 33 30
37 116 30
37 45 30
37 80 30
38 32 30
38 116 30
38 49 30
38 115 30
39 6 30
39 39 30
39 1 30
39 72 30
39 3 30
39 93 30
39 8 30
40 41 30
40 30 30
40 74 30
41 6 30
41 5 30
41 130 30
43 127 30
43 8 30
43 140 30
43 137 30
43 20 30
43 128 30
43 49 30
44 29 30
44 13 30
44 44 30
44 37 30
44 92 30
45 22 30
45 143 30
45 144 30
45 84 30
45 6 30
45 148 30
45 45 30
45 17 30
45 135 30
45 136 30
46 74 30
46 47 30
46 55 30
46 141 30
46 86 30
47 128 30
47 137 30
48 11 30
48 86 30
48 17 30
48 27 30
49 63 30
49 106 30
50 109 30
51 79 30
51 2 30
51 29 30
51 87 30
52 87 30
52 18 30
53 71 30
53 107 30
53 134 30
54 13 30
54 8 30
54 148 30
54 54 30
54 12 30
54 44 30
54 62 30
54 20 30
54 98 30
54 114 30
54 150 30
55 46 30
55 120 30
55 90 30
55 65 30
55 19 30
55 112 30
55 47 30
55 11 30
55 64 30
55 38 30
55 123 30
56 56 30
56 34 30
56 17 30
56 37 30
56 68 30
56 83 30
56 145 30
56 138 30
56 24 30
57 13 30
57 20 30
57 85 30
57 44 30
57 145 30
57 57 30
57 33 30
57 66 30
57 68 30
57 98 30
57 65 30
57 31 30
59 61 30
59 53 30
60 91 30
60 116 30
61 74 30
61 127 30
61 34 30
62 62 30
62 9 30
62 122 30
63 9 30
63 143 30
63 98 30
63 125 30
63 109 30
64 69 30
64 55 30
64 120 30
64 127 30
64 113 30
64 94 30
65 64 30
65 116 30
65 46 30
65 128 30
66 69 30
66 65 30
66 73 30
66 82 30
66 50 30
66 28 30
67 96 30
68 34 30
68 29 30
68 37 30
69 66 30
69 117 30
69 64 30
69 82 30
69 55 30
69 135 30
70 65 30
70 28 30
71 6 30
71 146 30
71 41 30
71 3 30
71 30 30
71 12 30
72 72 30
72 6 30
72 130 30
72 30 30
72 5 30
73 90 30
73 45 30
73 40 30
74 113 30
74 92 30
74 6 30
74 67 30
74 47 30
74 61 30
74 121 30
74 46 30
74 84 30
75 26 30
76 89 30
77 10 30
77 77 30
77 18 30
77 125 30
79 127 30
81 81 30
81 131 30
82 66 30
82 105 30
83 83 30
83 33 30
83 37 30
83 42 30
83 145 30
83 85 30
83 29 30
84 22 30
84 122 30
84 88 30
84 97 30
85 13 30
85 29 30
85 33 30
85 101 30
87 95 30
87 7 30
88 65 30
88 64 30
88 88 30
88 66 30
88 125 30
88 85 30
89 109 30
89 135 30
91 142 30
91 27 30
91 93 30
91 26 30
91 85 30
92 3 30
92 41 30
92 27 30
93 0 30
93 39 30
93 5 30
93 2 30
93 75 30
94 108 30
94 143 30
94 44 30
95 138 30
95 27 30
95 96 30
95 90 30
95 87 30
95 148 30
95 102 30
95 122 30
95 55 30
96 96 30
96 122 30
97 53 30
97 119 30
97 130 30
98 140 30
98 12 30
98 43 30
99 144 30
99 28 30
99 133 30
99 62 30
101 55 30
101 129 30
102 106 30
102 72 30
102 95 30
103 49 30
104 144 30
104 130 30
104 107 30
104 120 30
104 53 30
104 3 30
105 93 30
107 108 30
107 94 30
107 97 30
107 106 30
107 84 30
107 76 30
107 91 30
107 118 30
108 94 30
108 97 30
108 106 30
108 140 30
109 97 30
109 107 30
110 136 30
110 112 30
112 31 30
112 8 30
112 47 30
112 66 30
113 30 30
113 149 30
113 71 30
113 121 30
113 127 30
113 95 30
114 62 30
114 140 30
114 8 30
114 88 30
114 133 30
114 50 30
115 83 30
115 34 30
115 37 30
115 33 30
115 145 30
116 34 30
116 83 30
116 33 30
116 37 30
116 145 30
116 0 30
117 28 30
117 25 30
117 132 30
117 120 30
118 25 30
118 124 30
118 38 30
119 134 30
119 115 30
120 55 30
120 129 30
121 112 30
121 63 30
122 18 30
122 8 30
123 148 30
123 51 30
123 110 30
124 126 30
124 138 30
124 53 30
124 147 30
124 17 30
125 80 30
125 30 30
125 139 30
125 24 30
125 129 30
125 23 30
125 48 30
125 132 30
125 88 30
125 125 30
126 25 30
126 91 30
127 127 30
127 13 30
127 45 30
127 132 30
128 117 30
128 131 30
128 9 30
128 31 30
128 126 30
128 82 30
129 19 30
129 65 30
129 129 30
129 55 30
129 142 30
130 61 30
130 6 30
130 72 30
130 48 30
130 143 30
131 7 30
132 23 30
132 63 30
133 121 30
133 52 30
133 56 30
133 138 30
134 135 30
134 27 30
134 142 30
134 90 30
134 17 30
135 26 30
135 149 30
137 10 30
137 112 30
137 0 30
137 137 30
137 43 30
137 93 30
137 5 30
137 1 30
137 140 30
137 65 30
137 21 30
137 7 30
138 60 30
138 91 30
138 87 30
138 130 30
138 59 30
138 58 30
139 64 30
140 140 30
140 10 30
140 141 30
140 3 30
140 93 30
140 2 30
140 137 30
140 0 30
140 8 30
140 47 30
140 42 30
141 43 30
141 141 30
141 115 30
141 36 30
142 20 30
143 98 30
143 63 30
143 148 30
143 22 30
143 9 30
143 143 30
143 10 30
143 43 30
144 22 30
144 143 30
144 8 30
144 91 30
144 118 30
144 110 30
144 32 30
145 17 30
145 37 30
145 34 30
145 115 30
145 42 30
145 116 30
145 33 30
145 56 30
145 83 30
145 90 30
145 144 30
145 57 30
146 41 30
146 40 30
146 18 30
146 3 30
146 71 30
146 20 30
147 26 30
148 56 30
148 83 30
148 3 30
148 41 30
149 135 30
149 88 30
150 31 30
150 120 30
150 23 30
150 144 30
0 19 31
0 93 31
0 5 31
0 1 31
0 84 31
1 8 31
1 116 31
2 93 31
2 96 31
2 0 31
3 72 31
3 6 31
3 3 31
3 5 31
3 56 31
4 17 31
4 108 31
4 117 31
5 93 31
5 132 31
5 113 31
5 106 31
5 99 31
6 61 31
6 71 31
6 24 31
6 9 31
6 67 31
8 8 31
8 121 31
8 144 31
8 20 31
8 27 31
8 11 31
8 134 31
8 9 31
8 128 31
8 112 31
8 104 31
8 51 31
8 84 31
8 91 31
8 137 31
8 117 31
8 69 31
8 65 31
10 137 31
10 8 31
10 134 31
10 61 31
10 147 31
10 89 31
11 55 31
12 9 31
12 54 31
12 62 31
12 148 31
12 98 31
12 140 31
12 13 31
12 143 31
12 136 31
12 37 31
12 58 31
12 110 31
12 39 31
13 85 31
13 146 31
14 92 31
14 36 31
16 109 31
17 145 31
17 37 31
17 77 31
17 25 31
17 125 31
19 64 31
19 116 31
20 8 31
20 10 31
21 43 31
22 87 31
22 89 31
22 13 31
23 24 31
23 20 31
23 77 31
23 40 31
24 44 31
24 28 31
24 110 31
25 139 31
25 125 31
26 58 31
26 17 31
26 110 31
27 42 31
28 7 31
29 13 31
29 44 31
29 42 31
29 83 31
29 29 31
29 130 31
30 113 31
30 26 31
30 61 31
30 30 31
30 47 31
30 67 31
30 128 31
30 88 31
30 125 31
30 147 31
30 135 31
31 86 31
31 122 31
31 135 31
32 33 31
33 56 31
33 36 31
33 42 31
33 30 31
34 37 31
34 44 31
34 145 31
34 57 31
34 140 31
34 121 31
35 74 31
37 115 31
37 34 31
37 116 31
37 83 31
37 129 31
37 113 31
39 31 31
39 9 31
40 109 31
41 71 31
41 94 31
41 7 31
42 130 31
43 141 31
43 43 31
43 140 31
43 62 31
43 0 31
44 17 31
44 9 31
44 29 31
44 49 31
45 144 31
45 22 31
45 143 31
45 63 31
46 68 31
46 147 31
46 78 31
46 18 31
47 34 31
47 5 31
47 87 31
48 34 31
48 77 31
49 133 31
51 8 31
52 52 31
52 129 31
53 126 31
53 104 31
53 145 31
54 12 31
55 11 31
55 129 31
55 68 31
55 81 31
56 56 31
56 37 31
56 145 31
56 13 31
56 115 31
56 5 31
56 62 31
56 119 31
56 20 31
57 34 31
57 115 31
57 145 31
57 13 31
57 17 31
57 44 31
57 24 31
58 150 31
58 132 31
60 12 31
60 5 31
61 25 31
61 47 31
61 40 31
61 90 31
61 110 31
62 39 31
62 8 31
62 74 31
62 65 31
62 104 31
63 22 31
63 107 31
63 125 31
63 99 31
64 31 31
64 19 31
64 69 31
64 120 31
66 142 31
66 96 31
66 145 31
66 138 31
68 68 31
68 69 31
69 8 31
69 9 31
69 32 31
69 111 31
70 130 31
71 69 31
71 75 31
72 19 31
72 6 31
72 3 31
73 52 31
73 17 31
73 145 31
73 149 31
74 8 31
74 40 31
74 26 31
74 61 31
74 67 31
74 128 31
74 46 31
74 45 31
76 147 31
77 17 31
77 10 31
77 141 31
77 77 31
77 23 31
77 43 31
77 143 31
79 34 31
79 86 31
81 74 31
81 82 31
81 67 31
81 81 31
81 91 31
82 101 31
83 83 31
83 37 31
83 139 31
83 50 31
84 150 31
85 13 31
85 137 31
85 86 31
86 34 31
87 112 31
87 83 31
88 19 31
88 65 31
88 66 31
88 88 31
88 31 31
88 101 31
89 59 31
89 38 31
90 118 31
91 7 31
91 119 31
92 108 31
93 77 31
93 10 31
93 2 31
93 0 31
93 5 31
93 3 31
93 107 31
95 27 31
95 31 31
97 97 31
97 100 31
97 149 31
97 20 31
99 93 31
100 68 31
102 65 31
103 119 31
103 64 31
104 102 31
104 110 31
105 10 31
105 84 31
106 11 31
107 108 31
107 83 31
107 34 31
107 127 31
108 94 31
108 116 31
108 6 31
108 67 31
111 149 31
111 113 31
112 8 31
112 59 31
112 121 31
113 47 31
113 61 31
113 111 31
113 86 31
114 1 31
115 34 31
115 130 31
115 83 31
116 145 31
116 83 31
116 127 31
116 147 31
116 66 31
117 8 31
117 6 31
118 67 31
119 144 31
119 24 31
120 64 31
120 79 31
121 5 31
122 66 31
123 113 31
124 117 31
124 58 31
124 48 31
125 120 31
125 132 31
125 55 31
125 82 31
125 125 31
125 129 31
125 148 31
125 149 31
127 127 31
127 59 31
128 41 31
128 56 31
128 122 31
129 52 31
129 44 31
129 30 31
129 14 31
130 66 31
131 118 31
132 71 31
132 144 31
132 70 31
132 49 31
133 121 31
133 46 31
133 112 31
133 50 31
133 73 31
134 27 31
134 134 31
134 52 31
134 91 31
134 90 31
134 8 31
135 19 31
135 11 31
135 24 31
137 27 31
138 91 31
138 144 31
138 141 31
139 125 31
139 88 31
141 141 31
141 91 31
141 11 31
142 34 31
142 129 31
142 26 31
143 8 31
143 13 31
143 98 31
143 143 31
143 148 31
143 62 31
143 141 31
143 144 31
143 32 31
143 10 31
144 22 31
144 45 31
144 8 31
144 10 31
144 99 31
144 107 31
144 94 31
144 27 31
144 72 31
144 37 31
145 42 31
145 116 31
145 34 31
145 83 31
145 37 31
145 115 31
145 145 31
145 14 31
145 84 31
146 72 31
146 3 31
146 2 31
147 21 31
147 4 31
147 83 31
148 62 31
148 9 31
148 88 31
149 58 31
0 2 32
0 31 32
0 19 32
0 5 32
0 18 32
0 100 32
1 5 32
1 33 32
1 18 32
2 0 32
2 5 32
2 134 32
3 3 32
3 88 32
5 2 32
5 98 32
5 40 32
6 11 32
6 74 32
8 8 32
8 117 32
8 128 32
8 6 32
8 134 32
8 51 32
8 52 32
8 142 32
8 9 32
8 76 32
8 127 32
8 98 32
8 65 32
8 87 32
9 8 32
11 55 32
11 8 32
11 38 32
11 24 32
11 133 32
11 121 32
11 94 32
11 111 32
11 35 32
12 62 32
12 9 32
12 17 32
12 23 32
13 63 32
17 71 32
17 81 32
18 92 32
18 71 32
18 132 32
19 88 32
19 91 32
20 8 32
20 148 32
20 20 32
22 8 32
22 144 32
22 45 32
22 17 32
23 11 32
23 23 32
23 126 32
23 115 32
24 97 32
25 124 32
25 126 32
25 118 32
25 117 32
25 25 32
25 125 32
25 96 32
25 150 32
25 134 32
26 25 32
26 40 32
26 30 32
26 18 32
26 75 32
27 68 32
27 44 32
28 67 32
28 127 32
29 29 32
29 56 32
29 42 32
30 88 32
30 74 32
30 139 32
30 80 32
30 72 32
30 28 32
31 19 32
31 74 32
31 132 32
32 29 32
32 145 32
33 37 32
33 44 32
33 42 32
33 93 32
33 129 32
34 116 32
34 85 32
34 57 32
34 33 32
34 56 32
34 68 32
35 69 32
35 23 32
36 34 32
36 68 32
36 33 32
36 37 32
36 121 32
37 34 32
37 83 32
37 122 32
37 115 32
38 3 32
38 40 32
39 144 32
39 20 32
40 121 32
40 93 32
40 87 32
41 3 32
41 61 32
42 34 32
42 29 32
42 37 32
43 46 32
43 95 32
43 49 32
45 45 32
45 83 32
45 144 32
46 6 32
46 55 32
46 47 32
46 79 32
46 118 32
46 149 32
47 115 32
47 110 32
47 5 32
48 46 32
49 15 32
50 115 32
51 79 32
51 46 32
51 99 32
51 119 32
52 89 32
53 29 32
54 63 32
54 11 32
55 24 32
55 12 32
55 85 32
56 56 32
56 29 32
56 34 32
56 68 32
56 116 32
56 100 32
57 94 32
58 34 32
59 31 32
59 136 32
60 91 32
60 47 32
62 61 32
63 140 32
64 19 32
64 66 32
64 120 32
64 107 32
64 117 32
65 115 32
66 51 32
66 10 32
67 49 32
68 34 32
68 42 32
68 145 32
68 37 32
68 29 32
68 83 32
68 44 32
68 27 32
70 60 32
71 88 32
72 3 32
72 6 32
72 130 32
73 12 32
73 132 32
73 134 32
73 42 32
74 8 32
74 125 32
74 92 32
74 40 32
74 67 32
74 128 32
74 11 32
74 120 32
74 87 32
77 2 32
77 1 32
77 5 32
77 119 32
78 127 32
78 3 32
80 30 32
80 29 32
81 59 32
83 34 32
83 83 32
83 33 32
83 115 32
83 45 32
83 145 32
83 89 32
83 0 32
84 88 32
84 14 32
85 34 32
85 145 32
85 42 32
85 40 32
86 136 32
87 62 32
88 31 32
88 30 32
88 111 32
89 141 32
89 80 32
90 75 32
90 72 32
91 8 32
91 144 32
91 76 32
93 94 32
93 77 32
93 134 32
93 10 32
93 107 32
93 3 32
93 91 32
93 147 32
93 135 32
94 144 32
94 139 32
94 113 32
95 134 32
95 10 32
95 19 32
96 72 32
97 119 32
97 103 32
97 149 32
97 97 32
97 39 32
97 62 32
97 27 32
98 5 32
99 45 32
99 22 32
99 110 32
99 39 32
100 105 32
100 51 32
101 68 32
104 50 32
105 106 32
105 108 32
105 117 32
106 109 32
106 65 32
107 108 32
107 94 32
107 110 32
107 68 32
108 97 32
108 94 32
108 107 32
108 131 32
109 56 32
111 94 32
112 112 32
112 114 32
112 128 32
113 138 32
113 111 32
113 56 32
114 38 32
115 50 32
115 61 32
115 8 32
115 101 32
116 37 32
116 115 32
116 42 32
116 145 32
117 8 32
117 11 32
118 25 32
118 106 32
118 110 32
119 32 32
119 17 32
119 31 32
119 5 32
120 95 32
120 149 32
120 65 32
120 79 32
121 9 32
121 54 32
121 11 32
121 135 32
122 104 32
123 87 32
125 30 32
125 74 32
125 79 32
125 36 32
125 21 32
126 89 32
126 77 32
126 63 32
127 127 32
127 52 32
127 21 32
128 3 32
130 145 32
130 2 32
130 65 32
131 112 32
131 106 32
131 108 32
131 73 32
131 139 32
132 77 32
132 3 32
132 28 32
133 27 32
133 134 32
133 70 32
133 121 32
133 11 32
133 52 32
133 60 32
133 90 32
133 94 32
134 8 32
134 95 32
134 91 32
134 133 32
134 138 32
134 46 32
134 60 32
134 114 32
136 94 32
137 140 32
137 65 32
137 149 32
138 87 32
138 141 32
139 121 32
139 88 32
139 149 32
140 137 32
140 10 32
140 103 32
142 52 32
142 8 32
142 142 32
142 95 32
142 68 32
143 62 32
143 64 32
144 45 32
144 10 32
144 8 32
144 134 32
144 99 32
144 91 32
145 83 32
145 42 32
145 37 32
145 82 32
146 50 32
146 137 32
148 20 32
148 135 32
148 107 32
149 11 32
150 111 32
150 97 32
150 127 32
0 2 33
0 111 33
1 5 33
1 12 33
1 131 33
1 124 33
2 93 33
2 79 33
3 126 33
3 71 33
5 77 33
5 3 33
5 93 33
7 149 33
8 54 33
8 6 33
8 20 33
8 27 33
8 133 33
8 50 33
8 8 33
8 39 33
8 38 33
10 8 33
10 1 33
10 3 33
11 55 33
11 24 33
11 9 33
11 61 33
11 93 33
12 33 33
12 16 33
13 73 33
13 55 33
13 32 33
13 86 33
14 143 33
14 123 33
15 103 33
15 88 33
17 105 33
19 70 33
20 30 33
20 8 33
20 134 33
21 17 33
23 77 33
23 23 33
24 65 33
24 146 33
25 26 33
28 58 33
28 62 33
28 125 33
28 81 33
29 144 33
29 85 33
29 56 33
29 13 33
29 29 33
29 141 33
29 87 33
30 67 33
30 74 33
30 128 33
30 125 33
30 139 33
30 26 33
30 129 33
30 38 33
30 131 33
30 39 33
30 33 33
31 79 33
31 8 33
31 119 33
31 13 33
31 43 33
33 37 33
33 85 33
33 34 33
33 83 33
34 83 33
34 56 33
34 33 33
34 68 33
34 36 33
35 133 33
35 71 33
35 48 33
36 42 33
36 34 33
36 83 33
36 116 33
37 115 33
37 36 33
37 83 33
37 107 33
38 11 33
39 42 33
39 54 33
41 127 33
42 115 33
42 29 33
42 97 33
43 140 33
43 121 33
43 16 33
43 91 33
43 40 33
43 104 33
44 79 33
44 92 33
45 31 33
45 122 33
46 51 33
46 47 33
46 115 33
47 30 33
47 29 33
47 79 33
47 8 33
48 124 33
49 44 33
50 122 33
50 80 33
51 79 33
51 150 33
54 121 33
54 128 33
54 40 33
54 54 33
54 144 33
54 137 33
54 134 33
54 8 33
54 70 33
54 117 33
54 91 33
54 133 33
54 27 33
54 51 33
54 11 33
54 94 33
54 87 33
54 92 33
54 122 33
54 124 33
54 111 33
54 106 33
54 95 33
54 66 33
54 67 33
54 72 33
54 47 33
54 46 33
54 120 33
54 1 33
55 55 33
55 11 33
55 109 33
55 31 33
55 83 33
56 56 33
56 68 33
56 74 33
56 52 33
57 37 33
57 85 33
57 56 33
57 48 33
57 118 33
58 81 33
58 8 33
59 110 33
59 68 33
60 62 33
60 148 33
60 136 33
60 38 33
61 145 33
62 145 33
62 89 33
62 115 33
63 76 33
64 38 33
65 89 33
65 20 33
66 36 33
66 136 33
67 86 33
67 0 33
68 120 33
68 26 33
69 88 33
69 124 33
72 62 33
73 73 33
73 13 33
73 34 33
74 26 33
75 125 33
76 65 33
77 5 33
77 3 33
77 126 33
78 132 33
78 90 33
78 62 33
79 44 33
80 17 33
81 9 33
82 90 33
82 3 33
83 34 33
83 33 33
83 83 33
83 68 33
83 41 33
83 6 33
85 29 33
85 85 33
87 125 33
87 40 33
89 10 33
89 73 33
90 19 33
90 144 33
91 32 33
92 134 33
93 2 33
93 77 33
93 133 33
93 134 33
93 91 33
93 27 33
93 107 33
93 12 33
93 64 33
95 83 33
95 11 33
96 73 33
96 43 33
96 65 33
97 97 33
97 111 33
97 150 33
97 129 33
97 62 33
99 22 33
100 46 33
100 110 33
100 27 33
101 34 33
102 12 33
103 35 33
103 96 33
104 71 33
104 36 33
105 79 33
106 111 33
106 40 33
107 60 33
107 9 33
107 74 33
108 107 33
108 112 33
108 52 33
108 38 33
108 55 33
109 101 33
109 0 33
109 50 33
110 108 33
111 53 33
112 114 33
112 40 33
113 44 33
113 71 33
113 68 33
114 143 33
114 8 33
114 72 33
114 126 33
114 66 33
114 70 33
115 34 33
115 116 33
115 83 33
115 145 33
115 42 33
116 33 33
116 37 33
116 68 33
116 142 33
116 9 33
117 121 33
117 133 33
118 106 33
118 35 33
120 64 33
121 11 33
121 117 33
121 74 33
121 121 33
121 54 33
121 139 33
121 112 33
121 131 33
121 122 33
121 128 33
121 40 33
121 140 33
122 96 33
123 26 33
125 139 33
125 53 33
125 69 33
125 14 33
126 112 33
127 14 33
128 98 33
128 58 33
129 11 33
129 129 33
129 121 33
129 55 33
129 82 33
129 81 33
129 119 33
130 124 33
130 149 33
130 41 33
130 24 33
131 74 33
132 129 33
132 44 33
132 46 33
133 137 33
134 51 33
134 90 33
134 27 33
134 133 33
134 10 33
134 140 33
135 113 33
136 41 33
136 64 33
139 125 33
139 80 33
140 69 33
140 30 33
141 126 33
142 134 33
142 27 33
142 7 33
144 134 33
144 29 33
144 140 33
144 113 33
145 42 33
145 34 33
146 82 33
146 66 33
149 76 33
149 94 33
150 58 33
150 101 33
0 95 34
1 131 34
2 5 34
3 0 34
5 2 34
9 30 34
9 39 34
10 58 34
10 8 34
11 20 34
11 150 34
13 29 34
13 116 34
18 18 34
22 134 34
23 126 34
23 23 34
23 46 34
24 36 34
26 110 34
28 82 34
29 36 34
30 55 34
30 37 34
31 77 34
33 129 34
34 37 34
34 85 34
35 63 34
36 13 34
36 34 34
36 42 34
36 148 34
36 111 34
36 60 34
36 133 34
37 115 34
37 78 34
39 139 34
42 33 34
42 68 34
42 52 34
42 74 34
42 110 34
43 115 34
44 16 34
45 30 34
47 111 34
47 94 34
50 67 34
51 18 34
53 128 34
53 57 34
53 132 34
54 24 34
56 56 34
56 134 34
59 22 34
61 71 34
64 105 34
65 127 34
65 142 34
66 16 34
67 77 34
67 1 34
68 115 34
68 37 34
68 10 34
69 49 34
70 57 34
71 89 34
72 20 34
72 143 34
72 0 34
77 23 34
78 37 34
78 94 34
78 126 34
82 141 34
83 83 34
83 33 34
83 37 34
83 56 34
83 68 34
84 109 34
85 21 34
86 120 34
91 75 34
91 136 34
91 112 34
93 5 34
94 135 34
95 8 34
95 37 34
96 51 34
96 62 34
96 71 34
99 15 34
103 51 34
103 94 34
103 132 34
104 104 34
104 125 34
104 129 34
105 113 34
106 111 34
106 73 34
107 117 34
107 89 34
108 140 34
109 50 34
110 139 34
111 25 34
114 89 34
115 83 34
116 33 34
116 36 34
117 48 34
118 74 34
119 5 34
123 103 34
125 98 34
128 66 34
133 127 34
136 98 34
140 131 34
144 69 34
145 36 34
145 125 34
147 14 34
148 83 34
148 23 34
23 23 35
64 112 35
86 149 35
96 7 35
136 39 35
4 77 36
23 23 36
27 3 36
33 36 36
35 13 36
50 19 36
51 47 36
52 101 36
62 135 36
77 77 36
77 70 36
80 34 36
81 6 36
84 80 36
90 115 36
93 5 36
94 113 36
104 131 36
134 89 36
136 53 36
145 43 36
9 114 37
13 51 37
23 23 37
54 121 37
56 120 37
76 107 37
106 55 37
119 110 37
124 150 37
127 135 37
128 87 37
141 0 37
