48 38 0
53 48 0
94 149 0
95 101 0
111 102 0
2 145 1
3 3 1
47 57 1
83 82 1
122 100 1
150 132 1
8 8 2
37 116 2
44 50 2
58 88 2
68 90 2
94 97 2
96 102 2
109 27 2
119 115 2
141 79 2
146 126 2
1 69 3
5 75 3
11 33 3
13 19 3
17 73 3
20 55 3
22 59 3
23 62 3
45 56 3
55 110 3
78 123 3
79 69 3
85 64 3
88 23 3
96 91 3
100 73 3
102 93 3
108 68 3
110 51 3
116 108 3
117 68 3
117 124 3
131 56 3
137 103 3
6 145 4
9 34 4
10 18 4
10 62 4
28 96 4
29 84 4
29 109 4
29 69 4
31 102 4
32 42 4
35 77 4
35 129 4
39 22 4
42 54 4
69 79 4
72 86 4
77 8 4
88 149 4
93 23 4
99 124 4
100 32 4
2 2 5
24 83 5
34 76 5
64 37 5
82 35 5
87 94 5
96 138 5
109 114 5
109 137 5
124 90 5
130 90 5
132 30 5
134 135 5
135 89 5
136 25 5
144 120 5
0 75 6
1 60 6
2 2 6
6 45 6
14 79 6
19 145 6
26 17 6
45 133 6
48 128 6
51 128 6
56 63 6
80 21 6
82 116 6
97 148 6
102 49 6
117 94 6
130 19 6
130 124 6
150 5 6
1 49 7
3 127 7
6 100 7
7 7 7
17 33 7
20 20 7
23 23 7
29 74 7
31 38 7
32 113 7
32 105 7
32 135 7
34 135 7
37 98 7
43 79 7
46 100 7
48 29 7
51 68 7
55 126 7
56 64 7
56 124 7
57 142 7
60 62 7
70 15 7
70 30 7
71 147 7
71 82 7
75 48 7
76 118 7
89 31 7
89 125 7
91 110 7
94 98 7
95 34 7
105 127 7
106 127 7
109 5 7
113 68 7
113 37 7
115 128 7
117 100 7
117 97 7
120 146 7
121 2 7
122 137 7
122 86 7
122 10 7
123 99 7
124 2 7
126 47 7
126 145 7
128 80 7
131 99 7
133 18 7
137 66 7
138 111 7
140 11 7
145 114 7
148 125 7
0 30 8
1 122 8
1 105 8
2 61 8
3 3 8
3 102 8
4 147 8
5 148 8
6 94 8
8 8 8
10 38 8
16 38 8
16 91 8
17 135 8
20 89 8
20 88 8
20 39 8
23 23 8
23 125 8
32 139 8
37 32 8
40 10 8
41 74 8
46 78 8
50 0 8
55 27 8
58 62 8
60 27 8
62 68 8
67 35 8
71 6 8
80 110 8
81 41 8
82 73 8
84 141 8
89 43 8
90 130 8
90 22 8
92 21 8
93 10 8
94 12 8
96 11 8
97 77 8
97 28 8
98 14 8
104 54 8
109 78 8
114 42 8
118 44 8
120 84 8
124 7 8
128 133 8
132 94 8
133 97 8
136 94 8
141 146 8
145 26 8
149 109 8
149 107 8
0 92 9
3 44 9
6 135 9
7 17 9
8 8 9
8 147 9
12 150 9
20 147 9
23 23 9
29 29 9
29 85 9
30 6 9
35 51 9
36 4 9
37 35 9
37 16 9
39 140 9
39 97 9
39 105 9
39 0 9
41 136 9
43 121 9
44 75 9
44 43 9
44 107 9
45 67 9
46 129 9
47 83 9
48 102 9
51 13 9
57 27 9
58 19 9
60 67 9
65 3 9
69 107 9
71 81 9
71 26 9
71 103 9
74 7 9
75 145 9
76 92 9
77 110 9
79 106 9
79 2 9
80 56 9
81 143 9
83 95 9
86 32 9
86 52 9
91 22 9
92 101 9
92 46 9
100 127 9
103 113 9
106 105 9
108 66 9
108 46 9
110 71 9
113 97 9
118 11 9
121 51 9
121 52 9
123 121 9
124 80 9
128 141 9
128 116 9
131 41 9
131 31 9
141 108 9
141 31 9
142 74 9
145 73 9
148 65 9
150 2 9
2 97 10
9 62 10
9 88 10
10 10 10
10 29 10
10 149 10
10 144 10
11 52 10
14 52 10
16 9 10
17 17 10
17 5 10
17 129 10
19 74 10
19 133 10
22 45 10
22 79 10
23 23 10
25 52 10
25 135 10
25 2 10
29 29 10
29 47 10
33 16 10
34 59 10
35 34 10
36 119 10
40 102 10
43 43 10
43 59 10
43 63 10
43 65 10
47 122 10
53 135 10
59 101 10
61 53 10
61 132 10
63 148 10
63 2 10
64 76 10
67 12 10
68 143 10
68 29 10
71 75 10
73 2 10
77 13 10
77 31 10
81 116 10
81 36 10
85 99 10
86 23 10
86 79 10
88 150 10
90 45 10
91 134 10
91 28 10
99 136 10
99 57 10
104 84 10
104 31 10
105 26 10
108 60 10
110 113 10
114 140 10
114 82 10
116 30 10
117 47 10
120 57 10
124 120 10
125 0 10
125 26 10
127 73 10
128 92 10
128 52 10
129 19 10
130 7 10
130 47 10
133 19 10
138 135 10
139 89 10
139 111 10
139 131 10
140 55 10
142 52 10
145 59 10
147 38 10
0 0 11
1 136 11
4 20 11
4 135 11
6 7 11
7 7 11
8 62 11
10 10 11
15 17 11
16 140 11
17 17 11
20 79 11
21 14 11
23 23 11
24 51 11
24 17 11
25 72 11
26 105 11
26 132 11
29 70 11
34 131 11
37 82 11
41 47 11
46 110 11
48 137 11
50 84 11
50 92 11
51 85 11
51 149 11
53 3 11
57 68 11
58 87 11
60 50 11
61 92 11
62 61 11
62 33 11
63 47 11
63 144 11
63 128 11
64 139 11
64 138 11
66 23 11
68 143 11
69 87 11
71 81 11
71 118 11
72 140 11
73 0 11
73 41 11
76 34 11
78 77 11
78 58 11
85 26 11
87 46 11
88 67 11
89 6 11
91 16 11
91 43 11
92 85 11
94 50 11
95 9 11
99 103 11
100 31 11
100 106 11
101 65 11
104 63 11
107 56 11
108 110 11
115 82 11
116 46 11
117 26 11
118 124 11
118 126 11
122 5 11
125 149 11
126 96 11
128 73 11
128 27 11
132 87 11
133 78 11
134 106 11
137 54 11
138 44 11
143 150 11
144 46 11
144 27 11
148 5 11
149 123 11
150 127 11
150 102 11
1 18 12
2 69 12
2 147 12
5 76 12
6 10 12
7 7 12
17 17 12
17 34 12
18 18 12
18 44 12
19 20 12
20 44 12
20 24 12
22 101 12
23 23 12
26 63 12
28 55 12
29 103 12
31 102 12
35 44 12
39 49 12
41 142 12
43 43 12
49 126 12
51 125 12
54 72 12
62 9 12
65 118 12
67 49 12
71 27 12
72 27 12
72 49 12
72 3 12
76 24 12
76 22 12
79 143 12
83 140 12
88 138 12
93 61 12
95 82 12
96 130 12
97 68 12
98 23 12
99 34 12
110 104 12
111 40 12
119 32 12
121 118 12
124 71 12
127 36 12
128 134 12
129 60 12
131 54 12
132 1 12
134 15 12
136 85 12
144 29 12
145 29 12
146 137 12
146 100 12
147 79 12
0 2 13
0 57 13
2 2 13
3 107 13
4 75 13
5 133 13
7 7 13
7 108 13
8 8 13
8 76 13
8 140 13
9 110 13
13 137 13
14 148 13
15 49 13
16 73 13
17 39 13
18 127 13
19 120 13
21 132 13
22 114 13
23 23 13
23 53 13
25 25 13
25 36 13
26 26 13
26 50 13
27 34 13
28 126 13
31 0 13
32 74 13
34 65 13
37 60 13
37 135 13
37 2 13
39 69 13
39 14 13
39 105 13
39 114 13
40 46 13
42 79 13
42 51 13
43 43 13
43 15 13
44 49 13
44 106 13
45 40 13
46 55 13
46 10 13
49 112 13
53 62 13
53 132 13
53 26 13
54 5 13
54 126 13
59 56 13
64 5 13
64 71 13
66 137 13
68 77 13
69 86 13
70 51 13
71 5 13
72 109 13
75 114 13
77 77 13
77 103 13
78 150 13
78 121 13
79 140 13
80 106 13
80 23 13
82 30 13
84 4 13
87 121 13
91 120 13
92 74 13
100 87 13
100 88 13
102 20 13
102 26 13
103 150 13
104 132 13
105 42 13
109 58 13
109 6 13
110 41 13
112 54 13
114 73 13
115 90 13
116 111 13
116 106 13
119 62 13
123 104 13
127 43 13
127 150 13
131 84 13
136 144 13
136 38 13
137 78 13
139 93 13
141 58 13
143 105 13
144 19 13
145 93 13
146 123 13
146 106 13
149 60 13
149 101 13
0 0 14
0 123 14
3 62 14
4 138 14
4 108 14
4 62 14
5 149 14
6 55 14
8 147 14
10 10 14
10 20 14
12 107 14
12 76 14
13 57 14
14 2 14
16 101 14
17 91 14
18 18 14
18 36 14
20 135 14
23 23 14
24 140 14
24 103 14
24 59 14
24 70 14
25 64 14
26 26 14
27 27 14
27 34 14
28 100 14
30 46 14
30 119 14
30 90 14
31 103 14
32 95 14
33 97 14
33 129 14
33 73 14
37 70 14
38 66 14
39 137 14
39 11 14
42 95 14
44 137 14
46 137 14
47 75 14
49 69 14
51 36 14
53 62 14
56 15 14
58 59 14
59 65 14
61 69 14
62 74 14
64 82 14
65 60 14
65 28 14
65 25 14
66 122 14
67 29 14
68 97 14
69 47 14
70 18 14
72 30 14
72 149 14
73 132 14
74 18 14
76 72 14
76 14 14
77 77 14
78 78 14
78 51 14
78 149 14
78 9 14
79 51 14
79 123 14
80 42 14
80 149 14
81 5 14
82 28 14
83 139 14
83 123 14
86 76 14
86 27 14
89 34 14
92 124 14
93 17 14
93 106 14
96 90 14
97 98 14
98 3 14
99 82 14
101 20 14
102 34 14
102 54 14
102 99 14
103 108 14
103 146 14
106 132 14
107 18 14
110 92 14
113 77 14
116 35 14
117 63 14
118 78 14
119 24 14
125 61 14
125 113 14
126 83 14
127 129 14
134 64 14
135 131 14
135 25 14
135 47 14
136 0 14
137 123 14
138 118 14
138 72 14
139 146 14
141 144 14
145 48 14
145 47 14
146 93 14
146 113 14
146 67 14
147 83 14
147 140 14
148 72 14
148 131 14
150 1 14
0 0 15
1 28 15
1 89 15
2 82 15
3 3 15
3 150 15
3 55 15
6 56 15
7 110 15
7 43 15
9 143 15
10 10 15
11 89 15
11 122 15
12 143 15
12 99 15
12 94 15
12 75 15
14 150 15
14 55 15
14 0 15
15 95 15
16 16 15
16 141 15
18 53 15
18 64 15
18 59 15
18 68 15
18 25 15
18 29 15
20 132 15
21 118 15
22 3 15
22 70 15
23 23 15
25 25 15
25 98 15
25 58 15
26 26 15
27 27 15
28 66 15
30 97 15
31 143 15
32 27 15
33 127 15
34 124 15
34 136 15
36 15 15
36 1 15
36 3 15
37 135 15
38 102 15
40 57 15
41 11 15
42 148 15
42 31 15
43 28 15
44 115 15
44 123 15
45 45 15
45 51 15
46 150 15
46 149 15
46 87 15
47 40 15
48 22 15
48 10 15
48 146 15
49 52 15
49 30 15
50 130 15
51 113 15
52 78 15
52 62 15
54 92 15
55 93 15
55 91 15
56 76 15
56 86 15
57 37 15
58 101 15
59 39 15
60 98 15
61 56 15
61 120 15
61 122 15
62 9 15
62 51 15
63 17 15
64 65 15
66 31 15
66 17 15
66 81 15
68 68 15
69 65 15
71 19 15
71 14 15
71 98 15
71 100 15
73 57 15
74 77 15
74 125 15
74 85 15
75 11 15
76 34 15
77 77 15
77 40 15
78 48 15
78 41 15
79 64 15
80 29 15
81 81 15
81 13 15
82 133 15
83 2 15
83 129 15
84 24 15
85 61 15
86 24 15
89 116 15
90 24 15
90 54 15
91 13 15
92 67 15
92 32 15
92 62 15
92 139 15
93 25 15
95 1 15
95 44 15
95 41 15
95 82 15
96 114 15
96 8 15
97 31 15
97 49 15
97 5 15
97 16 15
98 36 15
99 93 15
100 80 15
100 144 15
101 9 15
101 67 15
102 71 15
103 88 15
104 143 15
105 91 15
105 48 15
106 39 15
107 3 15
107 35 15
107 7 15
107 34 15
107 143 15
109 22 15
109 14 15
109 25 15
110 3 15
112 65 15
113 85 15
113 31 15
115 12 15
118 42 15
120 138 15
120 77 15
120 111 15
121 68 15
121 36 15
122 104 15
122 113 15
122 65 15
123 86 15
123 69 15
124 104 15
125 84 15
126 32 15
126 144 15
127 64 15
128 60 15
129 95 15
129 96 15
130 23 15
131 61 15
132 17 15
133 138 15
133 88 15
134 33 15
136 138 15
137 26 15
137 53 15
137 32 15
137 132 15
139 55 15
139 15 15
140 25 15
141 39 15
142 114 15
142 131 15
143 101 15
144 112 15
144 100 15
145 43 15
145 84 15
146 82 15
148 67 15
149 25 15
150 31 15
3 68 16
4 105 16
4 84 16
4 148 16
4 85 16
6 134 16
6 62 16
7 7 16
7 76 16
8 105 16
8 87 16
8 126 16
9 34 16
10 10 16
10 20 16
11 68 16
12 22 16
16 130 16
17 125 16
18 18 16
18 135 16
19 19 16
19 11 16
20 27 16
21 21 16
21 55 16
21 132 16
23 23 16
23 57 16
25 25 16
25 95 16
25 78 16
27 45 16
27 142 16
28 146 16
28 102 16
29 34 16
29 133 16
31 131 16
31 54 16
32 1 16
32 106 16
32 74 16
36 36 16
38 128 16
39 87 16
39 36 16
42 38 16
42 115 16
43 91 16
43 108 16
44 97 16
45 45 16
45 7 16
45 89 16
45 87 16
46 27 16
46 102 16
47 123 16
47 29 16
47 149 16
50 116 16
51 78 16
54 71 16
54 27 16
55 142 16
57 37 16
57 135 16
57 18 16
58 78 16
63 150 16
63 76 16
63 124 16
64 105 16
64 123 16
64 49 16
65 18 16
66 28 16
67 51 16
67 53 16
68 104 16
69 73 16
69 114 16
70 102 16
72 41 16
72 71 16
74 56 16
77 77 16
77 80 16
79 119 16
81 81 16
81 22 16
83 83 16
83 75 16
83 43 16
84 20 16
84 17 16
85 27 16
86 94 16
88 133 16
90 104 16
93 2 16
94 89 16
95 129 16
95 37 16
95 133 16
95 0 16
96 146 16
96 118 16
98 142 16
99 131 16
99 6 16
100 123 16
101 58 16
105 32 16
105 135 16
106 63 16
107 17 16
108 23 16
112 113 16
112 103 16
113 68 16
114 2 16
115 93 16
117 37 16
117 75 16
118 22 16
118 63 16
120 48 16
120 112 16
123 130 16
123 133 16
124 97 16
125 111 16
126 21 16
126 56 16
128 76 16
129 33 16
130 125 16
131 106 16
132 130 16
132 90 16
133 124 16
133 69 16
133 128 16
134 121 16
134 29 16
135 116 16
136 84 16
138 22 16
139 3 16
140 1 16
140 69 16
140 62 16
141 98 16
141 150 16
141 143 16
142 128 16
143 11 16
143 6 16
144 59 16
144 67 16
146 67 16
147 4 16
148 115 16
149 22 16
149 118 16
150 47 16
0 0 17
0 137 17
1 99 17
1 28 17
1 13 17
2 2 17
2 110 17
3 73 17
4 54 17
4 92 17
4 5 17
6 131 17
7 17 17
7 7 17
7 87 17
7 128 17
8 4 17
8 120 17
9 81 17
10 3 17
10 84 17
11 73 17
12 46 17
12 48 17
13 147 17
13 55 17
15 49 17
16 142 17
16 66 17
18 18 17
18 142 17
19 19 17
20 122 17
21 21 17
21 87 17
22 10 17
22 27 17
23 23 17
24 6 17
25 52 17
26 26 17
26 59 17
27 129 17
27 44 17
27 94 17
27 103 17
28 115 17
28 124 17
28 75 17
29 29 17
29 108 17
30 9 17
31 21 17
32 6 17
32 29 17
33 133 17
33 50 17
34 34 17
34 3 17
34 135 17
34 46 17
34 106 17
35 41 17
35 141 17
36 43 17
36 125 17
36 67 17
38 139 17
38 107 17
39 27 17
41 63 17
42 120 17
42 7 17
43 43 17
43 14 17
44 93 17
45 45 17
46 141 17
46 36 17
46 149 17
47 102 17
48 66 17
48 50 17
48 134 17
52 83 17
53 23 17
54 95 17
55 10 17
55 128 17
55 82 17
57 24 17
57 140 17
59 4 17
59 52 17
61 44 17
61 21 17
62 62 17
62 32 17
62 144 17
62 48 17
62 29 17
63 44 17
64 45 17
65 103 17
65 71 17
65 66 17
65 148 17
67 103 17
69 43 17
70 132 17
70 69 17
71 123 17
74 74 17
74 82 17
74 79 17
74 37 17
75 80 17
77 77 17
77 37 17
80 53 17
80 18 17
81 81 17
81 131 17
82 130 17
82 34 17
83 13 17
83 150 17
84 97 17
84 46 17
85 124 17
86 23 17
87 118 17
87 35 17
87 74 17
88 26 17
88 85 17
89 89 17
89 8 17
89 130 17
90 14 17
90 135 17
90 11 17
90 148 17
90 59 17
96 87 17
96 32 17
96 65 17
98 1 17
98 67 17
99 117 17
99 76 17
99 39 17
99 69 17
100 100 17
101 110 17
101 84 17
102 50 17
104 43 17
104 140 17
105 92 17
105 78 17
105 82 17
106 127 17
106 33 17
107 40 17
107 36 17
107 47 17
107 111 17
110 59 17
110 13 17
110 127 17
111 106 17
113 133 17
113 29 17
114 80 17
117 21 17
117 74 17
119 84 17
119 37 17
120 121 17
122 108 17
122 2 17
123 48 17
125 112 17
125 102 17
125 40 17
125 145 17
125 144 17
125 34 17
126 71 17
128 34 17
130 62 17
131 60 17
131 20 17
132 136 17
132 10 17
133 132 17
133 77 17
134 39 17
134 23 17
134 146 17
136 99 17
137 66 17
139 72 17
140 81 17
141 83 17
141 13 17
141 31 17
142 118 17
144 31 17
145 114 17
145 107 17
145 82 17
145 8 17
146 88 17
146 117 17
147 121 17
147 32 17
147 9 17
147 129 17
147 76 17
148 79 17
148 73 17
148 93 17
149 135 17
149 18 17
149 83 17
150 31 17
150 16 17
1 150 18
1 67 18
1 125 18
1 29 18
2 115 18
3 64 18
3 114 18
3 123 18
4 58 18
4 124 18
5 119 18
5 132 18
5 63 18
6 6 18
7 7 18
7 5 18
8 8 18
8 68 18
8 49 18
9 99 18
9 14 18
9 41 18
9 105 18
9 59 18
10 10 18
10 111 18
10 79 18
10 1 18
11 45 18
11 20 18
12 132 18
12 95 18
12 6 18
12 73 18
13 13 18
14 5 18
14 133 18
15 14 18
16 94 18
17 17 18
17 50 18
17 20 18
18 18 18
18 96 18
19 19 18
19 64 18
19 24 18
19 85 18
20 20 18
20 102 18
20 122 18
21 21 18
23 23 18
23 61 18
23 81 18
23 66 18
24 55 18
25 31 18
25 88 18
26 26 18
26 95 18
27 27 18
27 63 18
28 87 18
29 29 18
29 107 18
29 134 18
29 96 18
30 146 18
32 30 18
33 15 18
34 25 18
34 100 18
35 23 18
37 96 18
38 147 18
39 39 18
39 133 18
39 86 18
40 13 18
40 34 18
40 56 18
40 124 18
40 69 18
41 8 18
41 146 18
42 74 18
42 85 18
43 93 18
43 74 18
44 42 18
44 110 18
45 45 18
46 20 18
46 34 18
46 108 18
47 30 18
48 145 18
48 28 18
48 85 18
48 59 18
51 129 18
52 91 18
52 139 18
54 135 18
55 22 18
56 147 18
56 118 18
56 63 18
56 49 18
56 44 18
57 148 18
57 129 18
57 46 18
58 136 18
59 63 18
60 6 18
60 54 18
60 95 18
61 61 18
61 56 18
61 55 18
62 149 18
62 105 18
64 64 18
64 68 18
64 8 18
64 22 18
65 110 18
65 12 18
65 48 18
66 96 18
66 25 18
66 41 18
66 59 18
66 86 18
67 14 18
70 41 18
70 21 18
70 85 18
70 142 18
71 71 18
71 93 18
72 56 18
73 4 18
74 114 18
74 150 18
74 37 18
74 103 18
75 101 18
75 64 18
76 39 18
77 77 18
77 79 18
78 85 18
78 23 18
79 24 18
79 17 18
79 0 18
79 9 18
79 130 18
79 109 18
80 62 18
81 81 18
81 126 18
81 139 18
81 74 18
82 90 18
83 83 18
83 103 18
83 78 18
83 24 18
84 74 18
84 23 18
85 68 18
85 79 18
86 51 18
86 12 18
87 141 18
87 5 18
88 98 18
89 89 18
90 124 18
90 69 18
90 6 18
91 111 18
92 3 18
92 0 18
92 65 18
93 72 18
94 137 18
94 60 18
96 58 18
96 150 18
96 125 18
98 11 18
99 130 18
99 13 18
99 143 18
101 28 18
102 135 18
102 31 18
102 92 18
103 47 18
103 126 18
103 19 18
103 57 18
104 115 18
104 39 18
105 88 18
106 107 18
106 6 18
106 65 18
108 24 18
108 96 18
109 86 18
109 44 18
109 19 18
109 138 18
109 36 18
110 123 18
110 118 18
110 21 18
111 72 18
111 38 18
111 1 18
112 63 18
114 145 18
115 19 18
116 60 18
117 29 18
118 97 18
118 64 18
118 36 18
118 75 18
118 61 18
119 68 18
119 24 18
119 30 18
121 21 18
121 146 18
121 116 18
121 138 18
122 5 18
123 6 18
123 21 18
124 38 18
125 48 18
125 107 18
125 111 18
125 62 18
126 142 18
126 11 18
126 67 18
127 111 18
127 65 18
128 11 18
128 132 18
129 18 18
129 148 18
129 93 18
130 146 18
130 123 18
131 6 18
131 79 18
131 96 18
132 66 18
132 115 18
133 149 18
134 97 18
135 30 18
135 41 18
135 25 18
135 18 18
135 31 18
136 123 18
136 122 18
136 64 18
137 67 18
137 25 18
137 57 18
137 93 18
138 99 18
139 93 18
141 111 18
141 128 18
142 31 18
145 42 18
145 133 18
145 35 18
145 119 18
146 89 18
146 130 18
149 135 18
149 65 18
149 124 18
150 60 18
150 110 18
150 41 18
0 0 19
0 26 19
3 3 19
3 57 19
4 39 19
4 13 19
4 62 19
5 77 19
5 143 19
5 136 19
6 74 19
6 76 19
6 124 19
7 25 19
7 20 19
8 8 19
8 82 19
8 54 19
8 47 19
8 136 19
8 140 19
8 133 19
8 78 19
8 126 19
9 72 19
10 10 19
10 108 19
11 96 19
12 117 19
12 96 19
13 13 19
13 96 19
14 138 19
16 111 19
16 2 19
17 17 19
17 122 19
17 67 19
17 147 19
18 89 19
18 64 19
19 34 19
20 20 19
20 144 19
20 137 19
20 45 19
22 22 19
22 100 19
22 58 19
23 23 19
23 4 19
23 122 19
23 76 19
24 125 19
25 25 19
25 50 19
25 103 19
25 66 19
26 26 19
26 96 19
26 83 19
27 129 19
27 10 19
27 147 19
27 101 19
27 64 19
28 52 19
28 61 19
29 81 19
30 47 19
31 120 19
31 3 19
33 83 19
33 42 19
33 112 19
34 74 19
37 19 19
37 64 19
39 39 19
39 145 19
39 43 19
41 83 19
42 38 19
42 17 19
42 129 19
43 43 19
43 110 19
44 71 19
44 107 19
45 45 19
45 138 19
45 94 19
46 85 19
47 52 19
47 116 19
48 100 19
48 124 19
48 35 19
49 90 19
49 131 19
50 8 19
50 112 19
50 68 19
54 58 19
54 68 19
56 56 19
56 57 19
56 2 19
56 41 19
57 115 19
58 12 19
59 48 19
59 114 19
59 16 19
60 100 19
61 86 19
61 95 19
61 105 19
62 62 19
62 24 19
62 106 19
63 107 19
63 17 19
63 126 19
64 68 19
64 136 19
64 17 19
65 142 19
66 6 19
67 67 19
67 17 19
67 39 19
68 112 19
68 106 19
68 12 19
69 21 19
69 139 19
70 65 19
70 74 19
70 37 19
71 57 19
73 35 19
74 112 19
74 141 19
74 107 19
75 39 19
75 116 19
75 45 19
76 122 19
77 77 19
77 96 19
77 86 19
78 104 19
78 121 19
79 85 19
81 16 19
81 108 19
81 55 19
83 93 19
83 33 19
84 141 19
84 17 19
85 130 19
85 114 19
85 46 19
86 49 19
86 26 19
86 117 19
86 149 19
86 25 19
86 57 19
86 43 19
87 100 19
88 88 19
88 65 19
88 99 19
88 50 19
89 89 19
89 22 19
90 17 19
90 83 19
90 69 19
91 20 19
91 52 19
92 110 19
92 98 19
93 57 19
93 29 19
94 21 19
94 120 19
94 92 19
96 60 19
96 14 19
96 134 19
98 8 19
99 135 19
100 54 19
102 87 19
102 96 19
103 94 19
104 62 19
104 10 19
105 21 19
105 75 19
106 136 19
106 58 19
106 46 19
107 118 19
109 125 19
109 143 19
110 61 19
110 85 19
110 149 19
114 137 19
116 38 19
117 97 19
119 14 19
119 143 19
119 31 19
119 55 19
120 144 19
120 48 19
120 4 19
122 5 19
122 66 19
124 146 19
124 136 19
125 49 19
130 94 19
131 17 19
131 136 19
131 100 19
131 139 19
132 137 19
133 116 19
133 44 19
134 84 19
134 38 19
135 55 19
136 146 19
137 101 19
137 112 19
137 82 19
139 35 19
139 85 19
139 73 19
140 57 19
140 98 19
141 134 19
142 34 19
142 139 19
143 62 19
143 98 19
143 31 19
144 13 19
144 47 19
144 33 19
144 19 19
144 9 19
145 52 19
147 67 19
148 15 19
148 112 19
149 4 19
149 99 19
150 21 19
150 16 19
0 44 20
0 36 20
1 35 20
1 14 20
1 80 20
2 34 20
3 141 20
5 91 20
6 43 20
6 127 20
7 74 20
7 77 20
10 10 20
10 131 20
12 63 20
13 35 20
13 112 20
13 121 20
13 11 20
16 106 20
16 5 20
16 108 20
16 57 20
18 18 20
19 19 20
20 20 20
20 17 20
20 16 20
20 137 20
21 21 20
21 89 20
21 24 20
22 140 20
23 23 20
23 122 20
24 141 20
24 38 20
26 26 20
26 85 20
27 27 20
27 143 20
29 89 20
29 39 20
30 57 20
31 54 20
32 117 20
33 67 20
34 10 20
34 113 20
36 72 20
37 44 20
37 128 20
37 38 20
38 34 20
38 88 20
39 39 20
39 113 20
40 84 20
42 77 20
42 137 20
43 78 20
44 143 20
44 123 20
45 45 20
45 14 20
45 25 20
45 54 20
46 84 20
46 76 20
46 14 20
47 136 20
47 90 20
48 71 20
51 23 20
52 8 20
52 53 20
53 59 20
54 32 20
55 123 20
57 8 20
58 120 20
58 59 20
59 116 20
61 56 20
61 76 20
61 55 20
61 84 20
62 62 20
62 145 20
62 128 20
63 65 20
64 74 20
65 6 20
65 118 20
66 57 20
67 98 20
67 106 20
69 79 20
70 83 20
71 58 20
71 97 20
72 38 20
73 76 20
75 133 20
77 77 20
77 73 20
79 15 20
79 127 20
80 111 20
82 10 20
82 50 20
83 83 20
83 131 20
83 51 20
84 60 20
84 135 20
85 37 20
86 120 20
86 31 20
87 65 20
88 76 20
88 114 20
88 123 20
89 89 20
89 86 20
89 147 20
91 39 20
92 22 20
95 131 20
95 145 20
96 145 20
96 142 20
97 84 20
98 18 20
99 10 20
100 121 20
101 122 20
102 34 20
102 23 20
103 51 20
103 0 20
104 41 20
105 6 20
105 31 20
105 124 20
105 66 20
108 147 20
108 16 20
108 80 20
110 124 20
111 77 20
111 33 20
112 142 20
115 48 20
116 3 20
116 126 20
117 48 20
117 93 20
118 95 20
118 121 20
119 143 20
120 66 20
121 66 20
124 106 20
124 79 20
125 131 20
126 1 20
127 63 20
127 24 20
128 65 20
129 13 20
129 3 20
129 85 20
130 42 20
130 86 20
131 99 20
132 52 20
132 81 20
133 130 20
135 138 20
136 23 20
136 6 20
136 60 20
137 80 20
137 139 20
138 26 20
139 117 20
140 47 20
141 25 20
141 132 20
141 61 20
142 73 20
143 103 20
143 95 20
143 6 20
143 79 20
145 37 20
145 55 20
145 18 20
145 130 20
147 43 20
147 82 20
147 55 20
149 45 20
149 90 20
150 17 20
150 120 20
150 41 20
150 137 20
0 0 21
0 87 21
0 13 21
0 104 21
0 70 21
1 147 21
2 2 21
2 103 21
2 144 21
3 3 21
4 97 21
5 12 21
5 34 21
6 89 21
7 37 21
7 124 21
7 113 21
8 32 21
8 106 21
8 115 21
9 90 21
9 124 21
9 34 21
9 75 21
10 116 21
10 104 21
10 124 21
11 61 21
11 143 21
11 145 21
12 69 21
13 14 21
13 16 21
13 61 21
15 90 21
17 10 21
19 31 21
19 45 21
20 40 21
20 16 21
21 21 21
21 101 21
22 3 21
22 56 21
23 107 21
23 29 21
23 79 21
23 18 21
24 32 21
25 30 21
26 26 21
26 94 21
26 4 21
26 6 21
26 118 21
26 90 21
26 3 21
27 27 21
27 86 21
31 111 21
31 130 21
32 25 21
32 138 21
33 8 21
33 74 21
34 58 21
37 101 21
37 139 21
38 61 21
39 39 21
39 26 21
41 124 21
41 77 21
42 88 21
42 5 21
43 96 21
44 71 21
45 45 21
45 64 21
45 73 21
45 82 21
45 11 21
45 113 21
45 81 21
46 42 21
46 147 21
47 35 21
48 35 21
48 53 21
49 123 21
49 98 21
49 118 21
49 3 21
50 143 21
50 99 21
50 77 21
52 88 21
52 1 21
53 54 21
53 49 21
54 54 21
54 137 21
54 75 21
56 132 21
58 90 21
58 137 21
59 2 21
59 83 21
59 92 21
59 14 21
60 49 21
62 92 21
62 71 21
62 139 21
65 15 21
66 150 21
68 121 21
68 79 21
70 13 21
70 145 21
72 68 21
75 48 21
75 77 21
76 145 21
77 77 21
77 51 21
78 78 21
78 137 21
80 53 21
80 96 21
81 135 21
81 6 21
81 70 21
83 83 21
83 50 21
83 46 21
84 108 21
84 62 21
84 0 21
84 73 21
85 30 21
86 63 21
87 146 21
87 108 21
88 88 21
88 41 21
89 89 21
89 149 21
91 134 21
93 116 21
93 84 21
94 20 21
96 104 21
96 55 21
97 20 21
98 135 21
99 25 21
100 50 21
100 71 21
103 69 21
103 114 21
104 23 21
105 109 21
106 78 21
108 85 21
109 5 21
110 119 21
111 21 21
111 103 21
111 121 21
111 109 21
111 138 21
111 35 21
113 146 21
113 112 21
113 86 21
114 54 21
114 19 21
115 142 21
115 143 21
116 111 21
117 82 21
118 113 21
118 5 21
118 32 21
120 28 21
120 12 21
121 91 21
121 86 21
121 136 21
122 93 21
122 83 21
123 140 21
124 30 21
124 87 21
125 40 21
126 24 21
126 74 21
129 65 21
131 120 21
131 69 21
134 12 21
134 8 21
134 56 21
136 144 21
136 34 21
136 67 21
136 131 21
137 96 21
138 128 21
138 43 21
139 28 21
139 91 21
142 109 21
144 111 21
144 31 21
144 142 21
146 127 21
146 115 21
147 98 21
147 62 21
147 0 21
148 88 21
149 48 21
149 27 21
150 74 21
150 62 21
150 19 21
0 87 22
0 59 22
0 106 22
0 3 22
1 11 22
2 2 22
2 116 22
3 8 22
3 35 22
4 0 22
4 137 22
4 140 22
4 108 22
4 62 22
5 60 22
6 74 22
6 111 22
7 7 22
7 40 22
7 49 22
8 0 22
8 50 22
8 124 22
10 10 22
10 12 22
11 137 22
11 107 22
12 126 22
12 2 22
13 98 22
13 109 22
14 136 22
14 103 22
15 9 22
15 148 22
15 106 22
16 49 22
16 98 22
18 18 22
19 19 22
19 47 22
21 21 22
21 135 22
21 44 22
21 53 22
22 22 22
22 114 22
22 134 22
25 25 22
25 137 22
26 26 22
26 77 22
27 27 22
27 42 22
27 9 22
27 128 22
28 28 22
28 27 22
29 29 22
29 123 22
29 79 22
30 100 22
30 93 22
31 65 22
31 94 22
31 112 22
32 19 22
32 73 22
32 13 22
33 57 22
34 23 22
35 82 22
35 107 22
35 113 22
36 127 22
36 67 22
37 40 22
38 105 22
38 145 22
38 124 22
39 39 22
39 66 22
39 20 22
39 29 22
40 72 22
40 129 22
41 145 22
41 14 22
41 55 22
43 101 22
43 119 22
43 146 22
44 78 22
44 34 22
45 45 22
45 33 22
46 112 22
46 41 22
46 30 22
47 52 22
47 127 22
48 34 22
48 139 22
48 43 22
50 52 22
50 134 22
51 68 22
52 30 22
52 139 22
53 93 22
53 83 22
54 89 22
54 102 22
55 127 22
55 72 22
55 122 22
55 46 22
55 5 22
56 4 22
57 58 22
57 97 22
57 147 22
57 46 22
58 19 22
58 6 22
59 58 22
61 125 22
61 38 22
61 56 22
61 33 22
61 140 22
61 144 22
64 64 22
64 14 22
64 52 22
64 104 22
64 60 22
64 124 22
64 17 22
65 116 22
65 125 22
65 94 22
65 25 22
66 148 22
66 123 22
66 120 22
66 31 22
66 81 22
67 102 22
67 53 22
67 62 22
68 72 22
69 21 22
69 52 22
70 122 22
70 90 22
70 147 22
70 58 22
72 97 22
72 99 22
73 1 22
73 22 22
75 132 22
77 77 22
77 21 22
78 78 22
78 47 22
78 90 22
78 126 22
78 11 22
79 85 22
79 2 22
80 56 22
80 87 22
81 19 22
82 136 22
83 83 22
83 110 22
83 135 22
84 93 22
85 20 22
85 71 22
86 70 22
87 86 22
87 106 22
87 17 22
88 143 22
89 131 22
89 121 22
90 30 22
90 134 22
91 66 22
91 59 22
92 140 22
92 89 22
92 65 22
93 39 22
93 123 22
93 127 22
93 113 22
94 23 22
97 60 22
98 41 22
98 0 22
98 2 22
99 91 22
99 6 22
99 134 22
100 94 22
100 110 22
100 27 22
100 116 22
101 124 22
101 76 22
102 98 22
102 18 22
102 82 22
102 2 22
103 109 22
103 62 22
103 75 22
103 68 22
103 13 22
104 44 22
105 119 22
106 11 22
107 14 22
107 41 22
108 54 22
108 38 22
108 40 22
108 15 22
109 150 22
109 44 22
109 137 22
109 38 22
110 148 22
110 59 22
110 88 22
110 12 22
110 33 22
111 57 22
111 47 22
112 37 22
114 67 22
114 60 22
114 46 22
114 25 22
114 0 22
114 36 22
114 6 22
115 115 22
115 142 22
115 44 22
116 107 22
116 106 22
116 112 22
117 8 22
120 116 22
121 22 22
121 141 22
122 102 22
122 90 22
123 67 22
123 124 22
123 140 22
124 1 22
124 98 22
124 4 22
125 137 22
125 80 22
126 135 22
126 116 22
126 134 22
126 129 22
128 112 22
128 50 22
129 11 22
130 83 22
131 30 22
131 107 22
132 68 22
133 40 22
133 49 22
133 122 22
133 19 22
133 96 22
133 93 22
134 57 22
135 129 22
136 35 22
137 3 22
137 124 22
138 144 22
138 10 22
138 83 22
139 22 22
141 124 22
141 126 22
142 14 22
143 79 22
143 97 22
143 83 22
143 104 22
145 19 22
145 121 22
145 7 22
145 9 22
145 20 22
145 79 22
145 67 22
146 61 22
146 143 22
146 47 22
146 62 22
147 68 22
148 24 22
148 51 22
148 89 22
149 29 22
149 61 22
150 61 22
150 134 22
150 145 22
150 26 22
0 144 23
0 70 23
0 64 23
1 24 23
1 58 23
1 7 23
2 53 23
2 23 23
2 87 23
2 73 23
3 145 23
3 35 23
3 138 23
3 21 23
3 11 23
5 4 23
5 118 23
5 149 23
6 15 23
6 122 23
6 85 23
7 7 23
8 8 23
8 11 23
8 31 23
8 17 23
8 137 23
8 104 23
10 10 23
10 2 23
10 106 23
11 127 23
12 63 23
12 103 23
13 143 23
13 124 23
13 52 23
13 126 23
13 0 23
13 107 23
14 92 23
14 3 23
14 58 23
15 33 23
15 116 23
16 97 23
16 104 23
16 53 23
16 57 23
18 96 23
18 132 23
18 98 23
18 63 23
18 143 23
19 19 23
19 79 23
19 141 23
20 20 23
20 34 23
20 68 23
21 46 23
21 96 23
21 141 23
21 83 23
22 22 23
22 116 23
22 63 23
22 6 23
23 112 23
23 84 23
24 135 23
24 103 23
24 79 23
25 70 23
26 26 23
26 8 23
26 138 23
27 94 23
28 6 23
29 29 23
29 4 23
29 73 23
30 25 23
30 89 23
31 33 23
31 59 23
31 40 23
32 55 23
33 149 23
33 54 23
33 118 23
34 29 23
34 107 23
34 74 23
35 12 23
35 114 23
35 6 23
35 71 23
35 24 23
36 82 23
36 26 23
37 109 23
37 86 23
38 23 23
38 95 23
38 67 23
39 39 23
39 28 23
39 102 23
39 67 23
40 15 23
41 117 23
41 67 23
42 108 23
42 73 23
43 6 23
43 79 23
44 103 23
44 98 23
44 118 23
45 45 23
45 83 23
45 21 23
45 18 23
45 26 23
46 119 23
47 80 23
47 72 23
48 53 23
48 127 23
49 60 23
49 82 23
49 66 23
50 109 23
50 52 23
50 68 23
51 134 23
52 70 23
53 75 23
54 54 23
54 13 23
54 17 23
54 126 23
54 112 23
55 66 23
55 84 23
55 43 23
56 18 23
57 120 23
57 41 23
57 1 23
58 42 23
58 115 23
60 24 23
61 61 23
61 90 23
61 24 23
62 8 23
62 112 23
63 121 23
63 143 23
64 84 23
64 102 23
64 97 23
64 69 23
64 138 23
65 120 23
65 83 23
65 82 23
65 44 23
65 113 23
66 75 23
66 68 23
67 121 23
68 58 23
68 61 23
69 81 23
69 43 23
69 42 23
69 144 23
69 107 23
69 77 23
69 44 23
69 127 23
70 49 23
70 44 23
70 133 23
70 132 23
71 73 23
72 103 23
72 68 23
73 11 23
73 33 23
74 106 23
74 138 23
75 129 23
75 117 23
75 135 23
75 96 23
75 143 23
76 8 23
76 24 23
77 77 23
77 103 23
78 67 23
78 38 23
78 97 23
79 28 23
79 14 23
79 128 23
79 76 23
80 135 23
81 38 23
83 83 23
84 138 23
85 73 23
85 98 23
86 109 23
86 66 23
86 52 23
86 28 23
87 93 23
87 47 23
87 24 23
88 65 23
88 147 23
90 59 23
90 133 23
90 114 23
91 86 23
92 54 23
92 84 23
92 42 23
92 112 23
94 127 23
94 65 23
94 106 23
94 31 23
95 11 23
95 56 23
96 70 23
97 14 23
97 68 23
98 16 23
98 15 23
99 26 23
100 58 23
102 129 23
103 72 23
103 109 23
103 121 23
104 48 23
104 23 23
104 32 23
104 123 23
105 145 23
107 113 23
107 121 23
108 36 23
108 35 23
108 125 23
110 101 23
110 34 23
111 33 23
111 0 23
111 13 23
112 55 23
113 113 23
113 43 23
113 58 23
114 112 23
114 42 23
115 115 23
116 33 23
116 97 23
116 78 23
117 117 23
117 110 23
117 50 23
117 54 23
117 12 23
117 56 23
118 96 23
119 105 23
119 147 23
119 137 23
119 90 23
121 41 23
123 97 23
123 91 23
123 146 23
124 136 23
124 3 23
125 111 23
126 42 23
126 63 23
126 10 23
127 81 23
128 139 23
128 105 23
128 31 23
128 51 23
130 53 23
130 126 23
131 121 23
134 83 23
134 25 23
134 118 23
135 26 23
135 7 23
135 99 23
136 62 23
136 39 23
137 95 23
137 22 23
137 127 23
138 57 23
138 70 23
138 46 23
139 149 23
139 7 23
140 110 23
140 35 23
141 99 23
141 107 23
142 105 23
142 31 23
144 125 23
144 124 23
144 147 23
145 5 23
145 84 23
145 143 23
145 150 23
146 29 23
146 32 23
147 16 23
147 11 23
147 132 23
147 140 23
148 111 23
148 44 23
148 38 23
149 21 23
1 5 24
1 71 24
1 36 24
2 2 24
2 71 24
3 37 24
3 134 24
3 73 24
4 63 24
4 125 24
5 65 24
5 82 24
5 103 24
5 115 24
6 74 24
7 45 24
7 88 24
8 8 24
8 114 24
8 20 24
9 24 24
9 78 24
9 109 24
10 10 24
10 70 24
12 109 24
12 4 24
13 93 24
14 117 24
14 116 24
14 93 24
15 117 24
15 116 24
16 64 24
17 78 24
17 148 24
18 96 24
18 31 24
19 19 24
19 143 24
20 32 24
20 107 24
20 27 24
20 17 24
21 28 24
21 121 24
21 107 24
21 69 24
22 17 24
22 137 24
22 48 24
23 108 24
24 124 24
24 61 24
24 38 24
24 131 24
24 111 24
25 149 24
25 37 24
25 4 24
25 85 24
26 26 24
26 36 24
27 119 24
27 52 24
28 28 24
28 64 24
29 128 24
29 72 24
29 90 24
29 126 24
29 112 24
30 112 24
30 111 24
30 25 24
30 146 24
30 34 24
31 31 24
31 21 24
31 123 24
31 6 24
32 32 24
32 78 24
32 105 24
33 9 24
34 66 24
34 17 24
35 96 24
35 22 24
35 91 24
37 138 24
37 51 24
37 32 24
38 73 24
38 63 24
38 48 24
39 39 24
39 37 24
39 46 24
39 91 24
40 150 24
40 131 24
40 106 24
41 16 24
41 108 24
41 38 24
42 79 24
43 38 24
44 37 24
44 139 24
44 41 24
45 45 24
45 146 24
45 42 24
45 36 24
46 32 24
46 13 24
46 64 24
47 56 24
47 27 24
47 76 24
48 150 24
48 112 24
48 130 24
48 69 24
50 18 24
51 53 24
51 84 24
51 116 24
53 68 24
54 100 24
55 19 24
55 97 24
55 17 24
55 2 24
55 122 24
56 56 24
56 53 24
57 12 24
57 140 24
58 150 24
58 124 24
59 107 24
59 46 24
60 134 24
60 55 24
60 82 24
60 128 24
62 21 24
62 57 24
62 88 24
63 132 24
64 64 24
64 115 24
65 125 24
65 31 24
65 4 24
66 142 24
67 140 24
68 68 24
68 91 24
69 69 24
69 71 24
69 77 24
71 41 24
72 126 24
72 18 24
72 21 24
73 20 24
74 14 24
74 143 24
74 55 24
74 82 24
74 137 24
74 109 24
74 122 24
75 47 24
76 76 24
76 131 24
76 109 24
76 4 24
77 77 24
77 119 24
77 59 24
77 81 24
78 102 24
80 29 24
81 46 24
82 38 24
82 47 24
82 41 24
82 141 24
83 83 24
83 39 24
83 23 24
83 8 24
83 54 24
84 57 24
85 145 24
85 37 24
85 130 24
85 94 24
86 52 24
87 49 24
87 137 24
87 5 24
88 88 24
88 120 24
88 78 24
88 20 24
88 105 24
89 134 24
90 66 24
91 29 24
91 122 24
92 41 24
92 50 24
92 28 24
93 92 24
93 43 24
94 48 24
94 69 24
94 58 24
95 58 24
95 35 24
95 70 24
97 49 24
97 136 24
97 103 24
99 85 24
99 43 24
99 78 24
100 98 24
100 13 24
100 106 24
101 115 24
102 63 24
103 1 24
103 104 24
104 18 24
104 4 24
104 49 24
105 18 24
106 92 24
106 44 24
106 81 24
107 89 24
109 73 24
109 137 24
109 95 24
110 123 24
111 18 24
112 142 24
113 40 24
114 17 24
114 81 24
115 115 24
115 22 24
115 74 24
115 55 24
115 82 24
116 127 24
116 112 24
117 32 24
117 67 24
117 90 24
118 131 24
118 129 24
120 60 24
120 91 24
121 148 24
121 8 24
121 26 24
122 128 24
122 142 24
122 43 24
122 14 24
123 7 24
123 113 24
124 108 24
124 57 24
124 66 24
124 115 24
125 64 24
125 86 24
125 20 24
125 95 24
125 94 24
125 23 24
126 88 24
126 14 24
126 129 24
126 68 24
126 26 24
126 57 24
126 7 24
127 127 24
127 84 24
127 51 24
128 62 24
129 132 24
129 48 24
130 98 24
130 56 24
130 149 24
131 88 24
131 42 24
131 86 24
131 80 24
132 122 24
132 50 24
133 69 24
133 124 24
133 96 24
134 89 24
135 39 24
135 85 24
135 107 24
135 79 24
135 47 24
135 42 24
136 130 24
136 116 24
136 128 24
136 67 24
136 35 24
136 79 24
138 100 24
138 58 24
138 120 24
139 67 24
139 35 24
139 150 24
140 118 24
140 106 24
140 30 24
141 30 24
141 71 24
142 33 24
143 137 24
143 112 24
143 121 24
143 4 24
143 120 24
144 40 24
145 110 24
145 7 24
146 49 24
146 80 24
146 144 24
146 105 24
147 143 24
147 101 24
147 47 24
148 143 24
148 34 24
149 40 24
149 67 24
149 12 24
149 43 24
149 88 24
150 129 24
150 118 24
0 117 25
0 54 25
0 88 25
0 81 25
1 1 25
1 103 25
2 40 25
3 3 25
3 26 25
4 38 25
4 68 25
4 56 25
6 146 25
6 20 25
6 27 25
7 37 25
9 113 25
10 77 25
10 10 25
10 76 25
10 96 25
11 114 25
11 88 25
11 10 25
12 4 25
12 74 25
12 122 25
13 83 25
13 39 25
13 40 25
14 84 25
15 125 25
16 102 25
16 39 25
17 61 25
17 79 25
19 46 25
20 10 25
20 7 25
21 125 25
21 49 25
21 120 25
22 96 25
22 89 25
22 98 25
22 2 25
22 141 25
22 72 25
23 23 25
23 84 25
23 146 25
24 64 25
24 45 25
25 28 25
26 23 25
26 137 25
26 102 25
27 82 25
28 51 25
29 108 25
30 48 25
31 83 25
32 45 25
32 90 25
33 47 25
33 87 25
33 123 25
33 125 25
34 82 25
34 88 25
36 62 25
36 8 25
36 74 25
37 2 25
38 145 25
39 39 25
39 138 25
40 59 25
40 134 25
40 60 25
40 71 25
43 71 25
43 55 25
43 56 25
43 10 25
44 124 25
45 45 25
45 15 25
45 79 25
46 86 25
46 97 25
46 92 25
47 54 25
47 129 25
48 108 25
49 117 25
49 80 25
49 112 25
49 61 25
50 20 25
52 146 25
53 7 25
53 130 25
53 150 25
55 8 25
55 48 25
55 105 25
56 56 25
56 19 25
56 0 25
56 18 25
57 44 25
57 73 25
58 68 25
58 6 25
59 135 25
60 46 25
60 142 25
61 27 25
61 33 25
61 124 25
62 131 25
62 14 25
62 80 25
62 51 25
63 5 25
65 103 25
65 7 25
66 42 25
67 43 25
67 61 25
68 68 25
68 90 25
69 75 25
69 72 25
72 11 25
72 29 25
72 6 25
73 32 25
73 0 25
73 36 25
74 55 25
75 81 25
76 143 25
77 77 25
77 15 25
77 23 25
77 68 25
77 13 25
77 138 25
79 14 25
81 31 25
82 38 25
82 72 25
82 134 25
83 83 25
84 81 25
85 122 25
86 3 25
87 135 25
87 36 25
88 88 25
88 56 25
88 39 25
90 35 25
90 99 25
90 62 25
90 70 25
91 59 25
91 58 25
91 103 25
92 58 25
92 74 25
94 119 25
95 136 25
95 122 25
95 81 25
95 103 25
95 23 25
97 140 25
97 146 25
97 6 25
98 90 25
98 117 25
99 108 25
99 101 25
99 75 25
100 110 25
100 76 25
102 82 25
102 44 25
103 37 25
103 149 25
103 70 25
104 48 25
104 19 25
105 40 25
105 78 25
105 141 25
106 72 25
106 95 25
106 145 25
106 146 25
107 64 25
107 22 25
109 50 25
110 75 25
111 67 25
111 44 25
112 127 25
112 95 25
112 64 25
113 14 25
113 63 25
114 8 25
114 89 25
114 100 25
115 129 25
116 54 25
116 47 25
116 98 25
117 5 25
117 135 25
117 127 25
118 114 25
120 148 25
121 59 25
121 69 25
121 16 25
121 56 25
121 28 25
122 143 25
122 74 25
123 100 25
123 81 25
123 119 25
123 112 25
123 16 25
124 124 25
125 61 25
126 43 25
126 125 25
127 127 25
128 103 25
129 39 25
131 129 25
131 133 25
131 31 25
132 43 25
132 28 25
133 6 25
133 53 25
133 36 25
134 133 25
134 110 25
135 6 25
136 71 25
136 83 25
136 69 25
138 65 25
139 126 25
139 36 25
140 111 25
140 30 25
141 46 25
141 48 25
141 19 25
142 125 25
142 67 25
142 115 25
142 90 25
144 68 25
144 74 25
144 103 25
145 126 25
145 23 25
147 59 25
148 86 25
148 78 25
149 100 25
150 81 25
0 78 26
0 84 26
1 126 26
1 16 26
3 31 26
4 118 26
5 14 26
6 112 26
6 141 26
6 110 26
7 3 26
7 18 26
7 88 26
8 8 26
8 9 26
8 94 26
9 69 26
9 77 26
10 7 26
10 11 26
11 129 26
12 6 26
12 16 26
12 64 26
13 19 26
13 128 26
14 12 26
15 71 26
15 88 26
16 150 26
16 110 26
17 17 26
18 18 26
18 124 26
18 80 26
19 84 26
19 117 26
20 69 26
20 107 26
21 27 26
21 99 26
22 22 26
22 46 26
22 71 26
22 77 26
22 150 26
23 94 26
23 139 26
24 44 26
24 16 26
24 137 26
25 60 26
27 77 26
27 53 26
28 85 26
28 89 26
29 33 26
30 137 26
30 109 26
30 90 26
30 101 26
30 96 26
30 117 26
31 48 26
32 75 26
32 136 26
33 72 26
33 71 26
34 71 26
36 36 26
36 99 26
36 21 26
39 53 26
39 45 26
40 45 26
40 130 26
40 96 26
41 60 26
41 53 26
41 68 26
42 90 26
44 118 26
44 72 26
44 124 26
45 45 26
45 96 26
45 118 26
47 11 26
47 130 26
48 89 26
49 73 26
49 95 26
50 73 26
51 143 26
53 82 26
53 47 26
53 42 26
53 81 26
53 67 26
54 24 26
54 19 26
54 5 26
55 111 26
56 56 26
57 112 26
57 127 26
58 118 26
59 32 26
59 132 26
59 98 26
59 58 26
59 62 26
60 23 26
61 6 26
61 63 26
61 143 26
61 74 26
61 23 26
62 62 26
62 75 26
62 79 26
63 33 26
63 65 26
63 142 26
64 113 26
64 108 26
65 8 26
65 131 26
66 102 26
66 33 26
66 21 26
67 113 26
67 48 26
68 13 26
68 117 26
69 35 26
69 3 26
70 0 26
70 85 26
70 69 26
71 24 26
73 48 26
73 38 26
74 52 26
74 33 26
75 72 26
75 71 26
76 131 26
76 23 26
77 70 26
77 74 26
80 56 26
80 110 26
80 7 26
81 63 26
82 47 26
83 83 26
83 14 26
83 121 26
83 120 26
84 143 26
84 38 26
84 117 26
85 50 26
85 43 26
85 104 26
85 88 26
86 47 26
86 19 26
86 114 26
86 70 26
87 90 26
87 60 26
88 118 26
88 69 26
88 9 26
89 148 26
91 81 26
92 132 26
93 8 26
93 114 26
93 73 26
94 16 26
94 132 26
95 68 26
95 104 26
95 37 26
96 67 26
97 49 26
97 113 26
97 76 26
98 102 26
99 101 26
100 119 26
100 130 26
100 72 26
101 66 26
102 98 26
102 75 26
102 95 26
104 96 26
104 126 26
104 102 26
105 82 26
106 147 26
106 5 26
106 128 26
107 144 26
107 93 26
107 134 26
108 114 26
109 150 26
109 37 26
110 66 26
110 24 26
110 109 26
111 100 26
112 123 26
112 56 26
112 17 26
112 98 26
114 122 26
115 4 26
117 53 26
117 68 26
118 17 26
120 139 26
121 66 26
121 11 26
122 49 26
122 12 26
122 1 26
123 45 26
123 82 26
125 91 26
125 129 26
125 90 26
126 43 26
126 139 26
126 122 26
127 127 26
128 134 26
129 15 26
129 81 26
129 142 26
130 90 26
130 147 26
130 135 26
130 123 26
130 13 26
130 116 26
131 108 26
132 44 26
132 108 26
134 64 26
135 105 26
135 43 26
135 98 26
135 63 26
136 29 26
136 61 26
137 93 26
137 89 26
137 84 26
138 69 26
138 18 26
138 4 26
138 67 26
138 147 26
139 135 26
140 120 26
141 121 26
142 142 26
142 84 26
142 113 26
142 39 26
143 143 26
144 8 26
145 7 26
145 47 26
146 75 26
147 7 26
147 75 26
147 52 26
147 74 26
148 150 26
148 34 26
149 32 26
150 70 26
150 119 26
150 30 26
0 42 27
1 2 27
1 93 27
1 116 27
2 34 27
2 42 27
2 136 27
3 3 27
3 60 27
3 31 27
3 75 27
4 68 27
4 130 27
4 12 27
5 74 27
5 16 27
5 28 27
5 23 27
5 102 27
6 129 27
6 41 27
6 27 27
6 137 27
6 100 27
7 26 27
7 115 27
7 29 27
7 19 27
7 37 27
7 106 27
8 8 27
8 133 27
8 29 27
9 77 27
10 10 27
10 86 27
10 32 27
11 9 27
11 41 27
11 101 27
12 86 27
12 34 27
12 61 27
13 65 27
13 74 27
13 60 27
13 73 27
13 138 27
13 19 27
13 116 27
14 128 27
14 14 27
14 103 27
14 3 27
14 141 27
15 142 27
16 114 27
16 100 27
16 108 27
17 89 27
18 147 27
18 132 27
18 47 27
19 19 27
19 98 27
19 142 27
19 70 27
19 29 27
20 20 27
20 94 27
20 139 27
20 120 27
20 101 27
20 44 27
21 12 27
21 86 27
21 4 27
22 22 27
22 145 27
22 14 27
22 115 27
22 138 27
23 29 27
23 37 27
23 140 27
23 103 27
23 125 27
23 32 27
23 11 27
23 105 27
24 148 27
24 31 27
24 49 27
24 72 27
24 37 27
24 102 27
25 19 27
25 76 27
26 17 27
27 27 27
27 143 27
27 133 27
27 145 27
27 10 27
28 28 27
28 149 27
28 144 27
28 55 27
29 110 27
29 71 27
29 149 27
29 107 27
29 88 27
30 121 27
30 40 27
30 105 27
30 86 27
31 113 27
31 26 27
32 73 27
32 63 27
32 86 27
34 34 27
34 80 27
34 134 27
35 124 27
35 94 27
35 139 27
36 106 27
36 30 27
36 128 27
36 141 27
37 44 27
37 52 27
38 63 27
38 119 27
38 96 27
38 123 27
38 122 27
39 46 27
39 129 27
39 104 27
40 10 27
41 41 27
41 18 27
43 101 27
43 67 27
43 37 27
43 32 27
44 29 27
44 18 27
44 92 27
44 16 27
45 45 27
45 4 27
46 110 27
46 147 27
46 104 27
46 85 27
46 80 27
46 34 27
47 145 27
47 149 27
47 139 27
47 54 27
48 11 27
48 105 27
48 83 27
49 57 27
50 99 27
50 148 27
50 7 27
50 123 27
51 21 27
51 131 27
51 143 27
52 10 27
52 97 27
52 17 27
52 2 27
53 73 27
54 75 27
55 75 27
55 148 27
55 129 27
55 26 27
55 62 27
56 56 27
56 95 27
56 125 27
56 82 27
56 63 27
57 57 27
57 69 27
57 127 27
57 33 27
57 28 27
58 9 27
58 8 27
59 21 27
59 123 27
59 29 27
59 37 27
59 14 27
59 79 27
60 91 27
60 128 27
60 113 27
60 99 27
61 109 27
61 23 27
61 97 27
61 83 27
62 100 27
63 63 27
63 142 27
63 32 27
63 136 27
63 58 27
64 145 27
64 18 27
64 125 27
64 72 27
65 82 27
65 17 27
65 93 27
65 14 27
65 32 27
66 89 27
66 88 27
67 54 27
67 49 27
68 3 27
68 76 27
69 130 27
70 57 27
70 29 27
71 106 27
71 92 27
71 41 27
71 68 27
71 94 27
71 103 27
72 39 27
72 122 27
72 47 27
72 148 27
72 13 27
72 138 27
72 81 27
72 44 27
72 133 27
73 54 27
73 35 27
73 0 27
74 74 27
75 35 27
75 138 27
75 110 27
75 24 27
76 50 27
76 53 27
76 109 27
76 85 27
77 148 27
77 150 27
78 59 27
78 143 27
79 139 27
79 22 27
80 42 27
80 41 27
80 107 27
80 50 27
81 26 27
81 81 27
82 19 27
82 122 27
82 90 27
82 94 27
83 83 27
83 130 27
83 49 27
84 101 27
84 33 27
84 112 27
85 75 27
85 47 27
85 46 27
85 135 27
85 110 27
86 34 27
87 102 27
87 63 27
87 44 27
87 138 27
87 137 27
87 105 27
88 136 27
88 70 27
88 33 27
88 4 27
88 124 27
89 141 27
89 150 27
90 33 27
90 68 27
90 114 27
91 96 27
92 55 27
92 68 27
93 17 27
93 53 27
93 62 27
93 15 27
93 99 27
94 65 27
94 111 27
94 40 27
95 13 27
95 111 27
95 138 27
95 57 27
96 62 27
96 98 27
96 70 27
96 79 27
96 121 27
96 125 27
96 138 27
96 68 27
96 16 27
97 97 27
97 141 27
97 94 27
97 55 27
97 134 27
97 59 27
98 108 27
99 59 27
99 114 27
100 49 27
100 109 27
100 4 27
101 51 27
101 34 27
101 79 27
102 22 27
102 3 27
103 97 27
104 149 27
104 139 27
104 13 27
104 26 27
104 6 27
105 26 27
105 67 27
105 33 27
105 145 27
105 107 27
105 97 27
105 78 27
106 115 27
106 95 27
106 80 27
107 45 27
107 12 27
107 29 27
108 3 27
108 117 27
108 43 27
108 131 27
108 125 27
108 120 27
108 79 27
109 13 27
109 80 27
110 24 27
110 18 27
110 7 27
111 105 27
112 57 27
112 33 27
112 139 27
112 62 27
113 128 27
113 27 27
113 36 27
114 124 27
115 60 27
115 19 27
115 28 27
115 88 27
116 112 27
117 0 27
117 110 27
117 73 27
117 45 27
117 21 27
118 0 27
118 92 27
118 105 27
118 81 27
119 35 27
119 53 27
119 109 27
119 5 27
119 75 27
119 102 27
120 37 27
120 8 27
120 83 27
121 123 27
122 101 27
122 49 27
122 44 27
122 71 27
123 37 27
123 32 27
123 109 27
124 34 27
124 93 27
124 91 27
125 93 27
125 12 27
125 150 27
125 66 27
126 85 27
126 37 27
126 18 27
127 127 27
127 49 27
127 142 27
127 59 27
128 150 27
129 76 27
130 99 27
131 37 27
131 127 27
131 126 27
132 49 27
133 127 27
133 145 27
133 51 27
133 28 27
134 102 27
134 82 27
135 35 27
135 52 27
135 134 27
136 134 27
136 63 27
136 38 27
136 71 27
137 137 27
137 84 27
137 119 27
138 136 27
138 145 27
138 93 27
138 125 27
138 101 27
139 105 27
139 95 27
139 2 27
140 140 27
140 12 27
140 64 27
141 77 27
141 62 27
141 39 27
141 42 27
141 46 27
142 142 27
142 149 27
142 20 27
143 143 27
144 144 27
144 40 27
144 44 27
145 105 27
145 123 27
145 140 27
146 77 27
146 29 27
146 121 27
147 78 27
147 109 27
147 86 27
147 150 27
147 89 27
148 130 27
148 119 27
149 117 27
149 134 27
150 141 27
0 150 28
0 127 28
1 67 28
1 9 28
1 116 28
1 102 28
1 97 28
1 74 28
1 54 28
1 100 28
2 71 28
2 84 28
2 46 28
2 82 28
3 41 28
3 16 28
4 117 28
4 135 28
4 121 28
5 113 28
5 62 28
5 140 28
6 6 28
6 48 28
6 47 28
6 130 28
6 83 28
6 87 28
6 105 28
6 100 28
7 65 28
7 92 28
7 59 28
8 114 28
8 8 28
8 93 28
8 77 28
9 94 28
9 116 28
10 10 28
10 91 28
10 113 28
10 90 28
11 4 28
11 70 28
11 65 28
11 32 28
11 3 28
12 63 28
12 126 28
12 110 28
13 56 28
13 14 28
14 25 28
14 146 28
14 2 28
15 89 28
15 38 28
15 102 28
15 59 28
16 120 28
16 68 28
16 145 28
17 149 28
17 14 28
17 108 28
17 84 28
17 129 28
18 96 28
18 25 28
18 56 28
19 66 28
19 50 28
19 25 28
20 94 28
20 121 28
20 128 28
20 6 28
21 119 28
21 123 28
21 80 28
21 14 28
22 144 28
22 22 28
22 149 28
22 126 28
23 6 28
23 59 28
24 13 28
24 30 28
24 110 28
24 85 28
24 66 28
24 9 28
25 106 28
25 82 28
25 95 28
26 142 28
26 114 28
26 85 28
26 34 28
26 131 28
26 101 28
26 64 28
27 73 28
27 35 28
27 136 28
28 6 28
28 105 28
28 86 28
29 29 28
29 38 28
29 14 28
29 74 28
30 87 28
30 133 28
30 70 28
31 84 28
31 34 28
31 29 28
31 116 28
31 22 28
32 52 28
32 125 28
33 131 28
33 129 28
33 104 28
34 98 28
35 50 28
35 54 28
35 2 28
35 11 28
35 109 28
35 136 28
35 98 28
36 80 28
36 66 28
36 106 28
36 143 28
37 90 28
37 33 28
37 9 28
37 49 28
38 41 28
38 141 28
39 62 28
39 11 28
39 100 28
40 93 28
41 96 28
41 57 28
41 52 28
42 109 28
42 94 28
42 122 28
42 23 28
42 135 28
42 112 28
42 107 28
42 36 28
42 134 28
43 105 28
43 62 28
43 9 28
44 20 28
44 68 28
44 63 28
44 95 28
44 53 28
45 9 28
45 45 28
45 21 28
45 14 28
46 134 28
46 146 28
46 113 28
46 18 28
47 75 28
47 51 28
48 36 28
48 86 28
48 56 28
48 135 28
50 56 28
50 124 28
51 142 28
51 7 28
51 29 28
51 123 28
51 127 28
51 115 28
52 134 28
52 120 28
52 108 28
53 66 28
53 50 28
53 54 28
54 104 28
54 20 28
54 131 28
55 10 28
55 14 28
55 146 28
55 104 28
56 56 28
56 123 28
56 122 28
56 10 28
56 134 28
56 106 28
57 98 28
57 115 28
58 56 28
59 70 28
59 103 28
60 32 28
60 121 28
60 39 28
60 127 28
60 57 28
60 42 28
62 138 28
62 132 28
62 108 28
62 65 28
63 133 28
63 86 28
63 85 28
63 53 28
64 16 28
65 129 28
65 35 28
65 32 28
66 149 28
67 85 28
67 56 28
67 60 28
67 69 28
68 68 28
68 2 28
68 95 28
68 79 28
68 144 28
69 131 28
69 143 28
71 15 28
71 5 28
71 139 28
71 97 28
71 84 28
72 74 28
72 19 28
72 61 28
72 47 28
73 41 28
73 141 28
73 118 28
73 66 28
73 75 28
73 144 28
73 13 28
73 129 28
74 48 28
74 19 28
74 46 28
74 5 28
74 17 28
74 44 28
74 34 28
75 93 28
75 73 28
75 148 28
75 40 28
76 100 28
76 15 28
76 108 28
77 108 28
77 75 28
78 22 28
78 138 28
78 145 28
78 134 28
79 26 28
79 35 28
79 142 28
79 25 28
79 114 28
79 99 28
79 70 28
80 43 28
80 119 28
81 81 28
81 137 28
81 62 28
81 70 28
81 116 28
81 115 28
82 59 28
82 119 28
83 83 28
83 9 28
83 139 28
83 69 28
84 110 28
84 127 28
85 40 28
85 58 28
85 117 28
86 109 28
86 57 28
87 136 28
87 85 28
87 47 28
88 88 28
88 109 28
88 13 28
89 130 28
90 41 28
90 106 28
90 17 28
90 35 28
90 95 28
91 91 28
91 100 28
91 95 28
91 40 28
92 118 28
92 81 28
92 75 28
94 123 28
95 100 28
95 19 28
96 96 28
96 42 28
97 97 28
97 49 28
97 35 28
97 2 28
97 15 28
97 45 28
98 149 28
99 143 28
99 53 28
99 146 28
100 95 28
100 122 28
101 9 28
101 45 28
101 54 28
101 25 28
101 6 28
101 108 28
101 57 28
102 9 28
102 107 28
102 96 28
102 49 28
104 56 28
104 65 28
104 28 28
104 32 28
104 0 28
104 143 28
105 34 28
105 55 28
106 129 28
106 87 28
106 105 28
106 15 28
106 122 28
106 90 28
107 105 28
107 135 28
107 36 28
107 148 28
108 6 28
108 113 28
108 43 28
109 46 28
109 22 28
109 65 28
110 52 28
110 143 28
111 60 28
112 37 28
112 114 28
113 12 28
113 25 28
113 81 28
113 62 28
113 32 28
113 54 28
114 120 28
115 33 28
115 0 28
115 3 28
115 15 28
116 116 28
116 48 28
116 41 28
116 102 28
116 83 28
116 69 28
117 8 28
118 112 28
118 116 28
118 54 28
118 109 28
119 49 28
119 53 28
119 10 28
119 8 28
121 1 28
121 33 28
121 116 28
121 125 28
121 91 28
122 122 28
122 47 28
122 120 28
123 41 28
123 114 28
123 113 28
125 130 28
125 102 28
125 74 28
125 75 28
126 55 28
127 127 28
127 90 28
128 139 28
128 142 28
128 112 28
129 104 28
130 74 28
130 58 28
130 100 28
130 27 28
130 116 28
131 17 28
131 128 28
131 77 28
131 54 28
131 63 28
132 7 28
132 29 28
133 134 28
134 80 28
134 5 28
135 44 28
136 126 28
137 137 28
137 65 28
137 138 28
137 3 28
137 54 28
137 7 28
138 7 28
138 70 28
138 79 28
138 120 28
139 39 28
140 65 28
140 133 28
141 3 28
141 115 28
141 48 28
142 74 28
143 143 28
143 131 28
143 91 28
144 102 28
144 106 28
144 115 28
144 83 28
144 117 28
145 107 28
145 0 28
145 18 28
146 6 28
146 67 28
146 90 28
147 66 28
148 89 28
148 97 28
148 144 28
148 105 28
149 64 28
149 103 28
149 55 28
149 143 28
150 134 28
150 43 28
150 136 28
0 114 29
0 145 29
1 1 29
1 34 29
1 56 29
1 98 29
1 49 29
1 17 29
1 20 29
2 41 29
2 99 29
2 37 29
2 135 29
2 64 29
2 82 29
3 3 29
3 144 29
3 107 29
3 41 29
3 81 29
4 71 29
4 29 29
4 5 29
4 117 29
4 70 29
4 42 29
4 23 29
4 45 29
4 21 29
5 128 29
5 94 29
5 145 29
6 84 29
6 42 29
6 134 29
6 7 29
6 25 29
6 141 29
7 76 29
7 53 29
7 61 29
7 139 29
7 74 29
8 8 29
8 88 29
8 78 29
8 99 29
8 75 29
8 23 29
9 80 29
9 10 29
9 135 29
9 84 29
9 59 29
9 120 29
9 21 29
9 104 29
10 10 29
10 27 29
10 17 29
10 146 29
10 103 29
10 135 29
11 87 29
11 41 29
11 54 29
11 115 29
11 44 29
12 8 29
12 72 29
12 15 29
12 42 29
12 84 29
12 87 29
12 32 29
12 31 29
13 49 29
13 149 29
13 125 29
14 103 29
14 146 29
14 58 29
14 57 29
14 66 29
15 6 29
15 95 29
15 72 29
15 139 29
16 88 29
16 51 29
16 36 29
16 52 29
17 17 29
17 56 29
17 58 29
17 85 29
17 117 29
17 70 29
17 83 29
17 21 29
18 18 29
18 140 29
18 22 29
18 143 29
19 74 29
19 68 29
19 63 29
19 1 29
19 10 29
20 20 29
20 104 29
20 5 29
20 78 29
21 148 29
21 121 29
21 56 29
22 22 29
22 88 29
22 115 29
22 24 29
23 49 29
23 118 29
23 108 29
23 10 29
23 87 29
23 31 29
23 26 29
23 30 29
23 128 29
24 69 29
24 137 29
24 123 29
24 109 29
24 61 29
24 14 29
25 26 29
25 103 29
25 112 29
25 102 29
25 106 29
25 32 29
25 50 29
25 13 29
25 21 29
26 104 29
26 114 29
26 95 29
26 43 29
26 12 29
26 111 29
26 115 29
26 77 29
27 27 29
27 125 29
27 49 29
27 58 29
27 30 29
27 7 29
27 67 29
28 80 29
28 42 29
28 111 29
28 81 29
29 34 29
29 29 29
29 68 29
29 17 29
29 7 29
29 104 29
29 144 29
29 65 29
29 92 29
30 30 29
30 134 29
30 63 29
30 143 29
30 131 29
30 144 29
31 31 29
31 104 29
31 76 29
31 10 29
31 0 29
31 78 29
31 27 29
31 26 29
31 7 29
31 123 29
32 25 29
32 133 29
32 142 29
32 86 29
32 89 29
32 148 29
32 111 29
33 136 29
33 66 29
33 52 29
34 124 29
34 113 29
34 51 29
34 73 29
35 124 29
35 114 29
35 145 29
35 149 29
36 33 29
36 107 29
36 102 29
36 69 29
36 45 29
36 11 29
37 34 29
37 133 29
37 96 29
37 86 29
37 150 29
37 68 29
38 89 29
38 120 29
38 36 29
38 17 29
38 119 29
38 137 29
38 105 29
38 90 29
38 80 29
38 14 29
38 150 29
38 136 29
38 19 29
39 39 29
39 65 29
39 14 29
39 44 29
39 7 29
40 49 29
40 138 29
40 137 29
40 60 29
40 46 29
41 70 29
42 47 29
42 10 29
42 142 29
43 43 29
43 110 29
43 63 29
43 142 29
43 25 29
43 114 29
43 62 29
43 37 29
43 8 29
43 124 29
44 47 29
44 121 29
44 98 29
44 26 29
44 16 29
44 76 29
44 48 29
45 45 29
45 33 29
45 129 29
45 115 29
46 18 29
46 50 29
46 63 29
46 147 29
46 39 29
46 100 29
47 56 29
47 116 29
47 111 29
47 92 29
47 91 29
47 22 29
48 102 29
48 82 29
49 139 29
49 82 29
49 17 29
49 25 29
49 100 29
49 94 29
50 72 29
50 58 29
50 76 29
50 66 29
50 51 29
50 144 29
50 60 29
50 31 29
50 26 29
51 150 29
51 80 29
51 46 29
51 144 29
51 116 29
51 120 29
52 77 29
52 138 29
53 62 29
53 84 29
54 54 29
55 55 29
55 79 29
55 14 29
55 132 29
55 15 29
56 56 29
56 118 29
56 76 29
56 140 29
57 57 29
57 120 29
57 11 29
58 94 29
58 149 29
58 124 29
58 64 29
58 68 29
58 147 29
58 137 29
58 136 29
59 41 29
59 22 29
59 26 29
59 35 29
59 34 29
59 6 29
59 23 29
59 103 29
60 149 29
60 135 29
60 13 29
60 74 29
60 35 29
60 21 29
60 131 29
60 112 29
61 48 29
61 150 29
61 23 29
61 18 29
61 106 29
61 123 29
62 62 29
62 143 29
62 75 29
62 70 29
62 33 29
62 46 29
62 4 29
63 42 29
63 101 29
63 49 29
63 26 29
63 113 29
63 53 29
64 66 29
64 69 29
64 146 29
64 93 29
65 77 29
65 36 29
65 58 29
65 30 29
65 70 29
66 148 29
66 79 29
66 108 29
67 67 29
67 57 29
67 56 29
68 112 29
68 111 29
68 105 29
68 100 29
68 150 29
68 18 29
69 57 29
69 87 29
69 36 29
70 45 29
70 142 29
70 137 29
70 62 29
70 66 29
70 112 29
71 71 29
71 32 29
71 125 29
71 36 29
71 12 29
72 72 29
72 20 29
72 83 29
72 147 29
73 60 29
73 96 29
73 40 29
73 29 29
73 56 29
74 25 29
74 52 29
74 89 29
74 59 29
74 17 29
74 109 29
74 1 29
75 122 29
75 73 29
75 54 29
75 49 29
76 87 29
76 81 29
76 23 29
77 117 29
77 139 29
77 72 29
77 109 29
78 105 29
78 95 29
78 71 29
78 110 29
79 139 29
79 4 29
79 49 29
79 12 29
79 38 29
80 85 29
80 126 29
80 45 29
80 7 29
81 81 29
81 96 29
81 113 29
81 51 29
81 55 29
81 119 29
82 145 29
82 5 29
82 97 29
82 76 29
83 83 29
83 48 29
83 4 29
83 102 29
83 129 29
83 63 29
83 53 29
84 110 29
84 132 29
84 62 29
84 126 29
85 17 29
85 84 29
85 5 29
85 135 29
85 144 29
85 9 29
85 92 29
86 25 29
86 94 29
86 0 29
86 134 29
86 119 29
87 77 29
88 88 29
88 86 29
88 48 29
88 145 29
88 83 29
88 39 29
89 119 29
89 67 29
89 56 29
89 9 29
89 124 29
90 60 29
90 31 29
90 49 29
91 91 29
91 127 29
91 103 29
91 129 29
92 105 29
92 34 29
93 13 29
93 114 29
93 122 29
94 122 29
94 85 29
94 5 29
94 23 29
94 125 29
94 120 29
94 129 29
95 141 29
95 15 29
95 109 29
95 118 29
95 94 29
96 96 29
96 71 29
96 84 29
96 23 29
96 18 29
96 88 29
96 105 29
96 54 29
96 16 29
96 1 29
97 97 29
97 16 29
97 15 29
97 51 29
97 19 29
97 140 29
97 22 29
97 124 29
97 92 29
98 138 29
98 109 29
98 10 29
98 112 29
98 42 29
99 95 29
99 89 29
99 28 29
99 17 29
99 138 29
99 30 29
99 39 29
99 114 29
100 50 29
100 25 29
100 66 29
100 140 29
101 101 29
101 39 29
101 2 29
101 66 29
102 95 29
102 38 29
102 37 29
102 72 29
103 97 29
103 91 29
103 50 29
103 35 29
103 44 29
103 109 29
103 33 29
103 32 29
103 125 29
104 79 29
104 102 29
104 36 29
104 119 29
105 147 29
105 11 29
105 20 29
105 57 29
105 24 29
105 130 29
106 92 29
106 101 29
106 40 29
106 12 29
106 137 29
106 109 29
106 71 29
106 75 29
106 46 29
107 131 29
107 37 29
107 69 29
107 82 29
107 132 29
108 142 29
108 19 29
108 134 29
109 139 29
109 78 29
109 3 29
110 99 29
110 149 29
110 31 29
110 129 29
110 124 29
110 76 29
111 111 29
111 92 29
111 63 29
111 16 29
111 132 29
111 89 29
111 79 29
111 10 29
111 27 29
112 79 29
112 74 29
112 24 29
112 87 29
112 86 29
113 38 29
113 149 29
113 102 29
113 54 29
114 114 29
114 118 29
114 74 29
115 58 29
115 117 29
116 116 29
116 33 29
116 66 29
116 74 29
116 110 29
117 129 29
117 105 29
117 51 29
118 25 29
118 94 29
118 56 29
118 130 29
118 4 29
118 116 29
118 59 29
118 21 29
118 1 29
119 68 29
119 113 29
119 28 29
120 10 29
120 96 29
120 99 29
120 62 29
120 98 29
120 84 29
121 121 29
121 99 29
121 24 29
121 51 29
122 124 29
122 48 29
122 146 29
122 150 29
122 104 29
122 89 29
122 75 29
123 61 29
123 79 29
123 121 29
123 136 29
123 95 29
123 98 29
124 146 29
124 109 29
124 74 29
124 144 29
124 92 29
124 54 29
125 8 29
125 20 29
125 136 29
125 46 29
126 98 29
126 56 29
126 144 29
126 73 29
126 59 29
126 95 29
126 40 29
127 127 29
127 65 29
127 59 29
128 144 29
128 101 29
128 21 29
128 30 29
128 20 29
128 127 29
129 129 29
129 123 29
129 90 29
129 140 29
129 133 29
130 64 29
130 36 29
130 72 29
130 58 29
130 9 29
130 111 29
130 88 29
131 60 29
131 125 29
131 39 29
131 48 29
132 10 29
132 75 29
132 52 29
132 19 29
132 106 29
132 87 29
132 44 29
133 120 29
133 16 29
133 137 29
133 94 29
133 18 29
134 85 29
134 144 29
134 116 29
134 120 29
134 124 29
134 118 29
135 27 29
135 137 29
135 29 29
135 122 29
135 78 29
136 147 29
136 97 29
136 82 29
136 62 29
136 20 29
136 127 29
136 121 29
137 137 29
137 139 29
137 146 29
137 29 29
138 73 29
138 100 29
138 150 29
138 145 29
138 76 29
138 79 29
138 74 29
138 148 29
138 17 29
138 83 29
139 139 29
139 129 29
139 106 29
139 68 29
139 81 29
139 122 29
139 88 29
140 107 29
141 141 29
141 137 29
141 68 29
141 53 29
141 146 29
141 69 29
141 41 29
141 50 29
141 36 29
142 142 29
142 55 29
142 144 29
142 143 29
142 96 29
142 50 29
142 117 29
142 94 29
143 143 29
143 35 29
143 24 29
143 130 29
143 3 29
143 76 29
144 144 29
144 64 29
144 59 29
144 123 29
144 109 29
144 84 29
144 19 29
144 5 29
144 9 29
145 145 29
145 148 29
145 116 29
145 3 29
146 132 29
146 15 29
146 42 29
146 55 29
147 147 29
147 143 29
147 67 29
147 71 29
147 146 29
147 126 29
147 103 29
147 52 29
147 47 29
148 102 29
148 37 29
148 45 29
148 115 29
149 35 29
149 33 29
149 41 29
149 121 29
149 22 29
150 110 29
150 95 29
150 30 29
150 16 29
150 25 29
0 114 30
0 90 30
0 34 30
1 1 30
1 71 30
1 80 30
1 60 30
1 64 30
1 17 30
1 118 30
2 148 30
2 22 30
2 37 30
3 3 30
3 28 30
3 74 30
3 32 30
3 59 30
3 143 30
3 57 30
4 67 30
4 39 30
4 117 30
4 92 30
4 64 30
4 110 30
5 0 30
5 86 30
5 107 30
5 115 30
6 131 30
6 111 30
6 54 30
6 2 30
6 105 30
7 12 30
7 96 30
7 83 30
8 8 30
8 10 30
8 66 30
9 117 30
9 112 30
9 88 30
9 36 30
10 10 30
10 127 30
10 97 30
11 88 30
11 82 30
12 109 30
12 111 30
12 70 30
13 38 30
13 42 30
14 54 30
14 13 30
15 140 30
15 74 30
16 134 30
16 100 30
16 61 30
17 111 30
18 18 30
18 123 30
18 112 30
19 55 30
19 34 30
20 20 30
20 121 30
20 95 30
20 34 30
20 33 30
20 51 30
20 140 30
20 135 30
20 79 30
20 63 30
20 40 30
21 26 30
21 124 30
21 104 30
21 122 30
21 116 30
21 106 30
22 22 30
22 126 30
22 51 30
22 54 30
22 147 30
22 104 30
22 81 30
23 23 30
23 145 30
23 49 30
24 91 30
24 112 30
25 124 30
25 84 30
25 97 30
25 60 30
25 138 30
25 72 30
26 105 30
26 47 30
26 134 30
26 106 30
27 17 30
27 146 30
27 127 30
27 9 30
28 28 30
28 67 30
28 76 30
28 141 30
28 150 30
28 106 30
28 73 30
28 113 30
28 99 30
29 29 30
29 118 30
29 104 30
29 75 30
29 131 30
29 101 30
30 30 30
30 18 30
30 112 30
30 11 30
30 123 30
30 145 30
31 23 30
31 129 30
31 106 30
31 77 30
32 7 30
32 132 30
33 0 30
33 130 30
33 50 30
33 105 30
34 116 30
34 105 30
34 123 30
34 38 30
34 112 30
34 22 30
35 58 30
35 15 30
36 69 30
36 44 30
37 2 30
37 58 30
37 117 30
37 51 30
37 64 30
38 102 30
38 11 30
38 80 30
38 10 30
39 39 30
39 71 30
39 61 30
39 58 30
40 148 30
40 116 30
40 120 30
41 129 30
42 53 30
42 19 30
42 122 30
42 131 30
42 111 30
42 54 30
42 7 30
43 98 30
43 85 30
43 57 30
43 56 30
44 44 30
44 4 30
44 75 30
44 61 30
45 6 30
45 45 30
45 81 30
45 92 30
45 8 30
46 148 30
46 102 30
46 30 30
46 80 30
46 43 30
47 120 30
47 69 30
47 87 30
48 17 30
48 35 30
48 132 30
48 14 30
48 4 30
48 92 30
49 139 30
49 125 30
49 111 30
49 78 30
49 64 30
49 124 30
50 66 30
50 112 30
50 74 30
50 96 30
51 118 30
51 8 30
51 3 30
51 110 30
52 19 30
52 37 30
52 92 30
52 114 30
52 86 30
53 67 30
53 79 30
53 150 30
53 46 30
53 149 30
53 8 30
53 110 30
53 69 30
53 58 30
54 54 30
54 9 30
54 97 30
54 51 30
54 100 30
54 80 30
54 150 30
55 23 30
55 102 30
56 56 30
56 109 30
56 140 30
56 73 30
57 57 30
57 22 30
57 122 30
57 71 30
57 47 30
57 42 30
58 43 30
58 139 30
58 148 30
58 8 30
58 129 30
58 132 30
59 129 30
59 142 30
59 48 30
59 33 30
59 65 30
60 115 30
60 62 30
61 24 30
62 62 30
62 143 30
62 133 30
62 94 30
62 52 30
63 111 30
63 21 30
63 67 30
64 100 30
64 71 30
64 97 30
64 106 30
64 87 30
64 68 30
64 49 30
65 50 30
65 58 30
65 35 30
65 150 30
65 109 30
65 38 30
65 149 30
65 41 30
66 48 30
66 84 30
66 35 30
66 72 30
66 99 30
67 58 30
67 119 30
67 72 30
67 135 30
67 115 30
68 3 30
68 23 30
69 87 30
69 59 30
69 128 30
70 12 30
70 24 30
70 42 30
70 103 30
71 15 30
71 140 30
71 2 30
71 70 30
72 72 30
72 117 30
72 14 30
72 23 30
73 74 30
73 16 30
73 25 30
73 137 30
73 109 30
73 51 30
74 52 30
74 131 30
74 9 30
74 83 30
74 3 30
75 6 30
75 131 30
76 100 30
76 89 30
77 77 30
77 110 30
77 59 30
77 35 30
77 1 30
78 54 30
78 108 30
78 75 30
78 29 30
78 126 30
78 88 30
79 105 30
79 40 30
79 6 30
79 38 30
80 103 30
80 75 30
80 43 30
80 56 30
80 7 30
80 137 30
81 81 30
81 136 30
82 111 30
82 115 30
82 89 30
83 83 30
83 90 30
84 66 30
84 18 30
85 5 30
85 32 30
85 41 30
85 93 30
85 115 30
85 81 30
86 117 30
86 70 30
86 96 30
86 73 30
87 17 30
87 16 30
87 70 30
88 88 30
88 116 30
88 60 30
88 17 30
88 25 30
89 147 30
89 71 30
89 29 30
89 42 30
90 97 30
90 96 30
90 59 30
90 127 30
90 1 30
90 81 30
91 2 30
91 113 30
91 85 30
91 19 30
91 126 30
91 49 30
91 58 30
92 82 30
92 126 30
93 88 30
93 111 30
93 97 30
93 118 30
94 150 30
94 118 30
94 99 30
94 57 30
94 61 30
94 49 30
94 17 30
95 136 30
95 115 30
95 26 30
95 109 30
95 48 30
95 23 30
96 96 30
96 147 30
96 137 30
97 52 30
97 33 30
97 32 30
97 121 30
98 149 30
98 143 30
98 105 30
98 59 30
98 53 30
98 25 30
98 90 30
99 100 30
99 80 30
99 37 30
99 140 30
100 92 30
100 36 30
100 15 30
100 66 30
100 32 30
100 120 30
101 42 30
101 14 30
101 82 30
101 90 30
101 112 30
102 6 30
102 89 30
102 84 30
102 49 30
102 48 30
103 102 30
103 110 30
103 62 30
103 20 30
103 131 30
103 51 30
103 13 30
104 66 30
104 52 30
104 144 30
104 93 30
104 124 30
104 41 30
104 40 30
105 119 30
105 122 30
105 76 30
105 52 30
105 28 30
105 120 30
105 101 30
105 91 30
106 125 30
106 63 30
106 26 30
106 113 30
106 89 30
106 47 30
106 56 30
106 42 30
107 104 30
107 23 30
107 72 30
107 40 30
107 21 30
107 142 30
108 100 30
108 7 30
108 128 30
108 113 30
108 67 30
108 115 30
108 91 30
109 105 30
109 62 30
110 104 30
110 89 30
110 17 30
111 35 30
111 137 30
111 104 30
111 71 30
111 93 30
111 148 30
112 139 30
112 107 30
112 97 30
112 100 30
112 54 30
112 146 30
112 90 30
113 144 30
113 148 30
113 97 30
114 120 30
114 15 30
114 1 30
114 148 30
114 13 30
115 57 30
116 75 30
116 61 30
116 23 30
116 111 30
116 82 30
116 68 30
117 18 30
117 11 30
117 123 30
117 1 30
118 108 30
118 112 30
118 130 30
118 54 30
119 67 30
119 5 30
119 79 30
119 97 30
119 92 30
120 9 30
120 7 30
120 76 30
121 117 30
121 66 30
121 43 30
122 91 30
122 25 30
122 79 30
123 138 30
123 106 30
123 35 30
123 12 30
124 9 30
125 125 30
125 92 30
125 17 30
125 81 30
126 148 30
126 92 30
126 87 30
126 82 30
126 6 30
126 24 30
127 127 30
127 31 30
127 71 30
127 93 30
127 107 30
127 110 30
128 13 30
128 125 30
128 29 30
129 49 30
129 129 30
129 35 30
129 44 30
130 82 30
130 86 30
130 11 30
130 122 30
130 81 30
130 5 30
131 61 30
131 41 30
131 137 30
131 24 30
131 112 30
132 84 30
132 58 30
132 21 30
133 72 30
133 58 30
133 53 30
133 16 30
133 122 30
133 94 30
133 52 30
133 18 30
134 24 30
134 97 30
134 92 30
134 31 30
134 39 30
134 20 30
135 57 30
135 20 30
135 109 30
135 74 30
135 36 30
135 138 30
136 90 30
136 47 30
137 137 30
137 104 30
137 80 30
137 19 30
137 69 30
137 11 30
137 150 30
138 59 30
138 33 30
138 18 30
139 116 30
139 64 30
139 109 30
139 85 30
139 88 30
140 140 30
140 128 30
140 20 30
140 74 30
140 22 30
140 134 30
141 141 30
141 119 30
141 105 30
141 21 30
141 14 30
142 20 30
142 22 30
142 36 30
143 143 30
143 31 30
143 124 30
144 100 30
144 150 30
144 145 30
144 90 30
144 108 30
145 149 30
145 32 30
146 20 30
146 132 30
147 144 30
147 53 30
147 102 30
147 70 30
147 28 30
148 80 30
148 144 30
148 52 30
149 110 30
149 62 30
149 48 30
149 43 30
149 29 30
149 150 30
149 113 30
149 106 30
150 69 30
150 37 30
150 32 30
150 145 30
0 55 31
0 54 31
0 63 31
0 29 31
1 141 31
2 98 31
3 3 31
3 37 31
3 70 31
4 131 31
5 26 31
5 23 31
6 145 31
6 26 31
7 82 31
8 8 31
9 97 31
9 26 31
10 21 31
10 2 31
10 34 31
10 97 31
11 121 31
11 8 31
12 44 31
12 47 31
12 14 31
12 107 31
12 137 31
13 59 31
13 20 31
13 47 31
14 59 31
14 62 31
15 124 31
15 6 31
15 47 31
16 133 31
16 61 31
17 13 31
18 7 31
18 146 31
18 88 31
19 18 31
19 120 31
19 6 31
20 82 31
21 46 31
21 64 31
21 27 31
21 133 31
21 123 31
21 61 31
21 116 31
22 144 31
22 134 31
22 62 31
22 52 31
23 53 31
23 61 31
23 32 31
23 36 31
23 49 31
24 95 31
24 52 31
25 135 31
25 121 31
26 94 31
26 51 31
27 72 31
27 62 31
27 52 31
28 43 31
28 124 31
28 95 31
29 29 31
29 62 31
30 30 31
30 74 31
30 60 31
30 77 31
30 36 31
30 56 31
30 126 31
30 135 31
31 67 31
31 60 31
32 42 31
32 98 31
33 145 31
33 101 31
33 13 31
33 115 31
33 128 31
33 91 31
33 109 31
33 25 31
34 133 31
34 137 31
34 143 31
35 12 31
35 146 31
35 62 31
35 80 31
35 52 31
35 125 31
36 66 31
36 32 31
36 104 31
37 19 31
38 123 31
38 37 31
39 91 31
39 45 31
40 123 31
40 81 31
40 29 31
40 55 31
41 9 31
41 74 31
41 119 31
42 145 31
42 37 31
42 59 31
43 43 31
43 44 31
43 25 31
43 71 31
43 61 31
43 10 31
44 37 31
44 28 31
44 141 31
45 124 31
45 25 31
45 132 31
45 122 31
45 81 31
45 4 31
46 63 31
46 22 31
46 10 31
46 140 31
47 18 31
47 31 31
48 97 31
48 115 31
49 139 31
49 132 31
50 0 31
50 84 31
51 108 31
51 69 31
52 52 31
52 115 31
52 110 31
52 45 31
52 12 31
53 122 31
53 58 31
53 3 31
53 21 31
54 21 31
55 70 31
55 147 31
56 56 31
56 123 31
57 128 31
57 137 31
58 61 31
58 15 31
58 51 31
58 139 31
58 55 31
59 21 31
59 109 31
60 10 31
60 40 31
60 132 31
61 53 31
61 41 31
61 3 31
62 74 31
62 105 31
62 28 31
62 134 31
63 140 31
63 28 31
63 127 31
64 109 31
64 43 31
64 125 31
65 91 31
65 50 31
65 59 31
65 30 31
65 132 31
65 41 31
65 121 31
66 57 31
66 43 31
66 101 31
66 49 31
67 94 31
68 68 31
68 55 31
68 137 31
68 118 31
69 12 31
70 14 31
71 115 31
71 45 31
71 31 31
71 57 31
72 126 31
72 83 31
72 86 31
73 30 31
74 96 31
74 71 31
75 48 31
75 60 31
76 92 31
76 84 31
76 33 31
77 77 31
77 85 31
77 32 31
77 144 31
77 11 31
78 36 31
78 6 31
78 95 31
78 67 31
78 111 31
78 88 31
79 5 31
79 55 31
79 109 31
79 80 31
79 29 31
80 102 31
80 77 31
81 81 31
81 150 31
82 56 31
82 10 31
82 131 31
82 134 31
82 21 31
82 7 31
82 141 31
82 90 31
83 83 31
83 37 31
83 132 31
83 127 31
83 99 31
83 108 31
83 125 31
83 87 31
84 107 31
84 125 31
84 143 31
84 131 31
85 138 31
86 145 31
86 46 31
87 139 31
88 88 31
88 94 31
89 39 31
89 100 31
89 52 31
89 126 31
89 91 31
91 112 31
91 65 31
92 83 31
92 68 31
92 105 31
92 62 31
92 43 31
93 100 31
93 31 31
93 30 31
93 11 31
93 109 31
94 95 31
94 47 31
94 124 31
94 54 31
94 58 31
94 35 31
95 59 31
95 58 31
95 67 31
95 146 31
95 23 31
96 43 31
96 8 31
96 30 31
97 97 31
97 35 31
97 7 31
97 132 31
97 88 31
98 119 31
98 142 31
98 84 31
99 113 31
99 94 31
99 27 31
100 17 31
100 119 31
100 148 31
101 24 31
101 9 31
101 107 31
102 18 31
102 111 31
103 111 31
103 119 31
103 49 31
104 71 31
104 32 31
104 50 31
104 108 31
105 104 31
105 84 31
105 43 31
105 65 31
105 24 31
106 86 31
106 67 31
106 117 31
107 105 31
107 73 31
108 133 31
108 62 31
108 47 31
109 88 31
109 36 31
109 2 31
109 141 31
109 118 31
110 20 31
110 113 31
110 94 31
111 98 31
111 33 31
112 46 31
112 21 31
112 7 31
114 146 31
114 134 31
115 0 31
115 18 31
115 59 31
116 48 31
116 28 31
117 43 31
119 94 31
120 3 31
120 11 31
121 34 31
121 147 31
122 129 31
123 73 31
123 100 31
123 63 31
123 15 31
123 112 31
124 48 31
124 56 31
124 3 31
124 68 31
125 125 31
125 112 31
126 144 31
127 127 31
127 71 31
127 130 31
127 139 31
128 82 31
128 35 31
129 78 31
130 97 31
130 50 31
130 20 31
130 95 31
130 117 31
130 60 31
130 143 31
131 21 31
132 140 31
132 105 31
133 39 31
133 79 31
134 134 31
134 112 31
134 88 31
134 97 31
134 22 31
135 44 31
135 109 31
135 91 31
136 100 31
137 0 31
137 119 31
137 63 31
137 44 31
137 109 31
138 123 31
138 145 31
138 76 31
138 52 31
138 65 31
138 36 31
138 13 31
139 14 31
139 0 31
139 116 31
139 64 31
139 57 31
139 38 31
139 60 31
140 146 31
140 136 31
140 147 31
141 141 31
141 114 31
141 29 31
141 131 31
141 66 31
142 20 31
142 52 31
142 38 31
142 32 31
142 100 31
142 81 31
143 143 31
143 39 31
143 104 31
143 0 31
143 93 31
144 94 31
144 109 31
144 65 31
144 37 31
144 130 31
145 145 31
145 66 31
145 27 31
145 143 31
145 100 31
145 77 31
146 143 31
146 102 31
147 22 31
147 97 31
147 7 31
148 40 31
149 3 31
150 148 31
150 112 31
0 150 32
1 139 32
1 148 32
1 110 32
2 5 32
2 128 32
2 130 32
3 3 32
4 109 32
4 62 32
4 39 32
4 57 32
4 34 32
4 94 32
4 41 32
4 36 32
4 54 32
5 134 32
6 149 32
6 21 32
7 56 32
8 8 32
8 60 32
8 129 32
8 2 32
8 90 32
8 47 32
8 56 32
9 71 32
9 79 32
9 69 32
9 27 32
9 35 32
10 7 32
10 95 32
10 149 32
11 70 32
11 90 32
12 140 32
13 51 32
13 129 32
13 135 32
13 0 32
14 150 32
14 140 32
15 20 32
15 1 32
15 131 32
15 22 32
15 143 32
16 114 32
16 61 32
16 107 32
16 116 32
16 125 32
17 8 32
17 110 32
18 137 32
18 130 32
18 111 32
19 27 32
19 80 32
20 20 32
20 42 32
20 116 32
21 142 32
21 28 32
21 5 32
22 35 32
23 23 32
23 4 32
23 17 32
24 41 32
24 132 32
24 33 32
25 25 32
25 148 32
25 58 32
26 25 32
26 13 32
27 141 32
27 65 32
28 53 32
28 93 32
28 99 32
29 29 32
29 7 32
29 146 32
29 33 32
29 111 32
29 74 32
30 10 32
31 103 32
31 12 32
32 68 32
32 49 32
33 135 32
33 59 32
33 95 32
34 5 32
34 134 32
35 145 32
35 125 32
35 120 32
36 116 32
36 148 32
36 91 32
36 100 32
37 119 32
37 94 32
37 28 32
37 46 32
38 148 32
38 13 32
38 119 32
38 127 32
38 20 32
39 77 32
39 21 32
39 118 32
39 136 32
40 139 32
41 54 32
41 30 32
41 81 32
41 103 32
42 45 32
42 115 32
43 63 32
43 44 32
43 128 32
44 115 32
44 83 32
45 45 32
46 116 32
46 99 32
47 80 32
47 19 32
47 128 32
47 137 32
48 49 32
48 3 32
48 93 32
49 130 32
49 13 32
49 2 32
51 87 32
52 15 32
52 96 32
52 114 32
53 127 32
53 131 32
53 74 32
54 79 32
55 51 32
55 32 32
55 104 32
55 62 32
56 56 32
56 58 32
57 102 32
57 36 32
57 63 32
57 140 32
58 103 32
58 38 32
58 47 32
58 137 32
59 36 32
59 77 32
59 76 32
59 48 32
59 120 32
60 37 32
60 22 32
60 50 32
60 93 32
61 99 32
61 103 32
61 5 32
61 121 32
61 44 32
61 114 32
62 73 32
62 34 32
63 129 32
64 144 32
64 121 32
64 125 32
64 115 32
64 124 32
64 87 32
65 87 32
65 70 32
67 11 32
67 120 32
68 119 32
68 128 32
69 64 32
69 22 32
69 16 32
70 36 32
70 49 32
70 67 32
70 10 32
71 93 32
71 103 32
72 1 32
72 16 32
73 44 32
73 30 32
73 142 32
73 65 32
74 121 32
74 93 32
74 64 32
74 41 32
74 123 32
74 99 32
75 3 32
75 11 32
75 59 32
76 88 32
76 24 32
77 84 32
77 142 32
78 10 32
79 73 32
80 38 32
80 138 32
80 132 32
82 68 32
83 83 32
83 81 32
83 120 32
83 147 32
84 39 32
84 146 32
84 136 32
85 111 32
86 60 32
86 138 32
87 125 32
87 31 32
87 136 32
87 150 32
88 136 32
88 65 32
88 33 32
89 7 32
89 6 32
89 134 32
89 93 32
90 140 32
90 139 32
90 106 32
91 23 32
91 41 32
91 58 32
91 67 32
91 17 32
92 46 32
92 127 32
93 64 32
93 31 32
93 53 32
94 109 32
94 1 32
94 41 32
95 31 32
96 55 32
97 97 32
98 37 32
98 140 32
98 128 32
98 52 32
99 71 32
99 93 32
99 69 32
100 142 32
100 28 32
101 47 32
103 20 32
103 130 32
104 9 32
104 139 32
104 44 32
104 30 32
105 149 32
106 139 32
106 102 32
106 45 32
106 67 32
107 33 32
107 96 32
107 105 32
108 131 32
108 32 32
108 115 32
108 74 32
108 87 32
109 148 32
109 129 32
109 138 32
109 6 32
109 85 32
110 13 32
111 110 32
112 112 32
112 14 32
112 115 32
112 104 32
112 122 32
112 71 32
113 123 32
113 90 32
114 97 32
114 88 32
115 60 32
115 10 32
115 28 32
115 77 32
115 39 32
116 58 32
117 31 32
117 103 32
118 89 32
118 61 32
119 78 32
119 24 32
119 109 32
119 102 32
120 127 32
121 131 32
121 86 32
122 127 32
122 10 32
122 80 32
122 4 32
123 116 32
123 91 32
123 145 32
124 126 32
124 94 32
124 103 32
124 148 32
124 116 32
124 87 32
125 83 32
125 26 32
125 137 32
125 71 32
126 25 32
127 127 32
127 101 32
128 62 32
129 128 32
129 20 32
129 94 32
129 61 32
129 87 32
129 64 32
130 22 32
130 21 32
130 140 32
131 60 32
131 38 32
133 64 32
135 133 32
135 64 32
136 50 32
136 98 32
137 75 32
137 5 32
137 32 32
137 101 32
137 86 32
137 45 32
138 107 32
138 111 32
139 1 32
140 135 32
140 116 32
140 134 32
141 6 32
141 113 32
141 47 32
141 56 32
141 42 32
142 142 32
142 21 32
142 90 32
143 24 32
143 56 32
143 41 32
143 120 32
143 138 32
144 140 32
144 131 32
144 74 32
145 85 32
145 119 32
146 145 32
146 124 32
147 18 32
147 92 32
147 137 32
148 118 32
148 50 32
148 125 32
149 113 32
149 76 32
149 13 32
150 138 32
150 101 32
150 114 32
150 109 32
150 140 32
1 140 33
2 118 33
4 9 33
4 7 33
5 150 33
5 125 33
6 15 33
6 96 33
6 40 33
7 129 33
7 33 33
8 8 33
8 118 33
9 39 33
9 42 33
9 22 33
10 69 33
11 65 33
11 143 33
11 6 33
12 63 33
12 87 33
12 8 33
13 44 33
13 129 33
13 147 33
15 79 33
16 64 33
16 50 33
16 71 33
16 28 33
16 126 33
17 9 33
17 112 33
17 64 33
17 2 33
18 38 33
18 15 33
18 145 33
19 20 33
20 24 33
20 149 33
20 55 33
20 137 33
21 84 33
22 134 33
22 109 33
22 51 33
23 23 33
23 115 33
24 92 33
25 46 33
25 115 33
25 99 33
26 11 33
26 127 33
26 149 33
27 14 33
27 144 33
28 143 33
29 29 33
29 146 33
30 12 33
30 113 33
30 61 33
31 63 33
31 100 33
32 138 33
33 45 33
33 147 33
33 58 33
34 116 33
34 62 33
34 126 33
34 44 33
35 96 33
35 50 33
35 12 33
36 109 33
37 2 33
37 81 33
37 52 33
37 117 33
37 111 33
38 40 33
38 11 33
38 94 33
39 56 33
39 64 33
40 12 33
41 83 33
41 80 33
42 100 33
42 10 33
42 55 33
43 40 33
43 21 33
44 116 33
45 104 33
45 63 33
47 116 33
47 67 33
48 146 33
48 62 33
48 9 33
48 139 33
49 106 33
49 133 33
50 44 33
51 79 33
51 45 33
51 60 33
52 55 33
52 64 33
52 3 33
52 76 33
53 94 33
53 65 33
53 126 33
53 18 33
53 59 33
53 36 33
54 54 33
54 71 33
55 55 33
56 56 33
56 64 33
57 102 33
57 50 33
57 119 33
57 11 33
58 108 33
58 71 33
58 84 33
58 27 33
59 27 33
59 29 33
59 115 33
59 65 33
60 147 33
60 65 33
61 102 33
62 148 33
62 111 33
63 138 33
63 7 33
63 137 33
65 129 33
65 45 33
66 129 33
66 105 33
67 127 33
67 139 33
67 4 33
67 73 33
68 98 33
69 120 33
69 142 33
70 95 33
70 39 33
70 10 33
70 134 33
71 47 33
71 114 33
71 89 33
72 51 33
73 73 33
73 96 33
73 45 33
73 127 33
75 30 33
75 43 33
75 33 33
75 106 33
76 25 33
76 33 33
76 139 33
77 87 33
77 72 33
77 31 33
77 48 33
78 11 33
78 83 33
79 7 33
79 98 33
80 18 33
81 146 33
81 29 33
81 38 33
81 5 33
82 139 33
82 6 33
82 118 33
83 83 33
83 107 33
85 85 33
85 47 33
86 39 33
86 7 33
86 114 33
86 71 33
87 127 33
88 131 33
88 82 33
89 16 33
89 67 33
89 75 33
89 107 33
90 145 33
90 125 33
90 6 33
90 136 33
91 38 33
91 8 33
92 83 33
92 25 33
93 96 33
93 122 33
94 130 33
94 4 33
94 73 33
95 13 33
95 118 33
95 66 33
96 132 33
97 97 33
97 36 33
98 135 33
98 114 33
98 1 33
98 93 33
99 103 33
99 52 33
99 39 33
99 25 33
100 87 33
100 53 33
100 34 33
100 123 33
101 46 33
101 99 33
101 62 33
102 7 33
102 2 33
102 66 33
102 0 33
102 87 33
103 100 33
103 98 33
104 134 33
105 146 33
105 23 33
105 101 33
105 69 33
105 73 33
106 86 33
106 128 33
106 70 33
107 67 33
107 29 33
107 15 33
108 72 33
108 124 33
108 119 33
108 116 33
108 134 33
109 8 33
110 140 33
110 105 33
110 95 33
111 98 33
111 4 33
112 71 33
114 45 33
114 54 33
116 68 33
116 49 33
116 132 33
116 70 33
116 110 33
116 69 33
117 48 33
117 24 33
118 14 33
118 77 33
119 140 33
119 52 33
119 74 33
120 41 33
120 111 33
120 87 33
120 54 33
120 127 33
120 89 33
121 121 33
121 8 33
122 12 33
122 25 33
122 123 33
122 140 33
123 37 33
124 144 33
124 97 33
125 6 33
125 140 33
126 47 33
126 46 33
126 0 33
126 24 33
128 106 33
128 43 33
129 129 33
129 3 33
130 110 33
130 53 33
131 89 33
132 42 33
133 19 33
134 71 33
134 72 33
135 130 33
136 63 33
136 88 33
137 94 33
137 80 33
137 48 33
138 12 33
138 123 33
138 71 33
138 102 33
139 119 33
139 44 33
139 137 33
139 89 33
139 75 33
140 13 33
140 91 33
141 116 33
142 3 33
143 39 33
143 2 33
143 108 33
143 116 33
143 55 33
143 139 33
143 110 33
144 22 33
144 23 33
145 71 33
145 115 33
145 39 33
145 132 33
146 141 33
146 62 33
147 40 33
147 58 33
148 106 33
148 68 33
149 68 33
149 121 33
150 102 33
150 30 33
150 123 33
150 140 33
0 16 34
0 25 34
4 2 34
4 140 34
9 89 34
9 102 34
11 36 34
11 148 34
12 100 34
13 36 34
13 19 34
13 27 34
14 81 34
14 38 34
16 104 34
16 79 34
16 61 34
18 18 34
18 100 34
19 145 34
21 132 34
23 23 34
24 103 34
24 150 34
26 23 34
32 103 34
33 100 34
33 11 34
35 40 34
36 70 34
37 73 34
39 75 34
39 148 34
40 13 34
40 102 34
40 37 34
40 128 34
40 39 34
43 38 34
43 1 34
44 32 34
45 43 34
45 52 34
48 61 34
50 43 34
52 28 34
52 20 34
52 139 34
53 11 34
53 150 34
56 56 34
56 121 34
56 98 34
56 27 34
57 78 34
58 36 34
60 94 34
62 141 34
64 20 34
66 60 34
67 42 34
69 112 34
70 146 34
70 75 34
73 63 34
75 86 34
78 92 34
81 145 34
82 64 34
83 83 34
83 138 34
85 51 34
87 20 34
89 58 34
89 117 34
92 55 34
98 63 34
99 53 34
100 146 34
101 89 34
103 112 34
104 104 34
104 26 34
106 132 34
108 100 34
109 46 34
109 78 34
110 125 34
111 1 34
112 41 34
113 107 34
116 119 34
117 26 34
118 92 34
119 61 34
119 115 34
119 117 34
120 113 34
122 133 34
122 139 34
124 93 34
124 134 34
125 66 34
126 74 34
127 23 34
128 31 34
130 81 34
131 110 34
131 146 34
133 35 34
135 107 34
138 70 34
140 103 34
140 7 34
143 41 34
143 72 34
144 72 34
146 22 34
146 105 34
147 73 34
147 130 34
150 101 34
150 137 34
150 27 34
11 76 35
23 23 35
81 43 35
95 60 35
115 145 35
137 54 35
145 77 35
11 42 36
21 28 36
23 23 36
47 147 36
53 12 36
62 120 36
66 98 36
77 77 36
77 134 36
79 43 36
107 16 36
109 38 36
120 101 36
122 106 36
125 101 36
6 109 37
23 23 37
24 57 37
41 42 37
44 136 37
47 50 37
61 14 37
81 11 37
86 120 37
125 135 37
129 29 37
147 138 37
