5 2 0
17 52 0
38 55 0
89 128 0
92 99 0
109 114 0
144 1 0
3 3 1
31 40 1
36 104 1
63 84 1
63 134 1
86 120 1
108 70 1
129 130 1
8 8 2
32 117 2
40 70 2
53 31 2
66 106 2
68 38 2
106 85 2
114 94 2
125 114 2
134 145 2
140 50 2
143 113 2
10 142 3
11 85 3
12 45 3
21 46 3
29 88 3
42 56 3
45 104 3
65 6 3
68 125 3
75 72 3
76 52 3
84 2 3
100 123 3
100 5 3
111 133 3
120 95 3
126 49 3
129 26 3
129 147 3
145 106 3
2 144 4
12 140 4
16 68 4
23 112 4
25 107 4
28 53 4
45 10 4
49 68 4
53 132 4
67 114 4
71 40 4
90 18 4
107 70 4
109 63 4
118 127 4
2 2 5
23 45 5
29 150 5
30 11 5
41 100 5
56 132 5
67 116 5
68 97 5
70 75 5
81 72 5
95 77 5
101 4 5
109 50 5
110 137 5
111 87 5
112 45 5
117 80 5
121 14 5
130 138 5
132 25 5
140 19 5
141 46 5
141 61 5
146 98 5
146 21 5
148 43 5
2 2 6
7 108 6
13 79 6
15 149 6
15 120 6
35 116 6
50 76 6
70 49 6
77 31 6
77 88 6
85 77 6
86 136 6
86 49 6
92 87 6
98 15 6
102 73 6
109 20 6
116 111 6
121 83 6
121 101 6
123 60 6
125 82 6
128 11 6
141 139 6
145 87 6
147 54 6
1 140 7
3 64 7
5 147 7
7 7 7
7 47 7
10 73 7
11 21 7
20 7 7
20 20 7
23 23 7
23 107 7
31 34 7
34 82 7
36 132 7
37 134 7
41 14 7
44 102 7
46 20 7
46 15 7
53 43 7
59 78 7
63 126 7
64 137 7
65 78 7
68 134 7
70 45 7
75 66 7
84 108 7
84 127 7
85 39 7
87 149 7
94 37 7
97 65 7
98 149 7
99 105 7
100 115 7
101 50 7
105 39 7
106 7 7
109 94 7
117 124 7
118 40 7
118 52 7
118 30 7
124 150 7
127 120 7
127 77 7
130 111 7
130 107 7
136 56 7
141 143 7
142 21 7
150 95 7
0 70 8
3 3 8
3 43 8
7 33 8
8 8 8
11 19 8
17 82 8
18 102 8
18 116 8
18 5 8
19 90 8
21 113 8
23 23 8
24 35 8
26 124 8
26 117 8
29 35 8
30 48 8
31 14 8
31 102 8
41 18 8
41 60 8
43 91 8
58 31 8
60 45 8
78 86 8
82 99 8
87 100 8
89 3 8
95 142 8
99 110 8
104 77 8
109 107 8
111 93 8
112 129 8
113 73 8
116 42 8
116 141 8
118 39 8
123 135 8
135 42 8
138 57 8
139 39 8
141 61 8
143 111 8
143 62 8
144 124 8
145 123 8
0 5 9
2 33 9
6 54 9
7 37 9
8 8 9
8 3 9
8 95 9
10 98 9
15 70 9
17 40 9
19 94 9
20 70 9
23 23 9
24 17 9
29 29 9
29 36 9
31 120 9
37 137 9
39 134 9
45 16 9
45 58 9
46 37 9
51 34 9
52 142 9
53 40 9
58 27 9
59 64 9
60 13 9
63 33 9
63 99 9
66 117 9
66 144 9
67 6 9
69 117 9
69 47 9
74 92 9
76 110 9
78 116 9
82 40 9
88 33 9
88 115 9
89 144 9
94 138 9
96 133 9
101 33 9
106 147 9
115 11 9
116 49 9
117 136 9
119 134 9
128 142 9
129 57 9
130 108 9
136 132 9
137 8 9
144 80 9
147 35 9
147 65 9
150 3 9
0 1 10
2 66 10
3 149 10
4 130 10
5 63 10
6 15 10
9 59 10
9 147 10
10 10 10
12 94 10
13 117 10
14 65 10
14 82 10
16 132 10
17 17 10
20 9 10
23 23 10
24 97 10
24 10 10
28 17 10
29 29 10
29 96 10
30 146 10
30 117 10
32 106 10
32 71 10
34 114 10
35 119 10
36 15 10
36 82 10
37 27 10
38 84 10
38 50 10
38 117 10
40 138 10
41 64 10
43 43 10
43 131 10
47 53 10
50 148 10
55 97 10
58 33 10
59 42 10
59 108 10
62 61 10
69 149 10
69 142 10
70 19 10
72 101 10
73 98 10
74 43 10
78 19 10
78 122 10
80 67 10
83 119 10
85 91 10
85 99 10
86 89 10
88 148 10
91 129 10
91 60 10
95 104 10
99 59 10
99 129 10
100 142 10
100 29 10
101 29 10
103 2 10
103 4 10
107 146 10
108 131 10
111 36 10
111 130 10
112 9 10
119 29 10
121 21 10
123 95 10
130 27 10
146 51 10
148 137 10
0 0 11
2 7 11
3 76 11
3 5 11
3 102 11
6 105 11
6 49 11
7 7 11
7 66 11
8 60 11
9 37 11
10 10 11
11 22 11
12 43 11
15 29 11
17 17 11
17 2 11
18 130 11
18 134 11
20 53 11
23 23 11
23 116 11
23 97 11
24 48 11
25 38 11
27 97 11
28 93 11
29 88 11
31 94 11
35 25 11
38 16 11
38 122 11
39 12 11
39 36 11
44 89 11
45 90 11
48 102 11
60 69 11
67 44 11
68 15 11
69 54 11
71 64 11
72 20 11
72 22 11
77 139 11
77 29 11
78 28 11
79 43 11
81 67 11
84 148 11
85 14 11
85 32 11
87 123 11
91 69 11
94 104 11
95 22 11
98 43 11
98 93 11
99 47 11
99 147 11
100 92 11
100 4 11
101 22 11
102 33 11
102 119 11
103 72 11
103 1 11
105 16 11
106 146 11
107 147 11
107 135 11
107 84 11
107 145 11
108 14 11
111 36 11
112 6 11
113 68 11
118 81 11
119 7 11
121 44 11
124 81 11
129 14 11
130 149 11
131 70 11
131 122 11
131 112 11
132 93 11
132 99 11
139 35 11
141 92 11
144 56 11
148 121 11
150 95 11
5 38 12
7 7 12
7 122 12
11 121 12
13 38 12
15 46 12
15 18 12
17 17 12
17 24 12
17 38 12
18 18 12
22 103 12
23 23 12
24 10 12
24 70 12
27 3 12
30 131 12
33 8 12
39 148 12
42 22 12
43 43 12
45 36 12
45 41 12
48 71 12
49 95 12
51 100 12
53 111 12
54 58 12
54 18 12
54 69 12
56 25 12
56 28 12
58 74 12
58 2 12
61 5 12
61 38 12
62 60 12
63 36 12
69 6 12
74 143 12
79 76 12
80 70 12
83 32 12
83 62 12
86 113 12
86 94 12
89 19 12
93 94 12
98 91 12
102 81 12
103 83 12
105 75 12
107 34 12
109 111 12
113 106 12
115 12 12
116 99 12
122 84 12
123 39 12
125 106 12
126 33 12
128 144 12
129 132 12
135 74 12
135 141 12
139 119 12
140 41 12
142 138 12
142 1 12
143 35 12
144 113 12
145 47 12
147 127 12
149 29 12
0 80 13
0 55 13
1 122 13
1 13 13
1 27 13
2 2 13
2 99 13
7 7 13
8 8 13
8 5 13
9 29 13
13 19 13
15 105 13
15 107 13
16 64 13
17 29 13
18 142 13
19 30 13
22 21 13
23 23 13
23 115 13
25 25 13
26 26 13
26 67 13
27 111 13
33 57 13
37 145 13
37 149 13
37 80 13
39 56 13
42 48 13
43 43 13
43 140 13
43 78 13
44 110 13
45 71 13
46 30 13
50 3 13
52 47 13
52 95 13
56 68 13
57 7 13
57 9 13
58 69 13
63 131 13
65 47 13
65 97 13
67 68 13
68 145 13
68 98 13
68 128 13
69 83 13
70 4 13
71 91 13
72 130 13
73 93 13
75 74 13
75 39 13
76 83 13
77 77 13
77 9 13
79 108 13
79 85 13
79 87 13
80 83 13
81 134 13
83 135 13
83 55 13
83 64 13
87 32 13
88 134 13
91 16 13
92 70 13
93 51 13
94 127 13
98 125 13
98 72 13
98 10 13
99 129 13
99 77 13
100 130 13
100 52 13
103 97 13
105 71 13
105 112 13
108 12 13
109 99 13
109 69 13
109 18 13
109 130 13
110 14 13
113 63 13
116 126 13
118 84 13
118 61 13
119 73 13
119 117 13
120 78 13
121 98 13
122 55 13
122 102 13
124 125 13
125 121 13
126 40 13
126 106 13
129 91 13
136 75 13
140 95 13
141 54 13
142 57 13
143 73 13
145 9 13
146 144 13
148 104 13
148 108 13
149 5 13
150 24 13
0 0 14
2 54 14
2 86 14
3 74 14
5 41 14
6 133 14
7 108 14
8 63 14
9 102 14
10 10 14
10 5 14
11 136 14
12 76 14
12 32 14
13 100 14
17 62 14
18 15 14
18 18 14
18 26 14
18 48 14
19 13 14
19 67 14
23 23 14
25 21 14
25 117 14
26 26 14
26 144 14
26 36 14
26 86 14
27 27 14
27 101 14
28 56 14
29 114 14
30 120 14
31 49 14
32 79 14
34 125 14
37 105 14
37 20 14
38 125 14
41 15 14
41 10 14
44 71 14
45 142 14
46 64 14
48 80 14
48 52 14
49 106 14
50 145 14
50 149 14
51 101 14
52 37 14
54 22 14
57 136 14
57 1 14
57 19 14
58 109 14
60 34 14
61 139 14
64 34 14
64 121 14
64 52 14
66 78 14
66 0 14
67 78 14
68 2 14
70 27 14
71 31 14
73 58 14
74 52 14
76 25 14
77 77 14
77 101 14
78 78 14
80 20 14
81 83 14
85 95 14
86 4 14
87 67 14
88 33 14
89 107 14
91 6 14
94 118 14
94 10 14
97 113 14
101 50 14
102 4 14
103 83 14
105 15 14
106 144 14
108 134 14
109 133 14
109 80 14
111 126 14
111 34 14
113 129 14
117 126 14
118 74 14
119 78 14
119 43 14
119 138 14
121 29 14
124 46 14
124 145 14
129 73 14
129 57 14
129 38 14
130 71 14
131 92 14
132 115 14
134 123 14
134 49 14
135 115 14
135 9 14
136 107 14
136 29 14
138 39 14
138 51 14
139 32 14
140 136 14
140 87 14
141 80 14
142 32 14
143 121 14
143 31 14
145 126 14
145 147 14
145 46 14
145 122 14
147 144 14
0 0 15
0 82 15
1 0 15
3 3 15
4 84 15
4 104 15
4 144 15
6 114 15
6 142 15
7 69 15
7 24 15
7 63 15
10 10 15
10 53 15
11 66 15
12 130 15
15 88 15
16 16 15
17 12 15
18 11 15
19 58 15
19 31 15
19 47 15
20 8 15
20 1 15
21 50 15
21 79 15
21 10 15
22 124 15
22 107 15
23 23 15
23 92 15
23 76 15
25 26 15
25 25 15
25 69 15
26 26 15
26 71 15
26 135 15
26 82 15
27 27 15
27 5 15
29 36 15
29 84 15
29 111 15
31 115 15
31 135 15
33 37 15
36 55 15
37 69 15
37 117 15
38 59 15
39 21 15
40 39 15
41 87 15
42 61 15
43 70 15
43 35 15
43 108 15
45 45 15
45 53 15
46 37 15
46 131 15
49 8 15
50 59 15
51 139 15
51 111 15
51 76 15
52 37 15
52 65 15
53 0 15
53 63 15
54 69 15
54 28 15
55 106 15
56 3 15
56 125 15
58 52 15
59 6 15
60 140 15
60 9 15
62 138 15
62 31 15
63 115 15
65 118 15
66 109 15
67 33 15
67 96 15
68 83 15
68 68 15
68 112 15
68 100 15
69 61 15
72 25 15
74 120 15
74 145 15
74 101 15
77 77 15
77 0 15
78 75 15
79 12 15
80 37 15
81 81 15
81 72 15
82 12 15
84 141 15
84 150 15
84 71 15
84 57 15
87 93 15
87 51 15
88 118 15
88 96 15
89 103 15
90 28 15
90 114 15
90 6 15
92 148 15
93 5 15
93 54 15
95 96 15
95 71 15
98 18 15
98 52 15
99 124 15
99 39 15
101 127 15
102 127 15
110 65 15
110 51 15
111 4 15
111 72 15
113 61 15
114 120 15
114 22 15
115 34 15
116 40 15
116 35 15
116 92 15
116 22 15
122 109 15
123 121 15
123 22 15
124 90 15
125 23 15
126 109 15
129 81 15
129 71 15
130 109 15
131 45 15
131 28 15
131 48 15
131 144 15
131 130 15
133 77 15
134 18 15
134 57 15
135 143 15
136 57 15
137 103 15
137 34 15
138 77 15
140 112 15
141 8 15
142 114 15
143 4 15
143 26 15
143 51 15
144 54 15
144 72 15
144 94 15
145 79 15
147 26 15
147 138 15
147 64 15
149 2 15
149 15 15
149 51 15
149 90 15
149 83 15
150 49 15
1 71 16
2 0 16
2 45 16
2 128 16
2 137 16
3 54 16
4 79 16
4 33 16
4 67 16
6 144 16
7 37 16
7 7 16
7 64 16
7 41 16
8 54 16
8 47 16
8 101 16
8 62 16
9 121 16
10 10 16
10 22 16
11 125 16
11 93 16
11 86 16
13 25 16
14 28 16
15 139 16
15 132 16
15 38 16
15 1 16
15 101 16
16 0 16
16 94 16
16 59 16
16 25 16
16 54 16
17 146 16
17 27 16
18 18 16
18 35 16
18 40 16
19 19 16
19 88 16
19 115 16
21 21 16
21 89 16
22 143 16
22 111 16
23 23 16
25 25 16
27 6 16
27 95 16
28 51 16
28 93 16
31 102 16
31 118 16
32 21 16
32 1 16
33 37 16
33 83 16
33 75 16
35 10 16
36 36 16
36 45 16
38 55 16
38 81 16
39 71 16
39 148 16
39 104 16
42 134 16
42 94 16
42 128 16
42 137 16
45 45 16
45 129 16
45 41 16
45 107 16
46 105 16
46 37 16
46 85 16
47 13 16
51 87 16
51 149 16
53 80 16
53 128 16
53 42 16
55 101 16
56 59 16
56 29 16
56 150 16
57 102 16
57 142 16
61 38 16
61 71 16
63 68 16
65 30 16
65 121 16
67 30 16
68 79 16
69 5 16
69 91 16
71 63 16
72 7 16
74 30 16
74 25 16
75 7 16
76 92 16
76 135 16
76 50 16
77 77 16
77 66 16
78 99 16
79 115 16
79 67 16
80 142 16
80 57 16
80 118 16
81 81 16
81 32 16
81 12 16
83 83 16
83 142 16
85 87 16
86 24 16
86 20 16
87 51 16
87 44 16
89 147 16
89 94 16
89 112 16
90 147 16
90 13 16
94 118 16
96 68 16
99 137 16
99 13 16
100 80 16
101 85 16
101 149 16
103 63 16
103 106 16
104 70 16
105 18 16
106 138 16
107 90 16
107 85 16
107 87 16
109 59 16
110 28 16
112 100 16
112 102 16
112 87 16
114 54 16
115 45 16
116 21 16
116 9 16
117 22 16
117 1 16
118 30 16
118 13 16
118 45 16
118 65 16
119 25 16
119 76 16
120 49 16
120 130 16
121 126 16
121 49 16
124 8 16
126 108 16
127 51 16
129 94 16
131 130 16
131 95 16
132 36 16
132 28 16
134 2 16
136 87 16
138 118 16
140 145 16
142 84 16
142 72 16
144 52 16
144 21 16
147 102 16
147 63 16
147 58 16
147 92 16
150 136 16
150 90 16
150 64 16
0 15 17
0 0 17
0 61 17
1 93 17
1 58 17
2 2 17
2 146 17
4 38 17
4 65 17
4 71 17
5 110 17
7 31 17
7 7 17
7 39 17
8 2 17
8 44 17
9 75 17
11 29 17
13 50 17
14 140 17
14 146 17
15 30 17
15 2 17
15 116 17
15 70 17
15 17 17
15 129 17
16 86 17
17 34 17
17 96 17
18 18 17
19 19 17
19 125 17
19 97 17
20 53 17
21 21 17
22 46 17
22 96 17
22 132 17
23 23 17
23 140 17
23 57 17
24 66 17
24 75 17
26 26 17
27 123 17
27 125 17
28 25 17
29 13 17
29 29 17
29 132 17
29 23 17
29 87 17
30 42 17
31 103 17
32 109 17
33 9 17
34 34 17
34 54 17
34 108 17
35 146 17
37 118 17
38 18 17
42 103 17
42 52 17
42 27 17
42 72 17
42 44 17
43 43 17
43 112 17
45 45 17
45 110 17
45 2 17
45 42 17
46 1 17
47 8 17
47 101 17
48 136 17
48 28 17
49 146 17
49 70 17
49 129 17
50 145 17
52 129 17
53 40 17
55 10 17
58 106 17
58 23 17
58 135 17
59 68 17
59 120 17
59 143 17
60 18 17
60 118 17
60 111 17
61 134 17
61 90 17
61 37 17
62 62 17
62 2 17
62 141 17
62 98 17
62 104 17
63 23 17
63 96 17
64 60 17
66 2 17
66 35 17
67 116 17
67 73 17
68 109 17
69 73 17
69 61 17
70 132 17
70 141 17
70 84 17
70 104 17
71 41 17
71 134 17
72 34 17
73 143 17
74 74 17
74 47 17
74 56 17
74 106 17
74 62 17
75 55 17
75 113 17
76 118 17
76 5 17
77 77 17
77 39 17
77 129 17
79 71 17
79 126 17
80 103 17
80 69 17
81 81 17
82 26 17
82 0 17
83 37 17
83 33 17
83 41 17
86 102 17
86 90 17
86 43 17
89 102 17
89 89 17
90 117 17
91 29 17
91 136 17
92 103 17
92 124 17
92 46 17
92 104 17
92 120 17
93 59 17
93 106 17
93 103 17
94 131 17
94 118 17
94 51 17
95 117 17
96 37 17
96 110 17
98 70 17
99 116 17
100 100 17
100 35 17
102 45 17
103 1 17
104 2 17
104 60 17
105 88 17
105 46 17
106 120 17
107 106 17
107 28 17
109 57 17
109 102 17
110 79 17
112 8 17
112 131 17
112 23 17
112 80 17
112 0 17
113 23 17
114 21 17
115 100 17
115 29 17
115 113 17
116 88 17
117 85 17
117 112 17
117 23 17
117 7 17
117 121 17
118 128 17
119 100 17
119 77 17
120 115 17
120 143 17
121 13 17
121 40 17
121 17 17
122 51 17
122 7 17
123 143 17
123 7 17
124 125 17
125 123 17
126 69 17
127 108 17
127 36 17
128 141 17
131 107 17
132 40 17
132 33 17
133 106 17
133 108 17
135 10 17
136 67 17
139 74 17
141 25 17
141 88 17
142 11 17
142 37 17
143 146 17
144 99 17
144 98 17
146 20 17
147 91 17
148 25 17
148 36 17
149 36 17
149 147 17
150 109 17
150 83 17
0 51 18
0 124 18
0 130 18
0 105 18
0 12 18
1 93 18
1 5 18
1 23 18
2 25 18
2 46 18
2 73 18
3 25 18
3 146 18
3 56 18
4 5 18
4 31 18
5 92 18
5 24 18
6 6 18
6 13 18
6 88 18
7 32 18
7 33 18
7 7 18
7 65 18
7 112 18
7 139 18
8 8 18
8 147 18
8 124 18
8 71 18
9 87 18
9 143 18
10 10 18
10 67 18
10 144 18
11 61 18
11 118 18
12 109 18
12 126 18
12 96 18
13 13 18
14 90 18
15 66 18
15 72 18
15 19 18
16 3 18
17 85 18
17 29 18
17 17 18
18 18 18
18 57 18
18 29 18
19 19 18
20 20 18
20 6 18
20 102 18
20 15 18
20 42 18
20 3 18
20 98 18
21 79 18
21 21 18
21 72 18
21 83 18
22 74 18
23 23 18
23 13 18
23 10 18
24 81 18
24 20 18
26 26 18
26 7 18
26 6 18
26 83 18
27 27 18
29 29 18
29 11 18
29 74 18
30 131 18
31 39 18
32 16 18
32 89 18
33 40 18
33 85 18
34 65 18
34 121 18
35 44 18
35 64 18
36 41 18
36 110 18
37 24 18
37 42 18
37 130 18
38 93 18
38 77 18
38 31 18
39 18 18
39 39 18
40 74 18
40 21 18
40 112 18
41 64 18
42 121 18
43 128 18
43 65 18
43 99 18
44 45 18
44 35 18
45 45 18
45 34 18
46 23 18
47 58 18
47 51 18
47 140 18
49 112 18
49 70 18
50 121 18
50 130 18
52 60 18
52 133 18
53 148 18
53 42 18
54 8 18
54 95 18
54 21 18
54 36 18
55 67 18
55 98 18
56 49 18
56 15 18
59 16 18
59 18 18
59 72 18
60 43 18
61 61 18
61 6 18
61 56 18
61 139 18
62 60 18
62 25 18
63 101 18
64 64 18
64 11 18
64 55 18
65 24 18
66 91 18
69 13 18
71 71 18
71 150 18
71 65 18
71 62 18
72 57 18
72 2 18
72 138 18
72 131 18
72 32 18
74 129 18
75 27 18
76 92 18
77 77 18
77 32 18
77 82 18
77 72 18
77 81 18
78 126 18
78 89 18
78 64 18
79 45 18
80 89 18
81 81 18
81 132 18
81 143 18
81 104 18
82 3 18
82 76 18
82 30 18
83 83 18
83 9 18
83 34 18
84 118 18
84 55 18
85 48 18
85 129 18
85 42 18
86 36 18
88 45 18
88 85 18
88 5 18
89 108 18
89 72 18
89 89 18
89 104 18
89 79 18
90 81 18
90 31 18
91 145 18
91 96 18
93 15 18
93 11 18
94 12 18
94 24 18
95 1 18
95 90 18
96 117 18
96 86 18
96 72 18
97 139 18
98 1 18
99 97 18
100 94 18
100 105 18
100 145 18
101 69 18
101 133 18
103 102 18
103 82 18
104 89 18
105 103 18
105 69 18
105 2 18
106 101 18
106 39 18
108 107 18
109 150 18
110 91 18
111 50 18
113 117 18
113 6 18
114 143 18
114 111 18
114 126 18
115 62 18
115 9 18
116 74 18
116 27 18
117 138 18
118 28 18
118 149 18
119 109 18
120 103 18
120 137 18
122 104 18
122 27 18
125 100 18
127 133 18
127 121 18
129 91 18
130 146 18
130 36 18
131 31 18
133 88 18
133 20 18
134 34 18
134 148 18
135 75 18
135 72 18
136 23 18
136 142 18
136 138 18
137 102 18
137 129 18
137 141 18
137 107 18
138 148 18
139 148 18
139 63 18
140 54 18
141 21 18
141 14 18
141 137 18
141 102 18
142 44 18
143 69 18
143 4 18
145 78 18
146 145 18
146 9 18
147 9 18
147 146 18
148 13 18
148 53 18
0 15 19
0 0 19
0 60 19
0 22 19
1 93 19
1 46 19
2 39 19
2 52 19
3 3 19
3 42 19
3 104 19
3 98 19
3 61 19
4 36 19
5 69 19
5 81 19
6 8 19
7 146 19
8 8 19
8 55 19
9 35 19
9 109 19
9 148 19
10 10 19
10 52 19
10 91 19
10 135 19
10 89 19
11 96 19
11 26 19
12 132 19
12 2 19
13 13 19
13 85 19
14 141 19
15 33 19
15 97 19
16 56 19
16 83 19
17 29 19
17 17 19
17 5 19
18 58 19
19 28 19
20 20 19
20 8 19
20 128 19
21 22 19
21 50 19
21 139 19
22 22 19
22 63 19
22 124 19
22 57 19
23 35 19
23 23 19
23 135 19
23 110 19
24 93 19
25 25 19
25 150 19
25 53 19
25 94 19
26 26 19
26 75 19
26 45 19
27 8 19
28 124 19
28 110 19
28 48 19
28 65 19
30 73 19
30 103 19
32 140 19
33 7 19
34 87 19
34 75 19
34 111 19
35 138 19
35 22 19
35 49 19
36 102 19
36 51 19
36 87 19
37 33 19
37 39 19
37 112 19
38 9 19
38 21 19
39 39 19
39 16 19
39 144 19
39 111 19
40 70 19
40 150 19
40 28 19
40 60 19
41 114 19
41 54 19
42 133 19
43 43 19
43 109 19
44 96 19
44 146 19
45 45 19
46 20 19
46 123 19
46 132 19
46 98 19
46 60 19
46 78 19
47 64 19
47 24 19
48 121 19
49 0 19
49 9 19
49 141 19
51 120 19
52 116 19
53 116 19
54 130 19
55 88 19
56 56 19
56 111 19
56 22 19
57 47 19
58 106 19
59 77 19
60 80 19
61 40 19
61 15 19
61 64 19
62 62 19
62 22 19
63 84 19
64 5 19
64 150 19
65 108 19
65 2 19
66 61 19
66 122 19
67 67 19
67 56 19
67 8 19
67 96 19
67 66 19
68 52 19
68 120 19
69 49 19
69 67 19
70 109 19
72 35 19
72 7 19
73 109 19
74 32 19
74 120 19
74 90 19
74 14 19
74 25 19
75 127 19
76 109 19
76 119 19
76 139 19
77 77 19
78 127 19
78 94 19
78 87 19
79 144 19
80 26 19
80 85 19
81 141 19
81 42 19
81 115 19
82 17 19
82 101 19
82 73 19
83 100 19
83 106 19
85 137 19
86 67 19
86 124 19
87 79 19
87 97 19
87 3 19
87 14 19
88 88 19
88 31 19
88 18 19
88 66 19
89 89 19
89 106 19
89 72 19
90 133 19
90 80 19
90 132 19
91 145 19
92 35 19
92 84 19
93 4 19
93 5 19
94 32 19
94 148 19
95 86 19
95 150 19
95 145 19
95 48 19
96 130 19
97 53 19
98 94 19
98 34 19
98 42 19
99 7 19
100 132 19
100 56 19
102 13 19
102 127 19
102 115 19
102 99 19
103 62 19
103 140 19
104 87 19
104 126 19
104 36 19
104 85 19
105 92 19
105 22 19
106 86 19
106 60 19
106 17 19
106 144 19
107 122 19
107 20 19
107 143 19
108 107 19
108 2 19
108 106 19
109 17 19
109 141 19
109 70 19
111 4 19
112 109 19
112 23 19
113 39 19
114 110 19
114 11 19
115 124 19
117 112 19
117 10 19
118 59 19
119 18 19
119 123 19
119 97 19
119 26 19
121 17 19
122 58 19
122 27 19
123 0 19
124 1 19
124 118 19
125 52 19
126 142 19
126 65 19
126 147 19
127 71 19
127 86 19
128 43 19
129 146 19
131 30 19
131 57 19
132 106 19
133 76 19
133 135 19
134 59 19
135 123 19
136 60 19
139 23 19
139 109 19
139 136 19
139 113 19
140 93 19
140 145 19
140 51 19
141 146 19
141 118 19
142 93 19
142 31 19
144 129 19
144 83 19
144 32 19
145 28 19
145 66 19
145 29 19
145 61 19
146 102 19
147 132 19
148 134 19
148 40 19
148 49 19
148 11 19
150 112 19
0 101 20
2 4 20
3 99 20
3 66 20
3 29 20
4 22 20
4 69 20
5 114 20
5 45 20
7 24 20
8 11 20
9 109 20
10 10 20
11 73 20
12 93 20
13 11 20
13 132 20
15 132 20
15 100 20
15 54 20
16 136 20
16 51 20
16 107 20
18 18 20
18 128 20
19 19 20
20 8 20
20 20 20
21 21 20
22 45 20
22 89 20
23 23 20
23 61 20
25 34 20
26 26 20
26 46 20
27 27 20
28 140 20
28 71 20
28 135 20
28 110 20
29 88 20
29 80 20
31 71 20
32 31 20
32 40 20
32 113 20
32 26 20
32 39 20
32 57 20
32 19 20
33 79 20
34 41 20
34 88 20
35 26 20
36 113 20
36 19 20
36 32 20
38 128 20
39 39 20
39 25 20
40 82 20
41 35 20
41 78 20
41 57 20
41 109 20
42 127 20
43 55 20
43 57 20
44 41 20
44 6 20
45 45 20
46 130 20
47 24 20
48 149 20
51 0 20
52 136 20
54 126 20
54 116 20
56 100 20
57 120 20
58 66 20
59 0 20
59 107 20
59 94 20
60 148 20
60 143 20
60 1 20
61 36 20
61 80 20
62 62 20
64 89 20
64 63 20
64 3 20
65 51 20
65 66 20
66 121 20
66 67 20
67 126 20
67 130 20
68 60 20
68 144 20
69 11 20
69 139 20
70 73 20
71 76 20
72 84 20
72 46 20
73 52 20
73 45 20
74 131 20
75 44 20
75 71 20
75 146 20
75 134 20
75 20 20
76 72 20
77 77 20
77 49 20
78 54 20
78 24 20
78 139 20
79 139 20
79 59 20
79 68 20
79 49 20
80 67 20
80 21 20
83 83 20
84 134 20
84 98 20
85 108 20
88 137 20
89 89 20
89 47 20
89 51 20
89 103 20
90 7 20
90 126 20
90 98 20
91 82 20
91 20 20
91 76 20
92 56 20
93 0 20
93 134 20
94 21 20
94 62 20
95 43 20
95 30 20
97 65 20
98 24 20
99 117 20
100 69 20
100 55 20
100 75 20
101 96 20
101 16 20
102 61 20
102 101 20
103 107 20
104 23 20
104 137 20
107 136 20
108 61 20
108 26 20
110 70 20
111 147 20
112 85 20
113 50 20
115 57 20
115 127 20
115 30 20
118 68 20
119 128 20
119 29 20
119 77 20
119 95 20
119 136 20
119 26 20
120 69 20
121 86 20
121 125 20
122 100 20
123 129 20
123 106 20
125 38 20
125 10 20
125 94 20
127 112 20
129 93 20
129 143 20
130 15 20
131 99 20
131 36 20
132 122 20
133 67 20
134 98 20
135 12 20
135 0 20
137 121 20
138 11 20
138 125 20
139 2 20
139 133 20
140 59 20
141 146 20
142 44 20
143 113 20
144 121 20
146 145 20
147 57 20
148 104 20
148 51 20
148 64 20
148 94 20
149 0 20
149 59 20
149 77 20
150 54 20
150 146 20
0 2 21
0 77 21
0 0 21
0 18 21
2 2 21
2 83 21
3 3 21
3 95 21
3 24 21
3 41 21
4 111 21
5 123 21
6 71 21
6 112 21
7 14 21
9 69 21
9 138 21
9 20 21
10 113 21
10 30 21
10 23 21
11 58 21
11 133 21
12 30 21
14 95 21
14 101 21
14 131 21
14 71 21
15 38 21
16 102 21
16 14 21
18 140 21
18 93 21
19 66 21
20 15 21
21 21 21
22 101 21
22 110 21
22 68 21
23 35 21
23 9 21
24 145 21
24 103 21
24 75 21
24 6 21
26 26 21
26 78 21
26 30 21
26 13 21
27 27 21
27 89 21
28 133 21
29 98 21
30 63 21
31 53 21
31 114 21
32 112 21
33 86 21
33 136 21
33 53 21
34 146 21
35 135 21
35 6 21
35 93 21
36 25 21
36 97 21
37 44 21
38 16 21
38 112 21
39 39 21
39 80 21
39 66 21
39 129 21
41 6 21
42 56 21
44 78 21
44 139 21
45 45 21
45 21 21
45 14 21
45 147 21
46 43 21
46 56 21
49 31 21
49 85 21
51 42 21
52 99 21
52 133 21
52 98 21
52 6 21
52 111 21
54 54 21
54 33 21
54 71 21
55 49 21
56 52 21
57 7 21
58 17 21
58 62 21
58 134 21
61 28 21
62 131 21
62 76 21
62 80 21
62 38 21
63 134 21
64 25 21
64 4 21
65 43 21
65 131 21
65 132 21
66 88 21
66 102 21
68 70 21
68 135 21
69 25 21
70 83 21
71 150 21
71 87 21
72 102 21
72 120 21
72 104 21
73 127 21
74 47 21
74 148 21
74 85 21
75 79 21
76 134 21
77 77 21
77 135 21
78 78 21
78 145 21
78 146 21
79 103 21
79 98 21
79 141 21
79 122 21
81 87 21
81 65 21
82 84 21
83 83 21
83 110 21
83 49 21
84 113 21
84 71 21
85 138 21
86 136 21
86 150 21
87 20 21
88 88 21
89 21 21
89 89 21
89 43 21
89 56 21
89 26 21
89 48 21
89 75 21
89 139 21
91 7 21
91 114 21
91 36 21
92 8 21
92 104 21
93 102 21
93 58 21
94 56 21
94 28 21
95 77 21
96 113 21
97 32 21
98 69 21
99 23 21
100 143 21
100 31 21
101 112 21
102 93 21
103 55 21
103 27 21
104 56 21
104 122 21
104 101 21
105 94 21
108 74 21
109 111 21
111 51 21
112 142 21
112 98 21
114 8 21
114 105 21
114 148 21
117 108 21
117 39 21
118 147 21
118 96 21
118 139 21
118 136 21
121 3 21
121 67 21
122 135 21
123 110 21
124 55 21
126 50 21
126 104 21
126 5 21
127 108 21
128 88 21
129 77 21
130 30 21
130 57 21
130 50 21
131 144 21
134 90 21
135 142 21
136 12 21
137 119 21
137 140 21
137 144 21
137 128 21
138 123 21
138 31 21
139 82 21
139 75 21
139 116 21
140 118 21
142 91 21
142 6 21
143 114 21
143 118 21
144 85 21
146 98 21
148 112 21
150 132 21
150 12 21
0 23 22
1 52 22
1 125 22
2 2 22
2 57 22
2 60 22
3 11 22
4 2 22
5 10 22
5 3 22
5 142 22
6 57 22
6 13 22
6 51 22
6 115 22
6 80 22
7 7 22
7 20 22
8 32 22
8 145 22
9 136 22
9 142 22
10 10 22
10 43 22
10 9 22
11 58 22
11 33 22
12 118 22
12 70 22
12 64 22
13 35 22
13 127 22
14 95 22
14 58 22
14 94 22
15 94 22
15 65 22
16 29 22
16 19 22
16 115 22
16 116 22
17 7 22
17 122 22
17 97 22
18 3 22
18 18 22
18 145 22
18 142 22
18 150 22
18 106 22
19 19 22
19 112 22
19 134 22
19 62 22
20 133 22
21 22 22
21 47 22
21 21 22
22 22 22
22 39 22
22 78 22
22 15 22
22 79 22
23 53 22
25 25 22
25 77 22
25 86 22
26 26 22
26 74 22
26 91 22
27 27 22
27 86 22
27 41 22
28 28 22
28 65 22
29 29 22
29 37 22
30 127 22
32 96 22
32 105 22
33 138 22
33 132 22
34 19 22
34 53 22
34 39 22
35 149 22
35 48 22
35 77 22
36 56 22
36 37 22
36 43 22
36 134 22
36 38 22
36 72 22
37 90 22
37 49 22
38 39 22
38 148 22
39 6 22
39 39 22
39 54 22
40 121 22
41 13 22
41 63 22
42 105 22
42 136 22
42 21 22
43 10 22
43 52 22
43 51 22
44 126 22
44 6 22
45 7 22
45 37 22
45 45 22
45 128 22
45 115 22
46 38 22
46 51 22
47 53 22
48 136 22
49 132 22
49 14 22
49 100 22
49 111 22
50 104 22
50 74 22
50 121 22
51 34 22
51 0 22
51 73 22
51 81 22
52 119 22
53 31 22
54 50 22
55 77 22
55 134 22
55 45 22
56 21 22
56 24 22
57 85 22
57 13 22
58 3 22
58 146 22
59 98 22
59 118 22
59 145 22
61 74 22
62 107 22
63 58 22
64 64 22
64 82 22
65 127 22
65 38 22
65 138 22
68 5 22
70 24 22
70 138 22
70 96 22
70 135 22
72 38 22
72 106 22
72 115 22
73 95 22
74 66 22
74 26 22
74 61 22
74 67 22
74 69 22
75 43 22
75 56 22
76 19 22
76 134 22
76 38 22
77 77 22
77 103 22
77 148 22
77 8 22
78 78 22
78 36 22
78 109 22
78 127 22
78 122 22
79 60 22
79 72 22
80 33 22
80 9 22
82 87 22
82 59 22
83 83 22
83 106 22
84 47 22
84 53 22
84 7 22
84 135 22
85 89 22
85 126 22
86 145 22
87 65 22
88 83 22
89 21 22
89 110 22
90 51 22
91 109 22
91 31 22
92 133 22
92 23 22
92 111 22
93 26 22
93 46 22
94 140 22
94 127 22
95 103 22
95 0 22
96 95 22
97 26 22
97 76 22
97 133 22
98 82 22
98 6 22
98 49 22
100 111 22
100 91 22
101 69 22
101 146 22
101 129 22
102 17 22
103 63 22
103 80 22
104 105 22
104 101 22
104 69 22
105 64 22
106 27 22
107 131 22
107 25 22
108 94 22
108 148 22
108 34 22
108 0 22
109 49 22
109 10 22
109 25 22
109 73 22
110 11 22
110 117 22
110 83 22
110 73 22
111 0 22
111 122 22
113 8 22
114 14 22
115 115 22
115 6 22
115 97 22
117 73 22
118 14 22
119 5 22
119 83 22
120 86 22
121 81 22
122 69 22
123 139 22
123 21 22
123 41 22
124 23 22
124 32 22
124 0 22
124 36 22
126 32 22
127 134 22
127 47 22
127 99 22
129 8 22
130 2 22
131 133 22
131 27 22
131 29 22
131 84 22
132 130 22
132 97 22
134 37 22
135 51 22
135 59 22
135 132 22
137 123 22
138 132 22
139 112 22
141 17 22
141 28 22
142 33 22
143 117 22
144 113 22
144 35 22
144 16 22
144 146 22
145 35 22
145 126 22
145 75 22
146 150 22
146 18 22
147 109 22
147 71 22
149 144 22
149 136 22
149 42 22
149 26 22
150 129 22
150 82 22
0 31 23
0 39 23
0 43 23
1 97 23
1 21 23
2 114 23
2 141 23
2 15 23
2 83 23
3 136 23
3 58 23
4 10 23
4 94 23
4 44 23
5 16 23
5 41 23
6 18 23
7 7 23
7 33 23
8 8 23
9 34 23
9 132 23
10 10 23
10 53 23
10 68 23
11 80 23
11 47 23
13 106 23
13 54 23
15 39 23
15 78 23
15 91 23
16 18 23
16 82 23
17 83 23
17 33 23
17 69 23
18 3 23
18 8 23
19 19 23
19 9 23
20 20 23
20 40 23
20 16 23
22 22 23
22 37 23
22 14 23
22 126 23
22 57 23
23 11 23
23 108 23
23 78 23
23 0 23
23 41 23
24 128 23
24 141 23
24 52 23
25 26 23
25 15 23
26 26 23
26 74 23
26 40 23
27 116 23
27 108 23
27 21 23
28 22 23
29 29 23
29 26 23
29 12 23
31 112 23
31 44 23
34 73 23
34 18 23
34 20 23
35 100 23
36 89 23
36 18 23
36 81 23
36 5 23
37 139 23
37 123 23
37 86 23
38 82 23
38 106 23
39 72 23
39 39 23
39 110 23
40 50 23
40 46 23
42 26 23
42 19 23
43 28 23
44 83 23
44 94 23
44 112 23
44 41 23
45 45 23
45 7 23
45 62 23
45 12 23
45 27 23
46 112 23
46 15 23
46 30 23
46 25 23
47 52 23
49 23 23
49 107 23
49 127 23
50 122 23
50 119 23
50 41 23
51 74 23
51 49 23
51 23 23
52 113 23
52 108 23
52 130 23
52 1 23
53 42 23
54 8 23
54 54 23
54 41 23
55 132 23
55 129 23
57 80 23
58 49 23
58 94 23
59 32 23
59 143 23
59 72 23
59 81 23
60 133 23
60 96 23
60 72 23
60 58 23
61 61 23
61 125 23
61 111 23
61 76 23
62 144 23
62 34 23
63 49 23
63 146 23
64 7 23
64 71 23
64 146 23
64 47 23
64 88 23
64 117 23
65 27 23
66 143 23
67 93 23
67 38 23
68 113 23
68 94 23
69 0 23
69 86 23
69 15 23
70 10 23
71 15 23
71 82 23
72 81 23
74 67 23
74 61 23
74 91 23
75 142 23
76 55 23
76 93 23
77 77 23
77 101 23
77 52 23
77 8 23
78 100 23
78 140 23
78 137 23
79 18 23
80 47 23
82 26 23
83 83 23
83 37 23
84 20 23
84 115 23
85 31 23
85 26 23
87 126 23
87 89 23
87 23 23
87 62 23
88 51 23
88 83 23
88 144 23
88 55 23
89 107 23
89 60 23
89 48 23
90 117 23
90 95 23
91 127 23
91 46 23
92 122 23
92 57 23
92 107 23
93 1 23
93 110 23
94 137 23
95 90 23
95 27 23
96 37 23
97 78 23
97 96 23
97 54 23
98 14 23
99 39 23
100 106 23
100 87 23
100 8 23
100 124 23
101 62 23
101 22 23
101 72 23
101 131 23
102 52 23
102 134 23
103 95 23
103 51 23
103 80 23
103 82 23
104 112 23
104 68 23
104 31 23
104 117 23
105 18 23
106 128 23
107 42 23
107 143 23
108 122 23
109 80 23
110 46 23
110 149 23
113 32 23
113 74 23
113 113 23
113 21 23
113 13 23
113 33 23
114 130 23
115 115 23
116 45 23
116 72 23
116 28 23
116 12 23
116 76 23
116 66 23
117 117 23
117 77 23
117 15 23
117 45 23
118 92 23
119 50 23
120 1 23
121 82 23
121 130 23
121 53 23
122 14 23
122 66 23
122 61 23
124 131 23
124 33 23
124 42 23
124 45 23
125 86 23
127 61 23
127 120 23
127 36 23
127 75 23
128 71 23
128 59 23
130 125 23
131 49 23
131 18 23
132 111 23
132 24 23
134 57 23
134 36 23
135 125 23
136 111 23
137 81 23
137 59 23
137 61 23
138 30 23
138 38 23
139 78 23
139 27 23
140 56 23
140 112 23
140 7 23
141 17 23
141 57 23
141 109 23
142 20 23
142 56 23
142 103 23
143 118 23
144 97 23
144 19 23
144 100 23
145 121 23
145 127 23
145 111 23
146 143 23
146 65 23
148 31 23
148 61 23
148 51 23
149 76 23
149 15 23
150 98 23
150 66 23
0 129 24
0 86 24
1 85 24
1 79 24
2 2 24
2 86 24
2 43 24
2 120 24
3 37 24
3 55 24
3 108 24
4 10 24
4 108 24
4 32 24
4 35 24
4 3 24
4 7 24
5 143 24
6 72 24
6 90 24
8 8 24
8 9 24
8 61 24
9 43 24
9 125 24
10 10 24
10 70 24
11 138 24
11 63 24
12 111 24
12 59 24
12 2 24
13 36 24
13 70 24
14 107 24
14 50 24
14 6 24
15 99 24
15 79 24
16 120 24
16 92 24
16 148 24
16 99 24
17 10 24
17 43 24
17 14 24
17 102 24
18 72 24
18 11 24
18 83 24
19 19 24
20 148 24
20 137 24
22 13 24
22 23 24
22 123 24
23 112 24
23 104 24
24 22 24
24 76 24
25 117 24
25 55 24
26 26 24
26 65 24
26 131 24
26 130 24
26 110 24
26 36 24
26 63 24
27 108 24
28 28 24
28 144 24
28 12 24
29 145 24
29 60 24
30 137 24
31 31 24
31 115 24
32 32 24
32 46 24
32 44 24
32 2 24
33 86 24
34 15 24
35 65 24
35 129 24
35 100 24
37 17 24
37 138 24
37 121 24
38 23 24
38 40 24
38 35 24
38 91 24
39 39 24
39 47 24
39 107 24
39 120 24
40 2 24
40 108 24
40 102 24
41 3 24
41 10 24
41 4 24
41 62 24
42 52 24
42 17 24
43 98 24
43 133 24
43 6 24
43 5 24
43 102 24
44 31 24
44 8 24
44 71 24
45 45 24
45 5 24
46 32 24
46 121 24
46 61 24
47 96 24
48 56 24
48 140 24
48 120 24
48 69 24
49 103 24
49 40 24
50 125 24
50 30 24
51 50 24
51 92 24
52 24 24
52 115 24
52 81 24
53 25 24
54 138 24
55 69 24
55 86 24
56 56 24
56 21 24
56 79 24
57 142 24
58 139 24
58 22 24
59 73 24
59 41 24
59 14 24
60 135 24
60 107 24
60 79 24
61 75 24
61 45 24
62 26 24
62 149 24
62 120 24
63 136 24
63 0 24
63 118 24
64 64 24
64 6 24
64 144 24
64 83 24
64 22 24
66 145 24
66 30 24
67 132 24
68 68 24
69 9 24
69 54 24
69 69 24
69 98 24
69 10 24
70 139 24
71 3 24
71 37 24
71 82 24
71 58 24
72 116 24
73 15 24
74 145 24
75 80 24
75 34 24
75 33 24
76 76 24
76 65 24
76 99 24
77 77 24
77 60 24
77 113 24
79 125 24
80 56 24
82 90 24
83 83 24
83 51 24
83 69 24
83 41 24
84 4 24
84 97 24
84 77 24
84 118 24
85 5 24
85 89 24
85 98 24
86 112 24
87 70 24
87 18 24
87 45 24
87 114 24
87 19 24
88 88 24
88 76 24
88 39 24
89 12 24
89 144 24
89 74 24
90 78 24
90 54 24
90 113 24
90 79 24
91 139 24
91 107 24
91 134 24
92 78 24
92 62 24
92 93 24
93 39 24
93 81 24
94 86 24
95 96 24
95 100 24
96 17 24
97 128 24
97 52 24
97 56 24
98 121 24
98 64 24
98 40 24
98 94 24
98 107 24
99 149 24
99 32 24
99 116 24
99 64 24
100 104 24
101 106 24
101 133 24
102 33 24
102 46 24
104 44 24
104 3 24
104 21 24
105 133 24
105 90 24
106 100 24
106 96 24
106 59 24
106 114 24
106 112 24
107 51 24
107 53 24
108 100 24
108 59 24
108 54 24
110 2 24
110 36 24
111 147 24
112 75 24
112 149 24
112 58 24
113 47 24
113 94 24
113 46 24
114 100 24
114 16 24
114 123 24
115 115 24
115 58 24
115 95 24
116 36 24
116 113 24
116 60 24
117 13 24
118 17 24
118 58 24
118 26 24
119 90 24
119 33 24
119 50 24
119 138 24
120 64 24
121 11 24
122 97 24
122 40 24
122 93 24
123 114 24
123 10 24
124 15 24
124 114 24
124 86 24
125 138 24
125 81 24
126 21 24
127 127 24
127 140 24
127 22 24
127 59 24
128 133 24
128 16 24
128 25 24
129 137 24
129 39 24
131 65 24
131 41 24
131 34 24
131 43 24
133 25 24
133 95 24
133 113 24
134 90 24
134 62 24
134 66 24
134 38 24
134 145 24
134 69 24
135 2 24
135 132 24
135 131 24
135 55 24
135 64 24
136 62 24
137 82 24
137 63 24
138 58 24
138 139 24
139 87 24
139 84 24
141 77 24
141 29 24
141 70 24
142 17 24
142 26 24
142 99 24
142 76 24
143 44 24
143 22 24
144 101 24
144 77 24
144 58 24
144 147 24
145 50 24
145 27 24
146 137 24
146 111 24
147 62 24
147 150 24
147 56 24
148 138 24
148 90 24
149 78 24
150 33 24
150 19 24
150 87 24
150 76 24
0 86 25
0 26 25
1 1 25
1 126 25
1 47 25
2 93 25
2 39 25
2 118 25
2 8 25
3 72 25
3 3 25
3 110 25
3 73 25
4 130 25
5 22 25
6 50 25
6 17 25
7 70 25
7 138 25
7 60 25
8 69 25
8 101 25
9 97 25
10 10 25
10 69 25
11 125 25
11 20 25
11 90 25
12 148 25
13 90 25
13 21 25
13 121 25
13 41 25
13 61 25
13 15 25
15 16 25
15 4 25
17 14 25
18 15 25
18 99 25
18 28 25
18 127 25
19 54 25
19 128 25
19 32 25
19 90 25
19 1 25
19 83 25
20 45 25
21 139 25
21 17 25
22 41 25
22 150 25
23 48 25
23 35 25
23 11 25
23 23 25
23 7 25
24 142 25
24 36 25
24 45 25
24 29 25
25 54 25
25 46 25
26 39 25
27 77 25
28 52 25
30 88 25
31 69 25
32 12 25
32 140 25
32 28 25
35 78 25
35 53 25
35 79 25
37 143 25
37 72 25
37 10 25
37 19 25
37 69 25
38 27 25
38 92 25
39 39 25
39 2 25
39 24 25
39 41 25
39 141 25
39 118 25
41 118 25
44 144 25
44 9 25
45 45 25
45 7 25
45 6 25
45 20 25
47 41 25
47 56 25
48 40 25
48 131 25
50 134 25
50 27 25
50 45 25
50 109 25
50 111 25
50 3 25
50 7 25
50 4 25
51 135 25
52 3 25
53 123 25
53 108 25
54 7 25
54 59 25
55 28 25
56 56 25
56 60 25
56 146 25
56 127 25
56 108 25
57 105 25
57 34 25
57 5 25
57 60 25
58 104 25
59 1 25
60 28 25
60 64 25
62 110 25
62 11 25
63 27 25
63 135 25
64 47 25
65 138 25
65 28 25
67 70 25
67 130 25
68 68 25
68 57 25
68 54 25
68 136 25
69 56 25
69 17 25
71 149 25
72 75 25
72 105 25
72 64 25
73 52 25
74 27 25
76 126 25
76 89 25
77 97 25
77 77 25
77 57 25
77 20 25
77 59 25
77 70 25
77 115 25
78 45 25
78 71 25
78 9 25
79 114 25
79 123 25
80 99 25
81 140 25
81 15 25
82 35 25
82 68 25
83 83 25
83 34 25
83 3 25
83 60 25
83 96 25
83 74 25
84 57 25
84 128 25
85 99 25
86 136 25
86 70 25
87 16 25
87 13 25
87 95 25
88 66 25
88 88 25
88 85 25
90 106 25
90 14 25
91 73 25
91 75 25
91 63 25
93 1 25
94 101 25
96 12 25
98 96 25
98 41 25
98 89 25
98 4 25
99 137 25
99 41 25
100 37 25
100 93 25
101 149 25
103 129 25
103 36 25
105 65 25
105 78 25
105 80 25
106 1 25
106 51 25
106 0 25
107 94 25
108 107 25
108 34 25
108 145 25
108 53 25
109 133 25
110 118 25
110 99 25
110 103 25
110 146 25
111 57 25
111 63 25
111 74 25
112 141 25
112 109 25
113 120 25
114 64 25
115 128 25
115 127 25
116 63 25
116 57 25
117 1 25
118 36 25
120 19 25
120 18 25
121 49 25
122 97 25
122 142 25
122 144 25
122 59 25
122 95 25
124 124 25
124 10 25
124 78 25
125 4 25
126 74 25
126 49 25
127 127 25
127 108 25
127 29 25
128 47 25
128 55 25
128 3 25
129 5 25
129 28 25
131 42 25
131 36 25
132 101 25
133 83 25
133 96 25
133 144 25
134 141 25
134 150 25
135 56 25
135 57 25
136 135 25
136 122 25
137 68 25
138 50 25
139 121 25
139 5 25
140 67 25
140 142 25
141 131 25
142 89 25
142 13 25
142 132 25
143 1 25
145 75 25
145 38 25
146 7 25
149 18 25
149 15 25
149 51 25
150 122 25
150 57 25
0 57 26
1 137 26
1 8 26
1 3 26
1 34 26
1 6 26
2 14 26
2 46 26
2 110 26
3 129 26
4 104 26
5 93 26
5 2 26
5 54 26
6 137 26
6 12 26
6 25 26
7 70 26
7 134 26
8 134 26
8 8 26
8 35 26
9 49 26
10 103 26
10 128 26
12 143 26
12 116 26
12 16 26
12 137 26
14 26 26
14 141 26
16 24 26
17 17 26
17 42 26
17 96 26
17 50 26
17 72 26
18 18 26
18 81 26
18 92 26
18 95 26
19 55 26
19 73 26
19 116 26
20 32 26
21 126 26
21 109 26
22 22 26
22 37 26
24 147 26
25 136 26
25 21 26
27 125 26
28 114 26
28 47 26
29 109 26
29 120 26
29 129 26
29 119 26
30 130 26
30 93 26
30 49 26
30 24 26
31 69 26
31 58 26
31 74 26
31 0 26
32 96 26
33 101 26
33 30 26
34 83 26
34 37 26
34 38 26
35 101 26
35 62 26
36 36 26
36 85 26
37 74 26
37 119 26
38 91 26
38 150 26
38 90 26
39 101 26
39 12 26
39 91 26
39 116 26
40 86 26
41 93 26
44 16 26
44 25 26
44 27 26
45 45 26
45 144 26
45 74 26
45 141 26
45 29 26
45 15 26
46 4 26
46 70 26
47 2 26
48 84 26
49 132 26
49 54 26
50 113 26
50 129 26
50 139 26
51 77 26
52 122 26
52 150 26
53 69 26
53 32 26
53 126 26
53 54 26
53 124 26
54 73 26
55 81 26
55 75 26
55 16 26
56 56 26
56 7 26
56 100 26
56 118 26
56 102 26
57 125 26
58 62 26
58 118 26
59 138 26
59 51 26
59 87 26
60 121 26
60 35 26
61 28 26
62 62 26
62 81 26
62 125 26
64 114 26
64 104 26
65 8 26
65 14 26
66 142 26
66 123 26
68 88 26
68 124 26
69 42 26
69 107 26
72 18 26
72 13 26
73 50 26
74 92 26
75 89 26
76 36 26
76 3 26
77 39 26
77 79 26
77 33 26
78 106 26
78 28 26
79 56 26
81 143 26
81 40 26
82 143 26
82 76 26
82 9 26
83 83 26
83 56 26
83 65 26
83 42 26
83 19 26
85 141 26
85 124 26
85 80 26
87 1 26
87 65 26
87 37 26
89 31 26
90 105 26
91 25 26
93 41 26
94 86 26
95 109 26
95 12 26
96 4 26
96 120 26
97 104 26
97 46 26
97 63 26
98 123 26
98 60 26
99 107 26
100 106 26
100 32 26
100 119 26
101 22 26
101 141 26
102 115 26
103 3 26
103 24 26
103 78 26
104 60 26
105 7 26
106 150 26
106 0 26
107 94 26
107 109 26
107 145 26
108 109 26
108 63 26
108 21 26
109 113 26
109 110 26
109 123 26
112 4 26
112 55 26
114 14 26
114 136 26
115 108 26
116 34 26
116 89 26
116 29 26
117 135 26
118 50 26
119 123 26
119 125 26
119 113 26
119 46 26
120 69 26
120 29 26
121 91 26
122 71 26
123 56 26
123 10 26
123 16 26
124 6 26
124 17 26
125 36 26
126 16 26
127 127 26
127 136 26
127 2 26
128 26 26
128 47 26
128 6 26
128 121 26
128 83 26
128 89 26
128 130 26
129 134 26
129 63 26
129 113 26
130 3 26
130 45 26
131 51 26
132 96 26
132 93 26
132 35 26
133 88 26
134 8 26
134 37 26
135 53 26
135 19 26
136 135 26
136 80 26
136 4 26
138 95 26
138 43 26
139 25 26
140 131 26
140 46 26
141 72 26
141 76 26
141 99 26
141 25 26
141 66 26
142 142 26
143 143 26
143 98 26
143 96 26
143 80 26
143 6 26
145 112 26
145 64 26
145 118 26
145 136 26
145 120 26
148 111 26
148 12 26
148 46 26
149 30 26
149 34 26
149 143 26
150 26 26
0 102 27
0 82 27
0 25 27
1 137 27
1 95 27
1 98 27
1 97 27
1 3 27
2 93 27
2 36 27
3 6 27
3 3 27
3 137 27
4 149 27
4 88 27
4 22 27
6 74 27
6 38 27
6 79 27
6 86 27
7 96 27
7 136 27
7 105 27
7 91 27
7 56 27
8 8 27
8 110 27
8 20 27
9 14 27
9 20 27
9 61 27
10 137 27
10 10 27
10 90 27
10 55 27
11 55 27
11 101 27
11 114 27
11 109 27
11 61 27
11 140 27
12 13 27
12 113 27
12 52 27
12 84 27
12 69 27
13 14 27
13 44 27
13 83 27
13 130 27
14 14 27
14 134 27
14 36 27
14 118 27
15 7 27
15 48 27
15 57 27
16 105 27
16 75 27
16 6 27
17 37 27
18 113 27
18 66 27
18 9 27
18 40 27
19 19 27
19 0 27
19 148 27
19 17 27
19 58 27
19 89 27
20 20 27
20 66 27
20 126 27
21 109 27
21 61 27
21 6 27
22 45 27
22 22 27
22 138 27
22 81 27
22 150 27
23 36 27
23 96 27
24 66 27
24 131 27
26 138 27
27 27 27
27 72 27
27 49 27
27 21 27
27 7 27
27 128 27
28 28 27
28 117 27
28 31 27
29 86 27
29 0 27
30 125 27
30 146 27
31 104 27
31 24 27
31 18 27
31 25 27
31 137 27
31 2 27
32 77 27
33 56 27
33 124 27
33 119 27
33 77 27
34 127 27
34 36 27
34 34 27
34 19 27
34 46 27
35 19 27
36 37 27
36 139 27
36 4 27
37 29 27
37 38 27
38 65 27
38 132 27
39 18 27
39 28 27
39 107 27
39 142 27
40 61 27
40 23 27
41 40 27
41 41 27
41 117 27
41 92 27
41 82 27
41 30 27
41 108 27
43 143 27
43 73 27
43 130 27
43 106 27
44 33 27
44 83 27
44 84 27
44 11 27
44 123 27
44 77 27
45 45 27
45 6 27
45 7 27
45 137 27
45 140 27
46 55 27
46 147 27
47 66 27
47 115 27
49 23 27
50 67 27
50 145 27
50 37 27
50 98 27
50 124 27
51 46 27
51 40 27
51 34 27
51 96 27
52 105 27
53 70 27
54 148 27
54 8 27
55 11 27
55 68 27
55 71 27
56 56 27
56 37 27
56 21 27
56 7 27
56 123 27
56 53 27
56 43 27
56 101 27
57 57 27
57 104 27
57 140 27
58 109 27
59 8 27
59 123 27
59 103 27
60 25 27
60 24 27
61 93 27
61 58 27
63 63 27
63 44 27
63 130 27
63 80 27
63 106 27
63 16 27
63 105 27
63 39 27
64 19 27
64 147 27
65 82 27
65 95 27
66 24 27
67 36 27
67 70 27
67 112 27
68 56 27
68 69 27
68 59 27
68 2 27
68 141 27
69 76 27
69 8 27
69 82 27
70 132 27
70 108 27
70 126 27
70 96 27
71 4 27
72 2 27
72 109 27
72 131 27
73 111 27
74 113 27
74 61 27
74 67 27
74 74 27
74 46 27
74 100 27
75 12 27
75 127 27
75 42 27
75 51 27
75 0 27
76 14 27
77 56 27
77 37 27
78 49 27
78 123 27
78 29 27
78 51 27
79 148 27
79 88 27
79 21 27
80 90 27
81 81 27
81 61 27
81 30 27
81 56 27
81 14 27
82 49 27
82 16 27
82 114 27
82 66 27
83 83 27
83 34 27
83 133 27
83 25 27
83 54 27
84 148 27
84 83 27
84 64 27
84 114 27
84 48 27
86 26 27
86 137 27
86 129 27
86 92 27
87 44 27
87 137 27
87 113 27
89 136 27
89 57 27
89 32 27
89 82 27
90 52 27
91 79 27
91 37 27
92 6 27
93 47 27
93 22 27
93 15 27
93 99 27
94 107 27
94 29 27
94 59 27
95 86 27
95 97 27
95 138 27
95 62 27
96 47 27
97 97 27
98 148 27
98 123 27
98 103 27
99 46 27
99 26 27
99 150 27
100 106 27
100 18 27
100 111 27
101 46 27
101 139 27
101 31 27
101 79 27
102 109 27
102 10 27
102 103 27
102 79 27
103 12 27
103 126 27
103 9 27
104 33 27
104 149 27
105 137 27
105 118 27
105 52 27
105 38 27
105 46 27
105 22 27
106 133 27
107 139 27
108 106 27
108 143 27
108 128 27
108 98 27
108 73 27
109 24 27
109 115 27
109 3 27
109 67 27
110 92 27
110 78 27
110 44 27
111 100 27
111 77 27
111 35 27
111 89 27
111 46 27
112 32 27
112 25 27
112 10 27
113 95 27
113 66 27
114 62 27
114 59 27
114 77 27
115 75 27
115 64 27
116 132 27
116 126 27
117 8 27
117 86 27
117 49 27
117 38 27
118 84 27
118 46 27
118 148 27
118 82 27
118 34 27
119 141 27
119 150 27
119 120 27
119 129 27
120 74 27
120 138 27
120 117 27
121 7 27
121 15 27
121 105 27
121 21 27
124 43 27
124 6 27
124 117 27
124 85 27
124 33 27
124 46 27
124 102 27
125 30 27
126 148 27
126 12 27
126 54 27
127 127 27
127 9 27
128 131 27
128 141 27
128 61 27
129 123 27
129 108 27
130 131 27
130 32 27
130 0 27
132 145 27
132 10 27
132 14 27
132 135 27
132 17 27
133 13 27
133 52 27
134 25 27
134 34 27
135 25 27
135 103 27
135 50 27
135 144 27
135 17 27
136 133 27
136 150 27
137 137 27
137 77 27
137 89 27
137 101 27
137 50 27
137 36 27
138 60 27
138 84 27
138 64 27
138 72 27
138 28 27
139 87 27
139 49 27
140 140 27
140 82 27
141 119 27
141 96 27
141 63 27
142 142 27
142 134 27
142 128 27
142 81 27
142 117 27
143 143 27
143 44 27
143 66 27
143 79 27
144 144 27
144 92 27
144 86 27
144 62 27
144 122 27
144 93 27
145 105 27
145 81 27
145 132 27
146 72 27
146 128 27
146 1 27
146 85 27
146 74 27
148 97 27
148 32 27
149 150 27
149 69 27
150 22 27
150 115 27
150 64 27
0 134 28
0 98 28
0 105 28
0 33 28
1 72 28
1 13 28
2 1 28
2 27 28
2 133 28
2 57 28
2 52 28
2 6 28
2 19 28
2 4 28
4 128 28
4 126 28
4 21 28
5 2 28
5 12 28
5 128 28
5 106 28
6 6 28
6 128 28
6 43 28
6 145 28
6 110 28
6 58 28
7 64 28
7 59 28
8 8 28
8 65 28
8 129 28
8 125 28
8 144 28
9 138 28
9 137 28
10 10 28
10 141 28
10 22 28
10 30 28
10 85 28
10 52 28
10 9 28
11 135 28
11 50 28
11 17 28
11 58 28
11 43 28
12 5 28
12 16 28
13 143 28
13 74 28
13 66 28
13 116 28
14 55 28
14 142 28
15 123 28
15 132 28
15 1 28
15 14 28
15 106 28
16 88 28
16 46 28
16 44 28
16 116 28
17 34 28
17 141 28
17 126 28
17 88 28
18 41 28
18 39 28
18 5 28
19 96 28
21 12 28
21 16 28
21 81 28
22 22 28
22 78 28
22 39 28
22 123 28
22 1 28
22 85 28
23 149 28
23 5 28
23 134 28
25 118 28
25 14 28
26 76 28
26 75 28
26 68 28
27 83 28
27 38 28
27 32 28
28 85 28
28 65 28
28 119 28
28 108 28
29 29 28
29 146 28
29 113 28
29 85 28
29 66 28
29 34 28
29 78 28
30 125 28
30 106 28
30 127 28
30 71 28
31 121 28
31 30 28
32 74 28
32 96 28
32 46 28
33 44 28
33 47 28
33 121 28
34 83 28
34 37 28
35 49 28
36 68 28
36 31 28
37 94 28
37 1 28
37 126 28
38 82 28
39 37 28
39 4 28
39 3 28
40 94 28
41 40 28
41 91 28
42 85 28
42 118 28
42 136 28
42 46 28
43 77 28
43 144 28
44 37 28
44 47 28
44 1 28
44 65 28
44 124 28
44 119 28
45 22 28
45 72 28
45 84 28
45 45 28
45 79 28
45 78 28
46 26 28
46 93 28
46 50 28
47 127 28
47 62 28
47 144 28
48 98 28
48 150 28
49 101 28
49 119 28
49 104 28
49 85 28
50 58 28
50 66 28
50 112 28
50 107 28
50 93 28
50 87 28
50 11 28
52 92 28
52 82 28
52 41 28
52 72 28
53 141 28
54 140 28
55 53 28
55 2 28
55 1 28
56 56 28
56 37 28
56 17 28
56 127 28
56 62 28
57 97 28
57 36 28
58 1 28
59 55 28
59 95 28
59 24 28
60 49 28
61 92 28
62 8 28
62 42 28
63 73 28
63 26 28
63 86 28
64 66 28
64 15 28
64 104 28
64 41 28
65 110 28
65 64 28
65 40 28
65 76 28
65 47 28
65 41 28
66 33 28
66 5 28
66 117 28
67 49 28
67 133 28
67 80 28
67 18 28
67 102 28
68 68 28
68 29 28
68 47 28
69 52 28
69 9 28
69 25 28
70 49 28
70 61 28
71 146 28
71 41 28
71 143 28
71 2 28
71 127 28
72 39 28
72 92 28
72 2 28
72 6 28
72 26 28
72 30 28
73 110 28
73 101 28
73 36 28
73 127 28
73 42 28
73 115 28
74 67 28
74 130 28
74 128 28
74 92 28
74 25 28
74 6 28
74 48 28
74 149 28
74 23 28
74 27 28
75 72 28
75 48 28
75 57 28
75 56 28
76 88 28
76 87 28
76 2 28
76 43 28
76 46 28
76 5 28
77 108 28
77 49 28
77 137 28
78 45 28
78 106 28
79 69 28
79 54 28
80 103 28
80 78 28
80 44 28
81 25 28
81 81 28
81 16 28
81 9 28
82 19 28
82 79 28
82 110 28
82 66 28
83 83 28
83 68 28
83 42 28
83 117 28
83 84 28
85 57 28
85 65 28
85 77 28
86 31 28
86 142 28
86 132 28
86 143 28
87 102 28
87 60 28
87 26 28
87 7 28
88 31 28
88 88 28
88 19 28
88 2 28
89 52 28
90 51 28
90 76 28
90 62 28
91 91 28
91 33 28
92 21 28
92 122 28
92 14 28
92 126 28
93 88 28
93 44 28
94 62 28
94 135 28
95 96 28
95 86 28
95 48 28
95 75 28
96 96 28
96 99 28
96 89 28
96 42 28
96 97 28
96 147 28
97 97 28
97 2 28
98 3 28
99 90 28
99 2 28
100 128 28
100 19 28
101 9 28
101 94 28
103 97 28
103 60 28
103 37 28
103 13 28
104 72 28
104 103 28
105 67 28
105 61 28
105 65 28
105 102 28
105 111 28
106 139 28
106 49 28
106 12 28
106 20 28
106 32 28
107 112 28
107 71 28
107 56 28
107 140 28
108 8 28
108 42 28
108 27 28
108 69 28
109 35 28
109 6 28
109 52 28
110 69 28
110 46 28
111 34 28
111 123 28
111 15 28
111 149 28
111 125 28
112 139 28
112 68 28
112 128 28
113 137 28
113 42 28
113 23 28
113 58 28
114 54 28
114 67 28
115 33 28
115 55 28
115 81 28
115 85 28
116 116 28
116 72 28
116 29 28
117 110 28
117 74 28
118 148 28
118 110 28
118 81 28
119 67 28
119 110 28
120 112 28
120 64 28
120 53 28
120 11 28
120 71 28
121 1 28
122 122 28
122 19 28
122 84 28
122 148 28
123 15 28
124 79 28
125 6 28
125 43 28
125 149 28
126 0 28
126 148 28
126 116 28
126 129 28
126 115 28
126 68 28
126 11 28
126 131 28
127 127 28
127 40 28
127 96 28
127 50 28
128 43 28
128 20 28
129 146 28
129 90 28
130 7 28
131 147 28
133 137 28
133 103 28
133 24 28
133 23 28
133 144 28
134 70 28
134 138 28
134 38 28
134 65 28
134 10 28
134 124 28
136 76 28
136 84 28
137 8 28
137 137 28
137 15 28
138 146 28
138 15 28
138 33 28
139 130 28
140 43 28
140 10 28
140 137 28
140 129 28
140 57 28
140 142 28
141 22 28
141 78 28
141 60 28
142 134 28
142 90 28
142 116 28
142 86 28
142 31 28
143 8 28
143 62 28
143 143 28
143 1 28
143 139 28
143 17 28
144 7 28
144 101 28
145 56 28
145 11 28
146 63 28
146 58 28
146 99 28
146 29 28
147 86 28
147 30 28
148 101 28
149 119 28
149 99 28
149 126 28
150 59 28
150 21 28
0 39 29
0 59 29
0 36 29
0 109 29
0 136 29
1 5 29
1 1 29
1 144 29
1 110 29
2 72 29
2 19 29
2 120 29
3 6 29
3 3 29
3 28 29
3 5 29
3 8 29
4 99 29
4 93 29
5 0 29
5 39 29
5 31 29
5 49 29
5 34 29
6 146 29
6 45 29
6 47 29
6 64 29
6 143 29
6 11 29
7 133 29
7 73 29
8 8 29
8 140 29
8 134 29
8 62 29
8 4 29
8 98 29
8 40 29
8 96 29
8 71 29
8 126 29
9 146 29
9 24 29
9 94 29
9 78 29
10 77 29
10 10 29
10 137 29
10 122 29
10 90 29
10 15 29
11 129 29
11 98 29
11 50 29
11 22 29
11 26 29
11 96 29
12 62 29
12 13 29
12 143 29
12 65 29
12 45 29
13 73 29
13 49 29
13 24 29
13 122 29
13 23 29
14 36 29
14 30 29
14 86 29
15 39 29
15 122 29
15 103 29
15 82 29
16 73 29
16 101 29
16 104 29
16 47 29
16 15 29
16 149 29
16 89 29
17 17 29
17 42 29
17 36 29
17 136 29
17 18 29
17 147 29
17 96 29
17 109 29
18 71 29
18 18 29
18 6 29
18 105 29
18 20 29
18 141 29
18 1 29
18 19 29
18 148 29
19 65 29
19 79 29
19 44 29
19 25 29
19 71 29
19 56 29
19 42 29
19 10 29
20 127 29
20 140 29
20 8 29
20 112 29
20 49 29
20 133 29
20 95 29
20 27 29
20 69 29
20 118 29
20 66 29
20 20 29
20 104 29
20 10 29
20 32 29
20 41 29
20 17 29
20 44 29
20 2 29
21 147 29
21 114 29
21 141 29
22 22 29
22 45 29
22 87 29
22 26 29
23 141 29
23 15 29
23 140 29
23 112 29
23 13 29
24 100 29
24 81 29
24 80 29
25 121 29
26 74 29
26 25 29
26 146 29
26 135 29
27 27 29
27 90 29
27 73 29
27 102 29
27 26 29
27 6 29
27 100 29
27 29 29
28 118 29
28 29 29
28 103 29
28 55 29
28 64 29
28 82 29
28 115 29
28 123 29
28 77 29
29 85 29
29 29 29
29 13 29
29 37 29
29 104 29
29 5 29
30 48 29
30 30 29
30 111 29
30 83 29
30 85 29
30 47 29
31 31 29
31 19 29
31 80 29
31 130 29
31 2 29
31 132 29
32 40 29
32 25 29
32 125 29
32 6 29
32 104 29
32 72 29
32 92 29
32 61 29
32 26 29
32 147 29
32 103 29
32 57 29
32 98 29
33 116 29
33 42 29
33 56 29
33 144 29
33 112 29
33 64 29
33 68 29
33 137 29
33 57 29
34 116 29
34 68 29
34 85 29
34 3 29
34 15 29
34 18 29
34 65 29
34 32 29
35 137 29
36 57 29
36 111 29
36 124 29
36 99 29
37 35 29
37 146 29
38 28 29
39 0 29
39 39 29
39 90 29
39 145 29
39 9 29
40 8 29
40 123 29
40 42 29
41 139 29
41 107 29
41 111 29
41 69 29
41 17 29
41 11 29
41 86 29
41 72 29
42 29 29
42 56 29
42 101 29
42 64 29
42 73 29
42 27 29
42 54 29
42 22 29
42 49 29
43 43 29
43 79 29
43 148 29
44 146 29
44 34 29
45 45 29
45 8 29
45 21 29
45 48 29
45 68 29
45 17 29
46 90 29
46 51 29
46 114 29
47 53 29
47 66 29
47 75 29
47 24 29
47 142 29
47 114 29
48 35 29
48 128 29
48 127 29
48 43 29
48 18 29
48 107 29
48 91 29
49 27 29
49 124 29
49 133 29
49 104 29
50 47 29
50 118 29
50 88 29
50 63 29
50 143 29
50 132 29
51 114 29
51 137 29
52 27 29
52 58 29
53 43 29
53 130 29
54 19 29
54 54 29
54 64 29
54 119 29
55 55 29
55 11 29
55 52 29
55 56 29
55 65 29
55 144 29
55 125 29
56 56 29
56 34 29
56 90 29
56 33 29
57 20 29
57 37 29
57 57 29
57 102 29
57 129 29
57 35 29
57 66 29
57 145 29
58 108 29
58 80 29
59 138 29
59 109 29
59 42 29
59 23 29
59 144 29
59 112 29
60 120 29
60 91 29
61 99 29
61 108 29
61 120 29
61 64 29
61 58 29
62 62 29
62 127 29
62 131 29
63 121 29
63 107 29
63 51 29
63 60 29
63 55 29
63 13 29
63 118 29
64 65 29
64 31 29
64 140 29
65 129 29
65 143 29
65 31 29
65 40 29
65 75 29
65 148 29
66 75 29
66 92 29
66 46 29
66 8 29
66 137 29
67 67 29
67 49 29
67 30 29
67 42 29
67 19 29
67 101 29
67 78 29
67 55 29
68 147 29
68 7 29
68 67 29
68 24 29
68 5 29
68 23 29
69 119 29
69 114 29
70 104 29
70 140 29
70 126 29
70 9 29
71 39 29
71 67 29
71 71 29
71 129 29
71 68 29
72 19 29
72 74 29
72 72 29
72 2 29
72 85 29
72 79 29
72 148 29
73 63 29
73 27 29
73 136 29
73 89 29
73 8 29
74 40 29
74 6 29
74 92 29
74 81 29
74 60 29
74 14 29
74 58 29
74 30 29
74 103 29
75 79 29
75 31 29
75 40 29
76 20 29
76 74 29
77 27 29
77 130 29
77 101 29
77 86 29
77 95 29
78 84 29
78 116 29
79 97 29
80 71 29
80 135 29
80 0 29
80 20 29
81 74 29
81 81 29
81 59 29
81 54 29
81 55 29
82 88 29
82 73 29
82 77 29
82 142 29
82 81 29
83 83 29
83 39 29
83 52 29
83 73 29
83 41 29
84 41 29
84 25 29
84 137 29
84 90 29
84 51 29
84 60 29
85 33 29
85 57 29
85 37 29
85 17 29
85 4 29
85 88 29
85 104 29
86 95 29
86 18 29
87 74 29
87 92 29
87 110 29
87 136 29
87 99 29
88 88 29
88 66 29
88 94 29
88 148 29
88 111 29
88 74 29
88 36 29
88 119 29
88 2 29
88 20 29
89 146 29
89 47 29
89 60 29
89 134 29
90 28 29
90 115 29
91 91 29
91 102 29
91 69 29
92 67 29
92 132 29
92 5 29
93 5 29
93 1 29
93 0 29
93 137 29
93 52 29
93 140 29
93 36 29
94 84 29
94 99 29
94 56 29
94 32 29
94 4 29
94 93 29
94 49 29
94 35 29
95 136 29
95 88 29
95 72 29
95 39 29
95 149 29
96 96 29
96 135 29
96 95 29
96 81 29
96 89 29
96 33 29
96 9 29
96 121 29
96 120 29
96 110 29
96 21 29
97 97 29
97 109 29
97 123 29
97 12 29
97 15 29
97 148 29
97 17 29
97 106 29
97 92 29
97 91 29
97 45 29
98 37 29
98 149 29
98 101 29
98 145 29
99 66 29
99 56 29
99 0 29
99 139 29
99 129 29
99 88 29
99 128 29
100 119 29
100 76 29
100 85 29
100 121 29
100 129 29
101 101 29
101 145 29
101 138 29
101 115 29
101 15 29
102 25 29
102 131 29
102 103 29
102 97 29
102 45 29
102 12 29
103 69 29
103 54 29
103 47 29
103 121 29
104 124 29
104 68 29
106 50 29
106 26 29
106 15 29
106 95 29
106 113 29
107 94 29
107 108 29
107 117 29
107 24 29
107 41 29
107 78 29
107 150 29
108 107 29
108 106 29
108 45 29
108 141 29
108 131 29
108 125 29
109 97 29
109 64 29
109 12 29
109 142 29
109 127 29
110 107 29
110 77 29
110 25 29
111 111 29
111 50 29
111 137 29
111 112 29
111 27 29
112 121 29
112 31 29
112 23 29
112 110 29
112 87 29
112 82 29
113 6 29
114 19 29
114 114 29
114 62 29
114 26 29
114 6 29
114 15 29
115 27 29
115 8 29
115 74 29
116 116 29
116 83 29
116 75 29
116 68 29
117 24 29
117 5 29
117 106 29
117 50 29
117 89 29
117 65 29
118 124 29
118 25 29
118 53 29
118 109 29
118 136 29
119 64 29
119 123 29
119 85 29
119 112 29
119 93 29
120 113 29
121 74 29
121 121 29
121 19 29
121 137 29
121 145 29
121 31 29
122 112 29
122 92 29
122 73 29
122 59 29
122 86 29
122 48 29
122 138 29
123 107 29
124 7 29
124 98 29
124 55 29
125 30 29
125 80 29
125 64 29
125 22 29
125 128 29
125 136 29
125 42 29
126 25 29
126 79 29
126 23 29
126 32 29
126 13 29
126 133 29
126 82 29
126 59 29
126 63 29
126 30 29
126 16 29
127 127 29
127 99 29
127 33 29
127 60 29
128 47 29
128 14 29
128 18 29
128 121 29
128 12 29
128 127 29
129 129 29
129 43 29
129 22 29
129 81 29
129 142 29
130 35 29
130 138 29
130 81 29
130 48 29
130 88 29
131 37 29
132 146 29
132 43 29
132 14 29
132 124 29
132 35 29
133 105 29
133 90 29
133 60 29
133 144 29
134 27 29
134 138 29
134 89 29
134 56 29
134 25 29
135 21 29
135 30 29
135 6 29
135 15 29
135 109 29
135 108 29
135 32 29
135 138 29
136 36 29
136 4 29
137 140 29
137 0 29
137 137 29
137 36 29
137 63 29
137 72 29
137 7 29
137 109 29
137 136 29
138 103 29
138 70 29
138 121 29
138 111 29
139 139 29
139 127 29
139 89 29
139 84 29
140 8 29
140 99 29
140 66 29
140 55 29
140 36 29
140 49 29
140 62 29
141 141 29
141 109 29
141 81 29
141 118 29
141 19 29
141 94 29
141 143 29
142 142 29
142 88 29
142 10 29
142 112 29
142 98 29
142 33 29
142 106 29
142 146 29
143 22 29
143 43 29
143 20 29
143 63 29
143 143 29
143 9 29
143 25 29
143 103 29
143 109 29
143 81 29
143 90 29
144 45 29
144 144 29
144 127 29
144 134 29
144 25 29
144 79 29
144 139 29
145 145 29
145 92 29
145 119 29
145 35 29
145 6 29
146 71 29
146 67 29
146 123 29
146 127 29
146 1 29
146 47 29
146 60 29
146 145 29
146 9 29
146 143 29
146 92 29
147 147 29
147 36 29
147 139 29
147 4 29
147 77 29
147 48 29
149 86 29
149 63 29
149 34 29
149 43 29
149 123 29
149 103 29
149 19 29
149 0 29
149 139 29
149 148 29
149 102 29
150 23 29
150 45 29
150 21 29
0 19 30
0 2 30
0 144 30
0 46 30
0 41 30
0 66 30
0 34 30
1 1 30
1 137 30
1 34 30
1 29 30
1 78 30
1 100 30
2 129 30
2 66 30
2 42 30
2 28 30
2 87 30
2 73 30
3 18 30
3 146 30
3 3 30
3 105 30
3 114 30
4 120 30
4 129 30
5 39 30
5 49 30
5 81 30
5 148 30
6 39 30
6 129 30
6 123 30
6 136 30
6 122 30
7 67 30
7 94 30
7 48 30
7 122 30
7 88 30
7 69 30
7 55 30
7 13 30
8 8 30
8 148 30
8 134 30
8 122 30
8 39 30
8 101 30
8 96 30
8 77 30
8 150 30
9 49 30
9 43 30
10 1 30
10 10 30
10 40 30
10 114 30
10 6 30
10 95 30
10 94 30
10 88 30
10 106 30
11 14 30
12 70 30
13 29 30
13 73 30
13 68 30
13 127 30
13 95 30
13 104 30
13 37 30
13 98 30
14 147 30
14 70 30
15 132 30
15 144 30
15 73 30
16 51 30
16 59 30
16 2 30
16 85 30
17 145 30
17 34 30
17 44 30
17 71 30
17 93 30
17 2 30
18 146 30
18 18 30
18 67 30
18 85 30
18 62 30
18 20 30
18 23 30
18 112 30
18 64 30
18 54 30
19 4 30
19 17 30
19 70 30
20 20 30
20 93 30
21 72 30
21 139 30
21 83 30
22 45 30
22 22 30
22 134 30
22 23 30
22 40 30
22 138 30
23 11 30
23 55 30
23 23 30
23 122 30
23 101 30
23 3 30
24 29 30
24 51 30
24 37 30
25 125 30
25 122 30
25 89 30
25 83 30
25 46 30
25 109 30
26 61 30
26 97 30
27 110 30
27 77 30
27 122 30
27 89 30
27 148 30
28 28 30
28 129 30
28 9 30
28 29 30
28 14 30
28 139 30
28 36 30
28 148 30
29 29 30
29 33 30
29 146 30
29 140 30
30 30 30
30 71 30
30 72 30
30 146 30
30 58 30
30 2 30
30 114 30
30 70 30
30 33 30
30 5 30
31 112 30
31 84 30
31 61 30
31 88 30
31 8 30
31 109 30
32 111 30
33 115 30
33 1 30
33 131 30
33 71 30
35 97 30
35 129 30
35 119 30
36 68 30
36 42 30
36 125 30
36 11 30
37 44 30
37 149 30
37 101 30
37 40 30
38 70 30
38 97 30
38 128 30
39 18 30
39 39 30
39 1 30
39 84 30
39 37 30
39 110 30
39 36 30
39 136 30
40 30 30
40 81 30
40 85 30
40 33 30
41 144 30
41 106 30
41 16 30
41 61 30
42 60 30
43 127 30
43 137 30
43 30 30
43 142 30
43 99 30
44 29 30
44 44 30
44 5 30
44 106 30
44 133 30
45 143 30
45 144 30
45 45 30
45 17 30
45 3 30
45 57 30
45 34 30
45 47 30
45 88 30
46 74 30
46 107 30
46 133 30
46 94 30
46 135 30
47 128 30
47 144 30
47 21 30
48 147 30
48 7 30
48 27 30
49 63 30
50 100 30
50 80 30
50 119 30
51 54 30
52 73 30
52 128 30
52 29 30
53 114 30
53 61 30
53 47 30
53 5 30
53 18 30
53 22 30
53 40 30
54 54 30
54 44 30
54 98 30
54 9 30
54 78 30
54 80 30
54 28 30
54 107 30
55 46 30
55 82 30
55 65 30
55 75 30
55 148 30
55 8 30
55 17 30
55 94 30
56 56 30
56 34 30
56 83 30
56 123 30
56 45 30
56 54 30
57 17 30
57 85 30
57 44 30
57 145 30
57 37 30
57 57 30
57 106 30
58 90 30
58 19 30
58 69 30
58 26 30
58 35 30
59 100 30
59 118 30
59 104 30
59 90 30
59 66 30
59 139 30
59 107 30
59 134 30
60 149 30
60 120 30
60 145 30
61 81 30
61 74 30
61 70 30
61 24 30
61 93 30
61 79 30
61 88 30
62 62 30
62 8 30
62 143 30
62 43 30
62 150 30
62 112 30
62 129 30
63 98 30
63 145 30
63 111 30
63 142 30
63 137 30
63 58 30
64 66 30
64 62 30
64 33 30
64 39 30
65 64 30
65 46 30
65 149 30
66 69 30
66 56 30
66 37 30
66 81 30
67 68 30
67 133 30
67 13 30
68 29 30
68 6 30
68 10 30
69 11 30
69 52 30
69 150 30
70 44 30
70 122 30
71 41 30
71 38 30
71 135 30
72 72 30
72 30 30
73 82 30
73 41 30
73 12 30
73 132 30
73 62 30
73 48 30
73 75 30
74 6 30
74 130 30
74 140 30
74 106 30
74 96 30
74 35 30
75 135 30
75 45 30
76 51 30
76 37 30
76 144 30
77 77 30
77 90 30
77 46 30
77 111 30
77 83 30
78 109 30
78 65 30
78 8 30
79 149 30
79 130 30
79 13 30
79 55 30
80 51 30
80 121 30
80 63 30
80 114 30
81 81 30
81 91 30
81 99 30
82 7 30
82 20 30
82 109 30
82 1 30
82 71 30
83 83 30
83 56 30
83 142 30
83 150 30
83 14 30
83 44 30
83 138 30
84 113 30
85 57 30
85 37 30
85 104 30
86 29 30
87 126 30
87 148 30
87 129 30
87 97 30
87 106 30
87 68 30
87 124 30
87 42 30
88 65 30
88 88 30
88 125 30
88 69 30
88 49 30
89 53 30
89 25 30
90 82 30
90 54 30
90 63 30
91 142 30
91 137 30
91 20 30
91 122 30
91 90 30
91 41 30
91 88 30
92 39 30
92 16 30
92 48 30
92 102 30
93 1 30
93 2 30
93 122 30
93 87 30
93 128 30
93 29 30
94 132 30
94 72 30
94 17 30
95 96 30
95 92 30
95 39 30
96 96 30
96 68 30
96 53 30
97 114 30
97 131 30
97 51 30
97 5 30
97 14 30
97 116 30
97 54 30
98 43 30
98 27 30
98 78 30
98 91 30
98 19 30
99 48 30
99 87 30
99 3 30
99 12 30
99 137 30
99 123 30
100 48 30
100 33 30
100 135 30
100 27 30
101 113 30
101 43 30
101 70 30
102 128 30
102 4 30
102 81 30
103 35 30
103 38 30
103 32 30
104 47 30
104 26 30
104 81 30
105 49 30
105 133 30
105 99 30
106 22 30
106 59 30
106 24 30
107 94 30
107 71 30
107 42 30
107 87 30
107 109 30
108 102 30
108 29 30
108 87 30
109 0 30
109 18 30
109 101 30
109 65 30
110 38 30
110 10 30
110 112 30
110 95 30
110 57 30
111 53 30
111 2 30
111 84 30
112 31 30
112 8 30
112 46 30
112 63 30
112 49 30
112 67 30
112 118 30
114 140 30
114 131 30
115 21 30
116 83 30
116 145 30
116 80 30
117 130 30
117 84 30
118 124 30
118 83 30
118 68 30
118 16 30
119 114 30
119 24 30
119 140 30
120 135 30
120 125 30
120 17 30
120 53 30
120 2 30
120 103 30
121 146 30
121 124 30
121 49 30
122 86 30
123 37 30
123 144 30
123 21 30
123 99 30
124 126 30
124 67 30
124 11 30
124 93 30
124 60 30
124 116 30
124 129 30
125 129 30
125 11 30
125 38 30
125 125 30
125 72 30
125 35 30
125 109 30
125 66 30
125 84 30
126 47 30
126 53 30
126 136 30
127 127 30
127 103 30
127 42 30
127 14 30
127 144 30
127 110 30
128 117 30
128 31 30
128 101 30
129 129 30
129 144 30
129 36 30
129 100 30
129 30 30
130 6 30
130 68 30
130 63 30
130 100 30
130 62 30
130 10 30
130 140 30
130 27 30
130 125 30
131 9 30
131 70 30
132 45 30
132 147 30
133 21 30
133 132 30
133 113 30
133 5 30
134 92 30
134 60 30
135 75 30
135 50 30
135 68 30
135 86 30
136 148 30
136 43 30
137 8 30
137 137 30
137 43 30
137 140 30
137 108 30
137 62 30
137 74 30
137 19 30
137 58 30
137 114 30
138 73 30
138 68 30
138 54 30
138 29 30
138 19 30
138 37 30
138 134 30
138 83 30
140 140 30
140 10 30
140 5 30
140 3 30
140 55 30
141 43 30
141 141 30
141 110 30
142 52 30
142 24 30
142 139 30
142 3 30
142 15 30
142 131 30
143 143 30
143 86 30
144 29 30
144 39 30
144 42 30
145 17 30
145 42 30
145 33 30
145 83 30
145 85 30
145 64 30
145 82 30
145 25 30
146 70 30
147 4 30
147 106 30
148 9 30
148 2 30
148 29 30
149 68 30
149 30 30
149 136 30
149 126 30
149 14 30
149 97 30
150 56 30
150 69 30
150 0 30
150 112 30
0 107 31
0 48 31
0 28 31
1 57 31
1 58 31
2 32 31
2 27 31
2 104 31
2 74 31
2 73 31
3 3 31
3 15 31
3 33 31
3 135 31
4 66 31
4 75 31
4 102 31
4 139 31
5 57 31
5 112 31
6 61 31
6 140 31
6 101 31
6 31 31
6 146 31
6 67 31
7 0 31
8 8 31
8 50 31
8 1 31
8 82 31
9 134 31
10 22 31
10 62 31
11 88 31
11 100 31
11 80 31
12 54 31
12 98 31
12 140 31
12 72 31
12 99 31
12 46 31
14 1 31
15 37 31
16 32 31
17 29 31
17 13 31
17 45 31
17 99 31
18 21 31
18 116 31
19 49 31
20 122 31
20 39 31
20 43 31
20 18 31
20 143 31
20 105 31
20 100 31
20 109 31
21 73 31
22 119 31
22 33 31
23 99 31
23 0 31
23 148 31
24 31 31
24 12 31
24 80 31
24 9 31
24 93 31
25 115 31
26 46 31
27 82 31
27 118 31
27 5 31
28 62 31
28 106 31
29 29 31
29 91 31
29 108 31
29 34 31
30 92 31
30 30 31
30 67 31
30 15 31
31 71 31
32 40 31
32 128 31
32 42 31
32 13 31
33 47 31
33 17 31
33 123 31
33 48 31
34 28 31
34 112 31
36 78 31
36 82 31
36 7 31
37 32 31
38 135 31
39 56 31
39 37 31
39 140 31
39 82 31
39 40 31
39 133 31
39 132 31
41 33 31
41 110 31
41 55 31
41 50 31
41 95 31
42 54 31
42 142 31
43 43 31
43 122 31
43 148 31
44 144 31
45 83 31
45 6 31
45 11 31
45 100 31
45 134 31
46 114 31
47 131 31
48 28 31
49 29 31
50 33 31
50 137 31
51 64 31
51 130 31
52 52 31
52 72 31
52 142 31
53 123 31
53 90 31
53 145 31
53 68 31
54 97 31
54 46 31
54 82 31
54 72 31
54 19 31
55 11 31
56 29 31
56 56 31
56 57 31
56 73 31
57 145 31
57 87 31
57 39 31
58 80 31
58 84 31
58 105 31
59 30 31
59 77 31
59 67 31
59 46 31
60 78 31
60 50 31
61 4 31
61 45 31
62 8 31
62 21 31
62 20 31
62 132 31
62 61 31
62 33 31
63 22 31
63 1 31
63 87 31
63 2 31
64 31 31
64 65 31
64 141 31
64 75 31
65 125 31
65 128 31
66 31 31
66 78 31
66 82 31
66 137 31
67 26 31
67 3 31
68 68 31
68 116 31
68 8 31
68 90 31
70 136 31
70 101 31
71 144 31
71 97 31
71 110 31
72 138 31
72 3 31
72 74 31
72 33 31
73 22 31
73 0 31
74 57 31
74 29 31
74 126 31
74 112 31
74 77 31
75 37 31
75 139 31
75 68 31
76 49 31
76 58 31
77 77 31
77 19 31
77 144 31
77 18 31
77 119 31
77 62 31
78 22 31
78 17 31
79 129 31
79 83 31
81 121 31
81 81 31
81 59 31
82 9 31
82 87 31
82 104 31
83 115 31
83 83 31
83 85 31
83 9 31
83 74 31
83 92 31
84 115 31
84 132 31
84 76 31
84 24 31
86 2 31
86 69 31
87 95 31
87 5 31
88 88 31
88 94 31
88 58 31
89 38 31
90 4 31
90 110 31
91 43 31
91 56 31
91 5 31
91 138 31
91 124 31
92 22 31
92 91 31
92 53 31
93 5 31
93 50 31
94 77 31
95 19 31
96 66 31
96 75 31
96 8 31
96 124 31
96 127 31
97 97 31
97 90 31
97 96 31
98 136 31
99 98 31
99 59 31
99 44 31
99 146 31
100 62 31
100 88 31
101 99 31
101 71 31
101 56 31
102 48 31
103 34 31
103 11 31
103 150 31
104 88 31
104 81 31
105 100 31
105 65 31
106 22 31
106 29 31
106 145 31
107 144 31
107 150 31
108 97 31
108 113 31
108 5 31
108 112 31
109 79 31
111 59 31
111 67 31
111 118 31
111 66 31
111 129 31
111 3 31
112 8 31
112 84 31
112 92 31
112 119 31
112 136 31
113 7 31
113 23 31
113 121 31
113 106 31
114 146 31
114 84 31
115 3 31
115 69 31
115 39 31
115 108 31
116 115 31
116 38 31
116 23 31
117 4 31
117 69 31
117 93 31
119 63 31
119 47 31
119 135 31
120 79 31
121 128 31
121 49 31
121 35 31
122 124 31
122 99 31
122 51 31
123 132 31
123 85 31
124 139 31
124 3 31
125 82 31
125 125 31
125 92 31
125 40 31
125 100 31
125 57 31
125 51 31
126 56 31
127 127 31
127 11 31
127 71 31
127 101 31
127 87 31
128 26 31
129 41 31
130 15 31
131 70 31
131 40 31
131 104 31
132 114 31
132 121 31
132 148 31
132 72 31
133 15 31
133 145 31
134 133 31
134 93 31
134 134 31
134 91 31
134 94 31
134 74 31
135 99 31
136 67 31
136 44 31
137 8 31
137 0 31
137 122 31
137 85 31
138 84 31
138 91 31
138 150 31
138 9 31
140 146 31
140 2 31
140 29 31
141 141 31
142 71 31
142 120 31
142 63 31
143 143 31
143 148 31
143 24 31
144 10 31
144 107 31
144 94 31
144 40 31
144 28 31
145 145 31
145 77 31
146 136 31
147 110 31
147 119 31
147 33 31
148 145 31
148 107 31
148 125 31
149 45 31
150 79 31
150 8 31
150 81 31
0 23 32
0 128 32
1 14 32
1 143 32
2 0 32
2 4 32
3 3 32
3 103 32
3 110 32
5 61 32
5 126 32
6 66 32
6 4 32
6 92 32
6 25 32
6 76 32
7 142 32
7 20 32
8 62 32
8 8 32
8 117 32
8 43 32
8 142 32
8 76 32
8 27 32
8 44 32
8 138 32
8 85 32
9 145 32
9 22 32
9 31 32
9 110 32
10 130 32
10 82 32
11 8 32
11 131 32
12 63 32
12 13 32
12 125 32
13 88 32
13 43 32
14 149 32
14 137 32
14 61 32
15 118 32
15 122 32
15 18 32
15 26 32
16 88 32
16 101 32
18 62 32
19 120 32
19 97 32
19 78 32
19 72 32
20 148 32
20 20 32
21 91 32
21 74 32
21 51 32
21 87 32
22 8 32
22 130 32
22 78 32
22 6 32
22 1 32
22 122 32
22 89 32
23 24 32
23 23 32
23 131 32
23 4 32
23 50 32
23 68 32
24 96 32
24 40 32
24 3 32
24 130 32
25 25 32
25 73 32
25 49 32
26 7 32
26 90 32
26 71 32
26 28 32
26 101 32
26 63 32
27 68 32
27 128 32
27 132 32
27 65 32
27 5 32
28 150 32
29 29 32
29 71 32
29 1 32
29 74 32
30 80 32
30 64 32
30 143 32
31 81 32
31 99 32
31 112 32
32 99 32
32 121 32
33 115 32
33 97 32
34 116 32
34 83 32
34 145 32
34 57 32
35 78 32
35 64 32
35 73 32
35 104 32
36 83 32
36 114 32
37 67 32
37 74 32
38 139 32
38 1 32
39 79 32
39 46 32
39 143 32
40 7 32
40 110 32
40 146 32
40 76 32
40 80 32
40 29 32
40 126 32
42 29 32
42 36 32
43 21 32
43 23 32
43 18 32
44 78 32
44 143 32
45 45 32
45 102 32
46 90 32
46 79 32
46 44 32
46 146 32
46 104 32
47 34 32
47 10 32
48 117 32
49 31 32
49 143 32
49 7 32
49 38 32
50 74 32
50 145 32
50 146 32
51 86 32
51 80 32
51 57 32
51 60 32
53 140 32
53 107 32
53 3 32
54 63 32
54 133 32
54 78 32
54 140 32
55 57 32
55 51 32
55 5 32
56 56 32
56 3 32
56 52 32
56 70 32
56 19 32
57 87 32
57 146 32
57 145 32
58 40 32
60 14 32
60 13 32
60 79 32
61 103 32
61 93 32
61 88 32
62 64 32
62 35 32
62 53 32
62 0 32
63 22 32
63 11 32
65 101 32
65 85 32
65 60 32
66 24 32
66 96 32
66 99 32
67 124 32
67 105 32
67 114 32
67 47 32
68 83 32
68 150 32
70 6 32
70 99 32
71 37 32
71 77 32
71 81 32
72 3 32
72 137 32
72 2 32
72 109 32
72 51 32
72 45 32
73 77 32
73 114 32
73 70 32
73 93 32
74 18 32
74 85 32
75 76 32
75 47 32
75 77 32
76 124 32
76 31 32
76 127 32
76 61 32
76 65 32
77 99 32
77 36 32
78 44 32
79 33 32
79 63 32
79 22 32
79 80 32
80 61 32
81 17 32
82 150 32
82 14 32
82 114 32
83 83 32
85 145 32
85 27 32
85 106 32
85 77 32
85 12 32
85 15 32
85 62 32
86 31 32
86 8 32
86 124 32
87 91 32
87 101 32
87 54 32
88 15 32
88 120 32
88 87 32
89 126 32
89 93 32
90 42 32
90 69 32
90 3 32
90 137 32
91 8 32
91 1 32
91 33 32
91 143 32
92 16 32
92 145 32
92 120 32
93 77 32
93 10 32
93 23 32
94 144 32
94 132 32
94 5 32
95 97 32
95 67 32
95 109 32
96 108 32
96 68 32
96 36 32
97 109 32
97 97 32
97 118 32
97 60 32
97 92 32
98 87 32
98 25 32
98 84 32
98 38 32
99 118 32
99 135 32
101 134 32
101 119 32
101 6 32
102 90 32
102 45 32
102 48 32
103 44 32
103 132 32
103 118 32
103 18 32
104 50 32
104 46 32
104 107 32
104 74 32
105 134 32
106 109 32
106 86 32
106 12 32
106 89 32
106 19 32
107 23 32
107 68 32
108 107 32
108 111 32
110 30 32
111 132 32
111 43 32
111 52 32
112 112 32
112 119 32
112 20 32
112 141 32
113 120 32
113 74 32
113 45 32
114 83 32
115 112 32
115 11 32
116 34 32
116 123 32
116 150 32
116 99 32
117 26 32
117 114 32
117 10 32
118 90 32
118 71 32
118 8 32
118 59 32
118 29 32
118 123 32
119 106 32
119 59 32
119 53 32
119 140 32
119 56 32
120 149 32
120 41 32
120 58 32
121 11 32
121 117 32
121 62 32
121 98 32
122 100 32
122 118 32
122 1 32
122 19 32
122 22 32
123 47 32
123 55 32
123 20 32
124 128 32
124 2 32
124 141 32
124 76 32
124 84 32
125 25 32
125 82 32
125 11 32
126 76 32
126 141 32
126 1 32
126 99 32
127 127 32
127 16 32
127 146 32
128 41 32
128 1 32
128 61 32
129 109 32
129 119 32
131 79 32
131 47 32
131 33 32
131 51 32
131 110 32
131 150 32
132 145 32
132 60 32
132 8 32
133 70 32
133 9 32
133 72 32
133 81 32
134 9 32
134 133 32
134 121 32
134 128 32
135 34 32
135 86 32
136 16 32
136 94 32
137 122 32
137 36 32
138 131 32
138 89 32
138 22 32
139 30 32
139 27 32
139 56 32
140 9 32
140 144 32
140 11 32
140 94 32
140 35 32
141 68 32
141 2 32
141 38 32
141 1 32
142 93 32
142 142 32
143 43 32
143 49 32
144 10 32
144 8 32
144 22 32
144 113 32
145 34 32
145 88 32
145 72 32
146 61 32
146 13 32
146 143 32
147 24 32
148 51 32
148 134 32
148 109 32
149 112 32
149 66 32
149 8 32
150 31 32
150 110 32
0 39 33
0 34 33
0 58 33
1 32 33
2 143 33
2 64 33
3 13 33
4 149 33
6 82 33
6 112 33
6 74 33
7 97 33
8 134 33
8 117 33
8 91 33
8 8 33
9 26 33
9 131 33
10 8 33
10 121 33
11 38 33
11 34 33
11 74 33
11 85 33
12 107 33
12 52 33
12 111 33
12 44 33
12 66 33
14 135 33
14 144 33
15 9 33
16 55 33
16 9 33
16 27 33
16 45 33
17 29 33
17 37 33
18 60 33
19 9 33
19 137 33
19 47 33
21 61 33
22 35 33
22 59 33
23 23 33
23 79 33
23 140 33
23 146 33
24 92 33
24 117 33
24 16 33
24 125 33
25 51 33
25 124 33
26 130 33
26 29 33
27 54 33
27 63 33
27 133 33
27 23 33
28 48 33
28 4 33
29 29 33
30 128 33
31 108 33
31 37 33
31 131 33
32 101 33
32 82 33
33 85 33
33 133 33
33 41 33
34 14 33
34 73 33
34 11 33
34 41 33
34 38 33
34 49 33
35 88 33
35 93 33
36 34 33
36 37 33
36 83 33
36 47 33
36 120 33
36 14 33
37 44 33
39 88 33
39 26 33
40 122 33
40 115 33
40 131 33
41 10 33
41 18 33
42 0 33
43 140 33
43 3 33
43 67 33
43 77 33
43 31 33
44 17 33
44 126 33
46 51 33
46 75 33
46 107 33
46 15 33
46 140 33
47 24 33
47 76 33
48 95 33
48 52 33
50 125 33
51 59 33
51 22 33
51 141 33
53 126 33
53 146 33
54 54 33
54 137 33
54 140 33
54 27 33
54 119 33
54 64 33
54 112 33
54 48 33
54 63 33
55 55 33
56 56 33
56 33 33
56 57 33
56 58 33
57 37 33
57 13 33
58 71 33
58 63 33
60 66 33
61 143 33
61 99 33
62 99 33
62 70 33
62 111 33
63 89 33
63 87 33
65 115 33
65 140 33
66 125 33
67 38 33
67 129 33
67 83 33
67 119 33
68 28 33
69 32 33
69 48 33
69 141 33
70 143 33
70 87 33
71 87 33
71 0 33
71 64 33
71 82 33
72 36 33
72 20 33
72 99 33
72 5 33
73 73 33
73 99 33
73 83 33
73 30 33
73 137 33
73 59 33
74 121 33
74 50 33
74 12 33
74 62 33
75 72 33
75 1 33
75 11 33
79 32 33
80 110 33
80 77 33
81 66 33
82 45 33
83 83 33
83 38 33
83 150 33
84 148 33
84 44 33
85 85 33
85 71 33
86 147 33
87 98 33
88 24 33
88 23 33
88 6 33
89 79 33
90 128 33
91 59 33
91 21 33
92 3 33
92 98 33
93 94 33
93 68 33
93 113 33
93 48 33
94 110 33
95 133 33
96 122 33
96 53 33
96 120 33
97 97 33
97 111 33
98 31 33
98 67 33
98 126 33
99 97 33
99 108 33
99 135 33
99 82 33
100 111 33
100 131 33
101 135 33
102 18 33
102 14 33
103 106 33
104 146 33
104 6 33
105 108 33
107 39 33
108 107 33
108 49 33
109 90 33
109 52 33
110 109 33
110 8 33
110 34 33
111 96 33
112 53 33
113 135 33
113 75 33
113 38 33
114 138 33
114 67 33
115 34 33
115 42 33
115 123 33
115 141 33
115 99 33
117 44 33
117 46 33
117 3 33
118 73 33
118 59 33
119 105 33
119 56 33
120 129 33
121 74 33
121 121 33
121 139 33
122 115 33
123 98 33
125 44 33
125 39 33
125 105 33
126 129 33
127 24 33
127 144 33
128 48 33
128 14 33
129 11 33
129 129 33
129 55 33
129 130 33
129 75 33
130 142 33
130 52 33
131 15 33
131 111 33
131 120 33
131 43 33
132 141 33
132 51 33
133 86 33
133 134 33
133 38 33
134 140 33
134 75 33
134 114 33
135 51 33
135 85 33
136 35 33
138 114 33
139 121 33
139 91 33
140 17 33
140 56 33
140 55 33
140 78 33
140 89 33
141 76 33
141 69 33
141 121 33
142 51 33
142 114 33
142 56 33
142 94 33
143 117 33
144 29 33
144 108 33
145 42 33
145 141 33
146 14 33
147 50 33
147 100 33
148 143 33
148 113 33
148 78 33
148 11 33
149 114 33
149 59 33
150 22 33
2 72 34
4 49 34
6 102 34
6 150 34
6 28 34
7 31 34
9 56 34
12 83 34
13 51 34
14 114 34
17 55 34
17 101 34
18 18 34
20 95 34
20 116 34
22 38 34
23 23 34
23 49 34
25 136 34
26 115 34
29 91 34
29 20 34
34 51 34
35 123 34
37 17 34
37 53 34
38 83 34
40 104 34
41 70 34
41 36 34
42 34 34
43 127 34
43 97 34
44 63 34
45 23 34
45 35 34
46 49 34
46 33 34
47 121 34
47 65 34
50 29 34
50 92 34
51 10 34
51 106 34
54 136 34
55 118 34
56 56 34
56 37 34
61 42 34
61 114 34
62 78 34
65 116 34
66 22 34
67 134 34
68 143 34
69 145 34
69 103 34
69 126 34
69 68 34
71 113 34
73 77 34
73 52 34
73 61 34
74 24 34
77 72 34
77 111 34
78 59 34
81 21 34
81 11 34
82 1 34
83 83 34
83 123 34
86 100 34
88 59 34
89 36 34
90 87 34
91 123 34
93 46 34
96 114 34
97 84 34
104 104 34
105 109 34
105 150 34
107 13 34
107 6 34
114 36 34
117 14 34
117 120 34
117 122 34
120 137 34
121 25 34
121 111 34
123 77 34
123 49 34
123 87 34
125 106 34
126 77 34
126 67 34
127 116 34
127 102 34
128 101 34
128 97 34
129 108 34
130 131 34
130 33 34
132 27 34
132 10 34
135 94 34
136 74 34
140 29 34
142 79 34
143 55 34
144 54 34
145 132 34
146 21 34
146 73 34
147 63 34
150 13 34
150 131 34
23 23 35
142 96 35
1 148 36
7 58 36
12 37 36
17 106 36
18 85 36
23 23 36
30 97 36
30 62 36
41 108 36
42 128 36
61 92 36
64 30 36
77 77 36
80 147 36
84 68 36
88 31 36
99 122 36
111 148 36
123 126 36
131 50 36
150 127 36
5 48 37
17 66 37
23 23 37
52 145 37
61 56 37
64 127 37
84 62 37
133 135 37
