12 107 0
13 68 0
46 10 0
60 86 0
66 98 0
95 119 0
111 13 0
3 3 1
13 43 1
44 0 1
51 90 1
73 114 1
81 75 1
88 133 1
93 129 1
118 134 1
122 73 1
147 119 1
7 122 2
8 8 2
8 94 2
31 59 2
43 141 2
68 111 2
73 86 2
83 149 2
104 15 2
119 130 2
122 44 2
5 57 3
23 100 3
35 69 3
41 128 3
45 60 3
60 143 3
90 144 3
103 138 3
134 89 3
134 84 3
145 1 3
0 15 4
20 11 4
25 132 4
31 29 4
37 9 4
40 142 4
41 63 4
48 49 4
49 150 4
70 132 4
76 82 4
76 75 4
87 143 4
89 120 4
111 130 4
118 135 4
126 121 4
127 69 4
128 106 4
144 92 4
145 41 4
145 44 4
2 2 5
4 26 5
7 44 5
13 138 5
35 71 5
35 101 5
48 9 5
50 46 5
62 146 5
71 14 5
82 140 5
83 25 5
102 140 5
103 59 5
108 55 5
120 83 5
142 93 5
2 2 6
8 100 6
8 32 6
10 100 6
25 21 6
26 25 6
30 138 6
59 52 6
86 53 6
86 51 6
95 110 6
96 114 6
104 25 6
105 56 6
112 136 6
116 66 6
123 117 6
142 11 6
143 118 6
148 40 6
7 7 7
7 27 7
12 42 7
15 138 7
16 18 7
18 116 7
20 20 7
20 11 7
23 23 7
28 58 7
28 142 7
30 123 7
31 35 7
43 37 7
45 71 7
45 109 7
46 125 7
48 133 7
49 112 7
51 11 7
53 49 7
54 82 7
61 23 7
63 48 7
64 13 7
66 76 7
67 134 7
69 148 7
71 123 7
72 18 7
73 82 7
80 55 7
82 2 7
84 89 7
84 48 7
85 33 7
87 107 7
89 4 7
93 83 7
94 61 7
110 26 7
111 150 7
117 71 7
119 138 7
121 108 7
121 61 7
124 25 7
124 8 7
124 102 7
126 76 7
127 59 7
130 99 7
131 118 7
133 87 7
134 57 7
138 148 7
141 116 7
149 72 7
1 5 8
3 3 8
3 116 8
8 8 8
8 40 8
16 139 8
20 43 8
20 64 8
21 43 8
22 105 8
23 23 8
23 43 8
28 33 8
39 127 8
43 60 8
44 30 8
45 142 8
49 37 8
50 74 8
51 8 8
52 48 8
57 148 8
59 129 8
64 55 8
69 117 8
75 28 8
76 41 8
77 83 8
81 60 8
81 92 8
82 44 8
87 95 8
87 127 8
88 105 8
88 16 8
89 131 8
93 39 8
104 80 8
113 43 8
113 137 8
115 29 8
119 148 8
125 8 8
127 76 8
131 46 8
137 67 8
139 113 8
141 93 8
148 38 8
2 80 9
5 94 9
7 65 9
8 8 9
11 142 9
11 147 9
22 41 9
22 77 9
23 23 9
24 33 9
24 125 9
24 128 9
27 49 9
29 29 9
32 62 9
36 59 9
36 10 9
36 50 9
39 29 9
41 96 9
45 33 9
46 88 9
46 132 9
47 26 9
55 87 9
56 87 9
57 84 9
58 104 9
60 50 9
61 59 9
62 70 9
66 80 9
67 109 9
69 78 9
71 8 9
72 124 9
75 73 9
80 2 9
82 138 9
82 76 9
85 26 9
89 57 9
91 24 9
92 9 9
93 104 9
94 107 9
94 129 9
97 48 9
99 55 9
100 103 9
107 109 9
108 75 9
111 74 9
112 35 9
112 74 9
116 23 9
118 57 9
118 90 9
119 14 9
120 56 9
121 120 9
124 70 9
127 53 9
130 147 9
131 76 9
131 88 9
134 64 9
135 9 9
139 121 9
142 20 9
142 105 9
142 59 9
145 38 9
149 74 9
0 61 10
3 61 10
4 109 10
4 65 10
10 10 10
10 20 10
10 59 10
17 17 10
18 114 10
19 11 10
20 94 10
23 23 10
26 116 10
27 61 10
28 109 10
29 29 10
34 147 10
35 86 10
35 110 10
37 21 10
38 39 10
40 120 10
42 69 10
42 64 10
43 43 10
45 100 10
48 34 10
50 19 10
53 74 10
58 115 10
61 138 10
65 57 10
69 60 10
71 17 10
71 57 10
72 4 10
73 89 10
74 149 10
76 19 10
77 90 10
80 86 10
81 74 10
81 150 10
83 80 10
84 86 10
85 113 10
85 62 10
89 7 10
91 70 10
93 89 10
98 54 10
100 7 10
100 103 10
105 144 10
108 14 10
109 10 10
111 75 10
113 141 10
116 2 10
118 78 10
124 69 10
124 93 10
130 140 10
133 94 10
133 102 10
133 111 10
136 20 10
136 38 10
136 150 10
136 125 10
137 50 10
140 116 10
140 93 10
141 26 10
141 47 10
142 88 10
142 48 10
146 80 10
150 45 10
0 0 11
1 63 11
4 18 11
5 78 11
7 7 11
7 57 11
10 10 11
10 37 11
12 136 11
13 60 11
15 89 11
17 17 11
17 9 11
17 48 11
18 132 11
21 131 11
21 47 11
23 23 11
24 67 11
28 71 11
29 12 11
30 108 11
31 47 11
36 11 11
40 6 11
42 66 11
43 140 11
44 98 11
48 71 11
51 60 11
53 21 11
58 23 11
61 75 11
63 139 11
64 66 11
66 21 11
66 150 11
67 124 11
69 1 11
69 14 11
71 5 11
72 23 11
73 14 11
75 150 11
82 101 11
83 146 11
86 95 11
98 89 11
99 54 11
99 95 11
100 107 11
104 114 11
105 97 11
105 22 11
106 115 11
109 135 11
114 92 11
116 137 11
116 103 11
116 66 11
121 7 11
123 13 11
131 144 11
134 101 11
136 144 11
137 107 11
137 8 11
138 13 11
139 135 11
139 19 11
145 149 11
145 56 11
145 104 11
148 64 11
149 75 11
149 92 11
1 33 12
2 43 12
4 2 12
4 128 12
7 7 12
7 140 12
9 104 12
12 71 12
15 86 12
16 21 12
17 17 12
18 18 12
23 23 12
23 124 12
29 112 12
31 12 12
33 30 12
35 47 12
42 43 12
43 43 12
43 99 12
46 53 12
51 49 12
54 86 12
55 50 12
55 25 12
56 140 12
56 127 12
57 85 12
58 101 12
60 25 12
62 137 12
66 19 12
67 77 12
67 46 12
69 46 12
72 38 12
72 113 12
76 110 12
77 99 12
87 102 12
88 92 12
90 39 12
90 128 12
92 141 12
93 150 12
94 82 12
95 103 12
101 132 12
113 47 12
115 38 12
116 56 12
116 34 12
120 55 12
123 133 12
123 21 12
128 1 12
128 66 12
129 125 12
131 145 12
133 49 12
135 33 12
136 108 12
138 79 12
138 75 12
139 115 12
140 94 12
143 70 12
145 66 12
147 64 12
148 80 12
149 120 12
2 2 13
3 5 13
5 1 13
6 86 13
7 7 13
8 8 13
14 83 13
19 127 13
20 66 13
20 50 13
23 23 13
25 25 13
26 26 13
27 111 13
27 56 13
28 96 13
30 91 13
31 62 13
32 112 13
33 101 13
34 71 13
35 44 13
43 43 13
43 93 13
44 70 13
45 121 13
45 150 13
46 60 13
47 4 13
47 74 13
49 18 13
52 121 13
53 62 13
55 92 13
55 5 13
55 32 13
57 64 13
64 127 13
66 121 13
68 45 13
68 128 13
72 20 13
77 77 13
80 24 13
80 39 13
81 41 13
81 130 13
81 56 13
82 56 13
82 10 13
82 146 13
83 122 13
85 140 13
87 59 13
88 118 13
89 15 13
94 87 13
95 12 13
97 41 13
100 92 13
100 23 13
100 84 13
100 145 13
101 38 13
104 62 13
105 141 13
106 118 13
108 141 13
108 126 13
110 33 13
110 7 13
112 134 13
114 93 13
117 149 13
118 67 13
118 5 13
119 109 13
121 125 13
122 91 13
126 147 13
127 91 13
133 98 13
135 56 13
137 4 13
138 117 13
142 127 13
144 40 13
146 81 13
150 59 13
150 143 13
150 94 13
0 0 14
3 110 14
3 107 14
4 116 14
5 52 14
6 61 14
6 104 14
8 147 14
10 10 14
10 120 14
10 73 14
11 8 14
11 61 14
13 141 14
16 6 14
16 136 14
18 18 14
18 94 14
18 43 14
19 128 14
20 57 14
21 44 14
22 129 14
23 23 14
24 43 14
26 26 14
26 112 14
26 52 14
26 8 14
26 28 14
27 27 14
27 146 14
30 150 14
32 80 14
33 36 14
33 1 14
33 25 14
34 3 14
36 62 14
36 41 14
37 38 14
38 19 14
39 35 14
39 82 14
40 132 14
40 49 14
41 108 14
41 89 14
41 73 14
42 141 14
42 144 14
44 21 14
50 70 14
53 71 14
54 99 14
55 31 14
55 26 14
58 27 14
59 123 14
61 34 14
63 36 14
64 128 14
66 121 14
68 91 14
68 26 14
70 11 14
70 42 14
71 89 14
73 0 14
75 42 14
75 139 14
77 77 14
77 53 14
78 78 14
79 122 14
80 23 14
82 135 14
82 63 14
85 107 14
85 93 14
88 121 14
90 75 14
91 68 14
91 127 14
92 110 14
95 143 14
95 31 14
95 104 14
97 19 14
98 94 14
99 91 14
100 126 14
101 17 14
103 138 14
103 37 14
103 46 14
103 132 14
105 132 14
106 9 14
106 66 14
108 56 14
109 95 14
109 72 14
111 23 14
111 127 14
111 3 14
112 103 14
112 34 14
113 132 14
114 54 14
114 122 14
114 144 14
115 108 14
115 92 14
116 107 14
116 134 14
116 32 14
117 27 14
118 67 14
122 48 14
123 102 14
124 10 14
124 129 14
124 34 14
125 145 14
127 115 14
137 77 14
139 88 14
140 1 14
141 37 14
141 32 14
142 112 14
145 102 14
146 10 14
146 103 14
146 66 14
149 58 14
150 68 14
0 0 15
0 46 15
0 31 15
2 93 15
2 90 15
2 65 15
2 53 15
3 3 15
3 145 15
3 103 15
3 121 15
3 93 15
5 147 15
5 4 15
5 132 15
5 98 15
5 51 15
6 111 15
7 1 15
7 68 15
9 108 15
9 119 15
9 13 15
10 10 15
10 7 15
12 23 15
12 117 15
12 7 15
12 48 15
14 92 15
15 82 15
15 1 15
16 16 15
16 147 15
16 66 15
17 125 15
17 27 15
18 111 15
20 24 15
20 69 15
20 16 15
21 62 15
23 23 15
23 127 15
23 58 15
24 7 15
24 130 15
24 98 15
25 25 15
25 88 15
25 124 15
25 7 15
26 26 15
26 127 15
27 27 15
27 8 15
27 60 15
29 78 15
30 79 15
30 143 15
31 57 15
32 58 15
33 72 15
34 92 15
34 51 15
35 13 15
36 14 15
37 90 15
40 113 15
40 19 15
40 85 15
42 47 15
42 67 15
43 27 15
43 115 15
44 79 15
44 68 15
45 45 15
45 11 15
45 27 15
46 112 15
46 93 15
49 3 15
53 116 15
53 70 15
54 4 15
55 85 15
55 142 15
56 90 15
57 29 15
58 119 15
59 83 15
60 86 15
60 150 15
60 113 15
61 133 15
61 148 15
62 20 15
63 91 15
63 97 15
63 23 15
66 14 15
66 75 15
66 136 15
66 81 15
68 68 15
70 6 15
71 54 15
72 104 15
72 69 15
73 77 15
73 79 15
74 13 15
75 94 15
76 144 15
77 77 15
78 104 15
79 28 15
79 12 15
79 102 15
79 122 15
81 81 15
85 111 15
85 87 15
86 99 15
86 30 15
86 62 15
86 89 15
88 103 15
88 148 15
89 150 15
89 108 15
91 33 15
92 100 15
92 29 15
93 60 15
93 99 15
93 44 15
93 140 15
95 41 15
97 26 15
99 30 15
99 9 15
101 91 15
102 45 15
106 15 15
106 56 15
106 74 15
106 130 15
108 35 15
109 40 15
110 77 15
110 136 15
110 37 15
112 8 15
112 27 15
114 145 15
116 52 15
116 62 15
117 32 15
117 15 15
117 65 15
121 78 15
121 98 15
121 45 15
121 83 15
122 71 15
122 70 15
122 79 15
123 119 15
123 80 15
124 49 15
124 125 15
126 9 15
126 42 15
127 88 15
127 114 15
129 150 15
130 34 15
130 112 15
130 40 15
132 23 15
132 18 15
132 46 15
133 145 15
133 100 15
134 71 15
134 93 15
134 42 15
135 37 15
135 87 15
137 52 15
138 139 15
138 79 15
140 107 15
140 100 15
140 32 15
142 116 15
143 55 15
143 81 15
143 74 15
145 30 15
146 121 15
147 75 15
147 125 15
147 97 15
148 81 15
150 108 15
150 103 15
150 18 15
0 123 16
0 56 16
1 53 16
1 62 16
1 68 16
2 0 16
2 41 16
2 51 16
2 69 16
3 98 16
5 18 16
6 42 16
7 7 16
7 43 16
10 10 16
10 37 16
12 43 16
13 41 16
13 54 16
14 149 16
16 89 16
17 59 16
17 81 16
18 18 16
18 122 16
19 28 16
19 19 16
20 96 16
21 21 16
22 88 16
23 23 16
25 25 16
25 50 16
25 135 16
26 79 16
26 124 16
26 98 16
27 90 16
29 22 16
30 5 16
31 74 16
31 100 16
32 25 16
34 5 16
36 36 16
36 108 16
39 133 16
39 59 16
41 137 16
44 66 16
45 45 16
45 22 16
45 21 16
45 146 16
47 57 16
48 64 16
49 131 16
51 34 16
51 36 16
51 120 16
54 109 16
54 38 16
55 53 16
55 14 16
57 100 16
57 133 16
59 124 16
60 88 16
60 124 16
61 112 16
62 115 16
63 93 16
63 111 16
63 145 16
64 144 16
65 55 16
65 27 16
69 116 16
70 52 16
70 99 16
73 15 16
75 106 16
75 117 16
75 121 16
75 93 16
77 77 16
77 4 16
78 96 16
78 114 16
79 146 16
81 81 16
81 16 16
82 60 16
83 83 16
84 122 16
84 80 16
87 41 16
87 50 16
88 146 16
92 122 16
92 12 16
92 77 16
93 58 16
96 55 16
98 78 16
99 110 16
99 140 16
99 73 16
99 15 16
101 111 16
102 16 16
103 95 16
103 112 16
104 100 16
105 33 16
105 123 16
107 118 16
109 93 16
110 143 16
112 123 16
112 32 16
113 127 16
113 79 16
114 47 16
115 6 16
116 133 16
117 47 16
118 113 16
119 9 16
120 85 16
120 80 16
125 65 16
126 134 16
127 64 16
127 36 16
127 50 16
128 48 16
130 27 16
130 113 16
131 136 16
131 69 16
131 110 16
132 20 16
135 147 16
135 114 16
135 73 16
136 92 16
137 1 16
137 104 16
139 110 16
139 133 16
140 102 16
140 51 16
141 22 16
142 134 16
142 49 16
146 143 16
148 60 16
149 48 16
149 65 16
150 91 16
0 0 17
0 115 17
1 114 17
2 2 17
2 123 17
2 92 17
5 98 17
6 93 17
6 150 17
7 7 17
7 40 17
8 39 17
9 97 17
11 44 17
11 102 17
12 74 17
13 120 17
15 128 17
15 24 17
16 141 17
18 18 17
19 19 17
20 86 17
21 21 17
22 111 17
22 51 17
23 23 17
23 90 17
23 115 17
24 144 17
24 52 17
25 143 17
26 26 17
26 7 17
26 130 17
26 113 17
27 6 17
28 70 17
28 147 17
29 29 17
29 1 17
30 149 17
30 117 17
31 53 17
31 20 17
32 49 17
33 139 17
34 34 17
35 150 17
36 41 17
36 110 17
37 146 17
38 71 17
38 91 17
38 35 17
39 16 17
40 77 17
40 10 17
42 5 17
43 43 17
43 16 17
43 141 17
43 129 17
44 8 17
44 21 17
44 80 17
44 82 17
45 45 17
47 48 17
47 8 17
48 124 17
49 106 17
49 83 17
50 86 17
51 43 17
52 42 17
52 80 17
54 123 17
54 68 17
55 12 17
56 134 17
57 84 17
57 63 17
61 56 17
61 89 17
62 62 17
62 46 17
62 71 17
62 148 17
65 110 17
65 12 17
67 90 17
68 80 17
68 89 17
69 149 17
69 77 17
70 38 17
72 102 17
73 35 17
73 128 17
73 84 17
74 26 17
74 74 17
74 128 17
74 150 17
74 124 17
75 91 17
76 70 17
76 32 17
76 73 17
77 77 17
78 88 17
78 97 17
79 6 17
79 45 17
80 5 17
80 137 17
81 81 17
81 86 17
81 88 17
81 55 17
82 22 17
83 89 17
83 64 17
83 31 17
85 73 17
85 86 17
86 144 17
87 57 17
87 63 17
87 74 17
89 89 17
91 50 17
92 38 17
93 109 17
93 7 17
95 145 17
95 14 17
96 51 17
96 146 17
97 85 17
97 78 17
98 80 17
98 139 17
98 143 17
100 100 17
100 76 17
100 39 17
100 24 17
102 148 17
102 38 17
103 102 17
103 104 17
103 23 17
105 54 17
105 24 17
105 26 17
106 52 17
106 64 17
108 62 17
110 12 17
111 52 17
111 145 17
112 39 17
112 41 17
113 38 17
113 33 17
114 65 17
114 59 17
115 119 17
116 43 17
116 33 17
117 53 17
117 79 17
117 109 17
118 144 17
118 18 17
118 82 17
120 27 17
120 11 17
120 75 17
121 68 17
121 88 17
123 48 17
123 105 17
124 14 17
126 92 17
126 66 17
126 141 17
126 134 17
127 42 17
127 82 17
128 50 17
128 10 17
132 23 17
132 86 17
133 134 17
133 45 17
133 1 17
133 92 17
134 119 17
136 87 17
136 89 17
136 61 17
136 147 17
136 104 17
137 130 17
137 107 17
138 12 17
138 50 17
141 123 17
142 80 17
142 1 17
143 80 17
144 87 17
144 25 17
145 133 17
145 14 17
145 38 17
147 108 17
148 79 17
148 50 17
150 119 17
150 18 17
0 50 18
0 92 18
1 103 18
1 130 18
1 70 18
2 93 18
2 27 18
2 122 18
2 108 18
3 80 18
3 48 18
3 127 18
4 2 18
4 105 18
4 68 18
4 26 18
4 99 18
4 67 18
4 21 18
4 144 18
5 65 18
5 85 18
5 114 18
6 6 18
7 7 18
7 133 18
7 128 18
7 93 18
8 8 18
9 56 18
9 131 18
9 87 18
9 118 18
9 38 18
10 10 18
10 106 18
10 137 18
11 130 18
11 96 18
12 25 18
12 98 18
13 13 18
13 145 18
13 28 18
13 30 18
13 126 18
13 111 18
13 86 18
13 49 18
14 106 18
14 139 18
15 54 18
15 31 18
15 28 18
16 53 18
16 101 18
16 114 18
16 4 18
17 17 18
17 104 18
17 147 18
18 18 18
18 10 18
19 19 18
19 45 18
19 1 18
20 20 18
20 51 18
20 30 18
20 146 18
21 21 18
21 96 18
21 146 18
21 13 18
22 1 18
23 23 18
23 61 18
23 44 18
23 83 18
23 147 18
24 96 18
24 7 18
25 59 18
25 63 18
25 1 18
25 44 18
25 103 18
25 112 18
26 26 18
26 141 18
26 115 18
27 27 18
28 74 18
29 29 18
29 6 18
29 28 18
29 131 18
29 14 18
30 64 18
30 31 18
30 65 18
30 138 18
30 69 18
32 115 18
35 122 18
36 144 18
36 113 18
36 122 18
37 145 18
37 19 18
37 73 18
37 2 18
37 118 18
38 113 18
38 30 18
39 39 18
39 117 18
39 122 18
40 4 18
41 124 18
41 73 18
42 22 18
43 88 18
44 90 18
45 45 18
45 19 18
45 11 18
46 3 18
46 133 18
46 142 18
47 101 18
47 142 18
49 24 18
49 35 18
50 94 18
50 80 18
51 46 18
52 129 18
53 16 18
53 112 18
54 14 18
54 147 18
55 63 18
55 102 18
56 36 18
57 44 18
58 104 18
58 88 18
58 90 18
58 10 18
59 137 18
59 103 18
59 93 18
59 141 18
59 143 18
60 32 18
61 78 18
61 61 18
61 136 18
61 53 18
62 17 18
63 139 18
64 64 18
64 114 18
64 143 18
66 47 18
68 145 18
68 73 18
69 60 18
69 125 18
70 69 18
71 71 18
71 24 18
71 133 18
71 27 18
74 73 18
74 61 18
74 12 18
75 4 18
75 43 18
75 95 18
76 88 18
76 42 18
76 69 18
77 77 18
77 75 18
77 104 18
77 106 18
78 26 18
78 83 18
78 55 18
78 9 18
80 98 18
81 81 18
82 81 18
82 26 18
83 83 18
83 12 18
83 148 18
84 112 18
85 52 18
85 122 18
86 74 18
87 20 18
87 101 18
88 46 18
89 89 18
89 43 18
89 52 18
89 73 18
90 70 18
93 99 18
93 119 18
94 23 18
96 146 18
96 74 18
97 58 18
97 37 18
97 140 18
98 93 18
98 44 18
99 113 18
100 96 18
100 15 18
101 85 18
101 87 18
101 49 18
103 78 18
103 41 18
106 142 18
106 16 18
107 139 18
108 35 18
108 119 18
109 65 18
110 38 18
110 113 18
111 10 18
111 101 18
112 126 18
113 135 18
114 147 18
114 82 18
115 6 18
115 33 18
116 88 18
116 34 18
116 141 18
117 112 18
117 127 18
118 133 18
119 7 18
119 45 18
119 26 18
120 74 18
120 34 18
121 23 18
122 45 18
123 109 18
123 12 18
124 121 18
124 8 18
125 139 18
127 116 18
127 70 18
127 102 18
127 1 18
127 78 18
128 20 18
128 42 18
129 139 18
129 140 18
130 108 18
131 18 18
131 137 18
132 13 18
133 108 18
134 54 18
135 128 18
135 6 18
136 25 18
137 92 18
139 99 18
139 30 18
140 9 18
140 4 18
143 95 18
143 79 18
144 63 18
145 37 18
145 50 18
145 144 18
145 27 18
147 10 18
148 41 18
148 139 18
149 8 18
0 0 19
0 137 19
1 26 19
1 110 19
1 96 19
1 9 19
1 63 19
3 3 19
3 33 19
3 131 19
3 5 19
3 62 19
3 89 19
4 43 19
4 79 19
4 115 19
5 146 19
5 112 19
5 57 19
5 148 19
6 126 19
7 5 19
7 142 19
7 148 19
7 77 19
8 8 19
8 45 19
8 37 19
8 87 19
9 36 19
10 10 19
11 69 19
11 1 19
12 72 19
12 2 19
13 13 19
13 138 19
13 80 19
13 49 19
14 115 19
14 131 19
16 62 19
17 17 19
17 10 19
18 137 19
18 121 19
19 86 19
19 44 19
20 20 19
20 127 19
21 22 19
21 58 19
22 22 19
22 134 19
22 143 19
23 23 19
23 62 19
23 126 19
25 25 19
25 37 19
26 26 19
26 84 19
26 65 19
27 84 19
28 33 19
29 127 19
29 22 19
29 3 19
29 76 19
30 60 19
31 33 19
31 44 19
32 92 19
33 59 19
34 69 19
34 148 19
34 26 19
35 42 19
35 19 19
35 82 19
37 70 19
37 124 19
37 133 19
38 101 19
38 67 19
39 39 19
39 72 19
40 116 19
40 140 19
40 135 19
42 103 19
42 34 19
43 43 19
43 12 19
43 98 19
43 6 19
44 66 19
44 114 19
45 45 19
45 140 19
45 120 19
46 28 19
49 14 19
49 40 19
49 145 19
50 111 19
51 135 19
51 131 19
51 115 19
51 53 19
52 140 19
52 62 19
52 55 19
53 138 19
53 76 19
54 99 19
54 46 19
54 127 19
55 21 19
56 56 19
56 43 19
56 98 19
57 150 19
57 51 19
57 138 19
58 3 19
58 36 19
59 125 19
60 7 19
61 107 19
61 74 19
61 94 19
62 62 19
62 69 19
62 109 19
64 78 19
64 137 19
64 114 19
64 141 19
64 108 19
64 12 19
65 145 19
65 19 19
65 92 19
65 5 19
66 85 19
67 67 19
67 111 19
67 24 19
67 72 19
67 17 19
67 146 19
68 94 19
69 148 19
70 11 19
70 83 19
70 117 19
71 4 19
71 98 19
72 148 19
75 140 19
76 61 19
76 83 19
76 89 19
77 77 19
78 19 19
79 26 19
79 54 19
80 101 19
81 100 19
81 43 19
81 99 19
84 128 19
85 125 19
85 38 19
86 14 19
86 93 19
86 118 19
87 27 19
88 88 19
89 89 19
89 56 19
90 58 19
91 59 19
91 99 19
92 14 19
93 89 19
94 52 19
94 72 19
94 95 19
94 26 19
95 114 19
95 117 19
96 68 19
98 149 19
98 56 19
99 140 19
99 0 19
102 86 19
102 90 19
103 139 19
103 123 19
104 68 19
104 141 19
106 59 19
106 17 19
106 18 19
107 104 19
107 57 19
107 127 19
108 150 19
109 127 19
110 143 19
110 133 19
111 13 19
112 70 19
112 88 19
113 39 19
115 55 19
115 130 19
115 43 19
115 134 19
117 90 19
117 150 19
117 56 19
118 35 19
120 30 19
120 141 19
121 132 19
122 14 19
122 50 19
122 2 19
124 67 19
124 123 19
124 8 19
125 123 19
126 55 19
126 105 19
126 148 19
127 124 19
127 39 19
127 89 19
128 74 19
129 53 19
130 139 19
131 56 19
131 99 19
132 71 19
132 60 19
133 114 19
133 89 19
134 143 19
134 35 19
135 127 19
136 7 19
136 123 19
137 39 19
137 144 19
138 22 19
139 88 19
140 33 19
140 87 19
141 55 19
141 7 19
141 36 19
141 86 19
141 95 19
143 13 19
143 106 19
145 106 19
145 14 19
145 66 19
145 88 19
146 59 19
146 51 19
146 147 19
146 20 19
147 68 19
147 72 19
148 150 19
148 92 19
148 112 19
149 103 19
150 69 19
0 7 20
0 135 20
0 95 20
2 77 20
2 23 20
2 7 20
3 82 20
3 63 20
4 147 20
5 78 20
5 57 20
5 59 20
6 136 20
6 129 20
6 86 20
7 42 20
8 47 20
8 94 20
8 144 20
10 10 20
11 130 20
12 91 20
12 49 20
12 126 20
13 30 20
14 5 20
14 63 20
15 84 20
18 18 20
18 125 20
19 31 20
19 19 20
20 20 20
20 79 20
20 148 20
21 21 20
21 39 20
21 143 20
21 131 20
23 23 20
24 43 20
26 26 20
26 128 20
27 27 20
27 133 20
30 109 20
30 63 20
30 20 20
31 6 20
32 88 20
32 43 20
33 150 20
34 10 20
34 103 20
35 54 20
36 124 20
37 126 20
37 9 20
37 18 20
38 126 20
38 29 20
39 39 20
39 31 20
40 41 20
41 88 20
41 133 20
41 57 20
41 98 20
42 108 20
43 117 20
44 6 20
45 45 20
45 149 20
45 114 20
45 36 20
46 142 20
47 16 20
47 57 20
47 117 20
48 148 20
49 71 20
50 81 20
50 5 20
50 23 20
51 95 20
52 40 20
52 64 20
53 135 20
53 107 20
54 26 20
54 74 20
54 21 20
55 20 20
55 45 20
55 111 20
55 106 20
56 80 20
56 9 20
56 111 20
58 53 20
58 27 20
59 125 20
59 87 20
60 35 20
61 115 20
62 62 20
63 89 20
63 43 20
64 124 20
64 117 20
66 75 20
67 108 20
68 55 20
69 94 20
71 53 20
72 127 20
73 107 20
74 24 20
75 36 20
76 0 20
77 77 20
78 136 20
78 140 20
78 133 20
78 66 20
79 66 20
79 118 20
81 147 20
82 130 20
83 83 20
84 113 20
84 64 20
85 131 20
85 117 20
86 120 20
87 94 20
87 142 20
88 51 20
88 83 20
89 89 20
89 73 20
91 52 20
91 117 20
92 66 20
92 22 20
93 107 20
94 23 20
94 4 20
94 13 20
94 77 20
94 24 20
95 92 20
96 104 20
96 52 20
97 91 20
98 39 20
98 6 20
98 65 20
98 74 20
99 31 20
101 51 20
101 38 20
101 56 20
103 72 20
103 147 20
103 39 20
103 14 20
104 25 20
104 29 20
104 31 20
105 129 20
105 60 20
105 149 20
105 123 20
106 118 20
106 117 20
106 48 20
108 120 20
109 150 20
109 37 20
109 6 20
109 72 20
110 102 20
110 51 20
111 142 20
111 11 20
111 20 20
111 100 20
111 90 20
112 47 20
114 67 20
114 76 20
115 26 20
116 41 20
116 27 20
117 21 20
117 146 20
117 97 20
119 102 20
121 150 20
121 111 20
122 38 20
123 59 20
123 47 20
124 77 20
126 0 20
126 38 20
126 45 20
128 46 20
128 58 20
129 132 20
129 46 20
130 137 20
131 43 20
131 27 20
131 59 20
132 29 20
132 77 20
134 23 20
134 32 20
134 2 20
134 125 20
135 57 20
136 74 20
136 3 20
137 72 20
137 85 20
137 103 20
139 34 20
140 52 20
140 10 20
141 105 20
142 34 20
142 148 20
142 5 20
143 106 20
144 150 20
144 88 20
144 46 20
145 0 20
145 113 20
146 147 20
147 100 20
148 1 20
149 62 20
150 101 20
0 0 21
0 114 21
1 122 21
2 2 21
2 78 21
3 3 21
3 103 21
3 130 21
3 27 21
3 38 21
4 118 21
4 120 21
4 44 21
5 48 21
5 150 21
6 75 21
7 83 21
7 111 21
8 63 21
8 20 21
8 78 21
11 119 21
12 117 21
13 45 21
14 24 21
14 117 21
15 144 21
15 50 21
15 116 21
15 3 21
17 34 21
17 35 21
18 51 21
19 23 21
21 21 21
22 94 21
23 87 21
24 44 21
24 10 21
24 139 21
24 109 21
25 77 21
25 133 21
25 108 21
26 26 21
26 131 21
26 122 21
27 27 21
28 115 21
28 109 21
29 96 21
29 80 21
31 104 21
31 106 21
31 17 21
32 16 21
32 73 21
33 29 21
35 12 21
35 146 21
37 11 21
37 54 21
38 7 21
38 70 21
38 37 21
39 39 21
39 44 21
40 134 21
40 29 21
40 115 21
40 19 21
40 14 21
41 21 21
43 121 21
43 84 21
44 43 21
45 45 21
46 70 21
46 71 21
47 57 21
47 51 21
48 8 21
48 131 21
48 132 21
49 142 21
49 22 21
51 89 21
51 99 21
52 123 21
53 5 21
53 116 21
54 54 21
54 58 21
54 76 21
54 142 21
54 135 21
55 74 21
55 128 21
56 118 21
57 2 21
58 35 21
58 85 21
58 140 21
60 72 21
61 148 21
62 78 21
62 132 21
63 139 21
66 83 21
70 116 21
72 26 21
73 75 21
73 4 21
73 34 21
74 137 21
74 102 21
75 57 21
76 115 21
77 77 21
77 132 21
78 78 21
78 148 21
79 90 21
79 5 21
80 50 21
80 8 21
80 136 21
82 26 21
82 18 21
82 63 21
83 83 21
83 136 21
84 108 21
84 66 21
85 55 21
85 111 21
87 77 21
88 88 21
88 100 21
88 149 21
88 139 21
89 89 21
89 12 21
89 130 21
90 46 21
90 123 21
91 135 21
91 85 21
92 121 21
94 130 21
95 63 21
96 16 21
96 137 21
96 118 21
97 143 21
98 16 21
99 82 21
100 126 21
100 16 21
101 92 21
102 35 21
106 8 21
106 25 21
106 0 21
107 3 21
109 107 21
110 92 21
110 149 21
111 7 21
111 17 21
112 21 21
113 69 21
113 34 21
114 63 21
114 47 21
114 129 21
114 142 21
115 121 21
116 19 21
117 113 21
118 53 21
118 14 21
118 121 21
118 148 21
120 64 21
121 86 21
122 149 21
123 98 21
125 109 21
125 101 21
125 105 21
126 66 21
127 31 21
127 89 21
128 29 21
128 111 21
129 14 21
129 144 21
130 26 21
130 7 21
131 39 21
131 144 21
132 20 21
134 136 21
134 111 21
135 138 21
136 94 21
137 133 21
138 86 21
138 147 21
139 143 21
139 136 21
140 49 21
141 144 21
141 132 21
142 18 21
143 33 21
144 20 21
145 73 21
146 72 21
147 30 21
147 24 21
147 117 21
148 146 21
148 21 21
150 132 21
150 27 21
1 2 22
1 17 22
1 80 22
1 43 22
2 2 22
4 30 22
4 84 22
4 42 22
5 57 22
7 7 22
7 55 22
7 150 22
8 132 22
8 118 22
9 143 22
10 10 22
10 49 22
10 119 22
11 126 22
12 13 22
12 86 22
12 88 22
12 106 22
13 45 22
14 55 22
15 123 22
17 7 22
17 46 22
18 15 22
18 18 22
18 122 22
18 53 22
18 123 22
18 77 22
19 19 22
21 21 22
22 22 22
22 108 22
22 104 22
24 118 22
25 25 22
25 109 22
26 26 22
26 53 22
26 50 22
26 77 22
26 51 22
27 27 22
27 128 22
28 28 22
28 48 22
28 107 22
28 1 22
29 29 22
29 46 22
30 14 22
31 28 22
33 72 22
33 131 22
33 43 22
34 61 22
35 60 22
35 48 22
36 56 22
36 86 22
37 69 22
37 62 22
37 38 22
38 62 22
38 81 22
38 129 22
39 39 22
39 123 22
40 17 22
40 92 22
41 83 22
41 55 22
42 109 22
42 23 22
42 144 22
43 123 22
45 45 22
45 59 22
45 91 22
45 93 22
47 49 22
47 17 22
47 76 22
47 60 22
47 87 22
48 115 22
48 30 22
48 16 22
48 77 22
50 78 22
50 96 22
51 61 22
53 142 22
53 73 22
53 129 22
54 83 22
54 67 22
55 79 22
55 26 22
56 89 22
56 105 22
56 8 22
57 111 22
57 122 22
57 89 22
58 83 22
58 109 22
59 54 22
59 133 22
59 71 22
61 120 22
61 21 22
61 69 22
61 139 22
61 84 22
62 124 22
62 130 22
63 22 22
63 138 22
64 64 22
64 79 22
66 146 22
66 41 22
66 27 22
66 49 22
67 108 22
68 40 22
69 19 22
70 98 22
70 87 22
71 37 22
71 94 22
72 66 22
73 75 22
73 1 22
74 0 22
74 146 22
74 50 22
74 136 22
77 77 22
77 119 22
77 27 22
77 150 22
78 78 22
78 109 22
78 113 22
78 23 22
79 0 22
79 22 22
80 90 22
80 126 22
80 25 22
80 34 22
80 86 22
81 32 22
82 139 22
83 83 22
83 50 22
84 150 22
84 42 22
85 64 22
85 2 22
85 106 22
85 138 22
85 101 22
86 81 22
86 105 22
86 25 22
86 22 22
87 48 22
87 58 22
87 99 22
88 90 22
89 132 22
91 16 22
91 107 22
92 81 22
92 68 22
93 39 22
94 70 22
94 15 22
95 57 22
95 140 22
97 120 22
97 71 22
97 52 22
98 118 22
99 36 22
99 111 22
99 86 22
101 106 22
101 92 22
101 58 22
102 111 22
102 67 22
102 112 22
103 55 22
103 9 22
103 125 22
104 48 22
104 140 22
105 63 22
105 44 22
105 32 22
105 91 22
106 134 22
106 53 22
106 135 22
108 102 22
108 30 22
108 16 22
108 9 22
109 69 22
109 121 22
111 12 22
111 66 22
111 86 22
111 124 22
112 108 22
112 48 22
113 124 22
114 65 22
114 104 22
114 94 22
115 115 22
115 78 22
115 137 22
115 17 22
116 39 22
117 43 22
118 137 22
118 111 22
119 50 22
120 105 22
120 13 22
121 114 22
122 126 22
123 102 22
123 137 22
124 135 22
125 4 22
126 114 22
127 28 22
128 44 22
128 142 22
128 6 22
129 37 22
130 32 22
130 134 22
131 72 22
131 32 22
132 94 22
133 77 22
134 111 22
135 14 22
135 143 22
136 29 22
138 38 22
138 62 22
139 8 22
140 88 22
140 90 22
142 8 22
143 71 22
143 84 22
143 13 22
143 95 22
143 6 22
144 16 22
145 105 22
145 22 22
146 118 22
146 126 22
147 2 22
147 102 22
147 69 22
148 88 22
148 78 22
149 8 22
149 117 22
150 129 22
0 55 23
0 98 23
1 95 23
1 89 23
2 121 23
2 45 23
2 150 23
3 69 23
3 34 23
4 82 23
5 143 23
6 38 23
6 58 23
7 7 23
7 64 23
7 88 23
7 106 23
8 8 23
8 100 23
8 47 23
9 28 23
9 2 23
9 88 23
10 10 23
10 6 23
10 79 23
10 83 23
10 55 23
10 73 23
10 50 23
11 112 23
11 27 23
11 83 23
12 141 23
12 143 23
13 35 23
13 74 23
14 124 23
14 110 23
14 137 23
15 29 23
15 147 23
17 130 23
18 50 23
19 19 23
19 59 23
20 20 23
20 53 23
21 125 23
22 22 23
22 82 23
22 33 23
23 123 23
23 1 23
24 123 23
26 26 23
26 137 23
26 15 23
27 59 23
28 47 23
28 111 23
29 29 23
29 31 23
29 90 23
30 24 23
31 144 23
31 105 23
32 62 23
32 41 23
32 100 23
34 127 23
34 86 23
34 40 23
34 79 23
36 57 23
36 105 23
36 96 23
37 126 23
37 100 23
38 114 23
38 148 23
39 39 23
39 24 23
40 47 23
41 42 23
41 66 23
41 139 23
41 111 23
42 103 23
43 149 23
43 137 23
43 68 23
43 79 23
43 28 23
44 101 23
45 45 23
45 142 23
46 65 23
47 32 23
48 117 23
48 69 23
48 43 23
49 96 23
49 125 23
49 67 23
50 127 23
50 102 23
50 86 23
50 89 23
52 21 23
53 111 23
53 58 23
54 54 23
55 128 23
55 82 23
56 105 23
57 112 23
57 54 23
57 38 23
57 27 23
58 26 23
58 132 23
59 47 23
59 79 23
60 138 23
61 61 23
61 82 23
61 132 23
62 128 23
62 111 23
63 85 23
63 128 23
64 119 23
64 139 23
64 58 23
64 26 23
64 21 23
66 5 23
66 132 23
66 72 23
68 106 23
69 59 23
69 43 23
69 79 23
70 54 23
70 53 23
71 39 23
71 80 23
71 45 23
72 125 23
72 24 23
73 118 23
73 29 23
74 0 23
74 119 23
74 43 23
74 46 23
75 1 23
75 19 23
75 119 23
76 110 23
77 77 23
77 101 23
77 131 23
78 110 23
78 128 23
79 48 23
79 57 23
80 119 23
80 91 23
81 98 23
81 109 23
81 83 23
82 65 23
82 40 23
82 76 23
83 83 23
83 150 23
84 77 23
84 35 23
84 14 23
84 105 23
85 42 23
86 35 23
86 25 23
86 2 23
87 55 23
87 46 23
87 124 23
88 45 23
89 129 23
89 122 23
89 99 23
89 30 23
90 113 23
91 67 23
92 24 23
92 35 23
92 128 23
92 56 23
93 77 23
93 33 23
93 46 23
93 29 23
94 83 23
96 16 23
96 57 23
97 138 23
97 122 23
97 69 23
97 20 23
97 143 23
98 39 23
98 36 23
98 35 23
99 72 23
100 138 23
101 54 23
102 11 23
102 84 23
102 113 23
102 41 23
103 102 23
103 44 23
104 102 23
104 31 23
104 103 23
105 6 23
105 49 23
105 24 23
105 144 23
106 116 23
106 24 23
106 83 23
106 12 23
107 87 23
108 48 23
108 57 23
109 85 23
109 13 23
110 68 23
110 65 23
110 19 23
110 119 23
110 7 23
110 80 23
111 91 23
111 106 23
112 40 23
112 23 23
113 113 23
113 99 23
113 142 23
113 97 23
114 109 23
115 115 23
115 148 23
116 6 23
116 140 23
116 121 23
117 117 23
117 5 23
117 84 23
118 73 23
118 91 23
118 6 23
119 2 23
119 1 23
119 115 23
122 127 23
123 124 23
124 132 23
125 128 23
125 91 23
125 33 23
125 3 23
126 110 23
126 11 23
127 51 23
127 96 23
128 85 23
128 8 23
128 33 23
129 111 23
129 25 23
130 147 23
132 16 23
132 81 23
133 12 23
134 55 23
134 66 23
134 129 23
134 17 23
135 117 23
135 142 23
135 107 23
136 47 23
137 96 23
139 103 23
141 124 23
141 50 23
141 11 23
142 40 23
142 60 23
142 39 23
143 105 23
143 3 23
145 126 23
145 128 23
145 61 23
145 40 23
146 116 23
146 29 23
146 81 23
146 117 23
146 10 23
146 83 23
146 73 23
147 114 23
148 22 23
148 59 23
150 16 23
0 87 24
1 71 24
2 2 24
2 129 24
2 6 24
2 33 24
4 88 24
5 105 24
5 52 24
6 65 24
6 146 24
6 114 24
8 8 24
8 106 24
8 148 24
8 39 24
9 76 24
9 127 24
9 41 24
10 10 24
10 99 24
10 8 24
11 112 24
11 130 24
11 74 24
11 31 24
12 127 24
12 77 24
12 86 24
12 5 24
12 79 24
12 40 24
13 3 24
14 108 24
15 146 24
15 81 24
15 69 24
16 104 24
16 112 24
17 116 24
17 82 24
18 12 24
18 80 24
18 97 24
18 55 24
19 64 24
19 19 24
20 126 24
20 133 24
20 146 24
21 118 24
21 80 24
22 140 24
22 4 24
23 145 24
23 130 24
23 16 24
24 42 24
25 120 24
26 26 24
26 105 24
26 136 24
27 74 24
27 41 24
27 54 24
27 39 24
27 137 24
28 28 24
28 47 24
28 64 24
28 72 24
29 133 24
29 95 24
30 111 24
30 12 24
30 75 24
30 38 24
30 47 24
31 31 24
31 57 24
31 43 24
31 0 24
31 98 24
31 60 24
31 6 24
32 32 24
32 138 24
34 128 24
34 148 24
35 82 24
35 51 24
35 120 24
37 82 24
37 66 24
37 70 24
37 88 24
38 117 24
38 37 24
39 39 24
39 37 24
39 22 24
39 15 24
40 29 24
40 51 24
40 140 24
41 149 24
41 60 24
42 31 24
43 40 24
43 128 24
43 95 24
45 45 24
47 32 24
47 63 24
48 21 24
48 137 24
48 71 24
49 138 24
49 142 24
49 70 24
50 106 24
50 65 24
50 69 24
51 117 24
52 1 24
52 47 24
53 100 24
53 113 24
53 42 24
54 68 24
54 150 24
54 117 24
55 18 24
55 97 24
55 25 24
56 56 24
56 15 24
56 0 24
56 64 24
57 116 24
57 77 24
58 82 24
58 42 24
58 135 24
58 18 24
59 36 24
59 80 24
60 15 24
62 114 24
63 59 24
63 86 24
64 64 24
64 70 24
64 0 24
65 120 24
65 59 24
65 94 24
66 53 24
66 36 24
66 127 24
67 8 24
67 39 24
67 131 24
67 107 24
68 68 24
68 108 24
68 15 24
69 69 24
69 128 24
70 31 24
70 119 24
70 15 24
70 92 24
71 64 24
71 143 24
71 21 24
72 141 24
73 140 24
75 20 24
75 32 24
75 4 24
76 76 24
77 77 24
77 55 24
77 50 24
77 16 24
78 137 24
78 130 24
79 107 24
79 125 24
79 49 24
79 35 24
80 81 24
80 92 24
80 64 24
80 26 24
81 129 24
82 144 24
82 114 24
83 83 24
83 30 24
83 142 24
83 67 24
83 66 24
83 107 24
84 86 24
85 75 24
85 79 24
85 33 24
85 50 24
85 77 24
85 45 24
85 17 24
87 15 24
88 88 24
89 26 24
89 119 24
89 131 24
90 24 24
90 36 24
91 70 24
91 88 24
92 27 24
92 147 24
92 2 24
92 105 24
92 1 24
92 15 24
93 23 24
93 12 24
94 121 24
94 31 24
95 39 24
95 19 24
96 112 24
96 62 24
96 123 24
97 144 24
97 107 24
98 105 24
99 145 24
100 101 24
100 63 24
100 6 24
100 127 24
100 111 24
102 97 24
103 150 24
104 46 24
104 32 24
104 139 24
104 15 24
105 31 24
105 24 24
105 27 24
106 87 24
106 90 24
108 10 24
109 134 24
109 77 24
109 45 24
109 12 24
109 98 24
111 82 24
111 143 24
112 9 24
112 132 24
113 75 24
113 77 24
114 110 24
114 28 24
115 115 24
116 147 24
117 143 24
117 115 24
117 45 24
117 51 24
118 56 24
118 140 24
118 125 24
119 107 24
119 50 24
119 124 24
120 63 24
120 58 24
120 133 24
121 33 24
121 110 24
123 59 24
124 26 24
124 137 24
124 70 24
125 70 24
125 24 24
125 145 24
126 14 24
126 44 24
127 127 24
127 35 24
127 150 24
127 6 24
127 80 24
128 23 24
128 101 24
128 59 24
128 52 24
129 15 24
129 119 24
129 49 24
130 32 24
131 106 24
132 25 24
132 141 24
132 85 24
134 10 24
134 131 24
134 5 24
136 12 24
136 99 24
136 46 24
137 104 24
137 43 24
138 58 24
139 143 24
139 122 24
139 131 24
140 123 24
140 139 24
141 43 24
141 38 24
142 138 24
142 12 24
143 49 24
144 106 24
144 67 24
145 42 24
145 139 24
145 81 24
145 30 24
145 24 24
146 38 24
146 14 24
148 75 24
148 65 24
149 20 24
149 23 24
150 21 24
150 145 24
0 37 25
0 134 25
0 8 25
0 74 25
0 76 25
1 1 25
1 108 25
1 134 25
2 38 25
2 102 25
3 3 25
4 40 25
4 42 25
4 78 25
4 142 25
5 140 25
5 60 25
5 75 25
5 31 25
5 115 25
6 135 25
7 119 25
7 143 25
8 100 25
8 87 25
10 10 25
11 14 25
12 45 25
12 5 25
12 114 25
14 138 25
14 47 25
16 7 25
16 27 25
17 102 25
19 72 25
20 19 25
20 45 25
20 127 25
21 17 25
22 145 25
22 135 25
23 23 25
23 116 25
23 39 25
23 112 25
24 15 25
24 52 25
25 15 25
26 42 25
27 109 25
27 98 25
28 59 25
29 50 25
30 91 25
30 95 25
31 84 25
32 145 25
33 150 25
33 40 25
33 6 25
33 72 25
33 65 25
33 80 25
33 107 25
33 134 25
34 55 25
36 124 25
37 124 25
37 55 25
38 7 25
38 100 25
39 39 25
39 89 25
39 31 25
40 108 25
40 10 25
41 37 25
43 7 25
43 83 25
44 122 25
45 45 25
45 5 25
46 104 25
47 150 25
49 111 25
50 93 25
51 77 25
51 22 25
51 58 25
51 83 25
52 113 25
52 59 25
52 56 25
53 123 25
53 102 25
53 81 25
54 9 25
54 141 25
54 95 25
54 82 25
55 16 25
55 98 25
56 56 25
56 23 25
56 18 25
56 57 25
56 116 25
57 119 25
58 48 25
59 127 25
60 75 25
60 125 25
60 26 25
61 45 25
61 80 25
62 52 25
63 36 25
63 74 25
64 90 25
65 55 25
65 64 25
66 7 25
66 147 25
68 68 25
69 102 25
70 103 25
70 36 25
70 109 25
70 15 25
72 27 25
73 14 25
73 33 25
74 109 25
74 129 25
74 96 25
76 109 25
77 77 25
77 90 25
77 78 25
77 40 25
78 82 25
78 148 25
79 115 25
79 29 25
80 12 25
80 30 25
81 67 25
81 101 25
82 33 25
82 94 25
82 39 25
83 83 25
83 55 25
85 84 25
85 77 25
86 30 25
87 73 25
87 52 25
87 42 25
87 72 25
88 88 25
89 1 25
89 17 25
90 89 25
91 43 25
91 30 25
92 64 25
93 12 25
94 93 25
95 134 25
95 23 25
96 53 25
96 102 25
97 111 25
97 39 25
97 135 25
99 124 25
100 55 25
100 131 25
101 124 25
102 63 25
102 31 25
102 46 25
102 85 25
103 40 25
103 117 25
103 96 25
103 130 25
104 65 25
104 138 25
105 55 25
105 9 25
105 77 25
106 24 25
107 33 25
107 35 25
107 11 25
108 52 25
108 88 25
108 115 25
109 94 25
109 23 25
109 36 25
110 31 25
110 17 25
110 131 25
110 16 25
110 73 25
111 119 25
111 27 25
111 44 25
112 130 25
112 148 25
113 103 25
113 4 25
114 42 25
114 90 25
115 121 25
115 108 25
116 5 25
117 134 25
117 131 25
120 35 25
120 66 25
121 26 25
122 95 25
123 41 25
123 7 25
124 124 25
124 37 25
124 34 25
124 11 25
124 116 25
125 52 25
125 47 25
125 23 25
126 146 25
126 133 25
127 127 25
127 31 25
127 30 25
128 87 25
128 81 25
129 74 25
129 21 25
130 82 25
131 81 25
131 40 25
132 105 25
132 0 25
132 13 25
132 67 25
132 92 25
133 126 25
134 96 25
134 132 25
134 10 25
135 95 25
137 23 25
139 57 25
140 119 25
140 96 25
142 121 25
142 120 25
142 53 25
143 105 25
144 77 25
144 75 25
145 34 25
145 65 25
146 52 25
146 7 25
147 14 25
147 19 25
147 5 25
149 148 25
149 44 25
150 24 25
150 133 25
150 64 25
150 91 25
0 39 26
1 51 26
1 17 26
1 135 26
1 123 26
1 136 26
2 45 26
2 12 26
5 52 26
6 41 26
6 89 26
6 9 26
8 8 26
8 35 26
9 70 26
10 9 26
11 144 26
11 59 26
11 61 26
12 44 26
13 50 26
13 34 26
14 80 26
14 52 26
14 125 26
15 21 26
15 76 26
16 98 26
16 82 26
17 17 26
17 41 26
17 97 26
17 145 26
18 18 26
18 122 26
18 69 26
18 114 26
18 77 26
19 145 26
19 5 26
19 7 26
20 122 26
20 88 26
20 103 26
21 64 26
21 15 26
21 51 26
21 87 26
22 22 26
22 131 26
23 50 26
25 135 26
26 146 26
26 110 26
28 73 26
28 27 26
29 52 26
29 135 26
29 48 26
30 4 26
30 72 26
30 60 26
31 88 26
31 138 26
31 78 26
32 82 26
32 77 26
32 150 26
33 150 26
33 35 26
33 23 26
33 39 26
34 42 26
35 99 26
35 44 26
36 36 26
36 70 26
36 29 26
37 96 26
37 118 26
38 4 26
38 132 26
38 67 26
39 35 26
39 108 26
40 13 26
40 91 26
40 93 26
40 35 26
40 53 26
41 55 26
41 27 26
42 11 26
42 41 26
42 89 26
43 3 26
43 112 26
44 22 26
44 49 26
45 45 26
45 139 26
45 63 26
46 84 26
48 74 26
49 62 26
49 84 26
50 121 26
51 91 26
51 59 26
51 88 26
51 26 26
52 122 26
52 97 26
52 10 26
52 124 26
52 146 26
52 6 26
52 120 26
53 48 26
53 84 26
53 116 26
53 129 26
53 10 26
53 3 26
54 88 26
54 19 26
54 20 26
55 75 26
55 113 26
55 3 26
56 56 26
56 111 26
58 129 26
58 23 26
58 77 26
58 109 26
60 108 26
60 8 26
60 127 26
60 24 26
62 62 26
62 48 26
62 59 26
63 133 26
63 18 26
64 54 26
64 28 26
65 59 26
66 68 26
66 58 26
67 132 26
67 62 26
68 42 26
68 46 26
69 68 26
69 93 26
71 67 26
72 3 26
72 121 26
73 50 26
73 114 26
74 101 26
75 23 26
75 49 26
76 97 26
76 110 26
77 94 26
77 59 26
78 45 26
78 51 26
79 33 26
80 85 26
80 71 26
80 2 26
81 139 26
81 134 26
82 99 26
82 130 26
82 52 26
83 83 26
83 94 26
85 109 26
85 1 26
86 131 26
86 46 26
86 91 26
86 146 26
86 2 26
87 12 26
88 108 26
90 140 26
90 0 26
90 38 26
90 111 26
91 7 26
91 135 26
91 25 26
91 1 26
91 108 26
92 89 26
92 66 26
92 13 26
92 61 26
93 70 26
95 73 26
95 122 26
95 99 26
96 147 26
96 85 26
97 114 26
98 7 26
98 100 26
98 52 26
98 61 26
99 115 26
99 9 26
100 15 26
100 122 26
101 33 26
101 130 26
101 111 26
102 0 26
102 68 26
102 52 26
102 143 26
102 126 26
103 56 26
103 122 26
105 8 26
105 94 26
105 137 26
107 141 26
108 33 26
109 147 26
109 132 26
109 143 26
110 14 26
112 94 26
113 116 26
113 56 26
113 95 26
114 85 26
114 84 26
115 87 26
115 11 26
115 95 26
116 144 26
116 114 26
117 81 26
117 99 26
117 85 26
117 106 26
118 131 26
118 103 26
118 32 26
118 9 26
118 100 26
118 123 26
119 69 26
120 17 26
120 52 26
121 105 26
121 140 26
122 38 26
124 91 26
126 132 26
127 127 26
129 11 26
130 61 26
131 120 26
131 140 26
132 125 26
134 78 26
135 105 26
135 141 26
138 93 26
139 18 26
139 54 26
141 128 26
141 112 26
142 142 26
142 126 26
142 86 26
142 32 26
143 143 26
143 63 26
143 39 26
143 16 26
143 18 26
143 93 26
143 8 26
144 38 26
144 104 26
144 112 26
144 135 26
145 71 26
145 98 26
145 36 26
146 143 26
146 102 26
146 31 26
146 39 26
147 39 26
147 103 26
148 62 26
149 141 26
149 62 26
150 115 26
0 89 27
0 75 27
0 115 27
0 137 27
0 85 27
1 18 27
1 70 27
1 130 27
1 16 27
2 137 27
2 77 27
2 113 27
2 56 27
2 65 27
3 3 27
3 73 27
3 31 27
4 109 27
4 118 27
4 117 27
4 21 27
4 7 27
5 114 27
5 94 27
5 84 27
6 33 27
6 28 27
7 90 27
7 124 27
7 14 27
8 8 27
8 103 27
8 72 27
8 38 27
10 10 27
10 100 27
10 43 27
10 56 27
11 111 27
11 120 27
11 106 27
11 145 27
12 77 27
13 109 27
13 107 27
13 125 27
13 84 27
14 14 27
14 76 27
14 39 27
15 119 27
16 84 27
16 88 27
16 119 27
16 44 27
16 71 27
16 11 27
16 108 27
16 4 27
17 71 27
17 38 27
17 126 27
17 135 27
18 91 27
18 108 27
18 57 27
18 25 27
19 19 27
19 97 27
19 36 27
20 20 27
20 50 27
21 49 27
21 100 27
21 80 27
21 112 27
21 98 27
22 22 27
22 107 27
22 68 27
22 6 27
22 85 27
23 105 27
24 115 27
24 143 27
24 70 27
25 0 27
25 59 27
25 132 27
25 90 27
26 108 27
26 65 27
26 98 27
26 40 27
27 27 27
27 83 27
27 50 27
27 147 27
27 12 27
27 123 27
27 136 27
27 140 27
28 28 27
28 62 27
28 57 27
29 133 27
29 118 27
29 145 27
29 130 27
29 102 27
29 65 27
30 110 27
30 10 27
31 24 27
31 10 27
31 23 27
31 107 27
31 21 27
32 59 27
32 133 27
32 123 27
32 43 27
33 93 27
33 137 27
33 72 27
33 90 27
34 34 27
34 133 27
34 28 27
34 140 27
34 139 27
34 96 27
34 22 27
34 44 27
35 22 27
35 10 27
35 5 27
36 10 27
36 30 27
36 16 27
36 127 27
37 113 27
37 24 27
37 27 27
38 23 27
38 9 27
38 137 27
38 91 27
38 76 27
39 69 27
40 103 27
40 115 27
41 41 27
41 51 27
41 54 27
41 20 27
41 132 27
42 117 27
42 97 27
42 40 27
43 36 27
43 136 27
43 111 27
44 103 27
44 148 27
44 12 27
45 45 27
45 91 27
45 29 27
45 130 27
45 93 27
45 79 27
45 64 27
45 26 27
46 115 27
46 21 27
46 39 27
46 103 27
47 57 27
47 36 27
47 17 27
47 147 27
48 76 27
49 18 27
49 121 27
49 130 27
49 81 27
49 108 27
49 24 27
51 82 27
51 68 27
51 53 27
51 136 27
51 70 27
52 68 27
52 67 27
53 147 27
54 129 27
55 45 27
56 56 27
56 104 27
56 48 27
56 61 27
56 38 27
56 1 27
56 88 27
57 57 27
57 77 27
57 133 27
57 65 27
57 23 27
58 148 27
59 96 27
59 72 27
59 81 27
59 99 27
59 71 27
59 141 27
59 4 27
61 81 27
61 126 27
61 55 27
62 58 27
62 107 27
63 63 27
63 51 27
63 116 27
63 83 27
64 11 27
64 123 27
64 106 27
65 69 27
65 86 27
65 72 27
65 147 27
65 141 27
66 96 27
66 45 27
67 138 27
67 128 27
67 148 27
67 115 27
67 83 27
68 109 27
68 113 27
68 79 27
69 13 27
69 97 27
69 73 27
69 53 27
70 118 27
70 99 27
70 52 27
70 131 27
70 32 27
70 60 27
71 149 27
71 65 27
71 64 27
71 85 27
72 29 27
72 83 27
72 26 27
73 64 27
73 130 27
74 74 27
74 48 27
74 145 27
75 85 27
75 24 27
75 68 27
76 82 27
76 37 27
76 14 27
77 28 27
77 67 27
78 36 27
78 146 27
78 113 27
79 42 27
79 63 27
79 49 27
80 107 27
80 59 27
80 128 27
81 81 27
81 36 27
81 53 27
81 150 27
81 136 27
81 90 27
81 103 27
81 130 27
81 139 27
82 124 27
82 52 27
83 83 27
83 1 27
83 52 27
83 45 27
84 20 27
84 76 27
84 89 27
84 42 27
85 134 27
86 14 27
86 116 27
87 13 27
87 114 27
87 23 27
88 100 27
88 5 27
88 147 27
89 104 27
89 24 27
89 32 27
89 73 27
90 24 27
90 111 27
90 39 27
90 114 27
90 15 27
90 108 27
91 74 27
91 58 27
92 2 27
92 135 27
93 38 27
93 47 27
93 46 27
93 143 27
93 120 27
93 72 27
93 15 27
93 127 27
94 136 27
94 122 27
94 10 27
94 72 27
94 40 27
95 109 27
95 56 27
95 19 27
95 140 27
95 130 27
96 46 27
96 5 27
96 107 27
97 97 27
97 129 27
98 36 27
98 136 27
98 47 27
99 122 27
99 12 27
100 67 27
100 21 27
100 24 27
101 135 27
101 1 27
101 95 27
102 29 27
102 145 27
102 98 27
102 9 27
102 106 27
103 8 27
103 141 27
103 122 27
103 148 27
103 134 27
104 80 27
104 75 27
104 93 27
104 110 27
104 91 27
104 31 27
105 76 27
106 3 27
106 146 27
106 127 27
106 23 27
107 8 27
107 91 27
107 123 27
107 15 27
108 48 27
108 46 27
109 5 27
109 18 27
109 82 27
109 94 27
110 113 27
110 112 27
110 80 27
110 13 27
111 101 27
111 90 27
112 32 27
112 130 27
112 64 27
112 63 27
112 118 27
113 42 27
113 126 27
113 111 27
113 59 27
114 5 27
114 89 27
115 143 27
115 111 27
115 91 27
115 67 27
116 44 27
117 144 27
117 3 27
117 39 27
118 122 27
118 109 27
121 142 27
121 95 27
121 113 27
121 81 27
121 90 27
121 19 27
121 107 27
122 83 27
123 87 27
123 81 27
123 104 27
123 90 27
124 57 27
124 37 27
124 100 27
124 68 27
125 50 27
125 150 27
125 81 27
126 89 27
126 47 27
126 0 27
126 4 27
126 119 27
126 114 27
126 38 27
127 127 27
127 123 27
128 81 27
128 39 27
128 137 27
129 128 27
129 140 27
129 96 27
130 120 27
131 27 27
131 3 27
131 11 27
131 90 27
131 99 27
132 103 27
132 47 27
132 101 27
133 8 27
133 110 27
134 43 27
134 96 27
134 63 27
134 1 27
135 44 27
135 103 27
135 55 27
135 9 27
135 82 27
136 12 27
136 128 27
136 103 27
136 61 27
137 137 27
137 85 27
138 66 27
139 9 27
139 116 27
139 105 27
139 137 27
139 76 27
140 140 27
140 65 27
140 19 27
141 110 27
141 81 27
141 76 27
141 44 27
142 142 27
142 129 27
142 147 27
143 143 27
143 149 27
143 59 27
144 144 27
144 46 27
145 69 27
145 36 27
145 76 27
146 80 27
146 124 27
147 107 27
148 19 27
148 98 27
148 59 27
149 118 27
149 1 27
149 104 27
149 69 27
149 46 27
149 5 27
149 144 27
149 92 27
150 134 27
150 95 27
150 54 27
150 35 27
150 141 27
0 19 28
0 111 28
0 73 28
0 4 28
0 52 28
1 48 28
1 88 28
1 45 28
1 114 28
2 110 28
2 96 28
2 74 28
2 101 28
3 146 28
3 143 28
3 77 28
4 86 28
4 116 28
4 88 28
4 139 28
5 46 28
5 64 28
5 17 28
5 9 28
5 102 28
6 45 28
6 6 28
6 107 28
6 11 28
6 105 28
7 3 28
7 95 28
7 113 28
7 74 28
7 82 28
7 45 28
7 40 28
8 8 28
8 98 28
8 38 28
9 43 28
9 26 28
10 10 28
10 40 28
10 139 28
10 120 28
11 137 28
11 118 28
11 94 28
11 38 28
12 66 28
12 79 28
12 146 28
13 12 28
13 16 28
13 114 28
13 103 28
14 60 28
14 64 28
14 76 28
15 47 28
15 130 28
15 88 28
16 27 28
16 96 28
16 43 28
16 42 28
17 44 28
17 62 28
17 66 28
17 147 28
18 26 28
18 124 28
18 10 28
18 68 28
19 133 28
19 90 28
19 58 28
19 10 28
20 1 28
20 25 28
21 73 28
22 22 28
22 59 28
22 142 28
22 62 28
22 65 28
23 86 28
23 89 28
23 57 28
23 7 28
24 28 28
25 121 28
26 124 28
26 6 28
26 143 28
27 40 28
27 105 28
27 14 28
28 113 28
29 29 28
29 4 28
30 16 28
30 34 28
31 48 28
31 33 28
31 37 28
31 111 28
31 55 28
31 68 28
31 26 28
31 132 28
31 109 28
32 36 28
32 26 28
32 42 28
33 29 28
33 6 28
33 5 28
33 100 28
34 57 28
34 64 28
34 73 28
34 22 28
35 16 28
35 141 28
35 76 28
35 20 28
36 24 28
36 10 28
36 9 28
36 3 28
36 11 28
37 16 28
37 77 28
37 58 28
37 150 28
39 72 28
39 48 28
39 135 28
39 148 28
39 87 28
39 17 28
39 34 28
40 54 28
40 67 28
40 93 28
41 54 28
41 63 28
41 39 28
41 105 28
41 61 28
42 34 28
42 76 28
42 126 28
42 69 28
42 45 28
42 133 28
43 94 28
43 51 28
44 74 28
44 64 28
44 66 28
45 72 28
45 45 28
45 94 28
45 43 28
45 70 28
45 40 28
46 11 28
47 17 28
48 138 28
48 28 28
49 128 28
49 77 28
49 95 28
49 104 28
49 39 28
50 6 28
50 122 28
50 25 28
51 12 28
51 88 28
51 119 28
52 28 28
52 92 28
52 39 28
52 67 28
53 20 28
53 75 28
54 40 28
55 106 28
55 110 28
56 56 28
56 142 28
56 66 28
56 145 28
56 129 28
56 106 28
57 41 28
57 58 28
57 126 28
57 144 28
58 79 28
59 148 28
59 90 28
59 43 28
59 56 28
59 111 28
59 120 28
60 8 28
60 3 28
60 92 28
60 69 28
60 73 28
61 6 28
61 43 28
61 126 28
61 22 28
62 150 28
62 24 28
63 22 28
63 110 28
64 18 28
64 91 28
64 40 28
65 2 28
65 94 28
65 22 28
67 132 28
67 139 28
67 93 28
68 56 28
68 68 28
68 109 28
68 1 28
69 76 28
69 36 28
69 142 28
71 14 28
71 68 28
71 143 28
71 25 28
72 1 28
72 118 28
72 136 28
72 64 28
72 77 28
72 44 28
72 62 28
73 100 28
73 125 28
74 28 28
74 115 28
74 114 28
75 2 28
75 70 28
75 88 28
75 54 28
76 8 28
76 48 28
76 57 28
77 74 28
77 63 28
78 59 28
78 33 28
78 145 28
79 102 28
79 132 28
79 109 28
80 18 28
81 81 28
81 78 28
81 48 28
81 134 28
82 145 28
82 124 28
83 83 28
83 22 28
84 92 28
84 50 28
84 76 28
85 0 28
85 114 28
86 84 28
86 41 28
86 8 28
86 3 28
87 4 28
87 110 28
88 88 28
88 65 28
88 146 28
89 2 28
89 114 28
89 132 28
89 86 28
89 122 28
89 65 28
89 46 28
89 110 28
90 135 28
90 0 28
90 13 28
90 124 28
90 73 28
90 3 28
90 25 28
90 2 28
90 104 28
90 122 28
91 91 28
91 13 28
91 143 28
92 30 28
92 7 28
92 70 28
93 148 28
93 115 28
93 7 28
94 1 28
94 85 28
95 139 28
95 63 28
95 62 28
95 140 28
95 32 28
96 96 28
96 51 28
96 0 28
96 9 28
96 101 28
96 72 28
96 34 28
97 97 28
98 100 28
98 48 28
98 90 28
99 140 28
99 23 28
99 53 28
100 63 28
100 53 28
100 119 28
101 28 28
101 72 28
101 29 28
101 62 28
102 20 28
102 118 28
102 125 28
102 35 28
103 101 28
103 74 28
103 149 28
104 140 28
104 4 28
104 59 28
104 109 28
104 127 28
104 103 28
105 133 28
105 132 28
105 141 28
105 113 28
107 110 28
107 77 28
108 24 28
108 135 28
109 62 28
109 79 28
110 29 28
110 66 28
110 25 28
111 77 28
111 29 28
112 135 28
113 104 28
113 117 28
113 131 28
113 4 28
113 96 28
114 72 28
114 76 28
115 144 28
115 67 28
115 81 28
116 116 28
116 141 28
116 15 28
116 5 28
116 55 28
117 32 28
117 9 28
117 115 28
117 31 28
117 62 28
118 76 28
118 80 28
118 45 28
118 40 28
119 110 28
120 6 28
120 131 28
122 122 28
122 120 28
123 142 28
124 150 28
124 112 28
125 89 28
126 121 28
126 83 28
126 116 28
127 127 28
127 40 28
127 122 28
127 27 28
128 55 28
129 69 28
129 59 28
129 26 28
130 59 28
130 63 28
130 38 28
130 139 28
131 47 28
131 3 28
131 100 28
131 107 28
132 29 28
132 70 28
132 46 28
133 31 28
133 16 28
133 99 28
133 66 28
133 51 28
134 22 28
134 140 28
134 25 28
134 141 28
135 56 28
135 8 28
136 144 28
136 8 28
136 129 28
136 19 28
136 122 28
137 137 28
137 62 28
137 80 28
137 120 28
137 64 28
137 109 28
138 63 28
139 26 28
140 24 28
140 131 28
140 125 28
140 3 28
141 16 28
141 34 28
141 90 28
141 33 28
142 38 28
142 18 28
142 97 28
142 147 28
142 30 28
143 143 28
143 43 28
143 84 28
143 144 28
144 114 28
144 21 28
144 43 28
144 90 28
144 126 28
144 79 28
145 22 28
145 147 28
145 123 28
146 136 28
146 75 28
146 38 28
146 37 28
147 77 28
147 116 28
147 65 28
148 60 28
148 28 28
148 100 28
149 59 28
149 128 28
149 129 28
150 76 28
150 43 28
0 18 29
0 14 29
0 70 29
0 46 29
0 64 29
0 86 29
0 34 29
1 93 29
1 1 29
1 57 29
1 75 29
1 144 29
1 60 29
2 146 29
2 94 29
2 107 29
3 18 29
3 3 29
3 135 29
3 55 29
3 49 29
3 30 29
3 118 29
3 62 29
4 145 29
4 1 29
4 64 29
5 96 29
5 30 29
5 7 29
5 128 29
5 114 29
5 53 29
5 20 29
5 97 29
5 115 29
6 46 29
6 33 29
6 140 29
6 88 29
6 138 29
6 1 29
7 30 29
7 142 29
7 99 29
7 44 29
7 117 29
8 9 29
8 8 29
8 50 29
8 16 29
8 11 29
8 81 29
8 89 29
9 57 29
9 11 29
9 21 29
9 118 29
9 68 29
10 10 29
10 39 29
10 100 29
10 56 29
10 135 29
11 148 29
11 22 29
11 119 29
11 75 29
11 145 29
11 10 29
11 149 29
12 95 29
12 75 29
12 108 29
12 129 29
13 44 29
13 106 29
13 8 29
13 99 29
13 29 29
13 125 29
14 149 29
14 134 29
14 106 29
14 87 29
14 36 29
14 13 29
14 8 29
14 62 29
14 57 29
15 89 29
15 98 29
15 116 29
15 111 29
15 82 29
15 45 29
15 44 29
16 106 29
16 68 29
17 17 29
17 61 29
17 135 29
17 81 29
18 18 29
18 21 29
18 96 29
18 43 29
18 29 29
19 31 29
19 0 29
19 139 29
19 67 29
19 28 29
20 60 29
20 35 29
20 20 29
20 103 29
20 34 29
21 13 29
21 119 29
21 67 29
21 28 29
21 102 29
22 22 29
22 32 29
22 135 29
22 49 29
22 20 29
22 6 29
22 38 29
23 132 29
23 66 29
23 114 29
23 129 29
23 124 29
24 50 29
24 142 29
24 141 29
24 90 29
24 43 29
24 93 29
25 28 29
25 121 29
26 74 29
26 6 29
26 80 29
26 57 29
26 47 29
26 144 29
26 0 29
26 59 29
27 27 29
27 115 29
27 137 29
28 58 29
28 85 29
28 121 29
28 110 29
28 100 29
29 29 29
29 137 29
29 86 29
29 43 29
29 52 29
29 19 29
29 4 29
29 107 29
29 96 29
30 30 29
30 11 29
30 130 29
30 124 29
30 109 29
30 122 29
30 94 29
31 31 29
31 122 29
31 18 29
31 111 29
32 101 29
32 30 29
32 20 29
32 86 29
33 29 29
33 1 29
33 131 29
33 101 29
33 49 29
33 146 29
33 72 29
33 81 29
34 75 29
34 38 29
34 130 29
34 134 29
34 65 29
34 44 29
35 64 29
35 73 29
35 49 29
35 110 29
35 86 29
35 33 29
35 139 29
35 79 29
36 37 29
36 126 29
36 6 29
36 86 29
37 119 29
37 118 29
37 81 29
37 43 29
37 111 29
37 106 29
37 41 29
38 23 29
38 111 29
38 43 29
38 47 29
38 1 29
39 39 29
39 71 29
39 50 29
40 45 29
40 69 29
41 32 29
41 96 29
41 138 29
41 16 29
41 150 29
42 10 29
42 139 29
42 111 29
42 12 29
43 43 29
43 128 29
43 13 29
44 15 29
44 144 29
44 107 29
44 46 29
44 55 29
44 59 29
44 27 29
44 36 29
44 143 29
44 80 29
45 45 29
45 76 29
45 28 29
45 106 29
45 35 29
46 4 29
46 124 29
46 126 29
46 18 29
47 51 29
47 79 29
47 88 29
47 63 29
47 39 29
48 72 29
48 118 29
48 103 29
48 55 29
49 120 29
49 82 29
49 32 29
49 26 29
49 123 29
49 37 29
49 122 29
50 42 29
50 9 29
50 134 29
50 77 29
50 21 29
50 141 29
51 81 29
51 44 29
51 76 29
51 42 29
51 107 29
51 83 29
52 55 29
52 123 29
53 145 29
53 23 29
53 110 29
54 54 29
54 55 29
54 136 29
54 131 29
55 120 29
55 55 29
55 111 29
55 3 29
55 96 29
55 20 29
55 6 29
55 100 29
55 99 29
55 76 29
55 98 29
56 56 29
56 147 29
56 142 29
56 114 29
56 38 29
56 32 29
56 13 29
56 98 29
56 129 29
56 87 29
56 27 29
57 37 29
57 57 29
57 83 29
57 21 29
57 11 29
57 105 29
57 132 29
57 90 29
57 76 29
57 52 29
57 15 29
58 70 29
58 44 29
58 142 29
58 109 29
58 127 29
59 55 29
59 36 29
59 31 29
59 17 29
59 110 29
59 67 29
59 28 29
59 78 29
60 125 29
60 39 29
60 146 29
60 80 29
61 103 29
61 80 29
61 15 29
61 33 29
61 36 29
62 62 29
62 81 29
62 10 29
62 18 29
63 88 29
63 13 29
63 96 29
63 77 29
64 31 29
64 81 29
64 28 29
64 37 29
64 138 29
65 54 29
65 7 29
65 84 29
65 5 29
65 13 29
66 20 29
66 109 29
66 127 29
66 104 29
66 108 29
67 67 29
67 26 29
67 2 29
67 99 29
67 62 29
67 48 29
67 135 29
67 112 29
67 129 29
68 56 29
68 83 29
68 120 29
68 50 29
68 53 29
68 132 29
68 28 29
68 5 29
69 8 29
69 104 29
69 75 29
69 111 29
69 25 29
70 61 29
70 121 29
70 4 29
71 71 29
71 106 29
71 30 29
71 132 29
71 118 29
72 72 29
72 3 29
72 89 29
72 32 29
72 106 29
72 101 29
72 62 29
73 55 29
73 46 29
74 61 29
74 92 29
74 112 29
74 52 29
74 109 29
75 138 29
75 3 29
75 110 29
75 105 29
75 6 29
75 118 29
75 83 29
75 50 29
76 83 29
76 59 29
76 72 29
76 11 29
76 15 29
76 118 29
76 113 29
76 85 29
76 70 29
77 94 29
77 22 29
77 21 29
78 68 29
78 44 29
78 20 29
78 123 29
78 108 29
78 150 29
78 19 29
79 42 29
79 83 29
79 117 29
80 1 29
80 94 29
80 24 29
80 115 29
81 81 29
81 7 29
81 127 29
82 145 29
82 149 29
82 144 29
82 134 29
82 110 29
82 138 29
82 86 29
83 83 29
83 128 29
83 109 29
83 76 29
83 56 29
83 24 29
83 0 29
83 121 29
83 97 29
83 53 29
84 6 29
84 66 29
84 24 29
84 5 29
84 9 29
85 61 29
85 14 29
85 0 29
85 139 29
85 87 29
85 123 29
85 95 29
86 147 29
86 1 29
86 60 29
86 149 29
86 69 29
87 126 29
87 115 29
87 78 29
87 146 29
87 19 29
88 88 29
88 66 29
88 30 29
88 94 29
88 32 29
88 58 29
88 17 29
88 53 29
88 25 29
89 40 29
89 137 29
89 114 29
89 1 29
89 81 29
89 103 29
89 23 29
89 148 29
90 28 29
90 32 29
90 144 29
90 143 29
90 118 29
90 131 29
90 76 29
91 60 29
91 91 29
91 75 29
91 0 29
91 27 29
91 116 29
91 134 29
91 120 29
91 3 29
92 59 29
92 137 29
92 86 29
92 108 29
92 150 29
92 23 29
92 0 29
92 121 29
93 65 29
93 14 29
93 112 29
94 21 29
94 118 29
94 122 29
95 124 29
95 77 29
95 9 29
96 96 29
96 131 29
96 139 29
96 83 29
96 39 29
97 97 29
97 72 29
97 142 29
97 128 29
97 10 29
97 140 29
97 78 29
97 45 29
98 96 29
99 86 29
99 111 29
99 72 29
100 56 29
101 101 29
101 24 29
101 148 29
101 120 29
101 114 29
101 71 29
101 52 29
102 43 29
102 4 29
102 59 29
102 53 29
103 73 29
103 30 29
104 80 29
104 42 29
104 140 29
105 63 29
105 72 29
105 35 29
105 103 29
105 126 29
105 18 29
105 134 29
106 143 29
106 120 29
106 87 29
106 77 29
106 24 29
107 113 29
107 75 29
107 110 29
108 72 29
108 123 29
108 53 29
109 131 29
109 121 29
109 73 29
109 22 29
109 3 29
109 105 29
110 126 29
110 87 29
110 77 29
110 86 29
111 111 29
111 91 29
111 142 29
111 141 29
111 37 29
111 121 29
112 23 29
112 83 29
112 29 29
112 15 29
112 10 29
112 90 29
113 118 29
113 117 29
113 144 29
113 120 29
113 83 29
113 92 29
113 36 29
114 114 29
114 141 29
114 15 29
114 61 29
115 128 29
116 34 29
116 116 29
116 83 29
116 45 29
116 128 29
116 123 29
117 118 29
117 0 29
117 133 29
117 43 29
118 139 29
118 73 29
118 26 29
118 39 29
118 141 29
119 73 29
119 81 29
119 94 29
119 71 29
119 37 29
119 4 29
120 42 29
120 41 29
120 135 29
120 27 29
120 4 29
120 83 29
120 85 29
120 75 29
121 121 29
121 81 29
121 61 29
121 120 29
121 26 29
122 124 29
122 128 29
122 48 29
122 6 29
123 46 29
123 13 29
123 31 29
123 48 29
124 118 29
124 96 29
124 59 29
125 130 29
126 125 29
126 26 29
126 142 29
126 104 29
127 127 29
127 81 29
127 136 29
127 104 29
127 126 29
127 28 29
127 148 29
128 27 29
128 42 29
129 129 29
129 6 29
129 51 29
129 133 29
129 78 29
130 40 29
130 30 29
130 81 29
130 19 29
131 83 29
131 22 29
131 62 29
131 107 29
132 117 29
132 52 29
132 46 29
132 23 29
132 124 29
132 83 29
132 35 29
133 68 29
133 34 29
133 70 29
133 9 29
134 80 29
134 13 29
134 127 29
134 1 29
135 27 29
135 118 29
135 140 29
135 82 29
136 50 29
136 129 29
136 145 29
136 113 29
136 85 29
136 98 29
136 69 29
137 137 29
137 131 29
137 127 29
138 20 29
138 76 29
138 112 29
138 17 29
139 139 29
139 116 29
139 132 29
139 150 29
139 6 29
139 74 29
140 14 29
140 139 29
140 116 29
141 141 29
141 140 29
141 62 29
141 146 29
141 19 29
141 31 29
142 142 29
142 38 29
142 107 29
142 115 29
142 92 29
142 87 29
142 100 29
143 143 29
143 12 29
143 23 29
143 50 29
144 144 29
144 73 29
144 95 29
144 80 29
144 60 29
145 145 29
145 121 29
145 22 29
145 58 29
146 72 29
146 76 29
146 66 29
146 22 29
147 147 29
147 59 29
147 90 29
147 62 29
147 142 29
147 113 29
147 56 29
149 110 29
149 11 29
149 66 29
149 52 29
149 79 29
149 148 29
150 46 29
150 13 29
150 101 29
150 25 29
150 128 29
150 85 29
0 19 30
0 2 30
0 75 30
0 4 30
0 105 30
1 1 30
1 76 30
1 15 30
1 44 30
1 16 30
2 7 30
2 85 30
2 94 30
2 80 30
2 135 30
2 107 30
3 3 30
3 60 30
4 95 30
4 81 30
4 11 30
4 33 30
4 46 30
4 73 30
5 65 30
5 83 30
5 49 30
5 127 30
5 130 30
6 102 30
6 110 30
6 26 30
6 7 30
6 94 30
7 3 30
7 105 30
7 77 30
7 126 30
7 116 30
7 45 30
8 8 30
8 35 30
8 109 30
8 67 30
9 84 30
9 74 30
9 139 30
9 100 30
10 10 30
10 38 30
10 56 30
11 9 30
11 98 30
11 64 30
11 62 30
11 43 30
11 33 30
12 62 30
12 20 30
12 84 30
12 147 30
13 102 30
14 33 30
14 145 30
14 83 30
14 114 30
14 123 30
14 81 30
15 103 30
15 33 30
15 121 30
15 4 30
15 101 30
16 60 30
16 129 30
16 115 30
16 124 30
17 41 30
17 129 30
17 7 30
18 18 30
18 137 30
18 66 30
18 56 30
18 15 30
18 144 30
19 8 30
19 137 30
19 15 30
19 131 30
20 20 30
20 67 30
20 80 30
20 150 30
20 133 30
21 63 30
21 76 30
21 125 30
22 22 30
22 9 30
22 68 30
22 40 30
22 49 30
23 23 30
23 76 30
23 37 30
23 49 30
23 142 30
24 124 30
24 43 30
26 39 30
26 27 30
27 96 30
27 44 30
27 119 30
27 6 30
27 47 30
27 9 30
27 112 30
28 28 30
28 79 30
28 73 30
28 17 30
28 127 30
29 29 30
29 13 30
29 61 30
29 136 30
29 121 30
29 130 30
30 61 30
30 30 30
30 134 30
30 97 30
30 12 30
30 10 30
31 15 30
31 107 30
31 60 30
31 22 30
31 30 30
31 142 30
32 73 30
32 42 30
32 18 30
33 85 30
33 73 30
33 31 30
33 90 30
33 66 30
34 128 30
34 146 30
34 89 30
34 70 30
34 24 30
34 46 30
35 113 30
35 32 30
36 62 30
36 43 30
36 10 30
36 23 30
36 126 30
36 144 30
36 116 30
36 106 30
36 143 30
36 39 30
36 123 30
36 90 30
37 35 30
37 12 30
37 10 30
37 122 30
37 112 30
37 78 30
38 125 30
38 68 30
38 8 30
38 7 30
38 44 30
39 39 30
39 66 30
39 74 30
39 101 30
39 45 30
39 21 30
40 142 30
40 135 30
40 107 30
41 115 30
41 49 30
41 122 30
42 17 30
43 40 30
43 85 30
44 44 30
44 65 30
44 108 30
44 94 30
45 45 30
45 21 30
45 30 30
45 94 30
45 66 30
45 43 30
45 115 30
45 26 30
46 93 30
46 120 30
46 68 30
46 119 30
46 94 30
46 71 30
47 80 30
47 89 30
47 148 30
47 93 30
47 106 30
47 77 30
47 72 30
47 49 30
48 11 30
48 36 30
48 84 30
48 9 30
48 55 30
49 115 30
49 85 30
49 150 30
50 91 30
50 4 30
50 3 30
50 105 30
51 100 30
51 50 30
51 72 30
51 53 30
51 138 30
51 106 30
52 83 30
52 17 30
52 3 30
52 66 30
53 34 30
53 20 30
53 85 30
53 65 30
54 54 30
54 87 30
54 113 30
54 80 30
54 135 30
55 14 30
55 106 30
55 101 30
55 30 30
55 109 30
55 95 30
56 56 30
56 138 30
56 142 30
56 43 30
56 52 30
56 149 30
56 96 30
57 57 30
57 19 30
57 135 30
58 108 30
58 92 30
58 63 30
58 142 30
58 34 30
58 6 30
59 134 30
60 102 30
60 78 30
60 58 30
60 16 30
61 89 30
61 15 30
61 0 30
61 49 30
62 62 30
62 77 30
62 118 30
62 75 30
62 19 30
62 115 30
63 141 30
63 10 30
63 116 30
63 64 30
63 32 30
63 35 30
63 119 30
63 77 30
63 113 30
64 132 30
64 100 30
64 93 30
65 138 30
65 69 30
65 34 30
65 136 30
65 122 30
66 37 30
66 27 30
66 36 30
66 58 30
67 103 30
67 47 30
67 56 30
67 13 30
68 34 30
68 95 30
68 51 30
69 117 30
69 134 30
69 105 30
69 40 30
69 6 30
70 41 30
70 113 30
70 90 30
70 136 30
70 79 30
71 145 30
71 37 30
71 140 30
71 5 30
71 68 30
71 7 30
71 84 30
72 72 30
72 19 30
72 113 30
72 23 30
72 102 30
72 138 30
72 73 30
73 74 30
73 44 30
73 30 30
73 81 30
73 99 30
73 107 30
74 72 30
74 37 30
75 90 30
75 14 30
75 64 30
76 77 30
76 58 30
76 136 30
77 77 30
77 99 30
77 50 30
77 53 30
77 6 30
77 95 30
78 3 30
78 124 30
78 11 30
78 109 30
78 33 30
78 110 30
79 25 30
79 80 30
79 66 30
79 52 30
80 98 30
80 3 30
80 12 30
80 16 30
81 81 30
82 29 30
82 15 30
82 8 30
82 86 30
82 57 30
82 43 30
83 83 30
83 122 30
83 4 30
83 106 30
83 72 30
84 68 30
84 67 30
84 56 30
84 145 30
85 33 30
85 96 30
85 82 30
85 36 30
86 58 30
86 137 30
86 113 30
86 37 30
86 91 30
87 115 30
87 64 30
87 22 30
87 42 30
88 88 30
88 103 30
88 33 30
88 115 30
88 73 30
88 11 30
89 142 30
89 119 30
89 136 30
90 13 30
90 22 30
90 129 30
90 101 30
90 142 30
90 7 30
90 119 30
90 146 30
91 76 30
91 84 30
91 18 30
91 139 30
91 40 30
92 86 30
92 70 30
92 47 30
92 13 30
93 36 30
93 139 30
93 115 30
93 45 30
93 113 30
93 98 30
94 133 30
94 118 30
94 23 30
94 45 30
94 44 30
95 136 30
95 134 30
95 91 30
95 77 30
96 96 30
96 66 30
96 140 30
96 119 30
97 109 30
97 37 30
97 144 30
97 17 30
98 138 30
98 64 30
98 54 30
98 42 30
98 60 30
99 117 30
99 56 30
99 23 30
99 111 30
99 50 30
100 96 30
100 39 30
100 51 30
101 119 30
101 69 30
101 44 30
101 15 30
101 56 30
102 103 30
102 66 30
102 52 30
102 110 30
102 100 30
102 45 30
103 53 30
103 146 30
103 136 30
103 80 30
103 56 30
103 5 30
103 4 30
104 28 30
104 101 30
104 3 30
104 99 30
105 31 30
105 99 30
105 42 30
105 112 30
105 74 30
106 50 30
106 63 30
106 35 30
106 132 30
106 109 30
106 10 30
106 18 30
107 85 30
107 112 30
107 62 30
107 65 30
107 5 30
107 32 30
107 15 30
108 22 30
108 105 30
108 118 30
108 81 30
108 145 30
108 13 30
108 60 30
109 150 30
109 148 30
109 102 30
109 87 30
109 55 30
109 133 30
109 100 30
109 57 30
110 148 30
110 22 30
110 3 30
110 7 30
111 7 30
111 146 30
111 61 30
111 139 30
111 106 30
112 41 30
112 78 30
112 108 30
113 33 30
113 139 30
113 96 30
114 86 30
114 34 30
114 20 30
114 57 30
114 61 30
115 61 30
115 38 30
115 105 30
115 3 30
116 147 30
116 65 30
116 24 30
116 129 30
116 73 30
117 101 30
117 31 30
117 44 30
118 93 30
118 133 30
118 101 30
119 25 30
119 69 30
119 14 30
120 149 30
120 83 30
120 72 30
120 133 30
120 56 30
121 62 30
121 21 30
122 105 30
122 0 30
122 93 30
122 47 30
123 61 30
123 38 30
123 47 30
123 78 30
123 100 30
123 147 30
123 12 30
123 11 30
123 15 30
123 122 30
123 103 30
124 20 30
124 42 30
124 13 30
124 96 30
124 86 30
125 23 30
125 125 30
125 122 30
125 99 30
126 94 30
126 93 30
126 23 30
126 31 30
126 95 30
127 127 30
127 85 30
127 74 30
127 139 30
127 115 30
127 87 30
127 105 30
128 3 30
128 98 30
129 129 30
129 47 30
129 33 30
129 111 30
129 100 30
129 45 30
129 44 30
130 86 30
130 85 30
130 71 30
130 116 30
131 60 30
131 128 30
131 40 30
131 10 30
131 90 30
131 108 30
132 141 30
132 84 30
132 110 30
133 129 30
133 90 30
133 126 30
133 46 30
133 140 30
133 139 30
134 125 30
134 22 30
134 123 30
135 62 30
135 7 30
135 117 30
136 139 30
136 44 30
136 107 30
136 37 30
137 112 30
137 137 30
137 120 30
137 138 30
137 106 30
137 119 30
138 62 30
138 48 30
138 25 30
138 98 30
138 55 30
138 139 30
138 22 30
139 14 30
139 53 30
139 141 30
139 145 30
139 52 30
139 56 30
139 33 30
140 140 30
140 29 30
140 47 30
140 115 30
140 81 30
140 48 30
141 141 30
141 147 30
141 119 30
141 146 30
141 52 30
142 71 30
142 51 30
142 0 30
142 133 30
142 117 30
142 112 30
143 143 30
143 43 30
143 47 30
143 32 30
143 36 30
143 45 30
144 111 30
144 34 30
144 70 30
145 37 30
145 88 30
145 69 30
145 111 30
145 100 30
145 77 30
146 18 30
146 94 30
146 4 30
146 125 30
146 106 30
146 55 30
147 27 30
147 138 30
147 105 30
147 71 30
147 24 30
148 94 30
148 98 30
148 75 30
148 65 30
148 4 30
148 3 30
148 62 30
149 15 30
149 90 30
149 23 30
150 54 30
150 132 30
150 108 30
0 137 31
0 107 31
0 26 31
0 53 31
0 33 31
1 103 31
2 110 31
2 118 31
2 90 31
2 47 31
2 130 31
3 3 31
3 87 31
3 17 31
4 6 31
4 108 31
4 3 31
5 21 31
5 119 31
6 13 31
6 129 31
7 12 31
7 16 31
7 96 31
7 37 31
7 97 31
7 92 31
7 73 31
7 148 31
8 8 31
8 54 31
9 129 31
10 7 31
10 16 31
11 126 31
11 138 31
11 30 31
12 104 31
12 59 31
12 16 31
13 68 31
13 71 31
13 29 31
13 9 31
13 121 31
14 18 31
15 100 31
15 145 31
15 106 31
16 62 31
17 136 31
17 64 31
17 142 31
18 110 31
19 102 31
19 142 31
20 64 31
20 27 31
20 146 31
20 114 31
20 91 31
21 2 31
21 136 31
22 76 31
22 48 31
22 70 31
23 86 31
23 150 31
24 110 31
25 84 31
25 40 31
25 133 31
26 6 31
26 67 31
26 70 31
26 44 31
27 30 31
27 128 31
27 100 31
27 131 31
27 126 31
29 29 31
29 84 31
30 61 31
30 30 31
30 93 31
30 2 31
31 85 31
31 61 31
31 120 31
31 41 31
31 49 31
31 11 31
31 6 31
32 100 31
32 145 31
32 37 31
32 0 31
32 129 31
32 115 31
33 144 31
34 57 31
34 98 31
34 50 31
35 25 31
36 105 31
37 59 31
38 103 31
38 133 31
38 86 31
38 67 31
38 149 31
39 47 31
39 134 31
39 120 31
39 74 31
40 110 31
40 104 31
41 71 31
41 120 31
42 72 31
43 43 31
43 105 31
43 32 31
44 9 31
44 14 31
44 23 31
45 105 31
45 84 31
47 80 31
47 37 31
47 126 31
47 125 31
47 102 31
47 110 31
47 39 31
48 97 31
50 150 31
50 111 31
51 8 31
52 52 31
52 28 31
52 116 31
52 82 31
52 26 31
52 53 31
52 75 31
53 70 31
53 129 31
53 92 31
55 9 31
55 96 31
55 104 31
56 56 31
57 45 31
57 22 31
57 12 31
57 61 31
58 149 31
58 32 31
58 40 31
58 30 31
59 55 31
59 14 31
59 9 31
60 130 31
60 22 31
60 87 31
61 51 31
62 122 31
62 76 31
62 51 31
63 150 31
63 93 31
63 132 31
63 62 31
64 114 31
64 127 31
64 14 31
65 24 31
66 134 31
66 88 31
66 12 31
66 91 31
67 1 31
67 125 31
68 68 31
68 69 31
68 133 31
68 117 31
68 38 31
69 88 31
69 44 31
69 146 31
71 125 31
71 45 31
72 20 31
72 88 31
72 26 31
73 96 31
73 12 31
73 128 31
73 48 31
74 48 31
74 33 31
74 87 31
75 7 31
75 114 31
75 76 31
75 89 31
77 77 31
77 36 31
78 142 31
78 98 31
79 126 31
79 100 31
81 81 31
81 105 31
81 146 31
81 80 31
81 24 31
81 19 31
82 107 31
83 83 31
83 61 31
83 125 31
84 126 31
85 99 31
86 65 31
87 148 31
87 58 31
87 39 31
87 133 31
87 105 31
87 118 31
87 24 31
87 140 31
87 117 31
88 88 31
88 34 31
88 10 31
88 14 31
89 77 31
89 131 31
90 60 31
90 36 31
90 44 31
90 6 31
90 108 31
91 61 31
91 53 31
92 44 31
93 117 31
94 109 31
94 88 31
94 36 31
95 27 31
95 80 31
95 75 31
96 104 31
96 108 31
96 47 31
96 107 31
96 143 31
96 77 31
96 45 31
97 97 31
99 145 31
99 87 31
99 63 31
99 22 31
99 17 31
100 144 31
101 33 31
101 44 31
101 61 31
102 25 31
102 55 31
102 110 31
103 69 31
103 147 31
103 25 31
104 50 31
104 59 31
105 138 31
105 137 31
105 46 31
105 112 31
106 91 31
106 68 31
106 23 31
107 108 31
107 95 31
108 14 31
108 69 31
109 10 31
109 140 31
109 89 31
110 6 31
110 127 31
111 20 31
111 113 31
111 107 31
113 47 31
113 103 31
113 80 31
113 58 31
114 117 31
115 98 31
115 37 31
116 66 31
116 78 31
117 119 31
118 8 31
118 11 31
119 88 31
120 33 31
120 148 31
120 101 31
120 128 31
120 100 31
121 25 31
121 123 31
121 113 31
121 81 31
121 60 31
122 72 31
123 38 31
123 78 31
123 20 31
123 126 31
124 99 31
125 125 31
125 3 31
125 123 31
125 95 31
126 33 31
126 28 31
126 37 31
126 123 31
127 127 31
127 30 31
127 104 31
127 94 31
128 41 31
128 13 31
128 96 31
129 88 31
129 8 31
130 0 31
131 3 31
131 39 31
131 5 31
131 85 31
132 112 31
132 93 31
132 148 31
132 100 31
133 106 31
133 39 31
133 33 31
134 134 31
135 53 31
135 18 31
136 130 31
136 43 31
136 145 31
136 5 31
137 145 31
137 95 31
137 28 31
137 125 31
137 105 31
137 64 31
138 105 31
138 12 31
138 8 31
139 63 31
139 58 31
139 43 31
139 6 31
140 51 31
140 134 31
141 141 31
141 129 31
142 23 31
143 143 31
143 56 31
144 82 31
144 24 31
144 41 31
145 145 31
145 112 31
145 33 31
145 19 31
146 104 31
147 109 31
147 54 31
147 35 31
147 2 31
147 132 31
147 0 31
148 1 31
148 81 31
148 76 31
0 112 32
0 129 32
0 119 32
1 81 32
1 109 32
2 36 32
2 110 32
2 20 32
2 55 32
3 3 32
3 80 32
4 37 32
5 35 32
6 14 32
7 113 32
7 23 32
7 97 32
7 87 32
8 8 32
8 148 32
8 106 32
8 60 32
8 118 32
8 25 32
8 24 32
9 15 32
9 100 32
10 145 32
12 34 32
12 19 32
12 40 32
12 3 32
13 55 32
13 50 32
13 26 32
13 0 32
14 150 32
14 106 32
14 60 32
16 69 32
16 34 32
16 14 32
16 130 32
17 150 32
17 135 32
17 120 32
18 128 32
18 109 32
18 37 32
18 139 32
18 79 32
19 36 32
19 8 32
19 131 32
19 135 32
20 148 32
20 20 32
20 145 32
21 142 32
21 16 32
23 23 32
23 86 32
23 39 32
23 54 32
24 128 32
24 6 32
24 136 32
24 5 32
25 25 32
25 43 32
25 24 32
25 66 32
26 120 32
27 129 32
27 26 32
27 118 32
27 104 32
27 65 32
27 15 32
28 19 32
28 140 32
28 117 32
28 133 32
29 29 32
29 137 32
29 22 32
29 135 32
30 106 32
30 77 32
30 16 32
30 108 32
31 62 32
31 84 32
32 96 32
32 94 32
32 48 32
32 125 32
33 145 32
33 78 32
33 11 32
34 122 32
35 78 32
36 89 32
36 35 32
36 25 32
36 137 32
37 90 32
37 93 32
38 104 32
38 53 32
39 126 32
40 134 32
41 10 32
41 112 32
42 63 32
42 62 32
42 131 32
42 125 32
42 7 32
43 35 32
43 138 32
43 67 32
44 140 32
45 45 32
45 129 32
45 29 32
45 18 32
45 130 32
46 147 32
46 11 32
46 105 32
46 104 32
46 43 32
47 121 32
47 66 32
47 9 32
47 83 32
48 133 32
49 105 32
50 51 32
50 107 32
50 3 32
52 8 32
53 67 32
53 120 32
53 106 32
54 82 32
54 108 32
54 150 32
56 56 32
56 81 32
56 94 32
56 89 32
57 126 32
58 113 32
59 82 32
59 137 32
59 113 32
59 112 32
59 98 32
60 37 32
60 130 32
60 68 32
60 112 32
62 136 32
62 113 32
62 37 32
63 73 32
63 134 32
64 81 32
64 89 32
64 84 32
64 61 32
64 112 32
66 78 32
66 105 32
67 17 32
67 119 32
67 100 32
68 88 32
68 63 32
68 105 32
69 125 32
69 127 32
70 105 32
70 123 32
71 0 32
72 17 32
73 74 32
73 28 32
73 32 32
74 128 32
74 0 32
74 143 32
74 93 32
74 147 32
74 109 32
74 108 32
74 103 32
75 88 32
75 101 32
75 87 32
76 99 32
76 108 32
76 85 32
76 103 32
76 38 32
76 9 32
77 137 32
77 6 32
78 119 32
78 74 32
78 91 32
80 95 32
80 47 32
80 42 32
80 50 32
80 147 32
81 26 32
81 18 32
82 73 32
82 44 32
82 119 32
82 109 32
82 48 32
83 83 32
83 2 32
83 104 32
83 10 32
84 101 32
84 63 32
84 3 32
84 16 32
84 76 32
84 89 32
84 56 32
84 149 32
85 142 32
85 6 32
85 103 32
86 34 32
86 98 32
86 84 32
86 13 32
88 90 32
88 107 32
89 147 32
89 30 32
90 73 32
90 47 32
92 109 32
92 104 32
93 46 32
93 40 32
93 127 32
93 66 32
94 118 32
94 13 32
94 101 32
94 64 32
95 145 32
96 71 32
96 52 32
96 42 32
96 28 32
96 139 32
96 68 32
96 146 32
97 97 32
98 37 32
98 143 32
98 81 32
99 113 32
99 57 32
99 46 32
99 101 32
99 150 32
100 61 32
100 143 32
102 15 32
103 10 32
104 70 32
104 79 32
104 63 32
104 123 32
104 117 32
105 103 32
105 84 32
105 22 32
106 126 32
106 144 32
107 99 32
107 71 32
107 43 32
108 8 32
108 1 32
108 18 32
108 87 32
109 107 32
109 60 32
109 52 32
110 150 32
110 74 32
110 9 32
110 76 32
111 84 32
111 138 32
112 112 32
112 42 32
112 115 32
112 128 32
112 6 32
112 95 32
113 71 32
113 28 32
113 88 32
113 92 32
113 41 32
114 63 32
114 93 32
114 37 32
114 4 32
115 108 32
116 45 32
116 147 32
117 96 32
117 39 32
118 113 32
118 142 32
119 114 32
119 84 32
119 144 32
120 19 32
120 50 32
120 123 32
121 137 32
121 65 32
121 126 32
121 59 32
122 53 32
122 29 32
122 98 32
123 148 32
123 26 32
123 15 32
123 118 32
123 80 32
124 24 32
124 113 32
124 57 32
124 134 32
125 27 32
125 116 32
125 35 32
126 129 32
126 86 32
126 63 32
127 127 32
127 99 32
127 80 32
127 33 32
127 148 32
128 125 32
129 109 32
129 4 32
129 22 32
129 72 32
130 74 32
130 76 32
131 27 32
131 84 32
132 65 32
132 13 32
132 64 32
133 81 32
133 42 32
134 87 32
134 62 32
135 1 32
135 130 32
136 9 32
136 62 32
136 84 32
137 71 32
137 111 32
137 48 32
138 73 32
139 119 32
139 53 32
140 103 32
140 135 32
140 129 32
141 83 32
141 50 32
142 142 32
142 13 32
142 77 32
142 72 32
143 53 32
143 82 32
143 67 32
144 91 32
144 137 32
144 62 32
144 109 32
144 94 32
144 71 32
144 61 32
144 0 32
145 0 32
145 96 32
146 11 32
146 29 32
146 18 32
147 3 32
147 91 32
147 59 32
147 7 32
147 5 32
148 140 32
148 67 32
148 16 32
149 53 32
149 147 32
149 28 32
150 106 32
150 7 32
0 149 33
1 150 33
2 54 33
2 26 33
2 137 33
2 44 33
2 28 33
3 101 33
3 68 33
4 1 33
4 149 33
4 138 33
5 98 33
6 135 33
6 3 33
6 25 33
8 11 33
8 8 33
8 47 33
9 11 33
9 46 33
10 143 33
10 133 33
10 145 33
10 79 33
11 109 33
12 48 33
12 101 33
13 101 33
13 80 33
13 89 33
13 122 33
13 135 33
13 9 33
14 67 33
14 56 33
15 51 33
15 125 33
15 93 33
15 55 33
16 89 33
17 57 33
17 56 33
18 29 33
18 10 33
19 125 33
19 92 33
19 66 33
19 47 33
19 144 33
20 31 33
20 91 33
21 45 33
21 122 33
21 130 33
21 139 33
22 119 33
22 84 33
23 23 33
23 104 33
23 140 33
23 97 33
23 101 33
24 43 33
25 34 33
25 103 33
25 143 33
25 95 33
26 25 33
26 109 33
26 112 33
26 87 33
26 63 33
26 143 33
26 8 33
26 12 33
27 101 33
27 15 33
28 69 33
28 127 33
29 29 33
29 30 33
29 122 33
30 88 33
30 138 33
30 14 33
31 81 33
31 62 33
31 84 33
32 69 33
32 137 33
32 95 33
33 18 33
33 36 33
33 17 33
34 100 33
34 86 33
34 99 33
34 19 33
34 46 33
35 3 33
35 139 33
36 45 33
36 39 33
36 146 33
37 21 33
38 93 33
38 148 33
38 128 33
40 133 33
40 140 33
41 149 33
41 147 33
41 100 33
41 52 33
42 43 33
42 4 33
42 97 33
43 89 33
43 47 33
43 125 33
44 36 33
44 49 33
44 128 33
44 104 33
45 84 33
45 22 33
46 105 33
46 118 33
46 48 33
46 15 33
47 31 33
47 86 33
48 81 33
48 83 33
48 59 33
49 88 33
49 96 33
49 131 33
50 118 33
50 61 33
50 70 33
50 77 33
50 132 33
51 108 33
51 47 33
51 3 33
51 92 33
51 87 33
53 133 33
53 28 33
53 37 33
53 144 33
53 22 33
54 54 33
54 70 33
54 92 33
54 24 33
54 22 33
54 31 33
54 147 33
54 71 33
54 37 33
54 5 33
54 139 33
55 55 33
55 42 33
56 56 33
56 145 33
56 146 33
57 111 33
57 82 33
57 35 33
57 80 33
57 23 33
58 113 33
58 62 33
58 78 33
59 133 33
59 94 33
59 97 33
60 83 33
60 25 33
60 71 33
61 123 33
62 39 33
62 0 33
64 100 33
64 113 33
64 70 33
64 45 33
64 3 33
65 3 33
65 83 33
65 50 33
65 142 33
65 33 33
66 130 33
66 44 33
66 105 33
66 99 33
67 36 33
67 81 33
68 72 33
68 126 33
69 79 33
69 86 33
69 54 33
70 146 33
71 107 33
72 24 33
72 97 33
72 58 33
73 73 33
73 37 33
74 32 33
74 100 33
75 3 33
75 133 33
75 114 33
75 38 33
75 134 33
76 58 33
76 89 33
76 46 33
76 144 33
77 112 33
77 123 33
78 77 33
78 36 33
78 92 33
79 131 33
79 41 33
80 101 33
80 105 33
80 11 33
81 109 33
81 85 33
81 33 33
82 38 33
82 79 33
82 21 33
82 119 33
82 113 33
83 83 33
83 57 33
83 131 33
83 102 33
83 120 33
84 36 33
85 85 33
85 105 33
85 53 33
86 7 33
87 101 33
87 63 33
87 136 33
87 86 33
87 38 33
88 109 33
88 32 33
88 148 33
88 93 33
88 53 33
88 6 33
90 130 33
90 84 33
91 76 33
91 50 33
92 128 33
92 85 33
92 29 33
93 91 33
93 46 33
93 101 33
93 75 33
94 4 33
94 129 33
94 41 33
95 86 33
95 54 33
95 141 33
95 76 33
96 38 33
96 8 33
96 78 33
96 49 33
97 97 33
97 66 33
97 19 33
98 48 33
98 60 33
99 135 33
99 134 33
100 67 33
100 99 33
100 14 33
101 27 33
102 85 33
102 94 33
102 83 33
102 31 33
103 69 33
104 149 33
104 92 33
105 118 33
106 138 33
106 146 33
106 84 33
106 140 33
106 32 33
107 117 33
107 112 33
107 102 33
107 96 33
107 63 33
108 44 33
108 1 33
108 38 33
108 0 33
109 139 33
109 97 33
109 69 33
109 58 33
110 4 33
111 36 33
111 40 33
111 102 33
111 106 33
112 3 33
113 2 33
113 70 33
113 23 33
113 72 33
114 3 33
115 65 33
115 109 33
116 3 33
117 77 33
117 113 33
117 80 33
118 16 33
119 96 33
119 126 33
119 66 33
120 9 33
120 53 33
121 121 33
121 15 33
122 39 33
122 102 33
123 46 33
123 148 33
123 131 33
124 129 33
125 148 33
125 91 33
125 44 33
126 48 33
127 95 33
127 9 33
127 100 33
128 43 33
128 131 33
128 89 33
129 129 33
130 10 33
131 22 33
131 116 33
131 137 33
132 79 33
133 43 33
134 9 33
134 52 33
134 50 33
134 141 33
135 21 33
135 72 33
136 149 33
136 32 33
137 90 33
137 83 33
137 67 33
139 41 33
139 18 33
139 54 33
139 52 33
139 61 33
140 134 33
141 14 33
141 13 33
142 71 33
142 63 33
142 31 33
142 10 33
143 47 33
143 31 33
144 17 33
144 96 33
144 67 33
144 39 33
144 145 33
144 84 33
145 6 33
145 118 33
145 140 33
146 50 33
146 12 33
146 7 33
146 81 33
146 130 33
146 78 33
147 144 33
147 130 33
147 106 33
147 80 33
147 79 33
147 83 33
148 144 33
148 58 33
148 34 33
149 114 33
149 17 33
150 79 33
150 83 33
150 141 33
150 15 33
150 103 33
0 5 34
0 144 34
0 33 34
1 93 34
2 28 34
2 23 34
7 118 34
7 134 34
8 49 34
9 127 34
9 41 34
10 131 34
10 144 34
10 139 34
10 59 34
11 124 34
11 64 34
15 118 34
15 136 34
18 18 34
18 1 34
20 81 34
21 66 34
23 23 34
23 75 34
24 106 34
24 69 34
24 46 34
24 84 34
25 133 34
28 150 34
29 7 34
29 126 34
29 39 34
30 112 34
33 131 34
35 101 34
35 84 34
37 101 34
37 29 34
38 87 34
39 8 34
40 100 34
44 100 34
44 28 34
46 15 34
49 67 34
51 132 34
51 81 34
55 4 34
56 56 34
57 48 34
57 51 34
58 87 34
60 52 34
60 15 34
61 35 34
64 10 34
66 137 34
67 11 34
71 145 34
71 87 34
75 45 34
76 78 34
79 62 34
81 30 34
81 52 34
81 60 34
83 83 34
83 25 34
84 113 34
84 110 34
85 104 34
87 42 34
88 128 34
89 115 34
91 52 34
91 46 34
91 96 34
93 70 34
93 35 34
97 42 34
97 125 34
98 0 34
99 148 34
100 33 34
101 104 34
104 104 34
104 66 34
105 106 34
106 43 34
108 117 34
108 53 34
113 46 34
114 133 34
116 144 34
117 142 34
122 123 34
125 110 34
126 44 34
127 20 34
128 51 34
129 117 34
129 76 34
131 48 34
131 100 34
132 146 34
132 122 34
132 90 34
134 99 34
136 128 34
138 133 34
141 29 34
144 27 34
144 57 34
145 43 34
146 93 34
148 145 34
149 30 34
0 147 35
8 134 35
23 23 35
61 108 35
89 99 35
17 33 36
23 23 36
32 105 36
42 22 36
64 109 36
77 77 36
80 48 36
108 139 36
129 22 36
142 79 36
3 50 37
23 23 37
23 12 37
42 72 37
49 99 37
68 83 37
83 53 37
99 64 37
106 149 37
124 134 37
134 38 37
134 136 37
136 147 37
137 122 37
142 130 37
145 6 37
