0 1028 0
0 1063 0
2 1895 0
9 1894 0
16 1017 0
16 1027 0
21 1271 0
21 1282 0
35 1888 0
37 977 0
37 1016 0
47 1873 0
48 1872 0
71 940 0
71 976 0
76 936 0
76 939 0
83 927 0
83 935 0
85 1859 0
107 921 0
107 922 0
115 1806 0
123 866 0
123 868 0
127 1805 0
134 1804 0
167 1803 0
198 1793 0
212 1123 0
212 1127 0
212 1131 0
214 846 0
214 848 0
237 1791 0
241 686 0
241 687 0
241 689 0
241 702 0
258 828 0
258 829 0
264 1790 0
301 1789 0
311 1788 0
312 1785 0
315 1784 0
318 812 0
318 813 0
325 1776 0
347 654 0
347 655 0
347 656 0
347 672 0
353 728 0
353 781 0
356 1764 0
362 1762 0
369 1742 0
403 724 0
403 727 0
425 1741 0
427 1739 0
444 1727 0
463 1071 0
463 1096 0
463 1097 0
473 1723 0
485 1717 0
488 702 0
488 723 0
501 1716 0
518 1715 0
540 1571 0
540 1572 0
540 921 0
540 922 0
540 1140 0
540 1141 0
547 1714 0
549 1265 0
549 1270 0
563 687 0
563 689 0
569 1708 0
589 939 0
589 940 0
589 1063 0
590 1690 0
603 1233 0
603 1249 0
613 1689 0
628 1686 0
632 672 0
632 686 0
654 1685 0
657 1678 0
668 1677 0
699 655 0
699 656 0
700 1669 0
705 642 0
705 654 0
711 1668 0
719 603 0
719 604 0
719 616 0
719 622 0
725 1661 0
741 1660 0
762 622 0
762 640 0
766 1625 0
769 381 0
769 392 0
769 530 0
769 598 0
783 607 0
783 616 0
786 604 0
786 606 0
803 248 0
803 250 0
803 251 0
803 380 0
834 1571 0
834 1572 0
834 1233 0
834 1249 0
834 220 0
834 392 0
839 598 0
839 603 0
859 1618 0
866 1186 0
866 1188 0
872 1612 0
877 1611 0
882 573 0
882 574 0
902 1618 0
902 1685 0
902 1686 0
902 220 0
902 248 0
934 566 0
934 568 0
948 1589 0
956 548 0
956 549 0
1004 1588 0
1015 494 0
1015 530 0
1022 469 0
1022 477 0
1035 1572 0
1038 454 0
1038 455 0
1050 392 0
1050 447 0
1067 1571 0
1068 1559 0
1078 1558 0
1080 381 0
1080 391 0
1081 1554 0
1099 1553 0
1103 1497 0
1105 1493 0
1118 1492 0
1134 1469 0
1146 1123 0
1158 370 0
1158 380 0
1173 1435 0
1174 1685 0
1174 1686 0
1174 21 0
1174 220 0
1177 927 0
1177 935 0
1177 936 0
1185 1419 0
1202 1417 0
1214 368 0
1214 369 0
1218 1385 0
1226 1384 0
1231 301 0
1231 311 0
1268 250 0
1268 251 0
1270 1097 0
1274 1435 0
1274 1571 0
1274 1572 0
1274 1618 0
1290 1140 0
1290 1141 0
1290 1233 0
1290 1249 0
1291 1380 0
1318 244 0
1318 248 0
1347 1362 0
1349 1326 0
1375 220 0
1375 243 0
1379 1325 0
1392 199 0
1392 200 0
1415 1316 0
1419 829 0
1419 921 0
1419 922 0
1434 182 0
1434 183 0
1435 1140 0
1435 1141 0
1451 687 0
1451 921 0
1451 922 0
1451 927 0
1455 1312 0
1468 1307 0
1478 100 0
1478 101 0
1487 1300 0
1489 1282 0
1494 1279 0
1501 1271 0
1502 87 0
1502 89 0
1506 79 0
1506 84 0
1518 1270 0
1527 21 0
1527 60 0
1530 2 0
1530 3 0
1544 1265 0
1547 1254 0
1576 1872 0
1576 1873 0
1578 1762 0
1578 1776 0
1584 1717 0
1584 1723 0
1588 1096 0
1590 1233 0
1590 1249 0
1590 1435 0
1590 1571 0
1590 1572 0
1612 1165 0
1612 1168 0
1621 1715 0
1621 1716 0
1625 1071 0
1631 1708 0
1631 1714 0
1641 1253 0
1646 1249 0
1650 1689 0
1650 1690 0
1652 1233 0
1656 1685 0
1656 1686 0
1659 1188 0
1667 1677 0
1667 1678 0
1675 1668 0
1675 1669 0
1689 812 0
1689 813 0
1689 828 0
1692 1572 0
1692 1618 0
1704 1559 0
1704 1571 0
1744 1186 0
1745 1183 0
1746 1182 0
1750 1554 0
1750 1558 0
1753 1168 0
1754 1497 0
1754 1553 0
1756 1165 0
1763 1492 0
1763 1493 0
1798 1147 0
1801 1435 0
1801 1469 0
1808 392 0
1808 654 0
1808 655 0
1808 686 0
1820 1146 0
1822 1141 0
1853 1140 0
1862 1131 0
1867 1417 0
1867 1419 0
1882 1300 0
1882 1380 0
1887 1127 0
0 1898 1
2 1546 1
2 1550 1
2 1552 1
2 1556 1
2 1568 1
4 1215 1
4 1216 1
4 1219 1
4 1222 1
4 1228 1
4 1233 1
5 1895 1
6 1491 1
6 1497 1
8 86 1
8 87 1
8 89 1
10 1894 1
13 1488 1
13 1489 1
15 506 1
15 507 1
15 508 1
15 509 1
15 512 1
15 515 1
17 1482 1
17 1483 1
18 1480 1
18 1481 1
19 888 1
19 889 1
19 897 1
19 902 1
21 488 1
21 489 1
21 490 1
21 492 1
21 493 1
21 496 1
23 881 1
23 882 1
23 886 1
23 887 1
24 1890 1
26 1476 1
26 1478 1
28 1474 1
28 1475 1
30 1110 1
30 1114 1
30 1115 1
30 1117 1
30 1129 1
30 1134 1
30 1145 1
30 1152 1
32 1472 1
32 1473 1
33 79 1
33 83 1
33 84 1
35 1390 1
35 1391 1
35 1393 1
35 1394 1
37 1470 1
37 1471 1
39 1466 1
39 1468 1
40 876 1
40 878 1
40 879 1
40 880 1
41 325 1
41 1237 1
41 882 1
41 942 1
41 945 1
41 949 1
41 992 1
41 995 1
41 998 1
41 1021 1
41 1064 1
41 1065 1
41 1084 1
41 1085 1
42 1461 1
42 1462 1
44 1749 1
44 1751 1
44 1752 1
48 1459 1
48 1460 1
56 1457 1
56 1458 1
57 1889 1
58 1888 1
59 1455 1
59 1456 1
62 1866 1
62 1871 1
62 1874 1
62 1875 1
62 1883 1
64 476 1
64 477 1
64 478 1
64 482 1
64 483 1
64 484 1
65 1386 1
65 1387 1
65 1388 1
65 1389 1
67 1886 1
68 1453 1
68 1454 1
69 1885 1
71 870 1
71 873 1
71 874 1
71 875 1
73 1883 1
74 1361 1
74 1364 1
74 1374 1
74 1377 1
76 1451 1
76 1452 1
78 385 1
78 387 1
78 391 1
78 393 1
78 397 1
78 401 1
78 404 1
78 405 1
79 1448 1
79 1450 1
81 1350 1
81 1353 1
81 1359 1
81 1360 1
82 1445 1
82 1446 1
84 451 1
84 453 1
84 469 1
84 470 1
84 471 1
84 475 1
85 1196 1
85 1206 1
85 1209 1
85 1211 1
85 1213 1
85 1214 1
86 1443 1
86 1444 1
88 1882 1
89 325 1
89 342 1
89 366 1
89 368 1
89 370 1
89 371 1
89 373 1
89 378 1
94 1441 1
94 1442 1
95 1439 1
95 1440 1
96 1433 1
96 1435 1
99 1288 1
99 1290 1
99 1291 1
99 1350 1
99 1353 1
99 1404 1
99 1406 1
99 1430 1
99 1433 1
99 1448 1
99 1462 1
100 1430 1
100 1432 1
101 1880 1
102 862 1
102 865 1
102 866 1
102 867 1
104 1427 1
104 1429 1
105 1420 1
105 1421 1
106 1168 1
106 1170 1
106 1179 1
106 1191 1
106 1193 1
106 1195 1
107 1416 1
107 1417 1
108 76 1
108 77 1
108 78 1
109 1412 1
109 1413 1
113 1879 1
115 1410 1
115 1411 1
116 1406 1
116 1408 1
119 1403 1
119 1404 1
120 853 1
120 854 1
120 855 1
120 859 1
123 1345 1
123 1346 1
123 1347 1
123 1349 1
125 1332 1
125 1335 1
125 1336 1
125 1344 1
127 1746 1
127 1747 1
127 1748 1
129 1878 1
130 945 1
130 949 1
130 966 1
130 992 1
130 995 1
130 998 1
130 1021 1
130 1039 1
130 1040 1
130 1064 1
130 1065 1
130 1068 1
131 1875 1
132 1318 1
132 1322 1
132 1326 1
132 1331 1
134 1874 1
135 1871 1
136 70 1
136 71 1
136 72 1
138 1870 1
139 64 1
139 66 1
139 69 1
143 1397 1
143 1401 1
144 1448 1
144 1450 1
144 1459 1
144 1462 1
144 1482 1
144 1498 1
144 1505 1
144 1506 1
144 1524 1
144 1539 1
145 1395 1
145 1396 1
146 1393 1
146 1394 1
148 657 1
148 678 1
148 680 1
148 687 1
148 688 1
148 693 1
149 842 1
149 845 1
149 848 1
149 850 1
152 1301 1
152 1303 1
152 1307 1
152 1313 1
153 1738 1
153 1744 1
153 1745 1
154 1868 1
155 1390 1
155 1391 1
156 1866 1
157 278 1
157 286 1
157 287 1
157 294 1
157 300 1
157 310 1
157 311 1
157 316 1
158 1388 1
158 1389 1
159 1730 1
159 1731 1
159 1736 1
161 59 1
161 61 1
161 63 1
163 493 1
163 509 1
163 515 1
163 517 1
163 548 1
163 572 1
163 581 1
163 584 1
163 588 1
163 590 1
164 1863 1
165 409 1
165 428 1
165 430 1
165 432 1
165 435 1
165 446 1
166 1871 1
166 1883 1
166 11 1
166 17 1
166 20 1
166 21 1
166 22 1
166 25 1
166 27 1
166 44 1
168 25 1
168 27 1
168 66 1
168 72 1
168 76 1
168 77 1
168 151 1
168 181 1
168 202 1
168 258 1
168 263 1
168 264 1
168 286 1
173 1386 1
173 1387 1
174 1377 1
174 1382 1
176 1862 1
177 837 1
177 838 1
177 839 1
177 840 1
180 1374 1
180 1375 1
181 1860 1
184 1368 1
184 1373 1
186 1722 1
186 1724 1
186 1726 1
187 1859 1
188 1857 1
189 591 1
189 595 1
189 648 1
189 649 1
189 653 1
189 657 1
189 700 1
189 711 1
189 734 1
189 742 1
189 743 1
190 1856 1
191 1364 1
191 1365 1
192 1851 1
192 1855 1
192 1857 1
192 1859 1
192 1863 1
193 1362 1
193 1363 1
195 52 1
195 54 1
195 55 1
200 832 1
200 833 1
200 834 1
200 835 1
201 1360 1
201 1361 1
202 1718 1
202 1720 1
202 1721 1
203 826 1
203 828 1
203 829 1
203 830 1
205 1353 1
205 1359 1
207 1349 1
207 1350 1
208 1855 1
211 817 1
211 819 1
211 824 1
211 825 1
212 1347 1
212 1348 1
213 1345 1
213 1346 1
214 1291 1
214 1294 1
214 1295 1
214 1298 1
216 47 1
216 48 1
216 51 1
217 1282 1
217 1288 1
217 1289 1
217 1290 1
219 42 1
219 44 1
219 46 1
220 1337 1
220 1344 1
223 1335 1
223 1336 1
227 1332 1
227 1333 1
228 805 1
228 806 1
228 807 1
228 809 1
230 1326 1
230 1331 1
234 1318 1
234 1322 1
235 1852 1
237 1307 1
237 1313 1
238 1305 1
238 1306 1
239 800 1
239 801 1
239 803 1
239 804 1
240 1710 1
240 1715 1
240 1717 1
241 1851 1
243 1301 1
243 1303 1
245 1296 1
245 1298 1
247 1850 1
248 1702 1
248 1703 1
248 1709 1
249 1294 1
249 1295 1
250 127 1
250 145 1
250 147 1
250 151 1
250 165 1
250 166 1
251 1848 1
252 325 1
252 1237 1
252 294 1
252 1871 1
252 72 1
252 840 1
252 1134 1
252 1266 1
252 1275 1
252 1276 1
252 1288 1
252 1404 1
252 1406 1
252 1430 1
252 1506 1
252 1598 1
255 1847 1
256 1530 1
256 1533 1
256 1539 1
256 1541 1
256 1542 1
257 1508 1
257 1509 1
257 1516 1
257 1519 1
257 1524 1
259 1829 1
259 1831 1
259 1838 1
259 1845 1
259 1848 1
262 1695 1
262 1696 1
262 1697 1
263 1290 1
263 1291 1
264 1288 1
264 1289 1
265 1282 1
265 1285 1
267 1280 1
267 1281 1
268 1275 1
268 1276 1
269 1846 1
270 391 1
270 393 1
270 397 1
270 401 1
270 404 1
270 405 1
274 1272 1
274 1273 1
275 1268 1
275 1269 1
276 1845 1
279 1303 1
279 1350 1
279 1353 1
279 1387 1
279 1388 1
279 1404 1
279 1406 1
279 1430 1
279 1433 1
279 1439 1
280 1275 1
280 1276 1
280 1280 1
280 1281 1
281 784 1
281 785 1
281 788 1
281 797 1
282 1264 1
282 1266 1
283 1268 1
283 1269 1
283 1272 1
283 1273 1
284 1259 1
284 1263 1
285 1256 1
285 1257 1
287 1251 1
287 1254 1
289 1497 1
289 1498 1
289 1503 1
289 1505 1
289 1506 1
292 77 1
292 83 1
292 93 1
292 151 1
292 179 1
292 180 1
292 181 1
292 202 1
292 233 1
294 1844 1
295 1259 1
295 1263 1
295 1264 1
295 1266 1
298 93 1
298 94 1
298 95 1
298 97 1
298 99 1
298 102 1
299 1237 1
299 1254 1
299 1259 1
299 1266 1
299 1269 1
299 1275 1
299 1276 1
299 1288 1
299 1290 1
299 1291 1
300 1249 1
300 1250 1
301 1246 1
301 1248 1
304 1244 1
304 1245 1
305 1843 1
306 1242 1
306 1243 1
308 1240 1
308 1241 1
309 772 1
309 773 1
309 774 1
309 783 1
310 1840 1
312 1238 1
312 1239 1
313 1236 1
313 1237 1
314 1246 1
314 1254 1
314 1256 1
314 1257 1
317 1234 1
317 1235 1
319 1232 1
319 1233 1
322 1838 1
323 1226 1
323 1228 1
324 1224 1
324 1225 1
328 1222 1
328 1223 1
330 39 1
330 40 1
330 41 1
332 1220 1
332 1221 1
333 768 1
333 769 1
333 770 1
333 771 1
334 1475 1
334 1476 1
334 1482 1
334 1483 1
334 1489 1
335 1218 1
335 1219 1
336 1688 1
336 1689 1
336 1691 1
337 757 1
337 758 1
337 764 1
337 767 1
339 325 1
339 1237 1
339 294 1
339 1871 1
339 72 1
339 840 1
339 517 1
339 949 1
339 1275 1
339 1276 1
339 590 1
339 595 1
339 21 1
339 22 1
339 181 1
339 368 1
339 370 1
339 1065 1
339 1084 1
339 1085 1
340 1242 1
340 1243 1
340 1244 1
340 1245 1
341 752 1
341 754 1
341 755 1
341 756 1
343 1216 1
343 1217 1
344 1214 1
344 1215 1
345 27 1
345 29 1
345 39 1
345 40 1
345 44 1
345 59 1
345 63 1
345 64 1
346 1212 1
346 1213 1
347 1837 1
351 1209 1
351 1211 1
352 1238 1
352 1239 1
352 1240 1
352 1241 1
357 435 1
357 451 1
357 469 1
357 476 1
357 477 1
357 478 1
357 482 1
357 488 1
357 489 1
357 490 1
359 1130 1
359 1134 1
359 1145 1
359 1152 1
359 1154 1
359 1160 1
360 1206 1
360 1207 1
362 488 1
362 489 1
362 490 1
362 493 1
362 517 1
362 548 1
362 572 1
362 581 1
362 584 1
362 588 1
362 590 1
363 1203 1
363 1204 1
365 36 1
365 37 1
365 38 1
367 638 1
367 648 1
367 649 1
367 653 1
367 654 1
367 655 1
368 743 1
368 744 1
368 745 1
368 749 1
369 316 1
369 325 1
369 368 1
369 370 1
369 393 1
369 405 1
369 409 1
369 428 1
369 430 1
369 432 1
370 1196 1
370 1202 1
373 1459 1
373 1461 1
373 1462 1
373 1472 1
373 1474 1
379 1194 1
379 1195 1
380 17 1
380 19 1
380 20 1
380 21 1
380 22 1
380 23 1
380 24 1
380 25 1
381 1835 1
383 325 1
383 1237 1
383 294 1
383 1871 1
383 72 1
383 840 1
383 517 1
383 949 1
383 998 1
383 1021 1
383 1064 1
383 1065 1
383 1084 1
383 1085 1
383 1114 1
383 1115 1
384 1819 1
384 1822 1
384 1825 1
384 1829 1
384 1831 1
384 1838 1
384 1845 1
386 1832 1
387 1191 1
387 1193 1
389 1802 1
389 1811 1
389 1819 1
389 1822 1
389 1825 1
391 1182 1
391 1185 1
393 1831 1
394 1234 1
394 1235 1
394 1236 1
394 1237 1
398 734 1
398 735 1
398 738 1
398 742 1
399 1829 1
401 728 1
401 729 1
401 732 1
401 733 1
402 1871 1
402 1883 1
402 1885 1
402 1889 1
402 1 1
402 5 1
402 9 1
402 11 1
404 1179 1
404 1180 1
405 718 1
405 721 1
405 722 1
405 723 1
406 1174 1
406 1175 1
407 713 1
407 715 1
407 716 1
407 717 1
408 1170 1
408 1173 1
410 1083 1
410 1084 1
410 1085 1
410 1086 1
410 1087 1
410 1092 1
410 1100 1
410 1104 1
414 1827 1
415 1226 1
415 1228 1
415 1232 1
415 1233 1
416 1167 1
416 1168 1
418 1163 1
418 1165 1
420 1826 1
421 1760 1
421 1776 1
421 1777 1
421 1782 1
421 1790 1
421 1791 1
421 1811 1
422 1782 1
422 1788 1
422 1790 1
422 1791 1
422 1793 1
424 1160 1
424 1162 1
425 1221 1
425 1222 1
425 1224 1
425 1225 1
426 1156 1
426 1158 1
427 27 1
427 28 1
427 29 1
429 1152 1
429 1154 1
430 1150 1
430 1151 1
431 572 1
431 581 1
431 584 1
431 588 1
431 590 1
431 591 1
431 595 1
431 637 1
431 648 1
432 1146 1
432 1147 1
435 1142 1
435 1145 1
437 1825 1
439 1441 1
439 1445 1
439 1446 1
439 1448 1
439 1450 1
441 1134 1
441 1140 1
442 1129 1
442 1130 1
445 1127 1
445 1128 1
447 1824 1
448 1674 1
448 1684 1
448 1685 1
451 1122 1
451 1126 1
454 250 1
454 254 1
454 255 1
454 257 1
454 258 1
454 261 1
454 263 1
454 264 1
455 1118 1
455 1121 1
456 1216 1
456 1218 1
456 1219 1
456 1220 1
457 1212 1
457 1213 1
457 1214 1
457 1215 1
460 1115 1
460 1117 1
462 1113 1
462 1114 1
467 706 1
467 707 1
467 711 1
467 712 1
470 1823 1
472 23 1
472 24 1
472 25 1
473 202 1
473 225 1
473 233 1
473 235 1
473 236 1
473 238 1
473 248 1
473 249 1
477 1822 1
480 1109 1
480 1110 1
482 1668 1
482 1669 1
482 1670 1
488 1662 1
488 1665 1
488 1666 1
491 325 1
491 1237 1
491 294 1
491 1871 1
491 72 1
491 840 1
491 517 1
491 949 1
491 1275 1
491 1276 1
491 591 1
491 595 1
491 657 1
491 711 1
491 882 1
491 942 1
491 945 1
492 1820 1
494 1747 1
494 1753 1
494 1760 1
494 1776 1
494 1777 1
495 1106 1
495 1107 1
496 72 1
496 76 1
496 77 1
496 83 1
496 86 1
496 87 1
502 1819 1
503 1104 1
503 1105 1
506 1429 1
506 1430 1
506 1433 1
506 1439 1
506 1440 1
507 1099 1
507 1100 1
508 1096 1
508 1097 1
509 701 1
509 702 1
509 704 1
509 705 1
510 482 1
510 488 1
510 489 1
510 490 1
510 493 1
510 509 1
510 515 1
510 517 1
510 548 1
513 693 1
513 698 1
513 699 1
513 700 1
514 1655 1
514 1658 1
514 1659 1
515 1091 1
515 1092 1
517 1814 1
518 685 1
518 686 1
518 687 1
518 688 1
519 1089 1
519 1090 1
522 371 1
522 373 1
522 378 1
522 383 1
522 385 1
522 387 1
523 1104 1
523 1110 1
523 1114 1
523 1115 1
523 1117 1
523 1129 1
524 1087 1
524 1088 1
525 1813 1
527 676 1
527 678 1
527 680 1
527 683 1
528 1811 1
529 1085 1
529 1086 1
533 667 1
533 668 1
533 672 1
533 673 1
534 1083 1
534 1084 1
537 1080 1
537 1081 1
539 1077 1
539 1078 1
542 1652 1
542 1653 1
542 1654 1
546 1075 1
546 1076 1
547 1073 1
547 1074 1
548 490 1
548 493 1
548 517 1
548 572 1
548 581 1
548 584 1
548 588 1
548 590 1
548 591 1
548 595 1
548 648 1
548 649 1
549 659 1
549 664 1
549 665 1
549 666 1
551 1195 1
551 1196 1
551 1206 1
551 1209 1
551 1211 1
551 1213 1
551 1214 1
551 1215 1
551 1219 1
551 1233 1
552 1206 1
552 1207 1
552 1209 1
552 1211 1
560 1726 1
560 1730 1
560 1731 1
560 1736 1
560 1738 1
561 1070 1
561 1072 1
565 1033 1
565 1039 1
565 1040 1
565 1049 1
565 1064 1
565 1065 1
565 1068 1
565 1081 1
568 1084 1
568 1085 1
568 1086 1
568 1087 1
568 1092 1
568 1100 1
570 1065 1
570 1068 1
573 1810 1
575 1059 1
575 1064 1
575 1065 1
575 1068 1
575 1081 1
575 1083 1
576 653 1
576 654 1
576 655 1
576 657 1
578 1195 1
578 1196 1
578 1202 1
578 1203 1
579 1809 1
580 1063 1
580 1064 1
581 1052 1
581 1059 1
583 1047 1
583 1049 1
584 1397 1
584 1404 1
584 1406 1
584 1413 1
584 1427 1
585 1808 1
586 1045 1
586 1046 1
587 1041 1
587 1044 1
588 1039 1
588 1040 1
589 1805 1
590 1032 1
590 1033 1
592 591 1
592 595 1
592 637 1
592 648 1
592 649 1
592 653 1
592 657 1
592 700 1
592 711 1
592 712 1
593 527 1
593 529 1
593 530 1
593 533 1
594 1803 1
595 1068 1
595 1193 1
595 1196 1
595 1211 1
595 1213 1
595 1214 1
595 1215 1
595 1219 1
595 1233 1
595 1237 1
602 1185 1
602 1191 1
602 1193 1
602 1194 1
603 648 1
603 649 1
603 650 1
603 652 1
607 1028 1
607 1031 1
608 1023 1
608 1027 1
609 1021 1
609 1022 1
612 605 1
612 608 1
613 1019 1
613 1020 1
618 1011 1
618 1014 1
619 1174 1
619 1179 1
619 1180 1
619 1182 1
620 1158 1
620 1160 1
620 1168 1
620 1170 1
624 1206 1
624 1209 1
624 1211 1
624 1213 1
624 1214 1
624 1215 1
624 1219 1
625 1406 1
625 1430 1
625 1433 1
625 1448 1
625 1462 1
625 1482 1
625 1498 1
625 1505 1
625 1506 1
625 1524 1
630 1802 1
631 1710 1
631 1715 1
631 1717 1
631 1718 1
631 1721 1
635 1084 1
635 1085 1
635 1086 1
635 1087 1
635 1104 1
635 1110 1
635 1114 1
635 1115 1
635 1134 1
635 1193 1
637 603 1
637 604 1
640 20 1
640 21 1
640 22 1
641 1793 1
642 1791 1
643 1791 1
643 1811 1
643 1819 1
643 1825 1
643 1838 1
643 1845 1
643 1851 1
643 1859 1
644 518 1
644 519 1
644 522 1
644 525 1
645 992 1
645 994 1
645 995 1
645 998 1
645 1004 1
645 1014 1
645 1019 1
645 1021 1
651 638 1
651 643 1
651 644 1
651 646 1
652 1413 1
652 1427 1
652 1429 1
652 1430 1
652 1433 1
652 1439 1
652 1440 1
653 600 1
653 601 1
654 1790 1
655 598 1
655 599 1
656 1642 1
656 1645 1
656 1650 1
657 1546 1
657 1593 1
657 1597 1
657 1598 1
657 1604 1
657 1623 1
657 1684 1
657 1703 1
657 1715 1
661 1789 1
663 595 1
663 596 1
664 592 1
664 593 1
666 514 1
666 515 1
666 516 1
666 517 1
668 1788 1
669 1787 1
670 590 1
670 591 1
673 1721 1
673 1731 1
673 1738 1
673 1747 1
673 1753 1
673 1776 1
673 1777 1
673 1790 1
675 1000 1
675 1004 1
676 508 1
676 509 1
676 512 1
676 513 1
677 944 1
677 945 1
677 946 1
677 949 1
677 960 1
677 964 1
677 966 1
677 987 1
681 998 1
681 999 1
682 994 1
682 995 1
684 625 1
684 628 1
684 629 1
684 637 1
685 498 1
685 505 1
685 506 1
685 507 1
686 588 1
686 589 1
687 1786 1
688 585 1
688 587 1
689 1150 1
689 1151 1
689 1152 1
689 1154 1
691 1783 1
693 1628 1
693 1638 1
693 1639 1
694 1782 1
695 1781 1
696 990 1
696 992 1
699 325 1
699 336 1
699 342 1
699 366 1
699 368 1
699 370 1
700 40 1
700 44 1
700 59 1
700 63 1
700 64 1
700 66 1
703 987 1
703 988 1
704 581 1
704 584 1
705 1780 1
706 1377 1
706 1387 1
706 1388 1
706 1394 1
706 1396 1
707 27 1
707 66 1
707 72 1
707 76 1
707 77 1
707 151 1
707 181 1
707 202 1
707 258 1
707 263 1
707 264 1
711 577 1
711 580 1
713 492 1
713 493 1
713 496 1
713 497 1
714 1019 1
714 1021 1
714 1033 1
714 1039 1
714 1040 1
714 1049 1
717 572 1
717 576 1
720 980 1
720 984 1
722 304 1
722 308 1
722 310 1
722 311 1
722 313 1
722 316 1
725 1779 1
728 566 1
728 567 1
729 562 1
729 563 1
730 976 1
730 979 1
734 484 1
734 488 1
734 489 1
734 490 1
735 559 1
735 561 1
737 550 1
737 558 1
738 278 1
738 286 1
738 287 1
738 294 1
738 298 1
738 300 1
742 548 1
742 549 1
743 546 1
743 547 1
744 255 1
744 257 1
744 258 1
744 261 1
744 263 1
744 264 1
745 477 1
745 478 1
745 482 1
745 483 1
749 1623 1
749 1625 1
749 1626 1
751 1778 1
752 1777 1
753 969 1
753 971 1
754 1776 1
756 543 1
756 545 1
757 541 1
757 542 1
758 539 1
758 540 1
759 965 1
759 966 1
760 962 1
760 964 1
766 286 1
766 287 1
766 294 1
766 310 1
766 311 1
766 316 1
766 325 1
766 368 1
766 370 1
766 430 1
766 451 1
768 537 1
768 538 1
771 470 1
771 471 1
771 475 1
771 476 1
776 959 1
776 960 1
777 535 1
777 536 1
778 533 1
778 534 1
779 1775 1
780 1773 1
782 529 1
782 530 1
785 1618 1
785 1619 1
785 1622 1
787 957 1
787 958 1
793 1772 1
797 463 1
797 466 1
797 467 1
797 469 1
801 1771 1
805 1769 1
810 1768 1
811 17 1
811 18 1
811 19 1
813 953 1
813 954 1
814 1140 1
814 1142 1
814 1145 1
814 1147 1
816 949 1
816 952 1
817 1359 1
817 1377 1
817 1387 1
817 1388 1
817 1394 1
817 1404 1
817 1406 1
818 946 1
818 948 1
821 525 1
821 527 1
822 94 1
822 97 1
822 145 1
822 151 1
822 179 1
822 180 1
822 181 1
822 182 1
824 903 1
824 930 1
824 942 1
824 945 1
824 946 1
824 949 1
824 960 1
824 964 1
826 520 1
826 522 1
827 944 1
827 945 1
828 518 1
828 519 1
831 941 1
831 942 1
832 448 1
832 450 1
832 451 1
832 453 1
833 1326 1
833 1335 1
833 1344 1
833 1346 1
833 1349 1
833 1350 1
833 1353 1
834 437 1
834 439 1
834 442 1
834 446 1
835 432 1
835 434 1
835 435 1
835 436 1
836 1767 1
837 1546 1
837 1593 1
837 1597 1
837 1598 1
837 1604 1
837 1684 1
837 1777 1
837 1811 1
837 1825 1
837 1859 1
838 1593 1
838 1597 1
838 1598 1
838 1604 1
838 1623 1
838 1684 1
838 1703 1
838 1715 1
840 1610 1
840 1616 1
840 1617 1
842 418 1
842 419 1
842 428 1
842 430 1
843 616 1
843 621 1
843 622 1
843 624 1
846 605 1
846 608 1
846 611 1
846 612 1
847 1766 1
850 1598 1
850 1604 1
850 1606 1
852 604 1
852 605 1
852 616 1
852 624 1
852 625 1
852 637 1
855 1763 1
856 66 1
856 72 1
856 76 1
856 77 1
856 83 1
856 86 1
856 87 1
856 93 1
858 1591 1
858 1593 1
858 1597 1
859 516 1
859 517 1
867 514 1
867 515 1
869 512 1
869 513 1
870 509 1
870 511 1
871 1721 1
871 1726 1
871 1730 1
871 1731 1
871 1738 1
871 1747 1
871 1753 1
873 1761 1
874 1760 1
875 507 1
875 508 1
879 1582 1
879 1587 1
879 1588 1
882 1759 1
884 1754 1
888 1505 1
888 1506 1
888 1516 1
888 1524 1
888 1539 1
888 1546 1
888 1573 1
888 1580 1
889 248 1
889 249 1
889 258 1
889 263 1
889 264 1
889 286 1
889 287 1
889 294 1
889 310 1
889 311 1
890 939 1
890 940 1
891 1128 1
891 1129 1
891 1130 1
891 1134 1
893 1753 1
896 1752 1
899 588 1
899 589 1
899 590 1
899 591 1
899 595 1
899 598 1
901 505 1
901 506 1
903 1573 1
903 1576 1
903 1580 1
906 1349 1
906 1350 1
906 1353 1
906 1359 1
906 1361 1
910 1439 1
910 1448 1
910 1450 1
910 1459 1
910 1462 1
910 1482 1
910 1497 1
910 1498 1
911 498 1
911 500 1
913 936 1
913 938 1
915 14 1
915 15 1
915 16 1
916 6 1
916 9 1
916 11 1
918 897 1
918 903 1
918 906 1
918 928 1
918 929 1
918 930 1
918 934 1
918 942 1
919 496 1
919 497 1
921 1751 1
924 1750 1
925 1566 1
925 1567 1
925 1568 1
927 934 1
927 935 1
929 492 1
929 493 1
930 405 1
930 407 1
930 409 1
930 412 1
934 1560 1
934 1563 1
934 1565 1
935 489 1
935 490 1
941 325 1
941 1237 1
941 294 1
941 1871 1
941 72 1
941 840 1
941 517 1
941 949 1
941 1275 1
941 1276 1
941 370 1
941 488 1
941 489 1
941 493 1
941 572 1
941 588 1
941 590 1
942 486 1
942 488 1
945 483 1
945 484 1
946 481 1
946 482 1
948 1749 1
949 1748 1
953 478 1
953 479 1
955 853 1
955 854 1
955 859 1
955 862 1
955 874 1
955 882 1
955 886 1
955 887 1
956 828 1
956 830 1
956 832 1
956 839 1
956 840 1
956 845 1
956 848 1
956 850 1
959 1747 1
964 1552 1
964 1556 1
964 1557 1
965 1353 1
965 1387 1
965 1388 1
965 1394 1
965 1404 1
965 1406 1
965 1430 1
965 1433 1
966 476 1
966 477 1
967 930 1
967 933 1
971 325 1
971 1237 1
971 294 1
971 1684 1
971 1811 1
971 1871 1
971 21 1
971 22 1
971 72 1
971 181 1
971 286 1
971 287 1
971 368 1
971 370 1
971 451 1
971 488 1
972 928 1
972 929 1
974 1696 1
974 1697 1
974 1702 1
974 1703 1
974 1709 1
975 995 1
975 998 1
975 999 1
975 1000 1
975 1004 1
975 1014 1
976 1811 1
976 1825 1
976 1859 1
976 1871 1
976 1883 1
976 11 1
976 17 1
976 20 1
976 21 1
976 22 1
976 25 1
977 998 1
977 1021 1
977 1033 1
977 1039 1
977 1040 1
977 1064 1
977 1065 1
977 1068 1
977 1081 1
977 1083 1
980 400 1
980 401 1
980 402 1
980 404 1
982 1 1
982 2 1
982 5 1
983 1121 1
983 1122 1
983 1126 1
983 1127 1
987 1546 1
987 1549 1
987 1550 1
988 1482 1
988 1498 1
988 1505 1
988 1506 1
988 1524 1
988 1546 1
988 1593 1
988 1597 1
988 1598 1
988 1684 1
988 1777 1
989 1894 1
989 1895 1
989 0 1
991 771 1
991 772 1
991 774 1
991 800 1
991 801 1
991 807 1
991 819 1
991 824 1
992 1746 1
994 1541 1
994 1542 1
994 1544 1
995 715 1
995 716 1
995 717 1
995 734 1
995 742 1
995 743 1
995 756 1
995 840 1
996 1662 1
996 1666 1
996 1684 1
996 1685 1
996 1695 1
999 1745 1
1000 396 1
1000 397 1
1000 398 1
1000 399 1
1003 428 1
1003 430 1
1003 432 1
1003 435 1
1003 451 1
1003 469 1
1003 476 1
1003 477 1
1003 478 1
1004 848 1
1004 853 1
1004 854 1
1004 862 1
1004 874 1
1004 882 1
1004 886 1
1004 887 1
1006 925 1
1006 926 1
1008 1744 1
1009 919 1
1009 920 1
1010 1743 1
1012 911 1
1012 912 1
1013 909 1
1013 910 1
1014 473 1
1014 475 1
1015 906 1
1015 907 1
1019 390 1
1019 391 1
1019 392 1
1019 393 1
1020 470 1
1020 471 1
1021 1738 1
1025 1114 1
1025 1115 1
1025 1117 1
1025 1118 1
1027 1736 1
1030 1107 1
1030 1109 1
1030 1110 1
1030 1113 1
1031 1731 1
1033 467 1
1033 469 1
1035 902 1
1035 903 1
1036 1730 1
1038 1096 1
1038 1100 1
1038 1104 1
1038 1105 1
1040 1332 1
1040 1335 1
1040 1344 1
1040 1346 1
1040 1347 1
1042 900 1
1042 901 1
1043 1888 1
1043 1889 1
1043 1890 1
1044 1726 1
1045 381 1
1045 383 1
1045 385 1
1045 387 1
1046 599 1
1046 600 1
1046 601 1
1046 604 1
1047 1724 1
1048 1722 1
1049 1721 1
1050 897 1
1050 899 1
1051 893 1
1051 894 1
1056 1087 1
1056 1090 1
1056 1091 1
1056 1092 1
1058 960 1
1058 964 1
1058 966 1
1058 987 1
1058 992 1
1058 994 1
1060 1652 1
1060 1653 1
1060 1654 1
1060 1655 1
1060 1659 1
1063 376 1
1063 377 1
1063 378 1
1063 380 1
1064 465 1
1064 466 1
1065 1720 1
1066 1685 1
1066 1695 1
1066 1702 1
1066 1703 1
1066 1710 1
1066 1715 1
1066 1717 1
1068 1065 1
1068 1081 1
1068 1083 1
1068 1084 1
1068 1085 1
1068 1086 1
1068 1087 1
1068 1114 1
1068 1115 1
1068 1134 1
1069 888 1
1069 889 1
1070 1718 1
1072 370 1
1072 371 1
1072 373 1
1072 374 1
1075 1717 1
1076 1716 1
1077 357 1
1077 366 1
1077 368 1
1077 369 1
1078 345 1
1078 350 1
1078 354 1
1078 355 1
1080 1715 1
1081 454 1
1081 463 1
1083 1313 1
1083 1318 1
1083 1322 1
1083 1326 1
1083 1331 1
1084 1712 1
1085 649 1
1085 653 1
1085 657 1
1085 693 1
1085 700 1
1085 711 1
1085 712 1
1085 713 1
1086 451 1
1086 453 1
1088 448 1
1088 450 1
1090 446 1
1090 447 1
1091 1710 1
1092 442 1
1092 444 1
1093 886 1
1093 887 1
1095 882 1
1095 883 1
1097 1534 1
1097 1538 1
1097 1539 1
1098 944 1
1098 945 1
1098 946 1
1098 949 1
1098 952 1
1098 958 1
1101 928 1
1101 929 1
1101 930 1
1101 933 1
1101 934 1
1101 942 1
1102 1709 1
1103 1703 1
1105 1702 1
1106 439 1
1106 441 1
1116 880 1
1116 881 1
1122 338 1
1122 341 1
1122 342 1
1122 343 1
1127 1697 1
1129 437 1
1129 438 1
1130 1696 1
1132 878 1
1132 879 1
1133 1695 1
1135 875 1
1135 876 1
1137 1694 1
1140 237 1
1140 238 1
1140 248 1
1140 249 1
1140 250 1
1140 254 1
1144 873 1
1144 874 1
1145 334 1
1145 335 1
1145 336 1
1145 337 1
1147 324 1
1147 325 1
1147 326 1
1147 328 1
1148 869 1
1148 870 1
1149 866 1
1149 867 1
1151 1691 1
1154 435 1
1154 436 1
1155 863 1
1155 865 1
1156 432 1
1156 434 1
1158 1689 1
1160 429 1
1160 430 1
1162 1688 1
1163 1686 1
1164 1685 1
1167 562 1
1167 572 1
1167 577 1
1167 580 1
1167 581 1
1167 584 1
1168 420 1
1168 428 1
1172 882 1
1172 886 1
1172 887 1
1172 903 1
1172 942 1
1172 945 1
1172 949 1
1172 966 1
1172 992 1
1172 995 1
1173 591 1
1173 593 1
1173 595 1
1173 598 1
1174 1290 1
1174 1291 1
1174 1301 1
1174 1303 1
1174 1313 1
1174 1318 1
1174 1322 1
1177 716 1
1177 717 1
1177 721 1
1177 734 1
1177 735 1
1177 742 1
1177 743 1
1177 756 1
1179 311 1
1179 312 1
1179 313 1
1179 316 1
1180 1529 1
1180 1530 1
1180 1533 1
1181 1623 1
1181 1628 1
1181 1638 1
1181 1642 1
1181 1645 1
1183 1684 1
1185 1275 1
1185 1276 1
1185 1288 1
1185 1290 1
1185 1291 1
1185 1303 1
1185 1322 1
1185 1350 1
1186 700 1
1186 702 1
1186 704 1
1186 705 1
1186 711 1
1186 712 1
1186 713 1
1186 715 1
1188 861 1
1188 862 1
1189 859 1
1189 860 1
1191 1519 1
1191 1521 1
1191 1524 1
1192 856 1
1192 858 1
1194 418 1
1194 419 1
1195 409 1
1195 412 1
1196 945 1
1196 949 1
1196 966 1
1196 992 1
1196 995 1
1196 998 1
1196 1021 1
1196 1039 1
1196 1040 1
1196 1064 1
1199 854 1
1199 855 1
1200 852 1
1200 853 1
1202 304 1
1202 306 1
1202 308 1
1202 310 1
1204 1675 1
1205 1674 1
1206 407 1
1206 408 1
1208 1883 1
1208 1885 1
1208 1886 1
1209 296 1
1209 298 1
1209 300 1
1209 302 1
1210 882 1
1210 886 1
1210 887 1
1210 897 1
1210 903 1
1210 906 1
1211 1670 1
1212 404 1
1212 405 1
1213 401 1
1213 402 1
1214 399 1
1214 400 1
1215 397 1
1215 398 1
1217 393 1
1217 396 1
1218 1669 1
1219 1294 1
1219 1295 1
1219 1298 1
1219 1301 1
1219 1303 1
1221 1668 1
1222 391 1
1222 392 1
1227 1874 1
1227 1875 1
1227 1880 1
1228 1666 1
1229 848 1
1229 850 1
1230 846 1
1230 847 1
1231 1083 1
1231 1084 1
1231 1085 1
1231 1086 1
1232 387 1
1232 390 1
1234 383 1
1234 385 1
1235 1215 1
1235 1219 1
1235 1233 1
1235 1237 1
1235 1254 1
1235 1259 1
1235 1266 1
1235 1269 1
1236 66 1
1236 72 1
1236 76 1
1236 77 1
1236 151 1
1236 179 1
1236 180 1
1236 181 1
1236 202 1
1236 233 1
1237 756 1
1237 840 1
1237 848 1
1237 862 1
1237 874 1
1237 882 1
1237 886 1
1237 887 1
1237 903 1
1237 942 1
1238 380 1
1238 381 1
1240 377 1
1240 378 1
1242 1193 1
1242 1195 1
1242 1196 1
1242 1206 1
1242 1209 1
1242 1211 1
1242 1213 1
1242 1214 1
1244 1515 1
1244 1516 1
1244 1518 1
1246 374 1
1246 376 1
1248 587 1
1248 588 1
1248 589 1
1248 590 1
1252 1665 1
1253 1663 1
1255 1662 1
1256 371 1
1256 373 1
1257 369 1
1257 370 1
1258 844 1
1258 845 1
1260 842 1
1260 843 1
1263 367 1
1263 368 1
1264 1659 1
1265 839 1
1265 840 1
1266 288 1
1266 289 1
1266 290 1
1266 294 1
1267 837 1
1267 838 1
1268 278 1
1268 281 1
1268 286 1
1268 287 1
1270 1866 1
1270 1870 1
1270 1871 1
1271 654 1
1271 655 1
1271 657 1
1271 678 1
1271 680 1
1271 687 1
1271 688 1
1271 693 1
1272 1721 1
1272 1731 1
1272 1738 1
1272 1747 1
1272 1753 1
1272 1777 1
1272 1790 1
1272 1791 1
1272 1811 1
1273 25 1
1273 27 1
1273 29 1
1273 36 1
1273 38 1
1273 39 1
1275 364 1
1275 366 1
1276 362 1
1276 363 1
1279 1860 1
1279 1862 1
1279 1863 1
1280 1115 1
1280 1117 1
1280 1129 1
1280 1134 1
1280 1152 1
1280 1154 1
1280 1168 1
1280 1170 1
1283 835 1
1283 836 1
1284 1855 1
1284 1857 1
1284 1859 1
1285 580 1
1285 581 1
1285 584 1
1285 585 1
1286 1610 1
1286 1623 1
1286 1642 1
1286 1645 1
1286 1655 1
1286 1666 1
1286 1684 1
1287 1848 1
1287 1851 1
1287 1852 1
1288 325 1
1288 1237 1
1288 294 1
1288 1871 1
1288 72 1
1288 840 1
1288 517 1
1288 949 1
1288 1275 1
1288 1276 1
1288 590 1
1288 595 1
1288 21 1
1288 22 1
1288 1114 1
1288 1115 1
1288 1266 1
1288 1684 1
1289 262 1
1289 263 1
1289 264 1
1289 270 1
1291 256 1
1291 257 1
1291 258 1
1291 261 1
1293 1658 1
1294 251 1
1294 252 1
1294 254 1
1294 255 1
1295 356 1
1295 357 1
1297 325 1
1297 1237 1
1297 294 1
1297 489 1
1297 490 1
1297 493 1
1297 517 1
1297 548 1
1297 572 1
1297 588 1
1297 590 1
1297 591 1
1297 595 1
1297 657 1
1297 711 1
1297 840 1
1298 354 1
1298 355 1
1301 247 1
1301 248 1
1301 249 1
1301 250 1
1302 833 1
1302 834 1
1303 239 1
1303 240 1
1303 242 1
1303 244 1
1304 830 1
1304 832 1
1305 345 1
1305 350 1
1307 235 1
1307 236 1
1307 237 1
1307 238 1
1309 1844 1
1309 1845 1
1309 1846 1
1310 828 1
1310 829 1
1311 825 1
1311 826 1
1313 1655 1
1314 822 1
1314 824 1
1315 1654 1
1316 1653 1
1317 1652 1
1318 342 1
1318 343 1
1319 855 1
1319 859 1
1319 862 1
1319 867 1
1319 870 1
1319 874 1
1320 819 1
1320 821 1
1321 1593 1
1321 1597 1
1321 1598 1
1321 1604 1
1321 1610 1
1322 338 1
1322 341 1
1325 1650 1
1326 1593 1
1326 1598 1
1326 1684 1
1326 1777 1
1326 1811 1
1326 1859 1
1326 1871 1
1326 1883 1
1326 11 1
1326 17 1
1326 20 1
1326 21 1
1326 22 1
1328 1645 1
1331 1642 1
1333 566 1
1333 567 1
1333 572 1
1333 577 1
1334 1077 1
1334 1078 1
1334 1080 1
1334 1081 1
1335 1511 1
1335 1512 1
1335 1514 1
1338 809 1
1338 817 1
1339 1639 1
1340 806 1
1340 807 1
1342 1638 1
1343 804 1
1343 805 1
1344 1237 1
1344 1240 1
1344 1243 1
1344 1245 1
1344 1246 1
1346 1635 1
1347 218 1
1347 220 1
1347 225 1
1347 233 1
1348 1506 1
1348 1508 1
1348 1509 1
1352 801 1
1352 803 1
1354 798 1
1354 800 1
1355 1072 1
1355 1073 1
1355 1075 1
1355 1076 1
1356 788 1
1356 797 1
1357 785 1
1357 786 1
1358 783 1
1358 784 1
1359 325 1
1359 1237 1
1359 294 1
1359 1871 1
1359 72 1
1359 840 1
1359 517 1
1359 949 1
1359 1275 1
1359 1276 1
1359 590 1
1359 595 1
1359 21 1
1359 22 1
1359 181 1
1359 286 1
1359 287 1
1359 368 1
1365 1502 1
1365 1503 1
1365 1505 1
1366 1628 1
1367 1626 1
1368 1497 1
1368 1498 1
1368 1501 1
1369 779 1
1369 782 1
1370 840 1
1370 845 1
1370 848 1
1370 850 1
1370 853 1
1370 854 1
1372 777 1
1372 778 1
1374 1625 1
1378 1623 1
1380 824 1
1380 828 1
1380 830 1
1380 832 1
1380 837 1
1380 839 1
1381 325 1
1381 1237 1
1381 294 1
1381 1871 1
1381 72 1
1381 840 1
1381 517 1
1381 949 1
1381 1275 1
1381 1276 1
1381 590 1
1381 595 1
1381 21 1
1381 22 1
1381 181 1
1381 368 1
1381 370 1
1381 1684 1
1381 588 1
1381 1064 1
1384 1622 1
1385 773 1
1385 774 1
1388 1488 1
1388 1489 1
1388 1491 1
1390 209 1
1390 211 1
1390 212 1
1390 213 1
1391 336 1
1391 337 1
1393 1619 1
1394 19 1
1394 20 1
1394 21 1
1394 22 1
1394 23 1
1394 24 1
1395 334 1
1395 335 1
1396 328 1
1396 333 1
1399 548 1
1399 653 1
1399 657 1
1399 711 1
1399 734 1
1399 840 1
1399 848 1
1399 862 1
1399 882 1
1399 886 1
1399 887 1
1399 942 1
1400 771 1
1400 772 1
1401 1618 1
1402 769 1
1402 770 1
1403 205 1
1403 206 1
1403 207 1
1403 208 1
1404 200 1
1404 202 1
1404 203 1
1404 204 1
1405 1617 1
1408 325 1
1408 326 1
1410 320 1
1410 324 1
1415 1616 1
1416 313 1
1416 316 1
1417 311 1
1417 312 1
1420 185 1
1420 186 1
1420 188 1
1420 194 1
1421 1481 1
1421 1482 1
1421 1483 1
1422 767 1
1422 768 1
1423 764 1
1423 766 1
1424 1614 1
1428 758 1
1428 761 1
1429 1613 1
1432 558 1
1432 559 1
1432 561 1
1432 562 1
1434 1610 1
1435 1476 1
1435 1478 1
1435 1480 1
1437 1831 1
1437 1832 1
1437 1838 1
1438 756 1
1438 757 1
1442 1606 1
1443 20 1
1443 21 1
1443 22 1
1443 25 1
1443 27 1
1443 44 1
1443 66 1
1443 72 1
1443 76 1
1444 309 1
1444 310 1
1445 2 1
1445 5 1
1445 9 1
1445 11 1
1445 16 1
1445 17 1
1447 1604 1
1449 1603 1
1450 1448 1
1450 1451 1
1450 1452 1
1451 1602 1
1452 307 1
1452 308 1
1453 1598 1
1454 545 1
1454 546 1
1454 547 1
1454 548 1
1455 304 1
1455 306 1
1457 300 1
1457 302 1
1458 296 1
1458 298 1
1461 179 1
1461 180 1
1461 181 1
1461 182 1
1465 754 1
1465 755 1
1467 1063 1
1467 1064 1
1467 1065 1
1467 1068 1
1468 1597 1
1469 749 1
1469 752 1
1470 1594 1
1472 166 1
1472 167 1
1472 169 1
1472 173 1
1475 1593 1
1476 292 1
1476 294 1
1477 1580 1
1477 1588 1
1477 1591 1
1477 1593 1
1477 1597 1
1477 1598 1
1477 1604 1
1478 156 1
1478 163 1
1478 164 1
1478 165 1
1480 146 1
1480 147 1
1480 151 1
1480 155 1
1481 208 1
1481 218 1
1481 225 1
1481 233 1
1481 235 1
1481 236 1
1483 1444 1
1483 1445 1
1483 1446 1
1485 797 1
1485 800 1
1485 801 1
1485 805 1
1485 807 1
1485 819 1
1486 1045 1
1486 1049 1
1486 1052 1
1486 1059 1
1488 173 1
1488 179 1
1488 180 1
1488 181 1
1488 182 1
1488 202 1
1491 1591 1
1494 744 1
1494 745 1
1498 1590 1
1499 1588 1
1501 1587 1
1502 121 1
1502 127 1
1502 138 1
1502 145 1
1503 290 1
1503 291 1
1504 1582 1
1505 113 1
1505 118 1
1505 119 1
1505 120 1
1506 1580 1
1507 1539 1
1507 1541 1
1507 1542 1
1507 1546 1
1507 1550 1
1507 1556 1
1507 1573 1
1508 288 1
1508 289 1
1509 1440 1
1509 1441 1
1509 1443 1
1511 95 1
1511 97 1
1511 99 1
1511 102 1
1517 538 1
1517 540 1
1517 542 1
1517 545 1
1517 547 1
1517 548 1
1520 742 1
1520 743 1
1522 1033 1
1522 1039 1
1522 1040 1
1522 1044 1
1523 1576 1
1524 86 1
1524 87 1
1524 93 1
1524 94 1
1526 1823 1
1526 1825 1
1526 1829 1
1529 1263 1
1529 1266 1
1529 1269 1
1529 1275 1
1529 1276 1
1529 1281 1
1529 1288 1
1531 517 1
1531 519 1
1531 525 1
1531 527 1
1531 529 1
1531 535 1
1535 604 1
1535 624 1
1535 625 1
1535 637 1
1535 638 1
1535 648 1
1535 649 1
1535 653 1
1536 1573 1
1538 76 1
1538 77 1
1538 83 1
1538 84 1
1540 737 1
1540 738 1
1542 1875 1
1542 1883 1
1542 1885 1
1542 1889 1
1542 1894 1
1542 1 1
1543 1819 1
1543 1820 1
1543 1822 1
1547 734 1
1547 735 1
1548 1473 1
1548 1474 1
1548 1475 1
1549 286 1
1549 287 1
1552 66 1
1552 70 1
1552 71 1
1552 72 1
1553 1027 1
1553 1028 1
1553 1031 1
1553 1032 1
1556 278 1
1556 281 1
1559 1498 1
1559 1503 1
1559 1505 1
1559 1506 1
1559 1508 1
1559 1516 1
1559 1524 1
1560 1534 1
1561 732 1
1561 733 1
1563 1533 1
1564 728 1
1564 729 1
1565 276 1
1565 277 1
1566 273 1
1566 274 1
1567 1222 1
1567 1228 1
1567 1233 1
1567 1237 1
1567 1240 1
1567 1254 1
1567 1259 1
1570 264 1
1570 270 1
1571 1811 1
1571 1813 1
1571 1814 1
1572 1020 1
1572 1021 1
1572 1022 1
1572 1023 1
1573 1266 1
1573 1275 1
1573 1276 1
1573 1288 1
1573 1290 1
1573 1291 1
1573 1303 1
1573 1350 1
1573 1353 1
1573 1404 1
1574 723 1
1574 725 1
1575 1570 1
1577 1569 1
1579 721 1
1579 722 1
1581 752 1
1581 756 1
1581 767 1
1581 771 1
1581 772 1
1581 774 1
1582 262 1
1582 263 1
1585 1004 1
1585 1011 1
1585 1014 1
1585 1019 1
1586 1808 1
1586 1809 1
1586 1810 1
1588 59 1
1588 61 1
1588 63 1
1588 64 1
1589 717 1
1589 718 1
1591 260 1
1591 261 1
1593 1531 1
1594 1470 1
1594 1471 1
1594 1472 1
1596 995 1
1596 998 1
1596 999 1
1596 1000 1
1598 257 1
1598 258 1
1599 581 1
1599 584 1
1599 588 1
1599 589 1
1599 590 1
1599 591 1
1599 595 1
1599 598 1
1600 723 1
1600 729 1
1600 734 1
1600 735 1
1600 742 1
1600 743 1
1601 712 1
1601 713 1
1601 715 1
1601 716 1
1601 717 1
1601 721 1
1602 1461 1
1602 1462 1
1602 1468 1
1603 1530 1
1607 310 1
1607 311 1
1607 316 1
1607 325 1
1607 368 1
1607 370 1
1607 393 1
1607 405 1
1607 409 1
1608 715 1
1608 716 1
1609 988 1
1609 990 1
1609 992 1
1609 994 1
1610 255 1
1610 256 1
1614 252 1
1614 254 1
1615 535 1
1615 540 1
1615 542 1
1615 545 1
1615 548 1
1615 562 1
1615 572 1
1615 577 1
1616 1529 1
1617 1524 1
1618 250 1
1618 251 1
1620 1568 1
1621 1793 1
1621 1802 1
1621 1803 1
1622 44 1
1622 48 1
1622 54 1
1622 55 1
1623 248 1
1623 249 1
1627 712 1
1627 713 1
1629 707 1
1629 711 1
1630 705 1
1630 706 1
1631 702 1
1631 704 1
1635 246 1
1635 247 1
1637 1567 1
1639 244 1
1639 245 1
1640 700 1
1640 701 1
1641 698 1
1641 699 1
1642 242 1
1642 243 1
1644 1789 1
1644 1790 1
1644 1791 1
1646 969 1
1646 976 1
1646 980 1
1646 987 1
1648 1566 1
1654 38 1
1654 39 1
1654 40 1
1654 42 1
1655 239 1
1655 240 1
1656 325 1
1656 1114 1
1656 1115 1
1656 1134 1
1656 1237 1
1656 1266 1
1656 1275 1
1656 1276 1
1656 1288 1
1656 1404 1
1656 1406 1
1656 1430 1
1656 1482 1
1656 1506 1
1661 507 1
1661 509 1
1661 512 1
1661 515 1
1661 517 1
1661 525 1
1661 527 1
1661 529 1
1662 237 1
1662 238 1
1663 235 1
1663 236 1
1664 1786 1
1664 1787 1
1664 1788 1
1665 228 1
1665 233 1
1667 1472 1
1667 1475 1
1667 1476 1
1667 1482 1
1667 1483 1
1667 1489 1
1667 1497 1
1668 1084 1
1668 1085 1
1668 1086 1
1668 1087 1
1668 1100 1
1668 1104 1
1668 1110 1
1668 1114 1
1671 700 1
1671 702 1
1671 704 1
1671 705 1
1671 706 1
1671 711 1
1673 688 1
1673 693 1
1675 224 1
1675 225 1
1676 1565 1
1677 686 1
1677 687 1
1678 684 1
1678 685 1
1679 680 1
1679 683 1
1680 676 1
1680 678 1
1681 960 1
1681 964 1
1681 965 1
1681 966 1
1682 949 1
1682 952 1
1682 957 1
1682 958 1
1684 1521 1
1685 1433 1
1685 1435 1
1685 1439 1
1686 1519 1
1687 672 1
1687 673 1
1688 220 1
1688 222 1
1689 213 1
1689 218 1
1690 668 1
1690 670 1
1692 1563 1
1693 1560 1
1694 211 1
1694 212 1
1695 1154 1
1695 1168 1
1695 1170 1
1695 1191 1
1695 1193 1
1695 1195 1
1695 1196 1
1696 1084 1
1696 1085 1
1696 1114 1
1696 1115 1
1696 1134 1
1696 1214 1
1696 1233 1
1696 1237 1
1696 1266 1
1696 1275 1
1696 1276 1
1697 209 1
1697 210 1
1698 666 1
1698 667 1
1700 664 1
1700 665 1
1701 662 1
1701 663 1
1702 207 1
1702 208 1
1708 483 1
1708 484 1
1708 488 1
1708 489 1
1708 490 1
1708 492 1
1708 493 1
1708 506 1
1710 205 1
1710 206 1
1712 1518 1
1713 657 1
1713 659 1
1714 1557 1
1715 1517 1
1718 1851 1
1718 1859 1
1718 1863 1
1718 1866 1
1718 1871 1
1718 1874 1
1720 203 1
1720 204 1
1721 201 1
1721 202 1
1722 1825 1
1722 1845 1
1722 1851 1
1722 1859 1
1722 1871 1
1722 1883 1
1722 1885 1
1722 11 1
1722 17 1
1723 655 1
1723 656 1
1728 1779 1
1728 1781 1
1728 1782 1
1730 194 1
1730 200 1
1731 188 1
1731 190 1
1732 653 1
1732 654 1
1733 651 1
1733 652 1
1734 469 1
1734 470 1
1734 471 1
1734 475 1
1734 476 1
1734 477 1
1734 478 1
1734 482 1
1736 185 1
1736 186 1
1738 1427 1
1738 1429 1
1738 1430 1
1740 1556 1
1743 1458 1
1743 1459 1
1743 1460 1
1745 1516 1
1746 1033 1
1746 1039 1
1746 1040 1
1746 1064 1
1746 1065 1
1746 1068 1
1746 1081 1
1746 1083 1
1748 1413 1
1748 1417 1
1748 1420 1
1750 1573 1
1750 1580 1
1750 1582 1
1750 1588 1
1750 1591 1
1751 1515 1
1753 1514 1
1754 28 1
1754 29 1
1754 36 1
1754 37 1
1755 1552 1
1756 649 1
1756 650 1
1757 942 1
1757 944 1
1757 945 1
1757 946 1
1761 539 1
1761 540 1
1761 541 1
1761 542 1
1762 647 1
1762 648 1
1763 23 1
1763 24 1
1763 25 1
1763 27 1
1764 934 1
1764 938 1
1764 940 1
1764 941 1
1766 1450 1
1766 1456 1
1766 1457 1
1770 644 1
1770 646 1
1771 1281 1
1771 1288 1
1771 1289 1
1771 1290 1
1771 1291 1
1772 1406 1
1772 1411 1
1772 1412 1
1773 181 1
1773 182 1
1774 1550 1
1775 19 1
1775 20 1
1775 21 1
1775 22 1
1776 1512 1
1778 179 1
1778 180 1
1779 15 1
1779 16 1
1779 17 1
1779 18 1
1780 177 1
1780 178 1
1781 966 1
1781 987 1
1781 992 1
1781 995 1
1781 998 1
1781 1014 1
1781 1019 1
1781 1021 1
1783 169 1
1783 173 1
1784 1441 1
1784 1445 1
1784 1448 1
1784 1450 1
1784 1459 1
1784 1461 1
1784 1462 1
1785 1776 1
1785 1777 1
1785 1778 1
1786 166 1
1786 167 1
1787 164 1
1787 165 1
1789 162 1
1789 163 1
1790 158 1
1790 159 1
1791 1401 1
1791 1403 1
1791 1404 1
1792 1549 1
1793 1511 1
1796 1548 1
1800 639 1
1800 643 1
1801 928 1
1801 929 1
1801 930 1
1801 933 1
1802 156 1
1802 157 1
1803 1509 1
1806 637 1
1806 638 1
1810 1269 1
1810 1272 1
1810 1273 1
1810 1275 1
1810 1276 1
1811 287 1
1811 294 1
1811 310 1
1811 311 1
1811 316 1
1811 325 1
1811 368 1
1811 370 1
1811 430 1
1811 451 1
1811 488 1
1811 489 1
1815 713 1
1815 715 1
1815 734 1
1815 742 1
1815 743 1
1815 756 1
1815 840 1
1815 848 1
1815 862 1
1815 874 1
1817 1546 1
1819 153 1
1819 155 1
1820 1254 1
1820 1259 1
1820 1263 1
1820 1264 1
1820 1266 1
1821 910 1
1821 919 1
1821 920 1
1821 926 1
1822 1508 1
1823 149 1
1823 151 1
1824 147 1
1824 148 1
1827 1506 1
1828 1772 1
1828 1773 1
1828 1775 1
1829 145 1
1829 146 1
1830 409 1
1830 428 1
1830 430 1
1830 432 1
1830 435 1
1830 446 1
1830 451 1
1830 453 1
1833 1544 1
1834 1763 1
1834 1769 1
1834 1771 1
1836 628 1
1836 629 1
1839 903 1
1839 906 1
1839 907 1
1839 909 1
1840 1505 1
1841 624 1
1841 625 1
1844 138 1
1844 141 1
1846 1503 1
1847 121 1
1847 127 1
1850 535 1
1850 536 1
1850 537 1
1850 538 1
1851 6 1
1851 9 1
1851 11 1
1851 14 1
1853 238 1
1853 248 1
1853 249 1
1853 258 1
1853 263 1
1853 264 1
1853 286 1
1853 287 1
1853 294 1
1854 1753 1
1854 1754 1
1854 1760 1
1855 1502 1
1858 1542 1
1860 119 1
1860 120 1
1861 622 1
1861 623 1
1865 1541 1
1866 0 1
1866 1 1
1866 2 1
1866 5 1
1869 1539 1
1870 1885 1
1870 1889 1
1870 1890 1
1870 1894 1
1871 1395 1
1871 1396 1
1871 1397 1
1873 616 1
1873 621 1
1875 1501 1
1879 113 1
1879 118 1
1880 107 1
1880 109 1
1884 611 1
1884 612 1
1886 102 1
1886 103 1
1887 1538 1
1888 1498 1
1890 97 1
1890 99 1
1894 95 1
1894 96 1
1898 93 1
1898 94 1
0 27 2
0 29 2
0 39 2
0 40 2
0 44 2
0 59 2
0 63 2
0 64 2
1 685 2
1 686 2
1 687 2
1 688 2
2 1779 2
2 1781 2
2 1782 2
4 1491 2
4 1497 2
6 1488 2
6 1489 2
7 1390 2
7 1391 2
7 1393 2
7 1394 2
10 1482 2
10 1483 2
12 1898 2
13 1215 2
13 1216 2
13 1219 2
13 1222 2
13 1228 2
13 1233 2
15 1895 2
16 676 2
16 678 2
16 680 2
16 683 2
17 667 2
17 668 2
17 672 2
17 673 2
21 700 2
21 702 2
21 704 2
21 705 2
21 706 2
21 711 2
23 659 2
23 664 2
23 665 2
23 666 2
28 1776 2
28 1777 2
28 1778 2
33 1386 2
33 1387 2
33 1388 2
33 1389 2
34 1480 2
34 1481 2
36 1476 2
36 1478 2
38 653 2
38 654 2
38 655 2
38 657 2
39 1474 2
39 1475 2
41 648 2
41 649 2
41 650 2
41 652 2
43 1472 2
43 1473 2
44 1772 2
44 1773 2
44 1775 2
46 1894 2
48 1482 2
48 1498 2
48 1505 2
48 1506 2
48 1524 2
48 1546 2
48 1593 2
48 1597 2
48 1598 2
48 1684 2
48 1777 2
49 86 2
49 87 2
49 89 2
54 1470 2
54 1471 2
56 1466 2
56 1468 2
57 1461 2
57 1462 2
58 1459 2
58 1460 2
60 1457 2
60 1458 2
61 638 2
61 643 2
61 644 2
61 646 2
65 1890 2
68 1455 2
68 1456 2
70 1889 2
71 657 2
71 678 2
71 680 2
71 687 2
71 688 2
71 693 2
73 1453 2
73 1454 2
78 1451 2
78 1452 2
79 1888 2
81 1448 2
81 1450 2
83 1445 2
83 1446 2
84 1443 2
84 1444 2
85 1441 2
85 1442 2
86 1439 2
86 1440 2
88 79 2
88 83 2
88 84 2
89 625 2
89 628 2
89 629 2
89 637 2
90 1433 2
90 1435 2
92 1430 2
92 1432 2
93 1065 2
93 1068 2
93 1081 2
93 1083 2
93 1084 2
93 1085 2
93 1086 2
93 1087 2
93 1114 2
93 1115 2
99 1886 2
101 591 2
101 595 2
101 648 2
101 649 2
101 653 2
101 657 2
101 700 2
101 711 2
101 734 2
101 742 2
101 743 2
103 616 2
103 621 2
103 622 2
103 624 2
107 591 2
107 595 2
107 637 2
107 648 2
107 649 2
107 653 2
107 657 2
107 700 2
107 711 2
107 712 2
108 76 2
108 77 2
108 78 2
110 1427 2
110 1429 2
111 1420 2
111 1421 2
112 1885 2
113 1416 2
113 1417 2
114 1412 2
114 1413 2
116 1196 2
116 1206 2
116 1209 2
116 1211 2
116 1213 2
116 1214 2
119 1883 2
120 1410 2
120 1411 2
121 1882 2
122 1406 2
122 1408 2
123 1361 2
123 1364 2
123 1374 2
123 1377 2
126 325 2
126 1237 2
126 294 2
126 489 2
126 490 2
126 493 2
126 517 2
126 548 2
126 572 2
126 588 2
126 590 2
126 591 2
126 595 2
126 657 2
126 711 2
126 840 2
128 488 2
128 489 2
128 490 2
128 493 2
128 517 2
128 548 2
128 572 2
128 581 2
128 584 2
128 588 2
128 590 2
129 1403 2
129 1404 2
130 1397 2
130 1401 2
131 1880 2
132 1110 2
132 1114 2
132 1115 2
132 1117 2
132 1129 2
132 1134 2
132 1145 2
132 1152 2
134 1350 2
134 1353 2
134 1359 2
134 1360 2
138 1395 2
138 1396 2
139 1393 2
139 1394 2
140 1390 2
140 1391 2
142 1388 2
142 1389 2
143 1879 2
144 1345 2
144 1346 2
144 1347 2
144 1349 2
145 1386 2
145 1387 2
146 1377 2
146 1382 2
148 1878 2
149 1763 2
149 1769 2
149 1771 2
150 1332 2
150 1335 2
150 1336 2
150 1344 2
154 1866 2
154 1871 2
154 1874 2
154 1875 2
154 1883 2
155 17 2
155 19 2
155 20 2
155 21 2
155 22 2
155 23 2
155 24 2
155 25 2
159 1374 2
159 1375 2
160 1875 2
162 1368 2
162 1373 2
165 1874 2
166 1364 2
166 1365 2
167 605 2
167 608 2
167 611 2
167 612 2
168 1318 2
168 1322 2
168 1326 2
168 1331 2
170 70 2
170 71 2
170 72 2
171 1871 2
173 1753 2
173 1754 2
173 1760 2
174 1362 2
174 1363 2
175 1360 2
175 1361 2
177 1749 2
177 1751 2
177 1752 2
179 1359 2
179 1377 2
179 1387 2
179 1388 2
179 1394 2
179 1404 2
179 1406 2
181 1353 2
181 1359 2
183 1851 2
183 1855 2
183 1857 2
183 1859 2
183 1863 2
185 599 2
185 600 2
185 601 2
185 604 2
188 1746 2
188 1747 2
188 1748 2
189 1349 2
189 1350 2
190 1347 2
190 1348 2
192 1870 2
194 1345 2
194 1346 2
195 1083 2
195 1084 2
195 1085 2
195 1086 2
195 1087 2
195 1092 2
195 1100 2
195 1104 2
197 1868 2
198 1337 2
198 1344 2
199 1335 2
199 1336 2
200 1738 2
200 1744 2
200 1745 2
201 1866 2
203 1863 2
204 1332 2
204 1333 2
205 1862 2
209 649 2
209 653 2
209 657 2
209 711 2
209 734 2
209 840 2
209 848 2
209 862 2
209 882 2
209 886 2
209 887 2
209 942 2
210 1730 2
210 1731 2
210 1736 2
212 1326 2
212 1331 2
218 1860 2
220 638 2
220 648 2
220 649 2
220 653 2
220 654 2
220 655 2
221 1318 2
221 1322 2
222 1546 2
222 1550 2
222 1552 2
222 1556 2
222 1568 2
223 1307 2
223 1313 2
224 1722 2
224 1724 2
224 1726 2
227 1301 2
227 1303 2
227 1307 2
227 1313 2
229 1305 2
229 1306 2
230 1301 2
230 1303 2
231 1296 2
231 1298 2
232 1859 2
236 1857 2
239 1856 2
241 1291 2
241 1294 2
241 1295 2
241 1298 2
242 1855 2
245 1294 2
245 1295 2
247 591 2
247 593 2
247 595 2
247 598 2
248 1290 2
248 1291 2
249 587 2
249 588 2
249 589 2
249 590 2
253 1168 2
253 1170 2
253 1179 2
253 1191 2
253 1193 2
253 1195 2
255 1266 2
255 1275 2
255 1276 2
255 1288 2
255 1290 2
255 1291 2
255 1303 2
255 1350 2
255 1353 2
255 1404 2
256 1288 2
256 1289 2
257 1852 2
261 1282 2
261 1285 2
262 1280 2
262 1281 2
263 580 2
263 581 2
263 584 2
263 585 2
267 1275 2
267 1276 2
268 1033 2
268 1039 2
268 1040 2
268 1049 2
268 1064 2
268 1065 2
268 1068 2
268 1081 2
269 992 2
269 994 2
269 995 2
269 998 2
269 1004 2
269 1014 2
269 1019 2
269 1021 2
272 1272 2
272 1273 2
273 1268 2
273 1269 2
274 250 2
274 254 2
274 255 2
274 257 2
274 258 2
274 261 2
274 263 2
274 264 2
276 1264 2
276 1266 2
278 1851 2
279 1819 2
279 1822 2
279 1825 2
279 1829 2
279 1831 2
279 1838 2
279 1845 2
281 1259 2
281 1263 2
282 64 2
282 66 2
282 69 2
283 1256 2
283 1257 2
289 1850 2
291 1251 2
291 1254 2
293 1760 2
293 1776 2
293 1777 2
293 1782 2
293 1790 2
293 1791 2
293 1811 2
295 1249 2
295 1250 2
297 1246 2
297 1248 2
298 1848 2
299 1244 2
299 1245 2
300 287 2
300 294 2
300 310 2
300 311 2
300 316 2
300 325 2
300 368 2
300 370 2
300 430 2
300 451 2
300 488 2
300 489 2
302 1847 2
307 1242 2
307 1243 2
308 255 2
308 257 2
308 258 2
308 261 2
308 263 2
308 264 2
309 566 2
309 567 2
309 572 2
309 577 2
310 1846 2
311 1240 2
311 1241 2
312 604 2
312 605 2
312 616 2
312 624 2
312 625 2
312 637 2
313 1441 2
313 1445 2
313 1446 2
313 1448 2
313 1450 2
314 1238 2
314 1239 2
315 1236 2
315 1237 2
318 1448 2
318 1450 2
318 1459 2
318 1462 2
318 1482 2
318 1498 2
318 1505 2
318 1506 2
318 1524 2
318 1539 2
322 1234 2
322 1235 2
324 1845 2
325 1844 2
326 1718 2
326 1720 2
326 1721 2
327 1232 2
327 1233 2
328 1226 2
328 1228 2
332 1130 2
332 1134 2
332 1145 2
332 1152 2
332 1154 2
332 1160 2
335 1843 2
338 588 2
338 589 2
338 590 2
338 591 2
338 595 2
338 598 2
340 59 2
340 61 2
340 63 2
341 1840 2
344 1224 2
344 1225 2
345 558 2
345 559 2
345 561 2
345 562 2
346 1282 2
346 1288 2
346 1289 2
346 1290 2
348 1275 2
348 1276 2
348 1280 2
348 1281 2
350 1222 2
350 1223 2
351 1220 2
351 1221 2
352 1218 2
352 1219 2
355 545 2
355 546 2
355 547 2
355 548 2
359 1216 2
359 1217 2
360 1214 2
360 1215 2
363 1530 2
363 1533 2
363 1539 2
363 1541 2
363 1542 2
364 1508 2
364 1509 2
364 1516 2
364 1519 2
364 1524 2
367 539 2
367 540 2
367 541 2
367 542 2
368 1212 2
368 1213 2
369 316 2
369 325 2
369 368 2
369 370 2
369 393 2
369 405 2
369 409 2
369 428 2
369 430 2
369 432 2
372 1209 2
372 1211 2
373 1326 2
373 1335 2
373 1344 2
373 1346 2
373 1349 2
373 1350 2
373 1353 2
377 1710 2
377 1715 2
377 1717 2
378 1193 2
378 1195 2
378 1196 2
378 1206 2
378 1209 2
378 1211 2
378 1213 2
378 1214 2
379 1268 2
379 1269 2
379 1272 2
379 1273 2
382 1838 2
384 1206 2
384 1207 2
385 535 2
385 536 2
385 537 2
385 538 2
386 52 2
386 54 2
386 55 2
388 1721 2
388 1726 2
388 1730 2
388 1731 2
388 1738 2
388 1747 2
388 1753 2
390 325 2
390 1237 2
390 294 2
390 1871 2
390 72 2
390 840 2
390 1134 2
390 1266 2
390 1275 2
390 1276 2
390 1288 2
390 1404 2
390 1406 2
390 1430 2
390 1506 2
390 1598 2
391 1702 2
391 1703 2
391 1709 2
392 1695 2
392 1696 2
392 1697 2
393 1837 2
394 1203 2
394 1204 2
396 1196 2
396 1202 2
397 1194 2
397 1195 2
398 1835 2
400 1191 2
400 1193 2
405 1688 2
405 1689 2
405 1691 2
408 1674 2
408 1684 2
408 1685 2
409 1429 2
409 1430 2
409 1433 2
409 1439 2
409 1440 2
410 1259 2
410 1263 2
410 1264 2
410 1266 2
411 325 2
411 1114 2
411 1115 2
411 1134 2
411 1237 2
411 1266 2
411 1275 2
411 1276 2
411 1288 2
411 1404 2
411 1406 2
411 1430 2
411 1482 2
411 1506 2
412 1397 2
412 1404 2
412 1406 2
412 1413 2
412 1427 2
413 1246 2
413 1254 2
413 1256 2
413 1257 2
415 1832 2
417 1831 2
418 1829 2
421 1182 2
421 1185 2
422 1179 2
422 1180 2
424 1104 2
424 1110 2
424 1114 2
424 1115 2
424 1117 2
424 1129 2
425 1827 2
426 1174 2
426 1175 2
429 202 2
429 225 2
429 233 2
429 235 2
429 236 2
429 238 2
429 248 2
429 249 2
430 390 2
430 391 2
430 392 2
430 393 2
431 1242 2
431 1243 2
431 1244 2
431 1245 2
434 381 2
434 383 2
434 385 2
434 387 2
436 1170 2
436 1173 2
437 376 2
437 377 2
437 378 2
437 380 2
438 527 2
438 529 2
438 530 2
438 533 2
439 1826 2
440 1167 2
440 1168 2
441 518 2
441 519 2
441 522 2
441 525 2
444 514 2
444 515 2
444 516 2
444 517 2
445 1163 2
445 1165 2
447 1160 2
447 1162 2
452 1156 2
452 1158 2
457 1152 2
457 1154 2
458 1150 2
458 1151 2
463 1825 2
466 370 2
466 371 2
466 373 2
466 374 2
467 1146 2
467 1147 2
471 237 2
471 238 2
471 248 2
471 249 2
471 250 2
471 254 2
472 1238 2
472 1239 2
472 1240 2
472 1241 2
473 1824 2
478 1142 2
478 1145 2
480 1134 2
480 1140 2
481 1668 2
481 1669 2
481 1670 2
489 1823 2
490 1662 2
490 1665 2
490 1666 2
492 1129 2
492 1130 2
493 1290 2
493 1291 2
493 1301 2
493 1303 2
493 1313 2
493 1318 2
493 1322 2
494 944 2
494 945 2
494 946 2
494 949 2
494 960 2
494 964 2
494 966 2
494 987 2
495 1127 2
495 1128 2
496 1822 2
497 1122 2
497 1126 2
498 1871 2
498 1883 2
498 1885 2
498 1889 2
498 1 2
498 5 2
498 9 2
498 11 2
500 1472 2
500 1475 2
500 1476 2
500 1482 2
500 1483 2
500 1489 2
500 1497 2
502 1118 2
502 1121 2
506 1115 2
506 1117 2
507 1113 2
507 1114 2
510 47 2
510 48 2
510 51 2
511 945 2
511 949 2
511 966 2
511 992 2
511 995 2
511 998 2
511 1021 2
511 1039 2
511 1040 2
511 1064 2
511 1065 2
511 1068 2
513 1791 2
513 1811 2
513 1819 2
513 1825 2
513 1838 2
513 1845 2
513 1851 2
513 1859 2
514 1109 2
514 1110 2
515 325 2
515 1237 2
515 294 2
515 1871 2
515 72 2
515 840 2
515 517 2
515 949 2
515 1275 2
515 1276 2
515 590 2
515 595 2
515 21 2
515 22 2
515 1114 2
515 1115 2
515 1266 2
515 1684 2
517 1106 2
517 1107 2
518 1820 2
521 1819 2
523 1234 2
523 1235 2
523 1236 2
523 1237 2
524 1104 2
524 1105 2
526 572 2
526 581 2
526 584 2
526 588 2
526 590 2
526 591 2
526 595 2
526 637 2
526 648 2
533 1814 2
535 1115 2
535 1117 2
535 1129 2
535 1134 2
535 1152 2
535 1154 2
535 1168 2
535 1170 2
536 20 2
536 21 2
536 22 2
536 25 2
536 27 2
536 44 2
536 66 2
536 72 2
536 76 2
537 1099 2
537 1100 2
539 1096 2
539 1097 2
540 208 2
540 218 2
540 225 2
540 233 2
540 235 2
540 236 2
543 1813 2
546 357 2
546 366 2
546 368 2
546 369 2
549 508 2
549 509 2
549 512 2
549 513 2
550 94 2
550 97 2
550 145 2
550 151 2
550 179 2
550 180 2
550 181 2
550 182 2
551 1811 2
553 42 2
553 44 2
553 46 2
555 897 2
555 903 2
555 906 2
555 928 2
555 929 2
555 930 2
555 934 2
555 942 2
556 1810 2
557 853 2
557 854 2
557 859 2
557 862 2
557 874 2
557 882 2
557 886 2
557 887 2
558 1091 2
558 1092 2
559 1809 2
562 173 2
562 179 2
562 180 2
562 181 2
562 182 2
562 202 2
564 1808 2
565 1089 2
565 1090 2
566 1805 2
568 1303 2
568 1350 2
568 1353 2
568 1387 2
568 1388 2
568 1404 2
568 1406 2
568 1430 2
568 1433 2
568 1439 2
569 1226 2
569 1228 2
569 1232 2
569 1233 2
570 1221 2
570 1222 2
570 1224 2
570 1225 2
571 1829 2
571 1831 2
571 1838 2
571 1845 2
571 1848 2
572 345 2
572 350 2
572 354 2
572 355 2
573 1084 2
573 1085 2
573 1086 2
573 1087 2
573 1092 2
573 1100 2
574 325 2
574 1237 2
574 294 2
574 1871 2
574 72 2
574 840 2
574 517 2
574 949 2
574 1275 2
574 1276 2
574 591 2
574 595 2
574 657 2
574 711 2
574 882 2
574 942 2
574 945 2
575 1059 2
575 1064 2
575 1065 2
575 1068 2
575 1081 2
575 1083 2
576 1087 2
576 1088 2
579 1019 2
579 1021 2
579 1033 2
579 1039 2
579 1040 2
579 1049 2
581 1803 2
583 1802 2
585 1793 2
586 1216 2
586 1218 2
586 1219 2
586 1220 2
591 1085 2
591 1086 2
592 1083 2
592 1084 2
594 1212 2
594 1213 2
594 1214 2
594 1215 2
596 1655 2
596 1658 2
596 1659 2
597 1791 2
600 338 2
600 341 2
600 342 2
600 343 2
601 1080 2
601 1081 2
602 1077 2
602 1078 2
606 1790 2
610 828 2
610 830 2
610 832 2
610 839 2
610 840 2
610 845 2
610 848 2
610 850 2
613 1789 2
614 1075 2
614 1076 2
616 1652 2
616 1653 2
616 1654 2
617 1206 2
617 1207 2
617 1209 2
617 1211 2
618 1788 2
621 562 2
621 572 2
621 577 2
621 580 2
621 581 2
621 584 2
622 1787 2
623 498 2
623 505 2
623 506 2
623 507 2
624 1073 2
624 1074 2
625 1263 2
625 1266 2
625 1269 2
625 1275 2
625 1276 2
625 1281 2
625 1288 2
626 1070 2
626 1072 2
633 1685 2
633 1695 2
633 1702 2
633 1703 2
633 1710 2
633 1715 2
633 1717 2
634 1195 2
634 1196 2
634 1202 2
634 1203 2
635 1065 2
635 1068 2
637 1377 2
637 1387 2
637 1388 2
637 1394 2
637 1396 2
638 334 2
638 335 2
638 336 2
638 337 2
639 1786 2
640 1063 2
640 1064 2
642 1783 2
644 1052 2
644 1059 2
645 39 2
645 40 2
645 41 2
646 1047 2
646 1049 2
647 1782 2
648 1045 2
648 1046 2
650 1041 2
650 1044 2
651 492 2
651 493 2
651 496 2
651 497 2
652 1039 2
652 1040 2
654 127 2
654 145 2
654 147 2
654 151 2
654 165 2
654 166 2
655 325 2
655 1237 2
655 294 2
655 1871 2
655 72 2
655 840 2
655 517 2
655 949 2
655 1275 2
655 1276 2
655 370 2
655 488 2
655 489 2
655 493 2
655 572 2
655 588 2
655 590 2
656 651 2
656 652 2
659 1781 2
660 1032 2
660 1033 2
663 649 2
663 650 2
666 1780 2
670 647 2
670 648 2
671 1610 2
671 1623 2
671 1642 2
671 1645 2
671 1655 2
671 1666 2
671 1684 2
673 248 2
673 249 2
673 258 2
673 263 2
673 264 2
673 286 2
673 287 2
673 294 2
673 310 2
673 311 2
674 1028 2
674 1031 2
675 1779 2
676 1349 2
676 1350 2
676 1353 2
676 1359 2
676 1361 2
677 1778 2
679 1023 2
679 1027 2
680 644 2
680 646 2
681 1021 2
681 1022 2
685 1777 2
686 66 2
686 72 2
686 76 2
686 77 2
686 151 2
686 179 2
686 180 2
686 181 2
686 202 2
686 233 2
688 324 2
688 325 2
688 326 2
688 328 2
689 1019 2
689 1020 2
691 995 2
691 998 2
691 999 2
691 1000 2
691 1004 2
691 1014 2
693 1642 2
693 1645 2
693 1650 2
695 1011 2
695 1014 2
696 1000 2
696 1004 2
698 1628 2
698 1638 2
698 1639 2
699 538 2
699 540 2
699 542 2
699 545 2
699 547 2
699 548 2
701 639 2
701 643 2
702 1623 2
702 1625 2
702 1626 2
703 998 2
703 999 2
705 637 2
705 638 2
707 311 2
707 312 2
707 313 2
707 316 2
708 1776 2
709 1185 2
709 1191 2
709 1193 2
709 1194 2
710 36 2
710 37 2
710 38 2
711 304 2
711 306 2
711 308 2
711 310 2
712 1084 2
712 1085 2
712 1086 2
712 1087 2
712 1100 2
712 1104 2
712 1110 2
712 1114 2
714 994 2
714 995 2
715 628 2
715 629 2
716 624 2
716 625 2
717 622 2
717 623 2
719 960 2
719 964 2
719 966 2
719 987 2
719 992 2
719 994 2
720 771 2
720 772 2
720 774 2
720 800 2
720 801 2
720 807 2
720 819 2
720 824 2
722 616 2
722 621 2
723 1332 2
723 1335 2
723 1344 2
723 1346 2
723 1347 2
724 1174 2
724 1179 2
724 1180 2
724 1182 2
730 1775 2
731 1773 2
734 1772 2
735 93 2
735 94 2
735 95 2
735 97 2
735 99 2
735 102 2
736 990 2
736 992 2
738 611 2
738 612 2
739 1771 2
741 987 2
741 988 2
742 605 2
742 608 2
744 296 2
744 298 2
744 300 2
744 302 2
745 603 2
745 604 2
746 27 2
746 28 2
746 29 2
747 980 2
747 984 2
748 976 2
748 979 2
749 1313 2
749 1318 2
749 1322 2
749 1326 2
749 1331 2
750 1580 2
750 1588 2
750 1591 2
750 1593 2
750 1597 2
750 1598 2
750 1604 2
751 1769 2
756 600 2
756 601 2
757 598 2
757 599 2
758 517 2
758 519 2
758 525 2
758 527 2
758 529 2
758 535 2
763 969 2
763 971 2
765 965 2
765 966 2
766 1768 2
769 595 2
769 596 2
770 1767 2
771 72 2
771 76 2
771 77 2
771 83 2
771 86 2
771 87 2
773 592 2
773 593 2
774 590 2
774 591 2
775 1158 2
775 1160 2
775 1168 2
775 1170 2
778 25 2
778 27 2
778 66 2
778 72 2
778 76 2
778 77 2
778 151 2
778 181 2
778 202 2
778 258 2
778 263 2
778 264 2
778 286 2
780 716 2
780 717 2
780 721 2
780 734 2
780 735 2
780 742 2
780 743 2
780 756 2
781 1766 2
786 484 2
786 488 2
786 489 2
786 490 2
787 1763 2
788 588 2
788 589 2
790 1761 2
791 962 2
791 964 2
792 1150 2
792 1151 2
792 1152 2
792 1154 2
793 1140 2
793 1142 2
793 1145 2
793 1147 2
794 959 2
794 960 2
795 957 2
795 958 2
798 585 2
798 587 2
802 953 2
802 954 2
803 1618 2
803 1619 2
803 1622 2
804 1760 2
807 581 2
807 584 2
808 1759 2
809 506 2
809 507 2
809 508 2
809 509 2
809 512 2
809 515 2
810 949 2
810 952 2
811 946 2
811 948 2
812 1754 2
815 482 2
815 488 2
815 489 2
815 490 2
815 493 2
815 509 2
815 515 2
815 517 2
815 548 2
818 325 2
818 1237 2
818 294 2
818 1871 2
818 72 2
818 840 2
818 517 2
818 949 2
818 1275 2
818 1276 2
818 590 2
818 595 2
818 21 2
818 22 2
818 181 2
818 286 2
818 287 2
818 368 2
823 1753 2
824 1752 2
826 288 2
826 289 2
826 290 2
826 294 2
828 278 2
828 281 2
828 286 2
828 287 2
833 577 2
833 580 2
834 1751 2
835 572 2
835 576 2
837 40 2
837 44 2
837 59 2
837 63 2
837 64 2
837 66 2
840 25 2
840 27 2
840 29 2
840 36 2
840 38 2
840 39 2
841 1237 2
841 1254 2
841 1259 2
841 1266 2
841 1269 2
841 1275 2
841 1276 2
841 1288 2
841 1290 2
841 1291 2
843 477 2
843 478 2
843 482 2
843 483 2
844 1610 2
844 1616 2
844 1617 2
845 262 2
845 263 2
845 264 2
845 270 2
846 1598 2
846 1604 2
846 1606 2
847 566 2
847 567 2
848 256 2
848 257 2
848 258 2
848 261 2
851 1195 2
851 1196 2
851 1206 2
851 1209 2
851 1211 2
851 1213 2
851 1214 2
851 1215 2
851 1219 2
851 1233 2
852 562 2
852 563 2
853 559 2
853 561 2
855 1750 2
856 1749 2
857 1748 2
858 550 2
858 558 2
859 548 2
859 549 2
860 546 2
860 547 2
861 543 2
861 545 2
862 251 2
862 252 2
862 254 2
862 255 2
865 1294 2
865 1295 2
865 1298 2
865 1301 2
865 1303 2
866 1747 2
867 1746 2
868 1128 2
868 1129 2
868 1130 2
868 1134 2
869 541 2
869 542 2
870 247 2
870 248 2
870 249 2
870 250 2
873 1745 2
874 539 2
874 540 2
875 537 2
875 538 2
876 535 2
876 536 2
877 1121 2
877 1122 2
877 1126 2
877 1127 2
878 533 2
878 534 2
879 488 2
879 489 2
879 490 2
879 492 2
879 493 2
879 496 2
882 848 2
882 853 2
882 854 2
882 862 2
882 874 2
882 886 2
882 887 2
882 903 2
884 1084 2
884 1085 2
884 1086 2
884 1087 2
884 1104 2
884 1110 2
884 1114 2
884 1115 2
884 1134 2
884 1193 2
885 23 2
885 24 2
885 25 2
887 529 2
887 530 2
888 525 2
888 527 2
889 1744 2
891 20 2
891 21 2
891 22 2
893 520 2
893 522 2
895 944 2
895 945 2
897 1134 2
897 1193 2
897 1196 2
897 1211 2
897 1213 2
897 1214 2
897 1215 2
897 1219 2
897 1233 2
897 1237 2
898 1743 2
899 518 2
899 519 2
900 1738 2
901 723 2
901 729 2
901 734 2
901 735 2
901 742 2
901 743 2
902 476 2
902 477 2
902 478 2
902 482 2
902 483 2
902 484 2
903 1736 2
905 1731 2
906 239 2
906 240 2
906 242 2
906 244 2
908 325 2
908 1237 2
908 882 2
908 942 2
908 945 2
908 949 2
908 992 2
908 995 2
908 998 2
908 1021 2
908 1064 2
908 1065 2
908 1084 2
908 1085 2
912 1730 2
913 428 2
913 430 2
913 432 2
913 435 2
913 451 2
913 469 2
913 476 2
913 477 2
913 478 2
914 17 2
914 18 2
914 19 2
916 941 2
916 942 2
917 1726 2
918 700 2
918 702 2
918 704 2
918 705 2
918 711 2
918 712 2
918 713 2
918 715 2
919 1724 2
920 516 2
920 517 2
923 1722 2
924 1721 2
926 514 2
926 515 2
927 1720 2
928 512 2
928 513 2
929 1033 2
929 1039 2
929 1040 2
929 1064 2
929 1065 2
929 1068 2
929 1081 2
929 1083 2
930 235 2
930 236 2
930 237 2
930 238 2
933 509 2
933 511 2
936 507 2
936 508 2
938 505 2
938 506 2
939 1811 2
939 1825 2
939 1859 2
939 1871 2
939 1883 2
939 11 2
939 17 2
939 20 2
939 21 2
939 22 2
939 25 2
942 1591 2
942 1593 2
942 1597 2
943 1718 2
945 1717 2
946 498 2
946 500 2
947 939 2
947 940 2
948 496 2
948 497 2
951 1539 2
951 1541 2
951 1542 2
951 1546 2
951 1550 2
951 1556 2
951 1573 2
952 492 2
952 493 2
954 712 2
954 713 2
954 715 2
954 716 2
954 717 2
954 721 2
956 936 2
956 938 2
958 218 2
958 220 2
958 225 2
958 233 2
959 489 2
959 490 2
960 486 2
960 488 2
963 14 2
963 15 2
963 16 2
967 1498 2
967 1503 2
967 1505 2
967 1506 2
967 1508 2
967 1516 2
967 1524 2
968 1114 2
968 1115 2
968 1117 2
968 1118 2
970 934 2
970 935 2
971 483 2
971 484 2
972 1107 2
972 1109 2
972 1110 2
972 1113 2
974 6 2
974 9 2
974 11 2
975 930 2
975 933 2
976 1716 2
978 1802 2
978 1811 2
978 1819 2
978 1822 2
978 1825 2
979 481 2
979 482 2
980 478 2
980 479 2
981 928 2
981 929 2
983 1 2
983 2 2
983 5 2
985 1096 2
985 1100 2
985 1104 2
985 1105 2
986 1087 2
986 1090 2
986 1091 2
986 1092 2
987 1715 2
989 1083 2
989 1084 2
989 1085 2
989 1086 2
990 476 2
990 477 2
991 1077 2
991 1078 2
991 1080 2
991 1081 2
992 473 2
992 475 2
993 925 2
993 926 2
994 19 2
994 20 2
994 21 2
994 22 2
994 23 2
994 24 2
995 1712 2
997 1710 2
998 715 2
998 716 2
998 717 2
998 734 2
998 742 2
998 743 2
998 756 2
998 840 2
1000 1709 2
1002 919 2
1002 920 2
1004 1582 2
1004 1587 2
1004 1588 2
1005 1782 2
1005 1788 2
1005 1790 2
1005 1791 2
1005 1793 2
1006 911 2
1006 912 2
1008 1894 2
1008 1895 2
1008 0 2
1009 909 2
1009 910 2
1010 1703 2
1011 1702 2
1015 906 2
1015 907 2
1016 1747 2
1016 1753 2
1016 1760 2
1016 1776 2
1016 1777 2
1017 902 2
1017 903 2
1019 1084 2
1019 1085 2
1019 1114 2
1019 1115 2
1019 1134 2
1019 1214 2
1019 1233 2
1019 1237 2
1019 1266 2
1019 1275 2
1019 1276 2
1020 1697 2
1021 1721 2
1021 1731 2
1021 1738 2
1021 1747 2
1021 1753 2
1021 1777 2
1021 1790 2
1021 1791 2
1021 1811 2
1023 1871 2
1023 1883 2
1023 11 2
1023 17 2
1023 20 2
1023 21 2
1023 22 2
1023 25 2
1023 27 2
1023 44 2
1025 1072 2
1025 1073 2
1025 1075 2
1025 1076 2
1027 1696 2
1029 1726 2
1029 1730 2
1029 1731 2
1029 1736 2
1029 1738 2
1030 900 2
1030 901 2
1031 1573 2
1031 1576 2
1031 1580 2
1033 1566 2
1033 1567 2
1033 1568 2
1035 1695 2
1037 1063 2
1037 1064 2
1037 1065 2
1037 1068 2
1038 897 2
1038 899 2
1039 649 2
1039 653 2
1039 657 2
1039 693 2
1039 700 2
1039 711 2
1039 712 2
1039 713 2
1046 1694 2
1048 893 2
1048 894 2
1049 470 2
1049 471 2
1050 888 2
1050 889 2
1053 1888 2
1053 1889 2
1053 1890 2
1054 1045 2
1054 1049 2
1054 1052 2
1054 1059 2
1055 1691 2
1060 1689 2
1062 1033 2
1062 1039 2
1062 1040 2
1062 1044 2
1063 1688 2
1064 467 2
1064 469 2
1065 1686 2
1067 886 2
1067 887 2
1070 470 2
1070 471 2
1070 475 2
1070 476 2
1072 465 2
1072 466 2
1073 451 2
1073 453 2
1073 469 2
1073 470 2
1073 471 2
1073 475 2
1075 454 2
1075 463 2
1076 1560 2
1076 1563 2
1076 1565 2
1077 1685 2
1078 451 2
1078 453 2
1079 882 2
1079 883 2
1080 1684 2
1082 1675 2
1083 1552 2
1083 1556 2
1083 1557 2
1084 1546 2
1084 1549 2
1084 1550 2
1088 1441 2
1088 1445 2
1088 1448 2
1088 1450 2
1088 1459 2
1088 1461 2
1088 1462 2
1089 463 2
1089 466 2
1089 467 2
1089 469 2
1092 1222 2
1092 1228 2
1092 1233 2
1092 1237 2
1092 1240 2
1092 1254 2
1092 1259 2
1093 944 2
1093 945 2
1093 946 2
1093 949 2
1093 952 2
1093 958 2
1094 880 2
1094 881 2
1095 1883 2
1095 1885 2
1095 1886 2
1097 493 2
1097 509 2
1097 515 2
1097 517 2
1097 548 2
1097 572 2
1097 581 2
1097 584 2
1097 588 2
1097 590 2
1098 1874 2
1098 1875 2
1098 1880 2
1104 448 2
1104 450 2
1106 446 2
1106 447 2
1108 878 2
1108 879 2
1109 442 2
1109 444 2
1111 1027 2
1111 1028 2
1111 1031 2
1111 1032 2
1112 875 2
1112 876 2
1116 1866 2
1116 1870 2
1116 1871 2
1117 1541 2
1117 1542 2
1117 1544 2
1118 439 2
1118 441 2
1120 1674 2
1121 1670 2
1123 873 2
1123 874 2
1125 654 2
1125 655 2
1125 657 2
1125 678 2
1125 680 2
1125 687 2
1125 688 2
1125 693 2
1130 209 2
1130 211 2
1130 212 2
1130 213 2
1131 998 2
1131 1021 2
1131 1033 2
1131 1039 2
1131 1040 2
1131 1064 2
1131 1065 2
1131 1068 2
1131 1081 2
1131 1083 2
1132 1669 2
1134 437 2
1134 438 2
1135 928 2
1135 929 2
1135 930 2
1135 933 2
1135 934 2
1135 942 2
1137 1860 2
1137 1862 2
1137 1863 2
1139 1710 2
1139 1715 2
1139 1717 2
1139 1718 2
1139 1721 2
1140 435 2
1140 436 2
1142 1668 2
1144 1020 2
1144 1021 2
1144 1022 2
1144 1023 2
1149 869 2
1149 870 2
1150 205 2
1150 206 2
1150 207 2
1150 208 2
1152 1546 2
1152 1593 2
1152 1597 2
1152 1598 2
1152 1604 2
1152 1623 2
1152 1684 2
1152 1703 2
1152 1715 2
1153 604 2
1153 624 2
1153 625 2
1153 637 2
1153 638 2
1153 648 2
1153 649 2
1153 653 2
1154 200 2
1154 202 2
1154 203 2
1154 204 2
1155 1004 2
1155 1011 2
1155 1014 2
1155 1019 2
1158 1666 2
1161 1696 2
1161 1697 2
1161 1702 2
1161 1703 2
1161 1709 2
1163 448 2
1163 450 2
1163 451 2
1163 453 2
1165 437 2
1165 439 2
1165 442 2
1165 446 2
1166 1665 2
1169 995 2
1169 998 2
1169 999 2
1169 1000 2
1171 866 2
1171 867 2
1172 863 2
1172 865 2
1173 432 2
1173 434 2
1174 1721 2
1174 1731 2
1174 1738 2
1174 1747 2
1174 1753 2
1174 1776 2
1174 1777 2
1174 1790 2
1177 1663 2
1181 581 2
1181 584 2
1181 588 2
1181 589 2
1181 590 2
1181 591 2
1181 595 2
1181 598 2
1182 429 2
1182 430 2
1187 1662 2
1190 1659 2
1194 1658 2
1195 1655 2
1198 988 2
1198 990 2
1198 992 2
1198 994 2
1202 420 2
1202 428 2
1207 185 2
1207 186 2
1207 188 2
1207 194 2
1208 969 2
1208 976 2
1208 980 2
1208 987 2
1210 325 2
1210 1237 2
1210 294 2
1210 1684 2
1210 1811 2
1210 1871 2
1210 21 2
1210 22 2
1210 72 2
1210 181 2
1210 286 2
1210 287 2
1210 368 2
1210 370 2
1210 451 2
1210 488 2
1212 418 2
1212 419 2
1214 409 2
1214 412 2
1215 1654 2
1218 407 2
1218 408 2
1219 404 2
1219 405 2
1220 1593 2
1220 1597 2
1220 1598 2
1220 1604 2
1220 1623 2
1220 1684 2
1220 1703 2
1220 1715 2
1221 401 2
1221 402 2
1222 399 2
1222 400 2
1227 1855 2
1227 1857 2
1227 1859 2
1228 1534 2
1228 1538 2
1228 1539 2
1229 882 2
1229 886 2
1229 887 2
1229 903 2
1229 942 2
1229 945 2
1229 949 2
1229 966 2
1229 992 2
1229 995 2
1230 861 2
1230 862 2
1231 960 2
1231 964 2
1231 965 2
1231 966 2
1232 1653 2
1233 1652 2
1234 179 2
1234 180 2
1234 181 2
1234 182 2
1235 1650 2
1238 397 2
1238 398 2
1239 1529 2
1239 1530 2
1239 1533 2
1240 1519 2
1240 1521 2
1240 1524 2
1241 409 2
1241 428 2
1241 430 2
1241 432 2
1241 435 2
1241 446 2
1242 393 2
1242 396 2
1244 1645 2
1245 1642 2
1246 1275 2
1246 1276 2
1246 1288 2
1246 1290 2
1246 1291 2
1246 1303 2
1246 1322 2
1246 1350 2
1248 391 2
1248 392 2
1249 432 2
1249 434 2
1249 435 2
1249 436 2
1250 387 2
1250 390 2
1251 383 2
1251 385 2
1252 1639 2
1254 380 2
1254 381 2
1256 1638 2
1258 1662 2
1258 1666 2
1258 1684 2
1258 1685 2
1258 1695 2
1261 859 2
1261 860 2
1268 377 2
1268 378 2
1271 949 2
1271 952 2
1271 957 2
1271 958 2
1273 166 2
1273 167 2
1273 169 2
1273 173 2
1274 1848 2
1274 1851 2
1274 1852 2
1275 374 2
1275 376 2
1276 156 2
1276 163 2
1276 164 2
1276 165 2
1278 856 2
1278 858 2
1280 1635 2
1282 1505 2
1282 1506 2
1282 1516 2
1282 1524 2
1282 1539 2
1282 1546 2
1282 1573 2
1282 1580 2
1283 1844 2
1283 1845 2
1283 1846 2
1285 1497 2
1285 1498 2
1285 1503 2
1285 1505 2
1285 1506 2
1288 1628 2
1291 371 2
1291 373 2
1294 1626 2
1296 369 2
1296 370 2
1298 1546 2
1298 1593 2
1298 1597 2
1298 1598 2
1298 1604 2
1298 1684 2
1298 1777 2
1298 1811 2
1298 1825 2
1298 1859 2
1301 966 2
1301 987 2
1301 992 2
1301 995 2
1301 998 2
1301 1014 2
1301 1019 2
1301 1021 2
1302 854 2
1302 855 2
1304 1831 2
1304 1832 2
1304 1838 2
1306 367 2
1306 368 2
1307 1625 2
1311 852 2
1311 853 2
1314 286 2
1314 287 2
1314 294 2
1314 310 2
1314 311 2
1314 316 2
1314 325 2
1314 368 2
1314 370 2
1314 430 2
1314 451 2
1317 1623 2
1318 364 2
1318 366 2
1319 1622 2
1320 848 2
1320 850 2
1322 362 2
1322 363 2
1323 846 2
1323 847 2
1325 942 2
1325 944 2
1325 945 2
1325 946 2
1326 1619 2
1327 1618 2
1328 844 2
1328 845 2
1331 2 2
1331 5 2
1331 9 2
1331 11 2
1331 16 2
1331 17 2
1334 882 2
1334 886 2
1334 887 2
1334 897 2
1334 903 2
1334 906 2
1336 1515 2
1336 1516 2
1336 1518 2
1337 356 2
1337 357 2
1338 842 2
1338 843 2
1339 839 2
1339 840 2
1343 837 2
1343 838 2
1344 1617 2
1346 1616 2
1347 1406 2
1347 1430 2
1347 1433 2
1347 1448 2
1347 1462 2
1347 1482 2
1347 1498 2
1347 1505 2
1347 1506 2
1347 1524 2
1348 354 2
1348 355 2
1349 1614 2
1350 345 2
1350 350 2
1351 835 2
1351 836 2
1352 1652 2
1352 1653 2
1352 1654 2
1352 1655 2
1352 1659 2
1353 1613 2
1354 934 2
1354 938 2
1354 940 2
1354 941 2
1355 833 2
1355 834 2
1356 830 2
1356 832 2
1357 828 2
1357 829 2
1358 928 2
1358 929 2
1358 930 2
1358 933 2
1360 342 2
1360 343 2
1363 1610 2
1366 1823 2
1366 1825 2
1366 1829 2
1367 910 2
1367 919 2
1367 920 2
1367 926 2
1368 1606 2
1369 1604 2
1370 903 2
1370 906 2
1370 907 2
1370 909 2
1371 535 2
1371 540 2
1371 542 2
1371 545 2
1371 548 2
1371 562 2
1371 572 2
1371 577 2
1372 825 2
1372 826 2
1374 1603 2
1375 1511 2
1375 1512 2
1375 1514 2
1376 507 2
1376 509 2
1376 512 2
1376 515 2
1376 517 2
1376 525 2
1376 527 2
1376 529 2
1377 1593 2
1377 1598 2
1377 1684 2
1377 1777 2
1377 1811 2
1377 1859 2
1377 1871 2
1377 1883 2
1377 11 2
1377 17 2
1377 20 2
1377 21 2
1377 22 2
1380 888 2
1380 889 2
1380 897 2
1380 902 2
1381 1819 2
1381 1820 2
1381 1822 2
1382 1506 2
1382 1508 2
1382 1509 2
1383 822 2
1383 824 2
1385 881 2
1385 882 2
1385 886 2
1385 887 2
1386 338 2
1386 341 2
1387 336 2
1387 337 2
1391 334 2
1391 335 2
1392 713 2
1392 715 2
1392 734 2
1392 742 2
1392 743 2
1392 756 2
1392 840 2
1392 848 2
1392 862 2
1392 874 2
1393 328 2
1393 333 2
1394 1602 2
1395 325 2
1395 326 2
1400 310 2
1400 311 2
1400 316 2
1400 325 2
1400 368 2
1400 370 2
1400 393 2
1400 405 2
1400 409 2
1401 146 2
1401 147 2
1401 151 2
1401 155 2
1402 27 2
1402 66 2
1402 72 2
1402 76 2
1402 77 2
1402 151 2
1402 181 2
1402 202 2
1402 258 2
1402 263 2
1402 264 2
1403 1598 2
1405 819 2
1405 821 2
1407 876 2
1407 878 2
1407 879 2
1407 880 2
1408 1502 2
1408 1503 2
1408 1505 2
1409 809 2
1409 817 2
1410 418 2
1410 419 2
1410 428 2
1410 430 2
1411 1497 2
1411 1498 2
1411 1501 2
1414 806 2
1414 807 2
1415 804 2
1415 805 2
1416 77 2
1416 83 2
1416 93 2
1416 151 2
1416 179 2
1416 180 2
1416 181 2
1416 202 2
1416 233 2
1417 121 2
1417 127 2
1417 138 2
1417 145 2
1419 801 2
1419 803 2
1421 1488 2
1421 1489 2
1421 1491 2
1422 1597 2
1423 798 2
1423 800 2
1424 788 2
1424 797 2
1425 1594 2
1426 785 2
1426 786 2
1427 320 2
1427 324 2
1428 1593 2
1429 1254 2
1429 1259 2
1429 1263 2
1429 1264 2
1429 1266 2
1434 870 2
1434 873 2
1434 874 2
1434 875 2
1435 313 2
1435 316 2
1436 783 2
1436 784 2
1437 779 2
1437 782 2
1438 862 2
1438 865 2
1438 866 2
1438 867 2
1440 113 2
1440 118 2
1440 119 2
1440 120 2
1442 311 2
1442 312 2
1443 391 2
1443 393 2
1443 397 2
1443 401 2
1443 404 2
1443 405 2
1446 309 2
1446 310 2
1448 95 2
1448 97 2
1448 99 2
1448 102 2
1449 777 2
1449 778 2
1450 307 2
1450 308 2
1452 86 2
1452 87 2
1452 93 2
1452 94 2
1454 304 2
1454 306 2
1456 76 2
1456 77 2
1456 83 2
1456 84 2
1457 1825 2
1457 1845 2
1457 1851 2
1457 1859 2
1457 1871 2
1457 1883 2
1457 1885 2
1457 11 2
1457 17 2
1459 300 2
1459 302 2
1460 371 2
1460 373 2
1460 378 2
1460 383 2
1460 385 2
1460 387 2
1462 66 2
1462 70 2
1462 71 2
1462 72 2
1463 483 2
1463 484 2
1463 488 2
1463 489 2
1463 490 2
1463 492 2
1463 493 2
1463 506 2
1465 773 2
1465 774 2
1467 855 2
1467 859 2
1467 862 2
1467 867 2
1467 870 2
1467 874 2
1468 296 2
1468 298 2
1469 1591 2
1471 292 2
1471 294 2
1472 290 2
1472 291 2
1474 288 2
1474 289 2
1475 286 2
1475 287 2
1476 278 2
1476 281 2
1477 1623 2
1477 1628 2
1477 1638 2
1477 1642 2
1477 1645 2
1479 771 2
1479 772 2
1480 276 2
1480 277 2
1481 273 2
1481 274 2
1482 1590 2
1484 1588 2
1485 1587 2
1486 1593 2
1486 1597 2
1486 1598 2
1486 1604 2
1486 1610 2
1489 264 2
1489 270 2
1493 769 2
1493 770 2
1494 767 2
1494 768 2
1498 1582 2
1500 853 2
1500 854 2
1500 855 2
1500 859 2
1501 1580 2
1504 764 2
1504 766 2
1505 1473 2
1505 1474 2
1505 1475 2
1506 945 2
1506 949 2
1506 966 2
1506 992 2
1506 995 2
1506 998 2
1506 1021 2
1506 1039 2
1506 1040 2
1506 1064 2
1507 758 2
1507 761 2
1508 262 2
1508 263 2
1510 842 2
1510 845 2
1510 848 2
1510 850 2
1511 260 2
1511 261 2
1512 1439 2
1512 1448 2
1512 1450 2
1512 1459 2
1512 1462 2
1512 1482 2
1512 1497 2
1512 1498 2
1516 257 2
1516 258 2
1519 255 2
1519 256 2
1522 1576 2
1523 837 2
1523 838 2
1523 839 2
1523 840 2
1524 59 2
1524 61 2
1524 63 2
1524 64 2
1526 756 2
1526 757 2
1527 754 2
1527 755 2
1529 1573 2
1530 44 2
1530 48 2
1530 54 2
1530 55 2
1531 66 2
1531 72 2
1531 76 2
1531 77 2
1531 83 2
1531 86 2
1531 87 2
1531 93 2
1532 325 2
1532 1237 2
1532 294 2
1532 1871 2
1532 72 2
1532 840 2
1532 517 2
1532 949 2
1532 1275 2
1532 1276 2
1532 590 2
1532 595 2
1532 21 2
1532 22 2
1532 181 2
1532 368 2
1532 370 2
1532 1065 2
1532 1084 2
1532 1085 2
1533 1470 2
1533 1471 2
1533 1472 2
1537 832 2
1537 833 2
1537 834 2
1537 835 2
1539 1461 2
1539 1462 2
1539 1468 2
1540 469 2
1540 470 2
1540 471 2
1540 475 2
1540 476 2
1540 477 2
1540 478 2
1540 482 2
1546 1875 2
1546 1883 2
1546 1885 2
1546 1889 2
1546 1894 2
1546 1 2
1549 252 2
1549 254 2
1551 749 2
1551 752 2
1552 1534 2
1553 1573 2
1553 1580 2
1553 1582 2
1553 1588 2
1553 1591 2
1555 826 2
1555 828 2
1555 829 2
1555 830 2
1556 1533 2
1557 250 2
1557 251 2
1558 744 2
1558 745 2
1560 248 2
1560 249 2
1561 742 2
1561 743 2
1563 1288 2
1563 1290 2
1563 1291 2
1563 1350 2
1563 1353 2
1563 1404 2
1563 1406 2
1563 1430 2
1563 1433 2
1563 1448 2
1563 1462 2
1565 246 2
1565 247 2
1566 1458 2
1566 1459 2
1566 1460 2
1567 244 2
1567 245 2
1568 1531 2
1570 242 2
1570 243 2
1572 817 2
1572 819 2
1572 824 2
1572 825 2
1573 1530 2
1575 409 2
1575 428 2
1575 430 2
1575 432 2
1575 435 2
1575 446 2
1575 451 2
1575 453 2
1576 1452 2
1576 1456 2
1576 1457 2
1577 737 2
1577 738 2
1578 238 2
1578 248 2
1578 249 2
1578 258 2
1578 263 2
1578 264 2
1578 286 2
1578 287 2
1578 294 2
1579 1570 2
1582 38 2
1582 39 2
1582 40 2
1582 42 2
1585 1569 2
1588 1529 2
1589 734 2
1589 735 2
1590 239 2
1590 240 2
1592 805 2
1592 806 2
1592 807 2
1592 809 2
1593 28 2
1593 29 2
1593 36 2
1593 37 2
1595 1568 2
1596 732 2
1596 733 2
1598 756 2
1598 840 2
1598 848 2
1598 862 2
1598 874 2
1598 882 2
1598 886 2
1598 887 2
1598 903 2
1598 942 2
1599 728 2
1599 729 2
1601 723 2
1601 725 2
1606 1448 2
1606 1450 2
1606 1451 2
1607 721 2
1607 722 2
1608 717 2
1608 718 2
1609 1567 2
1610 1524 2
1611 715 2
1611 716 2
1613 237 2
1613 238 2
1618 1521 2
1619 325 2
1619 1237 2
1619 294 2
1619 1871 2
1619 72 2
1619 840 2
1619 517 2
1619 949 2
1619 998 2
1619 1021 2
1619 1064 2
1619 1065 2
1619 1084 2
1619 1085 2
1619 1114 2
1619 1115 2
1620 385 2
1620 387 2
1620 391 2
1620 393 2
1620 397 2
1620 401 2
1620 404 2
1620 405 2
1622 235 2
1622 236 2
1623 1444 2
1623 1445 2
1623 1446 2
1625 1353 2
1625 1387 2
1625 1388 2
1625 1394 2
1625 1404 2
1625 1406 2
1625 1430 2
1625 1433 2
1627 1566 2
1629 800 2
1629 801 2
1629 803 2
1629 804 2
1630 840 2
1630 845 2
1630 848 2
1630 850 2
1630 853 2
1630 854 2
1632 1565 2
1633 712 2
1633 713 2
1634 784 2
1634 785 2
1634 788 2
1634 797 2
1635 1519 2
1636 1563 2
1637 824 2
1637 828 2
1637 830 2
1637 832 2
1637 837 2
1637 839 2
1638 228 2
1638 233 2
1639 224 2
1639 225 2
1640 1560 2
1641 325 2
1641 1237 2
1641 294 2
1641 1871 2
1641 72 2
1641 840 2
1641 517 2
1641 949 2
1641 1275 2
1641 1276 2
1641 590 2
1641 595 2
1641 21 2
1641 22 2
1641 181 2
1641 368 2
1641 370 2
1641 1684 2
1641 588 2
1641 1064 2
1642 1518 2
1650 325 2
1650 336 2
1650 342 2
1650 366 2
1650 368 2
1650 370 2
1651 1557 2
1653 220 2
1653 222 2
1655 23 2
1655 24 2
1655 25 2
1655 27 2
1656 772 2
1656 773 2
1656 774 2
1656 783 2
1657 1556 2
1659 213 2
1659 218 2
1660 1552 2
1663 211 2
1663 212 2
1665 304 2
1665 308 2
1665 310 2
1665 311 2
1665 313 2
1665 316 2
1666 209 2
1666 210 2
1667 768 2
1667 769 2
1667 770 2
1667 771 2
1668 1440 2
1668 1441 2
1668 1443 2
1671 1811 2
1671 1813 2
1671 1814 2
1676 707 2
1676 711 2
1677 1550 2
1678 1808 2
1678 1809 2
1678 1810 2
1679 757 2
1679 758 2
1679 764 2
1679 767 2
1683 705 2
1683 706 2
1684 207 2
1684 208 2
1685 1517 2
1686 1516 2
1687 1793 2
1687 1802 2
1687 1803 2
1693 797 2
1693 800 2
1693 801 2
1693 805 2
1693 807 2
1693 819 2
1694 1481 2
1694 1482 2
1694 1483 2
1695 205 2
1695 206 2
1696 1433 2
1696 1435 2
1696 1439 2
1697 203 2
1697 204 2
1698 702 2
1698 704 2
1699 752 2
1699 754 2
1699 755 2
1699 756 2
1701 700 2
1701 701 2
1704 743 2
1704 744 2
1704 745 2
1704 749 2
1707 734 2
1707 735 2
1707 738 2
1707 742 2
1710 201 2
1710 202 2
1713 698 2
1713 699 2
1714 728 2
1714 729 2
1714 732 2
1714 733 2
1716 1476 2
1716 1478 2
1716 1480 2
1718 194 2
1718 200 2
1719 1549 2
1720 188 2
1720 190 2
1722 185 2
1722 186 2
1726 1515 2
1727 1789 2
1727 1790 2
1727 1791 2
1728 718 2
1728 721 2
1728 722 2
1728 723 2
1730 181 2
1730 182 2
1732 688 2
1732 693 2
1734 686 2
1734 687 2
1735 325 2
1735 342 2
1735 366 2
1735 368 2
1735 370 2
1735 371 2
1735 373 2
1735 378 2
1736 179 2
1736 180 2
1738 1237 2
1738 1240 2
1738 1243 2
1738 1245 2
1738 1246 2
1742 713 2
1742 715 2
1742 716 2
1742 717 2
1744 1514 2
1746 177 2
1746 178 2
1748 19 2
1748 20 2
1748 21 2
1748 22 2
1749 169 2
1749 173 2
1751 1427 2
1751 1429 2
1751 1430 2
1752 1281 2
1752 1288 2
1752 1289 2
1752 1290 2
1752 1291 2
1756 1548 2
1758 684 2
1758 685 2
1759 405 2
1759 407 2
1759 409 2
1759 412 2
1760 1851 2
1760 1859 2
1760 1863 2
1760 1866 2
1760 1871 2
1760 1874 2
1761 1475 2
1761 1476 2
1761 1482 2
1761 1483 2
1761 1489 2
1766 400 2
1766 401 2
1766 402 2
1766 404 2
1767 1459 2
1767 1461 2
1767 1462 2
1767 1472 2
1767 1474 2
1768 166 2
1768 167 2
1771 1512 2
1773 1269 2
1773 1272 2
1773 1273 2
1773 1275 2
1773 1276 2
1774 706 2
1774 707 2
1774 711 2
1774 712 2
1775 164 2
1775 165 2
1776 162 2
1776 163 2
1778 158 2
1778 159 2
1779 1413 2
1779 1417 2
1779 1420 2
1782 1206 2
1782 1209 2
1782 1211 2
1782 1213 2
1782 1214 2
1782 1215 2
1782 1219 2
1784 1546 2
1786 1511 2
1787 1406 2
1787 1411 2
1787 1412 2
1789 15 2
1789 16 2
1789 17 2
1789 18 2
1791 1509 2
1797 680 2
1797 683 2
1799 676 2
1799 678 2
1800 1786 2
1800 1787 2
1800 1788 2
1805 156 2
1805 157 2
1807 672 2
1807 673 2
1808 153 2
1808 155 2
1809 1508 2
1812 1544 2
1820 1506 2
1821 701 2
1821 702 2
1821 704 2
1821 705 2
1823 278 2
1823 286 2
1823 287 2
1823 294 2
1823 298 2
1823 300 2
1824 149 2
1824 151 2
1825 1154 2
1825 1168 2
1825 1170 2
1825 1191 2
1825 1193 2
1825 1195 2
1825 1196 2
1826 147 2
1826 148 2
1827 145 2
1827 146 2
1828 668 2
1828 670 2
1829 138 2
1829 141 2
1831 882 2
1831 930 2
1831 942 2
1831 945 2
1831 946 2
1831 949 2
1831 960 2
1831 964 2
1832 6 2
1832 9 2
1832 11 2
1832 14 2
1833 666 2
1833 667 2
1834 278 2
1834 286 2
1834 287 2
1834 294 2
1834 300 2
1834 310 2
1834 311 2
1834 316 2
1844 1505 2
1845 1503 2
1846 1502 2
1848 1215 2
1848 1219 2
1848 1233 2
1848 1237 2
1848 1254 2
1848 1259 2
1848 1266 2
1848 1269 2
1850 396 2
1850 397 2
1850 398 2
1850 399 2
1851 1401 2
1851 1403 2
1851 1404 2
1855 490 2
1855 493 2
1855 517 2
1855 548 2
1855 572 2
1855 581 2
1855 584 2
1855 588 2
1855 590 2
1855 591 2
1855 595 2
1855 648 2
1856 1413 2
1856 1427 2
1856 1429 2
1856 1430 2
1856 1433 2
1856 1439 2
1856 1440 2
1857 0 2
1857 1 2
1857 2 2
1857 5 2
1858 752 2
1858 756 2
1858 767 2
1858 771 2
1858 772 2
1858 774 2
1860 1885 2
1860 1889 2
1860 1890 2
1860 1894 2
1861 664 2
1861 665 2
1863 121 2
1863 127 2
1864 1542 2
1868 119 2
1868 120 2
1869 662 2
1869 663 2
1870 1501 2
1873 657 2
1873 659 2
1875 1395 2
1875 1396 2
1875 1397 2
1876 1541 2
1878 113 2
1878 118 2
1879 107 2
1879 109 2
1880 102 2
1880 103 2
1882 435 2
1882 451 2
1882 469 2
1882 476 2
1882 477 2
1882 478 2
1882 482 2
1882 488 2
1882 489 2
1882 490 2
1885 97 2
1885 99 2
1887 655 2
1887 656 2
1888 95 2
1888 96 2
1889 1498 2
1891 1539 2
1893 693 2
1893 698 2
1893 699 2
1893 700 2
1894 93 2
1894 94 2
1896 1538 2
1897 653 2
1897 654 2
28 1028 3
28 1063 3
56 1017 3
56 1027 3
62 1895 3
65 977 3
65 1016 3
82 940 3
82 976 3
85 1618 3
85 1685 3
85 1686 3
85 220 3
85 248 3
105 1894 3
114 936 3
114 939 3
117 1888 3
140 927 3
140 935 3
142 686 3
142 687 3
142 689 3
142 702 3
145 654 3
145 655 3
145 656 3
145 672 3
150 921 3
150 922 3
171 1873 3
176 1872 3
189 1859 3
217 603 3
217 604 3
217 616 3
217 622 3
218 1806 3
233 1805 3
238 1804 3
250 1803 3
264 1793 3
273 1791 3
276 866 3
276 868 3
281 381 3
281 392 3
281 530 3
281 598 3
294 846 3
294 848 3
295 1790 3
300 828 3
300 829 3
301 1271 3
301 1282 3
310 812 3
310 813 3
321 728 3
321 781 3
325 1789 3
348 1788 3
353 1785 3
356 724 3
356 727 3
357 1784 3
389 1123 3
389 1127 3
389 1131 3
395 1776 3
400 1764 3
408 1762 3
411 1571 3
411 1572 3
411 921 3
411 922 3
411 1140 3
411 1141 3
415 702 3
415 723 3
417 687 3
417 689 3
443 1742 3
468 672 3
468 686 3
482 655 3
482 656 3
548 1571 3
548 1572 3
548 1233 3
548 1249 3
548 220 3
548 392 3
553 248 3
553 250 3
553 251 3
553 380 3
554 1741 3
556 642 3
556 654 3
558 622 3
558 640 3
559 607 3
559 616 3
560 604 3
560 606 3
566 1739 3
595 1727 3
604 1723 3
606 1265 3
606 1270 3
608 598 3
608 603 3
609 573 3
609 574 3
619 1717 3
622 1233 3
622 1249 3
630 566 3
630 568 3
643 1716 3
661 1071 3
661 1096 3
661 1097 3
665 1715 3
702 1186 3
702 1188 3
706 1714 3
708 1708 3
734 548 3
734 549 3
746 1690 3
764 494 3
764 530 3
776 469 3
776 477 3
777 1689 3
782 454 3
782 455 3
784 1686 3
785 1685 3
786 392 3
786 447 3
809 1678 3
814 939 3
814 940 3
814 1063 3
817 1677 3
823 1685 3
823 1686 3
823 21 3
823 220 3
834 381 3
834 391 3
844 1669 3
864 1668 3
866 1661 3
884 370 3
884 380 3
899 1435 3
899 1571 3
899 1572 3
899 1618 3
905 368 3
905 369 3
908 301 3
908 311 3
925 250 3
925 251 3
926 1660 3
943 1625 3
959 244 3
959 248 3
963 1618 3
996 1612 3
1018 1611 3
1022 220 3
1022 243 3
1029 1589 3
1035 199 3
1035 200 3
1071 1588 3
1091 1572 3
1095 182 3
1095 183 3
1099 1571 3
1103 1559 3
1106 1558 3
1111 1554 3
1148 1553 3
1153 1497 3
1171 100 3
1171 101 3
1173 87 3
1173 89 3
1188 1096 3
1190 79 3
1190 84 3
1213 927 3
1213 935 3
1213 936 3
1214 1493 3
1215 1233 3
1215 1249 3
1215 1435 3
1215 1571 3
1215 1572 3
1217 1492 3
1222 1469 3
1241 1435 3
1252 21 3
1252 60 3
1276 2 3
1276 3 3
1281 1419 3
1285 829 3
1285 921 3
1285 922 3
1287 1417 3
1293 1872 3
1293 1873 3
1295 1385 3
1333 1384 3
1337 1380 3
1356 1362 3
1366 1326 3
1372 1325 3
1386 1316 3
1394 1762 3
1394 1776 3
1401 1717 3
1401 1723 3
1404 1312 3
1415 1715 3
1415 1716 3
1417 1165 3
1417 1168 3
1421 1307 3
1422 1708 3
1422 1714 3
1423 1300 3
1427 1282 3
1461 1279 3
1462 1271 3
1470 1689 3
1470 1690 3
1482 1270 3
1487 1265 3
1490 1685 3
1490 1686 3
1491 1254 3
1492 1140 3
1492 1141 3
1502 1253 3
1509 1249 3
1518 1677 3
1518 1678 3
1519 1233 3
1524 1668 3
1524 1669 3
1567 812 3
1567 813 3
1567 828 3
1584 1572 3
1584 1618 3
1591 1188 3
1592 1559 3
1592 1571 3
1628 1554 3
1628 1558 3
1643 1497 3
1643 1553 3
1656 1140 3
1656 1141 3
1656 1233 3
1656 1249 3
1659 687 3
1659 921 3
1659 922 3
1659 927 3
1664 1186 3
1679 1183 3
1685 392 3
1685 654 3
1685 655 3
1685 686 3
1709 1492 3
1709 1493 3
1726 1182 3
1736 1435 3
1736 1469 3
1760 1168 3
1762 1071 3
1772 1165 3
1786 1147 3
1827 1146 3
1830 1141 3
1832 1140 3
1835 1131 3
1843 1417 3
1843 1419 3
1845 1127 3
1853 1300 3
1853 1380 3
1856 1123 3
1891 1097 3
5 1028 4
5 1063 4
8 1123 4
8 1127 4
8 1131 4
17 1895 4
59 1894 4
72 1017 4
72 1027 4
73 1888 4
82 1873 4
90 1872 4
97 1859 4
100 1806 4
126 686 4
126 687 4
126 689 4
126 702 4
138 977 4
138 1016 4
147 1805 4
154 1804 4
163 1803 4
175 1793 4
178 1791 4
199 1790 4
200 1417 4
200 1419 4
202 1789 4
203 1788 4
206 1785 4
220 1300 4
220 1380 4
221 940 4
221 976 4
245 1784 4
274 1776 4
287 1764 4
302 654 4
302 655 4
302 656 4
302 672 4
304 1762 4
305 936 4
305 939 4
317 1742 4
321 1071 4
321 1096 4
321 1097 4
332 1741 4
343 927 4
343 935 4
346 1739 4
366 603 4
366 604 4
366 616 4
366 622 4
371 921 4
371 922 4
383 866 4
383 868 4
387 846 4
387 848 4
393 1727 4
395 828 4
395 829 4
418 812 4
418 813 4
423 1723 4
429 1717 4
431 1716 4
454 1715 4
458 381 4
458 392 4
458 530 4
458 598 4
462 728 4
462 781 4
463 724 4
463 727 4
498 1714 4
499 702 4
499 723 4
513 687 4
513 689 4
514 1708 4
525 1690 4
565 1689 4
567 1686 4
568 1271 4
568 1282 4
571 1685 4
578 672 4
578 686 4
592 1678 4
607 1265 4
607 1270 4
627 655 4
627 656 4
639 1677 4
646 642 4
646 654 4
661 622 4
661 640 4
662 1669 4
664 1668 4
672 1571 4
672 1572 4
672 1233 4
672 1249 4
672 220 4
672 392 4
686 1661 4
690 607 4
690 616 4
701 604 4
701 606 4
727 1660 4
730 1625 4
734 1618 4
748 1612 4
751 1611 4
758 939 4
758 940 4
758 1063 4
765 248 4
765 250 4
765 251 4
765 380 4
772 1589 4
790 598 4
790 603 4
795 1588 4
796 1572 4
813 1233 4
813 1249 4
815 573 4
815 574 4
851 1571 4
860 1559 4
861 1618 4
861 1685 4
861 1686 4
861 220 4
861 248 4
880 1558 4
890 566 4
890 568 4
898 548 4
898 549 4
901 1554 4
905 494 4
905 530 4
930 469 4
930 477 4
952 1553 4
954 454 4
954 455 4
955 392 4
955 447 4
976 1497 4
978 1493 4
990 1492 4
1010 381 4
1010 391 4
1011 1571 4
1011 1572 4
1011 921 4
1011 922 4
1011 1140 4
1011 1141 4
1039 1469 4
1045 1685 4
1045 1686 4
1045 21 4
1045 220 4
1054 370 4
1054 380 4
1066 1435 4
1073 368 4
1073 369 4
1076 301 4
1076 311 4
1077 1419 4
1093 250 4
1093 251 4
1101 244 4
1101 248 4
1136 927 4
1136 935 4
1136 936 4
1138 1417 4
1167 1385 4
1168 1123 4
1181 829 4
1181 921 4
1181 922 4
1188 1097 4
1191 1435 4
1191 1571 4
1191 1572 4
1191 1618 4
1213 220 4
1213 243 4
1219 1384 4
1220 1380 4
1254 1096 4
1273 1362 4
1279 1071 4
1295 199 4
1295 200 4
1309 1326 4
1322 1325 4
1328 1140 4
1328 1141 4
1328 1233 4
1328 1249 4
1329 1316 4
1339 812 4
1339 813 4
1339 828 4
1349 182 4
1349 183 4
1350 100 4
1350 101 4
1356 87 4
1356 89 4
1384 1186 4
1384 1188 4
1389 79 4
1389 84 4
1393 1312 4
1410 1307 4
1450 1300 4
1475 21 4
1475 60 4
1486 1282 4
1494 2 4
1494 3 4
1501 1872 4
1501 1873 4
1528 687 4
1528 921 4
1528 922 4
1528 927 4
1540 1762 4
1540 1776 4
1545 1717 4
1545 1723 4
1547 1715 4
1547 1716 4
1548 1708 4
1548 1714 4
1564 1689 4
1564 1690 4
1573 1685 4
1573 1686 4
1576 1279 4
1580 1677 4
1580 1678 4
1581 1668 4
1581 1669 4
1600 1572 4
1600 1618 4
1610 1271 4
1621 1270 4
1639 1233 4
1639 1249 4
1639 1435 4
1639 1571 4
1639 1572 4
1640 1559 4
1640 1571 4
1656 1265 4
1660 1165 4
1660 1168 4
1666 1254 4
1683 1253 4
1698 1249 4
1701 1233 4
1709 1188 4
1713 1186 4
1718 1183 4
1727 1140 4
1727 1141 4
1748 1554 4
1748 1558 4
1755 1182 4
1759 1168 4
1783 1497 4
1783 1553 4
1809 1165 4
1821 1147 4
1839 1492 4
1839 1493 4
1846 1146 4
1848 1141 4
1864 1435 4
1864 1469 4
1867 1140 4
1877 1131 4
1879 1127 4
1893 392 4
1893 654 4
1893 655 4
1893 686 4
7 1028 5
7 1063 5
13 1895 5
39 1894 5
44 686 5
44 687 5
44 689 5
44 702 5
49 1017 5
49 1027 5
50 977 5
50 1016 5
68 1888 5
70 1873 5
78 1872 5
80 1123 5
80 1127 5
80 1131 5
99 1859 5
125 1806 5
126 1805 5
142 940 5
142 976 5
144 936 5
144 939 5
155 1804 5
159 1803 5
208 1793 5
253 1071 5
253 1096 5
253 1097 5
257 1791 5
278 1790 5
289 1618 5
289 1685 5
289 1686 5
289 220 5
289 248 5
291 927 5
291 935 5
296 921 5
296 922 5
298 654 5
298 655 5
298 656 5
298 672 5
307 1789 5
309 603 5
309 604 5
309 616 5
309 622 5
323 866 5
323 868 5
350 846 5
350 848 5
370 1788 5
373 828 5
373 829 5
374 1785 5
384 1784 5
399 1776 5
401 1764 5
406 812 5
406 813 5
416 1762 5
435 1742 5
436 1741 5
449 1739 5
462 381 5
462 392 5
462 530 5
462 598 5
464 1727 5
475 728 5
475 781 5
476 724 5
476 727 5
480 702 5
480 723 5
481 687 5
481 689 5
494 1265 5
494 1270 5
527 672 5
527 686 5
528 1723 5
537 1717 5
543 1571 5
543 1572 5
543 921 5
543 922 5
543 1140 5
543 1141 5
553 248 5
553 250 5
553 251 5
553 380 5
561 655 5
561 656 5
593 1716 5
603 1715 5
611 642 5
611 654 5
613 1714 5
615 622 5
615 640 5
648 1708 5
649 1690 5
663 1689 5
671 1233 5
671 1249 5
671 1435 5
671 1571 5
671 1572 5
683 607 5
683 616 5
693 1686 5
709 1685 5
712 1678 5
713 1677 5
719 604 5
719 606 5
744 1571 5
744 1572 5
744 1233 5
744 1249 5
744 220 5
744 392 5
748 598 5
748 603 5
761 1669 5
765 1668 5
779 1661 5
789 1660 5
798 573 5
798 574 5
805 1625 5
810 1618 5
813 1612 5
816 566 5
816 568 5
841 548 5
841 549 5
845 1611 5
849 494 5
849 530 5
853 469 5
853 477 5
868 1589 5
910 1588 5
944 454 5
944 455 5
946 392 5
946 447 5
965 1572 5
983 1571 5
984 1559 5
986 1558 5
989 1554 5
997 1553 5
999 381 5
999 391 5
1013 1497 5
1018 1493 5
1028 1233 5
1028 1249 5
1084 370 5
1084 380 5
1088 1492 5
1107 1469 5
1130 368 5
1130 369 5
1133 1435 5
1145 301 5
1145 311 5
1151 250 5
1151 251 5
1160 244 5
1160 248 5
1162 1419 5
1163 1417 5
1170 220 5
1170 243 5
1186 1123 5
1193 1385 5
1213 1384 5
1219 1380 5
1229 1362 5
1234 1326 5
1246 199 5
1246 200 5
1247 939 5
1247 940 5
1247 1063 5
1255 182 5
1255 183 5
1264 100 5
1264 101 5
1267 87 5
1267 89 5
1280 79 5
1280 84 5
1283 21 5
1283 60 5
1286 1325 5
1319 1316 5
1320 1312 5
1331 1307 5
1343 1685 5
1343 1686 5
1343 21 5
1343 220 5
1346 2 5
1346 3 5
1369 1300 5
1379 1872 5
1379 1873 5
1384 687 5
1384 921 5
1384 922 5
1384 927 5
1387 1282 5
1390 1762 5
1390 1776 5
1409 1279 5
1429 1271 5
1461 1270 5
1468 927 5
1468 935 5
1468 936 5
1484 1717 5
1484 1723 5
1490 1265 5
1520 1254 5
1531 1715 5
1531 1716 5
1537 1253 5
1548 1249 5
1549 1708 5
1549 1714 5
1567 1689 5
1567 1690 5
1569 1233 5
1573 1188 5
1583 1186 5
1589 392 5
1589 654 5
1589 655 5
1589 686 5
1592 1183 5
1599 1182 5
1611 1097 5
1618 1096 5
1642 1685 5
1642 1686 5
1643 1677 5
1643 1678 5
1652 1168 5
1658 1165 5
1659 1668 5
1659 1669 5
1668 1165 5
1668 1168 5
1669 1140 5
1669 1141 5
1674 1572 5
1674 1618 5
1676 1559 5
1676 1571 5
1681 1554 5
1681 1558 5
1683 829 5
1683 921 5
1683 922 5
1691 1497 5
1691 1553 5
1695 1147 5
1701 1492 5
1701 1493 5
1737 1146 5
1743 1141 5
1748 812 5
1748 813 5
1748 828 5
1778 1140 5
1789 1186 5
1789 1188 5
1803 1071 5
1813 1435 5
1813 1571 5
1813 1572 5
1813 1618 5
1819 1131 5
1820 1127 5
1823 1140 5
1823 1141 5
1823 1233 5
1823 1249 5
1837 1435 5
1837 1469 5
1854 1417 5
1854 1419 5
1856 1300 5
1856 1380 5
1887 1271 5
1887 1282 5
7 1895 6
10 686 6
10 687 6
10 689 6
10 702 6
27 1028 6
27 1063 6
30 1894 6
41 654 6
41 655 6
41 656 6
41 672 6
43 1888 6
56 1123 6
56 1127 6
56 1131 6
63 1071 6
63 1096 6
63 1097 6
82 1017 6
82 1027 6
90 939 6
90 940 6
90 1063 6
96 1873 6
97 603 6
97 604 6
97 616 6
97 622 6
101 1271 6
101 1282 6
114 1872 6
120 977 6
120 1016 6
145 1859 6
148 940 6
148 976 6
165 936 6
165 939 6
192 381 6
192 392 6
192 530 6
192 598 6
210 1806 6
225 1805 6
242 1804 6
262 927 6
262 935 6
264 921 6
264 922 6
288 1803 6
309 866 6
309 868 6
310 846 6
310 848 6
313 828 6
313 829 6
332 812 6
332 813 6
351 728 6
351 781 6
359 724 6
359 727 6
363 248 6
363 250 6
363 251 6
363 380 6
371 702 6
371 723 6
393 687 6
393 689 6
406 1793 6
420 672 6
420 686 6
438 1791 6
444 1790 6
448 655 6
448 656 6
454 1789 6
465 1788 6
470 1785 6
472 642 6
472 654 6
476 622 6
476 640 6
479 1784 6
480 607 6
480 616 6
490 604 6
490 606 6
499 1776 6
509 1764 6
513 1762 6
524 1742 6
532 1741 6
534 1571 6
534 1572 6
534 921 6
534 922 6
534 1140 6
534 1141 6
535 1739 6
538 1727 6
555 927 6
555 935 6
555 936 6
563 598 6
563 603 6
571 1723 6
583 1717 6
586 573 6
586 574 6
611 1716 6
618 566 6
618 568 6
631 1715 6
633 1714 6
635 1708 6
638 1618 6
638 1685 6
638 1686 6
638 220 6
638 248 6
669 1690 6
675 1689 6
680 1686 6
683 548 6
683 549 6
687 1265 6
687 1270 6
702 1233 6
702 1249 6
714 1685 6
724 1678 6
727 1677 6
729 1669 6
733 1233 6
733 1249 6
733 1435 6
733 1571 6
733 1572 6
744 1668 6
758 1661 6
762 1660 6
771 1625 6
782 494 6
782 530 6
785 469 6
785 477 6
787 1618 6
805 1612 6
814 454 6
814 455 6
836 392 6
836 447 6
841 1611 6
863 381 6
863 391 6
869 1589 6
870 370 6
870 380 6
882 1588 6
889 368 6
889 369 6
897 1571 6
897 1572 6
897 1233 6
897 1249 6
897 220 6
897 392 6
903 301 6
903 311 6
910 1572 6
917 1571 6
923 1559 6
928 250 6
928 251 6
930 1558 6
933 1685 6
933 1686 6
933 21 6
933 220 6
1000 1554 6
1038 244 6
1038 248 6
1057 1553 6
1076 1435 6
1076 1571 6
1076 1572 6
1076 1618 6
1077 220 6
1077 243 6
1082 199 6
1082 200 6
1087 182 6
1087 183 6
1103 1497 6
1111 1493 6
1117 1492 6
1125 1469 6
1133 1435 6
1147 1097 6
1153 100 6
1153 101 6
1161 1419 6
1172 1417 6
1199 87 6
1199 89 6
1208 829 6
1208 921 6
1208 922 6
1226 1140 6
1226 1141 6
1226 1233 6
1226 1249 6
1236 1385 6
1243 1384 6
1247 79 6
1247 84 6
1249 1096 6
1254 1186 6
1254 1188 6
1259 21 6
1259 60 6
1268 1380 6
1275 1362 6
1276 1326 6
1301 687 6
1301 921 6
1301 922 6
1301 927 6
1334 2 6
1334 3 6
1355 1872 6
1355 1873 6
1361 1325 6
1369 1316 6
1392 1762 6
1392 1776 6
1411 1312 6
1420 1307 6
1423 1300 6
1428 1717 6
1428 1723 6
1453 392 6
1453 654 6
1453 655 6
1453 686 6
1464 1715 6
1464 1716 6
1476 1282 6
1496 1279 6
1499 1708 6
1499 1714 6
1502 1271 6
1512 1689 6
1512 1690 6
1518 1270 6
1530 1685 6
1530 1686 6
1539 1677 6
1539 1678 6
1548 1668 6
1548 1669 6
1555 1265 6
1566 1254 6
1585 1572 6
1585 1618 6
1606 1253 6
1610 1559 6
1610 1571 6
1619 1554 6
1619 1558 6
1631 1249 6
1643 1233 6
1644 1188 6
1664 1497 6
1664 1553 6
1686 1165 6
1686 1168 6
1693 1186 6
1696 1492 6
1696 1493 6
1703 1183 6
1735 1182 6
1744 1168 6
1754 1435 6
1754 1469 6
1776 1140 6
1776 1141 6
1779 1165 6
1786 1417 6
1786 1419 6
1789 812 6
1789 813 6
1789 828 6
1795 1147 6
1802 1146 6
1805 1071 6
1811 1141 6
1862 1140 6
1865 1300 6
1865 1380 6
1881 1131 6
1884 1127 6
1885 1123 6
