2 1835 0
17 1809 0
19 1808 0
51 1806 0
71 117 0
71 299 0
149 1791 0
164 1766 0
169 1765 0
173 1763 0
176 1608 0
205 1607 0
362 1606 0
390 1539 0
406 1421 0
410 1420 0
427 1419 0
450 1376 0
475 1375 0
510 54 0
510 55 0
524 1373 0
559 1298 0
572 1290 0
578 1287 0
596 117 0
596 299 0
652 8 0
652 10 0
728 1286 0
732 1245 0
754 1235 0
823 1166 0
897 1144 0
899 1143 0
910 1142 0
930 351 0
965 1002 0
966 300 0
1003 808 0
1003 966 0
1023 988 0
1026 966 0
1079 943 0
1081 932 0
1084 931 0
1090 930 0
1112 867 0
1136 861 0
1155 859 0
1157 835 0
1193 808 0
1237 783 0
1294 769 0
1320 767 0
1345 766 0
1389 619 0
1401 596 0
1415 595 0
1429 594 0
1438 593 0
1465 592 0
1473 591 0
1508 587 0
1555 586 0
1590 585 0
1620 584 0
1649 544 0
1663 426 0
1714 300 0
1714 783 0
1717 425 0
1767 424 0
1771 383 0
1781 382 0
1820 381 0
1831 353 0
1836 352 0
15 1835 1
24 1809 1
27 1808 1
32 1806 1
41 1791 1
72 1766 1
93 117 1
93 299 1
137 1765 1
166 1763 1
202 1608 1
205 1607 1
222 54 1
222 55 1
248 1606 1
283 1539 1
296 1421 1
350 1420 1
353 117 1
353 299 1
379 1419 1
411 1376 1
420 1375 1
422 1373 1
456 1298 1
461 1290 1
499 1287 1
614 1286 1
634 1245 1
645 1235 1
692 1166 1
697 1144 1
703 1143 1
769 352 1
782 1142 1
791 8 1
791 10 1
797 1002 1
817 988 1
874 966 1
905 943 1
951 932 1
1012 931 1
1026 930 1
1061 867 1
1070 861 1
1112 859 1
1135 835 1
1152 808 1
1242 783 1
1243 769 1
1268 767 1
1287 351 1
1306 766 1
1321 619 1
1362 596 1
1397 595 1
1401 594 1
1404 593 1
1405 592 1
1416 591 1
1456 587 1
1489 586 1
1496 585 1
1513 808 1
1513 966 1
1522 584 1
1524 544 1
1539 300 1
1594 426 1
1656 425 1
1669 424 1
1721 383 1
1737 382 1
1787 300 1
1787 783 1
1801 381 1
1868 353 1
8 1835 2
11 1809 2
53 1808 2
143 1806 2
189 1791 2
191 1766 2
193 1765 2
204 1763 2
215 1608 2
245 1607 2
317 117 2
317 299 2
324 54 2
324 55 2
432 1606 2
460 1539 2
488 1421 2
612 1420 2
629 1419 2
635 1376 2
706 1375 2
723 1373 2
743 1298 2
763 1290 2
789 1287 2
809 1286 2
823 1245 2
827 1235 2
853 1166 2
860 1144 2
861 353 2
895 1143 2
903 1142 2
915 1002 2
961 988 2
1003 966 2
1014 943 2
1015 932 2
1057 931 2
1077 930 2
1087 867 2
1103 861 2
1104 859 2
1123 835 2
1144 352 2
1209 808 2
1249 8 2
1249 10 2
1255 783 2
1278 769 2
1284 767 2
1286 351 2
1312 766 2
1323 808 2
1323 966 2
1349 619 2
1408 596 2
1416 595 2
1439 594 2
1466 593 2
1481 592 2
1495 591 2
1505 300 2
1505 783 2
1640 117 2
1640 299 2
1661 587 2
1672 586 2
1680 585 2
1685 584 2
1707 544 2
1720 426 2
1746 425 2
1762 424 2
1778 383 2
1809 300 2
1858 382 2
1883 381 2
19 1835 3
84 117 3
84 299 3
92 1809 3
106 1808 3
108 1806 3
129 1791 3
148 1766 3
156 1765 3
178 1763 3
187 1608 3
297 1607 3
312 1606 3
378 1539 3
394 1421 3
412 1420 3
425 353 3
435 1419 3
475 1376 3
502 1375 3
516 1373 3
535 1298 3
571 1290 3
603 1287 3
642 1286 3
648 1245 3
672 1235 3
698 1166 3
749 1144 3
800 1143 3
843 1142 3
867 352 3
891 1002 3
958 988 3
1018 966 3
1023 943 3
1056 932 3
1100 931 3
1103 54 3
1103 55 3
1112 930 3
1130 867 3
1139 861 3
1158 8 3
1158 10 3
1176 859 3
1187 835 3
1200 808 3
1202 808 3
1202 966 3
1214 783 3
1254 769 3
1409 767 3
1415 766 3
1452 300 3
1452 783 3
1461 619 3
1468 117 3
1468 299 3
1484 596 3
1492 595 3
1549 594 3
1562 593 3
1566 592 3
1572 591 3
1574 587 3
1608 351 3
1619 586 3
1655 585 3
1704 584 3
1717 544 3
1729 426 3
1733 425 3
1755 424 3
1768 383 3
1786 382 3
1835 300 3
1877 381 3
2 117 4
2 299 4
11 1835 4
71 1809 4
72 54 4
72 55 4
78 8 4
78 10 4
90 1808 4
96 1806 4
145 1791 4
148 1766 4
224 1765 4
281 1763 4
282 1608 4
297 1607 4
311 1606 4
316 1539 4
359 1421 4
370 1420 4
396 1419 4
419 1376 4
438 808 4
438 966 4
449 1375 4
466 1373 4
515 1298 4
587 381 4
604 1290 4
605 1287 4
635 1286 4
644 1245 4
682 1235 4
693 1166 4
714 1144 4
724 1143 4
807 1142 4
856 1002 4
873 988 4
878 966 4
880 943 4
957 300 4
957 783 4
969 932 4
996 931 4
1002 353 4
1006 930 4
1010 867 4
1036 861 4
1042 859 4
1052 835 4
1096 808 4
1217 783 4
1259 769 4
1329 767 4
1376 352 4
1396 766 4
1426 619 4
1464 596 4
1465 595 4
1482 594 4
1546 593 4
1608 351 4
1619 592 4
1628 591 4
1688 587 4
1732 117 4
1732 299 4
1775 586 4
1778 585 4
1783 584 4
1788 544 4
1790 426 4
1801 425 4
1806 300 4
1831 424 4
1843 383 4
1854 382 4
45 1835 5
56 1809 5
61 1808 5
89 1806 5
149 1791 5
185 1766 5
213 1765 5
227 117 5
227 299 5
263 1763 5
290 1608 5
300 1607 5
321 1606 5
326 1539 5
332 1421 5
381 353 5
428 1420 5
469 1419 5
492 54 5
492 55 5
508 1376 5
511 1375 5
514 1373 5
528 1298 5
559 1290 5
611 1287 5
639 1286 5
678 1245 5
697 1235 5
758 1166 5
803 8 5
803 10 5
830 1144 5
832 1143 5
840 1142 5
857 1002 5
891 988 5
903 808 5
903 966 5
930 352 5
1024 966 5
1048 943 5
1157 300 5
1157 783 5
1166 351 5
1167 932 5
1176 931 5
1184 930 5
1217 867 5
1219 861 5
1224 859 5
1240 835 5
1317 808 5
1332 783 5
1390 769 5
1404 767 5
1409 766 5
1429 619 5
1433 596 5
1441 595 5
1521 117 5
1521 299 5
1529 594 5
1536 593 5
1565 592 5
1591 591 5
1606 300 5
1635 587 5
1676 586 5
1683 585 5
1737 584 5
1755 544 5
1779 426 5
1810 425 5
1839 424 5
1842 383 5
1861 382 5
1869 381 5
17 1835 6
18 1809 6
30 1808 6
87 1806 6
111 1791 6
125 1766 6
163 1765 6
164 1763 6
213 1608 6
260 1607 6
263 1606 6
297 1539 6
302 1421 6
337 1420 6
344 1419 6
358 1376 6
386 1375 6
423 1373 6
445 1298 6
500 1290 6
555 1287 6
565 1286 6
594 117 6
594 299 6
606 1245 6
612 1235 6
648 1166 6
661 1144 6
677 1143 6
727 1142 6
783 352 6
825 1002 6
867 351 6
875 988 6
881 117 6
881 299 6
891 966 6
941 943 6
1005 932 6
1008 931 6
1012 930 6
1014 867 6
1020 861 6
1039 859 6
1041 54 6
1041 55 6
1081 835 6
1085 808 6
1086 783 6
1092 769 6
1112 767 6
1142 300 6
1158 766 6
1183 619 6
1215 596 6
1238 595 6
1294 8 6
1294 10 6
1323 808 6
1323 966 6
1340 300 6
1340 783 6
1363 594 6
1425 593 6
1441 592 6
1464 591 6
1487 587 6
1496 586 6
1501 585 6
1516 584 6
1547 544 6
1592 426 6
1596 425 6
1689 424 6
1759 383 6
1793 382 6
1820 381 6
1893 353 6
