4 1876 0
33 1749 0
35 1630 0
40 1629 0
42 1627 0
116 1626 0
128 382 0
128 383 0
204 1487 0
211 1359 0
294 380 0
294 381 0
301 331 0
301 333 0
310 1358 0
320 1357 0
352 1356 0
395 1331 0
407 1131 0
417 1117 0
516 1030 0
596 1029 0
703 418 0
730 1028 0
731 1027 0
786 922 0
960 921 0
995 920 0
1136 919 0
1143 823 0
1187 110 0
1187 330 0
1210 755 0
1250 746 0
1306 744 0
1311 743 0
1360 706 0
1405 705 0
1432 420 0
1432 421 0
1441 704 0
1457 703 0
1511 656 0
1521 418 0
1521 419 0
1585 652 0
1594 648 0
1668 382 0
1668 383 0
1709 628 0
1748 627 0
1795 421 0
1818 420 0
1827 380 0
1827 381 0
1848 419 0
11 1876 1
45 1749 1
77 1630 1
141 1629 1
152 1627 1
173 1626 1
192 1487 1
232 382 1
232 383 1
318 1359 1
429 1358 1
452 1357 1
465 1356 1
471 1331 1
500 380 1
500 381 1
512 1131 1
534 1117 1
577 1030 1
593 1029 1
650 1028 1
654 1027 1
662 922 1
666 921 1
692 920 1
702 919 1
758 823 1
831 755 1
883 746 1
897 331 1
897 333 1
913 744 1
950 110 1
950 330 1
955 743 1
968 706 1
1005 705 1
1033 704 1
1104 703 1
1128 656 1
1132 420 1
1132 421 1
1166 418 1
1166 419 1
1193 652 1
1328 648 1
1484 628 1
1506 627 1
1525 421 1
1666 420 1
1667 382 1
1667 383 1
1756 419 1
1830 418 1
1841 380 1
1841 381 1
90 1876 2
122 1749 2
138 1630 2
324 1629 2
325 382 2
325 383 2
388 380 2
388 381 2
419 1627 2
500 1626 2
503 1487 2
532 1359 2
584 1358 2
603 1357 2
631 1356 2
673 1331 2
707 1131 2
739 331 2
739 333 2
743 419 2
765 1117 2
904 1030 2
914 1029 2
1010 1028 2
1024 110 2
1024 330 2
1029 418 2
1074 1027 2
1115 922 2
1119 921 2
1159 920 2
1160 420 2
1160 421 2
1185 919 2
1209 418 2
1209 419 2
1210 823 2
1280 755 2
1287 746 2
1366 744 2
1372 743 2
1373 706 2
1439 705 2
1481 704 2
1503 703 2
1511 656 2
1538 652 2
1572 648 2
1621 628 2
1713 627 2
1833 421 2
1840 382 2
1840 383 2
1848 380 2
1848 381 2
1882 420 2
8 1876 3
14 1749 3
43 382 3
43 383 3
47 1630 3
96 1629 3
147 380 3
147 381 3
209 1627 3
221 1626 3
230 1487 3
243 1359 3
258 1358 3
318 1357 3
350 1356 3
365 1331 3
383 1131 3
459 1117 3
487 1030 3
556 1029 3
564 331 3
564 333 3
586 110 3
586 330 3
611 1028 3
629 1027 3
644 922 3
658 921 3
693 920 3
700 919 3
747 823 3
772 755 3
778 746 3
779 744 3
780 743 3
828 706 3
864 705 3
905 704 3
919 380 3
919 381 3
947 703 3
1075 420 3
1075 421 3
1146 656 3
1207 652 3
1213 648 3
1264 628 3
1310 627 3
1389 421 3
1498 418 3
1498 419 3
1696 420 3
1717 382 3
1717 383 3
1868 419 3
1895 418 3
24 1876 4
42 1749 4
106 1630 4
147 1629 4
218 382 4
218 383 4
291 1627 4
299 1626 4
393 1487 4
402 1359 4
407 380 4
407 381 4
422 1358 4
441 1357 4
496 1356 4
534 1331 4
543 1131 4
551 1117 4
565 1030 4
584 1029 4
624 331 4
624 333 4
625 1028 4
626 1027 4
740 922 4
821 921 4
899 920 4
962 919 4
995 823 4
1027 380 4
1027 381 4
1085 755 4
1086 110 4
1086 330 4
1140 746 4
1164 420 4
1164 421 4
1211 744 4
1227 743 4
1260 706 4
1337 705 4
1370 704 4
1393 703 4
1430 656 4
1490 418 4
1490 419 4
1544 652 4
1547 648 4
1577 382 4
1577 383 4
1678 628 4
1730 627 4
1741 421 4
1827 420 4
1852 419 4
1880 418 4
10 1876 5
36 1749 5
125 1630 5
139 1629 5
148 382 5
148 383 5
154 380 5
154 381 5
258 1627 5
289 1626 5
298 1487 5
339 1359 5
375 1358 5
385 1357 5
388 1356 5
394 1331 5
401 331 5
401 333 5
438 1131 5
464 1117 5
502 1030 5
521 1029 5
551 1028 5
578 1027 5
582 922 5
744 418 5
764 921 5
781 920 5
803 110 5
803 330 5
842 919 5
874 823 5
902 755 5
952 746 5
1043 744 5
1089 743 5
1135 706 5
1245 420 5
1245 421 5
1310 705 5
1341 418 5
1341 419 5
1386 704 5
1428 703 5
1449 656 5
1604 652 5
1627 380 5
1627 381 5
1669 648 5
1690 628 5
1707 627 5
1750 421 5
1802 420 5
1815 382 5
1815 383 5
1845 419 5
9 1876 6
65 382 6
65 383 6
82 380 6
82 381 6
119 1749 6
143 331 6
143 333 6
219 1630 6
231 1629 6
290 1627 6
307 1626 6
310 1487 6
368 1359 6
395 1358 6
443 1357 6
468 1356 6
527 1331 6
675 1131 6
685 1117 6
708 1030 6
749 1029 6
765 110 6
765 330 6
781 1028 6
823 380 6
823 381 6
845 1027 6
863 922 6
868 921 6
1004 920 6
1025 919 6
1045 823 6
1052 755 6
1061 746 6
1108 744 6
1126 743 6
1140 420 6
1140 421 6
1145 418 6
1145 419 6
1190 706 6
1234 705 6
1265 704 6
1326 703 6
1351 656 6
1389 652 6
1464 648 6
1475 628 6
1600 627 6
1685 421 6
1735 382 6
1735 383 6
1779 420 6
1791 419 6
1845 418 6
