100 1874 0
122 1791 0
125 1681 0
195 1650 0
204 1649 0
251 1648 0
433 1647 0
476 1646 0
488 1645 0
564 1449 0
756 1448 0
762 1447 0
853 1446 0
907 1445 0
1001 1444 0
1062 1443 0
1073 1290 0
1108 1260 0
1247 1259 0
1270 1258 0
1364 1257 0
1387 1256 0
1436 1255 0
1442 1254 0
1521 968 0
1543 767 0
1582 491 0
1868 341 0
54 1874 1
90 1791 1
106 1681 1
210 1650 1
305 1649 1
431 1648 1
514 1647 1
637 1646 1
713 1645 1
719 1449 1
739 1448 1
926 1447 1
1071 1446 1
1187 1445 1
1199 1444 1
1232 1443 1
1237 1290 1
1404 1260 1
1437 1259 1
1505 1258 1
1517 1257 1
1632 1256 1
1635 1255 1
1675 1254 1
1744 968 1
1746 767 1
1840 491 1
1842 341 1
51 1874 2
62 1791 2
280 1681 2
317 1650 2
380 1649 2
385 1648 2
508 1647 2
511 1646 2
553 1645 2
686 1449 2
722 1448 2
783 1447 2
1030 1446 2
1049 1445 2
1064 1444 2
1186 1443 2
1234 1290 2
1290 491 2
1296 1260 2
1476 1259 2
1491 1258 2
1570 1257 2
1648 341 2
1723 1256 2
1769 1255 2
1777 1254 2
1789 968 2
1806 767 2
53 1874 3
99 1791 3
102 1681 3
158 1650 3
215 1649 3
223 1648 3
387 1647 3
470 1646 3
528 1645 3
572 1449 3
594 1448 3
789 1447 3
807 1446 3
872 1445 3
1062 1444 3
1068 1443 3
1076 1290 3
1185 1260 3
1310 1259 3
1402 1258 3
1525 1257 3
1534 1256 3
1627 1255 3
1667 1254 3
1709 968 3
1777 767 3
1804 491 3
1858 341 3
9 1874 4
55 1791 4
117 1681 4
174 1650 4
182 1649 4
245 1648 4
333 1647 4
386 1646 4
418 1645 4
529 1449 4
543 1448 4
578 1447 4
641 1446 4
691 1445 4
710 1444 4
889 1443 4
955 1290 4
956 1260 4
1049 1259 4
1110 1258 4
1346 1257 4
1354 1256 4
1399 1255 4
1455 1254 4
1541 968 4
1721 767 4
1735 491 4
1738 341 4
41 1874 5
53 1791 5
117 1681 5
120 1650 5
275 1649 5
309 1648 5
345 1647 5
580 1646 5
690 1645 5
729 1449 5
732 1448 5
789 1447 5
956 1446 5
1020 1445 5
1192 1444 5
1224 1443 5
1394 1290 5
1416 1260 5
1476 1259 5
1486 1258 5
1491 1257 5
1509 1256 5
1539 1255 5
1569 1254 5
1695 968 5
1719 767 5
1829 491 5
1838 341 5
1 1874 6
44 1791 6
125 1681 6
279 1650 6
443 1649 6
454 1648 6
516 1647 6
689 1646 6
760 1645 6
766 1449 6
792 1448 6
799 1447 6
803 1446 6
832 1445 6
894 1444 6
1039 1443 6
1095 1290 6
1138 1260 6
1222 1259 6
1282 1258 6
1327 1257 6
1377 1256 6
1634 1255 6
1693 1254 6
1718 968 6
1744 767 6
1828 491 6
1894 341 6
