43 1464 0
197 1463 0
360 1461 0
364 1460 0
460 1459 0
477 1346 0
651 1322 0
766 1321 0
870 1320 0
883 1319 0
920 1313 0
925 1285 0
958 1280 0
1010 1265 0
1024 364 0
1051 1127 0
1053 1028 0
1066 1027 0
1094 1026 0
1117 1025 0
1239 1024 0
1297 814 0
1367 813 0
1458 812 0
1532 811 0
1622 810 0
1692 368 0
1823 367 0
1824 366 0
1894 365 0
240 1464 1
280 1463 1
412 1461 1
449 1460 1
468 1459 1
517 1346 1
692 1322 1
762 1321 1
783 1320 1
929 1319 1
975 1313 1
1005 1285 1
1155 1280 1
1167 1265 1
1325 1127 1
1347 1028 1
1421 1027 1
1432 1026 1
1436 1025 1
1444 1024 1
1452 814 1
1558 813 1
1575 812 1
1593 811 1
1621 810 1
1635 368 1
1669 367 1
1712 366 1
1740 365 1
1894 364 1
127 1464 2
150 1463 2
229 1461 2
415 1460 2
436 1459 2
533 1346 2
591 1322 2
694 1321 2
712 1320 2
750 1319 2
872 1313 2
987 1285 2
1036 1280 2
1097 1265 2
1218 1127 2
1223 1028 2
1309 1027 2
1326 1026 2
1329 1025 2
1344 1024 2
1375 814 2
1409 813 2
1493 812 2
1508 811 2
1634 810 2
1710 368 2
1763 367 2
1793 366 2
1840 365 2
1859 364 2
79 1464 3
127 1463 3
140 1461 3
155 1460 3
174 1459 3
212 1346 3
262 1322 3
306 1321 3
365 364 3
378 1320 3
467 1319 3
471 1313 3
695 1285 3
711 1280 3
851 1265 3
924 1127 3
972 1028 3
1062 1027 3
1150 1026 3
1156 1025 3
1190 1024 3
1441 814 3
1457 813 3
1486 812 3
1520 811 3
1532 810 3
1554 368 3
1722 367 3
1835 366 3
1855 365 3
100 1464 4
124 1463 4
145 1461 4
404 1460 4
434 1459 4
463 1346 4
517 1322 4
596 1321 4
641 1320 4
659 1319 4
756 1313 4
785 1285 4
814 365 4
938 1280 4
944 1265 4
1026 364 4
1077 1127 4
1107 1028 4
1109 1027 4
1161 1026 4
1270 1025 4
1305 1024 4
1315 814 4
1333 813 4
1507 812 4
1526 811 4
1570 810 4
1578 368 4
1676 367 4
1811 366 4
77 1464 5
84 1463 5
90 1461 5
158 1460 5
190 1459 5
226 1346 5
252 1322 5
279 1321 5
287 1320 5
322 1319 5
338 1313 5
403 1285 5
631 1280 5
641 1265 5
708 1127 5
791 1028 5
823 1027 5
834 1026 5
877 1025 5
937 1024 5
1008 814 5
1102 813 5
1104 812 5
1175 811 5
1177 810 5
1305 368 5
1484 367 5
1543 366 5
1774 365 5
1780 364 5
24 1464 6
82 1463 6
98 1461 6
109 1460 6
182 1459 6
201 1346 6
204 1322 6
274 1321 6
383 1320 6
426 1319 6
458 1313 6
559 1285 6
654 1280 6
747 1265 6
1056 1127 6
1120 1028 6
1146 1027 6
1149 1026 6
1241 1025 6
1246 1024 6
1251 814 6
1270 813 6
1281 812 6
1288 811 6
1341 810 6
1530 368 6
1561 367 6
1699 366 6
1747 365 6
1875 364 6
