6 821 3
6 823 3
135 769 3
135 809 3
163 762 3
163 768 3
198 1898 3
229 743 3
229 761 3
237 611 3
237 742 3
249 585 3
249 586 3
250 1846 3
334 1845 3
365 1841 3
373 518 3
373 519 3
376 1809 3
381 422 3
381 484 3
387 378 3
387 392 3
388 1807 3
422 743 3
422 768 3
511 519 3
511 611 3
511 742 3
522 1806 3
557 1798 3
572 1797 3
574 354 3
574 377 3
601 314 3
601 353 3
603 1785 3
656 925 3
656 927 3
656 1496 3
656 1497 3
656 1806 3
656 1807 3
675 1748 3
682 1739 3
683 294 3
683 313 3
684 377 3
684 378 3
684 518 3
715 151 3
715 293 3
733 925 3
733 927 3
733 1806 3
733 1807 3
733 377 3
733 378 3
750 1737 3
779 1723 3
787 1721 3
801 124 3
801 150 3
806 118 3
806 119 3
812 314 3
812 353 3
812 354 3
899 1656 3
933 108 3
933 109 3
940 1655 3
957 1650 3
976 1649 3
986 1561 3
1007 1560 3
1023 1541 3
1028 88 3
1028 89 3
1074 1509 3
1090 1508 3
1111 44 3
1111 47 3
1145 33 3
1145 42 3
1149 925 3
1149 927 3
1149 109 3
1149 118 3
1206 1497 3
1225 1841 3
1225 1898 3
1228 1807 3
1228 1809 3
1230 1496 3
1237 1365 3
1254 1355 3
1270 1354 3
1277 1353 3
1302 1332 3
1320 826 3
1368 1739 3
1368 1806 3
1394 1321 3
1395 1320 3
1404 1298 3
1406 1656 3
1406 1737 3
1456 1509 3
1456 1655 3
1475 1251 3
1478 1250 3
1486 1182 3
1488 925 3
1488 927 3
1488 33 3
1488 108 3
1523 1179 3
1552 1497 3
1552 1508 3
1553 1321 3
1553 1496 3
1567 1167 3
1598 1087 3
1654 1086 3
1666 1079 3
1670 1179 3
1670 1320 3
1703 1078 3
1710 927 3
1710 1167 3
1714 1042 3
1733 1040 3
1738 769 3
1738 925 3
1751 982 3
1759 927 3
1763 925 3
1801 119 3
1801 124 3
1801 313 3
1848 880 3
1860 865 3
1885 827 3
405 788 4
405 789 4
929 1158 4
1418 1157 4
1445 1157 4
1445 1158 4
20 1896 5
37 649 5
37 827 5
282 1893 5
373 595 5
373 648 5
378 259 5
378 594 5
389 1623 5
463 1573 5
537 191 5
537 258 5
538 1572 5
559 1507 5
562 89 5
562 190 5
623 61 5
623 71 5
810 1489 5
810 1893 5
825 1506 5
875 1489 5
906 1488 5
923 956 5
923 1488 5
940 828 5
940 955 5
1148 987 5
1218 595 5
1218 827 5
1255 986 5
1307 963 5
1315 962 5
1339 960 5
1418 959 5
1473 956 5
1479 259 5
1479 594 5
1497 955 5
1586 848 5
1617 847 5
1755 71 5
1755 258 5
1807 828 5
1 758 6
1 772 6
40 1791 6
68 732 6
68 757 6
86 721 6
86 731 6
87 1790 6
93 710 6
93 720 6
101 695 6
101 696 6
128 1773 6
143 1756 6
146 1753 6
171 691 6
171 693 6
192 666 6
192 672 6
234 662 6
234 665 6
237 1742 6
255 615 6
255 661 6
264 576 6
264 577 6
281 531 6
281 532 6
301 519 6
301 522 6
306 490 6
306 508 6
314 1734 6
321 1733 6
334 1710 6
351 1709 6
377 486 6
377 487 6
381 1700 6
382 1699 6
383 1668 6
384 447 6
384 448 6
386 1663 6
394 424 6
394 442 6
431 391 6
431 423 6
439 380 6
439 381 6
449 338 6
449 344 6
462 275 6
462 337 6
474 1662 6
486 1656 6
492 1653 6
509 269 6
509 270 6
513 1634 6
515 1733 6
515 1734 6
515 220 6
515 221 6
517 238 6
517 253 6
519 1633 6
529 1534 6
564 1532 6
573 232 6
573 233 6
582 222 6
582 223 6
588 1510 6
593 1509 6
606 220 6
606 221 6
621 118 6
621 126 6
626 1504 6
631 1496 6
653 99 6
653 107 6
665 1491 6
666 381 6
666 447 6
684 1471 6
698 65 6
698 77 6
701 1470 6
727 31 6
727 48 6
733 1733 6
733 1734 6
740 1733 6
740 1734 6
740 107 6
740 126 6
768 1454 6
786 337 6
786 338 6
787 1453 6
800 1427 6
802 1419 6
862 1418 6
882 1653 6
882 1656 6
907 1415 6
911 1408 6
922 1360 6
961 1532 6
961 1534 6
964 1471 6
964 1496 6
966 1346 6
989 344 6
989 380 6
991 1338 6
1043 1336 6
1059 1331 6
1072 1323 6
1073 1322 6
1105 1315 6
1127 1289 6
1149 1288 6
1177 1427 6
1177 1470 6
1214 1418 6
1214 1419 6
1217 1263 6
1225 1323 6
1225 1415 6
1238 1260 6
1264 1315 6
1264 1322 6
1267 1201 6
1302 1186 6
1309 1137 6
1309 1138 6
1327 1133 6
1327 1134 6
1329 1096 6
1329 1109 6
1337 1174 6
1342 1733 6
1342 1734 6
1342 380 6
1342 381 6
1342 31 6
1342 65 6
1345 1138 6
1357 1137 6
1361 1134 6
1385 1057 6
1385 1058 6
1386 1133 6
1392 1117 6
1438 786 6
1438 808 6
1439 1115 6
1449 758 6
1449 785 6
1458 1109 6
1461 721 6
1461 757 6
1478 1096 6
1480 1095 6
1489 662 6
1489 720 6
1493 1094 6
1500 1093 6
1505 1084 6
1522 233 6
1522 269 6
1522 270 6
1524 1058 6
1526 1057 6
1532 792 6
1563 1006 6
1571 532 6
1571 661 6
1576 222 6
1576 223 6
1576 232 6
1580 522 6
1580 531 6
1598 989 6
1605 938 6
1612 1733 6
1612 1734 6
1612 380 6
1612 381 6
1612 232 6
1612 1496 6
1630 937 6
1638 836 6
1660 835 6
1662 791 6
1685 831 6
1734 786 6
1753 785 6
1774 821 6
1781 487 6
1781 508 6
1804 817 6
1806 816 6
1817 448 6
1817 486 6
1882 808 6
1890 798 6
27 758 14
27 772 14
80 1791 14
94 1790 14
104 1773 14
109 732 14
109 757 14
123 721 14
123 731 14
168 710 14
168 720 14
221 448 14
221 486 14
233 1733 14
233 1734 14
233 107 14
233 126 14
237 1756 14
249 1733 14
249 1734 14
249 380 14
249 381 14
249 31 14
249 65 14
293 1753 14
297 1742 14
321 1734 14
324 695 14
324 696 14
338 1733 14
343 1710 14
351 1709 14
353 1700 14
356 1699 14
397 1668 14
409 691 14
409 693 14
410 1663 14
412 666 14
412 672 14
423 1662 14
436 1656 14
446 1653 14
450 1634 14
463 1633 14
492 1534 14
495 1532 14
499 1510 14
509 1509 14
511 1504 14
519 381 14
519 447 14
532 1496 14
547 662 14
547 665 14
548 1491 14
550 615 14
550 661 14
583 1471 14
591 1470 14
592 1454 14
604 576 14
604 577 14
609 531 14
609 532 14
620 1453 14
644 1427 14
687 1419 14
721 1418 14
732 1415 14
740 519 14
740 522 14
762 1408 14
774 490 14
774 508 14
782 486 14
782 487 14
791 792 14
792 786 14
806 447 14
806 448 14
819 1360 14
841 424 14
841 442 14
842 391 14
842 423 14
864 380 14
864 381 14
865 1346 14
872 338 14
872 344 14
905 275 14
905 337 14
908 1338 14
913 1336 14
915 1331 14
938 344 14
938 380 14
940 1323 14
941 269 14
941 270 14
963 1322 14
965 238 14
965 253 14
981 232 14
981 233 14
982 222 14
982 223 14
994 1315 14
1003 1289 14
1022 220 14
1022 221 14
1027 118 14
1027 126 14
1050 1288 14
1066 1263 14
1067 1260 14
1077 99 14
1077 107 14
1082 1201 14
1086 1186 14
1110 65 14
1110 77 14
1112 31 14
1112 48 14
1128 1733 14
1128 1734 14
1128 220 14
1128 221 14
1147 1733 14
1147 1734 14
1149 1174 14
1166 1653 14
1166 1656 14
1208 1532 14
1208 1534 14
1213 1138 14
1215 1137 14
1225 233 14
1225 269 14
1225 270 14
1227 1471 14
1227 1496 14
1278 1134 14
1295 1133 14
1299 1117 14
1305 1427 14
1305 1470 14
1313 1115 14
1319 1109 14
1361 1096 14
1397 1095 14
1400 1094 14
1446 1418 14
1446 1419 14
1492 1323 14
1492 1415 14
1496 785 14
1509 337 14
1509 338 14
1521 1315 14
1521 1322 14
1599 1093 14
1600 1084 14
1609 1058 14
1628 1137 14
1628 1138 14
1642 1133 14
1642 1134 14
1649 1096 14
1649 1109 14
1661 1057 14
1667 1006 14
1676 1733 14
1676 1734 14
1676 380 14
1676 381 14
1676 232 14
1676 1496 14
1678 989 14
1679 1057 14
1679 1058 14
1689 938 14
1702 786 14
1702 808 14
1705 758 14
1705 785 14
1708 721 14
1708 757 14
1714 937 14
1722 662 14
1722 720 14
1726 836 14
1731 835 14
1781 532 14
1781 661 14
1804 522 14
1804 531 14
1819 222 14
1819 223 14
1819 232 14
1820 831 14
1821 821 14
1832 817 14
1834 816 14
1882 808 14
1890 798 14
1891 791 14
1893 487 14
1893 508 14
15 821 20
15 823 20
83 1898 20
114 769 20
114 809 20
124 1846 20
140 762 20
140 768 20
181 1845 20
198 1841 20
238 519 20
238 611 20
238 742 20
242 1809 20
243 1807 20
247 743 20
247 761 20
294 1806 20
314 1798 20
321 1797 20
347 1785 20
379 1748 20
396 1739 20
412 1737 20
418 925 20
418 927 20
418 109 20
418 118 20
427 1723 20
429 1721 20
433 611 20
433 742 20
436 1656 20
437 1655 20
448 585 20
448 586 20
513 518 20
513 519 20
524 422 20
524 484 20
588 378 20
588 392 20
606 1650 20
626 354 20
626 377 20
635 314 20
635 353 20
654 925 20
654 927 20
654 33 20
654 108 20
682 1649 20
716 1561 20
735 377 20
735 378 20
735 518 20
751 314 20
751 353 20
751 354 20
755 1560 20
778 1541 20
818 294 20
818 313 20
820 1509 20
829 151 20
829 293 20
838 1508 20
861 124 20
861 150 20
899 1497 20
900 1496 20
901 1365 20
904 1355 20
936 925 20
936 927 20
936 1496 20
936 1497 20
936 1806 20
936 1807 20
974 1354 20
985 1353 20
998 1332 20
1011 118 20
1011 119 20
1058 1321 20
1064 108 20
1064 109 20
1114 1320 20
1122 1298 20
1127 1251 20
1144 119 20
1144 124 20
1144 313 20
1178 1250 20
1229 88 20
1229 89 20
1274 925 20
1274 927 20
1274 1806 20
1274 1807 20
1274 377 20
1274 378 20
1278 44 20
1278 47 20
1291 33 20
1291 42 20
1297 1182 20
1331 1841 20
1331 1898 20
1344 1179 20
1353 827 20
1371 1167 20
1396 1807 20
1396 1809 20
1422 1087 20
1504 1739 20
1504 1806 20
1508 826 20
1540 1656 20
1540 1737 20
1543 1086 20
1545 1509 20
1545 1655 20
1550 1497 20
1550 1508 20
1592 1079 20
1603 1321 20
1603 1496 20
1679 1078 20
1681 1042 20
1709 1040 20
1741 982 20
1749 1179 20
1749 1320 20
1770 927 20
1797 743 20
1797 768 20
1814 925 20
1827 927 20
1827 1167 20
1867 880 20
1871 769 20
1871 925 20
1886 865 20
170 649 27
170 827 27
230 595 27
230 648 27
264 1896 27
362 259 27
362 594 27
423 1893 27
440 1623 27
446 1573 27
506 1572 27
510 1507 27
741 191 27
741 258 27
747 89 27
747 190 27
836 1506 27
943 1489 27
949 61 27
949 71 27
950 1488 27
972 987 27
991 1489 27
991 1893 27
1003 986 27
1020 963 27
1048 962 27
1126 956 27
1126 1488 27
1204 960 27
1235 959 27
1265 956 27
1348 955 27
1364 848 27
1434 828 27
1434 955 27
1459 595 27
1459 827 27
1652 847 27
1728 828 27
1733 259 27
1733 594 27
1778 71 27
1778 258 27
464 788 28
464 789 28
864 1158 28
911 1157 28
911 1158 28
1715 1157 28
