0 19 0
0 2 0
0 40 0
0 36 0
0 50 0
0 39 0
0 38 0
0 8 0
0 12 0
0 16 0
0 49 0
0 48 0
0 43 0
0 42 0
0 35 0
0 34 0
0 28 0
0 27 0
1 3 0
1 6 0
2 19 0
2 40 0
2 36 0
2 50 0
2 39 0
2 38 0
2 37 0
2 25 0
2 4 0
2 3 0
2 32 0
2 11 0
2 35 0
2 14 0
2 10 0
2 8 0
2 49 0
2 48 0
2 42 0
2 28 0
2 24 0
2 21 0
3 19 0
3 40 0
3 36 0
3 50 0
3 39 0
3 38 0
3 8 0
3 12 0
3 16 0
3 21 0
3 10 0
3 11 0
3 4 0
3 7 0
3 5 0
3 51 0
4 19 0
4 40 0
4 36 0
4 50 0
4 39 0
4 38 0
4 8 0
4 12 0
4 16 0
4 21 0
4 10 0
4 11 0
4 51 0
4 49 0
4 47 0
4 46 0
5 11 0
5 17 0
5 7 0
5 51 0
5 47 0
6 11 0
6 17 0
6 7 0
6 18 0
6 14 0
7 10 0
7 11 0
7 17 0
7 51 0
8 40 0
8 39 0
8 49 0
8 48 0
8 45 0
8 43 0
8 42 0
8 41 0
8 35 0
8 34 0
9 14 0
9 15 0
10 40 0
10 39 0
10 37 0
10 12 0
10 16 0
10 21 0
10 49 0
10 48 0
10 47 0
10 46 0
11 19 0
11 40 0
11 36 0
11 50 0
11 39 0
11 37 0
11 12 0
11 16 0
11 21 0
11 26 0
11 49 0
12 19 0
12 40 0
12 39 0
12 37 0
12 49 0
12 48 0
12 45 0
12 43 0
12 42 0
14 19 0
14 40 0
14 36 0
14 39 0
14 37 0
14 32 0
14 16 0
14 21 0
14 26 0
14 25 0
14 17 0
14 22 0
14 18 0
15 19 0
15 40 0
15 39 0
15 37 0
15 32 0
15 16 0
15 21 0
15 26 0
15 25 0
15 17 0
15 22 0
15 18 0
15 23 0
16 50 0
16 37 0
16 32 0
16 49 0
16 48 0
17 32 0
17 41 0
17 21 0
17 26 0
17 25 0
18 32 0
18 41 0
18 21 0
18 26 0
18 25 0
18 33 0
18 22 0
19 40 0
19 36 0
19 50 0
19 39 0
19 38 0
19 37 0
19 25 0
19 32 0
19 35 0
19 49 0
19 48 0
19 42 0
19 28 0
19 24 0
19 21 0
20 22 0
20 27 0
20 23 0
20 24 0
21 50 0
21 37 0
21 32 0
21 41 0
23 25 0
23 33 0
23 29 0
23 27 0
24 50 0
24 37 0
24 32 0
24 41 0
24 45 0
24 26 0
24 25 0
24 33 0
24 29 0
24 27 0
24 30 0
25 40 0
25 36 0
25 50 0
25 39 0
25 38 0
25 37 0
25 32 0
25 41 0
25 45 0
25 26 0
26 50 0
26 37 0
26 32 0
26 41 0
26 45 0
27 43 0
27 33 0
27 29 0
28 36 0
28 37 0
28 32 0
28 41 0
28 45 0
28 43 0
28 33 0
28 29 0
28 34 0
28 30 0
28 31 0
30 42 0
30 34 0
31 42 0
31 34 0
31 46 0
32 40 0
32 36 0
32 50 0
32 39 0
32 38 0
33 43 0
34 41 0
34 45 0
34 43 0
34 48 0
34 42 0
35 40 0
35 36 0
35 50 0
35 38 0
35 41 0
35 45 0
35 43 0
35 48 0
35 42 0
35 49 0
35 46 0
35 47 0
36 40 0
36 50 0
36 39 0
36 38 0
36 37 0
36 48 0
36 45 0
36 43 0
36 42 0
37 40 0
37 50 0
37 39 0
37 38 0
38 40 0
38 50 0
38 39 0
38 49 0
38 48 0
38 45 0
38 43 0
38 42 0
39 40 0
39 50 0
40 50 0
40 49 0
42 45 0
42 43 0
42 48 0
43 45 0
46 48 0
46 49 0
47 48 0
47 49 0
0 19 1
0 2 1
0 40 1
0 36 1
0 50 1
0 39 1
0 38 1
0 8 1
0 12 1
0 16 1
0 49 1
0 48 1
0 43 1
0 42 1
0 35 1
0 34 1
0 28 1
0 27 1
1 3 1
1 6 1
2 19 1
2 40 1
2 36 1
2 50 1
2 39 1
2 38 1
2 37 1
2 25 1
2 4 1
2 3 1
2 32 1
2 11 1
2 35 1
2 14 1
2 10 1
2 8 1
2 49 1
2 48 1
2 42 1
2 28 1
2 24 1
2 21 1
3 19 1
3 40 1
3 36 1
3 50 1
3 39 1
3 38 1
3 8 1
3 12 1
3 16 1
3 21 1
3 10 1
3 11 1
3 4 1
3 7 1
3 5 1
3 51 1
4 19 1
4 40 1
4 36 1
4 50 1
4 39 1
4 38 1
4 8 1
4 12 1
4 16 1
4 21 1
4 10 1
4 11 1
4 51 1
4 49 1
4 47 1
4 46 1
5 11 1
5 17 1
5 7 1
5 51 1
5 47 1
6 11 1
6 17 1
6 7 1
6 18 1
6 14 1
7 10 1
7 11 1
7 17 1
7 51 1
8 40 1
8 39 1
8 49 1
8 48 1
8 45 1
8 43 1
8 42 1
8 41 1
8 35 1
8 34 1
9 14 1
9 15 1
10 40 1
10 39 1
10 37 1
10 12 1
10 16 1
10 21 1
10 49 1
10 48 1
10 47 1
10 46 1
11 19 1
11 40 1
11 36 1
11 50 1
11 39 1
11 37 1
11 12 1
11 16 1
11 21 1
11 26 1
11 49 1
12 19 1
12 40 1
12 39 1
12 37 1
12 49 1
12 48 1
12 45 1
12 43 1
12 42 1
14 19 1
14 40 1
14 36 1
14 39 1
14 37 1
14 32 1
14 16 1
14 21 1
14 26 1
14 25 1
14 17 1
14 22 1
14 18 1
15 19 1
15 40 1
15 39 1
15 37 1
15 32 1
15 16 1
15 21 1
15 26 1
15 25 1
15 17 1
15 22 1
15 18 1
15 23 1
16 50 1
16 37 1
16 32 1
16 49 1
16 48 1
17 32 1
17 41 1
17 21 1
17 26 1
17 25 1
18 32 1
18 41 1
18 21 1
18 26 1
18 25 1
18 33 1
18 22 1
19 40 1
19 36 1
19 50 1
19 39 1
19 38 1
19 37 1
19 25 1
19 32 1
19 35 1
19 49 1
19 48 1
19 42 1
19 28 1
19 24 1
19 21 1
20 22 1
20 27 1
20 23 1
20 24 1
21 50 1
21 37 1
21 32 1
21 41 1
23 25 1
23 33 1
23 29 1
23 27 1
24 50 1
24 37 1
24 32 1
24 41 1
24 45 1
24 26 1
24 25 1
24 33 1
24 29 1
24 27 1
24 30 1
25 40 1
25 36 1
25 50 1
25 39 1
25 38 1
25 37 1
25 32 1
25 41 1
25 45 1
25 26 1
26 50 1
26 37 1
26 32 1
26 41 1
26 45 1
27 43 1
27 33 1
27 29 1
28 36 1
28 37 1
28 32 1
28 41 1
28 45 1
28 43 1
28 33 1
28 29 1
28 34 1
28 30 1
28 31 1
30 42 1
30 34 1
31 42 1
31 34 1
31 46 1
32 40 1
32 36 1
32 50 1
32 39 1
32 38 1
33 43 1
34 41 1
34 45 1
34 43 1
34 48 1
34 42 1
35 40 1
35 36 1
35 50 1
35 38 1
35 41 1
35 45 1
35 43 1
35 48 1
35 42 1
35 49 1
35 46 1
35 47 1
36 40 1
36 50 1
36 39 1
36 38 1
36 37 1
36 48 1
36 45 1
36 43 1
36 42 1
37 40 1
37 50 1
37 39 1
37 38 1
38 40 1
38 50 1
38 39 1
38 49 1
38 48 1
38 45 1
38 43 1
38 42 1
39 40 1
39 50 1
40 50 1
40 49 1
42 45 1
42 43 1
42 48 1
43 45 1
46 48 1
46 49 1
47 48 1
47 49 1
