12 108 163
22 107 163
28 106 163
38 105 163
40 104 163
57 103 163
64 102 163
74 101 163
81 100 163
95 99 163
106 0 163
113 98 163
128 97 163
132 96 163
13 100 167
13 101 167
59 98 167
59 99 167
60 96 167
60 97 167
78 101 167
78 75 167
96 97 167
96 98 167
100 75 167
100 96 167
125 99 167
125 100 167
10 108 181
19 107 181
42 106 181
50 105 181
65 104 181
83 103 181
106 96 181
108 0 181
118 102 181
119 101 181
129 100 181
133 99 181
143 98 181
149 97 181
19 100 196
19 101 196
70 98 196
70 99 196
71 96 196
71 97 196
77 101 196
77 75 196
99 75 196
99 96 196
106 99 196
106 100 196
145 97 196
145 98 196
45 100 198
45 101 198
54 98 198
54 99 198
62 96 198
62 97 198
74 101 198
74 75 198
99 75 198
99 96 198
104 99 198
104 100 198
111 97 198
111 98 198
33 100 203
33 101 203
37 98 203
37 99 203
62 96 203
62 97 203
77 101 203
77 75 203
115 99 203
115 100 203
138 97 203
138 98 203
139 75 203
139 96 203
4 100 204
4 101 204
28 98 204
28 99 204
33 96 204
33 97 204
84 101 204
84 75 204
93 99 204
93 100 204
107 97 204
107 98 204
117 75 204
117 96 204
45 100 205
45 101 205
69 98 205
69 99 205
82 96 205
82 97 205
85 101 205
85 75 205
104 99 205
104 100 205
121 97 205
121 98 205
122 75 205
122 96 205
0 100 207
0 101 207
22 98 207
22 99 207
80 96 207
80 97 207
83 101 207
83 75 207
102 99 207
102 100 207
114 97 207
114 98 207
149 75 207
149 96 207
24 100 209
24 101 209
37 98 209
37 99 209
44 96 209
44 97 209
57 101 209
57 75 209
63 99 209
63 100 209
68 97 209
68 98 209
89 75 209
89 96 209
12 100 233
12 101 233
54 98 233
54 99 233
62 96 233
62 97 233
100 75 233
100 96 233
105 101 233
105 75 233
136 99 233
136 100 233
145 97 233
145 98 233
3 100 235
3 101 235
6 98 235
6 99 235
82 96 235
82 97 235
88 101 235
88 75 235
107 99 235
107 100 235
109 97 235
109 98 235
149 75 235
149 96 235
7 100 239
7 101 239
10 98 239
10 99 239
22 96 239
22 97 239
64 101 239
64 75 239
73 99 239
73 100 239
138 97 239
138 98 239
150 75 239
150 96 239
65 100 251
65 101 251
69 98 251
69 99 251
79 96 251
79 97 251
87 101 251
87 75 251
107 99 251
107 100 251
109 97 251
109 98 251
125 75 251
125 96 251
10 110 268
30 109 268
33 108 268
39 107 268
43 106 268
49 104 268
56 103 268
58 102 268
68 101 268
82 100 268
104 75 268
117 99 268
132 98 268
142 97 268
13 101 291
13 102 291
35 99 291
35 100 291
44 97 291
44 98 291
74 102 291
74 75 291
82 100 291
82 101 291
122 98 291
122 99 291
139 75 291
139 97 291
29 129 304
32 128 304
41 127 304
46 126 304
60 125 304
76 124 304
87 123 304
91 103 304
96 102 304
107 101 304
123 75 304
132 100 304
145 99 304
146 98 304
21 102 309
36 101 309
46 100 309
56 99 309
71 98 309
73 97 309
77 85 309
103 83 309
111 82 309
112 81 309
129 80 309
131 79 309
139 78 309
141 75 309
14 102 310
23 101 310
30 100 310
33 99 310
46 98 310
51 97 310
62 85 310
74 83 310
76 82 310
118 81 310
130 80 310
140 79 310
147 78 310
149 75 310
1 102 315
6 101 315
11 100 315
30 99 315
46 98 315
51 97 315
80 79 315
81 78 315
89 85 315
98 75 315
114 83 315
116 82 315
117 81 315
149 80 315
1 129 331
5 128 331
26 127 331
43 126 331
55 125 331
60 124 331
65 123 331
71 103 331
79 102 331
84 101 331
94 100 331
103 75 331
108 99 331
144 98 331
22 102 338
37 101 338
38 100 338
48 99 338
61 98 338
62 97 338
76 85 338
88 83 338
100 75 338
108 82 338
111 81 338
121 80 338
125 79 338
134 78 338
23 102 341
27 101 341
31 100 341
38 99 341
50 98 341
61 97 341
67 85 341
75 78 341
86 83 341
105 82 341
106 81 341
107 80 341
119 79 341
143 75 341
19 102 351
20 101 351
37 100 351
40 99 351
46 98 351
49 97 351
68 85 351
82 75 351
84 83 351
96 82 351
114 81 351
120 80 351
129 79 351
136 78 351
5 149 352
7 138 352
16 137 352
17 136 352
30 135 352
40 115 352
41 113 352
57 103 352
62 102 352
76 101 352
87 100 352
102 75 352
108 99 352
123 98 352
3 102 354
18 101 354
20 100 354
35 99 354
53 98 354
63 97 354
70 85 354
108 83 354
117 82 354
118 81 354
119 80 354
131 79 354
137 78 354
145 75 354
29 101 357
29 102 357
52 99 357
52 100 357
66 97 357
66 98 357
103 102 357
103 75 357
113 100 357
113 101 357
119 98 357
119 99 357
134 75 357
134 97 357
1 149 360
2 138 360
6 137 360
15 136 360
16 135 360
31 115 360
77 113 360
84 103 360
106 102 360
117 101 360
129 100 360
136 75 360
140 99 360
143 98 360
17 102 361
17 103 361
18 100 361
18 101 361
27 98 361
27 99 361
60 103 361
60 75 361
92 101 361
92 102 361
103 75 361
103 98 361
104 99 361
104 100 361
30 108 364
41 107 364
47 106 364
54 105 364
68 104 364
85 103 364
90 102 364
94 101 364
102 96 364
107 0 364
116 100 364
122 99 364
128 98 364
144 97 364
0 102 368
7 101 368
14 100 368
23 99 368
27 98 368
39 97 368
70 85 368
78 83 368
80 78 368
97 75 368
117 82 368
126 81 368
137 80 368
146 79 368
5 110 370
24 109 370
33 108 370
42 107 370
43 106 370
52 104 370
55 103 370
68 102 370
74 101 370
83 100 370
96 99 370
111 98 370
137 97 370
138 75 370
16 102 372
17 101 372
44 100 372
62 99 372
77 98 372
85 75 372
88 97 372
104 85 372
119 83 372
120 82 372
127 81 372
128 80 372
130 79 372
141 78 372
1 102 373
1 103 373
4 100 373
4 101 373
43 98 373
43 99 373
65 103 373
65 75 373
80 101 373
80 102 373
130 99 373
130 100 373
144 75 373
144 98 373
4 111 376
9 110 376
10 109 376
11 108 376
13 107 376
16 105 376
33 104 376
35 103 376
50 102 376
70 100 376
86 99 376
88 98 376
89 97 376
135 75 376
8 102 382
10 101 382
14 100 382
30 99 382
31 98 382
59 97 382
73 85 382
76 83 382
80 78 382
97 75 382
114 82 382
116 81 382
120 80 382
144 79 382
25 111 385
37 110 385
41 109 385
59 108 385
71 107 385
74 105 385
76 104 385
92 103 385
96 102 385
115 100 385
123 99 385
135 98 385
146 97 385
147 75 385
19 109 388
29 108 388
43 107 388
47 106 388
53 105 388
57 103 388
62 102 388
68 101 388
72 100 388
79 99 388
80 98 388
96 97 388
109 75 388
126 96 388
17 110 389
18 109 389
35 108 389
37 107 389
46 106 389
53 104 389
56 103 389
68 102 389
72 101 389
75 100 389
97 75 389
130 99 389
147 98 389
150 97 389
12 102 390
18 101 390
38 100 390
61 99 390
66 98 390
77 97 390
81 75 390
89 85 390
91 83 390
115 82 390
119 81 390
130 80 390
139 79 390
150 78 390
2 109 401
3 108 401
15 107 401
22 106 401
35 105 401
36 103 401
51 102 401
65 101 401
81 100 401
101 75 401
111 99 401
118 98 401
138 97 401
144 96 401
0 102 402
8 101 402
9 100 402
14 99 402
25 98 402
70 97 402
78 79 402
93 85 402
95 83 402
98 75 402
107 82 402
120 81 402
126 80 402
135 78 402
9 102 437
12 101 437
27 100 437
30 99 437
34 98 437
42 97 437
44 85 437
48 83 437
59 82 437
67 81 437
73 80 437
99 75 437
118 79 437
144 78 437
1 111 438
3 110 438
7 109 438
30 108 438
41 107 438
57 105 438
63 104 438
77 103 438
94 102 438
127 100 438
128 99 438
134 98 438
136 97 438
148 75 438
40 149 445
42 138 445
44 137 445
46 136 445
63 135 445
64 115 445
90 113 445
93 103 445
110 102 445
121 101 445
124 100 445
125 99 445
148 98 445
149 75 445
1 100 449
1 101 449
81 98 449
81 99 449
99 75 449
99 96 449
135 96 449
135 97 449
137 101 449
137 75 449
144 99 449
144 100 449
147 97 449
147 98 449
3 110 452
18 109 452
20 108 452
31 107 452
36 106 452
57 104 452
61 103 452
81 102 452
98 99 452
102 97 452
107 75 452
119 101 452
124 100 452
139 98 452
6 111 456
18 110 456
24 109 456
28 108 456
29 107 456
40 105 456
62 104 456
90 103 456
101 102 456
102 98 456
109 97 456
110 75 456
142 100 456
145 99 456
28 149 458
35 138 458
54 137 458
61 136 458
63 135 458
85 115 458
89 113 458
90 103 458
96 102 458
101 98 458
103 75 458
111 101 458
117 100 458
131 99 458
8 110 459
15 109 459
22 108 459
36 107 459
49 106 459
50 104 459
52 103 459
61 102 459
81 101 459
82 100 459
101 75 459
120 99 459
145 98 459
147 97 459
5 149 461
12 138 461
15 137 461
18 136 461
24 135 461
38 115 461
44 113 461
62 103 461
73 102 461
93 101 461
98 100 461
100 98 461
111 99 461
135 75 461
2 102 462
2 103 462
41 100 462
41 101 462
45 98 462
45 99 462
77 103 462
77 75 462
93 101 462
93 102 462
98 75 462
98 99 462
142 98 462
142 100 462
11 102 463
20 101 463
25 100 463
29 99 463
54 98 463
55 97 463
57 85 463
61 83 463
68 82 463
81 78 463
83 75 463
111 81 463
119 80 463
140 79 463
2 102 470
2 103 470
18 100 470
18 101 470
37 98 470
37 99 470
38 103 470
38 75 470
62 101 470
62 102 470
94 99 470
94 100 470
104 75 470
104 98 470
0 102 475
3 101 475
4 100 475
14 99 475
15 98 475
18 97 475
28 85 475
35 83 475
43 82 475
53 81 475
62 80 475
78 75 475
96 79 475
120 78 475
10 102 476
10 103 476
15 100 476
15 101 476
49 98 476
49 99 476
57 103 476
57 75 476
61 101 476
61 102 476
84 99 476
84 100 476
132 75 476
132 98 476
15 102 482
23 101 482
24 100 482
26 99 482
54 98 482
64 97 482
91 85 482
98 78 482
101 75 482
106 83 482
109 82 482
125 81 482
130 80 482
148 79 482
0 149 483
11 138 483
14 137 483
19 136 483
23 135 483
51 115 483
62 113 483
72 103 483
75 102 483
81 101 483
82 100 483
85 99 483
102 98 483
137 75 483
12 110 489
29 109 489
52 108 489
82 107 489
84 106 489
85 104 489
92 103 489
106 75 489
115 102 489
121 101 489
126 100 489
127 99 489
136 98 489
143 97 489
1 129 492
4 128 492
12 127 492
35 126 492
43 125 492
47 124 492
67 123 492
69 103 492
71 102 492
110 101 492
129 75 492
133 100 492
134 99 492
140 98 492
5 149 495
11 138 495
35 137 495
49 136 495
63 135 495
64 115 495
73 113 495
84 103 495
89 102 495
97 101 495
118 100 495
128 99 495
135 98 495
136 75 495
1 100 497
1 101 497
21 98 497
21 99 497
53 95 497
53 96 497
89 101 497
89 75 497
98 75 497
98 95 497
129 99 497
129 100 497
149 96 497
149 98 497
24 101 503
24 102 503
60 99 503
60 100 503
69 97 503
69 98 503
79 102 503
79 75 503
98 75 503
98 97 503
113 100 503
113 101 503
120 98 503
120 99 503
0 100 505
0 101 505
9 98 505
9 99 505
17 95 505
17 96 505
75 96 505
75 98 505
100 75 505
100 95 505
130 101 505
130 75 505
149 99 505
149 100 505
12 101 508
12 102 508
24 99 508
24 100 508
58 97 508
58 98 508
94 102 508
94 75 508
103 100 508
103 101 508
108 98 508
108 99 508
135 75 508
135 97 508
44 101 510
44 102 510
46 99 510
46 100 510
63 97 510
63 98 510
99 75 510
99 97 510
105 102 510
105 75 510
107 100 510
107 101 510
115 98 510
115 99 510
4 110 511
13 109 511
14 108 511
16 107 511
41 106 511
52 104 511
64 103 511
67 102 511
74 101 511
86 100 511
91 99 511
110 75 511
130 98 511
147 97 511
15 100 515
15 101 515
54 98 515
54 99 515
72 95 515
72 96 515
92 101 515
92 75 515
93 99 515
93 100 515
98 75 515
98 95 515
107 96 515
107 98 515
35 100 523
35 101 523
37 98 523
37 99 523
76 95 523
76 96 523
80 101 523
80 75 523
93 99 523
93 100 523
118 96 523
118 98 523
127 75 523
127 95 523
24 149 530
30 138 530
32 137 530
38 136 530
64 135 530
79 115 530
94 113 530
95 103 530
102 99 530
103 98 530
108 102 530
110 101 530
113 75 530
125 100 530
16 108 533
23 107 533
55 106 533
84 105 533
85 104 533
89 103 533
98 0 533
123 102 533
124 101 533
125 100 533
129 99 533
136 98 533
140 97 533
145 96 533
2 149 534
39 138 534
51 137 534
55 136 534
60 135 534
65 115 534
79 113 534
88 103 534
98 75 534
112 102 534
124 101 534
131 100 534
141 99 534
145 98 534
2 109 536
11 108 536
12 107 536
16 106 536
17 105 536
18 103 536
61 102 536
66 101 536
67 100 536
71 99 536
102 75 536
116 98 536
129 97 536
130 96 536
26 109 540
31 108 540
36 107 540
49 106 540
55 105 540
71 103 540
95 102 540
100 97 540
102 96 540
105 75 540
115 101 540
121 100 540
127 99 540
142 98 540
10 100 542
10 101 542
14 98 542
14 99 542
35 95 542
35 96 542
44 101 542
44 75 542
64 99 542
64 100 542
67 96 542
67 98 542
78 75 542
78 95 542
5 102 545
6 101 545
20 100 545
50 99 545
57 98 545
81 75 545
107 97 545
108 85 545
118 83 545
124 82 545
125 81 545
126 80 545
127 79 545
130 78 545
14 108 547
16 107 547
25 106 547
33 105 547
52 104 547
53 103 547
57 102 547
61 101 547
67 100 547
85 99 547
90 98 547
100 0 547
122 97 547
139 96 547
5 110 551
7 109 551
29 108 551
60 107 551
71 106 551
74 104 551
82 103 551
83 102 551
91 101 551
96 100 551
105 99 551
120 98 551
121 97 551
135 75 551
29 100 552
29 101 552
30 98 552
30 99 552
36 96 552
36 97 552
46 101 552
46 75 552
59 99 552
59 100 552
112 97 552
112 98 552
145 75 552
145 96 552
46 129 554
65 128 554
67 127 554
68 126 554
72 125 554
97 124 554
101 98 554
109 123 554
113 103 554
124 75 554
135 102 554
138 101 554
141 100 554
148 99 554
5 149 597
7 138 597
14 137 597
18 136 597
41 135 597
52 115 597
64 113 597
68 103 597
89 102 597
99 75 597
109 101 597
114 100 597
141 99 597
147 98 597
2 101 615
2 102 615
37 99 615
37 100 615
45 97 615
45 98 615
62 102 615
62 75 615
75 97 615
75 98 615
77 100 615
77 101 615
127 75 615
127 99 615
26 111 641
31 110 641
32 109 641
36 108 641
42 107 641
54 105 641
69 104 641
73 103 641
77 102 641
100 97 641
104 75 641
120 100 641
126 99 641
143 98 641
44 102 643
44 103 643
71 100 643
71 101 643
77 98 643
77 99 643
91 103 643
91 75 643
102 75 643
102 98 643
127 101 643
127 102 643
135 99 643
135 100 643
22 111 645
24 110 645
35 109 645
45 108 645
52 107 645
93 105 645
111 75 645
113 104 645
117 103 645
120 102 645
135 100 645
136 99 645
139 98 645
149 97 645
29 109 648
35 108 648
51 107 648
66 106 648
68 105 648
77 103 648
86 102 648
93 101 648
97 96 648
99 75 648
113 100 648
127 99 648
128 98 648
147 97 648
13 100 651
13 101 651
29 98 651
29 99 651
37 95 651
37 96 651
64 101 651
64 75 651
107 99 651
107 100 651
120 96 651
120 98 651
145 75 651
145 95 651
39 108 655
47 107 655
51 106 655
60 105 655
67 104 655
68 103 655
76 102 655
91 101 655
107 0 655
110 100 655
114 99 655
119 98 655
123 97 655
135 96 655
17 129 656
26 128 656
30 127 656
33 126 656
38 125 656
67 124 656
69 123 656
81 103 656
92 102 656
116 101 656
124 98 656
125 75 656
133 100 656
137 99 656
1 148 657
2 147 657
7 145 657
10 142 657
11 140 657
13 139 657
14 138 657
20 136 657
22 135 657
26 133 657
29 132 657
30 131 657
32 122 657
33 34 657
35 32 657
37 31 657
43 119 657
47 117 657
48 116 657
49 111 657
52 106 657
54 28 657
63 105 657
67 102 657
69 101 657
70 100 657
76 99 657
77 98 657
81 27 657
84 97 657
85 96 657
88 95 657
90 25 657
91 94 657
100 24 657
101 23 657
102 21 657
103 93 657
105 20 657
106 19 657
108 92 657
109 90 657
112 83 657
115 81 657
118 74 657
122 17 657
123 65 657
124 54 657
127 37 657
130 36 657
134 35 657
136 15 657
138 14 657
142 13 657
148 0 657
150 33 657
1 129 658
28 128 658
29 127 658
38 126 658
55 125 658
62 124 658
78 123 658
96 103 658
115 102 658
129 75 658
130 101 658
131 100 658
140 99 658
150 98 658
8 108 661
11 107 661
24 106 661
30 105 661
74 104 661
78 103 661
79 102 661
84 101 661
92 100 661
101 96 661
102 0 661
119 99 661
123 98 661
135 97 661
1 129 662
7 128 662
32 127 662
51 126 662
67 125 662
69 124 662
79 123 662
85 103 662
89 102 662
97 101 662
115 100 662
116 99 662
117 98 662
125 75 662
1 148 665
4 147 665
7 145 665
10 142 665
12 140 665
15 139 665
16 138 665
17 136 665
18 135 665
19 133 665
21 132 665
28 131 665
32 31 665
35 28 665
39 122 665
40 119 665
42 117 665
43 116 665
46 111 665
48 106 665
49 105 665
50 102 665
55 101 665
57 100 665
64 99 665
67 98 665
69 97 665
71 96 665
74 27 665
75 95 665
77 94 665
80 93 665
81 25 665
84 92 665
88 90 665
90 24 665
93 23 665
97 21 665
98 20 665
99 19 665
103 83 665
107 81 665
108 74 665
109 65 665
115 54 665
116 17 665
117 15 665
122 14 665
124 37 665
130 36 665
131 13 665
135 0 665
137 35 665
141 34 665
144 33 665
146 32 665
12 101 668
12 102 668
28 99 668
28 100 668
51 97 668
51 98 668
68 102 668
68 75 668
76 100 668
76 101 668
99 75 668
99 97 668
106 98 668
106 99 668
6 110 669
37 109 669
44 108 669
47 107 669
52 106 669
65 104 669
76 103 669
84 102 669
124 101 669
125 100 669
135 99 669
138 98 669
142 97 669
149 75 669
5 129 670
13 128 670
16 127 670
30 126 670
57 125 670
68 124 670
76 123 670
83 103 670
96 102 670
102 75 670
105 101 670
117 100 670
133 99 670
147 98 670
2 148 675
7 147 675
8 145 675
14 142 675
16 140 675
18 139 675
20 138 675
22 136 675
33 135 675
36 33 675
39 133 675
40 132 675
43 131 675
45 122 675
47 119 675
52 117 675
53 116 675
54 32 675
57 111 675
59 106 675
60 105 675
66 102 675
71 101 675
72 100 675
73 99 675
79 98 675
80 97 675
81 31 675
84 96 675
85 95 675
88 94 675
91 93 675
92 28 675
95 27 675
97 25 675
98 24 675
99 23 675
100 21 675
102 20 675
109 92 675
114 90 675
119 19 675
120 83 675
121 81 675
123 74 675
126 65 675
129 54 675
131 17 675
133 15 675
134 37 675
136 14 675
142 13 675
143 36 675
145 0 675
149 35 675
150 34 675
0 148 676
7 147 676
10 145 676
11 142 676
15 140 676
18 139 676
19 138 676
25 136 676
27 135 676
30 133 676
33 132 676
34 33 676
37 32 676
38 131 676
39 122 676
40 119 676
41 117 676
45 116 676
49 111 676
54 31 676
55 106 676
61 105 676
63 102 676
64 101 676
65 28 676
66 100 676
69 99 676
70 98 676
73 97 676
75 96 676
79 95 676
80 94 676
81 27 676
82 93 676
84 92 676
85 90 676
86 83 676
88 81 676
90 25 676
93 24 676
96 23 676
100 21 676
101 20 676
107 74 676
112 65 676
118 54 676
119 19 676
122 17 676
123 37 676
124 36 676
135 15 676
136 14 676
139 13 676
148 0 676
149 35 676
150 34 676
4 148 682
5 147 682
6 145 682
7 142 682
8 140 682
10 139 682
13 138 682
19 136 682
20 135 682
27 133 682
30 132 682
32 131 682
35 36 682
38 122 682
39 119 682
42 117 682
47 116 682
49 111 682
54 34 682
56 106 682
65 33 682
66 105 682
67 102 682
69 101 682
70 100 682
72 99 682
73 98 682
76 97 682
77 96 682
80 95 682
82 94 682
83 32 682
87 93 682
89 92 682
92 31 682
93 28 682
94 27 682
97 25 682
101 24 682
102 23 682
105 21 682
107 90 682
110 83 682
111 20 682
115 81 682
116 19 682
119 17 682
128 74 682
129 65 682
130 54 682
132 15 682
138 14 682
142 13 682
148 0 682
149 37 682
150 35 682
4 101 683
4 102 683
9 99 683
9 100 683
36 97 683
36 98 683
68 102 683
68 75 683
78 100 683
78 101 683
111 98 683
111 99 683
114 75 683
114 97 683
1 148 684
3 147 684
6 145 684
10 142 684
12 140 684
18 139 684
21 138 684
30 136 684
32 135 684
35 36 684
36 34 684
38 133 684
40 132 684
41 131 684
46 122 684
48 119 684
59 117 684
61 116 684
67 111 684
71 106 684
73 105 684
75 102 684
80 101 684
82 100 684
83 33 684
85 99 684
86 98 684
87 97 684
88 96 684
90 32 684
92 31 684
95 28 684
98 27 684
105 25 684
111 24 684
112 95 684
113 94 684
114 93 684
117 23 684
120 92 684
121 90 684
124 83 684
125 81 684
126 74 684
128 65 684
129 54 684
130 37 684
131 21 684
132 20 684
135 19 684
136 17 684
138 15 684
141 35 684
145 14 684
147 13 684
148 0 684
2 148 685
3 147 685
8 145 685
11 142 685
17 140 685
23 139 685
26 138 685
27 136 685
29 135 685
30 133 685
35 31 685
37 28 685
40 132 685
41 131 685
46 122 685
47 119 685
49 117 685
56 116 685
59 111 685
63 106 685
64 105 685
65 27 685
68 102 685
70 101 685
72 100 685
73 99 685
77 98 685
82 97 685
83 25 685
85 96 685
88 95 685
89 94 685
93 24 685
94 23 685
96 21 685
101 20 685
102 19 685
103 93 685
104 92 685
106 17 685
107 90 685
110 83 685
112 81 685
115 74 685
117 15 685
119 14 685
120 65 685
121 54 685
123 37 685
124 36 685
127 35 685
129 34 685
131 13 685
135 0 685
149 33 685
150 32 685
0 102 690
4 101 690
9 100 690
11 99 690
13 98 690
24 97 690
96 85 690
99 75 690
112 83 690
118 82 690
129 81 690
135 80 690
139 79 690
149 78 690
5 129 691
36 128 691
38 127 691
71 126 691
83 125 691
92 124 691
94 123 691
97 103 691
106 102 691
109 101 691
111 100 691
121 99 691
144 98 691
147 75 691
3 102 692
21 101 692
22 100 692
24 99 692
30 98 692
52 97 692
78 75 692
89 85 692
109 83 692
122 82 692
138 81 692
144 80 692
149 79 692
150 78 692
0 111 693
13 110 693
34 109 693
50 108 693
55 107 693
58 105 693
88 104 693
89 103 693
93 102 693
99 98 693
104 97 693
111 75 693
126 100 693
130 99 693
5 129 696
33 128 696
52 127 696
65 126 696
69 125 696
77 124 696
83 123 696
91 103 696
107 102 696
115 101 696
138 100 696
144 99 696
148 98 696
150 75 696
14 109 697
18 108 697
40 107 697
56 106 697
68 105 697
79 103 697
83 102 697
93 101 697
99 75 697
127 100 697
129 99 697
130 98 697
134 97 697
135 96 697
1 129 698
3 128 698
6 127 698
8 126 698
17 125 698
35 124 698
59 123 698
61 103 698
73 102 698
99 98 698
117 101 698
119 100 698
125 75 698
143 99 698
15 108 699
18 107 699
19 106 699
20 105 699
52 104 699
54 103 699
66 102 699
76 101 699
95 100 699
110 99 699
122 98 699
123 97 699
130 96 699
133 0 699
3 129 702
18 128 702
25 127 702
42 126 702
47 125 702
67 124 702
78 123 702
81 103 702
85 102 702
88 101 702
108 100 702
133 99 702
137 98 702
140 75 702
8 129 703
10 128 703
11 127 703
50 126 703
55 125 703
69 124 703
70 123 703
73 103 703
92 102 703
101 98 703
123 75 703
130 101 703
139 100 703
140 99 703
23 100 704
23 101 704
88 98 704
88 99 704
100 75 704
100 96 704
103 96 704
103 97 704
141 101 704
141 75 704
143 99 704
143 100 704
144 97 704
144 98 704
1 100 705
1 101 705
26 98 705
26 99 705
33 95 705
33 96 705
86 101 705
86 75 705
91 99 705
91 100 705
114 96 705
114 98 705
148 75 705
148 95 705
2 100 709
2 101 709
14 98 709
14 99 709
48 96 709
48 97 709
55 101 709
55 75 709
57 99 709
57 100 709
95 97 709
95 98 709
135 75 709
135 96 709
1 148 710
3 147 710
4 145 710
7 142 710
11 140 710
12 139 710
13 138 710
14 136 710
16 135 710
17 133 710
20 132 710
22 131 710
23 122 710
25 119 710
32 25 710
33 24 710
34 23 710
37 21 710
40 117 710
41 116 710
42 111 710
47 106 710
48 105 710
51 102 710
63 101 710
64 100 710
68 99 710
71 98 710
72 97 710
73 96 710
77 95 710
78 94 710
79 93 710
84 92 710
85 90 710
86 83 710
88 81 710
101 20 710
105 19 710
106 17 710
108 74 710
112 65 710
118 54 710
120 37 710
123 36 710
125 35 710
126 34 710
128 33 710
130 32 710
133 15 710
134 31 710
136 14 710
139 13 710
142 0 710
146 28 710
150 27 710
47 102 711
47 103 711
67 100 711
67 101 711
76 98 711
76 99 711
78 103 711
78 75 711
104 101 711
104 102 711
110 99 711
110 100 711
137 75 711
137 98 711
26 102 716
26 103 716
42 100 716
42 101 716
52 98 716
52 99 716
91 103 716
91 75 716
93 101 716
93 102 716
134 99 716
134 100 716
135 75 716
135 98 716
56 102 736
57 101 736
67 100 736
72 99 736
73 98 736
80 78 736
91 97 736
92 85 736
98 75 736
109 83 736
125 82 736
126 81 736
134 80 736
140 79 736
1 108 742
31 107 742
44 106 742
46 105 742
49 104 742
59 103 742
78 102 742
92 101 742
114 100 742
125 99 742
145 98 742
148 97 742
149 96 742
150 0 742
0 108 767
2 107 767
20 106 767
28 105 767
37 104 767
38 103 767
43 102 767
99 0 767
117 101 767
128 100 767
129 99 767
136 98 767
137 97 767
144 96 767
1 108 774
3 107 774
14 106 774
20 105 774
22 104 774
33 103 774
34 102 774
49 101 774
71 100 774
78 99 774
83 98 774
91 97 774
128 96 774
147 0 774
4 108 780
10 107 780
12 106 780
27 105 780
29 104 780
31 103 780
47 102 780
63 101 780
78 100 780
84 99 780
91 98 780
107 0 780
115 97 780
137 96 780
13 108 781
38 107 781
46 106 781
47 105 781
53 104 781
64 103 781
67 102 781
76 101 781
82 100 781
87 99 781
106 0 781
113 98 781
121 97 781
143 96 781
0 109 782
7 108 782
13 107 782
15 106 782
56 105 782
58 103 782
64 102 782
74 101 782
90 100 782
111 99 782
118 98 782
134 97 782
138 96 782
145 75 782
