0 110 258
1 109 258
5 108 258
19 107 258
21 106 258
22 105 258
53 104 258
55 103 258
60 102 258
61 101 258
65 100 258
73 99 258
79 98 258
81 82 258
88 97 258
95 80 258
98 79 258
102 78 258
105 77 258
108 76 258
109 75 258
116 96 258
126 95 258
135 94 258
138 92 258
141 81 258
5 110 304
8 109 304
11 108 304
14 107 304
24 106 304
37 105 304
47 104 304
49 103 304
50 102 304
57 101 304
62 100 304
64 99 304
73 98 304
82 78 304
83 97 304
90 96 304
91 95 304
94 77 304
97 76 304
100 75 304
115 94 304
116 92 304
122 82 304
123 81 304
143 80 304
150 79 304
10 110 354
21 109 354
22 108 354
24 107 354
27 106 354
38 105 354
42 104 354
49 103 354
50 102 354
51 101 354
67 100 354
75 99 354
83 98 354
87 97 354
90 96 354
96 78 354
97 77 354
102 76 354
110 75 354
111 95 354
112 94 354
124 92 354
127 82 354
130 81 354
136 80 354
149 79 354
2 110 360
3 109 360
11 108 360
19 107 360
30 106 360
43 105 360
50 104 360
51 103 360
54 102 360
60 101 360
66 100 360
73 99 360
79 98 360
80 81 360
82 79 360
84 97 360
85 96 360
89 95 360
93 94 360
95 78 360
102 77 360
104 76 360
110 75 360
117 92 360
131 82 360
142 80 360
2 110 389
4 109 389
5 108 389
13 107 389
14 106 389
20 105 389
27 104 389
41 103 389
44 102 389
46 101 389
54 100 389
60 99 389
68 98 389
71 97 389
88 96 389
89 95 389
91 94 389
102 76 389
106 75 389
111 92 389
116 82 389
119 81 389
121 80 389
130 79 389
140 78 389
150 77 389
1 110 394
2 109 394
4 108 394
17 107 394
19 106 394
20 105 394
29 104 394
30 103 394
41 102 394
46 101 394
48 100 394
53 99 394
60 98 394
61 97 394
65 96 394
87 95 394
93 94 394
96 79 394
97 78 394
100 77 394
103 76 394
107 75 394
112 92 394
117 82 394
146 81 394
150 80 394
3 110 452
13 109 452
15 108 452
18 107 452
22 106 452
30 105 452
42 104 452
44 103 452
50 102 452
52 101 452
58 100 452
64 99 452
67 98 452
72 97 452
74 96 452
81 79 452
86 95 452
95 78 452
96 77 452
105 76 452
106 75 452
112 94 452
134 92 452
141 82 452
142 81 452
143 80 452
4 110 459
8 109 459
9 108 459
16 107 459
17 106 459
21 105 459
34 104 459
37 103 459
38 102 459
41 101 459
43 100 459
50 99 459
61 98 459
66 97 459
85 96 459
89 95 459
93 94 459
96 75 459
118 92 459
121 82 459
122 81 459
124 80 459
126 79 459
127 78 459
129 77 459
149 76 459
8 110 489
17 109 489
19 108 489
35 107 489
40 106 489
42 105 489
44 104 489
72 103 489
73 102 489
74 101 489
83 100 489
90 99 489
92 78 489
99 77 489
102 76 489
104 75 489
112 98 489
117 97 489
119 96 489
129 95 489
137 94 489
139 92 489
140 82 489
142 81 489
144 80 489
148 79 489
1 110 519
5 109 519
15 108 519
16 107 519
25 106 519
34 105 519
36 104 519
44 103 519
57 102 519
64 101 519
69 100 519
75 99 519
77 98 519
81 80 519
93 97 519
94 79 519
99 78 519
102 77 519
108 76 519
109 75 519
122 96 519
126 95 519
127 94 519
140 92 519
141 82 519
144 81 519
2 110 530
5 109 530
20 108 530
24 107 530
27 106 530
32 105 530
39 104 530
42 103 530
44 102 530
47 101 530
48 100 530
54 99 530
61 98 530
67 97 530
69 96 530
73 95 530
80 77 530
90 94 530
91 92 530
98 76 530
99 75 530
124 82 530
136 81 530
144 80 530
147 79 530
148 78 530
6 110 540
8 109 540
21 108 540
22 107 540
40 106 540
41 105 540
53 104 540
57 103 540
61 102 540
62 101 540
80 77 540
87 100 540
90 99 540
91 98 540
100 76 540
106 75 540
120 97 540
122 96 540
123 95 540
125 94 540
126 92 540
129 82 540
134 81 540
141 80 540
148 79 540
150 78 540
11 110 655
16 109 655
21 108 655
32 107 655
37 106 655
49 105 655
51 104 655
54 103 655
58 102 655
60 101 655
62 100 655
68 99 655
71 98 655
80 78 655
82 77 655
84 97 655
85 96 655
94 76 655
100 75 655
115 95 655
118 94 655
119 92 655
128 82 655
136 81 655
139 80 655
148 79 655
0 110 657
9 109 657
12 108 657
20 107 657
22 106 657
23 105 657
26 104 657
28 103 657
29 102 657
42 101 657
47 100 657
55 99 657
71 98 657
74 97 657
87 96 657
92 80 657
94 79 657
100 78 657
106 77 657
109 76 657
110 75 657
120 95 657
130 94 657
133 92 657
135 82 657
137 81 657
1 110 665
7 109 665
13 108 665
22 107 665
25 106 665
26 105 665
29 104 665
42 103 665
47 102 665
50 101 665
58 100 665
81 80 665
87 99 665
89 98 665
92 79 665
103 78 665
105 77 665
107 76 665
108 75 665
116 97 665
117 96 665
122 95 665
127 94 665
134 92 665
144 82 665
147 81 665
1 110 692
6 109 692
8 108 692
9 107 692
12 106 692
16 105 692
22 104 692
29 103 692
30 102 692
38 101 692
40 100 692
42 99 692
61 98 692
70 97 692
79 78 692
81 77 692
85 96 692
96 76 692
101 75 692
113 95 692
119 94 692
137 92 692
138 82 692
144 81 692
146 80 692
148 79 692
1 110 696
7 109 696
8 108 696
23 107 696
28 106 696
40 105 696
46 104 696
73 103 696
78 102 696
80 79 696
82 78 696
85 101 696
104 77 696
105 76 696
107 75 696
112 100 696
117 99 696
120 98 696
123 97 696
125 96 696
126 95 696
127 94 696
138 92 696
142 82 696
147 81 696
148 80 696
3 110 697
5 109 697
6 108 697
8 107 697
9 106 697
21 105 697
23 104 697
24 103 697
34 102 697
40 101 697
53 100 697
59 99 697
65 98 697
68 97 697
73 96 697
92 75 697
112 95 697
115 94 697
121 92 697
123 82 697
131 81 697
132 80 697
135 79 697
142 78 697
143 77 697
150 76 697
5 110 703
10 109 703
14 108 703
28 107 703
34 106 703
41 105 703
52 104 703
69 103 703
71 102 703
73 101 703
78 79 703
87 100 703
90 99 703
91 98 703
94 77 703
97 76 703
105 75 703
115 97 703
119 96 703
123 95 703
124 94 703
126 92 703
131 82 703
132 81 703
135 80 703
139 78 703
0 110 710
1 109 710
11 108 710
13 107 710
25 106 710
27 105 710
35 104 710
38 103 710
42 102 710
59 101 710
61 100 710
81 78 710
83 99 710
84 98 710
91 97 710
93 96 710
96 77 710
98 76 710
110 75 710
116 95 710
121 94 710
137 92 710
138 82 710
146 81 710
149 80 710
150 79 710
