8 104 23
11 103 23
40 102 23
49 101 23
68 100 23
71 99 23
89 98 23
109 97 23
136 96 23
141 75 23
17 111 54
33 110 54
62 99 54
72 98 54
96 0 54
106 97 54
126 96 54
132 95 54
137 94 54
139 92 54
21 104 136
43 103 136
46 102 136
58 101 136
59 100 136
69 99 136
77 98 136
108 97 136
111 96 136
139 75 136
12 104 149
21 103 149
23 102 149
31 101 149
38 100 149
42 99 149
73 98 149
74 97 149
140 96 149
143 75 149
0 104 157
18 103 157
28 102 157
33 101 157
36 100 157
47 99 157
53 98 157
125 97 157
138 96 157
150 75 157
2 104 161
13 103 161
19 102 161
41 101 161
44 100 161
65 99 161
67 98 161
70 97 161
92 96 161
149 75 161
3 109 163
11 108 163
35 107 163
49 106 163
51 105 163
59 99 163
95 98 163
133 97 163
136 96 163
147 0 163
69 98 167
69 99 167
84 96 167
84 97 167
100 99 167
100 75 167
115 97 167
115 98 167
129 75 167
129 96 167
0 104 181
2 103 181
11 102 181
63 101 181
64 100 181
65 99 181
76 98 181
79 97 181
92 96 181
100 75 181
18 98 196
18 99 196
21 96 196
21 97 196
115 99 196
115 75 196
117 97 196
117 98 196
130 75 196
130 96 196
26 98 198
26 99 198
40 96 198
40 97 198
52 99 198
52 75 198
117 97 198
117 98 198
121 75 198
121 96 198
65 98 203
65 99 203
115 96 203
115 97 203
116 99 203
116 75 203
136 97 203
136 98 203
138 75 203
138 96 203
18 98 204
18 99 204
85 96 204
85 97 204
90 99 204
90 75 204
108 97 204
108 98 204
125 75 204
125 96 204
2 98 205
2 99 205
16 96 205
16 97 205
50 99 205
50 75 205
51 97 205
51 98 205
95 75 205
95 96 205
9 98 207
9 99 207
23 96 207
23 97 207
63 99 207
63 75 207
90 97 207
90 98 207
148 75 207
148 96 207
56 98 209
56 99 209
68 96 209
68 97 209
81 99 209
81 75 209
118 97 209
118 98 209
150 75 209
150 96 209
4 104 213
21 103 213
28 102 213
35 101 213
39 100 213
41 99 213
62 98 213
77 97 213
123 96 213
128 75 213
6 111 226
21 110 226
59 99 226
64 98 226
78 97 226
83 96 226
114 95 226
119 94 226
135 92 226
144 75 226
7 111 230
40 110 230
46 99 230
55 98 230
71 97 230
89 96 230
93 95 230
108 94 230
148 92 230
150 0 230
10 98 233
10 99 233
36 96 233
36 97 233
106 99 233
106 75 233
108 97 233
108 98 233
136 75 233
136 96 233
29 98 235
29 99 235
70 96 235
70 97 235
104 99 235
104 75 235
106 97 235
106 98 235
110 75 235
110 96 235
48 98 239
48 99 239
78 96 239
78 97 239
94 99 239
94 75 239
97 75 239
97 96 239
135 97 239
135 98 239
34 135 248
38 134 248
39 114 248
74 113 248
75 97 248
87 112 248
90 100 248
102 99 248
108 98 248
129 75 248
14 105 249
21 101 249
25 100 249
61 99 249
63 98 249
84 96 249
112 95 249
115 94 249
125 76 249
148 75 249
44 98 251
44 99 251
68 96 251
68 97 251
85 99 251
85 75 251
104 97 251
104 98 251
149 75 251
149 96 251
17 104 256
65 103 256
79 102 256
115 101 256
116 100 256
120 99 256
130 98 256
132 97 256
134 96 256
139 75 256
5 135 258
6 134 258
51 114 258
52 113 258
104 112 258
106 100 258
115 99 258
116 98 258
124 97 258
150 75 258
11 104 264
13 103 264
32 102 264
43 101 264
69 100 264
81 99 264
98 75 264
126 98 264
131 97 264
139 96 264
15 105 268
29 101 268
32 100 268
73 99 268
82 98 268
94 75 268
103 96 268
116 95 268
120 94 268
145 76 268
1 135 270
5 134 270
22 114 270
24 113 270
33 112 270
37 100 270
99 75 270
140 99 270
145 98 270
148 97 270
6 135 275
34 134 275
51 114 275
55 113 275
66 112 275
83 100 275
100 75 275
128 99 275
142 98 275
143 97 275
12 135 277
33 134 277
37 114 277
42 113 277
54 112 277
56 100 277
67 99 277
91 98 277
100 75 277
109 97 277
18 104 280
21 103 280
34 102 280
60 101 280
79 100 280
86 99 280
109 98 280
132 97 280
134 96 280
137 75 280
9 99 291
9 100 291
100 75 291
100 97 291
116 97 291
116 98 291
141 100 291
141 75 291
144 98 291
144 99 291
20 105 298
49 101 298
69 100 298
101 75 298
113 99 298
116 98 298
125 96 298
132 95 298
136 94 298
142 76 298
31 137 304
39 136 304
47 135 304
53 116 304
79 114 304
95 101 304
106 99 304
109 98 304
118 97 304
130 75 304
11 100 309
24 99 309
28 98 309
41 97 309
46 81 309
60 80 309
82 79 309
119 78 309
125 77 309
134 75 309
20 106 310
27 104 310
38 103 310
62 102 310
82 101 310
84 100 310
93 99 310
100 75 310
120 98 310
129 97 310
0 111 314
22 110 314
25 99 314
43 98 314
54 97 314
68 96 314
89 95 314
116 94 314
119 92 314
136 75 314
56 100 315
61 99 315
68 98 315
71 97 315
72 81 315
101 80 315
108 79 315
115 78 315
119 77 315
129 75 315
10 105 321
27 101 321
29 100 321
71 99 321
75 98 321
84 96 321
99 75 321
113 95 321
126 94 321
131 76 321
3 135 323
4 134 323
6 114 323
30 113 323
37 112 323
40 100 323
81 99 323
84 98 323
86 97 323
94 75 323
0 111 327
1 110 327
26 99 327
49 98 327
59 97 327
99 0 327
126 96 327
130 95 327
135 94 327
141 92 327
3 105 328
21 101 328
32 100 328
50 99 328
68 98 328
69 96 328
75 76 328
90 95 328
113 94 328
145 75 328
10 105 329
29 101 329
36 100 329
40 99 329
41 98 329
54 96 329
86 95 329
115 94 329
132 76 329
137 75 329
2 100 338
6 99 338
10 98 338
15 97 338
86 81 338
89 80 338
91 79 338
95 78 338
105 77 338
126 75 338
13 100 341
49 99 341
54 98 341
55 97 341
73 81 341
79 75 341
83 80 341
141 79 341
143 78 341
147 77 341
1 135 342
7 134 342
18 114 342
28 113 342
31 112 342
43 100 342
52 99 342
58 98 342
85 97 342
100 75 342
34 100 351
46 99 351
52 98 351
69 97 351
78 75 351
91 81 351
95 80 351
129 79 351
130 78 351
149 77 351
27 149 352
48 136 352
56 135 352
61 115 352
71 113 352
85 101 352
99 100 352
107 98 352
108 97 352
129 75 352
1 105 353
10 103 353
11 102 353
70 101 353
85 100 353
86 99 353
124 98 353
127 97 353
140 96 353
146 75 353
6 137 354
7 136 354
10 135 354
17 115 354
27 114 354
31 112 354
33 105 354
44 103 354
50 101 354
53 100 354
87 99 354
98 97 354
104 96 354
112 75 354
114 74 354
116 95 354
122 93 354
124 92 354
147 91 354
149 89 354
43 99 357
43 100 357
91 97 357
91 98 357
96 100 357
96 75 357
129 98 357
129 99 357
134 75 357
134 97 357
5 149 360
12 136 360
21 135 360
34 115 360
47 113 360
71 101 360
80 100 360
106 98 360
119 97 360
128 75 360
0 95 361
0 96 361
5 106 361
8 105 361
12 76 361
12 94 361
15 104 361
17 103 361
35 102 361
52 101 361
70 100 361
80 99 361
108 101 361
108 75 361
113 99 361
113 100 361
118 75 361
118 98 361
124 98 361
134 97 361
10 100 368
14 99 368
45 98 368
51 97 368
71 81 368
81 75 368
109 80 368
123 79 368
132 78 368
144 77 368
1 104 370
25 103 370
30 102 370
32 101 370
57 100 370
71 99 370
105 98 370
125 97 370
127 96 370
150 75 370
11 104 372
13 103 372
44 102 372
52 101 372
69 100 372
91 99 372
92 98 372
99 96 372
104 75 372
150 97 372
12 95 373
12 96 373
39 106 373
41 76 373
41 94 373
50 105 373
72 104 373
83 103 373
95 102 373
99 97 373
107 101 373
108 100 373
111 101 373
111 75 373
117 99 373
130 99 373
130 100 373
139 98 373
143 75 373
143 98 373
25 104 376
48 103 376
57 102 376
72 101 376
79 100 376
89 99 376
91 98 376
93 97 376
126 96 376
134 75 376
8 105 381
13 103 381
68 102 381
70 101 381
84 100 381
96 75 381
113 99 381
120 98 381
130 97 381
145 96 381
23 111 382
33 110 382
47 109 382
49 107 382
65 106 382
85 105 382
98 103 382
104 102 382
119 101 382
147 95 382
21 138 383
33 137 383
35 136 383
60 135 383
67 116 383
70 112 383
97 111 383
123 110 383
139 109 383
148 75 383
45 135 384
46 134 384
47 114 384
63 113 384
64 112 384
84 100 384
90 99 384
112 75 384
115 98 384
140 97 384
8 104 385
15 103 385
29 102 385
37 101 385
42 100 385
43 99 385
44 98 385
102 75 385
107 97 385
115 96 385
27 104 388
42 103 388
48 102 388
55 101 388
67 100 388
91 99 388
97 75 388
126 98 388
128 97 388
147 96 388
12 100 389
30 99 389
45 98 389
68 97 389
81 75 389
82 81 389
83 80 389
123 79 389
125 78 389
141 77 389
16 106 390
21 104 390
22 103 390
54 102 390
57 101 390
82 100 390
87 99 390
113 98 390
118 97 390
139 75 390
14 111 391
41 110 391
76 109 391
81 107 391
84 106 391
87 105 391
113 103 391
135 102 391
141 101 391
143 95 391
2 111 395
37 110 395
52 99 395
81 98 395
85 97 395
93 96 395
98 75 395
134 95 395
143 94 395
146 92 395
7 135 401
36 134 401
38 114 401
61 113 401
63 112 401
83 100 401
91 99 401
107 98 401
129 97 401
150 75 401
11 106 430
28 104 430
79 103 430
81 102 430
89 101 430
96 100 430
101 75 430
117 99 430
141 98 430
148 97 430
13 105 431
15 103 431
17 102 431
26 101 431
49 100 431
50 99 431
65 98 431
88 97 431
111 96 431
131 75 431
0 100 433
12 99 433
15 98 433
38 97 433
51 81 433
68 80 433
74 79 433
75 77 433
106 78 433
144 75 433
6 137 435
19 136 435
20 135 435
29 115 435
41 114 435
46 112 435
52 105 435
55 103 435
56 101 435
64 100 435
65 99 435
78 97 435
80 96 435
83 95 435
84 93 435
105 74 435
108 92 435
124 91 435
128 89 435
142 75 435
26 104 437
37 102 437
41 101 437
74 100 437
80 99 437
85 98 437
92 97 437
108 96 437
128 95 437
142 0 437
25 137 438
55 136 438
69 135 438
80 116 438
88 114 438
98 99 438
100 101 438
134 98 438
135 97 438
137 75 438
1 100 442
36 99 442
57 98 442
71 97 442
72 81 442
75 77 442
86 80 442
89 79 442
111 78 442
115 75 442
11 106 443
61 104 443
70 103 443
90 102 443
98 97 443
101 75 443
105 101 443
107 100 443
115 99 443
148 98 443
1 137 445
7 136 445
11 135 445
25 116 445
36 114 445
47 101 445
104 99 445
137 75 445
143 98 445
148 97 445
13 104 446
15 103 446
33 102 446
71 101 446
74 100 446
84 99 446
86 98 446
94 97 446
105 96 446
138 75 446
1 98 449
1 99 449
9 96 449
9 97 449
33 99 449
33 75 449
93 97 449
93 98 449
150 75 449
150 96 449
18 138 451
36 137 451
39 136 451
40 135 451
58 116 451
66 112 451
74 111 451
83 110 451
102 109 451
126 75 451
12 149 452
19 136 452
27 135 452
31 115 452
44 113 452
67 105 452
74 104 452
78 103 452
80 102 452
94 101 452
98 94 452
99 92 452
102 76 452
105 75 452
117 100 452
120 99 452
122 98 452
131 97 452
134 96 452
145 95 452
15 138 453
33 137 453
41 136 453
60 135 453
73 116 453
100 112 453
117 111 453
141 110 453
145 109 453
147 75 453
0 105 456
5 103 456
6 102 456
39 101 456
46 100 456
109 99 456
128 98 456
133 97 456
134 96 456
135 75 456
13 105 457
22 103 457
33 102 457
37 101 457
39 100 457
44 99 457
71 98 457
97 96 457
101 75 457
140 97 457
3 149 458
8 136 458
12 135 458
16 115 458
26 113 458
38 105 458
40 104 458
47 103 458
57 102 458
65 101 458
82 100 458
88 99 458
90 98 458
102 75 458
109 97 458
116 96 458
125 95 458
130 94 458
132 92 458
146 76 458
20 149 461
25 136 461
26 135 461
39 115 461
70 113 461
72 101 461
77 100 461
121 98 461
127 97 461
136 75 461
38 95 462
38 96 462
46 106 462
62 105 462
66 104 462
67 103 462
78 102 462
80 101 462
83 76 462
83 94 462
84 101 462
84 75 462
95 100 462
111 99 462
111 100 462
117 99 462
131 98 462
132 97 462
141 75 462
141 98 462
4 137 463
22 136 463
34 135 463
62 116 463
76 114 463
83 101 463
109 99 463
114 75 463
130 98 463
138 97 463
9 111 464
45 110 464
74 109 464
105 102 464
109 101 464
111 95 464
114 107 464
123 106 464
130 105 464
138 103 464
9 138 468
18 137 468
36 136 468
38 135 468
45 116 468
55 112 468
75 109 468
88 111 468
94 110 468
124 75 468
3 111 469
18 110 469
20 109 469
34 107 469
66 106 469
80 105 469
87 103 469
113 102 469
128 101 469
139 95 469
5 149 470
16 136 470
19 135 470
37 115 470
43 113 470
48 105 470
51 104 470
60 103 470
71 102 470
74 101 470
80 100 470
83 99 470
85 98 470
88 97 470
93 96 470
108 95 470
118 94 470
126 92 470
131 76 470
144 75 470
15 98 472
15 99 472
42 96 472
42 97 472
53 99 472
53 75 472
78 97 472
78 98 472
100 75 472
100 96 472
5 100 475
39 99 475
61 98 475
85 97 475
91 81 475
96 80 475
122 79 475
137 78 475
141 77 475
150 75 475
4 106 476
26 95 476
26 96 476
27 105 476
42 104 476
45 76 476
45 94 476
54 101 476
54 75 476
67 103 476
79 99 476
79 100 476
118 102 476
120 101 476
127 100 476
134 99 476
137 98 476
139 75 476
139 98 476
150 97 476
6 149 478
17 136 478
23 135 478
32 115 478
61 113 478
66 101 478
75 100 478
93 98 478
98 75 478
145 97 478
20 106 483
47 104 483
81 103 483
88 102 483
93 101 483
95 100 483
102 75 483
116 99 483
118 98 483
133 97 483
1 111 484
3 110 484
10 99 484
27 98 484
58 97 484
60 96 484
61 95 484
128 94 484
138 92 484
150 75 484
1 149 489
3 136 489
8 135 489
46 115 489
49 113 489
57 105 489
63 104 489
64 103 489
69 102 489
80 101 489
85 100 489
87 99 489
95 92 489
102 76 489
117 98 489
123 97 489
130 96 489
136 75 489
140 95 489
146 94 489
6 99 491
6 100 491
93 97 491
93 98 491
98 75 491
98 97 491
146 100 491
146 75 491
150 98 491
150 99 491
14 149 492
17 136 492
18 135 492
21 115 492
44 113 492
55 105 492
59 104 492
61 103 492
64 102 492
75 101 492
76 100 492
77 99 492
78 98 492
79 97 492
93 96 492
98 76 492
105 75 492
110 95 492
124 94 492
129 92 492
5 149 495
33 136 495
57 135 495
67 115 495
89 113 495
91 101 495
112 100 495
119 98 495
123 97 495
136 75 495
42 98 497
42 99 497
57 96 497
57 97 497
66 99 497
66 75 497
96 97 497
96 98 497
98 75 497
98 96 497
0 104 501
7 102 501
19 101 501
34 100 501
90 99 501
96 0 501
106 98 501
114 97 501
140 96 501
144 95 501
0 104 502
28 103 502
46 102 502
53 101 502
55 100 502
77 99 502
82 98 502
95 97 502
122 96 502
126 75 502
18 99 503
18 100 503
22 97 503
22 98 503
47 100 503
47 75 503
59 98 503
59 99 503
150 75 503
150 97 503
2 137 505
9 136 505
19 135 505
71 116 505
82 114 505
97 75 505
102 101 505
104 99 505
142 98 505
144 97 505
9 99 508
9 100 508
24 97 508
24 98 508
69 100 508
69 75 508
87 97 508
87 99 508
97 75 508
97 98 508
56 98 509
56 99 509
66 96 509
66 97 509
74 99 509
74 75 509
75 96 509
75 97 509
148 75 509
148 98 509
5 99 510
5 100 510
25 97 510
25 98 510
31 100 510
31 75 510
72 98 510
72 99 510
146 75 510
146 97 510
10 99 511
10 100 511
36 97 511
36 98 511
75 97 511
75 99 511
97 75 511
97 98 511
117 100 511
117 75 511
21 149 512
32 136 512
34 135 512
38 115 512
54 113 512
82 101 512
92 100 512
112 98 512
126 97 512
143 75 512
0 149 515
9 136 515
20 135 515
21 115 515
33 113 515
34 105 515
35 104 515
42 103 515
44 102 515
52 101 515
55 100 515
59 99 515
61 98 515
64 97 515
72 96 515
82 95 515
95 75 515
106 94 515
125 92 515
129 76 515
45 137 517
49 136 517
71 135 517
76 116 517
91 114 517
105 101 517
109 99 517
129 98 517
144 97 517
148 75 517
5 111 518
26 110 518
35 109 518
47 107 518
65 106 518
73 105 518
78 103 518
108 102 518
121 101 518
129 95 518
6 137 519
16 136 519
20 135 519
24 115 519
32 114 519
40 112 519
44 105 519
50 103 519
56 101 519
58 100 519
62 99 519
75 89 519
77 97 519
93 74 519
122 96 519
123 95 519
129 93 519
144 92 519
146 91 519
147 75 519
7 105 523
14 101 523
23 100 523
80 99 523
85 98 523
93 96 523
108 95 523
122 94 523
144 76 523
148 75 523
30 104 528
39 103 528
91 102 528
93 101 528
103 75 528
117 100 528
121 99 528
125 98 528
129 97 528
133 96 528
3 111 529
4 110 529
6 99 529
23 98 529
70 97 529
113 96 529
115 95 529
125 94 529
141 92 529
150 0 529
9 137 530
13 136 530
20 135 530
32 116 530
38 114 530
39 101 530
70 99 530
90 98 530
98 75 530
140 97 530
64 111 531
76 110 531
108 99 531
110 75 531
125 98 531
126 97 531
127 96 531
141 95 531
142 94 531
145 92 531
0 104 533
11 103 533
12 102 533
13 101 533
49 100 533
79 99 533
99 96 533
101 75 533
122 98 533
130 97 533
26 137 534
27 136 534
45 135 534
47 115 534
48 114 534
55 112 534
70 105 534
85 103 534
96 75 534
104 101 534
115 74 534
116 100 534
118 99 534
120 97 534
129 96 534
134 95 534
140 93 534
141 92 534
143 91 534
144 89 534
13 111 535
18 110 535
21 109 535
28 107 535
53 106 535
59 105 535
60 103 535
63 102 535
98 101 535
101 95 535
29 105 536
33 103 536
36 102 536
115 101 536
117 100 536
121 99 536
124 98 536
140 97 536
144 96 536
145 75 536
2 111 537
45 110 537
55 99 537
60 98 537
68 97 537
81 96 537
91 95 537
102 94 537
109 92 537
130 75 537
1 100 540
12 99 540
13 97 540
36 96 540
69 94 540
79 92 540
95 91 540
137 90 540
141 89 540
142 88 540
6 98 542
6 99 542
10 96 542
10 97 542
11 99 542
11 75 542
20 97 542
20 98 542
44 75 542
44 96 542
1 106 545
36 104 545
47 103 545
50 102 545
53 101 545
64 100 545
75 97 545
77 99 545
84 98 545
87 75 545
7 98 546
7 99 546
38 96 546
38 97 546
54 99 546
54 75 546
111 97 546
111 98 546
136 75 546
136 96 546
24 104 547
28 103 547
44 102 547
81 101 547
101 75 547
118 100 547
125 99 547
141 98 547
145 97 547
150 96 547
8 111 548
21 110 548
28 99 548
46 98 548
57 97 548
65 96 548
111 75 548
116 95 548
118 94 548
129 92 548
20 95 551
20 96 551
28 106 551
36 76 551
36 94 551
39 105 551
41 104 551
56 101 551
56 75 551
61 103 551
64 99 551
64 100 551
65 102 551
66 75 551
66 98 551
73 101 551
120 100 551
125 99 551
128 98 551
134 97 551
1 104 552
20 103 552
42 102 552
56 101 552
73 100 552
75 96 552
107 99 552
118 98 552
132 97 552
144 75 552
38 104 553
49 103 553
61 102 553
94 101 553
112 100 553
116 99 553
119 98 553
138 97 553
144 96 553
150 75 553
5 104 590
31 103 590
38 102 590
84 101 590
85 100 590
98 97 590
99 96 590
104 75 590
111 99 590
117 98 590
3 104 597
21 103 597
29 102 597
35 101 597
73 100 597
80 99 597
97 96 597
103 75 597
122 98 597
134 97 597
9 100 604
25 99 604
36 97 604
67 96 604
76 94 604
94 88 604
125 92 604
126 91 604
136 90 604
149 89 604
26 111 612
40 110 612
41 109 612
42 107 612
55 106 612
89 105 612
91 103 612
95 101 612
98 102 612
108 95 612
5 104 615
11 103 615
13 102 615
36 101 615
69 100 615
83 99 615
93 98 615
104 75 615
109 97 615
142 96 615
6 109 622
19 108 622
49 107 622
58 106 622
104 105 622
107 0 622
117 99 622
129 98 622
130 97 622
146 96 622
0 149 628
23 136 628
46 135 628
60 115 628
65 113 628
94 101 628
95 100 628
120 98 628
125 97 628
132 75 628
2 104 643
72 103 643
80 102 643
103 75 643
118 101 643
127 100 643
131 99 643
137 98 643
140 97 643
143 96 643
30 137 644
34 136 644
44 135 644
67 116 644
114 97 644
120 114 644
129 101 644
130 99 644
136 75 644
141 98 644
6 109 648
18 108 648
20 107 648
57 106 648
66 105 648
68 99 648
74 98 648
90 97 648
135 96 648
136 0 648
30 100 649
33 99 649
42 97 649
48 96 649
60 94 649
62 92 649
71 91 649
112 90 649
147 89 649
149 88 649
15 135 650
17 134 650
50 114 650
55 113 650
63 112 650
64 100 650
74 99 650
110 98 650
119 97 650
149 75 650
5 104 651
12 102 651
24 101 651
30 100 651
46 99 651
92 98 651
93 97 651
99 0 651
110 96 651
142 95 651
9 98 655
9 99 655
50 96 655
50 97 655
57 99 655
57 75 655
66 97 655
66 98 655
133 75 655
133 96 655
19 111 656
33 110 656
52 99 656
78 98 656
91 97 656
97 75 656
123 96 656
132 95 656
141 94 656
145 92 656
6 148 657
10 147 657
13 146 657
14 80 657
14 0 657
21 145 657
22 144 657
24 140 657
25 78 657
25 79 657
30 139 657
31 138 657
34 14 657
34 15 657
38 1 657
38 2 657
41 136 657
42 135 657
45 133 657
46 132 657
48 131 657
49 130 657
52 128 657
55 127 657
63 126 657
65 125 657
70 124 657
81 122 657
85 121 657
91 111 657
93 110 657
95 78 657
96 77 657
98 105 657
100 104 657
101 76 657
102 74 657
106 102 657
107 101 657
109 99 657
110 48 657
111 47 657
112 96 657
113 95 657
115 92 657
117 89 657
122 76 657
122 77 657
126 42 657
130 41 657
131 32 657
132 29 657
135 27 657
136 26 657
137 82 657
142 80 657
143 79 657
145 25 657
147 24 657
148 16 657
9 149 658
23 136 658
26 135 658
27 115 658
36 113 658
37 105 658
39 104 658
53 103 658
62 102 658
66 101 658
83 100 658
90 99 658
93 98 658
95 92 658
99 76 658
106 97 658
115 75 658
117 96 658
122 95 658
134 94 658
7 105 662
8 103 662
31 102 662
40 101 662
73 100 662
89 99 662
117 98 662
126 97 662
128 96 662
139 75 662
1 148 665
4 147 665
8 146 665
10 145 665
13 144 665
14 140 665
18 139 665
19 138 665
23 136 665
24 135 665
26 133 665
28 132 665
31 131 665
39 130 665
45 128 665
46 127 665
47 126 665
49 125 665
52 14 665
52 15 665
55 124 665
60 122 665
61 121 665
65 111 665
68 1 665
68 2 665
69 110 665
70 105 665
72 80 665
72 0 665
73 104 665
76 102 665
78 79 665
81 101 665
85 99 665
87 96 665
92 77 665
97 78 665
97 79 665
101 76 665
104 74 665
108 95 665
110 48 665
111 47 665
117 92 665
121 42 665
125 41 665
126 32 665
128 29 665
129 89 665
130 27 665
133 76 665
133 77 665
137 82 665
143 80 665
145 26 665
146 25 665
147 24 665
148 16 665
149 78 665
7 111 668
11 110 668
38 99 668
54 98 668
65 97 668
110 0 668
112 96 668
131 95 668
136 94 668
139 92 668
3 106 669
8 104 669
25 103 669
45 102 669
110 101 669
112 100 669
126 99 669
129 98 669
134 97 669
148 75 669
10 104 670
31 103 670
34 102 670
41 101 670
44 100 670
49 99 670
101 75 670
106 98 670
125 97 670
128 96 670
21 106 671
58 104 671
63 103 671
76 102 671
82 101 671
87 100 671
88 99 671
94 98 671
101 75 671
150 97 671
22 105 675
31 101 675
52 100 675
66 99 675
69 98 675
71 96 675
84 95 675
105 75 675
109 94 675
117 76 675
27 100 677
59 99 677
64 97 677
77 96 677
84 94 677
91 88 677
102 92 677
111 91 677
131 90 677
135 89 677
37 104 678
40 103 678
42 102 678
56 101 678
76 100 678
87 99 678
103 75 678
110 98 678
145 97 678
148 96 678
21 98 679
21 99 679
29 96 679
29 97 679
91 99 679
91 75 679
103 97 679
103 98 679
104 75 679
104 96 679
3 148 682
4 147 682
10 146 682
11 145 682
13 144 682
18 140 682
21 139 682
24 80 682
24 0 682
26 138 682
27 136 682
30 135 682
34 133 682
35 132 682
37 131 682
39 130 682
40 128 682
41 127 682
42 126 682
46 125 682
51 124 682
57 122 682
59 14 682
59 15 682
63 121 682
68 1 682
68 2 682
71 111 682
73 110 682
74 105 682
75 104 682
77 102 682
78 101 682
82 78 682
86 99 682
95 77 682
97 96 682
100 95 682
102 76 682
109 92 682
111 74 682
118 89 682
119 82 682
122 78 682
122 79 682
125 76 682
125 77 682
126 48 682
129 80 682
131 47 682
132 42 682
133 41 682
135 32 682
136 29 682
137 79 682
138 27 682
139 26 682
140 25 682
145 24 682
146 16 682
8 137 683
14 136 683
15 135 683
22 115 683
43 114 683
48 112 683
49 105 683
54 103 683
70 101 683
73 100 683
76 99 683
82 97 683
92 91 683
93 89 683
107 96 683
114 75 683
119 95 683
121 93 683
129 92 683
135 74 683
1 148 684
2 147 684
3 146 684
4 145 684
7 144 684
8 140 684
14 139 684
17 138 684
18 136 684
19 14 684
19 15 684
21 135 684
22 133 684
23 132 684
33 131 684
34 130 684
39 1 684
39 2 684
40 128 684
45 127 684
46 126 684
49 80 684
49 0 684
52 125 684
54 124 684
55 122 684
56 121 684
58 111 684
59 110 684
65 78 684
65 79 684
73 105 684
75 104 684
76 42 684
79 41 684
81 102 684
83 101 684
86 99 684
87 96 684
90 95 684
99 32 684
101 29 684
102 27 684
104 76 684
104 77 684
107 92 684
109 89 684
111 26 684
114 82 684
115 80 684
116 79 684
117 78 684
118 77 684
119 76 684
138 25 684
140 24 684
141 74 684
143 48 684
144 16 684
149 47 684
26 100 685
28 99 685
33 97 685
74 96 685
89 88 685
95 94 685
105 92 685
127 91 685
131 90 685
143 89 685
14 138 686
22 137 686
27 136 686
30 135 686
75 116 686
109 75 686
113 112 686
120 111 686
123 110 686
139 109 686
4 104 689
24 103 689
33 102 689
51 101 689
56 100 689
63 99 689
75 96 689
112 98 689
119 97 689
135 75 689
17 100 690
19 99 690
48 98 690
58 97 690
66 81 690
70 80 690
83 79 690
124 78 690
144 77 690
146 75 690
4 104 691
5 103 691
6 102 691
57 101 691
60 100 691
74 99 691
92 98 691
98 96 691
103 75 691
111 97 691
1 104 692
7 103 692
41 102 692
50 101 692
54 100 692
106 99 692
113 98 692
120 97 692
126 96 692
147 75 692
2 149 693
38 136 693
50 135 693
64 115 693
82 113 693
89 101 693
111 100 693
114 98 693
115 75 693
133 97 693
1 95 696
1 96 696
10 106 696
17 76 696
17 94 696
19 105 696
25 101 696
25 75 696
37 104 696
52 103 696
71 102 696
77 101 696
97 98 696
118 100 696
129 99 696
136 99 696
136 100 696
144 75 696
144 98 696
146 97 696
8 105 699
16 103 699
28 102 699
44 101 699
69 100 699
90 99 699
95 98 699
96 75 699
135 97 699
147 96 699
3 148 703
4 147 703
9 146 703
11 145 703
12 144 703
13 140 703
14 139 703
19 138 703
20 136 703
21 135 703
22 133 703
29 132 703
31 131 703
32 130 703
34 128 703
42 127 703
43 126 703
44 125 703
45 124 703
47 122 703
48 121 703
52 111 703
55 110 703
57 105 703
62 104 703
70 102 703
74 101 703
75 99 703
76 77 703
78 74 703
83 14 703
83 15 703
86 96 703
87 1 703
87 2 703
88 95 703
90 92 703
93 89 703
94 82 703
96 48 703
104 78 703
104 79 703
109 80 703
110 47 703
111 42 703
118 79 703
119 78 703
125 41 703
129 76 703
130 32 703
132 29 703
134 80 703
134 0 703
138 27 703
139 26 703
144 25 703
145 76 703
145 77 703
146 24 703
148 16 703
12 106 705
22 105 705
49 104 705
52 95 705
52 96 705
53 103 705
60 102 705
76 101 705
78 100 705
100 97 705
113 99 705
115 76 705
115 94 705
130 101 705
130 75 705
134 99 705
134 100 705
146 98 705
147 75 705
147 98 705
3 104 709
10 103 709
55 102 709
64 101 709
80 100 709
81 99 709
120 98 709
126 97 709
135 96 709
143 75 709
0 99 710
0 100 710
24 97 710
24 98 710
38 100 710
38 75 710
39 98 710
39 99 710
146 75 710
146 97 710
5 106 711
7 104 711
18 103 711
51 102 711
55 101 711
57 100 711
62 99 711
75 97 711
77 98 711
148 75 711
7 104 716
20 103 716
27 102 716
31 101 716
42 100 716
90 99 716
105 98 716
122 97 716
146 96 716
148 75 716
33 100 728
55 99 728
60 98 728
70 97 728
90 81 728
100 75 728
110 80 728
125 79 728
134 78 728
136 77 728
31 104 737
38 102 737
55 101 737
83 100 737
84 99 737
86 98 737
118 97 737
145 96 737
147 95 737
150 0 737
8 100 742
10 99 742
11 97 742
12 96 742
39 94 742
79 92 742
85 91 742
91 88 742
109 90 742
125 89 742
23 100 752
28 99 752
36 97 752
41 96 752
72 94 752
89 88 752
111 92 752
132 91 752
142 90 752
143 89 752
3 109 754
5 108 754
17 107 754
41 106 754
55 105 754
64 99 754
68 98 754
93 97 754
111 96 754
129 0 754
14 111 756
16 110 756
19 99 756
36 98 756
42 97 756
61 96 756
86 95 756
100 94 756
110 75 756
145 92 756
8 104 761
35 103 761
50 102 761
54 101 761
60 100 761
66 99 761
67 98 761
115 97 761
123 96 761
134 75 761
11 109 763
24 108 763
28 107 763
34 106 763
65 105 763
68 99 763
79 98 763
82 97 763
106 0 763
131 96 763
50 104 767
54 102 767
74 101 767
110 100 767
111 99 767
121 98 767
133 97 767
144 96 767
145 95 767
146 0 767
6 109 773
19 108 773
26 107 773
28 106 773
43 105 773
46 99 773
56 98 773
62 97 773
134 96 773
149 0 773
28 104 780
43 103 780
47 102 780
58 101 780
84 100 780
95 99 780
106 98 780
107 97 780
124 96 780
142 75 780
10 104 781
13 103 781
17 102 781
34 101 781
78 100 781
100 75 781
115 99 781
127 98 781
135 97 781
144 96 781
