3 100 7
5 99 7
14 98 7
92 97 7
129 96 7
141 0 7
7 100 9
53 99 9
66 98 9
79 97 9
90 96 9
127 0 9
31 100 10
60 99 10
82 98 10
90 97 10
106 96 10
108 0 10
15 100 11
30 99 11
92 98 11
99 96 11
100 0 11
142 97 11
7 100 21
32 99 21
34 98 21
70 97 21
74 96 21
81 75 21
0 96 22
31 100 22
58 99 22
61 98 22
107 97 22
145 0 22
3 100 23
21 99 23
41 98 23
86 97 23
101 96 23
138 75 23
14 100 24
29 99 24
51 98 24
56 97 24
116 96 24
142 0 24
0 96 34
12 100 34
25 99 34
71 98 34
125 97 34
144 0 34
30 100 35
35 99 35
50 98 35
61 97 35
104 96 35
128 75 35
63 100 36
72 99 36
80 98 36
93 97 36
103 96 36
138 0 36
2 100 38
13 99 38
69 98 38
90 97 38
129 96 38
139 0 38
0 96 44
13 100 44
40 99 44
52 98 44
68 97 44
115 0 44
73 100 45
93 99 45
108 98 45
111 97 45
117 96 45
138 0 45
50 100 46
58 99 46
77 98 46
115 97 46
128 96 46
148 0 46
1 100 47
30 99 47
97 75 47
106 98 47
131 97 47
146 96 47
7 100 48
17 99 48
50 98 48
52 97 48
79 96 48
122 75 48
65 100 50
73 99 50
76 98 50
86 97 50
96 75 50
141 96 50
11 100 51
15 99 51
21 98 51
49 97 51
102 96 51
143 75 51
15 100 53
33 99 53
41 98 53
69 97 53
87 96 53
108 0 53
3 95 54
3 96 54
28 100 54
28 0 54
40 111 54
85 110 54
87 100 54
91 99 54
103 98 54
112 97 54
149 98 54
149 99 54
4 100 58
61 99 58
69 98 58
101 97 58
109 96 58
111 0 58
48 100 59
49 99 59
52 98 59
108 97 59
112 96 59
116 0 59
21 100 65
33 99 65
117 98 65
126 97 65
129 96 65
133 75 65
0 96 75
25 100 75
55 99 75
114 98 75
115 97 75
122 0 75
13 100 84
39 99 84
72 98 84
114 97 84
136 96 84
149 75 84
7 100 91
13 99 91
27 98 91
61 97 91
72 96 91
99 75 91
66 100 92
81 99 92
95 98 92
111 97 92
120 96 92
125 0 92
42 100 103
52 99 103
53 98 103
81 97 103
126 96 103
127 75 103
19 111 107
53 110 107
75 97 107
81 96 107
110 0 107
145 95 107
22 106 112
43 105 112
47 104 112
58 93 112
107 91 112
132 90 112
0 136 115
5 135 115
18 134 115
57 114 115
68 112 115
69 106 115
92 105 115
104 81 115
112 76 115
131 104 115
142 83 115
146 82 115
11 100 116
73 99 116
76 98 116
78 97 116
80 96 116
116 0 116
43 136 118
52 135 118
53 134 118
58 114 118
59 112 118
64 106 118
65 105 118
84 104 118
99 83 118
120 82 118
132 81 118
150 76 118
6 114 120
11 112 120
53 106 120
113 105 120
125 104 120
130 76 120
24 100 121
39 99 121
44 98 121
71 97 121
96 75 121
113 96 121
10 142 125
77 141 125
95 140 125
96 114 125
109 112 125
140 76 125
10 106 126
28 105 126
40 104 126
65 83 126
68 82 126
98 81 126
3 100 127
17 99 127
69 98 127
107 97 127
118 96 127
127 0 127
3 100 130
46 99 130
54 98 130
77 97 130
112 96 130
142 0 130
16 111 136
17 110 136
47 106 136
48 105 136
70 104 136
98 96 136
106 95 136
111 75 136
117 100 136
129 99 136
142 98 136
143 97 136
27 100 137
36 99 137
87 98 137
99 0 137
107 97 137
121 96 137
22 100 138
23 99 138
36 98 138
48 97 138
94 96 138
147 75 138
2 136 140
4 135 140
13 134 140
28 114 140
45 112 140
50 106 140
76 81 140
78 105 140
99 104 140
109 83 140
139 82 140
141 76 140
58 106 142
67 105 142
75 96 142
90 104 142
117 97 142
118 75 142
39 111 144
49 110 144
85 97 144
140 96 144
142 95 144
143 0 144
7 103 145
45 102 145
75 101 145
81 97 145
88 96 145
101 75 145
23 114 147
35 112 147
118 106 147
120 105 147
139 104 147
148 76 147
16 100 149
59 99 149
65 98 149
113 97 149
120 96 149
126 0 149
6 100 150
10 99 150
19 98 150
62 97 150
130 96 150
136 75 150
6 100 151
54 99 151
90 98 151
109 97 151
115 96 151
134 0 151
9 114 157
44 112 157
52 106 157
69 105 157
72 104 157
75 100 157
87 99 157
96 75 157
108 98 157
113 97 157
128 96 157
129 76 157
20 114 158
29 112 158
31 106 158
32 105 158
107 104 158
132 76 158
17 100 160
19 99 160
65 98 160
101 97 160
141 96 160
146 0 160
4 133 161
21 132 161
36 113 161
65 106 161
84 105 161
104 96 161
107 104 161
113 75 161
115 100 161
117 99 161
119 98 161
140 97 161
21 106 162
90 91 162
101 105 162
137 104 162
138 93 162
144 90 162
12 111 163
17 110 163
19 106 163
28 105 163
30 104 163
34 100 163
61 99 163
100 75 163
118 98 163
123 97 163
134 96 163
150 95 163
4 106 164
32 105 164
39 104 164
118 93 164
124 91 164
125 90 164
19 97 167
19 98 167
25 95 167
25 96 167
27 75 167
27 76 167
33 114 167
42 99 167
42 100 167
57 112 167
100 99 167
105 97 167
105 98 167
116 111 167
122 75 167
122 96 167
128 110 167
134 100 167
1 103 168
2 102 168
37 101 168
116 100 168
122 99 168
134 98 168
3 111 170
21 110 170
44 106 170
50 105 170
74 104 170
85 100 170
99 95 170
104 75 170
131 99 170
135 98 170
136 97 170
145 96 170
7 100 171
34 99 171
58 98 171
65 97 171
78 96 171
106 75 171
22 100 173
48 99 173
49 98 173
101 97 173
103 96 173
139 0 173
2 106 174
8 105 174
36 104 174
78 100 174
85 99 174
89 98 174
90 97 174
99 75 174
135 96 174
143 83 174
145 82 174
148 81 174
51 100 178
79 99 178
105 98 178
122 97 178
144 96 178
145 75 178
21 106 179
24 105 179
48 104 179
63 93 179
116 91 179
117 90 179
34 100 180
38 99 180
51 98 180
62 97 180
79 96 180
83 0 180
0 100 181
7 99 181
24 98 181
64 97 181
88 96 181
97 0 181
19 114 183
23 112 183
55 83 183
68 82 183
134 81 183
141 76 183
2 100 185
14 99 185
49 98 185
77 97 185
85 96 185
101 75 185
7 106 186
9 105 186
24 104 186
38 100 186
43 99 186
58 98 186
83 75 186
88 97 186
91 96 186
121 83 186
134 82 186
138 81 186
0 100 187
43 99 187
51 98 187
63 97 187
98 75 187
136 96 187
14 100 188
55 99 188
58 98 188
68 97 188
89 96 188
142 75 188
7 100 189
23 99 189
51 98 189
108 97 189
122 96 189
148 75 189
28 100 195
38 99 195
58 98 195
80 97 195
105 96 195
108 0 195
23 114 196
31 112 196
75 96 196
75 97 196
92 75 196
92 96 196
95 100 196
100 97 196
113 99 196
130 98 196
135 75 196
135 76 196
59 100 198
84 99 198
95 98 198
99 75 198
123 97 198
129 96 198
87 100 199
89 99 199
91 98 199
109 97 199
137 96 199
149 75 199
23 100 202
28 99 202
49 98 202
100 75 202
107 97 202
110 96 202
10 97 203
10 98 203
16 114 203
22 95 203
22 96 203
40 75 203
40 76 203
75 96 203
75 97 203
81 99 203
81 100 203
83 75 203
83 98 203
102 112 203
118 111 203
129 110 203
134 100 203
139 99 203
16 98 204
16 99 204
16 100 204
68 111 204
72 75 204
72 96 204
72 97 204
75 110 204
91 98 204
91 99 204
106 100 204
135 96 204
135 97 204
137 75 204
137 96 204
137 97 204
138 75 204
138 95 204
60 76 205
60 96 205
69 97 205
69 75 205
92 75 205
92 96 205
95 114 205
107 112 205
112 97 205
124 100 205
133 99 205
140 98 205
2 111 206
34 95 206
34 96 206
50 110 206
62 100 206
66 99 206
86 100 206
86 75 206
108 98 206
108 99 206
116 98 206
137 97 206
42 100 207
77 99 207
110 98 207
114 97 207
116 96 207
144 75 207
8 114 208
29 112 208
30 76 208
30 96 208
48 100 208
52 97 208
52 75 208
58 99 208
70 98 208
108 97 208
109 75 208
109 96 208
5 99 209
5 100 209
9 97 209
9 98 209
28 75 209
28 96 209
41 99 209
41 100 209
44 97 209
44 98 209
60 75 209
60 96 209
17 100 211
18 99 211
35 98 211
65 97 211
114 96 211
118 0 211
14 100 212
17 99 212
119 98 212
122 97 212
132 96 212
134 75 212
11 103 213
18 96 213
18 97 213
46 102 213
61 101 213
66 100 213
66 75 213
88 100 213
99 98 213
127 98 213
127 99 213
136 99 213
27 100 214
28 99 214
47 98 214
65 97 214
78 96 214
134 75 214
7 100 215
25 99 215
42 98 215
49 97 215
131 96 215
150 75 215
9 100 216
32 99 216
38 98 216
60 97 216
75 96 216
103 75 216
13 114 218
31 112 218
52 83 218
82 76 218
127 82 218
146 81 218
15 100 219
47 99 219
71 98 219
85 97 219
137 96 219
144 75 219
7 100 220
11 99 220
38 98 220
40 97 220
93 96 220
115 75 220
7 100 221
10 99 221
15 98 221
39 97 221
93 96 221
139 75 221
25 100 223
37 99 223
62 98 223
74 97 223
97 75 223
109 96 223
23 106 224
38 105 224
84 104 224
97 93 224
106 90 224
132 91 224
6 114 225
27 112 225
66 97 225
99 96 225
138 76 225
141 75 225
10 97 226
10 98 226
14 95 226
14 96 226
29 114 226
31 75 226
31 76 226
40 112 226
83 99 226
83 100 226
90 111 226
99 110 226
100 99 226
118 100 226
121 97 226
121 98 226
147 75 226
147 96 226
0 100 227
42 99 227
54 98 227
57 97 227
76 96 227
95 75 227
22 100 229
26 99 229
51 98 229
60 97 229
101 96 229
105 75 229
1 100 230
5 99 230
105 98 230
119 97 230
125 96 230
142 0 230
7 100 231
21 99 231
57 98 231
125 97 231
131 96 231
132 75 231
20 103 232
62 102 232
94 101 232
98 99 232
108 100 232
143 98 232
41 99 233
41 100 233
44 97 233
44 98 233
64 75 233
64 96 233
65 99 233
65 100 233
144 97 233
144 98 233
150 75 233
150 96 233
31 103 234
55 102 234
89 101 234
105 100 234
109 99 234
134 98 234
11 99 235
11 100 235
16 97 235
16 98 235
51 75 235
51 96 235
59 99 235
59 100 235
66 97 235
66 98 235
144 75 235
144 96 235
16 101 236
65 100 236
71 99 236
128 98 236
136 97 236
141 75 236
46 101 237
105 100 237
114 99 237
120 98 237
137 97 237
148 0 237
3 101 238
53 100 238
70 99 238
74 98 238
89 97 238
125 0 238
16 99 239
16 100 239
38 97 239
38 98 239
50 75 239
50 96 239
104 99 239
104 100 239
121 97 239
121 98 239
148 75 239
148 96 239
31 103 240
43 102 240
67 101 240
83 97 240
86 96 240
96 75 240
58 100 241
59 99 241
81 98 241
85 97 241
108 96 241
147 75 241
17 101 242
55 100 242
66 99 242
76 98 242
79 97 242
145 75 242
20 101 243
75 97 243
85 100 243
107 99 243
135 98 243
142 75 243
50 101 244
68 100 244
70 99 244
74 98 244
92 97 244
109 75 244
47 111 245
51 95 245
51 96 245
55 110 245
70 100 245
70 75 245
95 98 245
95 99 245
98 97 245
116 100 245
121 99 245
139 98 245
12 17 246
12 18 246
46 150 246
52 94 246
52 16 246
61 96 246
70 95 246
81 94 246
97 93 246
112 92 246
112 93 246
137 92 246
12 101 248
59 100 248
72 99 248
79 98 248
116 97 248
130 75 248
39 101 249
71 100 249
73 99 249
102 98 249
118 97 249
142 0 249
2 100 250
36 99 250
54 98 250
91 97 250
112 96 250
135 0 250
17 114 251
22 76 251
22 96 251
35 112 251
73 97 251
73 75 251
78 100 251
102 99 251
112 97 251
135 98 251
143 75 251
143 96 251
17 107 252
22 106 252
38 105 252
49 104 252
113 95 252
137 94 252
28 98 254
31 97 254
67 84 254
76 83 254
104 82 254
127 75 254
45 100 255
67 99 255
69 98 255
70 97 255
83 96 255
149 75 255
7 103 256
29 96 256
29 97 256
41 97 256
41 75 256
58 102 256
62 101 256
113 75 256
113 96 256
121 100 256
123 99 256
137 98 256
35 100 257
54 99 257
57 98 257
60 97 257
64 96 257
77 75 257
15 96 258
15 97 258
37 103 258
62 97 258
62 75 258
71 102 258
76 101 258
123 100 258
128 99 258
130 75 258
130 96 258
150 98 258
41 100 260
56 99 260
57 98 260
90 97 260
114 96 260
116 75 260
37 100 262
113 99 262
123 98 262
125 97 262
144 96 262
149 75 262
7 134 263
9 114 263
11 113 263
25 104 263
49 98 263
51 97 263
62 95 263
70 94 263
95 82 263
97 75 263
117 85 263
137 84 263
2 111 264
20 110 264
23 103 264
54 102 264
61 101 264
68 100 264
74 99 264
80 98 264
89 97 264
117 96 264
131 95 264
135 75 264
15 101 265
35 100 265
42 99 265
103 98 265
124 97 265
141 75 265
6 100 268
22 99 268
33 98 268
48 97 268
61 96 268
63 75 268
10 98 269
16 97 269
30 84 269
46 83 269
73 82 269
123 75 269
2 134 270
15 114 270
50 113 270
56 104 270
61 98 270
67 97 270
109 95 270
110 94 270
116 85 270
118 84 270
126 82 270
134 75 270
7 100 273
8 99 273
12 98 273
50 97 273
111 96 273
146 75 273
43 101 274
66 100 274
84 99 274
116 98 274
134 97 274
138 75 274
17 134 275
23 114 275
24 113 275
27 104 275
32 98 275
95 82 275
124 97 275
132 95 275
134 75 275
136 94 275
145 85 275
147 84 275
6 134 276
33 114 276
38 113 276
51 104 276
55 98 276
95 84 276
97 82 276
110 97 276
114 75 276
121 95 276
125 94 276
136 85 276
25 100 277
60 99 277
85 98 277
98 0 277
116 97 277
122 96 277
2 135 279
14 115 279
15 113 279
39 112 279
41 105 279
52 102 279
57 101 279
67 100 279
71 99 279
77 98 279
89 96 279
90 95 279
91 92 279
94 75 279
106 74 279
108 34 279
112 10 279
115 9 279
0 111 280
1 110 280
25 103 280
27 102 280
34 101 280
50 100 280
63 99 280
65 98 280
79 97 280
91 96 280
94 95 280
143 75 280
6 134 282
8 114 282
26 113 282
41 104 282
48 98 282
75 82 282
102 97 282
103 95 282
109 94 282
120 85 282
131 84 282
133 75 282
12 100 283
21 99 283
25 98 283
57 97 283
102 96 283
107 75 283
12 98 284
49 97 284
79 84 284
101 83 284
118 82 284
131 75 284
3 111 285
18 110 285
30 106 285
31 105 285
39 104 285
69 100 285
97 95 285
109 99 285
111 75 285
122 98 285
129 97 285
145 96 285
12 134 287
18 114 287
24 113 287
28 104 287
94 82 287
95 75 287
101 98 287
103 97 287
107 95 287
111 94 287
130 85 287
143 84 287
38 106 290
92 105 290
93 104 290
104 81 290
119 83 290
133 82 290
13 100 291
13 101 291
23 98 291
23 99 291
32 75 291
32 97 291
53 100 291
53 101 291
97 98 291
97 99 291
99 75 291
99 97 291
42 144 292
48 143 292
78 141 292
86 99 292
118 98 292
143 0 292
4 105 293
20 102 293
35 101 293
36 100 293
47 99 293
65 98 293
86 96 293
105 14 293
109 94 293
117 75 293
122 18 293
149 17 293
1 103 294
2 102 294
17 101 294
61 100 294
117 99 294
131 98 294
24 103 296
46 102 296
80 101 296
121 100 296
122 99 296
132 98 296
10 105 298
19 99 298
52 98 298
80 96 298
128 95 298
150 0 298
10 134 299
39 114 299
55 113 299
59 104 299
77 98 299
83 97 299
86 95 299
90 94 299
91 85 299
94 75 299
145 84 299
147 82 299
48 101 302
61 100 302
78 99 302
117 98 302
131 97 302
135 0 302
11 135 303
45 115 303
50 113 303
69 102 303
83 101 303
94 100 303
97 99 303
106 98 303
120 81 303
138 80 303
146 79 303
150 75 303
0 141 304
7 140 304
13 5 304
13 6 304
16 136 304
18 135 304
20 134 304
24 115 304
36 114 304
45 113 304
50 97 304
60 96 304
81 78 304
90 91 304
91 77 304
96 76 304
102 81 304
106 136 304
106 4 304
131 80 304
133 79 304
141 75 304
144 115 304
144 135 304
20 112 306
70 111 306
74 92 306
89 81 306
90 80 306
121 79 306
57 105 308
72 99 308
76 98 308
85 96 308
92 95 308
140 0 308
1 101 309
37 100 309
47 99 309
64 98 309
82 97 309
97 0 309
43 103 310
61 102 310
62 101 310
64 97 310
72 96 310
78 75 310
45 104 311
51 103 311
59 102 311
99 94 311
135 93 311
149 75 311
5 105 313
9 102 313
48 101 313
54 100 313
65 99 313
102 14 313
103 98 313
108 96 313
111 94 313
121 75 313
141 18 313
147 17 313
11 111 314
18 110 314
28 100 314
29 99 314
31 98 314
37 97 314
42 96 314
52 95 314
59 93 314
71 91 314
84 78 314
85 75 314
103 90 314
118 86 314
122 85 314
132 84 314
134 80 314
139 79 314
29 98 315
30 97 315
59 84 315
75 83 315
82 75 315
144 82 315
8 135 316
18 115 316
19 113 316
31 102 316
34 101 316
58 100 316
71 99 316
85 98 316
97 81 316
103 80 316
118 79 316
132 75 316
11 135 317
13 115 317
26 113 317
30 102 317
45 101 317
59 100 317
73 99 317
77 98 317
96 81 317
132 80 317
137 79 317
138 75 317
4 101 319
5 100 319
28 99 319
46 98 319
47 97 319
141 75 319
13 135 320
16 115 320
34 113 320
59 98 320
74 88 320
74 89 320
83 97 320
100 90 320
104 98 320
104 75 320
129 75 320
129 97 320
71 100 321
88 99 321
102 98 321
103 97 321
118 96 321
144 75 321
4 108 322
15 107 322
17 106 322
31 81 322
84 80 322
108 79 322
9 114 323
18 112 323
35 97 323
108 96 323
126 76 323
147 75 323
2 104 325
15 103 325
62 99 325
97 13 325
110 98 325
111 97 325
121 84 325
126 82 325
131 81 325
134 75 325
145 16 325
147 14 325
42 101 326
46 100 326
63 99 326
113 98 326
123 97 326
148 0 326
51 101 327
56 100 327
57 99 327
73 98 327
120 97 327
137 0 327
10 105 328
15 102 328
34 101 328
48 100 328
60 99 328
72 98 328
77 96 328
102 14 328
118 94 328
123 75 328
130 18 328
150 17 328
6 101 329
7 100 329
28 98 329
41 97 329
44 96 329
70 89 329
72 88 329
84 87 329
95 80 329
122 79 329
140 78 329
145 75 329
4 103 331
6 102 331
22 101 331
75 100 331
104 99 331
146 98 331
16 101 333
17 100 333
19 98 333
63 97 333
77 96 333
85 89 333
91 88 333
96 75 333
110 87 333
112 80 333
121 79 333
144 78 333
12 111 338
28 110 338
50 100 338
61 99 338
63 98 338
68 97 338
69 96 338
78 79 338
86 75 338
101 95 338
106 93 338
107 91 338
109 90 338
116 86 338
129 85 338
130 84 338
131 80 338
144 78 338
56 98 339
79 97 339
82 75 339
108 84 339
129 83 339
131 82 339
11 135 341
25 115 341
41 113 341
44 102 341
63 101 341
69 100 341
77 78 341
77 79 341
80 98 341
81 80 341
104 97 341
111 84 341
123 82 341
129 98 341
129 75 341
140 75 341
140 97 341
144 81 341
27 134 342
37 114 342
43 113 342
51 101 342
64 100 342
70 99 342
75 78 342
87 98 342
102 97 342
104 80 342
108 79 342
125 75 342
21 103 344
27 102 344
74 101 344
106 100 344
108 99 344
122 98 344
20 101 346
35 100 346
56 99 346
89 98 346
104 97 346
111 75 346
4 103 347
73 102 347
97 101 347
109 100 347
123 99 347
136 98 347
54 101 348
65 100 348
79 99 348
116 98 348
131 97 348
143 75 348
17 135 351
24 115 351
54 113 351
57 102 351
58 101 351
70 100 351
85 99 351
87 98 351
91 81 351
92 80 351
102 75 351
108 79 351
1 135 352
8 115 352
14 113 352
16 112 352
19 105 352
26 102 352
28 101 352
36 100 352
54 99 352
62 98 352
67 96 352
71 95 352
97 92 352
103 75 352
105 10 352
112 9 352
116 74 352
134 34 352
9 129 353
11 128 353
14 127 353
26 78 353
26 79 353
50 103 353
52 102 353
54 101 353
57 100 353
73 99 353
83 98 353
88 97 353
124 96 353
133 101 353
133 75 353
141 99 353
141 100 353
144 80 353
18 134 354
22 114 354
36 113 354
38 101 354
44 100 354
48 99 354
64 98 354
65 97 354
97 78 354
103 80 354
113 75 354
127 79 354
12 100 357
12 101 357
14 98 357
14 99 357
51 75 357
51 97 357
59 100 357
59 101 357
89 98 357
89 99 357
149 75 357
149 97 357
20 145 358
25 144 358
68 143 358
91 43 358
97 42 358
121 22 358
9 134 359
27 114 359
35 113 359
42 101 359
65 100 359
79 75 359
92 99 359
105 98 359
110 97 359
116 80 359
129 79 359
136 78 359
16 135 360
17 88 360
17 89 360
42 115 360
72 113 360
79 98 360
79 75 360
82 98 360
103 75 360
103 97 360
120 97 360
142 90 360
2 103 361
12 102 361
49 101 361
52 96 361
52 97 361
96 100 361
130 100 361
130 75 361
139 98 361
139 99 361
142 99 361
143 98 361
2 107 364
62 106 364
78 105 364
89 104 364
105 94 364
124 95 364
8 111 365
9 110 365
12 97 365
16 96 365
35 95 365
50 0 365
2 135 367
10 115 367
37 113 367
44 111 367
45 110 367
61 109 367
80 104 367
101 103 367
113 97 367
115 75 367
132 99 367
145 98 367
0 98 368
7 97 368
22 84 368
48 83 368
60 82 368
83 75 368
33 106 370
51 105 370
58 104 370
67 100 370
73 99 370
82 75 370
102 98 370
112 97 370
122 96 370
125 83 370
147 82 370
150 81 370
21 111 371
55 110 371
70 82 371
74 63 371
77 62 371
120 61 371
40 98 372
55 97 372
63 84 372
73 83 372
112 82 372
114 75 372
21 103 373
34 102 373
41 96 373
41 97 373
43 101 373
54 100 373
76 100 373
76 75 373
79 98 373
79 99 373
120 99 373
125 98 373
7 136 376
17 135 376
22 28 376
22 45 376
26 136 376
26 27 376
27 116 376
28 105 376
38 104 376
46 99 376
59 98 376
72 97 376
99 116 376
99 135 376
112 79 376
119 78 376
124 76 376
144 75 376
0 103 381
1 102 381
47 101 381
57 96 381
57 97 381
71 97 381
71 75 381
72 100 381
87 75 381
87 96 381
100 98 381
147 99 381
4 135 382
11 115 382
22 113 382
36 102 382
41 101 382
46 100 382
52 99 382
62 98 382
90 81 382
97 80 382
106 79 382
128 75 382
9 111 383
12 110 383
15 97 383
56 96 383
92 95 383
104 0 383
29 134 384
43 114 384
48 113 384
70 101 384
71 100 384
86 99 384
103 98 384
104 97 384
108 80 384
112 79 384
125 78 384
138 75 384
17 136 385
19 135 385
22 116 385
30 28 385
30 45 385
41 105 385
42 104 385
59 99 385
66 98 385
67 97 385
77 79 385
81 136 385
81 27 385
96 78 385
121 76 385
129 75 385
138 116 385
138 135 385
0 141 387
12 140 387
13 136 387
18 135 387
25 134 387
39 115 387
45 5 387
45 6 387
46 114 387
47 136 387
47 4 387
78 77 387
79 76 387
84 113 387
90 97 387
98 96 387
105 115 387
105 135 387
112 91 387
121 81 387
125 80 387
134 75 387
145 79 387
150 78 387
12 103 388
44 102 388
45 96 388
45 97 388
70 97 388
70 75 388
76 101 388
80 100 388
82 99 388
86 98 388
104 75 388
104 96 388
36 100 389
78 99 389
102 98 389
143 97 389
149 96 389
150 75 389
17 135 390
19 115 390
20 113 390
25 102 390
29 101 390
30 100 390
62 99 390
65 98 390
66 81 390
67 80 390
83 79 390
125 75 390
5 103 391
24 102 391
64 101 391
67 100 391
114 99 391
142 98 391
27 111 393
40 110 393
42 82 393
82 61 393
125 63 393
150 62 393
23 148 394
24 147 394
33 146 394
39 145 394
60 144 394
62 143 394
64 113 394
86 112 394
97 111 394
99 110 394
103 109 394
109 91 394
118 106 394
131 105 394
143 90 394
144 84 394
147 75 394
150 104 394
46 142 395
68 141 395
116 140 395
123 114 395
136 112 395
148 76 395
38 63 396
56 55 396
84 62 396
88 60 396
102 59 396
118 56 396
2 103 400
49 102 400
62 101 400
86 97 400
106 96 400
136 75 400
17 134 401
23 114 401
26 113 401
27 101 401
31 100 401
38 99 401
58 98 401
72 97 401
95 80 401
104 79 401
133 78 401
146 75 401
1 101 402
42 100 402
55 99 402
57 98 402
77 97 402
84 0 402
15 101 411
20 100 411
44 99 411
55 98 411
89 97 411
103 75 411
30 100 413
66 99 413
88 98 413
108 97 413
114 96 413
127 0 413
3 101 414
62 100 414
97 75 414
123 99 414
137 98 414
142 97 414
4 107 419
48 106 419
120 105 419
124 104 419
128 95 419
140 94 419
16 108 424
48 107 424
85 106 424
93 81 424
107 79 424
117 80 424
2 135 429
10 115 429
36 113 429
37 111 429
57 110 429
64 109 429
96 104 429
101 103 429
116 99 429
126 98 429
140 97 429
148 75 429
3 135 430
40 115 430
50 113 430
62 102 430
63 101 430
66 100 430
75 79 430
87 99 430
88 98 430
93 81 430
94 80 430
109 75 430
7 101 431
35 100 431
57 99 431
92 98 431
120 97 431
142 75 431
2 145 433
7 144 433
10 143 433
16 136 433
18 135 433
29 115 433
35 101 433
53 99 433
56 78 433
56 79 433
58 80 433
58 75 433
114 98 433
130 78 433
130 79 433
142 97 433
144 96 433
145 80 433
14 145 435
26 144 435
33 143 435
93 43 435
120 42 435
122 22 435
7 100 437
68 99 437
85 98 437
100 0 437
111 97 437
143 96 437
7 136 438
13 135 438
21 116 438
25 105 438
48 104 438
52 99 438
73 98 438
78 76 438
98 75 438
110 28 438
110 45 438
113 97 438
142 136 438
142 27 438
143 79 438
144 116 438
144 135 438
147 78 438
2 145 439
11 78 439
11 79 439
14 144 439
15 143 439
73 136 439
76 135 439
86 115 439
112 101 439
113 99 439
116 80 439
116 75 439
120 98 439
126 97 439
128 96 439
131 78 439
131 79 439
138 80 439
0 101 442
7 100 442
14 98 442
20 97 442
52 96 442
94 89 442
101 75 442
110 88 442
117 87 442
122 80 442
131 79 442
137 78 442
10 103 443
40 102 443
76 101 443
90 100 443
123 99 443
130 98 443
66 100 444
77 99 444
89 98 444
94 97 444
118 96 444
146 75 444
4 135 445
9 115 445
32 113 445
38 102 445
60 101 445
64 78 445
64 79 445
65 98 445
65 75 445
70 100 445
74 98 445
76 97 445
81 80 445
100 75 445
100 97 445
117 84 445
122 82 445
137 81 445
62 111 446
66 110 446
67 103 446
75 95 446
80 102 446
82 101 446
115 100 446
118 99 446
121 98 446
127 97 446
146 96 446
149 75 446
8 63 448
18 62 448
37 60 448
68 59 448
83 56 448
101 55 448
14 98 449
14 99 449
55 111 449
65 96 449
65 97 449
98 75 449
98 95 449
122 110 449
123 100 449
137 98 449
137 99 449
137 100 449
141 75 449
141 96 449
141 97 449
144 75 449
144 96 449
144 97 449
37 101 450
40 100 450
51 99 450
65 98 450
70 97 450
119 75 450
10 112 451
68 111 451
89 92 451
95 81 451
131 80 451
145 79 451
10 114 452
23 112 452
30 106 452
41 105 452
42 104 452
64 100 452
89 99 452
106 75 452
137 98 452
138 97 452
146 96 452
149 76 452
10 100 456
21 99 456
90 98 456
100 75 456
106 97 456
132 96 456
23 100 457
30 99 457
50 98 457
81 97 457
106 96 457
122 75 457
38 78 458
38 79 458
41 145 458
44 80 458
44 75 458
60 144 458
72 143 458
86 136 458
96 97 458
102 135 458
105 78 458
105 79 458
129 115 458
130 101 458
132 99 458
138 98 458
143 80 458
148 96 458
13 135 461
18 88 461
18 89 461
27 115 461
35 98 461
35 75 461
39 75 461
39 97 461
48 113 461
77 98 461
95 97 461
150 90 461
2 129 462
6 128 462
26 78 462
26 79 462
30 127 462
32 103 462
34 102 462
40 101 462
48 101 462
48 75 462
52 99 462
52 100 462
55 100 462
58 99 462
68 98 462
88 97 462
97 80 462
117 96 462
28 100 463
30 99 463
38 98 463
62 97 463
98 0 463
116 96 463
0 112 464
3 111 464
67 92 464
82 81 464
120 80 464
129 79 464
3 101 465
15 100 465
60 99 465
94 98 465
121 97 465
137 0 465
11 139 468
14 138 468
59 137 468
75 110 468
90 103 468
91 96 468
96 77 468
99 95 468
106 92 468
125 79 468
139 75 468
140 78 468
14 135 470
15 115 470
16 113 470
33 102 470
36 101 470
51 78 470
51 79 470
76 98 470
76 75 470
81 80 470
83 100 470
87 98 470
106 75 470
106 97 470
119 97 470
125 84 470
131 82 470
150 81 470
21 103 472
41 102 472
48 101 472
66 100 472
114 99 472
115 96 472
115 97 472
136 97 472
136 75 472
138 75 472
138 96 472
146 98 472
16 135 475
22 115 475
23 113 475
27 102 475
31 101 475
39 100 475
90 99 475
92 98 475
104 81 475
127 80 475
134 79 475
145 75 475
4 103 476
20 96 476
20 97 476
29 102 476
52 101 476
59 100 476
90 100 476
90 75 476
103 98 476
113 99 476
147 98 476
147 99 476
9 144 477
21 143 477
34 141 477
56 99 477
58 98 477
95 0 477
4 100 478
69 99 478
70 98 478
73 97 478
98 75 478
103 96 478
5 135 479
19 115 479
25 113 479
27 102 479
33 101 479
62 100 479
70 99 479
88 98 479
128 81 479
130 80 479
137 79 479
139 75 479
12 114 482
23 112 482
67 83 482
94 82 482
103 81 482
149 76 482
3 135 483
4 115 483
31 113 483
37 102 483
71 101 483
77 100 483
81 79 483
97 99 483
104 98 483
113 75 483
125 81 483
134 80 483
9 112 484
52 111 484
53 92 484
64 81 484
123 80 484
131 79 484
35 112 485
66 111 485
84 92 485
120 81 485
130 80 485
134 79 485
0 148 488
4 147 488
9 146 488
11 145 488
17 144 488
18 143 488
19 113 488
32 112 488
34 111 488
46 110 488
58 109 488
62 106 488
69 105 488
115 104 488
125 91 488
134 90 488
142 84 488
148 75 488
0 103 489
4 102 489
41 101 489
56 96 489
56 97 489
96 100 489
104 100 489
104 75 489
111 99 489
129 98 489
137 98 489
137 99 489
2 139 490
44 86 490
54 85 490
72 84 490
83 68 490
138 8 490
26 101 491
33 100 491
49 99 491
87 98 491
130 97 491
135 75 491
7 129 492
9 128 492
11 127 492
12 103 492
26 102 492
33 101 492
37 100 492
45 99 492
87 98 492
111 97 492
114 96 492
118 78 492
118 79 492
126 80 492
141 101 492
141 75 492
147 99 492
147 100 492
51 106 494
83 105 494
86 104 494
108 97 494
119 96 494
126 75 494
2 100 495
3 99 495
23 98 495
45 97 495
69 96 495
73 0 495
25 111 497
45 110 497
62 100 497
75 95 497
75 96 497
93 98 497
93 99 497
113 75 497
113 97 497
128 98 497
128 99 497
128 100 497
132 75 497
132 96 497
132 97 497
141 75 497
141 96 497
141 97 497
27 103 498
36 102 498
72 101 498
78 97 498
99 96 498
122 75 498
4 95 501
4 96 501
35 100 501
35 0 501
36 111 501
37 110 501
56 100 501
72 99 501
93 98 501
93 99 501
114 98 501
135 97 501
5 100 502
23 99 502
31 98 502
50 97 502
107 96 502
129 75 502
4 103 503
30 102 503
43 96 503
43 97 503
59 100 503
59 75 503
62 101 503
80 98 503
80 99 503
84 100 503
122 99 503
136 98 503
16 103 504
38 102 504
69 101 504
88 100 504
91 99 504
92 98 504
41 100 505
64 99 505
77 98 505
86 97 505
93 96 505
127 75 505
26 103 508
41 96 508
41 97 508
45 102 508
86 101 508
92 100 508
100 98 508
100 99 508
108 99 508
124 100 508
124 75 508
141 98 508
34 100 509
47 99 509
55 98 509
80 97 509
83 96 509
88 75 509
45 96 510
45 97 510
57 103 510
79 102 510
81 101 510
85 100 510
111 100 510
111 75 510
113 99 510
128 98 510
129 98 510
129 99 510
9 103 511
22 102 511
66 101 511
70 100 511
72 96 511
72 97 511
73 99 511
83 98 511
92 97 511
92 75 511
126 75 511
126 96 511
10 135 512
20 115 512
63 113 512
67 111 512
77 110 512
88 109 512
101 104 512
109 75 512
126 103 512
127 99 512
136 98 512
141 97 512
3 114 515
21 112 515
36 97 515
36 98 515
42 111 515
53 110 515
74 95 515
74 96 515
91 100 515
114 75 515
114 96 515
126 75 515
126 76 515
137 99 515
137 100 515
146 97 515
146 98 515
148 99 515
4 104 516
8 103 516
33 99 516
67 98 516
111 97 516
117 84 516
129 82 516
135 81 516
138 75 516
140 16 516
141 14 516
148 13 516
42 100 517
108 99 517
115 98 517
119 97 517
133 96 517
134 75 517
6 148 518
7 147 518
22 146 518
24 145 518
32 144 518
34 143 518
55 113 518
57 112 518
58 111 518
60 110 518
66 109 518
73 106 518
88 105 518
94 104 518
95 91 518
104 84 518
107 90 518
112 75 518
2 112 519
17 111 519
30 92 519
32 81 519
123 80 519
125 79 519
31 107 522
46 106 522
69 105 522
84 104 522
106 94 522
117 95 522
4 133 524
5 132 524
14 113 524
24 106 524
39 105 524
45 104 524
51 100 524
82 99 524
84 98 524
86 97 524
126 96 524
132 75 524
7 149 525
19 131 525
44 102 525
55 101 525
80 95 525
88 75 525
2 103 526
47 102 526
48 101 526
91 97 526
106 96 526
121 75 526
13 104 527
43 103 527
81 102 527
124 94 527
145 93 527
147 75 527
40 103 528
78 102 528
79 101 528
82 100 528
97 99 528
102 98 528
15 98 529
16 97 529
21 84 529
63 83 529
133 82 529
139 75 529
8 111 530
23 110 530
26 106 530
27 105 530
46 104 530
67 100 530
85 99 530
100 95 530
103 98 530
111 75 530
115 97 530
129 96 530
25 114 531
32 112 531
40 106 531
59 105 531
64 104 531
89 100 531
95 99 531
99 76 531
101 98 531
105 75 531
127 97 531
145 96 531
32 100 533
60 99 533
85 98 533
131 97 533
140 96 533
146 75 533
1 114 534
42 112 534
47 97 534
56 96 534
59 76 534
103 75 534
36 106 535
47 105 535
64 104 535
77 97 535
80 96 535
147 75 535
17 96 536
17 97 536
33 100 536
33 75 536
35 103 536
39 102 536
48 101 536
88 100 536
101 98 536
126 98 536
126 99 536
145 99 536
13 139 537
48 138 537
61 137 537
76 110 537
79 75 537
80 103 537
83 96 537
100 95 537
104 92 537
121 79 537
128 78 537
132 77 537
19 139 540
20 86 540
36 85 540
42 84 540
71 68 540
134 8 540
27 106 541
37 105 541
55 104 541
66 93 541
68 91 541
111 90 541
6 95 542
6 96 542
11 111 542
55 100 542
55 75 542
72 110 542
76 100 542
102 99 542
104 98 542
106 97 542
115 98 542
115 99 542
5 129 543
7 127 543
11 126 543
12 125 543
16 124 543
18 122 543
21 115 543
26 113 543
29 112 543
34 111 543
39 110 543
49 109 543
50 102 543
60 101 543
67 100 543
94 99 543
110 85 543
111 43 543
121 98 543
122 42 543
129 41 543
134 97 543
135 87 543
136 86 543
38 114 545
65 112 545
70 106 545
74 105 545
79 104 545
83 100 545
88 99 545
105 76 545
106 75 545
111 98 545
119 97 545
130 96 545
52 100 546
72 99 546
96 75 546
143 98 546
148 97 546
150 96 546
32 111 547
35 110 547
37 106 547
38 105 547
42 104 547
46 100 547
47 99 547
51 98 547
60 97 547
88 96 547
146 95 547
147 75 547
0 106 548
6 105 548
15 104 548
32 97 548
37 96 548
66 75 548
5 135 551
21 115 551
26 113 551
42 111 551
49 110 551
60 109 551
66 104 551
81 103 551
93 99 551
99 75 551
131 98 551
147 97 551
19 111 552
36 110 552
37 106 552
59 105 552
73 104 552
81 100 552
117 99 552
118 98 552
132 97 552
142 96 552
147 95 552
148 75 552
32 107 553
48 106 553
121 105 553
138 104 553
144 95 553
146 94 553
21 114 554
63 112 554
70 106 554
73 105 554
95 104 554
111 100 554
115 99 554
122 98 554
126 97 554
129 96 554
133 76 554
141 75 554
13 107 555
63 106 555
88 105 555
132 104 555
135 95 555
148 94 555
2 139 558
19 86 558
20 85 558
53 84 558
64 68 558
136 8 558
61 103 566
69 102 566
88 101 566
111 100 566
122 99 566
135 98 566
16 103 571
19 102 571
71 101 571
78 100 571
92 99 571
141 98 571
44 145 572
72 144 572
73 143 572
74 43 572
147 42 572
149 22 572
10 136 573
19 135 573
32 134 573
105 67 573
107 55 573
113 36 573
18 98 586
21 97 586
68 84 586
101 83 586
133 82 586
140 75 586
30 136 589
52 135 589
64 134 589
81 67 589
121 55 589
137 36 589
4 111 590
5 110 590
6 103 590
45 102 590
94 101 590
102 75 590
105 100 590
109 99 590
121 98 590
124 97 590
144 96 590
146 95 590
23 103 597
27 102 597
47 101 597
70 97 597
110 96 597
127 75 597
1 142 599
6 141 599
40 140 599
41 114 599
89 112 599
135 76 599
13 107 602
61 106 602
108 105 602
119 104 602
140 95 602
147 94 602
12 100 604
17 99 604
81 98 604
114 97 604
120 96 604
127 0 604
22 131 608
38 114 608
54 113 608
72 87 608
96 86 608
143 84 608
24 106 610
58 105 610
72 104 610
86 83 610
102 82 610
124 81 610
18 106 612
31 105 612
35 104 612
67 93 612
100 91 612
125 90 612
4 133 614
6 132 614
14 113 614
17 106 614
27 105 614
42 104 614
45 100 614
52 99 614
76 98 614
93 97 614
110 96 614
123 75 614
19 103 615
51 96 615
51 97 615
78 102 615
80 101 615
81 100 615
81 75 615
90 100 615
103 98 615
103 99 615
123 99 615
139 98 615
2 120 622
16 119 622
29 118 622
59 94 622
60 93 622
119 75 622
16 142 623
24 141 623
85 140 623
121 114 623
123 112 623
141 76 623
7 100 625
17 99 625
51 98 625
84 97 625
103 96 625
118 0 625
19 101 628
33 100 628
45 99 628
64 98 628
98 0 628
142 97 628
1 106 629
63 105 629
90 91 629
112 104 629
125 93 629
138 90 629
17 135 637
22 115 637
24 113 637
25 111 637
40 110 637
92 109 637
103 97 637
104 75 637
112 104 637
133 103 637
137 99 637
143 98 637
9 106 638
15 105 638
55 104 638
91 97 638
96 75 638
132 96 638
8 120 642
32 119 642
69 118 642
87 94 642
96 93 642
148 75 642
0 149 643
7 75 643
7 101 643
15 148 643
16 147 643
19 139 643
25 14 643
25 15 643
34 4 643
34 7 643
56 138 643
58 136 643
62 132 643
65 131 643
70 0 643
70 3 643
73 129 643
77 112 643
81 111 643
84 110 643
90 109 643
91 105 643
95 97 643
99 94 643
102 75 643
103 74 643
108 104 643
108 105 643
110 72 643
112 43 643
113 102 643
113 103 643
114 104 643
121 103 643
123 102 643
126 101 643
128 100 643
130 99 643
134 98 643
138 41 643
146 95 643
149 16 643
13 129 644
16 127 644
26 126 644
28 125 644
36 124 644
52 122 644
56 115 644
73 113 644
78 112 644
85 86 644
89 111 644
96 110 644
113 43 644
115 42 644
116 109 644
123 102 644
127 41 644
133 101 644
135 100 644
136 99 644
139 98 644
143 97 644
145 87 644
146 85 644
4 129 645
14 128 645
16 127 645
22 103 645
23 102 645
33 101 645
41 100 645
46 78 645
46 79 645
73 99 645
83 98 645
84 101 645
84 75 645
98 80 645
121 97 645
138 99 645
138 100 645
140 96 645
32 103 648
47 102 648
63 101 648
84 97 648
109 96 648
136 75 648
1 105 649
28 99 649
84 98 649
96 0 649
106 96 649
142 95 649
5 148 650
9 147 650
26 146 650
30 145 650
34 144 650
35 143 650
57 113 650
63 112 650
71 111 650
75 110 650
76 109 650
106 90 650
109 84 650
128 106 650
130 105 650
137 104 650
139 91 650
147 75 650
13 100 651
34 99 651
67 98 651
73 97 651
87 96 651
143 75 651
0 149 653
56 110 653
73 91 653
100 61 653
108 60 653
130 59 653
17 95 655
17 96 655
22 100 655
22 0 655
24 111 655
32 110 655
45 100 655
46 99 655
92 98 655
92 99 655
108 98 655
123 97 655
5 135 656
15 115 656
17 113 656
19 112 656
28 105 656
29 102 656
44 101 656
45 100 656
47 99 656
56 98 656
66 96 656
85 95 656
90 92 656
92 9 656
106 75 656
111 74 656
123 34 656
139 10 656
4 136 657
7 135 657
11 134 657
17 133 657
18 132 657
20 131 657
21 116 657
24 106 657
26 105 657
27 104 657
30 27 657
35 18 657
40 102 657
41 101 657
44 99 657
49 98 657
52 96 657
60 78 657
61 77 657
66 10 657
78 9 657
79 76 657
82 75 657
86 66 657
92 57 657
103 51 657
109 48 657
113 47 657
114 43 657
119 35 657
124 32 657
127 31 657
136 7 657
144 30 657
145 29 657
146 28 657
16 106 658
30 105 658
91 104 658
93 83 658
136 82 658
144 81 658
3 105 661
14 17 661
24 102 661
26 101 661
27 100 661
37 99 661
87 98 661
107 96 661
125 94 661
137 75 661
143 18 661
147 14 661
2 96 662
2 97 662
13 103 662
15 100 662
15 75 662
67 102 662
82 98 662
82 99 662
94 101 662
112 100 662
131 99 662
141 98 662
14 108 663
89 107 663
111 106 663
117 81 663
120 80 663
121 79 663
26 131 664
89 114 664
107 113 664
117 87 664
120 86 664
126 84 664
19 100 665
37 99 665
96 0 665
106 98 665
128 97 665
138 96 665
12 107 668
32 106 668
87 105 668
101 104 668
120 95 668
129 94 668
0 129 670
18 128 670
28 127 670
34 78 670
34 79 670
40 103 670
51 102 670
56 101 670
56 75 670
59 99 670
59 100 670
67 101 670
97 80 670
107 100 670
113 99 670
117 98 670
118 97 670
136 96 670
31 103 671
37 102 671
57 101 671
98 99 671
112 100 671
115 98 671
4 98 675
36 97 675
50 84 675
56 83 675
63 82 675
117 75 675
0 105 676
28 102 676
54 101 676
56 100 676
66 99 676
87 98 676
106 96 676
107 94 676
110 75 676
132 18 676
134 17 676
149 14 676
51 98 677
72 97 677
79 84 677
97 75 677
103 83 677
134 82 677
1 136 678
7 135 678
11 134 678
30 133 678
33 132 678
34 131 678
39 116 678
46 106 678
50 105 678
51 30 678
53 104 678
56 102 678
61 101 678
66 29 678
73 99 678
77 28 678
78 27 678
80 98 678
81 96 678
82 78 678
98 18 678
101 10 678
105 9 678
108 77 678
114 76 678
115 75 678
118 66 678
119 57 678
120 51 678
121 48 678
128 47 678
132 7 678
137 43 678
143 35 678
145 32 678
148 31 678
21 142 679
29 141 679
71 140 679
140 112 679
141 76 679
145 114 679
3 149 683
9 148 683
10 147 683
11 14 683
11 15 683
12 139 683
19 138 683
21 136 683
23 132 683
30 131 683
33 129 683
37 4 683
37 7 683
38 0 683
38 3 683
42 104 683
42 105 683
53 112 683
55 111 683
65 110 683
70 109 683
78 105 683
79 104 683
80 103 683
84 102 683
91 102 683
91 103 683
95 94 683
96 101 683
99 75 683
101 74 683
103 72 683
105 75 683
105 101 683
110 43 683
111 41 683
116 100 683
117 99 683
124 98 683
142 97 683
149 16 683
150 95 683
0 136 684
1 135 684
5 134 684
7 133 684
8 132 684
14 131 684
15 116 684
17 106 684
24 105 684
31 28 684
34 104 684
35 27 684
39 102 684
46 101 684
47 18 684
54 99 684
55 98 684
56 96 684
57 10 684
58 78 684
61 77 684
62 76 684
78 9 684
79 75 684
80 66 684
89 57 684
94 51 684
97 48 684
105 7 684
109 47 684
115 43 684
120 35 684
122 32 684
127 31 684
128 30 684
142 29 684
4 136 685
5 135 685
13 134 685
15 133 685
19 132 685
27 131 685
28 116 685
36 106 685
49 105 685
51 28 685
52 104 685
53 102 685
59 101 685
65 99 685
66 27 685
68 98 685
69 96 685
71 78 685
72 77 685
78 18 685
87 76 685
88 75 685
93 66 685
94 57 685
98 10 685
101 9 685
104 7 685
112 51 685
114 48 685
117 47 685
123 43 685
126 35 685
128 32 685
138 31 685
145 30 685
148 29 685
20 63 688
75 62 688
76 60 688
92 59 688
111 56 688
140 55 688
1 149 689
2 131 689
86 102 689
106 101 689
120 95 689
124 75 689
17 139 691
26 138 691
34 137 691
70 110 691
74 103 691
80 96 691
81 95 691
99 92 691
105 79 691
113 78 691
115 77 691
144 75 691
8 139 692
30 138 692
43 137 692
55 110 692
58 103 692
59 96 692
61 95 692
70 92 692
126 79 692
128 78 692
132 77 692
133 75 692
1 111 693
13 110 693
16 106 693
23 105 693
44 104 693
68 100 693
82 99 693
88 98 693
94 97 693
108 96 693
114 95 693
121 75 693
2 114 696
6 97 696
6 98 696
9 112 696
10 95 696
10 96 696
17 111 696
21 110 696
22 75 696
22 76 696
54 99 696
54 100 696
61 97 696
61 98 696
114 99 696
125 75 696
125 96 696
132 100 696
6 135 697
26 115 697
72 113 697
76 102 697
80 81 697
86 101 697
96 100 697
98 79 697
100 75 697
104 99 697
111 98 697
130 80 697
2 133 698
3 132 698
6 113 698
13 106 698
43 105 698
51 104 698
63 100 698
69 99 698
80 98 698
95 97 698
127 96 698
150 75 698
9 106 699
23 105 699
37 104 699
66 100 699
74 99 699
112 98 699
113 97 699
124 96 699
130 83 699
133 82 699
142 81 699
145 75 699
0 111 702
8 110 702
23 100 702
24 99 702
38 98 702
49 97 702
60 96 702
70 95 702
78 79 702
89 93 702
105 91 702
111 75 702
115 90 702
119 86 702
125 85 702
137 84 702
144 80 702
149 78 702
10 114 703
15 112 703
27 106 703
43 105 703
47 104 703
58 100 703
61 99 703
63 98 703
71 97 703
73 96 703
79 76 703
147 75 703
2 129 704
4 127 704
8 126 704
14 125 704
17 124 704
23 122 704
30 115 704
33 113 704
46 112 704
52 111 704
54 110 704
61 109 704
69 102 704
70 101 704
72 100 704
74 99 704
79 98 704
102 43 704
107 97 704
110 42 704
113 41 704
123 87 704
131 86 704
133 85 704
12 150 705
52 96 705
73 17 705
73 18 705
110 94 705
110 16 705
111 95 705
124 94 705
129 92 705
129 93 705
135 93 705
136 92 705
11 141 706
35 140 706
39 136 706
41 135 706
51 134 706
69 5 706
69 6 706
76 115 706
77 114 706
80 77 706
81 76 706
84 113 706
91 75 706
110 97 706
113 115 706
113 135 706
118 96 706
119 91 706
122 136 706
122 4 706
126 81 706
129 80 706
145 79 706
148 78 706
48 133 709
53 132 709
58 113 709
60 106 709
66 105 709
104 97 709
112 104 709
124 100 709
126 99 709
127 98 709
132 96 709
133 75 709
2 149 710
4 0 710
4 3 710
6 14 710
6 15 710
13 148 710
14 104 710
14 105 710
15 147 710
33 139 710
35 138 710
39 136 710
40 132 710
41 131 710
43 129 710
49 112 710
62 111 710
63 110 710
65 109 710
70 105 710
77 104 710
83 103 710
86 102 710
87 101 710
91 100 710
95 72 710
105 43 710
106 99 710
107 98 710
111 41 710
115 97 710
121 95 710
131 102 710
131 103 710
133 94 710
134 75 710
139 75 710
139 101 710
140 4 710
140 7 710
146 74 710
147 16 710
50 103 711
63 102 711
65 101 711
75 96 711
145 97 711
147 75 711
9 139 715
61 86 715
65 85 715
71 84 715
133 68 715
139 8 715
0 100 716
0 101 716
50 98 716
50 99 716
51 75 716
51 97 716
84 100 716
84 101 716
89 98 716
89 99 716
123 75 716
123 97 716
16 100 717
56 99 717
69 98 717
90 97 717
117 96 717
140 75 717
13 136 718
22 135 718
26 134 718
47 67 718
56 55 718
149 36 718
31 104 719
97 103 719
114 102 719
131 94 719
137 93 719
140 75 719
28 114 722
64 112 722
91 106 722
105 76 722
115 105 722
117 104 722
31 106 725
49 105 725
52 104 725
63 97 725
77 96 725
131 75 725
37 17 728
37 18 728
45 150 728
74 96 728
75 94 728
75 16 728
78 95 728
106 94 728
115 92 728
115 93 728
126 93 728
138 92 728
4 142 730
34 141 730
48 140 730
53 114 730
98 112 730
137 76 730
21 103 731
77 102 731
92 101 731
95 100 731
105 99 731
137 98 731
11 111 732
19 110 732
62 61 732
99 82 732
122 63 732
141 62 732
3 120 734
4 119 734
8 118 734
100 94 734
102 93 734
109 75 734
8 142 736
31 141 736
46 140 736
87 114 736
106 112 736
144 76 736
1 100 737
23 99 737
29 98 737
79 97 737
124 96 737
147 0 737
8 100 742
22 99 742
53 98 742
59 97 742
73 96 742
148 0 742
8 68 745
38 139 745
51 86 745
93 85 745
128 84 745
143 8 745
4 144 747
9 121 747
18 89 747
55 87 747
64 86 747
139 5 747
3 106 748
12 105 748
96 75 748
109 104 748
111 97 748
122 96 748
14 135 752
23 115 752
27 113 752
36 98 752
43 88 752
43 89 752
48 98 752
48 75 752
59 97 752
128 75 752
128 97 752
134 90 752
7 144 753
8 121 753
14 89 753
113 87 753
133 86 753
142 5 753
29 114 754
33 112 754
79 106 754
89 105 754
134 104 754
142 76 754
33 107 755
43 106 755
44 105 755
59 104 755
124 95 755
147 94 755
9 144 760
39 121 760
46 89 760
69 87 760
90 86 760
130 5 760
39 103 761
51 102 761
63 101 761
82 97 761
83 96 761
124 75 761
5 149 763
7 131 763
75 102 763
101 75 763
120 101 763
142 95 763
7 103 769
17 102 769
29 101 769
72 100 769
102 98 769
128 99 769
35 107 773
50 106 773
52 105 773
61 104 773
75 95 773
112 94 773
63 105 774
81 99 774
84 98 774
100 96 774
133 95 774
138 0 774
3 106 775
9 105 775
69 104 775
84 83 775
113 82 775
133 81 775
33 144 776
45 143 776
79 141 776
112 99 776
145 98 776
146 0 776
0 106 777
4 105 777
20 104 777
43 93 777
99 91 777
101 90 777
0 104 778
27 103 778
28 102 778
45 94 778
115 93 778
123 75 778
58 100 780
71 99 780
87 98 780
90 97 780
103 96 780
126 0 780
8 100 781
16 99 781
34 98 781
49 97 781
50 96 781
95 75 781
13 104 782
27 103 782
45 99 782
59 98 782
60 97 782
72 84 782
82 13 782
83 82 782
88 81 782
108 75 782
110 16 782
115 14 782
32 111 783
33 110 783
48 82 783
81 63 783
98 62 783
114 61 783
7 111 784
24 110 784
61 62 784
68 82 784
94 63 784
147 61 784
30 131 786
40 114 786
76 113 786
110 87 786
132 86 786
134 84 786
18 131 787
35 114 787
39 113 787
80 87 787
113 84 787
122 86 787
4 111 793
18 110 793
53 82 793
73 63 793
78 62 793
91 61 793
19 111 798
39 110 798
77 82 798
101 63 798
115 62 798
141 61 798
4 111 799
8 110 799
29 82 799
54 63 799
59 62 799
120 61 799
7 111 803
9 110 803
53 82 803
60 63 803
128 62 803
140 61 803
1 149 805
18 110 805
33 91 805
37 61 805
63 60 805
136 59 805
15 149 809
24 110 809
63 91 809
69 61 809
112 60 809
137 59 809
95 149 812
120 110 812
126 91 812
138 61 812
142 60 812
148 59 812
