14 100 0
14 101 0
60 98 0
60 99 0
61 96 0
61 97 0
65 101 0
65 75 0
82 99 0
82 100 0
114 97 0
114 98 0
149 75 0
149 96 0
28 100 2
28 101 2
71 98 2
71 99 2
80 96 2
80 97 2
90 101 2
90 75 2
112 99 2
112 100 2
122 97 2
122 98 2
147 75 2
147 96 2
1 100 3
1 101 3
36 98 3
36 99 3
39 96 3
39 97 3
60 101 3
60 75 3
111 99 3
111 100 3
137 97 3
137 98 3
147 75 3
147 96 3
66 100 4
66 101 4
71 98 4
71 99 4
96 97 4
96 98 4
97 75 4
97 96 4
104 96 4
104 97 4
109 101 4
109 75 4
149 99 4
149 100 4
3 100 5
3 101 5
39 98 5
39 99 5
48 96 5
48 97 5
54 101 5
54 75 5
59 99 5
59 100 5
141 97 5
141 98 5
145 75 5
145 96 5
14 100 6
14 101 6
71 98 6
71 99 6
72 96 6
72 97 6
98 75 6
98 96 6
137 101 6
137 75 6
142 99 6
142 100 6
146 97 6
146 98 6
0 136 7
2 135 7
3 134 7
4 114 7
6 87 7
6 88 7
7 85 7
7 86 7
14 112 7
17 111 7
19 110 7
20 109 7
23 108 7
24 83 7
24 84 7
25 81 7
25 82 7
26 107 7
28 79 7
28 80 7
30 106 7
31 77 7
31 78 7
34 105 7
37 104 7
39 103 7
48 102 7
50 75 7
50 76 7
56 107 7
56 108 7
57 101 7
65 105 7
65 106 7
73 100 7
82 99 7
85 98 7
89 99 7
89 100 7
90 97 7
91 97 7
91 98 7
95 91 7
100 75 7
100 96 7
104 90 7
106 89 7
115 103 7
115 104 7
116 96 7
117 101 7
117 102 7
120 95 7
133 94 7
140 93 7
142 92 7
0 136 8
1 87 8
1 88 8
4 135 8
6 134 8
8 114 8
13 112 8
16 111 8
18 110 8
20 109 8
27 108 8
28 107 8
29 106 8
36 105 8
43 104 8
45 103 8
58 85 8
58 86 8
59 102 8
62 101 8
63 100 8
66 99 8
75 83 8
75 84 8
76 98 8
87 75 8
87 76 8
91 107 8
91 108 8
94 105 8
94 106 8
96 103 8
96 104 8
98 101 8
98 102 8
102 99 8
102 100 8
104 90 8
105 97 8
105 98 8
107 75 8
107 96 8
116 97 8
119 96 8
121 95 8
124 81 8
124 82 8
125 79 8
125 80 8
128 94 8
131 93 8
135 89 8
140 92 8
143 77 8
143 78 8
144 91 8
11 100 9
11 101 9
21 98 9
21 99 9
47 96 9
47 97 9
86 101 9
86 75 9
88 99 9
88 100 9
131 97 9
131 98 9
150 75 9
150 96 9
0 136 10
4 135 10
6 134 10
10 114 10
11 112 10
12 111 10
15 87 10
15 88 10
18 85 10
18 86 10
19 83 10
19 84 10
20 110 10
25 109 10
33 81 10
33 82 10
37 108 10
39 79 10
39 80 10
41 77 10
41 78 10
42 107 10
43 106 10
44 105 10
49 75 10
49 76 10
53 107 10
53 108 10
54 104 10
55 103 10
58 102 10
66 101 10
68 105 10
68 106 10
75 100 10
76 99 10
79 101 10
79 102 10
88 99 10
88 100 10
89 97 10
89 98 10
91 75 10
91 96 10
94 92 10
98 91 10
108 90 10
114 89 10
116 98 10
119 103 10
119 104 10
128 97 10
141 96 10
146 95 10
148 94 10
149 93 10
1 136 11
9 135 11
11 134 11
13 114 11
18 87 11
18 88 11
25 112 11
26 85 11
26 86 11
28 83 11
28 84 11
29 111 11
31 81 11
31 82 11
32 79 11
32 80 11
40 110 11
46 109 11
47 77 11
47 78 11
48 108 11
49 107 11
52 106 11
56 105 11
57 104 11
58 75 11
58 76 11
65 103 11
66 102 11
75 101 11
78 100 11
88 99 11
96 90 11
106 97 11
106 98 11
108 75 11
108 96 11
111 89 11
113 107 11
113 108 11
115 105 11
115 106 11
116 98 11
118 97 11
123 103 11
123 104 11
124 96 11
125 95 11
126 94 11
127 93 11
131 92 11
141 91 11
147 101 11
147 102 11
150 99 11
150 100 11
6 87 14
6 88 14
10 136 14
17 135 14
19 134 14
24 114 14
25 112 14
26 111 14
27 85 14
27 86 14
29 83 14
29 84 14
35 110 14
37 81 14
37 82 14
42 79 14
42 80 14
51 109 14
55 108 14
58 107 14
70 77 14
70 78 14
71 106 14
73 105 14
74 75 14
74 76 14
78 104 14
80 97 14
80 98 14
85 103 14
87 102 14
88 75 14
88 96 14
97 95 14
100 94 14
110 93 14
111 92 14
114 91 14
116 107 14
116 108 14
118 101 14
120 105 14
120 106 14
125 100 14
126 103 14
126 104 14
127 101 14
127 102 14
132 99 14
132 100 14
134 90 14
135 89 14
137 99 14
140 98 14
145 97 14
149 96 14
0 136 15
3 135 15
5 134 15
11 114 15
21 112 15
25 87 15
25 88 15
28 85 15
28 86 15
32 83 15
32 84 15
34 81 15
34 82 15
36 111 15
40 79 15
40 80 15
49 110 15
50 109 15
53 77 15
53 78 15
55 108 15
56 107 15
61 106 15
64 105 15
66 104 15
68 103 15
72 102 15
74 101 15
81 105 15
81 106 15
85 100 15
90 99 15
91 98 15
94 103 15
94 104 15
95 92 15
99 75 15
99 96 15
108 91 15
109 90 15
114 101 15
114 102 15
125 97 15
127 96 15
128 75 15
128 76 15
131 107 15
131 108 15
133 95 15
134 99 15
134 100 15
135 89 15
136 97 15
136 98 15
146 94 15
148 93 15
1 87 16
1 88 16
3 85 16
3 86 16
6 136 16
11 83 16
11 84 16
16 81 16
16 82 16
18 79 16
18 80 16
19 77 16
19 78 16
21 75 16
21 76 16
22 135 16
26 134 16
36 114 16
37 112 16
41 111 16
42 110 16
45 109 16
46 108 16
53 107 16
53 108 16
55 105 16
55 106 16
56 107 16
57 106 16
59 105 16
67 103 16
67 104 16
70 101 16
70 102 16
72 104 16
73 103 16
74 102 16
81 101 16
84 100 16
85 99 16
88 98 16
90 97 16
96 75 16
96 97 16
101 90 16
111 89 16
112 96 16
112 98 16
113 96 16
121 99 16
121 100 16
122 95 16
137 94 16
138 93 16
145 92 16
150 91 16
0 117 17
0 118 17
0 119 17
1 150 17
2 149 17
3 148 17
5 147 17
7 146 17
8 145 17
11 72 17
11 73 17
12 144 17
13 143 17
15 142 17
18 141 17
19 68 17
19 70 17
20 111 17
20 115 17
20 116 17
24 65 17
24 66 17
25 140 17
26 60 17
26 63 17
27 57 17
27 59 17
29 139 17
30 138 17
31 55 17
31 56 17
32 52 17
32 53 17
33 70 17
33 73 17
33 90 17
34 137 17
35 60 17
35 63 17
35 66 17
36 50 17
36 51 17
38 136 17
40 53 17
40 55 17
40 59 17
41 135 17
42 33 17
42 34 17
44 46 17
44 49 17
44 51 17
45 133 17
46 132 17
47 106 17
47 109 17
47 110 17
48 131 17
49 130 17
50 128 17
52 122 17
53 121 17
55 120 17
59 34 17
59 49 17
59 51 17
60 28 17
60 32 17
63 119 17
64 91 17
64 95 17
64 101 17
65 25 17
65 27 17
67 118 17
68 38 17
68 41 17
68 43 17
70 117 17
71 116 17
72 23 17
72 24 17
73 115 17
75 15 17
75 17 17
77 114 17
80 149 17
80 150 17
80 34 17
82 113 17
83 112 17
84 111 17
85 110 17
86 116 17
86 117 17
86 118 17
88 48 17
88 49 17
89 109 17
90 106 17
91 92 17
93 105 17
95 13 17
95 14 17
96 11 17
96 12 17
97 44 17
97 46 17
98 102 17
99 90 17
100 1 17
100 3 17
101 87 17
102 86 17
103 101 17
106 149 17
106 150 17
108 100 17
110 85 17
111 82 17
113 147 17
113 148 17
116 81 17
121 145 17
121 146 17
123 99 17
124 42 17
124 43 17
125 40 17
125 41 17
126 96 17
127 95 17
129 35 17
129 38 17
130 143 17
130 144 17
131 141 17
131 142 17
132 139 17
132 140 17
134 91 17
137 95 17
137 101 17
137 115 17
139 80 17
140 120 17
140 122 17
143 79 17
146 77 17
147 53 17
147 55 17
147 59 17
148 76 17
149 75 17
1 150 18
3 149 18
4 148 18
5 72 18
5 73 18
6 147 18
8 146 18
10 145 18
12 144 18
15 143 18
17 142 18
21 141 18
23 140 18
25 68 18
25 70 18
27 106 18
27 109 18
27 110 18
31 139 18
32 91 18
32 95 18
32 101 18
33 65 18
33 66 18
36 138 18
37 60 18
37 63 18
39 137 18
40 70 18
40 73 18
40 90 18
43 40 18
43 41 18
44 60 18
44 63 18
44 66 18
45 136 18
46 135 18
49 149 18
49 150 18
49 34 18
50 133 18
52 132 18
53 34 18
53 49 18
53 51 18
56 53 18
56 55 18
56 59 18
57 131 18
58 117 18
58 118 18
58 119 18
59 130 18
61 57 18
61 59 18
62 128 18
63 35 18
63 38 18
64 55 18
64 56 18
65 122 18
66 121 18
68 33 18
68 34 18
69 120 18
71 52 18
71 53 18
72 119 18
73 28 18
73 32 18
74 118 18
76 117 18
78 116 18
79 25 18
79 27 18
80 115 18
81 114 18
82 113 18
83 112 18
84 111 18
84 115 18
84 116 18
85 111 18
86 110 18
87 23 18
87 24 18
89 109 18
90 106 18
91 105 18
92 15 18
92 17 18
95 13 18
95 14 18
97 102 18
98 50 18
98 51 18
99 96 18
104 101 18
106 11 18
106 12 18
107 100 18
108 99 18
109 95 18
110 1 18
110 3 18
111 92 18
112 149 18
112 150 18
113 46 18
113 49 18
113 51 18
114 91 18
117 147 18
117 148 18
118 90 18
120 87 18
121 86 18
125 48 18
125 49 18
127 44 18
127 46 18
128 85 18
129 42 18
129 43 18
130 82 18
131 145 18
131 146 18
133 143 18
133 144 18
135 81 18
136 80 18
138 38 18
138 41 18
138 43 18
139 79 18
140 116 18
140 117 18
140 118 18
141 77 18
142 95 18
142 101 18
142 115 18
144 141 18
144 142 18
145 53 18
145 55 18
145 59 18
147 76 18
148 75 18
149 139 18
149 140 18
150 120 18
150 122 18
0 72 19
0 73 19
3 68 19
3 70 19
5 65 19
5 66 19
8 60 19
8 63 19
9 117 19
9 118 19
9 119 19
11 150 19
14 149 19
16 148 19
17 147 19
18 146 19
19 145 19
20 144 19
22 143 19
23 57 19
23 59 19
24 55 19
24 56 19
25 142 19
26 141 19
27 140 19
29 52 19
29 53 19
30 50 19
30 51 19
31 111 19
31 115 19
31 116 19
32 139 19
35 33 19
35 34 19
38 28 19
38 32 19
39 138 19
40 137 19
41 25 19
41 27 19
43 136 19
46 135 19
47 133 19
49 132 19
50 60 19
50 63 19
50 66 19
51 131 19
52 130 19
53 34 19
53 49 19
53 51 19
56 128 19
58 122 19
59 121 19
60 120 19
61 119 19
62 118 19
64 48 19
64 49 19
65 23 19
65 24 19
66 117 19
67 116 19
68 15 19
68 17 19
69 115 19
70 114 19
71 113 19
72 53 19
72 55 19
72 59 19
74 112 19
75 111 19
76 110 19
77 13 19
77 14 19
81 109 19
82 11 19
82 12 19
83 44 19
83 46 19
84 106 19
86 46 19
86 49 19
86 51 19
88 42 19
88 43 19
89 105 19
90 1 19
90 3 19
91 102 19
94 40 19
94 41 19
96 149 19
96 150 19
97 35 19
97 38 19
98 101 19
99 147 19
99 148 19
101 96 19
102 95 19
105 92 19
106 91 19
107 106 19
107 109 19
107 110 19
108 100 19
111 145 19
111 146 19
114 38 19
114 41 19
114 43 19
115 90 19
117 143 19
117 144 19
118 87 19
119 141 19
119 142 19
121 86 19
122 85 19
123 91 19
123 95 19
123 101 19
127 99 19
128 82 19
132 139 19
132 140 19
134 70 19
134 73 19
134 90 19
137 149 19
137 150 19
137 34 19
138 116 19
138 117 19
138 118 19
139 95 19
139 101 19
139 115 19
140 53 19
140 55 19
140 59 19
141 81 19
142 80 19
144 79 19
145 77 19
146 76 19
148 120 19
148 122 19
149 75 19
0 150 20
1 149 20
2 72 20
2 73 20
3 68 20
3 70 20
4 117 20
4 118 20
4 119 20
5 148 20
6 65 20
6 66 20
8 60 20
8 63 20
10 147 20
11 57 20
11 59 20
12 55 20
12 56 20
16 146 20
17 52 20
17 53 20
18 145 20
21 50 20
21 51 20
22 144 20
26 143 20
27 142 20
30 141 20
31 48 20
31 49 20
32 70 20
32 73 20
32 90 20
37 140 20
38 25 20
38 27 20
39 44 20
39 46 20
40 23 20
40 24 20
42 139 20
47 111 20
47 115 20
47 116 20
48 15 20
48 17 20
50 13 20
50 14 20
51 138 20
52 137 20
54 136 20
56 135 20
61 106 20
61 109 20
61 110 20
62 42 20
62 43 20
63 133 20
64 132 20
65 11 20
65 12 20
66 131 20
67 130 20
69 128 20
70 1 20
70 3 20
72 60 20
72 63 20
72 66 20
74 122 20
76 121 20
77 53 20
77 55 20
77 59 20
78 120 20
79 119 20
80 118 20
81 117 20
82 116 20
85 115 20
87 114 20
89 40 20
89 41 20
90 113 20
91 112 20
92 149 20
92 150 20
95 147 20
95 148 20
96 145 20
96 146 20
97 91 20
97 95 20
97 101 20
98 111 20
99 46 20
99 49 20
99 51 20
101 102 20
105 100 20
106 99 20
107 35 20
107 38 20
110 96 20
112 143 20
112 144 20
113 95 20
114 92 20
115 91 20
116 141 20
116 142 20
118 34 20
118 49 20
118 51 20
119 90 20
120 87 20
121 86 20
122 85 20
123 33 20
123 34 20
124 110 20
125 109 20
126 28 20
126 32 20
127 106 20
128 38 20
128 41 20
128 43 20
129 105 20
130 149 20
130 150 20
130 34 20
131 139 20
131 140 20
132 82 20
133 116 20
133 117 20
133 118 20
134 101 20
135 95 20
135 101 20
135 115 20
136 53 20
136 55 20
136 59 20
137 81 20
138 80 20
140 120 20
140 122 20
144 79 20
145 77 20
147 76 20
148 75 20
2 150 21
3 149 21
5 148 21
9 117 21
9 118 21
9 119 21
11 147 21
13 146 21
14 145 21
20 144 21
21 72 21
21 73 21
22 143 21
24 68 21
24 70 21
26 142 21
27 141 21
28 140 21
29 111 21
29 115 21
29 116 21
30 139 21
32 65 21
32 66 21
33 60 21
33 63 21
38 138 21
39 137 21
42 136 21
45 106 21
45 109 21
45 110 21
46 135 21
47 91 21
47 95 21
47 101 21
48 133 21
49 33 21
49 34 21
50 53 21
50 55 21
50 59 21
51 132 21
53 131 21
54 130 21
57 28 21
57 32 21
59 34 21
59 49 21
59 51 21
60 128 21
61 122 21
62 57 21
62 59 21
63 121 21
64 120 21
65 119 21
68 25 21
68 27 21
70 118 21
73 117 21
76 46 21
76 49 21
76 51 21
77 116 21
78 55 21
78 56 21
79 115 21
80 114 21
81 113 21
83 70 21
83 73 21
83 90 21
84 112 21
86 111 21
88 52 21
88 53 21
89 110 21
90 109 21
92 106 21
93 50 21
93 51 21
94 48 21
94 49 21
95 105 21
96 23 21
96 24 21
97 60 21
97 63 21
97 66 21
98 102 21
99 15 21
99 17 21
101 95 21
104 44 21
104 46 21
105 92 21
106 13 21
106 14 21
107 42 21
107 43 21
108 40 21
108 41 21
109 149 21
109 150 21
109 34 21
110 11 21
110 12 21
113 91 21
115 1 21
115 3 21
118 90 21
119 87 21
120 116 21
120 117 21
120 118 21
121 86 21
122 95 21
122 101 21
122 115 21
124 101 21
125 100 21
126 99 21
127 35 21
127 38 21
129 96 21
130 38 21
130 41 21
130 43 21
131 85 21
132 82 21
135 81 21
136 149 21
136 150 21
137 147 21
137 148 21
138 80 21
139 145 21
139 146 21
141 142 21
141 144 21
142 141 21
142 143 21
143 139 21
143 140 21
145 79 21
146 77 21
147 53 21
147 55 21
147 59 21
148 76 21
149 75 21
150 120 21
150 122 21
3 150 22
4 149 22
5 148 22
7 72 22
7 73 22
10 147 22
11 146 22
13 68 22
13 70 22
14 145 22
16 117 22
16 118 22
16 119 22
17 144 22
19 65 22
19 66 22
22 143 22
23 60 22
23 63 22
24 57 22
24 59 22
25 142 22
26 141 22
27 140 22
28 55 22
28 56 22
29 139 22
30 138 22
32 137 22
33 136 22
35 28 22
35 32 22
36 52 22
36 53 22
39 50 22
39 51 22
40 53 22
40 55 22
40 59 22
41 135 22
42 133 22
44 46 22
44 49 22
44 51 22
45 111 22
45 115 22
45 116 22
46 132 22
49 95 22
49 101 22
49 115 22
50 131 22
52 38 22
52 41 22
52 43 22
53 130 22
54 128 22
55 122 22
56 149 22
56 150 22
56 34 22
59 34 22
59 49 22
59 51 22
61 48 22
61 49 22
62 44 22
62 46 22
63 121 22
64 106 22
64 109 22
64 110 22
65 25 22
65 27 22
66 120 22
67 119 22
69 118 22
70 117 22
71 116 22
72 23 22
72 24 22
73 115 22
75 114 22
76 113 22
79 15 22
79 17 22
80 112 22
83 42 22
83 43 22
85 111 22
89 40 22
89 41 22
90 13 22
90 14 22
91 11 22
91 12 22
92 116 22
92 117 22
92 118 22
94 91 22
94 95 22
94 101 22
95 110 22
96 1 22
96 3 22
97 35 22
97 38 22
100 109 22
101 100 22
104 106 22
105 149 22
105 150 22
107 70 22
107 73 22
107 90 22
110 147 22
110 148 22
114 99 22
115 96 22
116 95 22
118 92 22
119 91 22
121 90 22
122 87 22
123 105 22
124 60 22
124 63 22
124 66 22
125 33 22
125 34 22
126 102 22
127 101 22
128 86 22
130 145 22
130 146 22
132 85 22
133 82 22
135 81 22
136 80 22
137 143 22
137 144 22
139 79 22
141 77 22
142 76 22
143 141 22
143 142 22
144 139 22
144 140 22
145 53 22
145 55 22
145 59 22
147 120 22
147 122 22
149 75 22
1 72 23
1 73 23
2 68 23
2 70 23
3 150 23
4 117 23
4 118 23
4 119 23
7 65 23
7 66 23
8 60 23
8 63 23
9 149 23
10 148 23
12 147 23
13 57 23
13 59 23
14 55 23
14 56 23
15 52 23
15 53 23
16 50 23
16 51 23
17 146 23
18 111 23
18 115 23
18 116 23
21 106 23
21 109 23
21 110 23
22 48 23
22 49 23
24 44 23
24 46 23
27 145 23
28 144 23
29 42 23
29 43 23
30 143 23
32 142 23
34 141 23
35 25 23
35 27 23
40 140 23
41 139 23
43 138 23
44 60 23
44 63 23
44 66 23
46 137 23
47 136 23
48 23 23
48 24 23
49 15 23
49 17 23
52 53 23
52 55 23
52 59 23
53 135 23
54 91 23
54 95 23
54 101 23
56 133 23
57 132 23
58 40 23
58 41 23
59 13 23
59 14 23
60 131 23
63 130 23
70 11 23
70 12 23
71 128 23
73 1 23
73 3 23
75 122 23
77 121 23
78 120 23
79 149 23
79 150 23
80 119 23
82 118 23
83 35 23
83 38 23
84 33 23
84 34 23
86 46 23
86 49 23
86 51 23
87 38 23
87 41 23
87 43 23
88 117 23
89 116 23
90 115 23
92 147 23
92 148 23
93 114 23
95 113 23
97 70 23
97 73 23
97 90 23
98 112 23
99 111 23
100 101 23
101 95 23
101 115 23
101 116 23
104 110 23
109 99 23
110 145 23
110 146 23
111 96 23
113 95 23
114 92 23
115 53 23
115 55 23
115 59 23
116 91 23
117 90 23
118 34 23
118 49 23
118 51 23
119 143 23
119 144 23
120 87 23
123 109 23
125 106 23
126 28 23
126 32 23
127 105 23
128 149 23
128 150 23
128 34 23
129 102 23
132 86 23
134 100 23
135 85 23
136 82 23
138 81 23
140 80 23
141 101 23
141 117 23
141 118 23
142 79 23
143 77 23
144 76 23
145 141 23
145 142 23
146 75 23
147 139 23
147 140 23
149 120 23
149 122 23
0 9 24
0 10 24
0 11 24
0 12 24
1 117 24
1 118 24
3 34 24
3 35 24
3 36 24
4 30 24
4 32 24
4 33 24
5 115 24
5 116 24
6 113 24
6 114 24
7 100 24
7 101 24
7 102 24
7 103 24
8 111 24
8 112 24
9 8 24
9 10 24
9 11 24
10 150 24
11 86 24
11 89 24
11 91 24
11 99 24
12 5 24
12 6 24
12 7 24
13 109 24
13 110 24
14 81 24
14 83 24
14 84 24
14 85 24
16 149 24
16 3 24
16 4 24
19 71 24
19 75 24
19 76 24
19 78 24
20 146 24
20 147 24
20 148 24
21 142 24
21 144 24
21 145 24
22 138 24
22 139 24
22 140 24
23 149 24
24 148 24
25 147 24
26 107 24
26 108 24
27 55 24
27 68 24
27 69 24
27 70 24
28 45 24
28 48 24
28 49 24
28 51 24
29 105 24
29 106 24
30 146 24
32 134 24
32 136 24
32 137 24
33 145 24
34 19 24
34 24 24
34 25 24
34 27 24
35 129 24
35 130 24
35 133 24
36 144 24
37 103 24
37 104 24
38 121 24
38 126 24
38 128 24
41 101 24
41 102 24
43 99 24
43 100 24
44 116 24
44 117 24
44 118 24
45 113 24
45 114 24
45 115 24
47 108 24
47 110 24
47 112 24
48 95 24
48 97 24
49 104 24
49 105 24
49 107 24
50 133 24
50 134 24
50 136 24
50 138 24
51 143 24
52 142 24
53 3 24
53 5 24
53 7 24
53 8 24
54 140 24
56 101 24
56 102 24
56 103 24
57 139 24
58 93 24
58 94 24
59 90 24
59 91 24
60 88 24
60 89 24
61 27 24
61 28 24
61 29 24
62 24 24
62 25 24
62 26 24
63 21 24
63 22 24
63 23 24
64 138 24
66 86 24
66 87 24
67 97 24
67 99 24
67 100 24
68 84 24
68 85 24
69 81 24
69 83 24
71 15 24
71 16 24
71 17 24
71 18 24
73 70 24
73 71 24
74 35 24
74 37 24
74 41 24
74 42 24
76 91 24
76 94 24
76 95 24
77 137 24
78 10 24
78 11 24
78 12 24
78 14 24
79 126 24
79 128 24
79 129 24
79 130 24
81 76 24
81 77 24
81 78 24
82 79 24
82 80 24
83 68 24
83 69 24
84 140 24
84 3 24
84 8 24
84 9 24
85 73 24
85 74 24
85 75 24
86 66 24
86 67 24
87 64 24
87 65 24
88 114 24
88 115 24
88 116 24
88 121 24
91 121 24
91 130 24
91 134 24
91 136 24
92 139 24
92 140 24
92 145 24
92 149 24
93 136 24
94 69 24
94 70 24
94 71 24
95 57 24
95 60 24
95 68 24
96 18 24
96 19 24
96 20 24
97 54 24
97 55 24
97 56 24
98 15 24
98 16 24
98 17 24
99 48 24
99 49 24
99 78 24
99 83 24
100 49 24
100 51 24
100 52 24
101 45 24
101 47 24
101 48 24
102 42 24
102 43 24
102 44 24
103 38 24
103 39 24
103 41 24
104 103 24
104 113 24
104 115 24
104 116 24
105 57 24
105 60 24
106 55 24
106 56 24
107 34 24
107 35 24
107 37 24
108 30 24
108 32 24
108 33 24
109 87 24
109 89 24
109 90 24
110 52 24
110 54 24
111 50 24
111 51 24
113 134 24
114 48 24
114 49 24
115 133 24
116 32 24
116 33 24
116 34 24
116 37 24
117 132 24
119 130 24
120 77 24
120 78 24
121 46 24
121 47 24
122 84 24
122 85 24
122 86 24
123 44 24
123 45 24
124 42 24
124 43 24
125 80 24
125 81 24
125 83 24
128 99 24
128 100 24
128 101 24
128 102 24
129 39 24
129 41 24
130 8 24
130 12 24
130 15 24
130 29 24
131 75 24
131 76 24
132 129 24
133 128 24
134 37 24
134 38 24
135 9 24
135 12 24
135 14 24
136 127 24
137 27 24
137 28 24
137 29 24
138 126 24
139 24 24
139 25 24
139 26 24
140 125 24
141 73 24
141 74 24
142 124 24
143 104 24
143 105 24
143 110 24
143 113 24
144 17 24
144 18 24
144 19 24
145 14 24
145 15 24
145 16 24
146 123 24
147 122 24
148 29 24
148 32 24
148 33 24
148 34 24
149 121 24
150 119 24
0 150 25
3 149 25
6 72 25
6 73 25
7 148 25
8 68 25
8 70 25
9 65 25
9 66 25
10 147 25
11 60 25
11 63 25
11 66 25
12 146 25
13 145 25
14 60 25
14 63 25
15 57 25
15 59 25
16 55 25
16 56 25
17 144 25
18 117 25
18 118 25
18 119 25
19 143 25
21 142 25
22 141 25
24 140 25
26 139 25
27 138 25
28 137 25
29 136 25
30 135 25
32 133 25
34 52 25
34 53 25
35 53 25
35 55 25
35 59 25
36 50 25
36 51 25
39 48 25
39 49 25
40 33 25
40 34 25
41 132 25
45 131 25
46 130 25
47 111 25
47 115 25
47 116 25
48 128 25
49 28 25
49 32 25
50 122 25
52 46 25
52 49 25
52 51 25
53 121 25
54 44 25
54 46 25
56 120 25
58 42 25
58 43 25
60 25 25
60 27 25
61 119 25
63 116 25
63 117 25
63 118 25
64 106 25
64 109 25
64 110 25
65 23 25
65 24 25
70 118 25
71 117 25
72 116 25
74 40 25
74 41 25
75 115 25
77 15 25
77 17 25
78 114 25
82 113 25
83 91 25
83 95 25
83 101 25
84 112 25
86 13 25
86 14 25
87 111 25
88 110 25
92 109 25
93 70 25
93 73 25
93 90 25
98 106 25
99 95 25
100 38 25
100 41 25
100 43 25
102 11 25
102 12 25
103 105 25
104 102 25
106 1 25
106 3 25
109 92 25
110 95 25
110 101 25
110 115 25
111 149 25
111 150 25
112 91 25
113 147 25
113 148 25
117 90 25
119 145 25
119 146 25
121 143 25
121 144 25
123 101 25
124 100 25
126 99 25
128 87 25
129 96 25
130 86 25
131 85 25
132 149 25
132 150 25
132 34 25
134 35 25
134 38 25
135 141 25
135 142 25
136 82 25
137 81 25
140 53 25
140 55 25
140 59 25
142 80 25
143 79 25
144 77 25
145 139 25
145 140 25
146 34 25
146 49 25
146 51 25
147 76 25
148 75 25
149 120 25
149 122 25
0 150 26
1 72 26
1 73 26
3 68 26
3 70 26
4 149 26
5 148 26
7 65 26
7 66 26
8 147 26
9 146 26
10 60 26
10 63 26
11 145 26
12 144 26
13 143 26
16 142 26
17 70 26
17 73 26
17 90 26
18 117 26
18 118 26
18 119 26
19 141 26
20 57 26
20 59 26
21 140 26
25 139 26
29 55 26
29 56 26
30 52 26
30 53 26
31 138 26
33 60 26
33 63 26
33 66 26
34 137 26
35 136 26
37 111 26
37 115 26
37 116 26
38 95 26
38 101 26
38 115 26
39 50 26
39 51 26
41 40 26
41 42 26
42 35 26
42 38 26
44 33 26
44 34 26
45 135 26
46 28 26
46 32 26
49 53 26
49 55 26
49 59 26
50 25 26
50 27 26
51 133 26
52 132 26
54 131 26
55 34 26
55 49 26
55 51 26
56 130 26
57 53 26
57 55 26
57 59 26
58 128 26
61 122 26
62 48 26
62 49 26
65 23 26
65 24 26
67 121 26
69 44 26
69 46 26
72 46 26
72 49 26
72 51 26
73 15 26
73 17 26
75 120 26
77 13 26
77 14 26
80 11 26
80 12 26
81 119 26
83 118 26
84 117 26
90 116 26
91 1 26
91 3 26
93 115 26
97 114 26
100 113 26
101 112 26
102 149 26
102 150 26
103 106 26
103 109 26
103 110 26
105 102 26
106 101 26
107 111 26
108 91 26
108 95 26
108 101 26
109 100 26
110 99 26
112 147 26
112 148 26
113 38 26
113 41 26
113 43 26
115 96 26
116 95 26
118 92 26
119 91 26
120 90 26
121 149 26
121 150 26
121 34 26
123 110 26
125 41 26
125 43 26
127 109 26
128 87 26
129 106 26
130 145 26
130 146 26
131 116 26
131 117 26
131 118 26
133 86 26
134 105 26
135 85 26
136 143 26
136 144 26
137 82 26
138 141 26
138 142 26
140 81 26
141 80 26
143 139 26
143 140 26
145 79 26
146 77 26
147 120 26
147 122 26
148 76 26
149 75 26
0 34 27
0 35 27
0 36 27
1 30 27
1 32 27
1 33 27
2 9 27
2 10 27
2 11 27
2 12 27
3 27 27
3 28 27
3 29 27
4 117 27
4 118 27
5 24 27
5 25 27
5 26 27
6 115 27
6 116 27
7 113 27
7 114 27
9 8 27
9 10 27
9 11 27
10 150 27
11 149 27
12 5 27
12 6 27
12 7 27
13 148 27
14 111 27
14 112 27
18 126 27
18 128 27
18 129 27
18 130 27
19 114 27
19 115 27
19 116 27
19 121 27
20 149 27
20 3 27
20 4 27
22 146 27
22 147 27
22 148 27
23 109 27
23 110 27
24 147 27
25 107 27
25 108 27
26 146 27
27 105 27
27 106 27
28 103 27
28 104 27
29 104 27
29 105 27
29 110 27
29 113 27
30 101 27
30 102 27
32 145 27
33 142 27
33 144 27
33 145 27
34 138 27
34 139 27
34 140 27
35 29 27
35 32 27
35 33 27
35 34 27
36 99 27
36 100 27
37 95 27
37 97 27
38 93 27
38 94 27
40 21 27
40 22 27
40 23 27
41 134 27
41 136 27
41 137 27
42 90 27
42 91 27
43 100 27
43 101 27
43 102 27
43 103 27
44 86 27
44 89 27
44 91 27
44 99 27
45 88 27
45 89 27
46 144 27
47 81 27
47 83 27
47 84 27
47 85 27
48 143 27
49 129 27
49 130 27
49 133 27
50 121 27
50 126 27
50 128 27
52 142 27
54 71 27
54 75 27
54 76 27
54 78 27
55 86 27
55 87 27
56 55 27
56 68 27
56 69 27
56 70 27
57 116 27
57 117 27
57 118 27
60 113 27
60 114 27
60 115 27
61 3 27
61 5 27
61 7 27
61 8 27
62 18 27
62 19 27
62 20 27
63 15 27
63 16 27
63 17 27
64 140 27
67 84 27
67 85 27
68 108 27
68 110 27
68 112 27
69 104 27
69 105 27
69 107 27
70 19 27
70 24 27
70 25 27
70 27 27
72 139 27
73 101 27
73 102 27
73 103 27
74 81 27
74 83 27
75 76 27
75 77 27
78 73 27
78 74 27
78 75 27
79 97 27
79 99 27
79 100 27
80 69 27
80 70 27
80 71 27
81 57 27
81 60 27
81 68 27
82 138 27
83 15 27
83 16 27
83 17 27
83 18 27
85 54 27
85 55 27
85 56 27
86 10 27
86 11 27
86 12 27
86 14 27
88 91 27
88 94 27
88 95 27
89 49 27
89 51 27
89 52 27
90 137 27
91 73 27
91 74 27
92 9 27
92 12 27
92 14 27
93 136 27
94 70 27
94 71 27
95 45 27
95 47 27
95 48 27
96 79 27
96 80 27
98 139 27
98 140 27
98 145 27
98 149 27
99 68 27
99 69 27
100 66 27
100 67 27
101 42 27
101 43 27
101 44 27
102 99 27
102 100 27
102 101 27
102 103 27
103 134 27
104 38 27
104 39 27
104 41 27
105 34 27
105 35 27
105 37 27
106 133 27
107 64 27
107 65 27
108 132 27
109 87 27
109 89 27
109 90 27
110 57 27
110 60 27
111 130 27
113 129 27
114 55 27
114 56 27
115 30 27
115 32 27
115 33 27
116 52 27
116 54 27
117 128 27
118 45 27
118 48 27
118 49 27
118 51 27
119 50 27
119 51 27
120 133 27
120 134 27
120 136 27
120 138 27
121 127 27
122 84 27
122 85 27
122 86 27
123 80 27
123 81 27
123 83 27
124 48 27
124 49 27
125 126 27
126 124 27
127 123 27
128 122 27
129 46 27
129 47 27
130 48 27
130 49 27
130 78 27
130 83 27
131 75 27
131 78 27
132 76 27
132 77 27
132 78 27
133 140 27
133 3 27
133 8 27
133 9 27
134 32 27
134 33 27
134 34 27
134 37 27
135 125 27
136 121 27
137 27 27
137 28 27
137 29 27
138 121 27
138 130 27
138 134 27
138 136 27
139 24 27
139 25 27
139 26 27
140 8 27
140 12 27
140 15 27
140 29 27
142 35 27
142 37 27
142 41 27
142 42 27
143 44 27
143 45 27
144 42 27
144 43 27
145 102 27
145 113 27
145 115 27
145 116 27
146 17 27
146 18 27
146 19 27
147 14 27
147 15 27
147 16 27
148 39 27
148 41 27
149 119 27
150 37 27
150 38 27
0 34 28
0 35 28
0 36 28
1 30 28
1 32 28
1 33 28
2 117 28
2 118 28
3 27 28
3 28 28
3 29 28
6 114 28
6 115 28
6 116 28
6 121 28
7 115 28
7 116 28
8 150 28
9 113 28
9 114 28
10 111 28
10 112 28
11 109 28
11 110 28
12 11 28
12 14 28
12 15 28
14 8 28
14 9 28
14 10 28
15 86 28
15 89 28
15 91 28
15 99 28
16 81 28
16 83 28
16 84 28
16 85 28
17 149 28
18 5 28
18 6 28
18 7 28
19 148 28
20 104 28
20 105 28
20 110 28
20 113 28
21 149 28
21 3 28
21 4 28
22 146 28
22 147 28
22 148 28
23 142 28
23 144 28
23 145 28
24 138 28
24 139 28
24 140 28
25 134 28
25 136 28
25 137 28
26 107 28
26 108 28
29 129 28
29 130 28
29 133 28
31 24 28
31 25 28
31 26 28
32 147 28
33 105 28
33 106 28
34 19 28
34 24 28
34 25 28
34 27 28
35 15 28
35 16 28
35 17 28
35 18 28
36 146 28
37 121 28
37 126 28
37 128 28
38 103 28
38 104 28
41 116 28
41 117 28
41 118 28
42 101 28
42 102 28
43 145 28
44 144 28
45 10 28
45 11 28
45 12 28
45 14 28
46 113 28
46 114 28
46 115 28
47 99 28
47 100 28
49 95 28
49 97 28
50 108 28
50 110 28
50 112 28
51 104 28
51 105 28
51 107 28
52 93 28
52 94 28
53 90 28
53 91 28
55 101 28
55 102 28
55 103 28
56 71 28
56 75 28
56 76 28
56 78 28
57 55 28
57 68 28
57 69 28
57 70 28
58 143 28
59 21 28
59 22 28
59 23 28
60 97 28
60 99 28
60 100 28
61 9 28
61 10 28
61 11 28
61 12 28
63 3 28
63 5 28
63 7 28
63 8 28
64 91 28
64 94 28
64 95 28
65 142 28
66 88 28
66 89 28
67 87 28
67 89 28
67 90 28
68 140 28
69 57 28
69 60 28
69 68 28
70 140 28
70 3 28
70 8 28
70 9 28
71 86 28
71 87 28
72 139 28
72 140 28
72 145 28
72 149 28
73 139 28
74 138 28
75 121 28
75 130 28
75 134 28
75 136 28
76 103 28
76 113 28
76 115 28
76 116 28
77 54 28
77 55 28
77 56 28
78 84 28
78 85 28
79 84 28
79 85 28
79 86 28
80 49 28
80 51 28
80 52 28
81 79 28
81 80 28
83 77 28
83 78 28
84 137 28
85 136 28
86 134 28
87 75 28
87 76 28
88 80 28
88 81 28
88 83 28
89 45 28
89 47 28
89 48 28
90 73 28
90 74 28
91 70 28
91 71 28
92 81 28
92 83 28
93 133 28
94 132 28
95 68 28
95 69 28
97 42 28
97 43 28
97 44 28
98 133 28
98 134 28
98 136 28
98 138 28
99 38 28
99 39 28
99 41 28
101 66 28
101 67 28
102 64 28
102 65 28
103 99 28
103 100 28
103 101 28
103 102 28
104 130 28
106 76 28
106 77 28
106 78 28
109 57 28
109 60 28
110 34 28
110 35 28
110 37 28
111 55 28
111 56 28
112 129 28
113 30 28
113 32 28
113 33 28
114 27 28
114 28 28
114 29 28
115 48 28
115 49 28
115 78 28
115 83 28
116 52 28
116 54 28
117 45 28
117 48 28
117 49 28
117 51 28
118 50 28
118 51 28
120 18 28
120 19 28
120 20 28
121 48 28
121 49 28
122 73 28
122 74 28
122 75 28
123 128 28
124 127 28
125 126 28
127 100 28
127 101 28
127 102 28
127 103 28
128 124 28
130 32 28
130 33 28
130 34 28
130 37 28
131 126 28
131 128 28
131 129 28
131 130 28
132 69 28
132 70 28
132 71 28
133 123 28
134 8 28
134 12 28
134 15 28
134 29 28
135 12 28
135 16 28
135 17 28
136 24 28
136 25 28
136 26 28
137 46 28
137 47 28
138 44 28
138 45 28
139 122 28
140 17 28
140 18 28
140 19 28
141 125 28
142 35 28
142 37 28
142 41 28
142 42 28
143 42 28
143 43 28
144 121 28
145 14 28
145 15 28
145 16 28
146 29 28
146 32 28
146 33 28
146 34 28
147 39 28
147 41 28
148 119 28
150 37 28
150 38 28
0 34 29
0 35 29
0 36 29
1 150 29
2 30 29
2 32 29
2 33 29
3 81 29
3 83 29
3 84 29
3 85 29
4 27 29
4 28 29
4 29 29
5 71 29
5 75 29
5 76 29
5 78 29
6 117 29
6 118 29
7 24 29
7 25 29
7 26 29
8 115 29
8 116 29
9 149 29
10 21 29
10 22 29
10 23 29
11 113 29
11 114 29
12 148 29
13 18 29
13 19 29
13 20 29
14 147 29
15 11 29
15 12 29
15 14 29
16 111 29
16 112 29
17 15 29
17 16 29
17 18 29
17 19 29
18 8 29
18 9 29
18 10 29
19 5 29
19 6 29
19 7 29
20 149 29
20 3 29
20 4 29
22 109 29
22 110 29
23 107 29
23 108 29
24 105 29
24 106 29
25 10 29
25 11 29
25 12 29
25 14 29
26 146 29
27 103 29
27 104 29
28 55 29
28 68 29
28 69 29
28 70 29
32 140 29
32 3 29
32 8 29
32 9 29
33 101 29
33 102 29
34 145 29
35 146 29
35 147 29
35 148 29
36 142 29
36 144 29
36 145 29
37 99 29
37 100 29
38 138 29
38 139 29
38 140 29
39 134 29
39 136 29
39 137 29
40 95 29
40 97 29
41 144 29
42 129 29
42 130 29
42 133 29
43 93 29
43 94 29
44 90 29
44 91 29
45 88 29
45 89 29
46 121 29
46 126 29
46 128 29
47 143 29
48 86 29
48 87 29
49 142 29
50 116 29
50 117 29
50 118 29
52 45 29
52 48 29
52 49 29
52 51 29
54 140 29
55 113 29
55 114 29
55 115 29
56 35 29
56 37 29
56 41 29
56 42 29
57 84 29
57 85 29
58 139 29
59 81 29
59 83 29
60 138 29
61 9 29
61 10 29
61 11 29
61 12 29
62 15 29
62 16 29
62 17 29
64 108 29
64 110 29
64 112 29
66 79 29
66 80 29
67 137 29
68 77 29
68 78 29
69 136 29
70 104 29
70 105 29
70 107 29
71 134 29
72 3 29
72 5 29
72 7 29
72 8 29
73 133 29
74 101 29
74 102 29
74 103 29
76 132 29
77 76 29
77 78 29
77 80 29
78 130 29
79 70 29
79 71 29
80 73 29
80 74 29
80 75 29
82 129 29
83 121 29
83 130 29
83 134 29
83 136 29
84 128 29
85 69 29
85 70 29
85 71 29
86 57 29
86 60 29
86 68 29
88 126 29
88 128 29
88 129 29
88 130 29
89 68 29
89 69 29
90 29 29
90 32 29
90 33 29
90 34 29
91 54 29
91 55 29
91 56 29
92 139 29
92 140 29
92 145 29
92 149 29
94 49 29
94 51 29
94 52 29
95 45 29
95 47 29
95 48 29
97 42 29
97 43 29
97 44 29
98 75 29
98 76 29
99 38 29
99 39 29
99 41 29
100 127 29
101 66 29
101 67 29
102 34 29
102 35 29
102 37 29
103 64 29
103 65 29
104 57 29
104 60 29
105 103 29
105 113 29
105 115 29
105 116 29
106 97 29
106 99 29
106 100 29
107 55 29
107 56 29
108 30 29
108 32 29
108 33 29
109 114 29
109 115 29
109 116 29
109 121 29
110 126 29
111 104 29
111 105 29
111 110 29
111 113 29
112 17 29
112 24 29
112 25 29
112 27 29
115 48 29
115 49 29
115 78 29
115 83 29
116 32 29
116 33 29
116 34 29
116 37 29
117 125 29
118 52 29
118 54 29
119 124 29
120 73 29
120 74 29
121 50 29
121 51 29
122 123 29
123 48 29
123 49 29
124 100 29
124 101 29
124 102 29
124 103 29
125 91 29
125 94 29
125 95 29
126 46 29
126 47 29
127 87 29
127 89 29
127 90 29
128 27 29
128 28 29
128 29 29
129 44 29
129 45 29
132 84 29
132 85 29
132 86 29
133 122 29
136 42 29
136 43 29
137 39 29
137 41 29
138 99 29
138 100 29
138 101 29
138 102 29
139 121 29
140 8 29
140 12 29
140 15 29
140 29 29
141 133 29
141 134 29
141 136 29
141 138 29
143 86 29
143 89 29
143 91 29
143 99 29
144 24 29
144 25 29
144 26 29
145 17 29
145 18 29
145 19 29
146 14 29
146 15 29
146 16 29
147 119 29
149 37 29
149 38 29
150 77 29
150 81 29
150 83 29
0 34 30
0 35 30
0 36 30
1 117 30
1 118 30
3 150 30
5 30 30
5 32 30
5 33 30
6 5 30
6 7 30
6 8 30
7 104 30
7 105 30
7 110 30
7 113 30
8 115 30
8 116 30
9 100 30
9 101 30
9 102 30
9 103 30
10 86 30
10 89 30
10 91 30
10 99 30
11 113 30
11 114 30
12 81 30
12 83 30
12 84 30
12 85 30
13 27 30
13 28 30
13 29 30
14 149 30
15 111 30
15 112 30
16 149 30
16 3 30
16 4 30
17 146 30
17 147 30
17 148 30
20 139 30
20 140 30
20 145 30
20 149 30
21 133 30
21 134 30
21 136 30
21 138 30
22 148 30
23 109 30
23 110 30
24 107 30
24 108 30
25 147 30
26 142 30
26 144 30
26 145 30
27 146 30
29 105 30
29 106 30
30 103 30
30 104 30
31 24 30
31 25 30
31 26 30
33 101 30
33 102 30
34 99 30
34 100 30
35 29 30
35 32 30
35 33 30
35 34 30
36 138 30
36 139 30
36 140 30
37 145 30
38 95 30
38 97 30
39 134 30
39 136 30
39 137 30
40 144 30
41 19 30
41 24 30
41 25 30
41 27 30
42 93 30
42 94 30
43 90 30
43 91 30
44 71 30
44 75 30
44 76 30
44 78 30
45 129 30
45 130 30
45 133 30
46 143 30
47 142 30
48 140 30
51 121 30
51 126 30
51 128 30
53 139 30
54 88 30
54 89 30
55 116 30
55 117 30
55 118 30
56 55 30
56 68 30
56 69 30
56 70 30
57 113 30
57 114 30
57 115 30
58 9 30
58 10 30
58 11 30
58 12 30
59 138 30
60 108 30
60 110 30
60 112 30
62 86 30
62 87 30
64 104 30
64 105 30
64 107 30
65 84 30
65 85 30
66 101 30
66 102 30
66 103 30
67 97 30
67 99 30
67 100 30
68 81 30
68 83 30
69 15 30
69 16 30
69 17 30
69 18 30
70 10 30
70 11 30
70 12 30
70 14 30
71 91 30
71 94 30
71 95 30
72 21 30
72 22 30
72 23 30
73 79 30
73 80 30
74 77 30
74 78 30
75 87 30
75 89 30
75 90 30
76 137 30
77 73 30
77 74 30
77 75 30
78 69 30
78 70 30
78 71 30
79 126 30
79 128 30
79 129 30
79 130 30
80 75 30
80 76 30
81 57 30
81 60 30
81 68 30
83 136 30
84 73 30
84 74 30
86 54 30
86 55 30
86 56 30
87 49 30
87 51 30
87 52 30
88 84 30
88 85 30
88 86 30
89 134 30
90 133 30
93 70 30
93 71 30
94 45 30
94 48 30
94 49 30
94 51 30
95 132 30
97 35 30
97 37 30
97 41 30
97 42 30
98 18 30
98 19 30
98 20 30
99 140 30
99 3 30
99 8 30
99 9 30
100 45 30
100 47 30
100 48 30
101 68 30
101 69 30
102 121 30
102 130 30
102 134 30
102 136 30
103 99 30
103 100 30
103 101 30
103 102 30
106 66 30
106 67 30
107 42 30
107 43 30
107 44 30
108 130 30
109 129 30
110 103 30
110 113 30
110 115 30
110 116 30
111 80 30
111 81 30
111 83 30
112 64 30
112 65 30
113 128 30
114 38 30
114 39 30
114 41 30
115 127 30
116 48 30
116 49 30
116 78 30
116 83 30
117 57 30
117 60 30
119 126 30
120 3 30
120 5 30
120 7 30
120 8 30
121 34 30
121 35 30
121 37 30
122 125 30
123 76 30
123 77 30
123 78 30
124 55 30
124 56 30
125 52 30
125 54 30
126 124 30
127 50 30
127 51 30
128 48 30
128 49 30
129 46 30
129 47 30
130 32 30
130 33 30
130 34 30
130 37 30
131 15 30
131 16 30
131 17 30
132 114 30
132 115 30
132 116 30
132 121 30
133 30 30
133 32 30
133 33 30
134 44 30
134 45 30
135 11 30
135 12 30
135 14 30
136 8 30
136 12 30
136 15 30
136 29 30
138 27 30
138 28 30
138 29 30
139 24 30
139 25 30
139 26 30
140 42 30
140 43 30
141 6 30
141 9 30
141 10 30
142 17 30
142 18 30
142 19 30
143 123 30
144 122 30
145 14 30
145 15 30
145 16 30
146 39 30
146 41 30
148 121 30
149 37 30
149 38 30
150 119 30
0 9 31
0 10 31
0 11 31
0 12 31
1 34 31
1 35 31
1 36 31
2 30 31
2 32 31
2 33 31
3 150 31
4 133 31
4 134 31
4 136 31
4 138 31
5 149 31
6 117 31
6 118 31
7 81 31
7 83 31
7 84 31
7 85 31
8 5 31
8 6 31
8 7 31
10 149 31
10 3 31
10 4 31
11 146 31
11 147 31
11 148 31
12 115 31
12 116 31
13 148 31
14 142 31
14 144 31
14 145 31
15 138 31
15 139 31
15 140 31
16 134 31
16 136 31
16 137 31
17 71 31
17 75 31
17 76 31
17 78 31
19 15 31
19 16 31
19 17 31
19 18 31
21 113 31
21 114 31
22 129 31
22 130 31
22 133 31
23 111 31
23 112 31
24 10 31
24 11 31
24 12 31
24 14 31
25 147 31
26 109 31
26 110 31
27 121 31
27 126 31
27 128 31
28 55 31
28 68 31
28 69 31
28 70 31
29 140 31
29 3 31
29 8 31
29 9 31
30 116 31
30 117 31
30 118 31
31 146 31
32 107 31
32 108 31
33 145 31
34 113 31
34 114 31
34 115 31
35 108 31
35 110 31
35 112 31
36 144 31
37 104 31
37 105 31
37 107 31
38 143 31
39 142 31
40 105 31
40 106 31
41 101 31
41 102 31
41 103 31
42 103 31
42 104 31
43 97 31
43 99 31
43 100 31
44 101 31
44 102 31
45 91 31
45 94 31
45 95 31
46 126 31
46 128 31
46 129 31
46 130 31
47 45 31
47 48 31
47 49 31
47 51 31
48 87 31
48 89 31
48 90 31
49 99 31
49 100 31
50 84 31
50 85 31
50 86 31
53 95 31
53 97 31
56 140 31
57 93 31
57 94 31
58 90 31
58 91 31
59 27 31
59 28 31
59 29 31
61 24 31
61 25 31
61 26 31
62 21 31
62 22 31
62 23 31
63 18 31
63 19 31
63 20 31
64 114 31
64 115 31
64 116 31
64 121 31
65 104 31
65 105 31
65 110 31
65 113 31
66 88 31
66 89 31
67 139 31
68 54 31
68 55 31
68 56 31
69 121 31
69 130 31
69 134 31
69 136 31
71 138 31
72 15 31
72 16 31
72 17 31
73 137 31
74 86 31
74 87 31
75 136 31
76 84 31
76 85 31
77 49 31
77 51 31
77 52 31
78 77 31
78 79 31
79 75 31
79 76 31
81 73 31
81 74 31
82 134 31
83 133 31
85 45 31
85 47 31
85 48 31
86 70 31
86 71 31
87 132 31
88 80 31
88 81 31
88 83 31
89 68 31
89 69 31
90 42 31
90 43 31
90 44 31
91 103 31
91 113 31
91 115 31
91 116 31
92 130 31
93 129 31
94 128 31
95 66 31
95 67 31
96 11 31
96 12 31
96 14 31
97 38 31
97 39 31
97 41 31
98 8 31
98 9 31
98 10 31
99 32 31
99 33 31
99 34 31
99 37 31
100 8 31
100 12 31
100 15 31
100 29 31
102 64 31
102 65 31
103 57 31
103 60 31
104 99 31
104 100 31
104 101 31
104 102 31
105 48 31
105 49 31
105 78 31
105 83 31
106 55 31
106 56 31
108 34 31
108 35 31
108 37 31
109 76 31
109 77 31
109 78 31
110 127 31
111 100 31
111 101 31
111 102 31
111 103 31
116 126 31
117 35 31
117 37 31
117 41 31
117 42 31
118 29 31
118 32 31
118 33 31
118 34 31
119 73 31
119 74 31
119 75 31
120 3 31
120 5 31
120 7 31
120 8 31
121 125 31
122 86 31
122 89 31
122 91 31
122 99 31
123 52 31
123 54 31
124 69 31
124 70 31
124 71 31
126 30 31
126 32 31
126 33 31
128 124 31
129 27 31
129 28 31
129 29 31
130 50 31
130 51 31
131 81 31
131 83 31
132 123 31
134 48 31
134 49 31
135 78 31
135 80 31
136 24 31
136 25 31
136 26 31
137 46 31
137 47 31
138 44 31
138 45 31
139 122 31
140 121 31
141 139 31
141 140 31
141 145 31
141 149 31
142 119 31
143 42 31
143 43 31
144 39 31
144 41 31
146 17 31
146 18 31
146 19 31
147 19 31
147 24 31
147 25 31
147 27 31
148 37 31
148 38 31
149 14 31
149 15 31
149 16 31
150 57 31
150 60 31
150 68 31
0 117 32
0 118 32
1 34 32
1 35 32
1 36 32
4 133 32
4 134 32
4 136 32
4 138 32
5 115 32
5 116 32
6 30 32
6 32 32
6 33 32
7 150 32
8 27 32
8 28 32
8 29 32
9 113 32
9 114 32
10 111 32
10 112 32
11 109 32
11 110 32
12 107 32
12 108 32
13 149 32
14 8 32
14 9 32
14 10 32
15 148 32
17 5 32
17 6 32
17 7 32
18 149 32
18 3 32
18 4 32
19 105 32
19 106 32
20 126 32
20 128 32
20 129 32
20 130 32
21 103 32
21 104 32
22 101 32
22 102 32
23 146 32
23 147 32
23 148 32
24 147 32
25 99 32
25 100 32
26 146 32
27 142 32
27 144 32
27 145 32
28 145 32
29 15 32
29 16 32
29 17 32
29 18 32
30 55 32
30 68 32
30 69 32
30 70 32
31 24 32
31 25 32
31 26 32
32 10 32
32 11 32
32 12 32
32 14 32
33 138 32
33 139 32
33 140 32
34 140 32
34 3 32
34 8 32
34 9 32
35 134 32
35 136 32
35 137 32
36 114 32
36 115 32
36 116 32
36 121 32
37 129 32
37 130 32
37 133 32
38 95 32
38 97 32
39 121 32
39 126 32
39 128 32
40 9 32
40 10 32
40 11 32
40 12 32
41 116 32
41 117 32
41 118 32
43 144 32
44 113 32
44 114 32
44 115 32
45 143 32
47 142 32
48 108 32
48 110 32
48 112 32
49 32 32
49 33 32
49 34 32
49 37 32
50 93 32
50 94 32
51 140 32
52 139 32
53 90 32
53 91 32
54 138 32
56 88 32
56 89 32
57 104 32
57 105 32
57 107 32
58 86 32
58 87 32
59 84 32
59 85 32
60 101 32
60 102 32
60 103 32
61 21 32
61 22 32
61 23 32
62 81 32
62 83 32
63 137 32
64 136 32
65 104 32
65 105 32
65 110 32
65 113 32
66 134 32
67 97 32
67 99 32
67 100 32
69 79 32
69 80 32
70 133 32
71 91 32
71 94 32
71 95 32
72 3 32
72 5 32
72 7 32
72 8 32
73 77 32
73 78 32
74 45 32
74 48 32
74 49 32
74 51 32
75 132 32
76 121 32
76 130 32
76 134 32
76 136 32
77 87 32
77 89 32
77 90 32
78 84 32
78 85 32
78 86 32
79 75 32
79 76 32
80 130 32
81 76 32
81 77 32
81 78 32
82 18 32
82 19 32
82 20 32
84 103 32
84 113 32
84 115 32
84 116 32
85 73 32
85 74 32
85 75 32
87 129 32
88 128 32
89 73 32
89 74 32
90 35 32
90 37 32
90 41 32
90 42 32
92 139 32
92 140 32
92 145 32
92 149 32
93 80 32
93 81 32
93 83 32
94 70 32
94 71 32
95 69 32
95 70 32
95 71 32
96 15 32
96 16 32
96 17 32
97 57 32
97 60 32
97 68 32
98 11 32
98 12 32
98 14 32
99 68 32
99 69 32
100 66 32
100 67 32
102 64 32
102 65 32
103 57 32
103 60 32
104 99 32
104 100 32
104 101 32
104 102 32
105 54 32
105 55 32
105 56 32
106 100 32
106 101 32
106 102 32
106 103 32
107 127 32
108 29 32
108 32 32
108 33 32
108 34 32
109 86 32
109 89 32
109 91 32
109 99 32
110 49 32
110 51 32
110 52 32
111 126 32
112 45 32
112 47 32
112 48 32
113 55 32
113 56 32
114 42 32
114 43 32
114 44 32
116 8 32
116 12 32
116 15 32
116 29 32
117 38 32
117 39 32
117 41 32
118 34 32
118 35 32
118 37 32
120 125 32
121 52 32
121 54 32
124 81 32
124 83 32
124 84 32
124 85 32
125 71 32
125 75 32
125 76 32
125 78 32
126 50 32
126 51 32
127 48 32
127 49 32
128 48 32
128 49 32
128 78 32
128 83 32
129 124 32
130 123 32
132 46 32
132 47 32
133 30 32
133 32 32
133 33 32
136 44 32
136 45 32
138 42 32
138 43 32
139 27 32
139 28 32
139 29 32
140 39 32
140 41 32
142 122 32
143 37 32
143 38 32
144 24 32
144 25 32
144 26 32
146 19 32
146 24 32
146 25 32
146 27 32
147 121 32
148 17 32
148 18 32
148 19 32
149 14 32
149 15 32
149 16 32
150 119 32
0 9 33
0 10 33
0 11 33
0 12 33
1 34 33
1 35 33
1 36 33
2 117 33
2 118 33
3 30 33
3 32 33
3 33 33
4 27 33
4 28 33
4 29 33
5 55 33
5 68 33
5 69 33
5 70 33
6 150 33
7 45 33
7 48 33
7 49 33
7 51 33
9 115 33
9 116 33
10 24 33
10 25 33
10 26 33
11 113 33
11 114 33
12 149 33
13 148 33
14 21 33
14 22 33
14 23 33
16 11 33
16 12 33
16 14 33
17 8 33
17 9 33
17 10 33
18 5 33
18 6 33
18 7 33
19 149 33
19 3 33
19 4 33
20 114 33
20 115 33
20 116 33
20 121 33
21 146 33
21 147 33
21 148 33
22 111 33
22 112 33
24 147 33
25 146 33
26 35 33
26 37 33
26 41 33
26 42 33
28 109 33
28 110 33
29 107 33
29 108 33
30 145 33
31 18 33
31 19 33
31 20 33
32 105 33
32 106 33
33 142 33
33 144 33
33 145 33
34 144 33
35 143 33
36 103 33
36 104 33
37 121 33
37 130 33
37 134 33
37 136 33
39 138 33
39 139 33
39 140 33
40 142 33
41 134 33
41 136 33
41 137 33
42 140 33
44 101 33
44 102 33
45 139 33
46 129 33
46 130 33
46 133 33
47 99 33
47 100 33
48 121 33
48 126 33
48 128 33
49 116 33
49 117 33
49 118 33
50 113 33
50 114 33
50 115 33
51 108 33
51 110 33
51 112 33
53 138 33
57 104 33
57 105 33
57 107 33
58 137 33
59 95 33
59 97 33
61 3 33
61 5 33
61 7 33
61 8 33
62 93 33
62 94 33
63 139 33
63 140 33
63 145 33
63 149 33
64 90 33
64 91 33
65 88 33
65 89 33
66 86 33
66 87 33
67 84 33
67 85 33
68 101 33
68 102 33
68 103 33
69 103 33
69 113 33
69 115 33
69 116 33
70 99 33
70 100 33
70 101 33
70 102 33
71 48 33
71 49 33
71 78 33
71 83 33
73 97 33
73 99 33
73 100 33
74 81 33
74 83 33
75 73 33
75 74 33
76 77 33
76 78 33
76 80 33
78 32 33
78 33 33
78 34 33
78 37 33
79 136 33
80 70 33
80 71 33
81 73 33
81 74 33
81 75 33
82 15 33
82 16 33
82 17 33
83 134 33
84 69 33
84 70 33
84 71 33
85 133 33
86 68 33
86 69 33
87 57 33
87 60 33
87 68 33
88 91 33
88 94 33
88 95 33
90 66 33
90 67 33
92 79 33
92 80 33
93 104 33
93 105 33
93 110 33
93 113 33
94 29 33
94 32 33
94 33 33
94 34 33
95 64 33
95 65 33
96 132 33
97 130 33
98 133 33
98 134 33
98 136 33
98 138 33
99 54 33
99 55 33
99 56 33
100 129 33
101 49 33
101 51 33
101 52 33
102 45 33
102 47 33
102 48 33
106 128 33
107 57 33
107 60 33
108 55 33
108 56 33
109 87 33
109 89 33
109 90 33
110 127 33
111 84 33
111 85 33
111 86 33
112 42 33
112 43 33
112 44 33
113 8 33
113 12 33
113 15 33
113 29 33
115 126 33
116 125 33
117 52 33
117 54 33
118 19 33
118 24 33
118 25 33
118 27 33
119 76 33
119 81 33
119 83 33
120 126 33
120 128 33
120 129 33
120 130 33
121 124 33
122 100 33
122 101 33
122 102 33
122 103 33
123 86 33
123 89 33
123 91 33
123 99 33
124 81 33
124 83 33
124 84 33
124 85 33
125 71 33
125 75 33
125 76 33
125 78 33
126 50 33
126 51 33
127 122 33
128 48 33
128 49 33
130 38 33
130 39 33
130 41 33
131 123 33
133 121 33
134 34 33
134 35 33
134 37 33
135 77 33
135 78 33
136 30 33
136 32 33
136 33 33
137 46 33
137 47 33
138 27 33
138 28 33
138 29 33
139 119 33
140 24 33
140 25 33
140 26 33
141 75 33
141 76 33
142 44 33
142 45 33
143 42 33
143 43 33
144 15 33
144 16 33
144 17 33
144 18 33
145 17 33
145 18 33
145 19 33
146 10 33
146 11 33
146 12 33
146 14 33
147 140 33
147 3 33
147 8 33
147 9 33
148 39 33
148 41 33
149 14 33
149 15 33
149 16 33
150 37 33
150 38 33
