2 102 0
2 103 0
8 100 0
8 101 0
34 98 0
34 99 0
71 96 0
71 97 0
78 103 0
78 75 0
96 75 0
96 97 0
109 101 0
109 102 0
141 99 0
141 100 0
150 96 0
150 98 0
28 102 1
28 103 1
38 100 1
38 101 1
43 98 1
43 99 1
85 96 1
85 97 1
97 98 1
97 99 1
99 75 1
99 96 1
127 103 1
127 75 1
134 101 1
134 102 1
142 97 1
142 100 1
4 102 2
4 103 2
8 100 2
8 101 2
21 98 2
21 99 2
26 96 2
26 97 2
69 103 2
69 75 2
86 101 2
86 102 2
112 99 2
112 100 2
121 97 2
121 98 2
128 75 2
128 96 2
2 102 3
2 103 3
49 100 3
49 101 3
55 98 3
55 99 3
74 96 3
74 97 3
81 103 3
81 75 3
82 101 3
82 102 3
108 99 3
108 100 3
123 97 3
123 98 3
140 75 3
140 96 3
9 102 4
9 103 4
12 100 4
12 101 4
22 98 4
22 99 4
25 96 4
25 97 4
50 103 4
50 75 4
73 101 4
73 102 4
111 99 4
111 100 4
116 97 4
116 98 4
124 75 4
124 96 4
21 102 5
21 103 5
28 100 5
28 101 5
49 98 5
49 99 5
59 96 5
59 97 5
86 103 5
86 75 5
112 101 5
112 102 5
131 99 5
131 100 5
132 97 5
132 98 5
146 75 5
146 96 5
36 102 6
36 103 6
38 100 6
38 101 6
39 98 6
39 99 6
76 96 6
76 97 6
88 103 6
88 75 6
109 101 6
109 102 6
111 99 6
111 100 6
115 97 6
115 98 6
149 75 6
149 96 6
17 102 7
17 103 7
47 100 7
47 101 7
54 98 7
54 99 7
59 96 7
59 97 7
61 103 7
61 75 7
81 101 7
81 102 7
91 99 7
91 100 7
108 97 7
108 98 7
135 75 7
135 96 7
12 102 8
12 103 8
31 100 8
31 101 8
37 98 8
37 99 8
48 96 8
48 97 8
50 103 8
50 75 8
85 101 8
85 102 8
94 99 8
94 100 8
123 97 8
123 98 8
146 75 8
146 96 8
4 102 9
4 103 9
23 100 9
23 101 9
32 98 9
32 99 9
84 96 9
84 97 9
87 103 9
87 75 9
108 101 9
108 102 9
120 99 9
120 100 9
124 97 9
124 98 9
134 75 9
134 96 9
8 102 10
8 103 10
42 100 10
42 101 10
65 98 10
65 99 10
89 96 10
89 97 10
94 103 10
94 75 10
122 101 10
122 102 10
126 99 10
126 100 10
134 97 10
134 98 10
146 75 10
146 96 10
39 102 11
39 103 11
48 100 11
48 101 11
62 98 11
62 99 11
102 75 11
102 96 11
118 96 11
118 97 11
119 103 11
119 75 11
120 101 11
120 102 11
139 99 11
139 100 11
143 97 11
143 98 11
48 102 12
48 103 12
59 100 12
59 101 12
61 98 12
61 99 12
69 96 12
69 97 12
74 103 12
74 75 12
86 101 12
86 102 12
104 99 12
104 100 12
140 97 12
140 98 12
142 75 12
142 96 12
16 102 13
16 103 13
33 100 13
33 101 13
34 98 13
34 99 13
39 96 13
39 97 13
59 103 13
59 75 13
61 101 13
61 102 13
82 99 13
82 100 13
96 75 13
96 97 13
147 96 13
147 98 13
7 102 14
7 103 14
8 100 14
8 101 14
32 98 14
32 99 14
38 96 14
38 97 14
40 103 14
40 75 14
43 101 14
43 102 14
73 99 14
73 100 14
84 97 14
84 98 14
130 75 14
130 96 14
12 102 15
12 103 15
33 100 15
33 101 15
35 98 15
35 99 15
37 96 15
37 97 15
57 103 15
57 75 15
82 101 15
82 102 15
89 99 15
89 100 15
120 97 15
120 98 15
148 75 15
148 96 15
7 102 16
7 103 16
8 100 16
8 101 16
19 98 16
19 99 16
63 96 16
63 97 16
64 103 16
64 75 16
90 101 16
90 102 16
91 99 16
91 100 16
119 97 16
119 98 16
142 75 16
142 96 16
20 102 17
20 103 17
76 100 17
76 101 17
81 98 17
81 99 17
88 96 17
88 97 17
92 103 17
92 75 17
114 101 17
114 102 17
140 99 17
140 100 17
141 97 17
141 98 17
148 75 17
148 96 17
5 102 18
5 103 18
12 100 18
12 101 18
16 98 18
16 99 18
17 96 18
17 97 18
28 103 18
28 75 18
35 101 18
35 102 18
69 99 18
69 100 18
123 97 18
123 98 18
133 75 18
133 96 18
17 102 19
17 103 19
26 100 19
26 101 19
70 98 19
70 99 19
90 96 19
90 97 19
96 99 19
96 100 19
99 97 19
99 98 19
100 75 19
100 96 19
105 103 19
105 75 19
116 101 19
116 102 19
20 102 20
20 103 20
53 100 20
53 101 20
68 98 20
68 99 20
72 96 20
72 97 20
82 103 20
82 75 20
125 101 20
125 102 20
138 99 20
138 100 20
145 97 20
145 98 20
150 75 20
150 96 20
20 102 21
20 103 21
27 100 21
27 101 21
30 98 21
30 99 21
76 96 21
76 97 21
96 75 21
96 97 21
114 103 21
114 75 21
127 101 21
127 102 21
131 99 21
131 100 21
150 96 21
150 98 21
1 102 22
1 103 22
3 100 22
3 101 22
15 98 22
15 99 22
28 96 22
28 97 22
43 103 22
43 75 22
63 101 22
63 102 22
93 99 22
93 100 22
94 97 22
94 98 22
140 75 22
140 96 22
4 102 23
4 103 23
6 100 23
6 101 23
8 98 23
8 99 23
11 96 23
11 97 23
28 103 23
28 75 23
41 101 23
41 102 23
69 99 23
69 100 23
72 97 23
72 98 23
100 75 23
100 96 23
0 113 24
0 114 24
1 150 24
2 149 24
3 8 24
3 9 24
3 10 24
4 5 24
4 6 24
4 7 24
5 53 24
5 58 24
5 59 24
5 65 24
6 2 24
6 3 24
6 4 24
7 111 24
7 112 24
8 148 24
9 147 24
10 150 24
10 0 24
10 1 24
11 145 24
11 147 24
11 148 24
12 137 24
12 138 24
12 144 24
13 146 24
14 109 24
14 110 24
15 134 24
15 135 24
15 136 24
16 107 24
16 108 24
17 145 24
18 105 24
18 106 24
19 144 24
20 128 24
20 129 24
20 131 24
21 123 24
21 124 24
21 126 24
22 103 24
22 104 24
23 118 24
23 121 24
23 122 24
24 101 24
24 102 24
25 115 24
25 116 24
25 117 24
26 109 24
26 110 24
26 114 24
27 105 24
27 106 24
27 108 24
28 99 24
28 100 24
29 101 24
29 102 24
29 103 24
30 96 24
30 97 24
30 98 24
31 97 24
31 98 24
32 95 24
32 96 24
33 93 24
33 94 24
34 91 24
34 92 24
35 89 24
35 90 24
36 16 24
36 17 24
36 18 24
36 21 24
37 87 24
37 88 24
38 85 24
38 86 24
39 83 24
39 84 24
40 143 24
41 93 24
41 94 24
41 95 24
42 89 24
42 91 24
42 92 24
43 81 24
43 82 24
44 79 24
44 80 24
45 40 24
45 41 24
45 42 24
46 41 24
46 45 24
46 48 24
46 50 24
47 77 24
47 78 24
48 142 24
49 141 24
50 11 24
50 12 24
50 14 24
50 15 24
51 140 24
52 139 24
53 36 24
53 37 24
53 38 24
54 75 24
54 76 24
55 86 24
55 87 24
55 88 24
56 73 24
56 74 24
57 33 24
57 34 24
57 35 24
58 138 24
59 30 24
59 31 24
59 32 24
60 26 24
60 28 24
60 29 24
61 83 24
61 84 24
61 85 24
62 23 24
62 24 24
62 25 24
63 79 24
63 80 24
63 81 24
64 20 24
64 21 24
64 22 24
65 71 24
65 72 24
66 17 24
66 18 24
66 19 24
67 69 24
67 70 24
68 137 24
69 136 24
70 135 24
70 0 24
70 3 24
70 7 24
71 135 24
72 134 24
73 133 24
74 14 24
74 15 24
74 16 24
75 11 24
75 12 24
75 13 24
76 67 24
76 68 24
77 75 24
77 76 24
77 78 24
78 53 24
78 123 24
78 124 24
78 131 24
79 132 24
80 8 24
80 9 24
80 10 24
81 131 24
82 65 24
82 66 24
83 63 24
83 64 24
84 4 24
84 6 24
84 7 24
85 61 24
85 62 24
86 0 24
86 1 24
86 3 24
87 138 24
87 144 24
87 150 24
88 130 24
89 129 24
90 72 24
90 73 24
90 74 24
91 59 24
91 60 24
92 57 24
92 58 24
93 131 24
93 134 24
93 135 24
94 55 24
94 56 24
95 53 24
95 54 24
96 51 24
96 52 24
97 49 24
97 50 24
98 124 24
98 128 24
98 129 24
99 67 24
99 70 24
99 71 24
100 47 24
100 48 24
101 7 24
101 12 24
101 18 24
101 21 24
102 94 24
102 95 24
102 96 24
103 23 24
103 28 24
103 31 24
103 32 24
104 64 24
104 65 24
104 66 24
105 45 24
105 46 24
106 128 24
107 43 24
107 44 24
108 41 24
108 42 24
109 88 24
109 89 24
109 93 24
110 127 24
111 39 24
111 40 24
112 35 24
112 36 24
112 38 24
112 40 24
113 126 24
114 125 24
115 124 24
116 37 24
116 38 24
117 35 24
117 36 24
118 123 24
119 121 24
120 33 24
120 34 24
121 122 24
122 80 24
122 86 24
122 87 24
123 120 24
124 31 24
124 32 24
125 119 24
126 121 24
126 122 24
126 123 24
127 29 24
127 30 24
128 76 24
128 78 24
128 79 24
129 27 24
129 28 24
130 59 24
130 60 24
130 62 24
131 25 24
131 26 24
132 118 24
133 56 24
133 57 24
133 58 24
134 23 24
134 24 24
135 21 24
135 22 24
136 109 24
136 116 24
136 118 24
137 101 24
137 102 24
137 105 24
138 73 24
138 74 24
138 75 24
139 19 24
139 20 24
140 17 24
140 18 24
141 52 24
141 53 24
141 54 24
142 49 24
142 50 24
142 51 24
143 15 24
143 16 24
144 117 24
145 13 24
145 14 24
146 116 24
147 11 24
147 12 24
148 115 24
149 44 24
149 45 24
149 48 24
150 67 24
150 70 24
150 71 24
0 113 25
0 114 25
1 111 25
1 112 25
2 109 25
2 110 25
3 150 25
4 107 25
4 108 25
5 7 25
5 9 25
5 10 25
6 105 25
6 106 25
7 5 25
7 6 25
7 8 25
8 103 25
8 104 25
9 101 25
9 102 25
10 149 25
11 99 25
11 100 25
12 148 25
13 97 25
13 98 25
14 95 25
14 96 25
15 2 25
15 3 25
15 4 25
16 93 25
16 94 25
17 150 25
17 0 25
17 1 25
18 145 25
18 147 25
18 148 25
19 91 25
19 92 25
20 147 25
21 137 25
21 138 25
21 144 25
22 89 25
22 90 25
23 134 25
23 135 25
23 136 25
24 128 25
24 129 25
24 131 25
25 87 25
25 88 25
26 146 25
27 145 25
28 144 25
29 123 25
29 124 25
29 126 25
30 85 25
30 86 25
31 143 25
32 83 25
32 84 25
33 142 25
34 118 25
34 121 25
34 122 25
35 141 25
36 140 25
37 139 25
38 81 25
38 82 25
39 79 25
39 80 25
40 138 25
41 77 25
41 78 25
42 137 25
43 75 25
43 76 25
44 35 25
44 36 25
44 38 25
44 40 25
45 115 25
45 116 25
45 117 25
46 73 25
46 74 25
47 71 25
47 72 25
48 69 25
48 70 25
49 136 25
50 67 25
50 68 25
51 109 25
51 110 25
51 114 25
52 105 25
52 106 25
52 108 25
53 65 25
53 66 25
54 101 25
54 102 25
54 103 25
55 135 25
56 96 25
56 97 25
56 98 25
57 134 25
58 56 25
58 57 25
58 59 25
59 63 25
59 64 25
60 52 25
60 53 25
60 54 25
61 93 25
61 94 25
61 95 25
62 23 25
62 28 25
62 31 25
62 32 25
63 133 25
64 132 25
65 61 25
65 62 25
66 59 25
66 60 25
67 57 25
67 58 25
68 131 25
69 89 25
69 91 25
69 92 25
70 130 25
71 49 25
71 50 25
71 51 25
72 44 25
72 45 25
72 48 25
73 55 25
73 56 25
74 40 25
74 41 25
74 42 25
75 36 25
75 37 25
75 38 25
76 33 25
76 34 25
76 35 25
77 53 25
77 54 25
78 30 25
78 31 25
78 32 25
79 26 25
79 28 25
79 29 25
80 23 25
80 24 25
80 25 25
81 20 25
81 21 25
81 22 25
82 51 25
82 52 25
83 17 25
83 18 25
83 19 25
84 49 25
84 50 25
85 14 25
85 15 25
85 16 25
86 11 25
86 12 25
86 13 25
87 8 25
87 9 25
87 10 25
88 47 25
88 48 25
89 129 25
90 128 25
91 4 25
91 6 25
91 7 25
92 0 25
92 1 25
92 3 25
93 138 25
93 144 25
93 150 25
94 131 25
94 134 25
94 135 25
95 127 25
96 94 25
96 95 25
96 101 25
97 45 25
97 46 25
98 126 25
99 86 25
99 87 25
99 88 25
100 43 25
100 44 25
101 11 25
101 12 25
101 14 25
101 15 25
102 41 25
102 42 25
103 124 25
103 128 25
103 129 25
104 83 25
104 84 25
104 85 25
105 125 25
106 39 25
106 40 25
107 79 25
107 80 25
107 81 25
108 121 25
108 122 25
108 123 25
109 37 25
109 38 25
110 16 25
110 17 25
110 18 25
110 21 25
111 35 25
111 36 25
112 33 25
112 34 25
113 31 25
113 32 25
114 124 25
115 29 25
115 30 25
116 88 25
116 89 25
116 93 25
117 27 25
117 28 25
118 123 25
119 122 25
120 53 25
120 58 25
120 59 25
120 65 25
121 135 25
121 0 25
121 3 25
121 7 25
122 121 25
123 120 25
124 80 25
124 86 25
124 87 25
125 25 25
125 26 25
126 23 25
126 24 25
127 41 25
127 45 25
127 48 25
127 50 25
128 53 25
128 123 25
128 124 25
128 131 25
129 21 25
129 22 25
130 19 25
130 20 25
131 76 25
131 78 25
131 79 25
132 119 25
133 17 25
133 18 25
134 7 25
134 12 25
134 18 25
134 21 25
135 118 25
136 109 25
136 116 25
136 118 25
137 117 25
138 73 25
138 74 25
138 75 25
139 75 25
139 76 25
139 78 25
140 72 25
140 73 25
140 74 25
141 15 25
141 16 25
142 67 25
142 70 25
142 71 25
143 64 25
143 65 25
143 66 25
144 67 25
144 70 25
144 71 25
145 96 25
145 102 25
145 105 25
146 116 25
147 115 25
148 13 25
148 14 25
149 58 25
149 60 25
149 62 25
150 11 25
150 12 25
0 113 26
0 114 26
1 111 26
1 112 26
2 109 26
2 110 26
3 107 26
3 108 26
4 8 26
4 9 26
4 10 26
5 150 26
6 105 26
6 106 26
7 149 26
8 5 26
8 6 26
8 7 26
9 2 26
9 3 26
9 4 26
10 35 26
10 36 26
10 38 26
10 40 26
11 150 26
11 0 26
11 1 26
12 148 26
13 147 26
14 145 26
14 147 26
14 148 26
15 137 26
15 138 26
15 144 26
16 103 26
16 104 26
17 146 26
18 145 26
19 144 26
20 101 26
20 102 26
21 134 26
21 135 26
21 136 26
22 128 26
22 129 26
22 131 26
23 123 26
23 124 26
23 126 26
24 118 26
24 121 26
24 122 26
25 99 26
25 100 26
26 97 26
26 98 26
27 95 26
27 96 26
28 93 26
28 94 26
29 143 26
30 115 26
30 116 26
30 117 26
31 16 26
31 17 26
31 18 26
31 21 26
32 142 26
33 109 26
33 110 26
33 114 26
34 91 26
34 92 26
35 105 26
35 106 26
35 108 26
36 141 26
37 101 26
37 102 26
37 103 26
38 11 26
38 12 26
38 14 26
38 15 26
39 89 26
39 90 26
40 96 26
40 97 26
40 98 26
41 140 26
42 93 26
42 94 26
42 95 26
43 139 26
44 138 26
45 87 26
45 88 26
46 53 26
46 58 26
46 59 26
46 65 26
47 89 26
47 91 26
47 92 26
48 85 26
48 86 26
49 83 26
49 84 26
50 81 26
50 82 26
51 79 26
51 80 26
52 137 26
53 77 26
53 78 26
54 44 26
54 45 26
54 48 26
55 136 26
56 75 26
56 76 26
57 135 26
58 73 26
58 74 26
59 134 26
60 133 26
61 71 26
61 72 26
62 69 26
62 70 26
63 67 26
63 68 26
64 65 26
64 66 26
65 40 26
65 41 26
65 42 26
66 63 26
66 64 26
67 36 26
67 37 26
67 38 26
68 86 26
68 87 26
68 88 26
69 83 26
69 84 26
69 85 26
70 132 26
71 33 26
71 34 26
71 35 26
72 61 26
72 62 26
73 131 26
74 130 26
75 59 26
75 60 26
76 30 26
76 31 26
76 32 26
77 79 26
77 80 26
77 81 26
78 26 26
78 28 26
78 29 26
79 23 26
79 24 26
79 25 26
80 57 26
80 58 26
81 55 26
81 56 26
82 75 26
82 76 26
82 78 26
83 129 26
84 53 26
84 54 26
85 51 26
85 52 26
86 20 26
86 21 26
86 22 26
87 17 26
87 18 26
87 19 26
88 49 26
88 50 26
89 128 26
90 72 26
90 73 26
90 74 26
91 14 26
91 15 26
91 16 26
92 11 26
92 12 26
92 13 26
93 8 26
93 9 26
93 10 26
94 4 26
94 6 26
94 7 26
95 127 26
96 47 26
96 48 26
97 126 26
98 45 26
98 46 26
99 67 26
99 70 26
99 71 26
100 64 26
100 65 26
100 66 26
101 43 26
101 44 26
102 41 26
102 42 26
103 39 26
103 40 26
104 59 26
104 60 26
104 62 26
105 101 26
105 102 26
105 109 26
106 37 26
106 38 26
107 125 26
108 0 26
108 1 26
108 3 26
109 94 26
109 95 26
109 96 26
110 124 26
111 35 26
111 36 26
112 123 26
113 33 26
113 34 26
114 138 26
114 144 26
114 150 26
115 131 26
115 134 26
115 135 26
116 31 26
116 32 26
117 29 26
117 30 26
118 135 26
118 0 26
118 3 26
118 7 26
119 122 26
120 27 26
120 28 26
121 88 26
121 89 26
121 93 26
122 121 26
123 25 26
123 26 26
124 80 26
124 86 26
124 87 26
125 120 26
126 119 26
127 56 26
127 57 26
127 58 26
128 76 26
128 78 26
128 79 26
129 53 26
129 123 26
129 124 26
129 131 26
130 41 26
130 45 26
130 48 26
130 50 26
131 23 26
131 24 26
132 21 26
132 22 26
133 52 26
133 53 26
133 54 26
134 7 26
134 12 26
134 18 26
134 21 26
135 73 26
135 74 26
135 75 26
136 19 26
136 20 26
137 23 26
137 28 26
137 31 26
137 32 26
138 118 26
139 17 26
139 18 26
140 117 26
141 116 26
142 115 26
143 15 26
143 16 26
144 67 26
144 70 26
144 71 26
145 124 26
145 128 26
145 129 26
146 49 26
146 50 26
146 51 26
147 121 26
147 122 26
147 123 26
148 105 26
148 116 26
148 118 26
149 13 26
149 14 26
150 11 26
150 12 26
0 113 27
0 114 27
1 111 27
1 112 27
2 6 27
2 9 27
2 10 27
3 109 27
3 110 27
4 150 27
5 107 27
5 108 27
6 5 27
6 7 27
6 8 27
7 12 27
7 18 27
7 21 27
7 53 27
8 2 27
8 3 27
8 4 27
9 41 27
9 45 27
9 48 27
9 50 27
10 149 27
11 105 27
11 106 27
12 148 27
13 147 27
14 103 27
14 104 27
15 101 27
15 102 27
16 99 27
16 100 27
17 16 27
17 18 27
17 21 27
17 23 27
18 97 27
18 98 27
19 150 27
19 0 27
19 1 27
20 145 27
20 147 27
20 148 27
21 137 27
21 138 27
21 144 27
22 134 27
22 135 27
22 136 27
23 95 27
23 96 27
24 146 27
25 93 27
25 94 27
26 128 27
26 129 27
26 131 27
27 145 27
28 123 27
28 124 27
28 126 27
29 118 27
29 121 27
29 122 27
30 91 27
30 92 27
31 89 27
31 90 27
32 115 27
32 116 27
32 117 27
33 109 27
33 110 27
33 114 27
34 105 27
34 106 27
34 108 27
35 144 27
36 143 27
37 36 27
37 38 27
37 40 27
38 142 27
39 87 27
39 88 27
40 33 27
40 34 27
40 35 27
41 30 27
41 31 27
41 32 27
42 85 27
42 86 27
43 101 27
43 102 27
43 103 27
44 26 27
44 28 27
44 29 27
45 141 27
46 96 27
46 97 27
46 98 27
47 140 27
48 139 27
49 23 27
49 24 27
49 25 27
50 83 27
50 84 27
51 81 27
51 82 27
52 79 27
52 80 27
53 138 27
54 77 27
54 78 27
55 75 27
55 76 27
56 20 27
56 21 27
56 22 27
57 73 27
57 74 27
58 137 27
59 71 27
59 72 27
60 69 27
60 70 27
61 67 27
61 68 27
62 63 27
62 66 27
63 64 27
63 65 27
64 35 27
64 36 27
64 38 27
64 40 27
65 17 27
65 18 27
65 19 27
66 61 27
66 62 27
67 14 27
67 15 27
67 16 27
68 53 27
68 58 27
68 59 27
68 65 27
69 59 27
69 60 27
70 57 27
70 58 27
71 11 27
71 12 27
71 13 27
72 55 27
72 56 27
73 53 27
73 54 27
74 8 27
74 9 27
74 10 27
75 51 27
75 52 27
76 49 27
76 50 27
77 93 27
77 94 27
77 95 27
78 47 27
78 48 27
79 4 27
79 6 27
79 7 27
80 45 27
80 46 27
81 136 27
82 135 27
83 134 27
84 43 27
84 44 27
85 41 27
85 42 27
86 133 27
87 39 27
87 40 27
88 0 27
88 1 27
88 3 27
89 11 27
89 12 27
89 14 27
89 15 27
90 89 27
90 91 27
90 92 27
91 17 27
91 28 27
91 31 27
91 32 27
92 37 27
92 38 27
93 135 27
93 0 27
93 3 27
93 7 27
94 132 27
95 94 27
95 96 27
95 101 27
96 88 27
96 89 27
96 93 27
97 138 27
97 144 27
97 150 27
98 131 27
98 134 27
98 135 27
99 86 27
99 87 27
99 88 27
100 131 27
101 130 27
102 80 27
102 86 27
102 87 27
103 124 27
103 128 27
103 129 27
104 83 27
104 84 27
104 85 27
105 129 27
106 35 27
106 36 27
107 33 27
107 34 27
108 31 27
108 32 27
109 128 27
110 29 27
110 30 27
111 127 27
112 79 27
112 80 27
112 81 27
113 75 27
113 76 27
113 78 27
114 126 27
115 27 27
115 28 27
116 125 27
117 25 27
117 26 27
118 7 27
118 123 27
118 124 27
118 131 27
119 72 27
119 73 27
119 74 27
120 124 27
121 76 27
121 78 27
121 79 27
122 123 27
123 122 27
124 121 27
125 67 27
125 70 27
125 71 27
126 23 27
126 24 27
127 64 27
127 65 27
127 66 27
128 73 27
128 74 27
128 75 27
129 21 27
129 22 27
130 19 27
130 20 27
131 17 27
131 18 27
132 59 27
132 60 27
132 62 27
133 15 27
133 16 27
134 13 27
134 14 27
135 120 27
136 11 27
136 12 27
137 119 27
138 118 27
139 56 27
139 57 27
139 58 27
140 52 27
140 53 27
140 54 27
141 117 27
142 49 27
142 50 27
142 51 27
143 44 27
143 45 27
143 48 27
144 67 27
144 70 27
144 71 27
145 121 27
145 122 27
145 123 27
146 37 27
146 41 27
146 42 27
147 109 27
147 116 27
147 118 27
148 95 27
148 102 27
148 105 27
149 116 27
150 115 27
0 113 28
0 114 28
1 8 28
1 9 28
1 10 28
2 111 28
2 112 28
3 109 28
3 110 28
4 5 28
4 6 28
4 7 28
5 107 28
5 108 28
6 105 28
6 106 28
7 150 28
8 103 28
8 104 28
9 149 28
10 2 28
10 3 28
10 4 28
11 101 28
11 102 28
12 150 28
12 0 28
12 1 28
13 148 28
14 147 28
15 99 28
15 100 28
16 17 28
16 18 28
16 21 28
16 23 28
17 146 28
18 145 28
19 16 28
19 28 28
19 31 28
19 32 28
20 97 28
20 98 28
21 144 28
22 95 28
22 96 28
23 93 28
23 94 28
24 143 28
25 145 28
25 147 28
25 148 28
26 142 28
27 137 28
27 138 28
27 144 28
28 11 28
28 12 28
28 14 28
28 15 28
29 134 28
29 135 28
29 136 28
30 141 28
31 128 28
31 129 28
31 131 28
32 91 28
32 92 28
33 123 28
33 124 28
33 126 28
34 118 28
34 121 28
34 122 28
35 89 28
35 90 28
36 115 28
36 116 28
36 117 28
37 109 28
37 110 28
37 114 28
38 140 28
39 87 28
39 88 28
40 139 28
41 85 28
41 86 28
42 105 28
42 106 28
42 108 28
43 83 28
43 84 28
44 101 28
44 102 28
44 103 28
45 138 28
46 81 28
46 82 28
47 79 28
47 80 28
48 96 28
48 97 28
48 98 28
49 93 28
49 94 28
49 95 28
50 89 28
50 91 28
50 92 28
51 49 28
51 50 28
51 52 28
52 44 28
52 45 28
52 48 28
53 40 28
53 41 28
53 42 28
54 137 28
55 77 28
55 78 28
56 75 28
56 76 28
57 73 28
57 74 28
58 135 28
58 0 28
58 3 28
58 7 28
59 53 28
59 123 28
59 124 28
59 131 28
60 36 28
60 37 28
60 38 28
61 53 28
61 58 28
61 59 28
61 65 28
62 71 28
62 72 28
63 69 28
63 70 28
64 33 28
64 34 28
64 35 28
65 67 28
65 68 28
66 136 28
67 65 28
67 66 28
68 63 28
68 64 28
69 41 28
69 45 28
69 48 28
69 50 28
70 61 28
70 62 28
71 30 28
71 31 28
71 32 28
72 135 28
73 134 28
74 59 28
74 60 28
75 26 28
75 28 28
75 29 28
76 23 28
76 24 28
76 25 28
77 57 28
77 58 28
78 20 28
78 21 28
78 22 28
79 55 28
79 56 28
80 17 28
80 18 28
80 19 28
81 53 28
81 54 28
82 35 28
82 36 28
82 38 28
82 40 28
83 133 28
84 132 28
85 14 28
85 15 28
85 16 28
86 11 28
86 12 28
86 13 28
87 51 28
87 52 28
88 131 28
89 130 28
90 129 28
91 128 28
92 49 28
92 50 28
93 127 28
94 47 28
94 48 28
95 8 28
95 9 28
95 10 28
96 4 28
96 6 28
96 7 28
97 0 28
97 1 28
97 3 28
98 126 28
99 86 28
99 87 28
99 88 28
100 45 28
100 46 28
101 94 28
101 95 28
101 96 28
102 43 28
102 44 28
103 41 28
103 42 28
104 83 28
104 84 28
104 85 28
105 7 28
105 12 28
105 18 28
105 21 28
106 125 28
107 39 28
107 40 28
108 138 28
108 144 28
108 150 28
109 88 28
109 89 28
109 93 28
110 131 28
110 134 28
110 135 28
111 37 28
111 38 28
112 79 28
112 80 28
112 81 28
113 124 28
114 35 28
114 36 28
115 124 28
115 128 28
115 129 28
116 80 28
116 86 28
116 87 28
117 123 28
118 76 28
118 78 28
118 79 28
119 75 28
119 76 28
119 78 28
120 122 28
121 73 28
121 74 28
121 75 28
122 33 28
122 34 28
123 121 28
124 120 28
125 31 28
125 32 28
126 121 28
126 122 28
126 123 28
127 72 28
127 73 28
127 74 28
128 29 28
128 30 28
129 27 28
129 28 28
130 67 28
130 70 28
130 71 28
131 67 28
131 70 28
131 71 28
132 64 28
132 65 28
132 66 28
133 25 28
133 26 28
134 119 28
135 118 28
136 23 28
136 24 28
137 21 28
137 22 28
138 19 28
138 20 28
139 117 28
140 59 28
140 60 28
140 62 28
141 116 28
142 56 28
142 57 28
142 58 28
143 17 28
143 18 28
144 15 28
144 16 28
145 115 28
146 13 28
146 14 28
147 109 28
147 116 28
147 118 28
148 101 28
148 102 28
148 105 28
149 51 28
149 53 28
149 54 28
150 11 28
150 12 28
0 113 29
0 114 29
1 150 29
2 5 29
2 9 29
2 10 29
3 149 29
4 148 29
5 6 29
5 7 29
5 8 29
6 147 29
7 111 29
7 112 29
8 2 29
8 3 29
8 4 29
9 146 29
10 145 29
11 144 29
12 109 29
12 110 29
13 107 29
13 108 29
14 150 29
14 0 29
14 1 29
15 105 29
15 106 29
16 103 29
16 104 29
17 101 29
17 102 29
18 99 29
18 100 29
19 143 29
20 145 29
20 147 29
20 148 29
21 137 29
21 138 29
21 144 29
22 134 29
22 135 29
22 136 29
23 128 29
23 129 29
23 131 29
24 123 29
24 124 29
24 126 29
25 118 29
25 121 29
25 122 29
26 97 29
26 98 29
27 115 29
27 116 29
27 117 29
28 95 29
28 96 29
29 93 29
29 94 29
30 142 29
31 91 29
31 92 29
32 23 29
32 28 29
32 31 29
32 35 29
33 109 29
33 110 29
33 114 29
34 89 29
34 90 29
35 141 29
36 105 29
36 106 29
36 108 29
37 140 29
38 87 29
38 88 29
39 101 29
39 102 29
39 103 29
40 139 29
41 96 29
41 97 29
41 98 29
42 138 29
43 93 29
43 94 29
43 95 29
44 40 29
44 41 29
44 42 29
45 137 29
46 89 29
46 91 29
46 92 29
47 86 29
47 87 29
47 88 29
48 136 29
49 36 29
49 37 29
49 38 29
50 85 29
50 86 29
51 33 29
51 34 29
51 35 29
52 30 29
52 31 29
52 32 29
53 83 29
53 84 29
54 26 29
54 28 29
54 29 29
55 81 29
55 82 29
56 135 29
57 134 29
58 16 29
58 17 29
58 18 29
58 21 29
59 23 29
59 24 29
59 25 29
60 133 29
61 53 29
61 58 29
61 59 29
61 65 29
62 132 29
63 83 29
63 84 29
63 85 29
64 41 29
64 45 29
64 48 29
64 50 29
65 131 29
66 130 29
67 20 29
67 21 29
67 22 29
68 79 29
68 80 29
68 81 29
69 129 29
70 128 29
71 127 29
72 17 29
72 18 29
72 19 29
73 126 29
74 125 29
75 14 29
75 15 29
75 16 29
76 11 29
76 12 29
76 13 29
77 79 29
77 80 29
78 8 29
78 9 29
78 10 29
79 4 29
79 6 29
79 7 29
80 77 29
80 78 29
81 32 29
81 36 29
81 38 29
81 40 29
82 75 29
82 76 29
83 73 29
83 74 29
84 71 29
84 72 29
85 69 29
85 70 29
86 0 29
86 1 29
86 3 29
87 138 29
87 144 29
87 150 29
88 67 29
88 68 29
89 65 29
89 66 29
90 75 29
90 76 29
90 78 29
91 63 29
91 64 29
92 131 29
92 134 29
92 135 29
93 11 29
93 12 29
93 14 29
93 15 29
94 124 29
94 128 29
94 129 29
95 135 29
95 0 29
95 3 29
95 7 29
96 94 29
96 95 29
96 101 29
97 61 29
97 62 29
98 59 29
98 60 29
99 57 29
99 58 29
100 55 29
100 56 29
101 53 29
101 123 29
101 124 29
101 131 29
102 53 29
102 54 29
103 51 29
103 52 29
104 49 29
104 50 29
105 88 29
105 89 29
105 93 29
106 121 29
106 122 29
106 123 29
107 72 29
107 73 29
107 74 29
108 124 29
109 47 29
109 48 29
110 45 29
110 46 29
111 123 29
112 67 29
112 70 29
112 71 29
113 64 29
113 65 29
113 66 29
114 122 29
115 109 29
115 116 29
115 118 29
116 43 29
116 44 29
117 121 29
118 80 29
118 86 29
118 87 29
119 41 29
119 42 29
120 59 29
120 60 29
120 62 29
121 39 29
121 40 29
122 7 29
122 12 29
122 18 29
122 21 29
123 76 29
123 78 29
123 79 29
124 120 29
125 56 29
125 57 29
125 58 29
126 37 29
126 38 29
127 35 29
127 36 29
128 33 29
128 34 29
129 119 29
130 31 29
130 32 29
131 73 29
131 74 29
131 75 29
132 118 29
133 29 29
133 30 29
134 27 29
134 28 29
135 117 29
136 96 29
136 102 29
136 105 29
137 25 29
137 26 29
138 116 29
139 52 29
139 53 29
139 54 29
140 49 29
140 50 29
140 51 29
141 23 29
141 24 29
142 21 29
142 22 29
143 115 29
144 19 29
144 20 29
145 17 29
145 18 29
146 15 29
146 16 29
147 13 29
147 14 29
148 11 29
148 12 29
149 44 29
149 45 29
149 48 29
150 67 29
150 70 29
150 71 29
0 150 30
1 8 30
1 9 30
1 10 30
2 149 30
3 4 30
3 6 30
3 7 30
4 2 30
4 3 30
4 5 30
5 113 30
5 114 30
6 111 30
6 112 30
7 109 30
7 110 30
8 150 30
8 0 30
8 1 30
9 145 30
9 147 30
9 148 30
10 137 30
10 138 30
10 144 30
11 134 30
11 135 30
11 136 30
12 148 30
13 147 30
14 146 30
15 11 30
15 12 30
15 14 30
15 16 30
16 145 30
17 135 30
17 0 30
17 3 30
17 7 30
18 128 30
18 129 30
18 131 30
19 107 30
19 108 30
20 123 30
20 124 30
20 126 30
21 105 30
21 106 30
22 103 30
22 104 30
23 101 30
23 102 30
24 99 30
24 100 30
25 118 30
25 121 30
25 122 30
26 144 30
27 115 30
27 116 30
27 117 30
28 143 30
29 109 30
29 110 30
29 114 30
30 142 30
31 97 30
31 98 30
32 95 30
32 96 30
33 141 30
34 93 30
34 94 30
35 91 30
35 92 30
36 105 30
36 106 30
36 108 30
37 89 30
37 90 30
38 87 30
38 88 30
39 101 30
39 102 30
39 103 30
40 140 30
41 36 30
41 37 30
41 38 30
42 85 30
42 86 30
43 96 30
43 97 30
43 98 30
44 139 30
45 83 30
45 84 30
46 93 30
46 94 30
46 95 30
47 81 30
47 82 30
48 79 30
48 80 30
49 33 30
49 34 30
49 35 30
50 53 30
50 123 30
50 124 30
50 131 30
51 138 30
52 137 30
53 30 30
53 31 30
53 32 30
54 77 30
54 78 30
55 89 30
55 91 30
55 92 30
56 136 30
57 75 30
57 76 30
58 135 30
59 134 30
60 73 30
60 74 30
61 86 30
61 87 30
61 88 30
62 71 30
62 72 30
63 69 30
63 70 30
64 35 30
64 36 30
64 38 30
64 40 30
65 67 30
65 68 30
66 23 30
66 28 30
66 31 30
66 32 30
67 26 30
67 28 30
67 29 30
68 83 30
68 84 30
68 85 30
69 79 30
69 80 30
69 81 30
70 7 30
70 12 30
70 18 30
70 21 30
71 23 30
71 24 30
71 25 30
72 65 30
72 66 30
73 133 30
74 132 30
75 20 30
75 21 30
75 22 30
76 63 30
76 64 30
77 53 30
77 58 30
77 59 30
77 65 30
78 131 30
79 61 30
79 62 30
80 17 30
80 18 30
80 19 30
81 59 30
81 60 30
82 130 30
83 129 30
84 14 30
84 15 30
84 16 30
85 128 30
86 57 30
86 58 30
87 55 30
87 56 30
88 11 30
88 12 30
88 13 30
89 8 30
89 9 30
89 10 30
90 75 30
90 76 30
90 78 30
91 53 30
91 54 30
92 127 30
93 51 30
93 52 30
94 126 30
95 4 30
95 6 30
95 7 30
96 49 30
96 50 30
97 47 30
97 48 30
98 45 30
98 46 30
99 43 30
99 44 30
100 72 30
100 73 30
100 74 30
101 0 30
101 1 30
101 3 30
102 138 30
102 144 30
102 150 30
103 125 30
104 67 30
104 70 30
104 71 30
105 131 30
105 134 30
105 135 30
106 41 30
106 42 30
107 39 30
107 40 30
108 15 30
108 17 30
108 18 30
108 21 30
109 124 30
110 37 30
110 38 30
111 64 30
111 65 30
111 66 30
112 35 30
112 36 30
113 33 30
113 34 30
114 124 30
114 128 30
114 129 30
115 123 30
116 109 30
116 118 30
116 121 30
117 122 30
118 101 30
118 102 30
118 105 30
119 31 30
119 32 30
120 59 30
120 60 30
120 62 30
121 29 30
121 30 30
122 94 30
122 95 30
122 96 30
123 88 30
123 89 30
123 93 30
124 27 30
124 28 30
125 121 30
126 116 30
126 122 30
126 123 30
127 120 30
128 25 30
128 26 30
129 80 30
129 86 30
129 87 30
130 23 30
130 24 30
131 21 30
131 22 30
132 56 30
132 57 30
132 58 30
133 119 30
134 118 30
135 76 30
135 78 30
135 79 30
136 19 30
136 20 30
137 117 30
138 116 30
139 17 30
139 18 30
140 41 30
140 45 30
140 48 30
140 50 30
141 52 30
141 53 30
141 54 30
142 49 30
142 50 30
142 51 30
143 44 30
143 45 30
143 48 30
144 73 30
144 74 30
144 75 30
145 15 30
145 16 30
146 13 30
146 14 30
147 11 30
147 12 30
148 115 30
149 40 30
149 41 30
149 42 30
150 67 30
150 70 30
150 71 30
0 8 31
0 9 31
0 10 31
1 113 31
1 114 31
2 5 31
2 6 31
2 7 31
3 150 31
4 111 31
4 112 31
5 109 31
5 110 31
6 107 31
6 108 31
7 149 31
8 2 31
8 3 31
8 4 31
9 150 31
9 0 31
9 1 31
10 105 31
10 106 31
11 148 31
12 147 31
13 146 31
14 145 31
15 11 31
15 12 31
15 14 31
15 16 31
16 144 31
17 145 31
17 147 31
17 148 31
18 103 31
18 104 31
19 137 31
19 138 31
19 144 31
20 134 31
20 135 31
20 136 31
21 128 31
21 129 31
21 131 31
22 101 31
22 102 31
23 143 31
24 123 31
24 124 31
24 126 31
25 142 31
26 118 31
26 121 31
26 122 31
27 115 31
27 116 31
27 117 31
28 99 31
28 100 31
29 97 31
29 98 31
30 95 31
30 96 31
31 93 31
31 94 31
32 91 31
32 92 31
33 89 31
33 90 31
34 141 31
35 109 31
35 110 31
35 114 31
36 140 31
37 87 31
37 88 31
38 139 31
39 105 31
39 106 31
39 108 31
40 85 31
40 86 31
41 83 31
41 84 31
42 138 31
43 101 31
43 102 31
43 103 31
44 81 31
44 82 31
45 96 31
45 97 31
45 98 31
46 79 31
46 80 31
47 53 31
47 58 31
47 59 31
47 65 31
48 137 31
49 15 31
49 17 31
49 18 31
49 21 31
50 93 31
50 94 31
50 95 31
51 77 31
51 78 31
52 75 31
52 76 31
53 136 31
54 73 31
54 74 31
55 71 31
55 72 31
56 49 31
56 50 31
56 51 31
57 69 31
57 70 31
58 44 31
58 45 31
58 48 31
59 67 31
59 68 31
60 40 31
60 41 31
60 42 31
61 41 31
61 45 31
61 48 31
61 50 31
62 135 31
63 134 31
64 65 31
64 66 31
65 63 31
65 64 31
66 36 31
66 37 31
66 38 31
67 135 31
67 0 31
67 3 31
67 7 31
68 133 31
69 89 31
69 91 31
69 92 31
70 61 31
70 62 31
71 132 31
72 33 31
72 34 31
72 35 31
73 131 31
74 59 31
74 60 31
75 57 31
75 58 31
76 130 31
77 86 31
77 87 31
77 88 31
78 55 31
78 56 31
79 53 31
79 54 31
80 129 31
81 128 31
82 51 31
82 52 31
83 30 31
83 31 31
83 32 31
84 26 31
84 28 31
84 29 31
85 49 31
85 50 31
86 127 31
87 23 31
87 24 31
87 25 31
88 47 31
88 48 31
89 20 31
89 21 31
89 22 31
90 45 31
90 46 31
91 126 31
92 125 31
93 17 31
93 18 31
93 19 31
94 14 31
94 15 31
94 16 31
95 53 31
95 123 31
95 124 31
95 131 31
96 11 31
96 12 31
96 13 31
97 8 31
97 9 31
97 10 31
98 124 31
99 83 31
99 84 31
99 85 31
100 123 31
101 43 31
101 44 31
102 4 31
102 6 31
102 7 31
103 41 31
103 42 31
104 79 31
104 80 31
104 81 31
105 0 31
105 1 31
105 3 31
106 138 31
106 144 31
106 150 31
107 39 31
107 40 31
108 131 31
108 134 31
108 135 31
109 101 31
109 102 31
109 105 31
110 37 31
110 38 31
111 35 31
111 36 31
112 122 31
113 75 31
113 76 31
113 78 31
114 33 31
114 34 31
115 124 31
115 128 31
115 129 31
116 31 31
116 32 31
117 121 31
117 122 31
117 123 31
118 94 31
118 95 31
118 96 31
119 35 31
119 36 31
119 38 31
119 40 31
120 29 31
120 30 31
121 7 31
121 12 31
121 18 31
121 21 31
122 88 31
122 89 31
122 93 31
123 80 31
123 86 31
123 87 31
124 27 31
124 28 31
125 25 31
125 26 31
126 109 31
126 116 31
126 118 31
127 23 31
127 24 31
128 76 31
128 78 31
128 79 31
129 73 31
129 74 31
129 75 31
130 72 31
130 73 31
130 74 31
131 21 31
131 22 31
132 67 31
132 70 31
132 71 31
133 64 31
133 65 31
133 66 31
134 121 31
135 19 31
135 20 31
136 120 31
137 17 31
137 18 31
138 119 31
139 118 31
140 15 31
140 16 31
141 59 31
141 60 31
141 62 31
142 23 31
142 28 31
142 31 31
142 32 31
143 117 31
144 116 31
145 13 31
145 14 31
146 56 31
146 57 31
146 58 31
147 11 31
147 12 31
148 115 31
149 52 31
149 53 31
149 54 31
150 67 31
150 70 31
150 71 31
0 113 32
0 114 32
1 111 32
1 112 32
2 150 32
3 149 32
4 109 32
4 110 32
5 8 32
5 9 32
5 10 32
6 148 32
7 107 32
7 108 32
8 105 32
8 106 32
9 147 32
10 103 32
10 104 32
11 5 32
11 6 32
11 7 32
12 146 32
13 101 32
13 102 32
14 2 32
14 3 32
14 4 32
15 150 32
15 0 32
15 1 32
16 145 32
16 147 32
16 148 32
17 145 32
18 144 32
19 143 32
20 142 32
21 7 32
21 12 32
21 18 32
21 53 32
22 99 32
22 100 32
23 137 32
23 138 32
23 144 32
24 141 32
25 134 32
25 135 32
25 136 32
26 128 32
26 129 32
26 131 32
27 97 32
27 98 32
28 95 32
28 96 32
29 123 32
29 124 32
29 126 32
30 118 32
30 121 32
30 122 32
31 115 32
31 116 32
31 117 32
32 93 32
32 94 32
33 41 32
33 45 32
33 48 32
33 50 32
34 140 32
35 91 32
35 92 32
36 109 32
36 110 32
36 114 32
37 139 32
38 105 32
38 106 32
38 108 32
39 101 32
39 102 32
39 103 32
40 96 32
40 97 32
40 98 32
41 138 32
42 35 32
42 36 32
42 38 32
42 40 32
43 93 32
43 94 32
43 95 32
44 89 32
44 90 32
45 137 32
46 136 32
47 135 32
48 134 32
49 89 32
49 91 32
49 92 32
50 87 32
50 88 32
51 86 32
51 87 32
51 88 32
52 85 32
52 86 32
53 83 32
53 84 32
54 49 32
54 50 32
54 51 32
55 83 32
55 84 32
55 85 32
56 133 32
57 44 32
57 45 32
57 48 32
58 132 32
59 81 32
59 82 32
60 40 32
60 41 32
60 42 32
61 131 32
62 36 32
62 37 32
62 38 32
63 79 32
63 80 32
64 77 32
64 78 32
65 75 32
65 76 32
66 33 32
66 34 32
66 35 32
67 30 32
67 31 32
67 32 32
68 73 32
68 74 32
69 71 32
69 72 32
70 23 32
70 28 32
70 31 32
70 32 32
71 130 32
72 26 32
72 28 32
72 29 32
73 23 32
73 24 32
73 25 32
74 129 32
75 16 32
75 17 32
75 18 32
75 21 32
76 11 32
76 12 32
76 14 32
76 15 32
77 79 32
77 80 32
77 81 32
78 20 32
78 21 32
78 22 32
79 17 32
79 18 32
79 19 32
80 14 32
80 15 32
80 16 32
81 128 32
82 69 32
82 70 32
83 67 32
83 68 32
84 65 32
84 66 32
85 127 32
86 11 32
86 12 32
86 13 32
87 63 32
87 64 32
88 61 32
88 62 32
89 59 32
89 60 32
90 75 32
90 76 32
90 78 32
91 126 32
92 57 32
92 58 32
93 125 32
94 8 32
94 9 32
94 10 32
95 55 32
95 56 32
96 4 32
96 6 32
96 7 32
97 124 32
98 0 32
98 1 32
98 3 32
99 53 32
99 54 32
100 51 32
100 52 32
101 138 32
101 144 32
101 150 32
102 49 32
102 50 32
103 47 32
103 48 32
104 45 32
104 46 32
105 101 32
105 102 32
105 109 32
106 43 32
106 44 32
107 72 32
107 73 32
107 74 32
108 131 32
108 134 32
108 135 32
109 94 32
109 95 32
109 96 32
110 41 32
110 42 32
111 39 32
111 40 32
112 123 32
113 37 32
113 38 32
114 35 32
114 36 32
115 122 32
116 121 32
117 124 32
117 128 32
117 129 32
118 33 32
118 34 32
119 120 32
120 119 32
121 118 32
122 88 32
122 89 32
122 93 32
123 31 32
123 32 32
124 80 32
124 86 32
124 87 32
125 29 32
125 30 32
126 27 32
126 28 32
127 67 32
127 70 32
127 71 32
128 135 32
128 0 32
128 3 32
128 7 32
129 25 32
129 26 32
130 23 32
130 24 32
131 21 32
131 22 32
132 64 32
132 65 32
132 66 32
133 19 32
133 20 32
134 17 32
134 18 32
135 76 32
135 78 32
135 79 32
136 121 32
136 122 32
136 123 32
137 117 32
138 73 32
138 74 32
138 75 32
139 116 32
140 59 32
140 60 32
140 62 32
141 15 32
141 16 32
142 13 32
142 14 32
143 56 32
143 57 32
143 58 32
144 21 32
144 123 32
144 124 32
144 131 32
145 115 32
146 53 32
146 58 32
146 59 32
146 65 32
147 11 32
147 12 32
148 105 32
148 116 32
148 118 32
149 52 32
149 53 32
149 54 32
150 67 32
150 70 32
150 71 32
0 8 33
0 9 33
0 10 33
1 150 33
2 113 33
2 114 33
3 53 33
3 123 33
3 124 33
3 131 33
4 35 33
4 36 33
4 38 33
4 40 33
5 111 33
5 112 33
6 149 33
7 109 33
7 110 33
8 5 33
8 6 33
8 7 33
9 2 33
9 3 33
9 4 33
10 150 33
10 0 33
10 1 33
11 107 33
11 108 33
12 105 33
12 106 33
13 103 33
13 104 33
14 145 33
14 147 33
14 148 33
15 137 33
15 138 33
15 144 33
16 134 33
16 135 33
16 136 33
17 148 33
18 128 33
18 129 33
18 131 33
19 101 33
19 102 33
20 99 33
20 100 33
21 147 33
22 23 33
22 28 33
22 31 33
22 32 33
23 97 33
23 98 33
24 123 33
24 124 33
24 126 33
25 146 33
26 16 33
26 17 33
26 18 33
26 21 33
27 95 33
27 96 33
28 93 33
28 94 33
29 118 33
29 121 33
29 122 33
30 11 33
30 12 33
30 14 33
30 15 33
31 145 33
32 144 33
33 115 33
33 116 33
33 117 33
34 91 33
34 92 33
35 143 33
36 89 33
36 90 33
37 109 33
37 110 33
37 114 33
38 87 33
38 88 33
39 85 33
39 86 33
40 105 33
40 106 33
40 108 33
41 101 33
41 102 33
41 103 33
42 142 33
43 96 33
43 97 33
43 98 33
44 83 33
44 84 33
45 141 33
46 81 33
46 82 33
47 79 33
47 80 33
48 93 33
48 94 33
48 95 33
49 77 33
49 78 33
50 75 33
50 76 33
51 73 33
51 74 33
52 71 33
52 72 33
53 52 33
53 54 33
53 56 33
54 49 33
54 50 33
54 51 33
55 69 33
55 70 33
56 44 33
56 45 33
56 48 33
57 140 33
58 139 33
59 40 33
59 41 33
59 42 33
60 67 33
60 68 33
61 89 33
61 91 33
61 92 33
62 138 33
63 65 33
63 66 33
64 137 33
65 63 33
65 64 33
66 61 33
66 62 33
67 136 33
68 86 33
68 87 33
68 88 33
69 83 33
69 84 33
69 85 33
70 135 33
71 36 33
71 37 33
71 38 33
72 33 33
72 34 33
72 35 33
73 30 33
73 31 33
73 32 33
74 59 33
74 60 33
75 26 33
75 28 33
75 29 33
76 134 33
77 57 33
77 58 33
78 55 33
78 56 33
79 23 33
79 24 33
79 25 33
80 53 33
80 54 33
81 133 33
82 132 33
83 20 33
83 21 33
83 22 33
84 131 33
85 51 33
85 52 33
86 49 33
86 50 33
87 130 33
88 17 33
88 18 33
88 19 33
89 7 33
89 12 33
89 18 33
89 21 33
90 47 33
90 48 33
91 14 33
91 15 33
91 16 33
92 45 33
92 46 33
93 43 33
93 44 33
94 129 33
95 11 33
95 12 33
95 13 33
96 41 33
96 42 33
97 8 33
97 9 33
97 10 33
98 4 33
98 6 33
98 7 33
99 39 33
99 40 33
100 128 33
101 127 33
102 37 33
102 38 33
103 126 33
104 79 33
104 80 33
104 81 33
105 35 33
105 36 33
106 0 33
106 1 33
106 3 33
107 75 33
107 76 33
107 78 33
108 135 33
108 0 33
108 3 33
108 7 33
109 101 33
109 102 33
109 105 33
110 138 33
110 144 33
110 150 33
111 125 33
112 33 33
112 34 33
113 31 33
113 32 33
114 124 33
115 131 33
115 134 33
115 135 33
116 123 33
117 124 33
117 128 33
117 129 33
118 29 33
118 30 33
119 72 33
119 73 33
119 74 33
120 67 33
120 70 33
120 71 33
121 94 33
121 95 33
121 96 33
122 88 33
122 89 33
122 93 33
123 27 33
123 28 33
124 122 33
125 25 33
125 26 33
126 23 33
126 24 33
127 53 33
127 58 33
127 59 33
127 65 33
128 121 33
129 120 33
130 119 33
131 80 33
131 86 33
131 87 33
132 21 33
132 22 33
133 19 33
133 20 33
134 76 33
134 78 33
134 79 33
135 17 33
135 18 33
136 121 33
136 122 33
136 123 33
137 118 33
138 73 33
138 74 33
138 75 33
139 64 33
139 65 33
139 66 33
140 15 33
140 16 33
141 59 33
141 60 33
141 62 33
142 53 33
142 57 33
142 58 33
143 41 33
143 45 33
143 48 33
143 50 33
144 67 33
144 70 33
144 71 33
145 117 33
146 116 33
147 109 33
147 116 33
147 118 33
148 115 33
149 13 33
149 14 33
150 11 33
150 12 33
19 102 34
19 103 34
23 100 34
23 101 34
61 98 34
61 99 34
66 96 34
66 97 34
97 75 34
97 96 34
111 103 34
111 75 34
125 101 34
125 102 34
127 99 34
127 100 34
139 97 34
139 98 34
10 102 35
10 103 35
14 100 35
14 101 35
19 98 35
19 99 35
25 96 35
25 97 35
41 103 35
41 75 35
65 101 35
65 102 35
77 99 35
77 100 35
84 97 35
84 98 35
121 75 35
121 96 35
34 102 36
34 103 36
37 100 36
37 101 36
55 98 36
55 99 36
80 96 36
80 97 36
81 103 36
81 75 36
95 101 36
95 102 36
122 99 36
122 100 36
147 97 36
147 98 36
149 75 36
149 96 36
41 102 37
41 103 37
43 100 37
43 101 37
52 98 37
52 99 37
53 96 37
53 97 37
60 103 37
60 75 37
72 101 37
72 102 37
91 99 37
91 100 37
125 97 37
125 98 37
144 75 37
144 96 37
