0 109 2
2 108 2
23 107 2
33 106 2
39 98 2
39 99 2
52 105 2
72 96 2
72 97 2
81 104 2
86 103 2
94 102 2
109 100 2
117 99 2
117 75 2
127 101 2
129 97 2
129 98 2
133 75 2
133 96 2
0 109 3
14 98 3
14 99 3
29 96 3
29 97 3
34 108 3
37 99 3
37 75 3
38 107 3
64 97 3
64 98 3
65 106 3
71 105 3
120 75 3
120 96 3
123 104 3
139 103 3
140 102 3
141 101 3
143 100 3
11 98 4
11 99 4
25 109 4
47 108 4
52 96 4
52 97 4
53 107 4
56 106 4
64 105 4
80 99 4
80 75 4
81 97 4
81 98 4
90 104 4
105 100 4
130 75 4
130 96 4
142 103 4
143 102 4
145 101 4
13 109 5
22 108 5
24 98 5
24 99 5
30 96 5
30 97 5
31 99 5
31 75 5
36 107 5
54 97 5
54 98 5
69 106 5
70 105 5
85 104 5
86 103 5
95 102 5
105 100 5
114 101 5
127 75 5
127 96 5
0 109 6
26 108 6
48 107 6
54 106 6
69 98 6
69 99 6
72 105 6
90 96 6
90 97 6
91 104 6
102 100 6
105 75 6
105 96 6
121 99 6
121 75 6
128 103 6
129 97 6
129 98 6
130 102 6
139 101 6
0 109 7
3 108 7
20 107 7
47 98 7
47 99 7
49 96 7
49 97 7
53 106 7
74 105 7
78 99 7
78 75 7
80 97 7
80 98 7
81 104 7
82 75 7
82 96 7
104 100 7
124 103 7
138 102 7
139 101 7
11 109 8
29 108 8
42 98 8
42 99 8
51 107 8
68 106 8
72 105 8
103 100 8
104 75 8
104 96 8
127 104 8
129 96 8
129 97 8
138 103 8
140 99 8
140 75 8
144 102 8
146 101 8
150 97 8
150 98 8
1 98 9
1 99 9
2 109 9
22 108 9
37 107 9
39 106 9
71 96 9
71 97 9
76 99 9
76 75 9
77 97 9
77 98 9
86 105 9
88 104 9
98 75 9
98 96 9
121 103 9
129 102 9
135 101 9
137 100 9
0 109 10
3 98 10
3 99 10
13 96 10
13 97 10
22 108 10
23 107 10
32 106 10
42 105 10
53 104 10
62 103 10
72 102 10
84 99 10
84 75 10
87 101 10
91 100 10
105 75 10
105 96 10
114 97 10
114 98 10
5 98 11
5 99 11
11 109 11
12 96 11
12 97 11
13 108 11
28 107 11
33 99 11
33 75 11
54 106 11
82 97 11
82 98 11
86 105 11
89 104 11
100 101 11
115 103 11
117 102 11
140 75 11
140 96 11
146 100 11
6 98 14
6 99 14
12 109 14
20 96 14
20 97 14
24 99 14
24 75 14
31 108 14
37 107 14
52 106 14
63 105 14
75 104 14
81 103 14
99 102 14
125 97 14
125 98 14
132 75 14
132 96 14
138 101 14
140 100 14
3 109 15
7 108 15
9 107 15
23 106 15
69 105 15
76 104 15
83 98 15
83 99 15
89 103 15
95 96 15
95 97 15
100 75 15
100 96 15
102 100 15
117 102 15
125 101 15
142 99 15
142 75 15
146 97 15
146 98 15
25 109 16
29 108 16
35 107 16
51 106 16
54 98 16
54 99 16
56 105 16
78 96 16
78 97 16
86 99 16
86 75 16
89 104 16
99 103 16
116 97 16
116 98 16
117 102 16
123 101 16
135 75 16
135 96 16
149 100 16
4 98 17
4 99 17
30 109 17
33 108 17
36 107 17
39 96 17
39 97 17
78 99 17
78 75 17
94 106 17
96 75 17
96 97 17
117 105 17
135 104 17
137 103 17
141 102 17
145 96 17
145 98 17
148 101 17
150 100 17
0 150 18
4 49 18
4 51 18
4 52 18
5 109 18
5 110 18
6 42 18
6 46 18
6 48 18
7 39 18
7 40 18
7 41 18
10 34 18
10 35 18
10 38 18
11 149 18
12 1 18
12 3 18
12 6 18
13 106 18
13 108 18
14 102 18
14 105 18
18 148 18
19 99 18
19 100 18
20 148 18
20 149 18
20 150 18
21 145 18
21 146 18
21 147 18
22 30 18
22 32 18
22 33 18
23 147 18
24 97 18
24 98 18
25 146 18
26 25 18
26 27 18
26 28 18
27 145 18
29 144 18
30 143 18
32 142 18
33 142 18
33 143 18
33 144 18
34 139 18
34 140 18
34 141 18
36 141 18
37 140 18
38 112 18
38 113 18
38 114 18
38 115 18
38 34 18
38 73 18
42 122 18
42 137 18
42 138 18
43 95 18
43 96 18
44 30 18
44 34 18
44 35 18
44 38 18
44 39 18
44 41 18
45 139 18
48 91 18
48 92 18
49 138 18
50 20 18
50 21 18
50 24 18
51 119 18
51 120 18
51 121 18
52 53 18
52 58 18
52 60 18
53 87 18
53 90 18
54 116 18
54 117 18
54 118 18
55 113 18
55 114 18
55 115 18
57 15 18
57 18 18
57 19 18
58 46 18
58 49 18
58 51 18
59 137 18
60 39 18
60 41 18
60 42 18
62 82 18
62 86 18
64 38 18
64 150 18
64 18 18
64 19 18
64 21 18
64 25 18
65 80 18
65 81 18
66 136 18
67 38 18
67 112 18
67 113 18
67 114 18
67 115 18
67 118 18
68 77 18
68 78 18
70 67 18
70 68 18
71 135 18
73 34 18
73 35 18
73 38 18
75 134 18
77 30 18
77 32 18
77 33 18
78 110 18
78 111 18
78 112 18
79 75 18
79 76 18
80 133 18
81 100 18
81 105 18
81 108 18
82 21 18
82 25 18
82 28 18
83 90 18
83 91 18
83 95 18
83 98 18
85 132 18
86 91 18
86 95 18
86 98 18
90 52 18
90 58 18
90 60 18
90 63 18
92 131 18
94 130 18
95 65 18
95 66 18
96 76 18
96 77 18
96 80 18
96 82 18
97 129 18
98 15 18
98 18 18
98 19 18
99 128 18
100 66 18
100 68 18
100 73 18
100 75 18
101 127 18
102 126 18
103 125 18
104 70 18
104 73 18
106 63 18
106 64 18
107 11 18
107 12 18
107 14 18
108 6 18
108 11 18
108 12 18
109 124 18
110 123 18
111 122 18
113 60 18
113 62 18
114 121 18
115 120 18
116 118 18
117 114 18
117 115 18
117 116 18
118 119 18
119 111 18
119 112 18
119 113 18
120 117 18
121 149 18
121 150 18
121 3 18
122 142 18
122 143 18
122 144 18
124 58 18
124 59 18
126 80 18
126 82 18
126 90 18
127 116 18
128 75 18
128 76 18
128 77 18
130 55 18
130 56 18
131 115 18
132 66 18
132 68 18
132 73 18
134 38 18
134 112 18
134 113 18
134 114 18
134 115 18
134 117 18
135 52 18
135 63 18
135 65 18
137 120 18
137 140 18
137 141 18
139 117 18
139 118 18
139 119 18
140 42 18
140 46 18
140 49 18
140 51 18
142 114 18
143 113 18
144 105 18
144 108 18
144 110 18
145 53 18
145 54 18
148 112 18
150 111 18
1 150 19
2 149 19
4 148 19
5 109 19
5 110 19
6 147 19
7 49 19
7 51 19
7 52 19
8 42 19
8 46 19
8 48 19
9 39 19
9 40 19
9 41 19
11 146 19
13 34 19
13 35 19
13 38 19
15 38 19
15 112 19
15 113 19
15 114 19
15 115 19
15 118 19
16 106 19
16 108 19
17 90 19
17 91 19
17 95 19
17 98 19
18 145 19
19 11 19
19 12 19
19 14 19
20 144 19
21 1 19
21 3 19
21 6 19
23 102 19
23 105 19
24 148 19
24 149 19
24 150 19
25 99 19
25 100 19
26 143 19
27 145 19
27 146 19
27 147 19
28 38 19
28 112 19
28 113 19
28 114 19
28 115 19
28 117 19
29 97 19
29 98 19
30 142 19
30 143 19
30 144 19
31 95 19
31 96 19
32 142 19
33 141 19
34 139 19
34 140 19
34 141 19
36 91 19
36 92 19
38 112 19
38 113 19
38 114 19
38 115 19
38 34 19
38 73 19
39 122 19
39 137 19
39 138 19
41 87 19
41 90 19
44 30 19
44 32 19
44 33 19
45 30 19
45 34 19
45 35 19
45 38 19
45 39 19
45 41 19
46 140 19
48 82 19
48 86 19
49 119 19
49 120 19
49 121 19
50 139 19
53 138 19
55 80 19
55 81 19
57 25 19
57 27 19
57 28 19
58 52 19
58 53 19
58 60 19
61 20 19
61 21 19
61 24 19
62 77 19
62 78 19
63 75 19
63 76 19
64 70 19
64 73 19
65 46 19
65 49 19
65 51 19
66 137 19
67 136 19
69 67 19
69 68 19
70 135 19
72 65 19
72 66 19
73 39 19
73 41 19
73 42 19
75 34 19
75 35 19
75 38 19
77 134 19
78 116 19
78 117 19
78 118 19
79 133 19
80 132 19
81 131 19
83 130 19
86 113 19
86 114 19
86 115 19
87 110 19
87 111 19
87 112 19
88 38 19
88 150 19
88 18 19
88 19 19
88 21 19
88 25 19
89 129 19
90 63 19
90 64 19
91 128 19
92 100 19
92 105 19
92 108 19
93 127 19
94 76 19
94 77 19
94 80 19
94 82 19
95 30 19
95 32 19
95 33 19
97 91 19
97 95 19
97 98 19
102 126 19
103 15 19
103 18 19
103 19 19
105 21 19
105 25 19
105 28 19
106 80 19
106 82 19
106 90 19
107 125 19
108 124 19
109 123 19
110 42 19
110 46 19
110 49 19
110 51 19
112 122 19
113 121 19
114 119 19
115 15 19
115 18 19
115 19 19
117 118 19
117 119 19
117 120 19
119 120 19
121 6 19
121 11 19
121 12 19
123 118 19
124 75 19
124 76 19
124 77 19
125 60 19
125 62 19
127 58 19
127 59 19
128 66 19
128 68 19
128 73 19
129 55 19
129 56 19
130 66 19
130 68 19
130 73 19
130 75 19
131 52 19
131 58 19
131 60 19
131 63 19
132 58 19
132 63 19
132 65 19
133 117 19
135 116 19
136 115 19
137 114 19
138 113 19
140 114 19
140 115 19
140 116 19
141 112 19
142 111 19
142 112 19
142 113 19
143 53 19
143 54 19
144 105 19
144 108 19
144 110 19
145 149 19
145 150 19
145 3 19
146 111 19
147 142 19
147 143 19
147 144 19
148 117 19
148 140 19
148 141 19
0 30 20
0 34 20
0 35 20
0 38 20
0 39 20
0 41 20
1 148 20
1 149 20
1 150 20
3 150 20
4 149 20
5 148 20
6 147 20
8 49 20
8 51 20
8 52 20
9 109 20
9 110 20
10 146 20
11 145 20
11 146 20
11 147 20
12 106 20
12 108 20
13 118 20
13 150 20
13 18 20
13 19 20
13 21 20
13 25 20
15 142 20
15 143 20
15 144 20
16 42 20
16 46 20
16 48 20
17 145 20
18 102 20
18 105 20
19 139 20
19 140 20
19 141 20
20 144 20
21 143 20
22 39 20
22 40 20
22 41 20
23 142 20
26 34 20
26 35 20
26 38 20
28 141 20
29 30 20
29 32 20
29 33 20
30 122 20
30 137 20
30 138 20
31 25 20
31 27 20
31 28 20
33 119 20
33 120 20
33 121 20
34 66 20
34 68 20
34 73 20
34 75 20
35 140 20
37 99 20
37 100 20
38 139 20
39 138 20
42 137 20
44 97 20
44 98 20
45 136 20
46 135 20
47 134 20
48 133 20
51 95 20
51 96 20
52 132 20
53 91 20
53 92 20
54 116 20
54 117 20
54 118 20
55 131 20
57 87 20
57 90 20
58 130 20
60 63 20
60 65 20
60 66 20
62 129 20
64 113 20
64 114 20
64 115 20
66 52 20
66 53 20
66 58 20
68 46 20
68 49 20
68 51 20
69 82 20
69 86 20
70 110 20
70 111 20
70 112 20
72 128 20
73 127 20
74 20 20
74 21 20
74 24 20
75 39 20
75 41 20
75 42 20
77 34 20
77 35 20
77 38 20
79 38 20
79 112 20
79 113 20
79 114 20
79 115 20
79 117 20
80 30 20
80 32 20
80 33 20
81 77 20
81 78 20
82 52 20
82 58 20
82 60 20
82 63 20
83 15 20
83 18 20
83 19 20
84 11 20
84 12 20
84 14 20
85 126 20
87 75 20
87 76 20
88 90 20
88 91 20
88 95 20
88 98 20
89 125 20
90 124 20
91 21 20
91 25 20
91 28 20
93 1 20
93 3 20
93 6 20
94 123 20
97 100 20
97 105 20
97 108 20
98 122 20
99 121 20
100 120 20
101 119 20
102 118 20
103 80 20
103 81 20
104 117 20
105 42 20
105 46 20
105 49 20
105 51 20
109 38 20
109 112 20
109 113 20
109 114 20
109 115 20
109 73 20
110 116 20
111 70 20
111 73 20
112 15 20
112 18 20
112 19 20
113 115 20
115 6 20
115 11 20
115 12 20
116 67 20
116 68 20
118 65 20
118 66 20
120 114 20
120 115 20
120 116 20
121 114 20
124 113 20
125 91 20
125 95 20
125 98 20
126 38 20
126 112 20
126 113 20
126 114 20
126 115 20
126 34 20
127 80 20
127 82 20
127 90 20
130 63 20
130 64 20
131 75 20
131 76 20
131 77 20
132 60 20
132 68 20
132 73 20
133 60 20
133 62 20
134 112 20
135 76 20
135 77 20
135 80 20
135 82 20
138 149 20
138 150 20
138 3 20
139 142 20
139 143 20
139 144 20
140 111 20
140 112 20
140 113 20
141 111 20
142 105 20
142 108 20
142 110 20
145 120 20
145 140 20
145 141 20
146 58 20
146 59 20
147 117 20
147 118 20
147 119 20
148 55 20
148 56 20
150 53 20
150 54 20
0 150 21
3 109 21
3 110 21
5 149 21
6 145 21
6 146 21
6 147 21
7 49 21
7 51 21
7 52 21
10 42 21
10 46 21
10 48 21
11 142 21
11 143 21
11 144 21
12 148 21
15 139 21
15 140 21
15 141 21
16 147 21
17 106 21
17 108 21
19 102 21
19 105 21
20 146 21
21 122 21
21 137 21
21 138 21
23 145 21
24 119 21
24 120 21
24 121 21
26 144 21
28 99 21
28 100 21
29 39 21
29 40 21
29 41 21
30 116 21
30 117 21
30 118 21
31 97 21
31 98 21
32 143 21
33 142 21
34 113 21
34 114 21
34 115 21
35 110 21
35 111 21
35 112 21
36 141 21
37 34 21
37 35 21
37 38 21
38 95 21
38 96 21
40 140 21
42 139 21
44 138 21
45 137 21
46 42 21
46 49 21
46 51 21
46 52 21
47 30 21
47 32 21
47 33 21
48 91 21
48 92 21
49 136 21
50 25 21
50 27 21
50 28 21
51 100 21
51 105 21
51 108 21
52 135 21
53 87 21
53 90 21
55 82 21
55 86 21
56 80 21
56 81 21
57 30 21
57 34 21
57 35 21
57 38 21
57 39 21
57 41 21
59 134 21
61 20 21
61 21 21
61 24 21
62 133 21
63 52 21
63 53 21
63 58 21
64 90 21
64 91 21
64 95 21
64 98 21
65 46 21
65 49 21
65 51 21
70 132 21
71 15 21
71 18 21
71 19 21
73 39 21
73 41 21
73 42 21
74 11 21
74 12 21
74 14 21
75 131 21
76 130 21
77 129 21
79 77 21
79 78 21
81 91 21
81 95 21
81 98 21
83 75 21
83 76 21
85 128 21
86 67 21
86 68 21
87 65 21
87 66 21
88 1 21
88 3 21
88 6 21
89 127 21
92 126 21
93 148 21
93 149 21
93 150 21
94 118 21
94 150 21
94 18 21
94 19 21
94 21 21
94 25 21
97 80 21
97 82 21
97 90 21
99 63 21
99 64 21
100 125 21
102 124 21
103 123 21
104 70 21
104 73 21
105 38 21
105 112 21
105 113 21
105 114 21
105 115 21
105 34 21
106 38 21
106 112 21
106 113 21
106 114 21
106 115 21
106 117 21
107 122 21
109 121 21
110 34 21
110 35 21
110 38 21
111 30 21
111 32 21
111 33 21
112 21 21
112 25 21
112 28 21
115 60 21
115 62 21
116 120 21
117 119 21
118 15 21
118 18 21
118 19 21
119 6 21
119 11 21
119 12 21
120 140 21
120 141 21
120 142 21
121 118 21
122 149 21
122 150 21
122 3 21
123 58 21
123 59 21
124 76 21
124 77 21
124 80 21
124 82 21
125 75 21
125 76 21
125 77 21
126 117 21
127 116 21
128 66 21
128 68 21
128 73 21
129 55 21
129 56 21
130 66 21
130 68 21
130 73 21
130 75 21
131 53 21
131 54 21
132 38 21
132 112 21
132 113 21
132 114 21
132 115 21
132 73 21
133 60 21
133 63 21
133 65 21
134 115 21
135 114 21
137 113 21
138 120 21
138 143 21
138 144 21
140 117 21
140 118 21
140 119 21
141 114 21
141 115 21
141 116 21
143 111 21
143 112 21
143 113 21
145 112 21
146 46 21
146 58 21
146 60 21
146 63 21
149 105 21
149 108 21
149 110 21
150 111 21
1 139 22
1 140 22
1 141 22
2 150 22
3 38 22
3 112 22
3 113 22
3 114 22
3 115 22
3 34 22
4 49 22
4 51 22
4 52 22
5 42 22
5 46 22
5 48 22
6 109 22
6 110 22
7 30 22
7 34 22
7 35 22
7 38 22
7 39 22
7 41 22
8 149 22
10 39 22
10 40 22
10 41 22
12 106 22
12 108 22
13 102 22
13 105 22
14 76 22
14 77 22
14 80 22
14 82 22
15 99 22
15 100 22
16 34 22
16 35 22
16 38 22
17 97 22
17 98 22
18 148 22
19 95 22
19 96 22
20 122 22
20 137 22
20 138 22
21 119 22
21 120 22
21 121 22
22 118 22
22 150 22
22 18 22
22 19 22
22 21 22
22 25 22
23 30 22
23 32 22
23 33 22
24 116 22
24 117 22
24 118 22
25 147 22
27 146 22
28 113 22
28 114 22
28 115 22
30 110 22
30 111 22
30 112 22
31 145 22
32 144 22
33 52 22
33 58 22
33 60 22
33 63 22
34 38 22
34 112 22
34 113 22
34 114 22
34 115 22
34 73 22
35 100 22
35 105 22
35 108 22
36 91 22
36 92 22
37 90 22
37 91 22
37 95 22
37 98 22
39 42 22
39 46 22
39 49 22
39 51 22
40 143 22
41 142 22
42 91 22
42 95 22
42 98 22
43 25 22
43 27 22
43 28 22
44 20 22
44 21 22
44 24 22
45 15 22
45 18 22
45 19 22
46 39 22
46 41 22
46 42 22
47 11 22
47 12 22
47 14 22
48 87 22
48 90 22
49 34 22
49 35 22
49 38 22
50 82 22
50 86 22
53 141 22
56 80 22
56 81 22
57 140 22
58 139 22
59 80 22
59 82 22
59 90 22
63 138 22
64 137 22
65 30 22
65 32 22
65 33 22
67 77 22
67 78 22
69 136 22
70 75 22
70 76 22
70 77 22
71 135 22
72 134 22
73 133 22
74 75 22
74 76 22
76 21 22
76 25 22
76 28 22
77 15 22
77 18 22
77 19 22
79 1 22
79 3 22
79 6 22
80 70 22
80 73 22
81 67 22
81 68 22
83 148 22
83 149 22
83 150 22
85 145 22
85 146 22
85 147 22
86 66 22
86 68 22
86 73 22
87 60 22
87 63 22
87 65 22
88 132 22
89 38 22
89 112 22
89 113 22
89 114 22
89 115 22
89 117 22
91 6 22
91 11 22
91 12 22
92 65 22
92 66 22
93 131 22
95 63 22
95 64 22
96 130 22
98 129 22
99 128 22
101 127 22
102 52 22
102 53 22
102 58 22
104 126 22
105 149 22
105 150 22
105 3 22
106 125 22
107 142 22
107 143 22
107 144 22
108 124 22
109 123 22
110 60 22
110 62 22
111 122 22
113 142 22
113 143 22
113 144 22
114 121 22
115 120 22
116 114 22
116 115 22
116 117 22
117 111 22
117 112 22
117 113 22
118 119 22
123 58 22
123 59 22
124 118 22
125 117 22
126 116 22
128 55 22
128 56 22
132 66 22
132 68 22
132 73 22
132 75 22
133 46 22
133 49 22
133 51 22
134 53 22
134 54 22
135 115 22
136 114 22
137 120 22
137 140 22
137 141 22
140 113 22
142 105 22
142 108 22
142 110 22
145 116 22
145 118 22
145 119 22
149 112 22
150 111 22
0 150 23
1 149 23
3 116 23
3 117 23
3 118 23
5 109 23
5 110 23
7 49 23
7 51 23
7 52 23
8 148 23
10 42 23
10 46 23
10 48 23
11 147 23
12 146 23
13 39 23
13 40 23
13 41 23
16 34 23
16 35 23
16 38 23
18 145 23
19 144 23
20 113 23
20 114 23
20 115 23
21 106 23
21 108 23
22 30 23
22 32 23
22 33 23
23 143 23
24 110 23
24 111 23
24 112 23
27 102 23
27 105 23
28 100 23
28 105 23
28 108 23
29 25 23
29 27 23
29 28 23
31 142 23
33 30 23
33 32 23
33 34 23
34 141 23
35 99 23
35 100 23
36 140 23
38 139 23
39 21 23
39 25 23
39 28 23
42 138 23
43 30 23
43 34 23
43 35 23
43 38 23
43 39 23
43 41 23
44 137 23
45 20 23
45 21 23
45 24 23
46 38 23
46 112 23
46 113 23
46 114 23
46 115 23
46 73 23
49 76 23
49 77 23
49 80 23
49 82 23
50 136 23
51 135 23
52 134 23
53 97 23
53 98 23
54 91 23
54 95 23
54 98 23
55 133 23
56 132 23
57 15 23
57 18 23
57 19 23
58 95 23
58 96 23
59 80 23
59 82 23
59 90 23
60 66 23
60 68 23
60 73 23
60 75 23
61 11 23
61 12 23
61 14 23
62 131 23
64 75 23
64 76 23
64 77 23
67 130 23
68 129 23
69 91 23
69 92 23
70 128 23
71 1 23
71 3 23
71 6 23
72 118 23
72 150 23
72 18 23
72 19 23
72 21 23
72 25 23
73 15 23
73 18 23
73 19 23
74 90 23
74 91 23
74 95 23
74 98 23
77 87 23
77 90 23
79 148 23
79 149 23
79 150 23
80 6 23
80 11 23
80 12 23
81 82 23
81 86 23
82 127 23
83 145 23
83 146 23
83 147 23
85 142 23
85 143 23
85 144 23
86 66 23
86 68 23
86 73 23
87 126 23
88 139 23
88 140 23
88 141 23
90 125 23
93 124 23
94 122 23
94 137 23
94 138 23
95 149 23
95 150 23
95 3 23
97 60 23
97 63 23
97 65 23
100 80 23
100 81 23
101 123 23
102 122 23
103 119 23
103 120 23
103 121 23
105 77 23
105 78 23
106 52 23
106 53 23
106 58 23
108 38 23
108 112 23
108 113 23
108 114 23
108 115 23
108 34 23
109 75 23
109 76 23
110 142 23
110 143 23
110 144 23
111 120 23
111 140 23
111 141 23
112 70 23
112 73 23
114 121 23
115 67 23
115 68 23
116 120 23
117 65 23
117 66 23
118 63 23
118 64 23
119 52 23
119 58 23
119 60 23
119 63 23
120 119 23
121 118 23
125 117 23
126 116 23
127 46 23
127 49 23
127 51 23
128 115 23
130 114 23
131 60 23
131 62 23
132 38 23
132 112 23
132 113 23
132 114 23
132 115 23
132 117 23
133 58 23
133 59 23
134 39 23
134 41 23
134 42 23
136 33 23
136 35 23
136 38 23
138 117 23
138 118 23
138 119 23
139 55 23
139 56 23
140 113 23
141 53 23
141 54 23
142 111 23
142 112 23
142 113 23
143 112 23
144 42 23
144 46 23
144 49 23
144 51 23
145 114 23
145 115 23
145 116 23
149 105 23
149 108 23
149 110 23
150 111 23
1 113 24
1 114 24
2 41 24
2 43 24
2 45 24
3 38 24
3 39 24
3 40 24
4 111 24
4 112 24
5 109 24
5 110 24
6 107 24
6 108 24
7 104 24
7 105 24
8 102 24
8 103 24
9 150 24
10 149 24
11 148 24
12 144 24
13 143 24
15 100 24
15 101 24
16 98 24
16 99 24
17 142 24
18 96 24
18 97 24
19 141 24
20 140 24
21 92 24
21 95 24
22 139 24
24 88 24
24 89 24
25 84 24
25 87 24
26 82 24
26 83 24
27 138 24
28 80 24
28 81 24
29 78 24
29 79 24
30 76 24
30 77 24
31 136 24
34 135 24
35 134 24
36 74 24
36 75 24
37 133 24
38 72 24
38 73 24
39 70 24
39 71 24
40 68 24
40 69 24
41 66 24
41 67 24
42 40 24
42 41 24
43 130 24
44 38 24
44 39 24
46 36 24
46 37 24
47 80 24
47 82 24
47 87 24
47 89 24
48 34 24
48 35 24
49 32 24
49 33 24
50 64 24
50 65 24
51 30 24
51 31 24
52 29 24
52 30 24
52 31 24
54 28 24
54 29 24
55 26 24
55 27 24
56 24 24
56 25 24
57 22 24
57 23 24
58 129 24
59 73 24
59 75 24
59 76 24
59 77 24
60 4 24
60 6 24
60 7 24
60 8 24
61 20 24
61 21 24
62 61 24
62 63 24
63 18 24
63 19 24
64 16 24
64 17 24
65 128 24
66 14 24
66 15 24
67 12 24
67 13 24
68 127 24
69 105 24
69 141 24
69 0 24
69 1 24
70 126 24
71 35 24
71 36 24
71 37 24
72 10 24
72 11 24
73 8 24
73 9 24
74 6 24
74 7 24
75 4 24
75 5 24
76 2 24
76 3 24
77 0 24
77 1 24
78 125 24
79 149 24
79 150 24
80 66 24
80 75 24
80 76 24
80 82 24
81 143 24
81 148 24
82 26 24
82 27 24
82 28 24
83 23 24
83 24 24
83 25 24
84 124 24
85 59 24
85 60 24
86 57 24
86 58 24
87 141 24
87 142 24
88 138 24
88 139 24
89 135 24
89 136 24
90 47 24
90 48 24
90 49 24
92 123 24
94 55 24
94 56 24
95 31 24
95 51 24
95 52 24
95 66 24
96 122 24
97 129 24
97 133 24
98 125 24
98 126 24
99 123 24
99 124 24
100 120 24
100 122 24
101 118 24
101 119 24
102 115 24
102 116 24
104 80 24
104 89 24
104 99 24
104 101 24
105 121 24
106 9 24
106 13 24
106 14 24
106 15 24
107 112 24
107 114 24
108 20 24
108 21 24
108 22 24
109 16 24
109 18 24
109 19 24
110 102 24
110 103 24
112 120 24
113 32 24
113 33 24
113 34 24
114 100 24
114 101 24
115 98 24
115 99 24
116 119 24
117 118 24
118 95 24
118 97 24
119 89 24
119 92 24
120 87 24
120 88 24
122 82 24
122 83 24
123 80 24
123 81 24
124 78 24
124 79 24
126 76 24
126 77 24
127 110 24
127 111 24
129 117 24
131 53 24
131 54 24
132 51 24
132 52 24
133 103 24
133 105 24
133 7 24
133 13 24
134 99 24
134 101 24
134 103 24
134 104 24
135 74 24
135 75 24
136 72 24
136 73 24
137 48 24
137 49 24
138 68 24
138 70 24
139 63 24
139 66 24
140 108 24
140 109 24
141 58 24
141 59 24
142 116 24
143 55 24
143 57 24
144 104 24
144 105 24
145 46 24
145 47 24
146 44 24
146 45 24
147 42 24
147 43 24
148 53 24
148 54 24
149 51 24
149 52 24
150 115 24
0 73 25
0 75 25
0 76 25
0 77 25
1 113 25
1 114 25
2 111 25
2 112 25
3 109 25
3 110 25
4 150 25
5 107 25
5 108 25
7 104 25
7 105 25
8 102 25
8 103 25
9 100 25
9 101 25
10 98 25
10 99 25
11 96 25
11 97 25
12 149 25
13 148 25
14 92 25
14 95 25
15 144 25
16 88 25
16 89 25
17 143 25
18 84 25
18 87 25
19 82 25
19 83 25
20 80 25
20 81 25
21 78 25
21 79 25
22 76 25
22 77 25
23 74 25
23 75 25
24 72 25
24 73 25
25 142 25
26 70 25
26 71 25
27 141 25
28 68 25
28 69 25
29 66 25
29 67 25
30 31 25
30 51 25
30 52 25
30 66 25
31 64 25
31 65 25
32 61 25
32 63 25
33 140 25
34 59 25
34 60 25
35 57 25
35 58 25
36 55 25
36 56 25
37 53 25
37 54 25
38 36 25
38 37 25
40 34 25
40 35 25
42 139 25
43 32 25
43 33 25
44 30 25
44 31 25
45 28 25
45 29 25
46 4 25
46 6 25
46 7 25
46 8 25
47 26 25
47 27 25
48 24 25
48 25 25
49 138 25
50 136 25
51 22 25
51 23 25
52 20 25
52 21 25
53 38 25
53 39 25
53 40 25
54 135 25
55 18 25
55 19 25
56 16 25
56 17 25
57 14 25
57 15 25
58 12 25
58 13 25
59 10 25
59 11 25
60 8 25
60 9 25
61 105 25
61 141 25
61 0 25
61 1 25
62 51 25
62 52 25
63 134 25
64 6 25
64 7 25
66 4 25
66 5 25
67 2 25
67 3 25
68 0 25
68 1 25
69 149 25
69 150 25
71 143 25
71 148 25
72 133 25
73 141 25
73 142 25
74 138 25
74 139 25
76 135 25
76 136 25
78 130 25
79 129 25
79 133 25
80 125 25
80 126 25
81 103 25
81 105 25
81 7 25
81 13 25
82 66 25
82 75 25
82 76 25
82 80 25
83 123 25
83 124 25
84 99 25
84 101 25
84 103 25
84 104 25
85 48 25
85 49 25
86 46 25
86 47 25
87 120 25
87 122 25
88 118 25
88 119 25
91 44 25
91 45 25
92 129 25
93 42 25
93 43 25
94 128 25
95 127 25
96 126 25
97 115 25
97 116 25
98 112 25
98 114 25
99 125 25
100 101 25
100 102 25
101 98 25
101 99 25
102 95 25
102 97 25
103 89 25
103 92 25
105 87 25
105 88 25
106 124 25
107 41 25
107 43 25
107 45 25
108 35 25
108 36 25
108 37 25
109 32 25
109 33 25
109 34 25
110 82 25
110 83 25
111 80 25
111 81 25
113 123 25
114 29 25
114 30 25
114 31 25
115 78 25
115 79 25
116 122 25
117 121 25
119 118 25
120 76 25
120 77 25
122 74 25
122 75 25
123 117 25
124 72 25
124 73 25
125 116 25
126 68 25
126 70 25
127 80 25
127 82 25
127 87 25
127 89 25
128 110 25
128 111 25
129 82 25
129 89 25
129 99 25
129 101 25
130 108 25
130 109 25
131 120 25
132 9 25
132 13 25
132 14 25
132 15 25
133 115 25
134 104 25
134 105 25
135 63 25
135 66 25
136 58 25
136 59 25
137 40 25
137 41 25
138 26 25
138 27 25
138 28 25
139 55 25
139 57 25
140 100 25
140 103 25
141 23 25
141 24 25
141 25 25
142 53 25
142 54 25
143 20 25
143 21 25
143 22 25
145 47 25
145 48 25
145 49 25
146 119 25
147 38 25
147 39 25
148 51 25
148 52 25
149 16 25
149 18 25
149 19 25
0 113 26
0 114 26
2 111 26
2 112 26
3 150 26
4 149 26
5 38 26
5 39 26
5 40 26
6 109 26
6 110 26
7 107 26
7 108 26
9 148 26
10 104 26
10 105 26
11 4 26
11 6 26
11 7 26
11 8 26
12 102 26
12 103 26
14 100 26
14 101 26
15 35 26
15 36 26
15 37 26
16 144 26
17 98 26
17 99 26
18 96 26
18 97 26
19 92 26
19 95 26
20 88 26
20 89 26
21 143 26
22 80 26
22 82 26
22 87 26
22 89 26
24 84 26
24 87 26
25 82 26
25 83 26
26 142 26
29 80 26
29 81 26
30 78 26
30 79 26
31 76 26
31 77 26
32 141 26
33 140 26
34 74 26
34 75 26
35 73 26
35 75 26
35 76 26
35 77 26
36 72 26
36 73 26
37 70 26
37 71 26
38 68 26
38 69 26
39 66 26
39 67 26
40 26 26
40 27 26
40 28 26
41 64 26
41 65 26
43 42 26
43 44 26
44 40 26
44 41 26
45 38 26
45 39 26
46 36 26
46 37 26
47 34 26
47 35 26
48 31 26
48 51 26
48 52 26
48 66 26
49 32 26
49 33 26
50 61 26
50 63 26
51 139 26
52 138 26
53 103 26
53 105 26
53 7 26
53 13 26
54 136 26
55 135 26
56 30 26
56 31 26
57 28 26
57 29 26
58 26 26
58 27 26
59 23 26
59 24 26
59 25 26
61 24 26
61 25 26
62 47 26
62 48 26
62 49 26
63 22 26
63 23 26
65 134 26
66 20 26
66 21 26
67 18 26
67 19 26
68 16 26
68 17 26
69 32 26
69 33 26
69 34 26
70 14 26
70 15 26
71 105 26
71 141 26
71 0 26
71 1 26
72 12 26
72 13 26
73 10 26
73 11 26
74 8 26
74 9 26
75 20 26
75 21 26
75 22 26
77 16 26
77 18 26
77 19 26
78 6 26
78 7 26
79 133 26
80 4 26
80 5 26
81 130 26
82 129 26
83 128 26
84 2 26
84 3 26
85 59 26
85 60 26
86 57 26
86 58 26
87 127 26
88 126 26
89 125 26
91 55 26
91 56 26
92 0 26
92 1 26
93 53 26
93 54 26
94 124 26
95 149 26
95 150 26
96 143 26
96 148 26
97 141 26
97 142 26
98 138 26
98 139 26
99 135 26
99 136 26
100 129 26
100 133 26
101 123 26
102 125 26
102 126 26
103 122 26
104 105 26
104 108 26
105 102 26
105 103 26
106 51 26
106 52 26
107 99 26
107 101 26
107 103 26
107 104 26
108 100 26
108 101 26
109 98 26
109 99 26
110 95 26
110 97 26
111 82 26
111 89 26
111 99 26
111 101 26
112 66 26
112 75 26
112 76 26
112 80 26
113 123 26
113 124 26
115 89 26
115 92 26
116 87 26
116 88 26
117 29 26
117 30 26
117 31 26
119 121 26
120 82 26
120 83 26
121 120 26
122 80 26
122 81 26
123 78 26
123 79 26
124 76 26
124 77 26
125 74 26
125 75 26
126 119 26
127 120 26
127 122 26
128 118 26
128 119 26
129 118 26
130 115 26
130 116 26
131 48 26
131 49 26
133 72 26
133 73 26
134 112 26
134 114 26
135 68 26
135 70 26
137 41 26
137 43 26
137 45 26
138 63 26
138 66 26
139 58 26
139 59 26
140 110 26
140 111 26
141 117 26
142 116 26
143 115 26
144 104 26
144 109 26
145 46 26
145 47 26
146 9 26
146 13 26
146 14 26
146 15 26
147 43 26
147 45 26
148 55 26
148 57 26
149 53 26
149 54 26
150 51 26
150 52 26
0 150 27
1 113 27
1 114 27
2 111 27
2 112 27
3 109 27
3 110 27
4 149 27
5 107 27
5 108 27
6 104 27
6 105 27
7 41 27
7 43 27
7 45 27
8 102 27
8 103 27
9 100 27
9 101 27
10 98 27
10 99 27
11 96 27
11 97 27
12 92 27
12 95 27
13 148 27
14 88 27
14 89 27
15 84 27
15 87 27
16 82 27
16 83 27
17 80 27
17 81 27
18 78 27
18 79 27
20 76 27
20 77 27
22 74 27
22 75 27
23 72 27
23 73 27
24 144 27
25 70 27
25 71 27
26 68 27
26 69 27
27 66 27
27 67 27
29 64 27
29 65 27
31 82 27
31 89 27
31 99 27
31 101 27
32 105 27
32 141 27
32 0 27
32 1 27
33 61 27
33 63 27
34 59 27
34 60 27
35 143 27
36 57 27
36 58 27
37 99 27
37 101 27
37 103 27
37 104 27
39 142 27
40 80 27
40 82 27
40 87 27
40 89 27
41 38 27
41 39 27
41 40 27
42 40 27
42 41 27
43 35 27
43 36 27
43 37 27
44 141 27
45 32 27
45 33 27
45 34 27
46 38 27
46 39 27
47 36 27
47 37 27
48 140 27
49 34 27
49 35 27
51 32 27
51 33 27
52 139 27
53 30 27
53 31 27
56 28 27
56 29 27
57 26 27
57 27 27
58 138 27
59 24 27
59 25 27
60 136 27
61 22 27
61 23 27
62 55 27
62 56 27
63 20 27
63 21 27
64 18 27
64 19 27
65 16 27
65 17 27
66 135 27
67 14 27
67 15 27
68 134 27
69 12 27
69 13 27
70 10 27
70 11 27
71 8 27
71 9 27
73 66 27
73 75 27
73 76 27
73 80 27
74 29 27
74 30 27
74 31 27
75 6 27
75 7 27
76 4 27
76 5 27
77 26 27
77 27 27
77 28 27
78 2 27
78 3 27
79 0 27
79 1 27
81 73 27
81 75 27
81 76 27
81 77 27
82 149 27
82 150 27
83 143 27
83 148 27
84 133 27
85 9 27
85 13 27
85 14 27
85 15 27
86 130 27
87 141 27
87 142 27
88 138 27
88 139 27
89 135 27
89 136 27
90 53 27
90 54 27
91 129 27
92 31 27
92 51 27
92 52 27
92 66 27
93 51 27
93 52 27
94 48 27
94 49 27
95 129 27
95 133 27
96 125 27
96 126 27
97 123 27
97 124 27
98 128 27
99 120 27
99 122 27
100 23 27
100 24 27
100 25 27
101 118 27
101 119 27
102 103 27
102 104 27
104 20 27
104 21 27
104 22 27
105 127 27
106 46 27
106 47 27
107 115 27
107 116 27
108 126 27
109 100 27
109 101 27
110 98 27
110 99 27
111 95 27
111 97 27
112 89 27
112 92 27
113 112 27
113 114 27
114 87 27
114 88 27
115 82 27
115 83 27
116 80 27
116 81 27
117 125 27
118 78 27
118 79 27
119 124 27
120 123 27
121 110 27
121 111 27
122 76 27
122 77 27
123 74 27
123 75 27
124 72 27
124 73 27
125 68 27
125 70 27
126 63 27
126 66 27
127 108 27
127 109 27
129 121 27
130 102 27
130 105 27
131 4 27
131 6 27
131 7 27
131 8 27
132 44 27
132 45 27
133 58 27
133 59 27
134 120 27
135 55 27
135 57 27
136 119 27
137 122 27
138 118 27
139 117 27
142 116 27
143 103 27
143 105 27
143 7 27
143 13 27
144 115 27
146 42 27
146 43 27
147 47 27
147 48 27
147 49 27
148 53 27
148 54 27
149 16 27
149 18 27
149 19 27
150 51 27
150 52 27
1 150 28
2 149 28
3 113 28
3 114 28
4 111 28
4 112 28
5 109 28
5 110 28
7 148 28
8 144 28
9 107 28
9 108 28
10 143 28
12 38 28
12 39 28
12 40 28
13 104 28
13 105 28
14 102 28
14 103 28
15 100 28
15 101 28
16 98 28
16 99 28
17 35 28
17 36 28
17 37 28
19 105 28
19 141 28
19 0 28
19 1 28
20 96 28
20 97 28
21 142 28
22 92 28
22 95 28
23 88 28
23 89 28
24 84 28
24 87 28
25 82 28
25 83 28
26 141 28
27 140 28
28 80 28
28 81 28
29 78 28
29 79 28
30 29 28
30 31 28
30 32 28
31 76 28
31 77 28
33 139 28
34 74 28
34 75 28
35 26 28
35 27 28
35 28 28
36 138 28
37 72 28
37 73 28
38 70 28
38 71 28
40 68 28
40 69 28
41 66 28
41 67 28
42 64 28
42 65 28
43 42 28
43 44 28
44 136 28
45 99 28
45 101 28
45 103 28
45 104 28
46 40 28
46 41 28
47 38 28
47 39 28
48 36 28
48 37 28
49 23 28
49 24 28
49 25 28
50 61 28
50 63 28
51 20 28
51 21 28
51 22 28
52 135 28
53 34 28
53 35 28
54 32 28
54 33 28
55 16 28
55 18 28
55 19 28
56 134 28
57 30 28
57 31 28
58 80 28
58 82 28
58 87 28
58 89 28
59 28 28
59 29 28
60 133 28
61 130 28
62 59 28
62 60 28
63 129 28
66 75 28
66 76 28
66 80 28
66 82 28
67 128 28
68 26 28
68 27 28
71 24 28
71 25 28
72 22 28
72 23 28
73 127 28
74 73 28
74 75 28
74 76 28
74 77 28
75 20 28
75 21 28
76 18 28
76 19 28
77 16 28
77 17 28
78 14 28
78 15 28
79 12 28
79 13 28
80 10 28
80 11 28
81 8 28
81 9 28
82 126 28
83 6 28
83 7 28
84 9 28
84 13 28
84 14 28
84 15 28
85 125 28
86 57 28
86 58 28
87 4 28
87 5 28
88 2 28
88 3 28
89 0 28
89 1 28
90 124 28
91 55 28
91 56 28
92 149 28
92 150 28
93 47 28
93 48 28
93 49 28
94 53 28
94 54 28
95 143 28
95 148 28
96 141 28
96 142 28
97 138 28
97 139 28
98 135 28
98 136 28
99 123 28
100 129 28
100 133 28
102 125 28
102 126 28
103 123 28
103 124 28
104 105 28
104 108 28
105 122 28
106 51 28
106 52 28
107 120 28
107 122 28
108 102 28
108 103 28
109 121 28
110 120 28
111 31 28
111 51 28
111 52 28
111 66 28
112 100 28
112 101 28
113 118 28
113 119 28
115 103 28
115 105 28
115 7 28
115 13 28
116 98 28
116 99 28
117 115 28
117 116 28
118 95 28
118 97 28
119 66 28
119 89 28
119 99 28
119 101 28
120 89 28
120 92 28
121 112 28
121 114 28
122 87 28
122 88 28
123 82 28
123 83 28
124 80 28
124 81 28
125 78 28
125 79 28
127 110 28
127 111 28
128 104 28
128 109 28
129 76 28
129 77 28
131 48 28
131 49 28
132 119 28
133 74 28
133 75 28
134 118 28
135 117 28
136 72 28
136 73 28
137 41 28
137 43 28
137 45 28
138 68 28
138 70 28
139 63 28
139 66 28
140 4 28
140 6 28
140 7 28
140 8 28
141 58 28
141 59 28
142 55 28
142 57 28
143 116 28
144 30 28
144 33 28
144 34 28
146 46 28
146 47 28
147 43 28
147 45 28
148 53 28
148 54 28
149 115 28
150 51 28
150 52 28
0 113 29
0 114 29
1 111 29
1 112 29
2 150 29
3 109 29
3 110 29
4 107 29
4 108 29
6 104 29
6 105 29
7 47 29
7 48 29
7 49 29
8 102 29
8 103 29
9 149 29
11 100 29
11 101 29
12 98 29
12 99 29
13 96 29
13 97 29
14 92 29
14 95 29
15 88 29
15 89 29
16 84 29
16 87 29
17 82 29
17 83 29
20 80 29
20 81 29
21 148 29
22 78 29
22 79 29
23 144 29
24 143 29
26 142 29
27 76 29
27 77 29
28 74 29
28 75 29
29 72 29
29 73 29
30 70 29
30 71 29
31 68 29
31 69 29
32 66 29
32 67 29
33 64 29
33 65 29
34 61 29
34 63 29
35 141 29
36 59 29
36 60 29
37 41 29
37 43 29
37 45 29
38 140 29
40 35 29
40 36 29
40 37 29
41 40 29
41 42 29
42 105 29
42 141 29
42 0 29
42 1 29
43 38 29
43 39 29
44 36 29
44 37 29
45 139 29
46 138 29
47 34 29
47 35 29
48 136 29
49 32 29
49 33 29
49 34 29
50 57 29
50 58 29
51 32 29
51 33 29
54 30 29
54 31 29
55 135 29
56 134 29
57 28 29
57 29 29
58 133 29
59 26 29
59 27 29
60 24 29
60 25 29
61 22 29
61 23 29
62 9 29
62 13 29
62 14 29
62 15 29
63 20 29
63 21 29
64 130 29
65 18 29
65 19 29
66 16 29
66 17 29
67 14 29
67 15 29
68 80 29
68 82 29
68 87 29
68 89 29
69 12 29
69 13 29
70 129 29
71 38 29
71 39 29
71 40 29
72 10 29
72 11 29
73 8 29
73 9 29
74 6 29
74 7 29
75 4 29
75 5 29
76 29 29
76 30 29
76 31 29
78 26 29
78 27 29
78 28 29
79 2 29
79 3 29
80 128 29
81 0 29
81 1 29
82 149 29
82 150 29
83 143 29
83 148 29
84 141 29
84 142 29
85 55 29
85 56 29
86 127 29
88 138 29
88 139 29
89 23 29
89 24 29
89 25 29
90 126 29
91 53 29
91 54 29
92 135 29
92 136 29
93 51 29
93 52 29
95 129 29
95 133 29
96 125 29
99 125 29
99 126 29
100 73 29
100 75 29
100 76 29
100 77 29
101 123 29
101 124 29
102 31 29
102 51 29
102 52 29
102 66 29
103 66 29
103 75 29
103 76 29
103 80 29
105 100 29
105 101 29
106 4 29
106 6 29
106 7 29
106 8 29
107 120 29
107 122 29
108 98 29
108 99 29
109 95 29
109 97 29
110 124 29
111 89 29
111 92 29
112 103 29
112 105 29
112 7 29
112 13 29
113 99 29
113 101 29
113 103 29
113 104 29
114 123 29
115 87 29
115 88 29
116 122 29
117 118 29
117 119 29
118 82 29
118 83 29
119 20 29
119 21 29
119 22 29
120 121 29
121 115 29
121 116 29
122 80 29
122 81 29
123 119 29
124 78 29
124 79 29
125 76 29
125 77 29
126 74 29
126 75 29
127 112 29
127 114 29
128 110 29
128 111 29
129 72 29
129 73 29
130 108 29
130 109 29
131 48 29
131 49 29
132 46 29
132 47 29
133 68 29
133 70 29
134 104 29
134 105 29
135 63 29
135 66 29
136 118 29
138 58 29
138 59 29
139 82 29
139 89 29
139 99 29
139 101 29
140 117 29
141 55 29
141 57 29
142 116 29
143 115 29
144 102 29
144 103 29
145 120 29
146 44 29
146 45 29
147 41 29
147 43 29
148 53 29
148 54 29
149 51 29
149 52 29
150 16 29
150 18 29
150 19 29
0 113 30
0 114 30
1 111 30
1 112 30
2 109 30
2 110 30
3 47 30
3 48 30
3 49 30
4 107 30
4 108 30
5 104 30
5 105 30
6 102 30
6 103 30
7 100 30
7 101 30
9 98 30
9 99 30
10 41 30
10 43 30
10 45 30
11 150 30
12 96 30
12 97 30
13 92 30
13 95 30
14 88 30
14 89 30
15 84 30
15 87 30
16 82 30
16 83 30
17 80 30
17 81 30
18 149 30
19 78 30
19 79 30
20 148 30
21 38 30
21 39 30
21 40 30
22 76 30
22 77 30
23 105 30
23 141 30
23 0 30
23 1 30
24 74 30
24 75 30
25 144 30
27 99 30
27 101 30
27 103 30
27 104 30
28 72 30
28 73 30
29 70 30
29 71 30
30 143 30
31 68 30
31 69 30
32 66 30
32 67 30
33 64 30
33 65 30
34 142 30
35 141 30
36 140 30
37 139 30
38 61 30
38 63 30
39 59 30
39 60 30
40 38 30
40 39 30
41 138 30
42 36 30
42 37 30
43 34 30
43 35 30
44 32 30
44 33 30
45 136 30
46 30 30
46 31 30
47 28 30
47 29 30
48 135 30
49 134 30
50 133 30
51 130 30
53 26 30
53 27 30
54 24 30
54 25 30
55 129 30
56 22 30
56 23 30
57 32 30
57 33 30
57 34 30
58 20 30
58 21 30
59 18 30
59 19 30
60 16 30
60 17 30
61 14 30
61 15 30
62 57 30
62 58 30
63 128 30
64 12 30
64 13 30
65 127 30
66 10 30
66 11 30
67 8 30
67 9 30
68 6 30
68 7 30
69 126 30
70 125 30
71 4 30
71 5 30
73 124 30
74 2 30
74 3 30
75 29 30
75 30 30
75 31 30
76 123 30
77 0 30
77 1 30
79 149 30
79 150 30
80 143 30
80 148 30
81 122 30
82 89 30
82 99 30
82 101 30
82 103 30
83 26 30
83 27 30
83 28 30
84 141 30
84 142 30
85 55 30
85 56 30
86 9 30
86 13 30
86 14 30
86 15 30
87 138 30
87 139 30
88 121 30
89 66 30
89 75 30
89 76 30
89 80 30
90 120 30
91 53 30
91 54 30
92 135 30
92 136 30
93 51 30
93 52 30
94 48 30
94 49 30
96 129 30
96 133 30
97 125 30
97 126 30
98 119 30
99 123 30
99 124 30
101 120 30
101 122 30
102 103 30
102 104 30
104 100 30
104 101 30
105 98 30
105 99 30
106 46 30
106 47 30
107 118 30
107 119 30
108 95 30
108 97 30
109 118 30
110 89 30
110 92 30
112 80 30
112 82 30
112 87 30
112 89 30
113 115 30
113 116 30
114 23 30
114 24 30
114 25 30
115 87 30
115 88 30
116 82 30
116 83 30
117 112 30
117 114 30
118 80 30
118 81 30
119 20 30
119 21 30
119 22 30
121 110 30
121 111 30
122 78 30
122 79 30
123 76 30
123 77 30
124 74 30
124 75 30
125 73 30
125 75 30
125 76 30
125 77 30
127 117 30
128 35 30
128 36 30
128 37 30
129 72 30
129 73 30
130 116 30
133 68 30
133 70 30
134 108 30
134 109 30
135 63 30
135 66 30
136 58 30
136 59 30
137 44 30
137 45 30
138 31 30
138 51 30
138 52 30
138 66 30
139 82 30
139 105 30
139 7 30
139 13 30
140 102 30
140 105 30
141 55 30
141 57 30
142 16 30
142 18 30
142 19 30
143 115 30
145 42 30
145 43 30
146 4 30
146 6 30
146 7 30
146 8 30
147 40 30
147 41 30
149 53 30
149 54 30
150 51 30
150 52 30
0 113 31
0 114 31
1 99 31
1 101 31
1 103 31
1 104 31
2 150 31
3 111 31
3 112 31
4 149 31
6 148 31
7 144 31
8 109 31
8 110 31
9 143 31
10 107 31
10 108 31
11 104 31
11 105 31
12 47 31
12 48 31
12 49 31
15 142 31
16 102 31
16 103 31
17 100 31
17 101 31
18 98 31
18 99 31
19 96 31
19 97 31
20 92 31
20 95 31
21 88 31
21 89 31
22 84 31
22 87 31
23 41 31
23 43 31
23 45 31
24 141 31
25 140 31
26 80 31
26 82 31
26 87 31
26 89 31
27 82 31
27 83 31
28 139 31
29 80 31
29 81 31
30 78 31
30 79 31
31 138 31
32 76 31
32 77 31
33 136 31
35 74 31
35 75 31
36 72 31
36 73 31
37 135 31
38 70 31
38 71 31
39 134 31
40 68 31
40 69 31
41 66 31
41 67 31
42 133 31
43 130 31
44 40 31
44 41 31
45 38 31
45 39 31
46 36 31
46 37 31
47 129 31
48 34 31
48 35 31
49 32 31
49 33 31
50 64 31
50 65 31
51 128 31
52 30 31
52 31 31
53 127 31
54 126 31
55 28 31
55 29 31
56 125 31
58 26 31
58 27 31
59 24 31
59 25 31
60 22 31
60 23 31
62 61 31
62 63 31
63 20 31
63 21 31
64 18 31
64 19 31
65 16 31
65 17 31
66 14 31
66 15 31
67 12 31
67 13 31
68 10 31
68 11 31
70 8 31
70 9 31
71 38 31
71 39 31
71 40 31
72 6 31
72 7 31
73 4 31
73 5 31
74 2 31
74 3 31
76 124 31
77 123 31
78 0 31
78 1 31
79 32 31
79 33 31
79 34 31
80 149 31
80 150 31
81 143 31
81 148 31
83 141 31
83 142 31
84 35 31
84 36 31
84 37 31
85 59 31
85 60 31
86 122 31
87 138 31
87 139 31
88 135 31
88 136 31
89 121 31
90 57 31
90 58 31
91 9 31
91 13 31
91 14 31
91 15 31
92 129 31
92 133 31
93 55 31
93 56 31
94 53 31
94 54 31
96 105 31
96 141 31
96 0 31
96 1 31
97 125 31
97 126 31
99 66 31
99 75 31
99 76 31
99 80 31
100 123 31
100 124 31
101 120 31
101 122 31
102 120 31
103 100 31
103 101 31
104 98 31
104 99 31
105 95 31
105 97 31
106 119 31
107 118 31
107 119 31
108 73 31
108 75 31
108 76 31
108 77 31
109 29 31
109 30 31
109 31 31
110 89 31
110 92 31
111 87 31
111 88 31
112 26 31
112 27 31
112 28 31
113 118 31
114 82 31
114 83 31
115 80 31
115 81 31
116 78 31
116 79 31
117 115 31
117 116 31
118 76 31
118 77 31
119 117 31
120 74 31
120 75 31
122 72 31
122 73 31
123 31 31
123 51 31
123 52 31
123 66 31
124 23 31
124 24 31
124 25 31
125 116 31
126 68 31
126 70 31
127 112 31
127 114 31
129 20 31
129 21 31
129 22 31
130 110 31
130 111 31
131 51 31
131 52 31
132 48 31
132 49 31
133 103 31
133 105 31
133 7 31
133 13 31
134 108 31
134 109 31
135 16 31
135 18 31
135 19 31
137 46 31
137 47 31
138 63 31
138 66 31
139 58 31
139 59 31
140 104 31
140 105 31
141 55 31
141 57 31
142 82 31
142 89 31
142 99 31
142 101 31
143 53 31
143 54 31
144 102 31
144 103 31
145 4 31
145 6 31
145 7 31
145 8 31
146 44 31
146 45 31
147 42 31
147 43 31
148 115 31
150 51 31
150 52 31
1 113 32
1 114 32
2 150 32
3 4 32
3 6 32
3 7 32
3 8 32
4 111 32
4 112 32
5 149 32
6 109 32
6 110 32
7 107 32
7 108 32
9 104 32
9 105 32
10 102 32
10 103 32
11 100 32
11 101 32
12 98 32
12 99 32
13 96 32
13 97 32
14 92 32
14 95 32
15 148 32
16 88 32
16 89 32
17 84 32
17 87 32
18 144 32
19 143 32
20 82 32
20 83 32
21 80 32
21 81 32
22 78 32
22 79 32
23 142 32
24 141 32
25 76 32
25 77 32
26 74 32
26 75 32
27 72 32
27 73 32
28 70 32
28 71 32
29 140 32
30 68 32
30 69 32
31 66 32
31 67 32
32 64 32
32 65 32
33 61 32
33 63 32
34 59 32
34 60 32
35 47 32
35 48 32
35 49 32
37 34 32
37 35 32
38 32 32
38 33 32
39 139 32
40 35 32
40 36 32
40 37 32
41 30 32
41 31 32
42 28 32
42 29 32
43 26 32
43 27 32
44 138 32
45 24 32
45 25 32
46 41 32
46 43 32
46 45 32
47 22 32
47 23 32
48 136 32
49 73 32
49 75 32
49 76 32
49 77 32
50 57 32
50 58 32
51 20 32
51 21 32
52 18 32
52 19 32
54 31 32
54 51 32
54 52 32
54 66 32
56 16 32
56 17 32
57 14 32
57 15 32
58 12 32
58 13 32
59 10 32
59 11 32
60 135 32
61 38 32
61 39 32
61 40 32
62 55 32
62 56 32
63 8 32
63 9 32
64 6 32
64 7 32
65 4 32
65 5 32
66 75 32
66 76 32
66 80 32
66 82 32
68 134 32
69 105 32
69 141 32
69 0 32
69 1 32
70 2 32
70 3 32
71 133 32
72 0 32
72 1 32
73 32 32
73 33 32
73 34 32
74 149 32
74 150 32
75 130 32
76 129 32
77 143 32
77 148 32
78 141 32
78 142 32
79 128 32
80 138 32
80 139 32
81 135 32
81 136 32
84 129 32
84 133 32
86 53 32
86 54 32
88 125 32
88 126 32
89 123 32
89 124 32
90 51 32
90 52 32
91 48 32
91 49 32
92 120 32
92 122 32
93 46 32
93 47 32
94 44 32
94 45 32
95 29 32
95 30 32
95 31 32
96 118 32
96 119 32
97 115 32
97 116 32
98 127 32
99 112 32
99 114 32
101 98 32
101 99 32
102 126 32
103 95 32
103 97 32
104 89 32
104 92 32
106 42 32
106 43 32
107 110 32
107 111 32
108 87 32
108 88 32
109 103 32
109 105 32
109 7 32
109 13 32
110 82 32
110 83 32
111 80 32
111 81 32
112 125 32
113 108 32
113 109 32
114 26 32
114 27 32
114 28 32
115 124 32
116 78 32
116 79 32
117 99 32
117 101 32
117 103 32
117 104 32
118 23 32
118 24 32
118 25 32
119 76 32
119 77 32
120 20 32
120 21 32
120 22 32
121 104 32
121 105 32
122 74 32
122 75 32
123 122 32
124 121 32
125 16 32
125 18 32
125 19 32
126 120 32
127 119 32
128 102 32
128 103 32
129 118 32
130 100 32
130 101 32
131 40 32
131 41 32
132 38 32
132 39 32
133 72 32
133 73 32
135 68 32
135 70 32
136 63 32
136 66 32
137 36 32
137 37 32
138 117 32
139 116 32
140 80 32
140 82 32
140 87 32
140 89 32
141 66 32
141 89 32
141 99 32
141 101 32
143 58 32
143 59 32
144 115 32
145 123 32
146 9 32
146 13 32
146 14 32
146 15 32
148 55 32
148 57 32
149 53 32
149 54 32
150 51 32
150 52 32
0 105 33
0 141 33
0 1 33
0 4 33
2 150 33
3 113 33
3 114 33
4 111 33
4 112 33
5 38 33
5 39 33
5 40 33
6 149 33
7 109 33
7 110 33
8 35 33
8 36 33
8 37 33
9 107 33
9 108 33
11 104 33
11 105 33
12 102 33
12 103 33
13 100 33
13 101 33
14 98 33
14 99 33
15 96 33
15 97 33
16 92 33
16 95 33
17 148 33
18 144 33
19 143 33
20 142 33
21 88 33
21 89 33
22 84 33
22 87 33
23 141 33
24 82 33
24 83 33
25 80 33
25 81 33
26 78 33
26 79 33
27 76 33
27 77 33
28 74 33
28 75 33
29 72 33
29 73 33
30 70 33
30 71 33
31 68 33
31 69 33
32 29 33
32 30 33
32 31 33
33 66 33
33 67 33
34 26 33
34 27 33
34 28 33
35 64 33
35 65 33
36 140 33
37 61 33
37 63 33
38 139 33
40 59 33
40 60 33
41 57 33
41 58 33
42 138 33
43 23 33
43 24 33
43 25 33
44 40 33
44 41 33
46 32 33
46 33 33
46 34 33
47 38 33
47 39 33
48 36 33
48 37 33
49 34 33
49 35 33
50 55 33
50 56 33
51 136 33
52 32 33
52 33 33
53 30 33
53 31 33
54 135 33
55 28 33
55 29 33
56 134 33
57 99 33
57 101 33
57 103 33
57 104 33
59 26 33
59 27 33
60 24 33
60 25 33
61 22 33
61 23 33
62 133 33
63 20 33
63 21 33
64 18 33
64 19 33
65 16 33
65 17 33
66 82 33
66 89 33
66 99 33
66 101 33
67 14 33
67 15 33
68 130 33
69 12 33
69 13 33
70 10 33
70 11 33
71 8 33
71 9 33
72 6 33
72 7 33
73 4 33
73 5 33
75 129 33
76 2 33
76 3 33
78 0 33
78 1 33
79 149 33
79 150 33
80 143 33
80 148 33
81 141 33
81 142 33
82 138 33
82 139 33
84 135 33
84 136 33
85 9 33
85 13 33
85 14 33
85 15 33
86 47 33
86 48 33
86 49 33
87 20 33
87 21 33
87 22 33
89 66 33
89 75 33
89 76 33
89 80 33
90 128 33
91 41 33
91 43 33
91 45 33
92 80 33
92 82 33
92 87 33
92 89 33
93 53 33
93 54 33
94 51 33
94 52 33
95 129 33
95 133 33
96 125 33
96 126 33
97 123 33
97 124 33
98 120 33
98 122 33
99 118 33
99 119 33
100 115 33
100 116 33
101 127 33
102 73 33
102 75 33
102 76 33
102 77 33
104 126 33
105 100 33
105 101 33
106 125 33
107 112 33
107 114 33
108 98 33
108 99 33
110 95 33
110 97 33
111 89 33
111 92 33
112 87 33
112 88 33
113 0 33
113 6 33
113 7 33
113 8 33
114 82 33
114 83 33
116 80 33
116 81 33
117 124 33
118 31 33
118 51 33
118 52 33
118 66 33
119 123 33
120 121 33
121 110 33
121 111 33
122 78 33
122 79 33
123 76 33
123 77 33
124 119 33
125 74 33
125 75 33
126 72 33
126 73 33
127 118 33
128 117 33
130 116 33
131 48 33
131 49 33
132 122 33
133 68 33
133 70 33
134 108 33
134 109 33
135 63 33
135 66 33
137 46 33
137 47 33
138 58 33
138 59 33
139 55 33
139 57 33
140 104 33
140 105 33
141 53 33
141 54 33
142 16 33
142 18 33
142 19 33
143 115 33
144 102 33
144 103 33
145 120 33
146 44 33
146 45 33
147 42 33
147 43 33
148 51 33
148 52 33
150 103 33
150 105 33
150 7 33
150 13 33
