22 100 15
22 101 15
53 98 15
53 99 15
59 96 15
59 97 15
60 101 15
60 75 15
106 99 15
106 100 15
109 97 15
109 98 15
136 75 15
136 96 15
1 100 16
1 101 16
19 98 16
19 99 16
26 96 16
26 97 16
92 101 16
92 75 16
97 75 16
97 96 16
102 99 16
102 100 16
112 97 16
112 98 16
5 108 32
11 107 32
26 106 32
57 105 32
72 104 32
76 103 32
87 102 32
94 101 32
97 96 32
107 75 32
121 100 32
130 99 32
147 98 32
148 97 32
0 108 33
23 107 33
32 106 33
37 105 33
55 104 33
81 103 33
92 102 33
94 101 33
97 75 33
112 100 33
117 99 33
119 98 33
123 97 33
124 96 33
8 108 34
10 107 34
19 106 34
21 105 34
27 104 34
34 103 34
35 102 34
38 101 34
50 100 34
75 99 34
98 75 34
118 98 34
126 97 34
141 96 34
19 108 35
25 107 35
30 106 35
35 105 35
64 104 35
67 103 35
82 102 35
86 101 35
90 100 35
98 96 35
102 75 35
114 99 35
128 98 35
137 97 35
9 108 36
17 107 36
26 106 36
37 105 36
45 104 36
47 103 36
74 102 36
78 101 36
83 100 36
88 99 36
89 98 36
93 97 36
110 96 36
129 75 36
38 108 37
40 107 37
47 106 37
51 105 37
57 104 37
72 103 37
81 102 37
86 101 37
96 100 37
106 96 37
108 75 37
134 99 37
140 98 37
147 97 37
17 108 38
27 107 38
43 106 38
54 105 38
70 104 38
71 103 38
93 102 38
104 97 38
105 96 38
108 75 38
116 101 38
117 100 38
121 99 38
125 98 38
69 100 40
69 101 40
85 98 40
85 99 40
100 97 40
100 98 40
101 75 40
101 96 40
124 96 40
124 97 40
129 101 40
129 75 40
133 99 40
133 100 40
5 100 41
5 101 41
54 98 41
54 99 41
84 96 41
84 97 41
90 101 41
90 75 41
97 75 41
97 96 41
131 99 41
131 100 41
134 97 41
134 98 41
21 100 42
21 101 42
22 98 42
22 99 42
91 96 42
91 97 42
99 75 42
99 96 42
127 101 42
127 75 42
128 99 42
128 100 42
132 97 42
132 98 42
31 108 43
35 107 43
59 106 43
81 105 43
89 104 43
93 103 43
94 102 43
112 101 43
131 100 43
133 99 43
134 98 43
139 97 43
146 96 43
150 75 43
1 108 44
16 107 44
20 106 44
34 105 44
39 104 44
59 103 44
89 102 44
92 101 44
100 75 44
117 100 44
124 99 44
128 98 44
135 97 44
139 96 44
22 100 45
22 101 45
39 98 45
39 99 45
42 96 45
42 97 45
92 101 45
92 75 45
126 99 45
126 100 45
131 97 45
131 98 45
145 75 45
145 96 45
7 100 46
7 101 46
8 98 46
8 99 46
11 96 46
11 97 46
40 101 46
40 75 46
41 99 46
41 100 46
77 97 46
77 98 46
129 75 46
129 96 46
24 100 47
24 101 47
46 98 47
46 99 47
52 96 47
52 97 47
101 75 47
101 96 47
111 101 47
111 75 47
135 99 47
135 100 47
137 97 47
137 98 47
6 100 48
6 101 48
13 98 48
13 99 48
44 96 48
44 97 48
78 101 48
78 75 48
89 99 48
89 100 48
130 97 48
130 98 48
141 75 48
141 96 48
15 100 49
15 101 49
59 98 49
59 99 49
75 96 49
75 97 49
106 96 49
106 97 49
109 101 49
109 75 49
113 99 49
113 100 49
145 75 49
145 98 49
2 100 50
2 101 50
9 98 50
9 99 50
16 96 50
16 97 50
29 101 50
29 75 50
57 99 50
57 100 50
128 97 50
128 98 50
133 75 50
133 96 50
1 100 51
1 101 51
2 98 51
2 99 51
65 96 51
65 97 51
66 101 51
66 75 51
78 99 51
78 100 51
91 97 51
91 98 51
94 75 51
94 96 51
8 149 53
14 112 53
22 111 53
42 110 53
54 109 53
55 108 53
61 107 53
68 106 53
71 98 53
71 99 53
75 98 53
75 99 53
77 105 53
84 104 53
106 100 53
111 75 53
111 100 53
115 103 53
116 102 53
118 96 53
118 97 53
133 76 53
133 94 53
147 101 53
148 103 53
148 75 53
150 101 53
150 102 53
5 100 54
5 101 54
96 75 54
96 97 54
116 98 54
116 99 54
127 96 54
127 97 54
146 101 54
146 75 54
149 99 54
149 100 54
150 96 54
150 98 54
13 100 55
13 101 55
47 98 55
47 99 55
89 96 55
89 97 55
105 101 55
105 75 55
106 99 55
106 100 55
134 97 55
134 98 55
150 75 55
150 96 55
4 108 61
14 107 61
23 106 61
35 105 61
51 104 61
56 103 61
72 102 61
80 101 61
91 100 61
103 75 61
133 99 61
140 98 61
142 97 61
148 96 61
7 108 62
20 107 62
38 106 62
48 105 62
73 104 62
81 103 62
82 102 62
89 101 62
93 100 62
102 96 62
104 75 62
119 99 62
126 98 62
139 97 62
8 98 63
8 99 63
12 149 63
23 112 63
24 96 63
24 97 63
27 111 63
30 110 63
39 109 63
57 108 63
60 107 63
68 106 63
78 76 63
78 94 63
89 105 63
91 103 63
91 75 63
97 75 63
97 98 63
105 101 63
107 100 63
131 104 63
137 101 63
137 102 63
142 103 63
144 99 63
144 100 63
148 102 63
12 108 64
20 107 64
21 106 64
50 105 64
51 104 64
56 103 64
74 102 64
80 101 64
100 75 64
110 100 64
113 99 64
136 98 64
143 97 64
145 96 64
1 108 65
11 107 65
13 106 65
21 105 65
25 104 65
32 103 65
47 102 65
57 101 65
73 100 65
78 99 65
79 98 65
101 75 65
130 97 65
141 96 65
0 149 66
2 148 66
5 147 66
6 146 66
8 145 66
10 144 66
12 143 66
14 142 66
15 113 66
30 112 66
46 111 66
51 110 66
57 109 66
60 106 66
64 103 66
74 102 66
86 101 66
102 80 66
111 78 66
112 76 66
119 99 66
122 98 66
125 97 66
126 96 66
137 85 66
139 82 66
141 81 66
145 75 66
5 149 67
14 148 67
23 147 67
27 146 67
30 145 67
37 144 67
40 143 67
41 142 67
49 113 67
55 112 67
57 111 67
59 110 67
80 81 67
84 109 67
92 106 67
95 103 67
107 102 67
109 78 67
114 101 67
116 99 67
121 98 67
126 97 67
128 96 67
132 85 67
136 82 67
141 80 67
142 76 67
149 75 67
0 149 69
2 148 69
3 147 69
12 146 69
15 145 69
20 144 69
29 143 69
32 142 69
48 113 69
53 112 69
57 111 69
68 110 69
70 109 69
78 106 69
82 103 69
85 82 69
87 102 69
89 101 69
109 81 69
113 80 69
118 99 69
120 98 69
125 97 69
129 96 69
133 85 69
144 78 69
147 76 69
149 75 69
0 149 70
10 112 70
12 98 70
12 99 70
18 96 70
18 97 70
41 111 70
42 110 70
47 76 70
47 94 70
54 109 70
62 108 70
73 107 70
75 98 70
75 99 70
76 106 70
82 105 70
85 103 70
85 75 70
88 104 70
115 103 70
117 102 70
122 101 70
125 100 70
135 101 70
135 102 70
150 75 70
150 100 70
5 108 71
7 107 71
15 106 71
20 105 71
23 104 71
35 103 71
42 102 71
48 101 71
52 100 71
75 96 71
94 99 71
116 98 71
123 97 71
131 75 71
9 98 73
9 99 73
12 149 73
14 112 73
16 111 73
18 110 73
24 109 73
32 108 73
36 96 73
36 97 73
39 76 73
39 94 73
41 103 73
41 75 73
47 107 73
55 106 73
63 105 73
75 104 73
82 103 73
85 102 73
90 101 73
90 102 73
92 98 73
92 100 73
98 75 73
98 99 73
128 101 73
139 100 73
4 108 74
10 107 74
49 106 74
70 105 74
79 104 74
85 103 74
96 97 74
107 75 74
109 102 74
116 101 74
132 100 74
136 99 74
141 98 74
146 96 74
2 149 75
8 148 75
21 147 75
25 146 75
26 145 75
29 144 75
32 143 75
41 142 75
43 113 75
44 112 75
56 111 75
73 110 75
74 109 75
75 106 75
82 81 75
86 103 75
92 102 75
96 80 75
99 78 75
102 76 75
103 75 75
116 101 75
124 99 75
128 98 75
130 97 75
131 96 75
140 85 75
150 82 75
2 149 76
4 148 76
6 147 76
17 146 76
31 145 76
38 144 76
42 143 76
43 142 76
48 113 76
53 112 76
66 111 76
69 110 76
71 109 76
74 106 76
77 103 76
94 102 76
96 81 76
101 80 76
104 101 76
106 78 76
111 76 76
115 99 76
120 98 76
121 97 76
124 96 76
128 85 76
134 82 76
144 75 76
1 149 77
4 148 77
5 147 77
6 146 77
9 145 77
34 144 77
36 143 77
37 142 77
48 113 77
54 112 77
59 111 77
75 110 77
80 81 77
84 109 77
96 78 77
99 76 77
104 106 77
105 103 77
113 75 77
114 102 77
121 101 77
122 99 77
126 98 77
127 97 77
130 96 77
131 85 77
137 82 77
138 80 77
14 108 78
19 107 78
25 106 78
29 105 78
38 104 78
70 103 78
76 102 78
77 101 78
101 75 78
118 100 78
120 99 78
136 98 78
140 97 78
144 96 78
0 98 79
0 99 79
27 149 79
28 112 79
33 111 79
40 110 79
41 96 79
41 97 79
42 109 79
54 76 79
54 94 79
63 108 79
68 103 79
68 75 79
71 101 79
71 102 79
84 107 79
86 106 79
110 100 79
118 99 79
118 100 79
120 105 79
127 104 79
131 103 79
138 75 79
138 98 79
139 102 79
150 101 79
2 149 80
6 148 80
9 147 80
14 146 80
18 145 80
21 144 80
26 143 80
29 142 80
32 113 80
35 112 80
36 111 80
44 110 80
50 109 80
51 106 80
62 103 80
68 102 80
71 101 80
74 99 80
80 75 80
84 98 80
92 97 80
94 96 80
100 85 80
108 82 80
120 81 80
136 80 80
138 78 80
139 76 80
2 100 81
2 101 81
5 98 81
5 99 81
10 96 81
10 97 81
25 101 81
25 75 81
29 99 81
29 100 81
134 97 81
134 98 81
150 75 81
150 96 81
1 149 82
5 148 82
13 147 82
19 146 82
23 145 82
29 144 82
33 143 82
37 142 82
39 113 82
48 112 82
75 111 82
80 110 82
81 82 82
83 109 82
87 106 82
89 103 82
94 102 82
95 101 82
96 80 82
106 78 82
108 99 82
122 98 82
123 97 82
126 96 82
127 85 82
131 81 82
144 76 82
148 75 82
2 149 83
4 148 83
6 147 83
7 146 83
10 145 83
14 144 83
16 143 83
18 142 83
22 113 83
25 112 83
27 111 83
33 110 83
46 109 83
53 106 83
73 103 83
75 102 83
77 101 83
78 99 83
86 98 83
96 78 83
98 76 83
106 75 83
116 97 83
120 96 83
123 85 83
125 82 83
130 81 83
134 80 83
0 149 85
2 148 85
6 147 85
7 146 85
8 145 85
17 144 85
19 143 85
21 142 85
41 113 85
48 112 85
58 111 85
59 110 85
67 109 85
72 106 85
75 103 85
84 102 85
85 78 85
90 101 85
91 99 85
97 76 85
100 98 85
112 75 85
115 97 85
119 96 85
129 85 85
135 82 85
140 81 85
150 80 85
0 149 87
6 148 87
12 147 87
30 146 87
32 145 87
36 144 87
38 143 87
57 142 87
60 113 87
62 112 87
63 111 87
64 110 87
66 109 87
71 106 87
73 103 87
80 102 87
82 80 87
88 101 87
97 78 87
100 99 87
105 98 87
107 97 87
115 96 87
120 85 87
125 82 87
131 81 87
143 76 87
144 75 87
5 149 88
11 148 88
12 147 88
13 146 88
20 145 88
25 144 88
26 143 88
31 142 88
32 113 88
43 112 88
44 111 88
66 110 88
74 109 88
76 106 88
80 103 88
84 102 88
95 101 88
98 82 88
99 81 88
100 99 88
109 80 88
110 78 88
112 76 88
115 98 88
116 97 88
131 96 88
133 85 88
144 75 88
5 149 89
42 148 89
43 147 89
49 146 89
50 145 89
53 144 89
54 143 89
59 142 89
66 113 89
67 112 89
72 111 89
76 110 89
82 109 89
83 106 89
95 103 89
96 82 89
100 102 89
101 81 89
108 101 89
113 80 89
118 99 89
127 98 89
133 97 89
136 96 89
144 78 89
147 76 89
148 75 89
150 85 89
2 149 90
6 148 90
9 147 90
11 146 90
14 145 90
24 144 90
29 143 90
33 142 90
35 113 90
37 112 90
57 111 90
60 110 90
61 109 90
73 106 90
76 103 90
82 80 90
91 102 90
103 78 90
108 101 90
111 76 90
115 99 90
118 98 90
123 97 90
127 96 90
134 85 90
136 82 90
139 81 90
144 75 90
3 149 91
15 148 91
21 147 91
30 146 91
35 145 91
40 144 91
41 143 91
45 142 91
47 113 91
50 112 91
51 111 91
53 110 91
79 109 91
80 106 91
85 81 91
88 103 91
89 102 91
98 80 91
100 101 91
104 99 91
105 98 91
109 78 91
113 76 91
131 97 91
132 96 91
137 85 91
140 82 91
144 75 91
24 108 92
26 107 92
41 106 92
55 105 92
58 104 92
63 103 92
66 102 92
72 101 92
81 100 92
83 99 92
111 98 92
118 97 92
128 96 92
146 75 92
3 149 93
16 148 93
25 147 93
31 146 93
35 145 93
38 144 93
57 143 93
62 142 93
64 113 93
66 112 93
68 111 93
75 110 93
76 109 93
90 106 93
96 97 93
97 85 93
98 82 93
104 103 93
106 81 93
110 80 93
119 102 93
126 101 93
132 99 93
134 98 93
135 96 93
142 78 93
143 76 93
144 75 93
13 149 94
21 148 94
37 147 94
39 146 94
40 145 94
47 144 94
48 143 94
49 142 94
50 113 94
57 112 94
67 111 94
77 110 94
78 109 94
80 106 94
90 103 94
91 102 94
99 80 94
104 101 94
116 99 94
123 98 94
130 97 94
131 96 94
134 85 94
135 82 94
137 81 94
142 78 94
145 76 94
146 75 94
1 149 95
8 148 95
10 147 95
14 146 95
25 145 95
34 144 95
46 143 95
48 142 95
61 113 95
71 112 95
72 111 95
81 110 95
86 109 95
93 106 95
97 81 95
106 80 95
109 78 95
111 76 95
112 75 95
118 103 95
119 102 95
121 101 95
123 99 95
124 98 95
127 97 95
131 96 95
132 85 95
133 82 95
0 149 96
9 148 96
10 147 96
21 146 96
31 145 96
32 144 96
34 143 96
46 142 96
47 113 96
48 112 96
51 111 96
58 110 96
64 109 96
71 106 96
79 103 96
85 78 96
87 102 96
91 101 96
92 99 96
93 98 96
95 97 96
98 76 96
106 75 96
118 96 96
128 85 96
138 82 96
139 81 96
150 80 96
13 149 97
32 148 97
36 147 97
37 146 97
46 145 97
51 144 97
75 143 97
76 142 97
77 113 97
78 112 97
81 111 97
87 110 97
88 109 97
93 106 97
96 97 97
99 85 97
109 82 97
111 81 97
112 80 97
113 78 97
117 103 97
118 102 97
125 101 97
127 99 97
138 98 97
140 96 97
144 76 97
149 75 97
0 149 98
3 148 98
4 147 98
20 146 98
21 145 98
22 144 98
23 143 98
42 142 98
47 113 98
55 112 98
61 111 98
65 110 98
75 109 98
79 106 98
87 103 98
93 102 98
94 101 98
95 99 98
97 78 98
108 98 98
115 97 98
117 96 98
119 85 98
123 82 98
133 81 98
136 80 98
142 76 98
143 75 98
14 149 100
20 148 100
21 147 100
25 146 100
26 145 100
30 144 100
31 143 100
37 142 100
45 113 100
62 112 100
63 111 100
70 110 100
74 109 100
75 106 100
79 103 100
83 102 100
90 101 100
91 99 100
94 98 100
105 97 100
113 75 100
114 96 100
118 85 100
121 82 100
125 81 100
129 80 100
140 78 100
150 76 100
3 149 101
6 148 101
15 147 101
16 146 101
35 145 101
39 144 101
40 143 101
41 142 101
44 113 101
49 112 101
65 111 101
67 110 101
70 109 101
82 81 101
83 106 101
85 80 101
94 103 101
99 78 101
109 76 101
115 102 101
121 101 101
126 99 101
127 98 101
128 97 101
131 96 101
135 85 101
139 82 101
148 75 101
4 149 102
5 148 102
9 147 102
11 146 102
34 145 102
35 144 102
37 143 102
38 142 102
39 113 102
46 112 102
51 111 102
53 110 102
59 109 102
61 106 102
75 103 102
82 80 102
87 102 102
89 101 102
90 99 102
91 98 102
95 97 102
99 78 102
107 96 102
110 76 102
118 85 102
120 82 102
131 81 102
146 75 102
1 149 103
2 112 103
10 111 103
17 98 103
17 99 103
26 110 103
28 109 103
37 96 103
37 97 103
39 76 103
39 94 103
55 108 103
59 103 103
59 75 103
76 75 103
76 98 103
87 107 103
92 101 103
92 102 103
103 104 103
105 102 103
108 101 103
111 100 103
114 106 103
115 99 103
115 100 103
121 105 103
147 103 103
5 149 104
7 148 104
10 147 104
11 146 104
21 145 104
22 144 104
31 143 104
40 142 104
42 113 104
46 112 104
48 111 104
50 110 104
60 109 104
61 106 104
73 103 104
78 102 104
81 82 104
87 101 104
88 99 104
94 98 104
99 80 104
105 97 104
107 96 104
109 78 104
131 85 104
137 81 104
145 76 104
148 75 104
1 150 105
2 148 105
3 147 105
4 146 105
5 3 105
5 4 105
6 145 105
8 143 105
9 142 105
10 141 105
11 1 105
11 2 105
12 140 105
14 139 105
16 138 105
18 137 105
21 136 105
24 135 105
25 15 105
25 16 105
26 132 105
27 131 105
28 126 105
29 124 105
31 123 105
33 122 105
36 12 105
36 14 105
37 120 105
38 143 105
38 146 105
39 10 105
39 11 105
40 119 105
43 118 105
44 140 105
44 141 105
45 7 105
45 8 105
46 117 105
47 116 105
49 115 105
51 138 105
51 139 105
52 114 105
56 113 105
57 112 105
58 111 105
60 110 105
61 109 105
62 108 105
63 107 105
64 106 105
65 105 105
67 104 105
68 103 105
70 102 105
75 101 105
76 100 105
77 99 105
78 98 105
79 97 105
80 83 105
81 96 105
82 95 105
83 78 105
84 92 105
86 77 105
87 76 105
89 75 105
90 65 105
92 57 105
94 91 105
95 54 105
96 53 105
98 51 105
99 50 105
100 49 105
101 48 105
102 47 105
103 44 105
106 43 105
107 42 105
109 40 105
110 136 105
110 137 105
111 38 105
112 37 105
115 35 105
116 34 105
117 33 105
118 32 105
119 31 105
120 30 105
121 90 105
124 132 105
124 135 105
125 89 105
126 29 105
127 5 105
127 6 105
128 88 105
129 87 105
131 28 105
133 86 105
136 27 105
139 24 105
140 126 105
140 131 105
143 2 105
143 5 105
144 80 105
145 23 105
146 21 105
148 18 105
150 17 105
4 149 106
5 148 106
8 147 106
15 146 106
27 145 106
39 144 106
40 143 106
41 142 106
43 113 106
44 112 106
51 111 106
52 110 106
54 109 106
56 106 106
60 103 106
62 102 106
68 101 106
80 99 106
82 81 106
85 80 106
99 78 106
107 98 106
111 76 106
113 75 106
117 97 106
119 96 106
139 85 106
141 82 106
0 100 107
0 101 107
7 98 107
7 99 107
77 96 107
77 97 107
103 101 107
103 75 107
117 99 107
117 100 107
121 97 107
121 98 107
138 75 107
138 96 107
1 108 109
12 107 109
21 106 109
33 105 109
59 104 109
61 103 109
67 102 109
86 101 109
94 100 109
106 75 109
109 99 109
128 98 109
131 97 109
143 96 109
3 108 112
6 107 112
9 106 112
10 105 112
24 104 112
31 103 112
61 102 112
71 101 112
80 100 112
91 99 112
92 98 112
97 96 112
100 75 112
146 97 112
4 149 113
26 112 113
37 111 113
38 110 113
42 109 113
45 98 113
45 99 113
48 96 113
48 97 113
49 108 113
53 107 113
54 106 113
56 76 113
56 94 113
57 103 113
57 75 113
67 105 113
89 104 113
102 100 113
105 101 113
105 102 113
106 99 113
106 100 113
108 75 113
108 98 113
122 103 113
124 102 113
140 101 113
6 100 114
6 101 114
9 98 114
9 99 114
15 96 114
15 97 114
41 101 114
41 75 114
69 99 114
69 100 114
105 97 114
105 98 114
114 75 114
114 96 114
1 108 115
2 107 115
5 106 115
8 105 115
22 104 115
36 103 115
76 102 115
80 101 115
86 100 115
101 75 115
116 99 115
126 98 115
140 97 115
141 96 115
0 150 116
1 148 116
4 147 116
6 146 116
8 145 116
11 143 116
12 142 116
13 141 116
16 140 116
17 139 116
18 5 116
18 6 116
19 15 116
19 16 116
20 138 116
21 137 116
25 12 116
25 14 116
26 136 116
27 3 116
27 4 116
29 135 116
30 132 116
31 131 116
32 1 116
32 2 116
33 126 116
34 143 116
34 146 116
35 124 116
36 123 116
37 122 116
38 120 116
40 119 116
41 118 116
43 117 116
45 116 116
46 115 116
48 114 116
50 113 116
51 112 116
54 111 116
55 110 116
56 109 116
59 108 116
60 107 116
61 106 116
62 105 116
63 104 116
65 103 116
68 10 116
68 11 116
69 102 116
70 101 116
71 100 116
72 99 116
73 7 116
73 8 116
75 98 116
77 75 116
78 65 116
79 97 116
81 96 116
82 95 116
83 57 116
84 92 116
85 91 116
86 54 116
87 53 116
89 51 116
92 140 116
92 141 116
93 90 116
95 50 116
97 49 116
98 48 116
99 138 116
99 139 116
101 47 116
102 44 116
103 43 116
104 42 116
106 136 116
106 137 116
107 40 116
108 38 116
109 37 116
110 35 116
111 132 116
111 135 116
112 34 116
115 33 116
117 126 116
117 131 116
119 32 116
121 89 116
122 31 116
123 30 116
124 29 116
125 88 116
126 28 116
127 87 116
128 86 116
129 83 116
130 80 116
131 27 116
133 78 116
134 77 116
136 2 116
136 5 116
137 24 116
138 23 116
142 21 116
144 76 116
146 18 116
148 17 116
1 150 117
5 3 117
5 4 117
6 148 117
8 147 117
9 15 117
9 16 117
10 146 117
11 145 117
14 143 117
15 142 117
16 141 117
17 140 117
18 139 117
22 12 117
22 14 117
25 138 117
26 137 117
29 136 117
32 135 117
33 132 117
35 131 117
36 126 117
37 124 117
39 10 117
39 11 117
41 123 117
43 1 117
43 2 117
45 122 117
47 143 117
47 146 117
48 120 117
50 119 117
51 118 117
52 117 117
55 7 117
55 8 117
56 116 117
57 115 117
59 5 117
59 6 117
61 114 117
62 113 117
63 112 117
65 111 117
66 110 117
67 109 117
68 108 117
70 107 117
71 106 117
72 105 117
73 104 117
74 103 117
75 102 117
77 101 117
78 100 117
79 99 117
80 83 117
81 98 117
83 78 117
84 97 117
85 96 117
87 77 117
90 140 117
90 141 117
91 76 117
93 95 117
94 92 117
96 75 117
97 65 117
98 57 117
99 54 117
100 53 117
101 51 117
103 50 117
104 49 117
105 48 117
106 47 117
107 44 117
108 43 117
109 42 117
113 40 117
116 38 117
117 37 117
118 35 117
119 34 117
121 91 117
122 138 117
122 139 117
123 136 117
123 137 117
124 33 117
125 90 117
126 32 117
128 89 117
129 88 117
130 87 117
131 2 117
131 5 117
135 31 117
136 30 117
138 29 117
139 28 117
140 27 117
141 24 117
142 132 117
142 135 117
143 23 117
144 86 117
145 21 117
147 18 117
148 17 117
149 80 117
150 126 117
150 131 117
0 150 118
2 148 118
3 147 118
7 146 118
9 15 118
9 16 118
11 145 118
13 143 118
14 142 118
15 1 118
15 2 118
17 141 118
18 143 118
18 146 118
19 140 118
21 139 118
22 138 118
23 140 118
23 141 118
24 137 118
26 136 118
28 135 118
30 132 118
31 131 118
33 126 118
34 124 118
36 123 118
37 122 118
39 12 118
39 14 118
40 120 118
42 138 118
42 139 118
43 119 118
44 118 118
48 117 118
49 116 118
50 115 118
52 114 118
53 113 118
54 112 118
56 111 118
57 110 118
58 109 118
59 10 118
59 11 118
60 108 118
61 107 118
62 106 118
63 7 118
63 8 118
64 105 118
67 104 118
69 103 118
72 102 118
75 101 118
77 100 118
78 136 118
78 137 118
79 99 118
80 98 118
81 97 118
82 96 118
83 80 118
84 95 118
85 92 118
88 78 118
90 132 118
90 135 118
91 77 118
92 76 118
93 91 118
95 126 118
95 131 118
96 75 118
97 65 118
98 57 118
100 54 118
101 53 118
104 51 118
105 50 118
106 49 118
109 48 118
111 47 118
113 44 118
114 43 118
115 42 118
116 40 118
118 38 118
119 37 118
120 35 118
121 5 118
121 6 118
122 34 118
123 33 118
124 32 118
125 3 118
125 4 118
126 31 118
127 90 118
128 89 118
130 88 118
131 30 118
132 29 118
133 87 118
135 28 118
136 27 118
137 24 118
138 2 118
138 5 118
140 23 118
142 21 118
144 86 118
146 18 118
149 83 118
150 17 118
1 150 119
2 148 119
3 147 119
5 2 119
5 126 119
6 146 119
9 145 119
11 143 119
12 142 119
13 141 119
14 140 119
15 139 119
17 138 119
19 137 119
20 136 119
22 15 119
22 16 119
23 135 119
25 132 119
26 131 119
29 126 119
32 7 119
32 8 119
33 124 119
35 123 119
36 122 119
38 120 119
40 119 119
43 118 119
44 117 119
45 116 119
46 115 119
48 5 119
48 6 119
49 114 119
50 3 119
50 4 119
51 113 119
52 112 119
53 1 119
53 2 119
54 111 119
55 110 119
58 12 119
58 14 119
59 109 119
63 108 119
66 107 119
67 106 119
69 10 119
69 11 119
70 105 119
71 104 119
73 103 119
74 102 119
76 143 119
76 146 119
78 101 119
79 100 119
80 83 119
81 99 119
86 78 119
87 77 119
88 76 119
90 75 119
91 140 119
91 141 119
92 65 119
93 98 119
94 97 119
95 57 119
97 54 119
98 138 119
98 139 119
99 53 119
100 51 119
101 136 119
101 137 119
102 50 119
103 49 119
104 48 119
105 47 119
106 44 119
107 43 119
108 42 119
109 132 119
109 135 119
112 40 119
113 38 119
114 37 119
117 35 119
118 34 119
119 33 119
121 96 119
123 32 119
124 31 119
125 95 119
126 30 119
127 92 119
128 91 119
129 90 119
130 89 119
131 29 119
132 28 119
133 88 119
134 87 119
138 27 119
140 24 119
141 23 119
143 21 119
144 86 119
145 18 119
146 17 119
148 5 119
148 131 119
149 80 119
22 108 120
26 107 120
33 106 120
43 105 120
45 104 120
61 103 120
67 102 120
68 101 120
76 100 120
84 99 120
99 96 120
107 75 120
114 98 120
150 97 120
0 45 121
0 46 121
1 150 121
2 149 121
3 146 121
4 42 121
4 44 121
5 76 121
5 77 121
5 78 121
6 145 121
7 144 121
8 143 121
9 40 121
9 41 121
10 7 121
10 8 121
10 9 121
11 142 121
12 141 121
13 38 121
13 39 121
14 140 121
15 36 121
15 37 121
16 139 121
17 138 121
18 34 121
18 35 121
19 137 121
20 136 121
21 135 121
22 149 121
22 150 121
22 4 121
23 32 121
23 33 121
24 134 121
25 133 121
26 132 121
27 131 121
28 130 121
29 30 121
29 31 121
30 62 121
30 74 121
30 75 121
31 129 121
32 28 121
32 29 121
33 128 121
34 26 121
34 27 121
35 127 121
36 126 121
37 125 121
39 124 121
40 123 121
41 122 121
42 38 121
42 39 121
42 56 121
43 121 121
44 120 121
45 24 121
45 25 121
46 119 121
47 118 121
48 22 121
48 23 121
49 117 121
50 116 121
51 115 121
52 114 121
53 113 121
54 112 121
55 111 121
56 20 121
56 21 121
57 110 121
58 109 121
59 18 121
59 19 121
60 108 121
61 35 121
61 36 121
61 37 121
62 107 121
63 24 121
63 26 121
63 34 121
64 106 121
65 105 121
66 104 121
67 103 121
68 102 121
69 100 121
70 98 121
71 16 121
71 17 121
72 97 121
73 14 121
73 15 121
74 96 121
75 95 121
76 62 121
76 75 121
76 77 121
77 93 121
79 92 121
80 21 121
80 35 121
80 36 121
81 21 121
81 22 121
81 23 121
82 91 121
83 90 121
84 12 121
84 13 121
86 16 121
86 17 121
86 20 121
87 10 121
87 11 121
88 84 121
89 83 121
90 82 121
91 81 121
92 8 121
92 9 121
93 80 121
94 89 121
95 79 121
96 78 121
98 77 121
99 88 121
100 6 121
100 7 121
101 87 121
102 76 121
103 4 121
103 5 121
104 75 121
105 74 121
106 73 121
107 72 121
109 2 121
109 3 121
110 0 121
110 1 121
111 149 121
111 150 121
112 114 121
112 120 121
113 10 121
113 14 121
113 15 121
114 71 121
115 138 121
115 145 121
116 70 121
117 69 121
118 68 121
119 67 121
120 66 121
121 65 121
123 64 121
124 106 121
124 108 121
125 63 121
126 62 121
128 61 121
129 80 121
129 102 121
130 60 121
131 136 121
131 137 121
132 59 121
133 57 121
134 56 121
135 55 121
136 54 121
137 53 121
138 76 121
138 78 121
138 80 121
139 52 121
140 51 121
141 50 121
142 132 121
142 135 121
143 125 121
143 129 121
144 49 121
145 48 121
146 112 121
146 124 121
147 86 121
148 85 121
149 7 121
149 10 121
149 20 121
150 47 121
0 150 122
1 45 122
1 46 122
2 42 122
2 44 122
3 149 122
4 146 122
5 145 122
6 144 122
7 40 122
7 41 122
8 143 122
9 142 122
10 141 122
11 38 122
11 39 122
12 140 122
13 139 122
14 138 122
15 149 122
15 150 122
15 4 122
16 137 122
17 136 122
18 62 122
18 74 122
18 75 122
19 135 122
20 134 122
21 35 122
21 36 122
21 62 122
22 36 122
22 37 122
23 133 122
24 34 122
24 35 122
26 132 122
27 131 122
28 130 122
29 129 122
30 128 122
31 127 122
32 126 122
33 125 122
34 28 122
34 29 122
35 124 122
36 123 122
37 26 122
37 27 122
38 122 122
39 24 122
39 25 122
40 121 122
41 22 122
41 23 122
42 20 122
42 21 122
43 32 122
43 33 122
44 120 122
45 119 122
46 118 122
48 117 122
50 116 122
51 115 122
52 114 122
53 113 122
55 112 122
56 111 122
57 110 122
58 109 122
59 18 122
59 19 122
60 108 122
61 107 122
62 7 122
62 10 122
62 20 122
63 106 122
64 105 122
65 104 122
66 103 122
67 102 122
68 100 122
69 38 122
69 39 122
69 56 122
70 16 122
70 17 122
71 98 122
72 97 122
73 96 122
74 95 122
75 93 122
76 92 122
77 14 122
77 15 122
78 91 122
79 12 122
79 13 122
80 90 122
82 89 122
83 88 122
84 35 122
84 36 122
84 37 122
85 10 122
85 11 122
86 8 122
86 9 122
87 85 122
88 84 122
89 83 122
90 24 122
90 26 122
90 34 122
91 82 122
92 81 122
93 80 122
94 30 122
94 31 122
95 79 122
96 78 122
97 77 122
98 6 122
98 7 122
99 76 122
99 77 122
99 78 122
100 76 122
102 77 122
102 78 122
102 80 122
103 75 122
104 74 122
105 73 122
106 72 122
107 71 122
108 70 122
109 4 122
109 5 122
110 69 122
111 2 122
111 3 122
112 0 122
112 1 122
113 149 122
113 150 122
114 68 122
115 138 122
115 145 122
116 67 122
117 66 122
118 65 122
119 21 122
119 22 122
119 23 122
120 124 122
120 125 122
121 64 122
122 136 122
122 137 122
123 16 122
123 17 122
123 20 122
124 63 122
125 112 122
125 114 122
126 62 122
127 132 122
127 135 122
128 61 122
130 60 122
131 59 122
132 106 122
132 108 122
133 57 122
134 10 122
134 14 122
134 15 122
135 21 122
135 75 122
135 76 122
136 80 122
136 102 122
137 56 122
138 55 122
139 120 122
139 129 122
140 54 122
141 53 122
142 52 122
143 51 122
144 7 122
144 8 122
144 9 122
145 50 122
146 49 122
147 87 122
148 86 122
149 48 122
150 47 122
0 150 123
1 149 123
2 146 123
3 145 123
4 144 123
5 143 123
6 142 123
7 45 123
7 46 123
8 141 123
9 140 123
10 139 123
11 76 123
11 77 123
11 78 123
12 42 123
12 44 123
13 138 123
14 137 123
15 136 123
16 135 123
17 134 123
18 40 123
18 41 123
19 38 123
19 39 123
20 133 123
22 132 123
23 131 123
24 130 123
25 129 123
26 128 123
27 127 123
28 126 123
29 62 123
29 74 123
29 75 123
30 125 123
31 36 123
31 37 123
32 33 123
32 34 123
33 30 123
33 31 123
34 124 123
35 123 123
36 122 123
37 121 123
38 28 123
38 29 123
39 120 123
40 38 123
40 39 123
40 56 123
41 119 123
42 118 123
43 117 123
44 26 123
44 27 123
45 24 123
45 25 123
46 22 123
46 23 123
47 116 123
48 115 123
49 114 123
50 113 123
51 112 123
52 111 123
53 110 123
54 20 123
54 21 123
55 109 123
57 108 123
58 107 123
59 18 123
59 19 123
60 106 123
61 105 123
62 7 123
62 10 123
62 20 123
63 104 123
64 16 123
64 17 123
65 103 123
66 102 123
67 100 123
68 98 123
69 97 123
70 35 123
70 36 123
70 37 123
71 14 123
71 15 123
72 96 123
73 95 123
74 93 123
75 92 123
76 12 123
76 13 123
77 10 123
77 11 123
78 91 123
79 90 123
80 8 123
80 9 123
81 89 123
82 88 123
83 84 123
84 6 123
84 7 123
85 82 123
86 81 123
87 80 123
88 24 123
88 26 123
88 34 123
89 79 123
90 21 123
90 22 123
90 23 123
91 78 123
92 77 123
93 16 123
93 17 123
93 20 123
94 87 123
95 76 123
96 75 123
97 4 123
97 5 123
98 74 123
99 86 123
100 73 123
101 32 123
101 35 123
102 77 123
102 78 123
102 80 123
103 72 123
104 71 123
105 70 123
106 2 123
106 3 123
107 0 123
107 1 123
108 149 123
108 150 123
109 69 123
110 68 123
113 67 123
114 66 123
115 65 123
116 64 123
117 138 123
117 145 123
118 136 123
118 137 123
119 63 123
120 124 123
120 125 123
121 62 123
122 10 123
122 14 123
122 15 123
124 62 123
124 75 123
124 76 123
125 61 123
126 7 123
126 8 123
126 9 123
127 132 123
127 135 123
128 60 123
129 112 123
129 114 123
130 59 123
131 57 123
132 56 123
133 55 123
135 21 123
135 35 123
135 36 123
136 54 123
137 53 123
138 106 123
138 108 123
139 52 123
140 51 123
141 50 123
142 49 123
143 149 123
143 150 123
143 4 123
144 120 123
144 129 123
146 48 123
147 85 123
148 83 123
149 47 123
150 80 123
150 102 123
0 150 124
1 149 124
2 146 124
4 145 124
5 144 124
6 45 124
6 46 124
7 143 124
8 142 124
9 141 124
10 42 124
10 44 124
11 140 124
12 139 124
13 138 124
14 137 124
15 136 124
16 40 124
16 41 124
17 38 124
17 39 124
18 135 124
19 134 124
20 133 124
21 132 124
22 131 124
23 130 124
25 129 124
26 128 124
27 127 124
28 36 124
28 37 124
29 126 124
30 125 124
31 124 124
33 30 124
33 31 124
34 123 124
35 122 124
36 121 124
37 120 124
38 119 124
39 118 124
40 117 124
41 116 124
42 115 124
43 114 124
44 113 124
45 112 124
46 111 124
47 110 124
48 109 124
49 38 124
49 39 124
49 56 124
50 35 124
50 36 124
50 37 124
51 28 124
51 29 124
52 108 124
53 26 124
53 27 124
54 24 124
54 25 124
55 24 124
55 26 124
55 34 124
56 107 124
57 106 124
58 34 124
58 35 124
59 105 124
60 104 124
61 22 124
61 23 124
62 103 124
63 102 124
64 21 124
64 22 124
64 23 124
65 100 124
67 98 124
68 20 124
68 21 124
69 97 124
70 96 124
71 18 124
71 19 124
72 95 124
73 93 124
74 77 124
74 78 124
74 80 124
75 92 124
76 91 124
77 90 124
79 89 124
80 16 124
80 17 124
81 14 124
81 15 124
83 88 124
84 12 124
84 13 124
85 86 124
86 84 124
87 83 124
88 82 124
89 81 124
90 10 124
90 11 124
91 80 124
92 79 124
93 78 124
94 87 124
95 8 124
95 9 124
96 6 124
96 7 124
97 4 124
97 5 124
98 77 124
99 76 124
99 77 124
99 78 124
100 2 124
100 3 124
101 62 124
101 74 124
101 75 124
102 76 124
103 16 124
103 17 124
103 20 124
104 0 124
104 1 124
105 149 124
105 150 124
106 75 124
107 74 124
108 73 124
109 72 124
110 71 124
111 70 124
113 138 124
113 145 124
114 62 124
114 75 124
114 76 124
115 69 124
116 136 124
116 137 124
117 68 124
118 132 124
118 135 124
119 67 124
120 66 124
121 65 124
122 125 124
122 129 124
123 120 124
123 124 124
124 21 124
124 35 124
124 36 124
125 64 124
126 10 124
126 14 124
126 15 124
127 112 124
127 114 124
128 63 124
129 62 124
130 61 124
131 60 124
132 59 124
133 7 124
133 8 124
133 9 124
134 57 124
135 80 124
135 102 124
136 56 124
137 55 124
138 54 124
139 53 124
140 52 124
141 149 124
141 150 124
141 4 124
142 106 124
142 108 124
143 51 124
144 50 124
145 49 124
146 48 124
147 85 124
148 32 124
148 33 124
149 7 124
149 10 124
149 20 124
150 47 124
0 150 125
1 149 125
2 146 125
3 145 125
4 62 125
4 75 125
4 76 125
5 144 125
6 143 125
7 45 125
7 46 125
8 142 125
9 141 125
10 140 125
11 139 125
12 138 125
13 137 125
14 136 125
15 135 125
16 134 125
17 42 125
17 44 125
18 133 125
19 40 125
19 41 125
20 132 125
21 131 125
22 130 125
23 129 125
24 128 125
25 127 125
26 126 125
27 125 125
28 124 125
29 38 125
29 39 125
30 34 125
30 37 125
31 123 125
32 122 125
33 38 125
33 39 125
33 56 125
34 35 125
34 36 125
35 121 125
37 120 125
38 119 125
39 118 125
40 117 125
41 116 125
42 115 125
43 76 125
43 77 125
43 78 125
44 32 125
44 33 125
45 114 125
46 30 125
46 31 125
47 113 125
48 35 125
48 36 125
48 37 125
49 112 125
50 111 125
51 28 125
51 29 125
52 26 125
52 27 125
53 24 125
53 25 125
54 110 125
55 22 125
55 23 125
56 20 125
56 21 125
57 109 125
58 108 125
59 24 125
59 26 125
59 34 125
60 107 125
61 106 125
62 105 125
63 21 125
63 22 125
63 23 125
64 104 125
66 18 125
66 19 125
67 103 125
68 16 125
68 17 125
69 14 125
69 15 125
70 16 125
70 17 125
70 20 125
71 102 125
72 12 125
72 13 125
73 100 125
74 98 125
75 10 125
75 11 125
76 97 125
77 96 125
78 7 125
78 10 125
78 20 125
79 95 125
80 93 125
81 8 125
81 9 125
82 92 125
83 91 125
84 90 125
85 86 125
86 84 125
87 10 125
87 14 125
87 15 125
88 83 125
89 82 125
90 6 125
90 7 125
91 4 125
91 5 125
92 81 125
93 80 125
94 89 125
95 7 125
95 8 125
95 9 125
96 79 125
97 149 125
97 150 125
97 4 125
98 78 125
99 62 125
99 74 125
99 75 125
100 77 125
101 88 125
102 2 125
102 3 125
103 76 125
104 0 125
104 1 125
105 75 125
106 74 125
107 73 125
108 72 125
109 77 125
109 78 125
109 80 125
111 71 125
112 70 125
114 149 125
114 150 125
115 69 125
116 68 125
117 67 125
118 66 125
119 138 125
119 145 125
120 124 125
120 125 125
121 65 125
122 64 125
125 112 125
125 114 125
126 63 125
127 62 125
128 61 125
129 106 125
129 108 125
130 60 125
131 59 125
132 57 125
133 136 125
133 137 125
134 56 125
135 80 125
135 102 125
136 55 125
137 21 125
137 35 125
137 36 125
138 54 125
139 53 125
140 52 125
141 132 125
141 135 125
142 51 125
143 120 125
143 129 125
144 50 125
145 49 125
146 48 125
147 87 125
148 85 125
150 47 125
0 150 126
1 76 126
1 77 126
1 78 126
2 149 126
3 146 126
4 145 126
5 144 126
6 143 126
7 142 126
8 141 126
9 140 126
10 139 126
11 62 126
11 74 126
11 75 126
12 138 126
13 45 126
13 46 126
14 42 126
14 44 126
15 137 126
16 136 126
17 40 126
17 41 126
18 135 126
19 134 126
20 38 126
20 39 126
21 133 126
22 77 126
22 78 126
22 80 126
23 132 126
25 36 126
25 37 126
26 131 126
27 34 126
27 35 126
28 130 126
29 129 126
30 128 126
31 127 126
32 38 126
32 39 126
32 56 126
33 30 126
33 31 126
34 126 126
35 125 126
36 124 126
37 123 126
38 28 126
38 29 126
39 122 126
40 121 126
41 26 126
41 27 126
42 24 126
42 25 126
43 120 126
44 119 126
45 22 126
45 23 126
46 118 126
47 117 126
48 116 126
49 115 126
50 114 126
51 113 126
52 112 126
53 111 126
54 110 126
55 109 126
56 108 126
57 107 126
58 106 126
59 20 126
59 21 126
60 105 126
61 104 126
62 103 126
63 102 126
65 18 126
65 19 126
66 100 126
67 16 126
67 17 126
68 98 126
69 97 126
70 96 126
71 95 126
72 93 126
73 35 126
73 36 126
73 37 126
74 92 126
75 91 126
77 21 126
77 35 126
77 36 126
78 14 126
78 15 126
79 12 126
79 13 126
80 90 126
81 10 126
81 11 126
82 89 126
83 88 126
84 83 126
85 8 126
85 9 126
86 82 126
87 81 126
88 80 126
89 6 126
89 7 126
90 79 126
91 78 126
92 24 126
92 26 126
92 34 126
93 77 126
94 32 126
94 33 126
95 76 126
96 75 126
97 21 126
97 22 126
97 23 126
98 74 126
99 87 126
100 16 126
100 17 126
100 20 126
101 86 126
102 4 126
102 5 126
103 73 126
105 72 126
106 71 126
107 2 126
107 3 126
108 70 126
109 0 126
109 1 126
110 69 126
111 149 126
111 150 126
112 68 126
113 138 126
113 145 126
114 67 126
115 66 126
116 65 126
117 136 126
117 137 126
118 64 126
119 63 126
120 62 126
120 75 126
120 76 126
121 10 126
121 14 126
121 15 126
124 120 126
124 125 126
125 62 126
126 7 126
126 8 126
126 9 126
127 132 126
127 135 126
128 61 126
129 60 126
130 149 126
130 150 126
130 4 126
131 59 126
132 112 126
132 114 126
133 57 126
134 56 126
135 106 126
135 108 126
136 55 126
137 54 126
138 53 126
139 52 126
141 51 126
142 50 126
143 49 126
144 48 126
145 80 126
145 102 126
146 124 126
146 129 126
147 85 126
148 84 126
149 7 126
149 10 126
149 20 126
150 47 126
0 150 127
1 149 127
2 146 127
3 45 127
3 46 127
4 145 127
5 144 127
6 143 127
7 10 127
7 20 127
7 21 127
8 142 127
9 141 127
10 140 127
11 139 127
12 138 127
13 137 127
14 136 127
15 77 127
15 78 127
15 80 127
16 135 127
17 62 127
17 75 127
17 76 127
18 42 127
18 44 127
19 134 127
20 40 127
20 41 127
21 133 127
22 132 127
23 131 127
24 130 127
25 129 127
26 128 127
27 127 127
28 126 127
29 38 127
29 39 127
30 125 127
31 124 127
32 33 127
32 34 127
33 123 127
34 122 127
35 121 127
36 120 127
37 30 127
37 31 127
38 7 127
38 35 127
38 36 127
39 119 127
40 28 127
40 29 127
41 118 127
42 117 127
43 116 127
44 26 127
44 27 127
45 115 127
46 24 127
46 25 127
47 76 127
47 77 127
47 78 127
48 62 127
48 74 127
48 75 127
49 114 127
50 113 127
51 38 127
51 39 127
51 56 127
52 112 127
53 22 127
53 23 127
54 111 127
56 110 127
57 109 127
58 108 127
59 107 127
60 106 127
61 105 127
62 104 127
64 103 127
65 102 127
66 35 127
66 36 127
66 37 127
67 20 127
67 21 127
68 100 127
69 98 127
70 18 127
70 19 127
71 16 127
71 17 127
72 24 127
72 26 127
72 34 127
73 14 127
73 15 127
74 97 127
75 12 127
75 13 127
76 96 127
77 95 127
78 93 127
79 92 127
80 91 127
81 10 127
81 11 127
82 21 127
82 22 127
82 23 127
83 90 127
84 89 127
85 8 127
85 9 127
86 85 127
87 84 127
88 83 127
89 82 127
90 81 127
91 16 127
91 17 127
91 20 127
94 36 127
94 37 127
95 6 127
95 7 127
96 80 127
98 4 127
98 5 127
99 32 127
99 35 127
100 79 127
101 88 127
102 2 127
102 3 127
103 0 127
103 1 127
104 78 127
105 149 127
105 150 127
106 77 127
107 76 127
108 75 127
109 138 127
109 145 127
110 74 127
111 10 127
111 14 127
111 15 127
112 73 127
113 72 127
114 71 127
115 70 127
116 69 127
117 136 127
117 137 127
118 68 127
119 67 127
120 66 127
121 65 127
122 132 127
122 135 127
123 64 127
124 63 127
125 62 127
126 61 127
127 60 127
128 59 127
129 57 127
130 125 127
130 129 127
131 56 127
133 55 127
134 54 127
135 80 127
135 102 127
136 53 127
137 52 127
139 7 127
139 8 127
139 9 127
140 120 127
140 124 127
141 149 127
141 150 127
141 4 127
142 51 127
143 112 127
143 114 127
144 50 127
145 49 127
146 106 127
146 108 127
147 87 127
148 86 127
149 48 127
150 47 127
0 150 128
1 45 128
1 46 128
2 149 128
3 146 128
4 42 128
4 44 128
5 145 128
6 62 128
6 74 128
6 75 128
7 144 128
8 143 128
9 142 128
10 7 128
10 20 128
10 21 128
11 141 128
12 140 128
13 40 128
13 41 128
15 139 128
17 138 128
18 137 128
19 136 128
20 135 128
21 134 128
22 133 128
23 62 128
23 75 128
23 76 128
25 132 128
26 131 128
27 38 128
27 39 128
28 36 128
28 37 128
29 34 128
29 35 128
30 130 128
31 129 128
32 128 128
33 30 128
33 31 128
34 127 128
35 126 128
36 125 128
37 124 128
38 123 128
39 122 128
40 38 128
40 39 128
40 56 128
41 121 128
42 28 128
42 29 128
43 120 128
44 119 128
45 118 128
46 117 128
47 26 128
47 27 128
48 35 128
48 36 128
48 37 128
49 116 128
50 115 128
51 114 128
52 113 128
53 24 128
53 25 128
54 112 128
55 22 128
55 23 128
56 111 128
57 24 128
57 26 128
57 34 128
58 32 128
58 33 128
59 20 128
59 21 128
60 18 128
60 19 128
61 110 128
62 109 128
63 108 128
64 16 128
64 17 128
65 21 128
65 22 128
65 23 128
66 14 128
66 15 128
67 107 128
68 12 128
68 13 128
70 106 128
71 16 128
71 17 128
71 20 128
72 105 128
73 104 128
74 103 128
75 102 128
76 100 128
77 98 128
78 97 128
79 10 128
79 11 128
80 96 128
81 95 128
82 93 128
83 92 128
84 10 128
84 14 128
84 15 128
85 91 128
86 8 128
86 9 128
87 88 128
88 86 128
89 85 128
91 84 128
92 83 128
93 82 128
94 90 128
95 81 128
96 80 128
97 6 128
97 7 128
98 79 128
99 89 128
100 78 128
102 77 128
103 7 128
103 8 128
103 9 128
104 76 128
105 75 128
106 74 128
107 73 128
108 72 128
109 71 128
110 4 128
110 5 128
111 70 128
112 2 128
112 3 128
113 0 128
113 1 128
114 69 128
115 149 128
115 150 128
116 149 128
116 150 128
116 4 128
117 138 128
117 145 128
118 68 128
119 136 128
119 137 128
120 67 128
121 132 128
121 135 128
122 66 128
123 65 128
124 64 128
125 112 128
125 114 128
126 63 128
127 62 128
128 61 128
129 10 128
129 35 128
129 36 128
130 60 128
131 59 128
132 106 128
132 108 128
133 57 128
134 56 128
135 55 128
136 54 128
137 53 128
139 52 128
140 125 128
140 129 128
141 120 128
141 124 128
142 51 128
143 50 128
144 49 128
145 80 128
145 102 128
146 77 128
146 78 128
146 80 128
147 76 128
147 77 128
147 78 128
148 87 128
149 48 128
150 47 128
0 150 129
1 149 129
2 146 129
3 145 129
4 45 129
4 46 129
5 144 129
6 143 129
8 142 129
9 141 129
11 140 129
12 42 129
12 44 129
13 40 129
13 41 129
14 77 129
14 78 129
14 80 129
15 139 129
16 138 129
17 38 129
17 39 129
18 137 129
19 136 129
20 135 129
21 134 129
22 133 129
23 62 129
23 75 129
23 76 129
24 132 129
25 36 129
25 37 129
26 131 129
27 130 129
28 62 129
28 74 129
28 75 129
29 129 129
31 38 129
31 39 129
31 56 129
32 128 129
33 34 129
33 35 129
34 127 129
35 126 129
36 125 129
37 124 129
38 123 129
39 122 129
40 121 129
41 120 129
42 119 129
43 118 129
44 117 129
45 116 129
46 32 129
46 33 129
47 115 129
48 114 129
49 113 129
50 112 129
51 111 129
52 110 129
53 109 129
54 108 129
55 107 129
56 106 129
57 105 129
58 104 129
59 30 129
59 31 129
60 103 129
61 102 129
62 100 129
63 98 129
64 28 129
64 29 129
65 97 129
66 26 129
66 27 129
67 96 129
68 24 129
68 25 129
69 35 129
69 36 129
69 37 129
70 22 129
70 23 129
71 95 129
72 93 129
73 92 129
74 91 129
75 90 129
76 89 129
77 88 129
78 20 129
78 21 129
79 87 129
80 18 129
80 19 129
81 16 129
81 17 129
82 14 129
82 15 129
83 82 129
84 12 129
84 13 129
85 10 129
85 11 129
86 81 129
87 24 129
87 26 129
87 34 129
89 80 129
90 21 129
90 22 129
90 23 129
91 79 129
92 78 129
93 77 129
94 86 129
95 76 129
96 75 129
97 74 129
98 16 129
98 17 129
98 20 129
99 85 129
100 73 129
101 76 129
101 77 129
101 78 129
102 8 129
102 9 129
103 72 129
104 71 129
105 70 129
106 69 129
107 68 129
108 67 129
109 6 129
109 7 129
110 66 129
111 4 129
111 5 129
112 2 129
112 3 129
113 65 129
114 64 129
115 0 129
115 1 129
116 63 129
117 149 129
117 150 129
118 10 129
118 14 129
118 15 129
120 124 129
120 125 129
121 138 129
121 145 129
122 62 129
123 136 129
123 137 129
124 61 129
125 60 129
126 7 129
126 8 129
126 9 129
128 59 129
129 21 129
129 35 129
129 36 129
130 57 129
131 56 129
132 55 129
133 54 129
134 53 129
135 112 129
135 114 129
136 52 129
137 51 129
138 7 129
138 10 129
138 20 129
140 149 129
140 150 129
140 4 129
141 132 129
141 135 129
142 50 129
143 120 129
143 129 129
144 49 129
145 106 129
145 108 129
146 48 129
147 84 129
148 83 129
149 80 129
149 102 129
150 47 129
0 45 130
0 46 130
1 150 130
2 42 130
2 44 130
3 76 130
3 77 130
3 78 130
4 149 130
5 146 130
6 145 130
7 40 130
7 41 130
8 144 130
9 38 130
9 39 130
10 143 130
12 142 130
13 141 130
14 140 130
15 139 130
16 138 130
17 36 130
17 37 130
18 137 130
19 136 130
20 135 130
21 134 130
22 34 130
22 35 130
23 133 130
24 132 130
25 131 130
26 130 130
27 62 130
27 74 130
27 75 130
28 129 130
29 32 130
29 33 130
30 128 130
31 127 130
32 126 130
33 125 130
35 28 130
35 29 130
36 124 130
37 123 130
38 122 130
39 121 130
40 120 130
41 38 130
41 39 130
41 56 130
42 119 130
43 118 130
44 117 130
45 116 130
46 26 130
46 27 130
47 115 130
48 114 130
49 113 130
50 112 130
51 35 130
51 36 130
51 37 130
52 24 130
52 25 130
53 24 130
53 26 130
53 34 130
55 111 130
56 110 130
57 109 130
58 30 130
58 31 130
60 21 130
60 22 130
60 23 130
61 108 130
62 107 130
63 22 130
63 23 130
64 106 130
65 105 130
66 20 130
66 21 130
67 16 130
67 17 130
67 20 130
69 104 130
70 103 130
71 102 130
72 100 130
73 98 130
74 97 130
75 96 130
76 95 130
77 93 130
78 18 130
78 19 130
79 92 130
80 91 130
81 90 130
82 89 130
83 84 130
84 16 130
84 17 130
85 82 130
86 81 130
87 80 130
88 79 130
89 78 130
90 77 130
91 76 130
92 14 130
92 15 130
93 75 130
94 88 130
95 12 130
95 13 130
96 10 130
96 11 130
97 74 130
98 73 130
99 87 130
100 72 130
101 86 130
102 71 130
103 70 130
104 8 130
104 9 130
105 69 130
106 68 130
107 6 130
107 7 130
108 67 130
109 10 130
109 14 130
109 15 130
110 66 130
111 65 130
112 62 130
112 75 130
112 76 130
113 4 130
113 5 130
114 21 130
114 35 130
114 36 130
115 64 130
116 7 130
116 8 130
116 9 130
117 2 130
117 3 130
118 63 130
119 149 130
119 150 130
119 4 130
120 124 130
120 125 130
121 77 130
121 78 130
121 80 130
122 62 130
123 0 130
123 1 130
124 61 130
125 60 130
126 59 130
127 57 130
128 149 130
128 150 130
129 7 130
129 10 130
129 20 130
130 56 130
131 55 130
132 54 130
133 53 130
134 138 130
134 145 130
135 112 130
135 114 130
136 106 130
136 108 130
137 52 130
139 51 130
140 50 130
141 136 130
141 137 130
142 132 130
142 135 130
144 49 130
145 80 130
145 102 130
146 120 130
146 129 130
147 85 130
148 83 130
149 48 130
150 47 130
0 150 131
1 45 131
1 46 131
2 149 131
3 146 131
4 145 131
5 42 131
5 44 131
6 144 131
7 76 131
7 77 131
7 78 131
8 143 131
10 142 131
11 141 131
12 40 131
12 41 131
13 62 131
13 74 131
13 75 131
14 38 131
14 39 131
15 140 131
16 36 131
16 37 131
17 139 131
18 34 131
18 35 131
19 138 131
20 137 131
21 136 131
22 135 131
23 32 131
23 33 131
24 134 131
25 30 131
25 31 131
26 7 131
26 8 131
26 9 131
27 133 131
28 132 131
29 131 131
30 28 131
30 29 131
31 130 131
32 129 131
33 128 131
34 127 131
35 126 131
37 26 131
37 27 131
38 24 131
38 25 131
39 125 131
40 38 131
40 39 131
40 56 131
41 22 131
41 23 131
42 20 131
42 21 131
43 124 131
44 18 131
44 19 131
45 123 131
46 122 131
48 35 131
48 36 131
48 37 131
49 121 131
50 120 131
51 119 131
52 118 131
53 117 131
54 116 131
55 115 131
56 149 131
56 150 131
56 4 131
57 114 131
58 113 131
59 112 131
60 111 131
61 110 131
62 21 131
62 35 131
62 36 131
63 109 131
64 108 131
65 16 131
65 17 131
66 107 131
67 106 131
69 105 131
70 104 131
71 103 131
72 102 131
73 100 131
74 14 131
74 15 131
75 98 131
76 97 131
78 12 131
78 13 131
79 24 131
79 26 131
79 34 131
80 96 131
81 95 131
82 10 131
82 11 131
83 93 131
84 8 131
84 9 131
85 92 131
86 87 131
87 85 131
88 6 131
88 7 131
89 84 131
90 83 131
91 82 131
92 21 131
92 22 131
92 23 131
93 81 131
94 91 131
95 80 131
96 4 131
96 5 131
97 2 131
97 3 131
98 16 131
98 17 131
98 20 131
99 90 131
100 79 131
101 89 131
102 78 131
103 77 131
104 76 131
105 75 131
106 74 131
107 0 131
107 1 131
108 73 131
109 72 131
110 71 131
111 70 131
112 69 131
113 149 131
113 150 131
114 68 131
115 67 131
116 66 131
117 65 131
118 138 131
118 145 131
119 64 131
120 63 131
122 62 131
123 61 131
124 77 131
124 78 131
124 80 131
125 112 131
125 114 131
126 60 131
127 59 131
128 57 131
129 62 131
129 75 131
129 76 131
130 10 131
130 14 131
130 15 131
131 56 131
132 106 131
132 108 131
133 136 131
133 137 131
134 132 131
134 135 131
136 55 131
137 80 131
137 102 131
138 54 131
139 53 131
140 125 131
140 129 131
141 52 131
142 51 131
143 50 131
144 120 131
144 124 131
145 49 131
146 48 131
147 88 131
148 86 131
149 7 131
149 10 131
149 20 131
150 47 131
0 150 132
2 148 132
4 147 132
5 2 132
5 126 132
6 15 132
6 16 132
7 146 132
8 5 132
8 6 132
9 145 132
10 143 132
11 142 132
12 141 132
15 3 132
15 4 132
16 140 132
17 139 132
18 138 132
20 137 132
22 12 132
22 14 132
24 1 132
24 2 132
25 136 132
26 135 132
27 132 132
28 143 132
28 146 132
30 131 132
31 126 132
32 124 132
33 140 132
33 141 132
35 123 132
36 122 132
37 120 132
38 119 132
39 10 132
39 11 132
41 118 132
42 117 132
43 116 132
45 115 132
46 114 132
47 113 132
49 112 132
50 111 132
51 110 132
54 109 132
56 108 132
57 107 132
60 106 132
62 105 132
66 104 132
68 7 132
68 8 132
69 103 132
71 102 132
72 101 132
74 100 132
75 99 132
76 138 132
76 139 132
77 98 132
78 80 132
79 97 132
80 77 132
81 96 132
82 95 132
84 92 132
86 76 132
87 75 132
89 65 132
91 57 132
95 54 132
97 53 132
98 51 132
100 50 132
102 49 132
103 48 132
104 47 132
106 44 132
108 43 132
109 42 132
111 40 132
112 38 132
115 37 132
116 35 132
117 136 132
117 137 132
119 34 132
121 91 132
123 132 132
123 135 132
124 33 132
125 90 132
128 89 132
129 88 132
130 87 132
131 32 132
132 31 132
133 86 132
134 83 132
135 30 132
138 29 132
140 28 132
141 27 132
142 24 132
143 23 132
144 78 132
145 21 132
146 18 132
147 5 132
147 131 132
150 17 132
5 108 133
26 107 133
29 106 133
31 105 133
33 104 133
43 103 133
44 102 133
72 101 133
93 100 133
106 96 133
108 75 133
122 99 133
144 98 133
149 97 133
1 150 134
2 148 134
4 147 134
6 1 134
6 2 134
9 146 134
10 145 134
11 143 134
12 142 134
13 141 134
14 140 134
15 143 134
15 146 134
16 139 134
18 140 134
18 141 134
19 138 134
20 137 134
21 136 134
25 135 134
28 132 134
31 131 134
32 126 134
33 124 134
35 123 134
36 122 134
39 120 134
41 15 134
41 16 134
42 119 134
43 118 134
45 117 134
46 116 134
47 115 134
48 114 134
49 138 134
49 139 134
50 113 134
52 112 134
53 111 134
54 110 134
55 109 134
57 108 134
58 107 134
60 12 134
60 14 134
61 106 134
62 10 134
62 11 134
63 7 134
63 8 134
66 105 134
67 5 134
67 6 134
73 104 134
75 136 134
75 137 134
76 103 134
77 132 134
77 135 134
78 102 134
79 101 134
80 100 134
81 99 134
82 98 134
83 97 134
84 96 134
86 126 134
86 131 134
90 86 134
91 83 134
92 80 134
93 95 134
95 78 134
96 77 134
97 76 134
98 75 134
99 65 134
101 57 134
103 54 134
104 53 134
106 51 134
108 2 134
108 5 134
111 50 134
113 49 134
114 48 134
115 47 134
117 44 134
118 43 134
119 42 134
121 92 134
123 40 134
124 38 134
125 3 134
125 4 134
126 37 134
127 91 134
130 90 134
131 35 134
132 34 134
133 89 134
135 33 134
136 32 134
138 31 134
139 30 134
140 29 134
142 28 134
143 27 134
144 88 134
145 24 134
146 23 134
147 21 134
148 18 134
149 87 134
150 17 134
30 108 136
38 107 136
46 106 136
51 105 136
52 104 136
67 103 136
80 102 136
91 101 136
107 75 136
109 100 136
135 99 136
139 98 136
146 97 136
147 96 136
16 100 138
16 101 138
22 98 138
22 99 138
32 96 138
32 97 138
42 101 138
42 75 138
101 75 138
101 96 138
102 99 138
102 100 138
120 97 138
120 98 138
0 150 141
1 45 141
1 46 141
2 76 141
2 77 141
2 78 141
3 149 141
4 146 141
5 145 141
6 144 141
7 143 141
8 142 141
9 77 141
9 78 141
9 80 141
10 42 141
10 44 141
11 141 141
12 140 141
13 139 141
14 40 141
14 41 141
15 138 141
16 62 141
16 75 141
16 76 141
17 137 141
18 136 141
19 135 141
20 134 141
21 133 141
22 38 141
22 39 141
23 36 141
23 37 141
24 132 141
25 131 141
26 130 141
27 26 141
27 28 141
28 62 141
28 74 141
28 75 141
29 129 141
30 128 141
31 127 141
32 24 141
32 25 141
33 126 141
34 125 141
35 22 141
35 23 141
36 124 141
37 123 141
38 122 141
39 121 141
40 120 141
41 119 141
42 118 141
43 34 141
43 35 141
44 117 141
45 116 141
46 20 141
46 21 141
48 115 141
49 114 141
50 113 141
51 18 141
51 19 141
52 112 141
53 111 141
54 110 141
56 16 141
56 17 141
57 109 141
58 32 141
58 33 141
59 14 141
59 15 141
60 108 141
61 107 141
62 12 141
62 13 141
63 10 141
63 11 141
64 106 141
65 8 141
65 9 141
66 105 141
67 104 141
68 103 141
69 6 141
69 7 141
70 38 141
70 39 141
70 56 141
71 4 141
71 5 141
72 102 141
73 35 141
73 36 141
73 37 141
74 100 141
75 21 141
75 35 141
75 36 141
76 7 141
76 10 141
76 20 141
77 98 141
79 2 141
79 3 141
80 97 141
81 0 141
81 1 141
82 96 141
83 95 141
84 93 141
85 92 141
86 91 141
87 90 141
88 87 141
89 149 141
89 150 141
90 86 141
91 85 141
92 24 141
92 26 141
92 34 141
93 84 141
94 89 141
96 83 141
97 82 141
98 81 141
100 138 141
100 145 141
101 30 141
101 31 141
102 136 141
102 137 141
103 132 141
103 135 141
104 80 141
105 79 141
106 125 141
106 129 141
107 78 141
108 77 141
110 76 141
111 75 141
112 74 141
113 73 141
114 72 141
115 71 141
116 70 141
117 69 141
118 68 141
119 67 141
120 66 141
121 65 141
122 21 141
122 22 141
122 23 141
123 16 141
123 17 141
123 20 141
124 64 141
125 112 141
125 114 141
126 10 141
126 14 141
126 15 141
127 7 141
127 8 141
127 9 141
128 63 141
129 62 141
131 61 141
132 60 141
133 59 141
134 120 141
134 124 141
135 57 141
136 106 141
136 108 141
137 80 141
137 102 141
138 56 141
139 55 141
140 54 141
141 149 141
141 150 141
141 4 141
142 53 141
143 52 141
144 51 141
145 50 141
146 49 141
147 27 141
147 29 141
148 88 141
149 48 141
150 47 141
0 150 142
1 149 142
2 146 142
3 45 142
3 46 142
4 145 142
5 144 142
6 143 142
7 142 142
8 42 142
8 44 142
9 141 142
10 7 142
10 20 142
10 21 142
11 140 142
12 139 142
13 40 142
13 41 142
14 138 142
15 77 142
15 78 142
15 80 142
17 137 142
18 136 142
19 62 142
19 74 142
19 75 142
20 135 142
21 134 142
22 133 142
23 38 142
23 39 142
24 132 142
25 131 142
26 36 142
26 37 142
27 34 142
27 35 142
28 130 142
29 28 142
29 30 142
30 129 142
31 128 142
32 127 142
33 126 142
34 125 142
35 124 142
36 123 142
37 62 142
37 75 142
37 76 142
38 122 142
39 121 142
40 120 142
42 119 142
43 76 142
43 77 142
43 78 142
44 118 142
45 117 142
46 26 142
46 27 142
47 116 142
48 24 142
48 25 142
49 115 142
50 114 142
51 22 142
51 23 142
52 113 142
53 112 142
54 20 142
54 21 142
55 111 142
56 110 142
57 18 142
57 19 142
58 109 142
59 108 142
60 107 142
62 16 142
62 17 142
63 106 142
64 105 142
65 104 142
66 14 142
66 15 142
67 103 142
68 102 142
69 12 142
69 13 142
70 38 142
70 39 142
70 56 142
72 100 142
73 98 142
74 97 142
75 10 142
75 11 142
76 96 142
77 8 142
77 9 142
78 6 142
78 7 142
79 4 142
79 5 142
80 2 142
80 3 142
81 95 142
82 93 142
83 35 142
83 36 142
83 37 142
84 92 142
85 0 142
85 1 142
86 149 142
86 150 142
87 91 142
88 138 142
88 145 142
89 24 142
89 26 142
89 34 142
90 87 142
91 86 142
92 85 142
93 84 142
94 90 142
95 83 142
97 82 142
98 81 142
99 32 142
99 33 142
100 136 142
100 137 142
101 29 142
101 31 142
102 80 142
103 21 142
103 22 142
103 23 142
104 79 142
105 16 142
105 17 142
105 20 142
106 108 142
106 112 142
107 10 142
107 14 142
107 15 142
108 78 142
109 77 142
110 76 142
111 75 142
112 74 142
113 7 142
113 8 142
113 9 142
114 73 142
115 132 142
115 135 142
116 72 142
117 125 142
117 129 142
118 71 142
119 149 142
119 150 142
119 4 142
120 70 142
121 69 142
122 68 142
123 67 142
124 10 142
124 35 142
124 36 142
126 66 142
127 65 142
128 64 142
129 63 142
130 62 142
131 61 142
132 60 142
133 59 142
134 120 142
134 124 142
135 57 142
136 80 142
136 102 142
137 56 142
138 55 142
139 106 142
139 114 142
140 54 142
141 53 142
142 52 142
143 51 142
145 50 142
146 49 142
147 89 142
148 88 142
149 48 142
150 47 142
