8 115 36
20 114 36
21 113 36
23 111 36
24 110 36
27 109 36
29 108 36
33 106 36
35 103 36
36 101 36
54 99 36
59 98 36
64 97 36
69 96 36
72 95 36
73 92 36
74 90 36
85 82 36
89 80 36
92 76 36
99 75 36
116 89 36
132 88 36
137 87 36
139 86 36
141 85 36
2 115 37
37 114 37
39 113 37
40 111 37
42 110 37
53 109 37
54 108 37
60 106 37
66 103 37
67 101 37
68 99 37
81 98 37
91 97 37
98 82 37
106 80 37
109 76 37
110 75 37
120 96 37
121 95 37
124 92 37
125 90 37
142 89 37
143 88 37
144 87 37
146 86 37
150 85 37
5 115 41
9 114 41
10 113 41
12 111 41
15 110 41
16 109 41
24 108 41
37 106 41
49 103 41
51 101 41
57 99 41
60 98 41
61 97 41
65 96 41
71 95 41
79 92 41
82 85 41
84 90 41
85 80 41
87 76 41
91 89 41
94 88 41
115 75 41
117 87 41
128 86 41
133 82 41
2 115 44
3 114 44
16 113 44
20 111 44
25 110 44
32 109 44
36 108 44
37 106 44
47 103 44
59 101 44
62 99 44
66 98 44
72 97 44
75 96 44
76 95 44
82 85 44
90 80 44
91 92 44
97 76 44
114 75 44
118 90 44
125 89 44
133 88 44
135 87 44
141 86 44
146 82 44
0 115 45
3 114 45
12 113 45
15 111 45
17 110 45
32 109 45
37 108 45
51 106 45
52 103 45
66 101 45
67 99 45
70 98 45
71 97 45
72 96 45
74 95 45
86 82 45
88 80 45
98 76 45
110 75 45
112 92 45
116 90 45
117 89 45
125 88 45
134 87 45
137 86 45
145 85 45
3 115 46
16 114 46
19 113 46
24 111 46
26 110 46
27 109 46
31 108 46
41 106 46
47 103 46
48 101 46
64 99 46
69 98 46
77 97 46
89 80 46
101 76 46
105 96 46
110 75 46
112 95 46
124 92 46
128 90 46
132 89 46
133 88 46
134 87 46
140 86 46
141 85 46
142 82 46
5 149 53
6 113 53
7 112 53
11 111 53
28 110 53
36 109 53
58 108 53
63 107 53
66 106 53
72 105 53
78 104 53
79 103 53
80 102 53
91 101 53
96 82 53
97 81 53
98 80 53
101 76 53
105 75 53
112 73 53
116 100 53
121 99 53
122 98 53
143 97 53
146 96 53
148 95 53
2 115 59
3 114 59
9 113 59
16 111 59
19 110 59
22 109 59
26 108 59
37 106 59
52 103 59
54 101 59
68 99 59
72 98 59
75 97 59
81 96 59
89 80 59
94 95 59
102 92 59
113 76 59
115 75 59
116 90 59
117 89 59
118 88 59
131 87 59
139 86 59
140 85 59
149 82 59
0 115 60
3 114 60
19 113 60
20 111 60
27 110 60
30 109 60
31 108 60
37 106 60
41 103 60
42 101 60
51 99 60
63 98 60
67 97 60
72 96 60
78 95 60
81 92 60
94 90 60
98 82 60
103 80 60
111 76 60
114 75 60
118 89 60
129 88 60
135 87 60
140 86 60
143 85 60
1 149 61
4 113 61
6 112 61
12 111 61
16 110 61
17 109 61
24 108 61
33 107 61
36 106 61
40 105 61
55 104 61
67 103 61
74 102 61
85 101 61
91 100 61
95 80 61
97 76 61
104 75 61
110 73 61
114 99 61
116 98 61
126 97 61
133 96 61
140 95 61
146 82 61
147 81 61
0 115 62
1 114 62
7 113 62
8 111 62
14 110 62
25 109 62
28 108 62
29 106 62
31 103 62
37 101 62
41 99 62
44 98 62
46 97 62
51 96 62
53 95 62
71 92 62
83 90 62
85 86 62
92 82 62
96 80 62
114 76 62
115 75 62
124 89 62
132 88 62
135 87 62
144 85 62
5 149 66
6 113 66
14 112 66
18 111 66
19 110 66
33 109 66
37 108 66
41 107 66
43 106 66
53 105 66
59 104 66
76 103 66
82 81 66
86 102 66
103 80 66
105 76 66
106 75 66
117 101 66
118 100 66
126 99 66
128 98 66
134 97 66
139 96 66
143 95 66
144 82 66
149 73 66
1 149 67
14 113 67
15 112 67
17 111 67
26 110 67
32 109 67
41 108 67
45 107 67
50 106 67
51 105 67
54 104 67
65 103 67
77 102 67
81 101 67
90 100 67
101 81 67
103 80 67
105 76 67
107 75 67
110 73 67
115 99 67
121 98 67
123 97 67
127 96 67
144 95 67
145 82 67
2 149 68
23 113 68
32 112 68
33 111 68
37 110 68
42 109 68
48 108 68
60 107 68
63 106 68
75 105 68
77 104 68
80 103 68
83 102 68
100 80 68
103 76 68
112 75 68
113 73 68
116 101 68
120 100 68
125 99 68
126 98 68
129 97 68
130 96 68
133 95 68
144 82 68
147 81 68
1 115 69
6 114 69
22 113 69
30 111 69
31 110 69
50 109 69
55 108 69
59 106 69
63 103 69
68 101 69
86 85 69
99 82 69
100 99 69
102 98 69
106 80 69
109 76 69
114 75 69
117 97 69
125 96 69
127 95 69
128 92 69
130 90 69
132 89 69
140 88 69
146 87 69
149 86 69
1 149 70
6 113 70
15 112 70
16 111 70
29 110 70
30 109 70
31 108 70
32 107 70
36 106 70
40 105 70
54 104 70
65 103 70
68 102 70
73 101 70
80 75 70
89 100 70
98 73 70
115 99 70
121 98 70
129 97 70
133 96 70
140 95 70
141 82 70
143 81 70
146 80 70
150 76 70
0 149 71
11 113 71
16 112 71
17 111 71
23 110 71
31 109 71
45 108 71
49 107 71
50 106 71
53 105 71
57 104 71
62 103 71
67 102 71
71 101 71
74 100 71
85 99 71
87 98 71
92 97 71
94 96 71
97 75 71
101 73 71
122 95 71
123 82 71
125 81 71
129 80 71
139 76 71
5 149 72
6 113 72
11 112 72
24 111 72
34 110 72
39 109 72
41 108 72
43 107 72
44 106 72
48 105 72
53 104 72
54 103 72
65 102 72
68 101 72
71 100 72
73 99 72
82 80 72
89 98 72
97 76 72
100 75 72
110 73 72
124 97 72
125 96 72
127 95 72
129 82 72
143 81 72
3 149 73
8 113 73
14 112 73
19 111 73
21 110 73
23 109 73
37 108 73
46 107 73
50 106 73
59 105 73
71 104 73
73 103 73
78 102 73
81 80 73
101 76 73
104 75 73
111 73 73
116 101 73
117 100 73
119 99 73
126 98 73
136 97 73
137 96 73
138 95 73
147 82 73
150 81 73
2 149 74
5 113 74
12 112 74
22 111 74
23 110 74
25 109 74
35 108 74
38 107 74
41 106 74
55 105 74
56 104 74
61 103 74
72 102 74
74 101 74
78 100 74
79 99 74
93 98 74
98 76 74
99 75 74
104 73 74
120 97 74
127 96 74
129 95 74
134 82 74
138 81 74
140 80 74
1 149 75
7 113 75
9 112 75
13 111 75
25 110 75
31 109 75
36 108 75
38 107 75
42 106 75
43 105 75
44 104 75
50 103 75
57 102 75
61 101 75
72 100 75
80 99 75
81 82 75
86 98 75
101 80 75
107 76 75
109 75 75
111 73 75
119 97 75
122 96 75
124 95 75
150 81 75
5 149 76
6 113 76
7 112 76
16 111 76
24 110 76
33 109 76
46 108 76
65 107 76
66 106 76
69 105 76
70 104 76
72 103 76
74 102 76
77 101 76
78 100 76
80 75 76
87 99 76
92 98 76
111 73 76
120 97 76
127 96 76
129 95 76
130 82 76
137 81 76
138 80 76
147 76 76
1 115 77
3 114 77
5 113 77
6 111 77
10 110 77
11 109 77
21 108 77
24 106 77
36 103 77
39 101 77
44 99 77
51 98 77
53 97 77
65 96 77
69 95 77
84 92 77
85 90 77
86 85 77
92 82 77
102 89 77
103 80 77
108 76 77
115 75 77
138 88 77
142 87 77
149 86 77
16 149 78
22 113 78
31 112 78
45 111 78
49 110 78
51 109 78
56 108 78
57 107 78
65 106 78
68 105 78
71 104 78
84 103 78
85 102 78
98 81 78
103 80 78
104 76 78
109 75 78
112 73 78
115 101 78
116 100 78
121 99 78
130 98 78
131 97 78
134 96 78
145 95 78
146 82 78
17 149 79
35 113 79
41 112 79
42 111 79
47 110 79
51 109 79
59 108 79
60 107 79
61 106 79
81 105 79
85 104 79
86 103 79
87 102 79
98 95 79
99 82 79
103 81 79
105 80 79
106 76 79
113 75 79
129 101 79
130 100 79
132 99 79
143 98 79
146 97 79
149 73 79
150 96 79
2 115 80
3 114 80
7 113 80
11 111 80
14 110 80
32 109 80
34 108 80
41 106 80
46 103 80
49 101 80
52 99 80
60 98 80
71 97 80
74 96 80
81 95 80
93 92 80
94 90 80
97 82 80
99 80 80
105 89 80
108 76 80
109 75 80
119 88 80
134 87 80
140 86 80
148 85 80
2 115 81
4 114 81
5 113 81
29 111 81
30 110 81
33 109 81
39 108 81
41 106 81
42 103 81
45 101 81
54 99 81
55 98 81
67 97 81
76 96 81
79 95 81
92 82 81
97 80 81
101 76 81
108 75 81
117 92 81
130 90 81
137 89 81
140 88 81
145 87 81
148 86 81
149 85 81
1 150 82
2 149 82
4 148 82
5 147 82
6 146 82
8 145 82
9 144 82
10 143 82
11 142 82
12 141 82
13 140 82
14 139 82
15 138 82
18 137 82
19 136 82
20 135 82
21 132 82
23 131 82
24 130 82
25 129 82
26 128 82
27 127 82
28 126 82
29 125 82
31 124 82
32 123 82
33 122 82
34 120 82
35 119 82
37 118 82
40 117 82
42 116 82
43 115 82
47 114 82
49 113 82
50 112 82
51 111 82
54 110 82
55 109 82
56 108 82
58 107 82
59 106 82
60 105 82
61 104 82
62 103 82
64 102 82
65 101 82
66 100 82
68 99 82
69 98 82
70 97 82
71 96 82
72 95 82
73 94 82
74 92 82
75 91 82
76 78 82
78 75 82
79 90 82
80 74 82
81 89 82
82 71 82
83 70 82
84 87 82
85 86 82
86 69 82
87 63 82
88 83 82
90 61 82
91 60 82
92 59 82
93 82 82
94 58 82
95 54 82
97 53 82
100 50 82
101 49 82
102 48 82
103 44 82
104 43 82
105 42 82
106 40 82
107 38 82
108 35 82
109 34 82
110 33 82
113 32 82
115 29 82
116 28 82
117 27 82
118 25 82
119 24 82
120 23 82
121 80 82
122 21 82
123 18 82
124 17 82
125 16 82
126 15 82
127 14 82
128 13 82
129 12 82
131 11 82
132 10 82
133 76 82
137 9 82
140 7 82
144 6 82
146 5 82
148 4 82
149 2 82
150 1 82
4 115 83
8 114 83
13 113 83
17 111 83
25 110 83
29 109 83
44 108 83
53 106 83
55 103 83
59 101 83
60 99 83
72 98 83
75 97 83
80 96 83
81 95 83
86 82 83
93 92 83
96 80 83
99 76 83
104 90 83
106 75 83
136 89 83
137 88 83
139 87 83
147 86 83
149 85 83
8 115 85
11 114 85
18 113 85
21 111 85
37 110 85
44 109 85
46 108 85
48 106 85
51 103 85
59 101 85
69 99 85
73 98 85
77 97 85
79 96 85
81 95 85
95 82 85
101 80 85
103 76 85
104 92 85
105 90 85
111 75 85
117 89 85
121 88 85
123 87 85
126 86 85
144 85 85
1 149 86
14 113 86
23 112 86
28 111 86
31 110 86
34 109 86
44 108 86
55 107 86
60 106 86
70 105 86
71 104 86
79 103 86
87 102 86
91 101 86
92 100 86
96 75 86
102 73 86
114 99 86
115 98 86
116 97 86
120 96 86
123 95 86
131 82 86
138 81 86
144 80 86
147 76 86
0 149 87
4 113 87
7 112 87
13 111 87
17 110 87
18 109 87
24 108 87
39 107 87
41 106 87
48 105 87
49 104 87
52 103 87
53 102 87
54 101 87
62 100 87
67 99 87
69 98 87
92 97 87
103 75 87
118 96 87
123 95 87
127 82 87
139 81 87
142 80 87
144 76 87
149 73 87
0 150 88
1 149 88
2 148 88
3 147 88
6 146 88
9 145 88
10 144 88
12 143 88
14 142 88
15 141 88
17 140 88
18 139 88
19 138 88
22 137 88
23 136 88
27 135 88
28 132 88
29 131 88
30 130 88
31 129 88
32 128 88
33 127 88
34 126 88
35 125 88
37 124 88
38 123 88
40 122 88
42 120 88
43 119 88
44 118 88
47 117 88
48 116 88
49 115 88
50 114 88
51 113 88
52 112 88
53 111 88
54 110 88
55 109 88
56 108 88
57 107 88
58 106 88
59 105 88
60 104 88
61 103 88
64 102 88
66 101 88
67 100 88
68 99 88
69 98 88
70 97 88
71 96 88
72 95 88
73 94 88
74 92 88
75 91 88
76 78 88
77 90 88
78 75 88
83 74 88
84 89 88
85 87 88
86 71 88
87 70 88
88 86 88
89 69 88
91 63 88
92 61 88
93 83 88
95 60 88
96 59 88
97 58 88
98 54 88
100 53 88
101 50 88
103 49 88
105 48 88
109 44 88
111 43 88
112 42 88
113 40 88
114 38 88
115 35 88
118 34 88
120 33 88
121 82 88
122 32 88
123 29 88
124 28 88
125 27 88
126 25 88
127 24 88
128 23 88
129 21 88
130 18 88
131 17 88
132 16 88
133 80 88
134 76 88
135 15 88
136 14 88
138 13 88
139 12 88
140 11 88
141 10 88
142 9 88
143 7 88
145 6 88
146 5 88
148 4 88
149 2 88
150 1 88
0 149 89
2 113 89
14 112 89
22 111 89
26 110 89
30 109 89
31 108 89
32 107 89
40 106 89
53 105 89
58 104 89
65 103 89
66 102 89
71 101 89
75 76 89
88 100 89
91 99 89
111 73 89
118 98 89
119 97 89
128 96 89
129 95 89
132 82 89
136 81 89
141 80 89
143 75 89
0 115 90
2 114 90
13 113 90
15 111 90
17 110 90
18 109 90
23 108 90
27 106 90
28 103 90
40 101 90
43 99 90
57 98 90
61 97 90
67 96 90
77 95 90
84 92 90
85 76 90
88 75 90
91 90 90
102 89 90
122 88 90
128 87 90
132 86 90
135 85 90
136 82 90
140 80 90
9 115 91
14 114 91
15 113 91
16 111 91
17 110 91
22 109 91
28 108 91
34 106 91
50 103 91
53 101 91
56 99 91
66 98 91
70 97 91
72 96 91
83 95 91
86 87 91
88 85 91
89 82 91
97 80 91
99 76 91
101 75 91
102 92 91
112 90 91
130 89 91
131 88 91
145 86 91
0 149 92
5 113 92
15 112 92
21 111 92
34 110 92
38 109 92
39 108 92
40 107 92
44 106 92
52 105 92
54 104 92
61 103 92
68 102 92
73 101 92
78 100 92
89 99 92
103 76 92
104 75 92
105 73 92
120 98 92
122 97 92
127 96 92
129 95 92
132 82 92
134 81 92
138 80 92
2 149 93
3 113 93
4 112 93
14 111 93
18 110 93
28 109 93
39 108 93
47 107 93
52 106 93
60 105 93
64 104 93
65 103 93
76 102 93
86 101 93
91 100 93
96 76 93
112 75 93
114 99 93
116 98 93
119 97 93
127 96 93
129 95 93
139 82 93
143 81 93
144 80 93
149 73 93
17 115 94
28 114 94
33 113 94
35 111 94
38 110 94
52 109 94
66 108 94
67 106 94
70 103 94
74 101 94
84 99 94
89 80 94
101 76 94
108 75 94
117 98 94
118 97 94
119 96 94
120 95 94
121 92 94
130 90 94
136 89 94
143 88 94
145 87 94
146 86 94
147 85 94
149 82 94
0 150 95
3 149 95
4 148 95
6 147 95
8 146 95
9 145 95
11 144 95
12 143 95
13 142 95
14 141 95
16 140 95
18 139 95
19 138 95
21 137 95
22 136 95
23 135 95
24 132 95
25 131 95
26 130 95
27 129 95
29 128 95
31 127 95
32 126 95
33 125 95
34 124 95
35 123 95
36 122 95
40 120 95
42 119 95
44 118 95
47 117 95
49 116 95
50 115 95
53 114 95
54 113 95
55 112 95
56 111 95
58 110 95
59 109 95
60 108 95
61 107 95
63 106 95
64 105 95
65 104 95
66 103 95
70 102 95
71 101 95
72 100 95
74 99 95
75 98 95
76 97 95
77 96 95
79 95 95
80 94 95
81 92 95
82 83 95
83 80 95
84 91 95
86 78 95
88 90 95
89 76 95
90 75 95
91 74 95
92 71 95
93 89 95
94 70 95
95 69 95
97 63 95
99 61 95
100 60 95
101 59 95
102 58 95
103 54 95
106 53 95
107 50 95
108 49 95
110 48 95
111 44 95
112 43 95
113 42 95
114 40 95
115 38 95
116 35 95
117 34 95
118 33 95
119 32 95
120 29 95
121 87 95
122 28 95
124 27 95
125 25 95
126 24 95
127 23 95
128 21 95
130 18 95
131 17 95
132 16 95
133 86 95
134 82 95
135 15 95
136 14 95
138 13 95
139 12 95
140 11 95
141 10 95
143 9 95
144 7 95
145 6 95
146 5 95
148 4 95
149 2 95
150 1 95
3 149 96
6 113 96
7 112 96
11 111 96
14 110 96
21 109 96
27 108 96
38 107 96
43 106 96
60 105 96
73 104 96
77 103 96
78 102 96
79 101 96
82 76 96
89 100 96
93 99 96
101 75 96
111 73 96
114 98 96
125 97 96
126 96 96
127 95 96
129 82 96
142 81 96
150 80 96
14 149 97
24 113 97
34 112 97
45 111 97
49 110 97
53 109 97
55 108 97
57 107 97
62 106 97
70 105 97
72 104 97
79 103 97
96 81 97
102 80 97
107 76 97
109 75 97
119 102 97
124 101 97
127 100 97
128 99 97
129 98 97
138 97 97
139 96 97
142 95 97
148 82 97
149 73 97
7 115 98
9 114 98
13 113 98
29 111 98
30 110 98
41 109 98
42 108 98
48 106 98
57 103 98
64 101 98
68 99 98
73 98 98
86 87 98
89 85 98
91 97 98
94 96 98
103 82 98
108 80 98
111 76 98
112 95 98
114 75 98
118 92 98
127 90 98
129 89 98
131 88 98
136 86 98
1 115 99
11 114 99
22 113 99
24 111 99
32 110 99
37 109 99
46 108 99
48 106 99
50 103 99
59 101 99
61 99 99
64 98 99
67 97 99
84 96 99
87 88 99
88 86 99
92 85 99
94 95 99
103 82 99
106 80 99
111 76 99
114 75 99
118 92 99
139 90 99
146 89 99
150 87 99
0 115 100
15 114 100
28 113 100
35 111 100
49 110 100
51 109 100
53 108 100
59 106 100
68 103 100
69 101 100
75 99 100
80 98 100
81 97 100
85 82 100
96 80 100
108 76 100
112 96 100
113 75 100
128 95 100
130 92 100
131 90 100
134 89 100
138 88 100
144 87 100
146 86 100
147 85 100
0 150 101
1 149 101
2 148 101
3 147 101
6 146 101
8 145 101
9 144 101
13 143 101
15 142 101
16 141 101
17 140 101
18 139 101
19 138 101
20 137 101
22 136 101
23 135 101
24 132 101
26 131 101
27 130 101
28 129 101
31 128 101
32 127 101
33 126 101
34 125 101
35 124 101
36 123 101
37 122 101
38 120 101
39 119 101
40 118 101
41 117 101
42 116 101
43 115 101
44 114 101
45 113 101
48 112 101
49 111 101
51 110 101
52 109 101
54 108 101
55 107 101
56 106 101
57 105 101
58 104 101
59 103 101
61 102 101
62 101 101
63 100 101
64 99 101
65 98 101
66 97 101
68 96 101
69 95 101
70 94 101
73 92 101
74 91 101
76 90 101
77 89 101
78 76 101
79 87 101
82 75 101
83 74 101
84 86 101
85 83 101
91 71 101
92 70 101
94 69 101
95 63 101
96 61 101
97 60 101
99 59 101
100 58 101
103 54 101
104 53 101
105 50 101
106 49 101
107 48 101
108 44 101
110 43 101
111 42 101
112 40 101
113 38 101
114 35 101
115 34 101
116 33 101
117 32 101
120 29 101
121 82 101
122 28 101
123 27 101
124 25 101
126 24 101
127 23 101
128 21 101
130 18 101
131 17 101
132 16 101
133 80 101
134 78 101
135 15 101
136 14 101
137 13 101
139 12 101
140 11 101
142 10 101
143 9 101
145 7 101
146 6 101
147 5 101
148 4 101
149 2 101
150 1 101
0 149 102
10 113 102
12 112 102
37 111 102
38 110 102
50 109 102
58 108 102
59 107 102
61 106 102
68 105 102
71 104 102
76 103 102
78 102 102
83 101 102
97 80 102
102 76 102
104 75 102
108 73 102
114 100 102
118 99 102
120 98 102
125 97 102
128 96 102
132 95 102
136 82 102
137 81 102
9 115 103
14 114 103
18 113 103
22 111 103
28 110 103
34 109 103
39 108 103
40 106 103
47 103 103
51 101 103
60 99 103
64 98 103
66 97 103
70 96 103
72 95 103
91 92 103
97 75 103
123 90 103
126 89 103
129 88 103
136 87 103
138 86 103
140 85 103
141 82 103
142 80 103
144 76 103
0 149 104
15 113 104
21 112 104
25 111 104
34 110 104
51 109 104
57 108 104
61 107 104
63 106 104
65 105 104
68 104 104
70 103 104
76 102 104
82 80 104
84 101 104
85 100 104
89 99 104
91 98 104
99 76 104
101 75 104
106 73 104
118 97 104
127 96 104
137 95 104
138 82 104
145 81 104
0 150 105
1 149 105
2 148 105
4 147 105
5 146 105
6 145 105
7 144 105
8 143 105
9 142 105
10 141 105
11 140 105
12 139 105
15 138 105
16 137 105
17 136 105
18 135 105
21 132 105
22 131 105
23 130 105
24 129 105
25 128 105
26 127 105
27 126 105
28 125 105
29 124 105
32 123 105
34 122 105
35 120 105
36 119 105
38 118 105
39 117 105
40 116 105
41 115 105
42 114 105
43 113 105
44 112 105
45 111 105
46 110 105
48 109 105
49 108 105
50 107 105
53 106 105
54 105 105
55 104 105
57 103 105
58 102 105
59 101 105
60 100 105
63 99 105
64 98 105
66 97 105
67 96 105
68 95 105
69 94 105
70 92 105
71 91 105
74 75 105
75 71 105
77 90 105
78 70 105
79 89 105
80 69 105
81 87 105
84 86 105
85 83 105
86 63 105
87 61 105
88 82 105
89 60 105
90 59 105
91 58 105
92 54 105
93 80 105
97 53 105
98 50 105
100 49 105
101 48 105
103 44 105
104 43 105
105 42 105
107 40 105
108 38 105
111 35 105
112 34 105
113 33 105
114 32 105
115 29 105
116 28 105
118 27 105
119 25 105
120 24 105
121 78 105
122 23 105
123 21 105
124 18 105
125 17 105
126 16 105
127 15 105
131 14 105
132 13 105
133 76 105
134 74 105
135 12 105
139 11 105
140 10 105
141 9 105
142 7 105
143 6 105
145 5 105
147 4 105
148 2 105
150 1 105
5 115 106
6 114 106
13 113 106
19 111 106
22 110 106
29 109 106
42 108 106
44 106 106
49 103 106
55 101 106
60 99 106
61 98 106
63 97 106
67 96 106
88 85 106
94 95 106
95 82 106
98 80 106
106 76 106
115 75 106
122 92 106
127 90 106
129 89 106
133 88 106
139 87 106
145 86 106
3 115 107
6 114 107
16 113 107
21 111 107
23 110 107
35 109 107
39 108 107
45 106 107
46 103 107
54 101 107
57 99 107
60 98 107
65 97 107
68 96 107
76 80 107
78 95 107
84 92 107
85 75 107
102 90 107
112 89 107
118 88 107
127 87 107
132 86 107
139 85 107
145 82 107
146 76 107
0 115 110
5 114 110
9 113 110
11 111 110
14 110 110
16 109 110
24 108 110
30 106 110
38 103 110
40 101 110
45 99 110
66 98 110
85 86 110
86 82 110
90 80 110
96 76 110
97 75 110
120 97 110
121 96 110
125 95 110
126 92 110
132 90 110
139 89 110
141 88 110
146 87 110
147 85 110
10 115 114
17 114 114
26 113 114
35 111 114
41 110 114
44 109 114
48 108 114
49 106 114
56 103 114
60 101 114
62 99 114
71 98 114
78 97 114
81 96 114
83 95 114
88 80 114
93 92 114
105 90 114
109 76 114
110 75 114
112 89 114
119 88 114
121 87 114
130 86 114
141 85 114
143 82 114
0 150 115
1 149 115
2 148 115
3 147 115
4 146 115
7 145 115
8 144 115
10 143 115
12 142 115
13 141 115
14 140 115
16 139 115
17 138 115
18 137 115
19 136 115
24 135 115
25 132 115
26 131 115
27 130 115
28 129 115
29 128 115
31 127 115
32 126 115
33 125 115
34 124 115
36 123 115
37 122 115
38 120 115
39 119 115
40 118 115
41 117 115
42 116 115
43 115 115
44 114 115
46 113 115
47 112 115
49 111 115
51 110 115
53 109 115
54 108 115
55 107 115
57 106 115
58 105 115
60 104 115
61 103 115
62 102 115
64 101 115
65 100 115
66 99 115
67 98 115
68 97 115
69 96 115
70 95 115
72 94 115
73 92 115
74 91 115
75 90 115
77 89 115
80 75 115
81 87 115
82 74 115
83 71 115
84 86 115
85 83 115
86 70 115
87 69 115
88 82 115
89 63 115
90 61 115
91 60 115
92 59 115
93 80 115
96 58 115
97 54 115
98 53 115
99 50 115
100 49 115
101 48 115
102 44 115
103 43 115
104 42 115
107 40 115
109 38 115
110 35 115
111 34 115
112 33 115
113 32 115
114 29 115
118 28 115
119 27 115
120 25 115
122 24 115
124 23 115
125 21 115
126 18 115
127 17 115
128 16 115
129 15 115
131 14 115
132 13 115
133 78 115
134 76 115
135 12 115
136 11 115
137 10 115
138 9 115
140 7 115
142 6 115
144 5 115
147 4 115
148 2 115
150 1 115
5 115 117
18 114 117
19 113 117
20 111 117
22 110 117
38 109 117
41 108 117
42 106 117
43 103 117
45 101 117
46 99 117
49 98 117
50 97 117
72 96 117
73 95 117
74 92 117
83 90 117
89 80 117
92 76 117
105 89 117
114 75 117
121 88 117
123 87 117
127 86 117
144 85 117
147 82 117
1 150 118
2 149 118
3 148 118
4 147 118
5 146 118
6 145 118
9 144 118
10 143 118
11 142 118
12 141 118
14 140 118
15 139 118
19 138 118
20 137 118
21 136 118
22 135 118
23 132 118
24 131 118
25 130 118
26 129 118
27 128 118
28 127 118
29 126 118
30 125 118
31 124 118
32 123 118
33 122 118
34 120 118
35 119 118
36 118 118
37 117 118
38 116 118
39 115 118
41 114 118
42 113 118
43 112 118
44 111 118
45 110 118
46 109 118
47 108 118
50 107 118
51 106 118
52 105 118
53 104 118
54 103 118
55 102 118
56 101 118
58 100 118
59 99 118
60 98 118
61 97 118
62 96 118
63 95 118
64 94 118
65 92 118
67 91 118
70 90 118
71 89 118
72 87 118
74 86 118
76 74 118
79 83 118
80 71 118
81 82 118
82 70 118
83 69 118
84 80 118
85 78 118
87 63 118
88 76 118
89 61 118
90 60 118
94 59 118
96 58 118
98 54 118
99 53 118
103 50 118
104 49 118
105 48 118
106 44 118
107 43 118
108 42 118
109 40 118
110 38 118
111 35 118
113 34 118
114 33 118
115 32 118
116 29 118
117 28 118
119 27 118
120 25 118
121 75 118
122 24 118
123 23 118
125 21 118
127 18 118
128 17 118
129 16 118
131 15 118
132 14 118
135 13 118
136 12 118
138 11 118
139 10 118
141 9 118
143 7 118
144 6 118
145 5 118
147 4 118
148 2 118
149 1 118
0 150 119
1 149 119
2 148 119
3 147 119
4 146 119
7 145 119
10 144 119
11 143 119
13 142 119
14 141 119
15 140 119
16 139 119
17 138 119
18 137 119
19 136 119
20 135 119
21 132 119
22 131 119
23 130 119
24 129 119
26 128 119
27 127 119
28 126 119
30 125 119
31 124 119
32 123 119
33 122 119
34 120 119
35 119 119
36 118 119
37 117 119
38 116 119
39 115 119
40 114 119
41 113 119
45 112 119
46 111 119
47 110 119
48 109 119
49 108 119
52 107 119
53 106 119
54 105 119
55 104 119
56 103 119
57 102 119
59 101 119
60 100 119
61 99 119
62 98 119
63 97 119
65 96 119
66 95 119
67 94 119
68 92 119
70 91 119
71 90 119
72 89 119
74 75 119
76 71 119
77 87 119
78 70 119
79 86 119
81 83 119
82 69 119
83 63 119
84 82 119
86 61 119
87 60 119
90 59 119
91 58 119
92 54 119
93 80 119
94 53 119
95 50 119
96 49 119
98 48 119
100 44 119
103 43 119
105 42 119
108 40 119
111 38 119
112 35 119
113 34 119
114 33 119
115 32 119
117 29 119
118 28 119
119 27 119
120 25 119
121 78 119
122 24 119
124 23 119
125 21 119
126 18 119
127 17 119
129 16 119
130 15 119
131 14 119
133 76 119
134 74 119
136 13 119
137 12 119
138 11 119
139 10 119
140 9 119
142 7 119
143 6 119
144 5 119
145 4 119
149 2 119
150 1 119
0 150 121
1 149 121
3 148 121
4 147 121
6 146 121
7 145 121
8 144 121
9 143 121
10 142 121
12 141 121
15 140 121
16 139 121
17 138 121
18 137 121
19 136 121
20 135 121
21 132 121
22 131 121
23 130 121
24 129 121
27 128 121
28 127 121
29 126 121
30 125 121
31 124 121
32 123 121
33 122 121
34 120 121
35 119 121
37 118 121
38 117 121
39 116 121
40 115 121
41 114 121
43 113 121
44 112 121
45 111 121
46 110 121
47 109 121
48 108 121
49 107 121
50 106 121
52 105 121
53 104 121
54 103 121
56 102 121
57 101 121
58 100 121
59 99 121
60 98 121
62 97 121
63 96 121
64 95 121
66 94 121
67 92 121
68 91 121
69 90 121
70 89 121
72 87 121
73 86 121
75 83 121
76 75 121
77 82 121
78 74 121
80 71 121
81 80 121
83 70 121
86 69 121
89 63 121
90 61 121
91 60 121
92 59 121
94 58 121
96 54 121
97 53 121
98 50 121
99 49 121
100 48 121
101 44 121
102 43 121
105 42 121
106 40 121
107 38 121
108 35 121
110 34 121
112 33 121
113 32 121
114 29 121
119 28 121
120 27 121
122 25 121
123 24 121
124 23 121
125 21 121
127 18 121
128 17 121
131 16 121
132 15 121
133 78 121
134 76 121
135 14 121
136 13 121
138 12 121
139 11 121
140 10 121
142 9 121
145 7 121
146 6 121
147 5 121
148 4 121
149 2 121
150 1 121
0 150 122
2 149 122
3 148 122
4 147 122
8 146 122
9 145 122
10 144 122
12 143 122
14 142 122
15 141 122
16 140 122
17 139 122
18 138 122
19 137 122
20 136 122
22 135 122
23 132 122
24 131 122
25 130 122
26 129 122
27 128 122
28 127 122
29 126 122
30 125 122
31 124 122
32 123 122
34 122 122
35 120 122
36 119 122
40 118 122
41 117 122
42 116 122
47 115 122
49 114 122
50 113 122
52 112 122
53 111 122
55 110 122
56 109 122
57 108 122
59 107 122
61 106 122
62 105 122
64 104 122
65 103 122
66 102 122
67 101 122
69 100 122
70 99 122
71 98 122
72 97 122
74 96 122
75 95 122
77 94 122
79 92 122
81 91 122
84 90 122
85 89 122
87 78 122
88 87 122
89 76 122
90 75 122
92 74 122
93 86 122
94 71 122
96 70 122
97 69 122
98 63 122
99 61 122
101 60 122
102 59 122
103 58 122
105 54 122
106 53 122
107 50 122
108 49 122
110 48 122
112 44 122
113 43 122
114 42 122
115 40 122
116 38 122
117 35 122
119 34 122
120 33 122
121 83 122
123 32 122
124 29 122
125 28 122
127 27 122
128 25 122
129 24 122
130 23 122
131 21 122
132 18 122
133 82 122
134 80 122
136 17 122
137 16 122
138 15 122
139 14 122
140 13 122
141 12 122
142 11 122
143 10 122
144 9 122
145 7 122
146 6 122
147 5 122
148 4 122
149 2 122
150 1 122
1 150 123
2 149 123
3 148 123
4 147 123
5 146 123
6 145 123
7 144 123
8 143 123
9 142 123
10 141 123
11 140 123
13 139 123
14 138 123
15 137 123
16 136 123
17 135 123
18 132 123
19 131 123
20 130 123
21 129 123
22 128 123
25 127 123
26 126 123
27 125 123
28 124 123
29 123 123
30 122 123
31 120 123
32 119 123
33 118 123
35 117 123
36 116 123
37 115 123
38 114 123
40 113 123
41 112 123
43 111 123
44 110 123
45 109 123
46 108 123
47 107 123
48 106 123
50 105 123
51 104 123
52 103 123
53 102 123
54 101 123
55 100 123
56 99 123
58 98 123
60 97 123
62 96 123
63 95 123
64 94 123
66 92 123
67 91 123
68 90 123
70 89 123
72 87 123
75 71 123
76 70 123
78 69 123
79 86 123
81 83 123
82 63 123
84 82 123
85 80 123
86 61 123
87 60 123
88 78 123
89 59 123
90 58 123
91 54 123
92 53 123
93 76 123
94 50 123
95 49 123
96 48 123
97 44 123
98 43 123
99 42 123
102 40 123
103 38 123
105 35 123
106 34 123
107 33 123
108 32 123
110 29 123
112 28 123
113 27 123
114 25 123
115 24 123
116 23 123
117 21 123
118 18 123
121 75 123
122 17 123
125 16 123
128 15 123
129 14 123
130 13 123
131 12 123
134 74 123
138 11 123
140 10 123
142 9 123
143 7 123
144 6 123
145 5 123
146 4 123
148 2 123
150 1 123
1 150 124
2 149 124
3 148 124
4 147 124
5 146 124
6 145 124
7 144 124
8 143 124
11 142 124
12 141 124
13 140 124
14 139 124
15 138 124
16 137 124
17 136 124
19 135 124
20 132 124
21 131 124
22 130 124
23 129 124
24 128 124
25 127 124
26 126 124
27 125 124
28 124 124
30 123 124
31 122 124
32 120 124
33 119 124
36 118 124
37 117 124
38 116 124
39 115 124
40 114 124
43 113 124
44 112 124
45 111 124
46 110 124
47 109 124
49 108 124
50 107 124
52 106 124
53 105 124
54 104 124
55 103 124
56 102 124
57 101 124
59 100 124
60 99 124
61 98 124
62 97 124
65 96 124
67 95 124
68 94 124
70 92 124
71 91 124
72 90 124
73 89 124
74 87 124
75 76 124
78 74 124
79 86 124
80 71 124
82 70 124
83 69 124
85 83 124
88 82 124
89 63 124
90 61 124
91 60 124
93 80 124
95 59 124
96 58 124
99 54 124
102 53 124
103 50 124
104 49 124
106 48 124
107 44 124
108 43 124
109 42 124
110 40 124
111 38 124
112 35 124
114 34 124
116 33 124
119 32 124
122 29 124
123 28 124
124 27 124
125 25 124
126 24 124
127 23 124
128 21 124
129 18 124
130 17 124
131 16 124
133 78 124
134 75 124
136 15 124
137 14 124
139 13 124
140 12 124
141 11 124
142 10 124
143 9 124
144 7 124
145 6 124
146 5 124
147 4 124
149 2 124
150 1 124
1 150 125
2 149 125
3 148 125
4 147 125
5 146 125
6 145 125
7 144 125
8 143 125
10 142 125
11 141 125
12 140 125
13 139 125
15 138 125
16 137 125
17 136 125
18 135 125
20 132 125
21 131 125
24 130 125
25 129 125
26 128 125
29 127 125
31 126 125
32 125 125
34 124 125
36 123 125
38 122 125
39 120 125
40 119 125
42 118 125
43 117 125
45 116 125
46 115 125
49 114 125
50 113 125
51 112 125
52 111 125
53 110 125
54 109 125
55 108 125
56 107 125
57 106 125
58 105 125
59 104 125
60 103 125
61 102 125
62 101 125
63 100 125
66 99 125
68 98 125
69 97 125
70 96 125
71 95 125
72 94 125
73 92 125
78 91 125
79 90 125
80 78 125
81 89 125
82 76 125
83 75 125
84 87 125
86 74 125
87 71 125
88 86 125
89 70 125
90 69 125
91 63 125
92 61 125
93 83 125
94 60 125
95 59 125
96 58 125
97 54 125
98 53 125
102 50 125
103 49 125
104 48 125
105 44 125
106 43 125
107 42 125
109 40 125
110 38 125
111 35 125
112 34 125
114 33 125
116 32 125
117 29 125
118 28 125
119 27 125
121 82 125
122 25 125
123 24 125
124 23 125
126 21 125
127 18 125
128 17 125
129 16 125
132 15 125
134 80 125
135 14 125
136 13 125
137 12 125
139 11 125
140 10 125
141 9 125
143 7 125
144 6 125
145 5 125
146 4 125
148 2 125
149 1 125
0 150 126
1 149 126
2 148 126
3 147 126
4 146 126
6 145 126
7 144 126
8 143 126
12 142 126
13 141 126
16 140 126
18 139 126
23 138 126
24 137 126
25 136 126
29 135 126
30 132 126
31 131 126
32 130 126
33 129 126
35 128 126
36 127 126
37 126 126
38 125 126
39 124 126
40 123 126
42 122 126
43 120 126
44 119 126
45 118 126
46 117 126
47 116 126
48 115 126
49 114 126
50 113 126
52 112 126
53 111 126
54 110 126
55 109 126
56 108 126
57 107 126
58 106 126
60 105 126
62 104 126
65 103 126
66 102 126
67 101 126
68 100 126
69 99 126
71 98 126
72 97 126
74 96 126
75 95 126
76 94 126
77 92 126
78 91 126
82 80 126
84 90 126
85 89 126
86 78 126
87 76 126
88 87 126
89 75 126
90 74 126
91 71 126
93 86 126
95 70 126
96 69 126
97 63 126
98 61 126
99 60 126
100 59 126
101 58 126
102 54 126
103 53 126
104 50 126
106 49 126
108 48 126
109 44 126
110 43 126
111 42 126
112 40 126
113 38 126
114 35 126
115 34 126
117 33 126
118 32 126
119 29 126
122 28 126
123 27 126
124 25 126
126 24 126
127 23 126
128 21 126
130 18 126
131 17 126
132 16 126
133 83 126
134 82 126
135 15 126
136 14 126
138 13 126
139 12 126
140 11 126
141 10 126
142 9 126
143 7 126
145 6 126
147 5 126
148 4 126
149 2 126
150 1 126
0 150 127
1 149 127
2 148 127
3 147 127
5 146 127
7 145 127
8 144 127
9 143 127
10 142 127
13 141 127
14 140 127
15 139 127
16 138 127
17 137 127
19 136 127
22 135 127
24 132 127
25 131 127
27 130 127
28 129 127
29 128 127
30 127 127
32 126 127
33 125 127
34 124 127
35 123 127
36 122 127
38 120 127
39 119 127
40 118 127
41 117 127
42 116 127
45 115 127
47 114 127
48 113 127
50 112 127
53 111 127
54 110 127
55 109 127
57 108 127
58 107 127
59 106 127
60 105 127
61 104 127
62 103 127
63 102 127
64 101 127
65 100 127
66 99 127
67 98 127
68 97 127
69 96 127
71 95 127
72 94 127
73 92 127
74 91 127
75 90 127
76 89 127
81 87 127
82 76 127
83 75 127
88 86 127
89 74 127
90 71 127
91 70 127
92 69 127
93 83 127
94 63 127
95 61 127
96 60 127
98 59 127
100 58 127
101 54 127
102 53 127
103 50 127
104 49 127
105 48 127
106 44 127
107 43 127
108 42 127
110 40 127
111 38 127
112 35 127
114 34 127
116 33 127
118 32 127
119 29 127
120 28 127
121 82 127
123 27 127
124 25 127
125 24 127
126 23 127
127 21 127
128 18 127
129 17 127
130 16 127
131 15 127
133 80 127
134 78 127
135 14 127
136 13 127
137 12 127
139 11 127
140 10 127
142 9 127
143 7 127
145 6 127
146 5 127
148 4 127
149 2 127
150 1 127
0 150 128
2 149 128
3 148 128
4 147 128
5 146 128
6 145 128
7 144 128
8 143 128
9 142 128
10 141 128
11 140 128
12 139 128
14 138 128
15 137 128
16 136 128
18 135 128
19 132 128
20 131 128
21 130 128
22 129 128
23 128 128
24 127 128
29 126 128
30 125 128
33 124 128
34 123 128
35 122 128
36 120 128
37 119 128
38 118 128
39 117 128
40 116 128
41 115 128
42 114 128
44 113 128
45 112 128
46 111 128
47 110 128
48 109 128
50 108 128
52 107 128
53 106 128
54 105 128
55 104 128
56 103 128
57 102 128
58 101 128
59 100 128
61 99 128
62 98 128
63 97 128
64 96 128
65 95 128
67 94 128
69 92 128
70 91 128
72 90 128
73 89 128
75 87 128
77 86 128
78 75 128
79 83 128
80 74 128
81 82 128
82 71 128
85 80 128
86 70 128
87 69 128
89 63 128
90 61 128
91 60 128
92 59 128
93 78 128
95 58 128
96 54 128
97 53 128
98 50 128
100 49 128
102 48 128
104 44 128
105 43 128
107 42 128
108 40 128
110 38 128
113 35 128
114 34 128
116 33 128
118 32 128
120 29 128
121 76 128
122 28 128
123 27 128
124 25 128
125 24 128
126 23 128
127 21 128
128 18 128
129 17 128
130 16 128
131 15 128
132 14 128
135 13 128
136 12 128
137 11 128
139 10 128
140 9 128
143 7 128
144 6 128
145 5 128
146 4 128
147 2 128
150 1 128
0 150 129
1 149 129
3 148 129
4 147 129
5 146 129
6 145 129
7 144 129
8 143 129
10 142 129
11 141 129
12 140 129
14 139 129
15 138 129
16 137 129
17 136 129
20 135 129
22 132 129
23 131 129
27 130 129
28 129 129
29 128 129
30 127 129
31 126 129
32 125 129
33 124 129
34 123 129
36 122 129
38 120 129
39 119 129
40 118 129
42 117 129
44 116 129
46 115 129
47 114 129
48 113 129
50 112 129
51 111 129
52 110 129
54 109 129
55 108 129
57 107 129
59 106 129
61 105 129
62 104 129
65 103 129
66 102 129
67 101 129
68 100 129
69 99 129
70 98 129
71 97 129
72 96 129
73 95 129
74 94 129
76 92 129
77 91 129
81 90 129
82 78 129
83 76 129
85 89 129
86 75 129
87 74 129
88 87 129
89 71 129
90 70 129
91 69 129
92 63 129
93 86 129
94 61 129
95 60 129
96 59 129
97 58 129
99 54 129
100 53 129
102 50 129
103 49 129
105 48 129
106 44 129
107 43 129
110 42 129
112 40 129
113 38 129
114 35 129
115 34 129
116 33 129
117 32 129
118 29 129
119 28 129
120 27 129
121 83 129
122 25 129
123 24 129
124 23 129
125 21 129
126 18 129
128 17 129
129 16 129
131 15 129
133 82 129
134 80 129
135 14 129
136 13 129
137 12 129
138 11 129
140 10 129
141 9 129
143 7 129
144 6 129
146 5 129
147 4 129
149 2 129
150 1 129
0 150 130
1 149 130
2 148 130
4 147 130
5 146 130
6 145 130
7 144 130
8 143 130
10 142 130
17 141 130
19 140 130
20 139 130
21 138 130
22 137 130
23 136 130
24 135 130
25 132 130
26 131 130
27 130 130
28 129 130
29 128 130
30 127 130
31 126 130
32 125 130
33 124 130
34 123 130
36 122 130
39 120 130
40 119 130
41 118 130
42 117 130
43 116 130
44 115 130
45 114 130
46 113 130
47 112 130
48 111 130
49 110 130
50 109 130
51 108 130
52 107 130
53 106 130
54 105 130
55 104 130
58 103 130
60 102 130
61 101 130
62 100 130
63 99 130
65 98 130
67 97 130
69 96 130
70 95 130
71 94 130
74 92 130
75 76 130
77 91 130
79 90 130
81 89 130
82 74 130
83 71 130
84 87 130
85 86 130
88 83 130
89 70 130
90 69 130
91 63 130
92 61 130
93 82 130
95 60 130
96 59 130
97 58 130
98 54 130
99 53 130
100 50 130
101 49 130
102 48 130
104 44 130
108 43 130
109 42 130
110 40 130
112 38 130
113 35 130
114 34 130
115 33 130
116 32 130
118 29 130
119 28 130
120 27 130
121 80 130
122 25 130
123 24 130
124 23 130
126 21 130
127 18 130
128 17 130
129 16 130
131 15 130
133 78 130
134 75 130
137 14 130
138 13 130
139 12 130
140 11 130
141 10 130
142 9 130
144 7 130
145 6 130
146 5 130
147 4 130
149 2 130
150 1 130
1 150 131
2 149 131
3 148 131
4 147 131
7 146 131
8 145 131
9 144 131
10 143 131
11 142 131
13 141 131
14 140 131
15 139 131
17 138 131
18 137 131
19 136 131
21 135 131
22 132 131
23 131 131
24 130 131
25 129 131
26 128 131
27 127 131
28 126 131
30 125 131
32 124 131
33 123 131
34 122 131
36 120 131
37 119 131
40 118 131
41 117 131
42 116 131
43 115 131
44 114 131
45 113 131
48 112 131
50 111 131
52 110 131
54 109 131
56 108 131
57 107 131
58 106 131
59 105 131
63 104 131
64 103 131
65 102 131
66 101 131
67 100 131
68 99 131
69 98 131
70 97 131
71 96 131
72 95 131
73 94 131
74 92 131
75 91 131
76 75 131
77 90 131
79 89 131
80 74 131
81 87 131
82 71 131
84 86 131
85 83 131
86 70 131
89 69 131
92 63 131
93 82 131
94 61 131
95 60 131
96 59 131
97 58 131
98 54 131
99 53 131
100 50 131
101 49 131
103 48 131
104 44 131
105 43 131
107 42 131
108 40 131
110 38 131
111 35 131
113 34 131
114 33 131
116 32 131
117 29 131
118 28 131
119 27 131
121 80 131
122 25 131
123 24 131
124 23 131
125 21 131
126 18 131
127 17 131
128 16 131
129 15 131
130 14 131
131 13 131
132 12 131
133 78 131
134 76 131
136 11 131
137 10 131
138 9 131
139 7 131
143 6 131
144 5 131
145 4 131
149 2 131
150 1 131
0 150 132
1 149 132
3 148 132
4 147 132
5 146 132
6 145 132
7 144 132
8 143 132
11 142 132
12 141 132
13 140 132
14 139 132
15 138 132
16 137 132
17 136 132
18 135 132
19 132 132
20 131 132
23 130 132
26 129 132
27 128 132
30 127 132
31 126 132
33 125 132
34 124 132
35 123 132
37 122 132
38 120 132
39 119 132
41 118 132
42 117 132
43 116 132
45 115 132
46 114 132
47 113 132
49 112 132
50 111 132
51 110 132
53 109 132
54 108 132
55 107 132
56 106 132
60 105 132
61 104 132
62 103 132
63 102 132
64 101 132
65 100 132
66 99 132
67 98 132
68 97 132
69 96 132
71 95 132
74 94 132
75 92 132
76 91 132
78 90 132
81 89 132
82 80 132
83 78 132
84 87 132
85 86 132
87 76 132
89 75 132
90 74 132
91 71 132
92 70 132
94 69 132
95 63 132
96 61 132
97 60 132
98 59 132
100 58 132
101 54 132
103 53 132
104 50 132
107 49 132
109 48 132
110 44 132
111 43 132
112 42 132
113 40 132
114 38 132
115 35 132
116 34 132
117 33 132
118 32 132
119 29 132
121 83 132
123 28 132
124 27 132
126 25 132
127 24 132
129 23 132
130 21 132
131 18 132
132 17 132
134 82 132
135 16 132
136 15 132
137 14 132
138 13 132
139 12 132
140 11 132
141 10 132
142 9 132
143 7 132
144 6 132
145 5 132
146 4 132
147 2 132
150 1 132
0 150 133
2 149 133
3 148 133
4 147 133
6 146 133
7 145 133
9 144 133
10 143 133
12 142 133
13 141 133
14 140 133
15 139 133
16 138 133
17 137 133
18 136 133
21 135 133
23 132 133
25 131 133
26 130 133
27 129 133
28 128 133
29 127 133
30 126 133
31 125 133
32 124 133
33 123 133
34 122 133
35 120 133
38 119 133
39 118 133
40 117 133
41 116 133
42 115 133
44 114 133
45 113 133
46 112 133
48 111 133
49 110 133
52 109 133
54 108 133
55 107 133
56 106 133
57 105 133
58 104 133
59 103 133
60 102 133
62 101 133
63 100 133
64 99 133
65 98 133
66 97 133
68 96 133
69 95 133
70 94 133
71 92 133
72 91 133
73 90 133
74 89 133
75 76 133
76 74 133
77 87 133
78 71 133
79 86 133
80 70 133
82 69 133
83 63 133
84 83 133
85 82 133
86 61 133
88 80 133
89 60 133
90 59 133
91 58 133
93 78 133
95 54 133
97 53 133
98 50 133
100 49 133
101 48 133
103 44 133
104 43 133
105 42 133
106 40 133
107 38 133
108 35 133
110 34 133
113 33 133
114 32 133
116 29 133
119 28 133
120 27 133
121 75 133
123 25 133
124 24 133
126 23 133
127 21 133
128 18 133
129 17 133
130 16 133
135 15 133
136 14 133
138 13 133
139 12 133
141 11 133
142 10 133
143 9 133
144 7 133
145 6 133
146 5 133
147 4 133
148 2 133
150 1 133
0 150 134
1 149 134
2 148 134
4 147 134
6 146 134
7 145 134
8 144 134
11 143 134
12 142 134
13 141 134
14 140 134
15 139 134
16 138 134
17 137 134
18 136 134
20 135 134
21 132 134
22 131 134
23 130 134
24 129 134
25 128 134
27 127 134
29 126 134
30 125 134
31 124 134
32 123 134
33 122 134
34 120 134
35 119 134
37 118 134
39 117 134
40 116 134
41 115 134
42 114 134
43 113 134
46 112 134
47 111 134
48 110 134
49 109 134
52 108 134
54 107 134
56 106 134
57 105 134
58 104 134
60 103 134
61 102 134
62 101 134
63 100 134
64 99 134
65 98 134
66 97 134
67 96 134
68 95 134
70 94 134
71 92 134
73 91 134
75 76 134
76 74 134
77 90 134
78 71 134
79 89 134
80 70 134
81 87 134
82 69 134
83 63 134
84 86 134
85 83 134
86 61 134
87 60 134
88 82 134
89 59 134
90 58 134
91 54 134
92 53 134
94 50 134
95 49 134
96 48 134
98 44 134
100 43 134
102 42 134
103 40 134
104 38 134
105 35 134
106 34 134
109 33 134
112 32 134
113 29 134
114 28 134
115 27 134
116 25 134
117 24 134
119 23 134
121 80 134
124 21 134
125 18 134
126 17 134
129 16 134
130 15 134
132 14 134
133 78 134
134 75 134
135 13 134
136 12 134
138 11 134
140 10 134
143 9 134
144 7 134
145 6 134
146 5 134
147 4 134
148 2 134
149 1 134
0 115 136
1 114 136
3 113 136
9 111 136
12 110 136
15 109 136
18 108 136
20 106 136
28 103 136
31 101 136
33 99 136
39 98 136
47 97 136
55 96 136
57 95 136
76 92 136
86 80 136
89 76 136
114 75 136
117 90 136
123 89 136
130 88 136
133 87 136
136 86 136
145 85 136
146 82 136
7 115 141
18 114 141
19 113 141
20 111 141
21 110 141
22 109 141
27 108 141
29 106 141
32 103 141
33 101 141
38 99 141
39 98 141
41 97 141
42 96 141
44 95 141
53 92 141
56 90 141
81 89 141
82 80 141
100 88 141
109 76 141
110 75 141
124 87 141
133 86 141
135 85 141
139 82 141
0 150 142
1 149 142
2 148 142
3 147 142
4 146 142
5 145 142
6 144 142
7 143 142
9 142 142
10 141 142
11 140 142
14 139 142
18 138 142
20 137 142
21 136 142
22 135 142
23 132 142
24 131 142
25 130 142
26 129 142
27 128 142
28 127 142
29 126 142
30 125 142
32 124 142
33 123 142
34 122 142
35 120 142
36 119 142
38 118 142
39 117 142
40 116 142
41 115 142
42 114 142
43 113 142
44 112 142
45 111 142
46 110 142
48 109 142
49 108 142
50 107 142
51 106 142
52 105 142
54 104 142
58 103 142
59 102 142
60 101 142
62 100 142
65 99 142
66 98 142
67 97 142
69 96 142
70 95 142
71 94 142
72 92 142
73 91 142
74 90 142
75 89 142
76 75 142
77 87 142
78 74 142
79 86 142
80 71 142
83 70 142
86 69 142
87 63 142
88 83 142
89 61 142
91 60 142
93 82 142
94 59 142
95 58 142
96 54 142
98 53 142
99 50 142
100 49 142
101 48 142
102 44 142
105 43 142
108 42 142
111 40 142
112 38 142
113 35 142
114 34 142
116 33 142
117 32 142
118 29 142
120 28 142
121 80 142
123 27 142
125 25 142
126 24 142
129 23 142
130 21 142
131 18 142
132 17 142
133 78 142
134 76 142
135 16 142
136 15 142
137 14 142
138 13 142
139 12 142
140 11 142
141 10 142
142 9 142
143 7 142
144 6 142
145 5 142
146 4 142
148 2 142
149 1 142
