2 121 0
2 122 0
2 129 0
2 150 0
2 123 0
2 124 0
2 125 0
2 126 0
2 128 0
2 130 0
2 146 0
2 147 0
3 104 0
3 105 0
3 106 0
3 107 0
3 108 0
4 32 0
4 34 0
4 35 0
4 38 0
4 40 0
4 41 0
6 143 0
6 144 0
6 145 0
6 146 0
6 147 0
6 148 0
6 149 0
7 102 0
7 103 0
7 104 0
8 80 0
8 81 0
8 85 0
8 86 0
10 121 0
10 122 0
10 129 0
10 150 0
10 123 0
10 124 0
10 60 0
10 110 0
10 113 0
10 115 0
10 116 0
10 117 0
12 75 0
12 76 0
12 77 0
12 79 0
13 99 0
13 100 0
13 101 0
14 147 0
14 148 0
17 145 0
17 146 0
18 143 0
18 144 0
19 141 0
19 142 0
21 102 0
21 105 0
21 108 0
21 109 0
21 110 0
21 111 0
21 113 0
21 114 0
21 115 0
22 70 0
22 71 0
22 72 0
22 73 0
23 139 0
23 140 0
24 149 0
24 150 0
24 1 0
24 6 0
24 12 0
24 15 0
25 64 0
25 65 0
25 66 0
25 68 0
29 96 0
29 101 0
29 108 0
29 109 0
29 110 0
29 113 0
29 115 0
29 116 0
29 117 0
29 121 0
29 122 0
30 143 0
30 144 0
30 145 0
30 146 0
30 147 0
30 148 0
31 54 0
31 55 0
31 60 0
31 63 0
32 137 0
32 138 0
33 50 0
33 51 0
33 52 0
33 53 0
35 38 0
35 40 0
35 41 0
35 46 0
35 47 0
35 52 0
35 54 0
35 55 0
36 20 0
36 24 0
36 27 0
36 28 0
36 30 0
36 31 0
37 81 0
37 85 0
37 86 0
37 87 0
37 89 0
37 91 0
37 92 0
37 93 0
38 127 0
38 128 0
38 129 0
38 130 0
38 131 0
38 132 0
38 136 0
38 138 0
39 27 0
39 28 0
39 30 0
39 31 0
41 12 0
41 15 0
41 20 0
41 24 0
44 46 0
44 47 0
44 48 0
44 49 0
46 135 0
46 136 0
47 133 0
47 134 0
49 96 0
49 97 0
49 98 0
50 123 0
50 124 0
50 125 0
50 126 0
50 127 0
50 128 0
50 129 0
50 130 0
50 131 0
50 141 0
51 131 0
51 132 0
52 137 0
52 138 0
52 139 0
52 140 0
52 141 0
52 142 0
54 118 0
54 119 0
54 121 0
54 122 0
54 123 0
54 124 0
54 125 0
54 126 0
55 149 0
55 150 0
55 1 0
55 6 0
56 142 0
56 146 0
56 147 0
56 150 0
56 6 0
56 32 0
56 38 0
56 40 0
56 47 0
56 52 0
58 99 0
58 100 0
58 101 0
58 102 0
58 103 0
59 39 0
59 40 0
59 41 0
59 42 0
60 145 0
60 146 0
60 147 0
60 148 0
62 150 0
63 129 0
63 130 0
65 94 0
65 95 0
65 96 0
65 97 0
65 98 0
66 89 0
66 90 0
66 91 0
66 92 0
66 93 0
67 121 0
67 122 0
67 129 0
67 150 0
67 6 0
67 32 0
67 40 0
67 47 0
67 60 0
67 73 0
67 80 0
68 131 0
68 132 0
68 133 0
68 134 0
68 135 0
68 136 0
70 127 0
70 128 0
71 125 0
71 126 0
71 127 0
71 128 0
71 129 0
71 130 0
72 139 0
72 140 0
72 141 0
72 142 0
72 144 0
72 145 0
72 146 0
72 147 0
73 141 0
73 142 0
73 143 0
73 144 0
74 60 0
74 64 0
74 65 0
74 70 0
74 73 0
74 76 0
74 79 0
74 80 0
76 121 0
76 122 0
76 129 0
76 150 0
76 123 0
76 124 0
76 60 0
76 117 0
76 47 0
76 73 0
76 80 0
76 101 0
77 125 0
77 126 0
78 150 0
78 1 0
78 6 0
78 27 0
78 30 0
78 31 0
78 32 0
80 136 0
80 137 0
80 138 0
80 139 0
80 140 0
80 141 0
80 142 0
81 137 0
81 138 0
81 139 0
81 140 0
83 32 0
83 34 0
83 35 0
83 38 0
85 93 0
85 94 0
85 95 0
86 127 0
86 128 0
86 129 0
86 130 0
86 131 0
86 132 0
86 134 0
87 123 0
87 124 0
88 149 0
89 119 0
89 120 0
89 121 0
89 122 0
89 123 0
89 124 0
90 60 0
90 70 0
90 73 0
90 76 0
90 80 0
90 85 0
90 96 0
90 97 0
90 101 0
91 118 0
91 121 0
91 122 0
91 123 0
91 124 0
91 125 0
91 126 0
92 109 0
92 110 0
92 111 0
92 113 0
92 114 0
92 115 0
92 116 0
92 117 0
95 112 0
95 114 0
95 115 0
95 116 0
95 117 0
95 118 0
96 133 0
96 134 0
96 135 0
96 136 0
97 121 0
97 122 0
98 85 0
98 94 0
98 96 0
98 97 0
98 101 0
98 102 0
98 105 0
98 108 0
99 119 0
99 120 0
100 129 0
100 130 0
100 131 0
100 132 0
102 117 0
102 118 0
103 90 0
103 91 0
103 92 0
104 149 0
104 150 0
104 1 0
104 6 0
104 27 0
104 30 0
104 31 0
104 32 0
105 125 0
105 126 0
105 127 0
105 128 0
107 81 0
107 85 0
107 86 0
107 87 0
107 88 0
108 73 0
108 75 0
108 76 0
108 79 0
108 80 0
109 115 0
109 116 0
111 60 0
111 64 0
111 65 0
111 70 0
111 73 0
111 76 0
111 80 0
111 81 0
112 105 0
112 108 0
112 109 0
112 110 0
112 111 0
112 113 0
115 1 0
115 6 0
115 30 0
115 32 0
115 38 0
115 40 0
115 47 0
115 52 0
116 113 0
116 114 0
117 96 0
117 97 0
117 98 0
117 99 0
117 101 0
117 102 0
118 113 0
118 114 0
118 115 0
118 116 0
118 117 0
118 119 0
118 120 0
119 121 0
119 122 0
119 123 0
119 124 0
120 89 0
120 91 0
120 92 0
120 93 0
120 94 0
120 95 0
122 111 0
122 112 0
124 138 0
124 139 0
124 141 0
124 142 0
124 146 0
124 147 0
124 149 0
124 150 0
125 66 0
125 68 0
125 70 0
125 71 0
125 72 0
126 121 0
126 122 0
126 129 0
126 150 0
126 123 0
126 124 0
126 60 0
126 117 0
126 146 0
126 147 0
126 6 0
126 40 0
128 87 0
128 88 0
128 89 0
129 79 0
129 80 0
129 81 0
129 85 0
129 86 0
129 87 0
130 117 0
130 118 0
130 119 0
130 120 0
131 65 0
131 68 0
131 70 0
131 72 0
131 73 0
131 76 0
135 55 0
135 60 0
135 63 0
135 64 0
135 65 0
137 50 0
137 51 0
137 52 0
137 53 0
137 54 0
138 102 0
138 105 0
138 108 0
138 109 0
138 110 0
138 111 0
138 112 0
139 125 0
139 126 0
139 127 0
139 128 0
139 129 0
139 130 0
139 131 0
139 132 0
140 94 0
140 95 0
140 96 0
140 97 0
140 98 0
140 99 0
140 101 0
141 51 0
141 52 0
141 54 0
141 55 0
141 60 0
141 64 0
142 109 0
142 110 0
143 113 0
143 114 0
143 115 0
143 116 0
144 107 0
144 108 0
145 38 0
145 40 0
145 41 0
145 46 0
145 47 0
145 48 0
146 42 0
146 46 0
146 47 0
146 48 0
146 49 0
147 109 0
147 110 0
147 111 0
147 112 0
148 105 0
148 106 0
149 116 0
149 117 0
149 118 0
149 119 0
149 121 0
149 122 0
149 123 0
149 124 0
0 147 1
0 148 1
1 150 1
2 81 1
2 85 1
2 86 1
2 87 1
2 89 1
2 91 1
2 92 1
2 93 1
4 145 1
4 146 1
5 80 1
5 81 1
5 85 1
5 86 1
6 139 1
6 140 1
6 141 1
6 142 1
6 144 1
6 145 1
6 146 1
6 147 1
7 104 1
7 105 1
7 106 1
7 107 1
7 108 1
9 32 1
9 34 1
9 35 1
9 38 1
9 40 1
9 41 1
10 99 1
10 100 1
10 101 1
10 102 1
10 103 1
15 75 1
15 76 1
15 77 1
15 79 1
16 70 1
16 71 1
16 72 1
16 73 1
19 143 1
19 144 1
20 64 1
20 65 1
20 66 1
20 68 1
22 121 1
22 122 1
22 129 1
22 150 1
22 123 1
22 124 1
22 125 1
22 126 1
22 128 1
22 130 1
22 146 1
22 147 1
23 150 1
23 1 1
23 6 1
23 27 1
23 30 1
23 31 1
23 32 1
24 142 1
24 146 1
24 147 1
24 150 1
24 6 1
24 32 1
24 38 1
24 40 1
24 47 1
24 52 1
25 54 1
25 55 1
25 60 1
25 63 1
26 143 1
26 144 1
26 145 1
26 146 1
26 147 1
26 148 1
26 149 1
27 50 1
27 51 1
27 52 1
27 53 1
28 141 1
28 142 1
29 46 1
29 47 1
29 48 1
29 49 1
31 81 1
31 85 1
31 86 1
31 87 1
31 88 1
34 137 1
34 138 1
34 139 1
34 140 1
34 141 1
34 142 1
35 139 1
35 140 1
36 94 1
36 95 1
36 96 1
36 97 1
36 98 1
39 143 1
39 144 1
39 145 1
39 146 1
39 147 1
39 148 1
40 127 1
40 128 1
40 129 1
40 130 1
40 131 1
40 132 1
40 136 1
40 138 1
42 27 1
42 28 1
42 30 1
42 31 1
43 137 1
43 138 1
45 20 1
45 24 1
45 27 1
45 28 1
45 30 1
45 31 1
46 131 1
46 132 1
46 133 1
46 134 1
46 135 1
46 136 1
47 12 1
47 15 1
47 20 1
47 24 1
48 149 1
48 150 1
48 1 1
48 6 1
50 135 1
50 136 1
51 125 1
51 126 1
51 127 1
51 128 1
51 129 1
51 130 1
52 133 1
52 134 1
53 136 1
53 137 1
53 138 1
53 139 1
53 140 1
53 141 1
53 142 1
55 119 1
55 120 1
55 121 1
55 122 1
55 123 1
55 124 1
56 39 1
56 40 1
56 41 1
56 42 1
59 89 1
59 90 1
59 91 1
59 92 1
59 93 1
60 131 1
60 132 1
61 129 1
61 130 1
62 127 1
62 128 1
63 145 1
63 146 1
63 147 1
63 148 1
64 60 1
64 70 1
64 73 1
64 76 1
64 80 1
64 85 1
64 96 1
64 97 1
64 101 1
65 102 1
65 103 1
65 104 1
66 127 1
66 128 1
66 129 1
66 130 1
66 131 1
66 132 1
66 134 1
68 125 1
68 126 1
69 32 1
69 34 1
69 35 1
69 38 1
70 121 1
70 122 1
70 129 1
70 150 1
70 123 1
70 124 1
70 60 1
70 73 1
70 113 1
70 115 1
70 116 1
70 117 1
71 73 1
71 75 1
71 76 1
71 79 1
71 80 1
72 113 1
72 114 1
72 115 1
72 116 1
72 117 1
72 118 1
73 121 1
73 122 1
73 129 1
73 150 1
73 123 1
73 124 1
73 60 1
73 117 1
73 47 1
73 80 1
73 101 1
73 110 1
74 149 1
74 150 1
74 1 1
74 6 1
74 12 1
74 15 1
75 99 1
75 100 1
75 101 1
76 60 1
76 64 1
76 65 1
76 70 1
76 73 1
76 80 1
76 81 1
76 85 1
78 60 1
78 64 1
78 65 1
78 70 1
78 73 1
78 76 1
78 79 1
78 80 1
79 118 1
79 119 1
79 121 1
79 122 1
79 123 1
79 124 1
79 125 1
79 126 1
80 141 1
80 142 1
80 143 1
80 144 1
81 123 1
81 124 1
81 125 1
81 126 1
81 127 1
81 128 1
81 129 1
81 130 1
81 131 1
81 141 1
82 123 1
82 124 1
83 121 1
83 122 1
84 38 1
84 40 1
84 41 1
84 46 1
84 47 1
84 52 1
84 54 1
84 55 1
86 102 1
86 105 1
86 108 1
86 109 1
86 110 1
86 111 1
86 112 1
87 109 1
87 110 1
87 111 1
87 113 1
87 114 1
87 115 1
87 116 1
87 117 1
88 137 1
88 138 1
88 139 1
88 140 1
89 133 1
89 134 1
89 135 1
89 136 1
91 96 1
91 101 1
91 108 1
91 109 1
91 110 1
91 113 1
91 115 1
91 116 1
91 117 1
91 121 1
91 122 1
93 119 1
93 120 1
94 97 1
94 108 1
94 109 1
94 110 1
94 111 1
94 112 1
95 117 1
95 118 1
96 1 1
96 6 1
96 30 1
96 32 1
96 38 1
96 40 1
96 47 1
96 52 1
97 96 1
97 98 1
97 99 1
97 101 1
97 102 1
97 105 1
98 76 1
98 94 1
98 96 1
98 97 1
98 101 1
98 102 1
98 105 1
98 108 1
100 149 1
100 150 1
100 1 1
100 6 1
100 27 1
100 30 1
100 31 1
100 32 1
101 121 1
101 122 1
101 129 1
101 150 1
101 123 1
101 124 1
101 60 1
101 117 1
101 146 1
101 147 1
101 6 1
101 40 1
102 94 1
102 95 1
102 96 1
102 97 1
102 98 1
102 99 1
102 101 1
103 120 1
103 121 1
103 122 1
103 123 1
103 124 1
103 125 1
103 126 1
105 115 1
105 116 1
106 113 1
106 114 1
107 113 1
107 114 1
107 115 1
107 116 1
107 117 1
107 118 1
107 119 1
108 129 1
108 130 1
108 131 1
108 132 1
109 89 1
109 91 1
109 92 1
109 93 1
109 94 1
109 95 1
110 111 1
110 112 1
112 96 1
112 97 1
112 98 1
113 125 1
113 126 1
113 127 1
113 128 1
114 93 1
114 94 1
114 95 1
115 138 1
115 139 1
115 141 1
115 142 1
115 146 1
115 147 1
115 149 1
115 150 1
117 121 1
117 122 1
117 123 1
117 124 1
119 125 1
119 126 1
119 127 1
119 128 1
119 129 1
119 130 1
119 131 1
119 132 1
120 66 1
120 68 1
120 70 1
120 71 1
120 72 1
121 117 1
121 118 1
121 119 1
121 120 1
124 55 1
124 60 1
124 63 1
124 64 1
124 65 1
125 90 1
125 91 1
125 92 1
126 50 1
126 51 1
126 52 1
126 53 1
126 54 1
127 79 1
127 80 1
127 81 1
127 85 1
127 86 1
127 87 1
128 149 1
131 65 1
131 68 1
131 70 1
131 72 1
131 73 1
131 76 1
133 42 1
133 46 1
133 47 1
133 48 1
133 49 1
134 51 1
134 52 1
134 54 1
134 55 1
134 60 1
134 64 1
139 87 1
139 88 1
139 89 1
141 116 1
141 117 1
141 118 1
141 119 1
141 121 1
141 122 1
141 123 1
141 124 1
143 109 1
143 110 1
144 107 1
144 108 1
145 113 1
145 114 1
145 115 1
145 116 1
146 121 1
146 122 1
146 129 1
146 150 1
146 6 1
146 32 1
146 40 1
146 47 1
146 60 1
146 73 1
146 80 1
147 109 1
147 110 1
147 111 1
147 112 1
148 102 1
148 105 1
148 108 1
148 109 1
148 110 1
148 111 1
148 113 1
148 114 1
148 115 1
149 105 1
149 106 1
150 38 1
150 40 1
150 41 1
150 46 1
150 47 1
150 48 1
0 91 2
0 96 2
0 98 2
0 99 2
0 100 2
0 103 2
2 40 2
2 42 2
2 43 2
2 44 2
2 47 2
2 49 2
2 52 2
3 150 2
4 71 2
4 72 2
4 73 2
5 68 2
5 69 2
5 70 2
6 147 2
6 148 2
7 148 2
7 149 2
7 150 2
7 0 2
8 145 2
8 146 2
9 144 2
9 145 2
9 146 2
9 147 2
10 138 2
10 140 2
10 142 2
10 143 2
11 134 2
11 135 2
11 136 2
11 137 2
12 143 2
12 144 2
13 140 2
13 142 2
14 96 2
14 113 2
14 12 2
14 135 2
14 13 2
14 20 2
14 27 2
14 42 2
14 83 2
14 128 2
14 49 2
14 89 2
14 21 2
14 118 2
15 96 2
15 113 2
15 12 2
15 135 2
15 13 2
15 20 2
15 27 2
15 42 2
15 83 2
15 128 2
15 21 2
15 32 2
16 137 2
16 138 2
17 96 2
17 113 2
17 118 2
17 9 2
17 11 2
17 12 2
17 13 2
17 14 2
17 15 2
17 16 2
18 129 2
18 130 2
18 131 2
18 132 2
19 125 2
19 126 2
19 127 2
19 128 2
20 135 2
20 136 2
21 133 2
21 134 2
22 49 2
22 66 2
22 67 2
22 70 2
22 76 2
22 83 2
22 89 2
22 90 2
22 96 2
22 98 2
23 120 2
23 121 2
23 123 2
23 124 2
24 82 2
24 83 2
24 84 2
24 86 2
24 89 2
24 90 2
25 131 2
25 132 2
26 129 2
26 130 2
27 127 2
27 128 2
28 115 2
28 116 2
28 117 2
28 118 2
29 27 2
29 28 2
29 30 2
29 31 2
30 21 2
30 27 2
30 32 2
30 39 2
30 42 2
30 44 2
30 47 2
30 49 2
31 30 2
31 52 2
31 55 2
31 66 2
31 67 2
31 70 2
31 76 2
31 83 2
32 31 2
32 34 2
32 36 2
32 37 2
32 39 2
32 40 2
33 121 2
33 123 2
33 124 2
33 125 2
33 126 2
33 127 2
34 22 2
34 23 2
34 24 2
34 27 2
34 28 2
34 30 2
36 65 2
36 66 2
36 67 2
37 125 2
37 126 2
38 149 2
39 123 2
39 124 2
40 110 2
40 111 2
40 113 2
40 114 2
41 120 2
41 121 2
42 106 2
42 107 2
42 108 2
42 109 2
43 62 2
43 63 2
43 64 2
44 102 2
44 103 2
44 104 2
44 105 2
45 113 2
45 114 2
45 115 2
45 116 2
45 117 2
45 118 2
46 23 2
46 24 2
46 25 2
46 26 2
47 57 2
47 60 2
47 61 2
48 30 2
48 31 2
48 32 2
48 34 2
48 36 2
48 37 2
48 39 2
51 108 2
51 110 2
51 113 2
51 118 2
51 123 2
51 125 2
51 127 2
51 128 2
51 132 2
51 134 2
52 96 2
52 113 2
52 17 2
52 20 2
52 21 2
52 27 2
52 30 2
52 32 2
52 42 2
52 47 2
54 86 2
54 89 2
54 90 2
54 91 2
54 96 2
54 98 2
54 100 2
55 117 2
55 118 2
56 105 2
56 108 2
56 109 2
56 110 2
56 113 2
56 114 2
56 115 2
57 146 2
57 147 2
57 149 2
57 150 2
57 0 2
58 115 2
58 116 2
59 113 2
59 114 2
60 98 2
60 99 2
60 100 2
60 101 2
62 110 2
62 111 2
63 54 2
63 55 2
63 56 2
64 89 2
64 90 2
64 96 2
64 98 2
64 108 2
64 110 2
64 113 2
64 118 2
66 50 2
66 51 2
66 52 2
67 108 2
67 109 2
68 94 2
68 95 2
68 96 2
68 97 2
69 106 2
69 107 2
70 47 2
70 48 2
70 49 2
71 90 2
71 91 2
71 92 2
71 93 2
72 16 2
72 17 2
72 18 2
72 19 2
72 20 2
72 21 2
73 72 2
73 74 2
73 75 2
73 76 2
73 82 2
73 83 2
73 84 2
74 19 2
74 20 2
74 21 2
74 22 2
74 23 2
74 27 2
74 28 2
75 104 2
75 105 2
76 137 2
76 142 2
76 143 2
76 144 2
76 145 2
78 2 2
78 3 2
78 4 2
78 6 2
78 7 2
79 86 2
79 87 2
79 88 2
79 89 2
80 82 2
80 83 2
80 84 2
80 85 2
81 19 2
81 20 2
81 21 2
81 22 2
82 102 2
82 103 2
84 100 2
84 101 2
86 98 2
86 99 2
87 96 2
87 97 2
88 42 2
88 43 2
88 44 2
89 94 2
89 95 2
90 76 2
90 77 2
90 79 2
90 80 2
91 10 2
91 11 2
91 12 2
91 13 2
91 14 2
91 15 2
93 71 2
93 72 2
93 74 2
93 75 2
93 76 2
93 79 2
94 61 2
94 62 2
94 66 2
94 67 2
94 68 2
94 70 2
95 49 2
95 50 2
95 51 2
95 52 2
95 55 2
95 60 2
96 72 2
96 73 2
96 74 2
96 75 2
97 39 2
97 40 2
97 41 2
98 68 2
98 69 2
98 70 2
98 71 2
99 64 2
99 65 2
99 66 2
99 67 2
100 92 2
100 93 2
101 90 2
101 91 2
103 9 2
103 11 2
103 12 2
103 13 2
103 14 2
103 15 2
103 16 2
103 17 2
103 20 2
104 55 2
104 62 2
104 66 2
104 67 2
104 68 2
104 70 2
104 71 2
106 32 2
106 42 2
106 43 2
106 44 2
106 47 2
106 48 2
107 60 2
107 61 2
107 62 2
107 63 2
108 12 2
108 13 2
108 14 2
108 15 2
108 16 2
108 17 2
108 18 2
109 2 2
109 3 2
109 4 2
109 7 2
109 8 2
109 9 2
111 145 2
111 146 2
111 147 2
111 149 2
111 150 2
111 0 2
112 15 2
112 16 2
112 17 2
112 18 2
113 147 2
113 4 2
113 7 2
113 8 2
113 9 2
113 10 2
113 11 2
114 88 2
114 89 2
115 96 2
115 113 2
115 12 2
115 135 2
115 13 2
115 15 2
115 20 2
115 27 2
115 42 2
115 47 2
115 49 2
115 67 2
116 52 2
116 54 2
116 55 2
116 57 2
117 96 2
117 113 2
117 12 2
117 135 2
117 13 2
117 20 2
117 27 2
117 42 2
117 83 2
117 128 2
117 49 2
117 89 2
117 127 2
117 147 2
118 96 2
118 113 2
118 12 2
118 127 2
118 128 2
118 135 2
118 146 2
118 147 2
118 150 2
118 4 2
119 11 2
119 12 2
119 13 2
119 14 2
120 48 2
120 49 2
120 50 2
120 51 2
121 36 2
121 37 2
121 38 2
122 7 2
122 8 2
122 9 2
122 10 2
123 42 2
123 43 2
123 44 2
123 47 2
124 135 2
124 136 2
124 137 2
124 142 2
124 143 2
124 146 2
124 147 2
124 150 2
124 4 2
125 134 2
125 136 2
125 137 2
125 142 2
125 143 2
125 144 2
127 38 2
127 39 2
127 40 2
127 41 2
128 86 2
128 87 2
129 32 2
129 34 2
129 35 2
130 34 2
130 35 2
130 36 2
130 37 2
131 28 2
131 30 2
131 31 2
131 32 2
132 84 2
132 85 2
133 105 2
133 107 2
133 108 2
133 109 2
133 110 2
133 111 2
134 125 2
134 126 2
134 127 2
134 128 2
134 132 2
134 135 2
135 24 2
135 25 2
135 26 2
135 27 2
136 20 2
136 21 2
136 22 2
136 23 2
137 16 2
137 17 2
137 18 2
137 19 2
139 2 2
139 3 2
139 4 2
139 6 2
140 128 2
140 132 2
140 134 2
140 135 2
140 136 2
141 123 2
141 125 2
141 127 2
141 128 2
141 132 2
141 134 2
141 135 2
141 136 2
142 12 2
142 13 2
142 14 2
142 15 2
143 82 2
143 83 2
144 79 2
144 80 2
145 116 2
145 117 2
145 118 2
145 121 2
145 123 2
145 124 2
146 96 2
146 113 2
146 12 2
146 135 2
146 76 2
146 83 2
146 89 2
146 90 2
146 108 2
146 110 2
147 137 2
147 142 2
147 143 2
147 146 2
147 150 2
147 2 2
147 3 2
148 76 2
148 77 2
149 74 2
149 75 2
150 8 2
150 9 2
150 10 2
150 11 2
0 121 3
0 123 3
0 124 3
0 125 3
0 126 3
0 127 3
2 27 3
2 28 3
2 30 3
2 31 3
3 2 3
3 4 3
3 6 3
3 7 3
5 23 3
5 24 3
5 25 3
5 26 3
6 148 3
6 149 3
6 150 3
6 0 3
7 30 3
7 31 3
7 32 3
7 34 3
7 36 3
7 37 3
7 39 3
8 19 3
8 20 3
8 21 3
8 22 3
8 23 3
8 27 3
8 28 3
9 71 3
9 72 3
9 73 3
10 12 3
10 13 3
10 14 3
10 15 3
10 16 3
10 17 3
10 18 3
11 113 3
11 114 3
11 115 3
11 116 3
11 117 3
11 118 3
12 68 3
12 69 3
12 70 3
13 147 3
13 148 3
14 144 3
14 145 3
14 146 3
14 147 3
16 138 3
16 140 3
16 142 3
16 143 3
17 105 3
17 107 3
17 108 3
17 109 3
17 110 3
17 111 3
18 145 3
18 146 3
19 65 3
19 66 3
19 67 3
20 49 3
20 52 3
20 55 3
20 66 3
20 67 3
20 70 3
20 76 3
20 83 3
21 96 3
21 113 3
21 12 3
21 135 3
21 13 3
21 20 3
21 27 3
21 42 3
21 83 3
21 128 3
21 15 3
21 32 3
22 134 3
22 135 3
22 136 3
22 137 3
23 91 3
23 96 3
23 98 3
23 99 3
23 100 3
23 103 3
24 143 3
24 144 3
25 82 3
25 83 3
25 84 3
25 86 3
25 89 3
25 90 3
26 129 3
26 130 3
26 131 3
26 132 3
28 150 3
29 2 3
29 3 3
29 4 3
29 6 3
29 7 3
30 140 3
30 142 3
31 137 3
31 138 3
32 135 3
32 136 3
33 133 3
33 134 3
34 131 3
34 132 3
35 125 3
35 126 3
35 127 3
35 128 3
37 120 3
37 121 3
37 123 3
37 124 3
38 115 3
38 116 3
38 117 3
38 118 3
39 110 3
39 111 3
39 113 3
39 114 3
40 108 3
40 110 3
40 113 3
40 118 3
40 123 3
40 125 3
40 127 3
40 128 3
40 132 3
40 134 3
41 129 3
41 130 3
42 62 3
42 63 3
42 64 3
43 127 3
43 128 3
44 57 3
44 60 3
44 61 3
45 19 3
45 20 3
45 21 3
45 22 3
46 125 3
46 126 3
47 106 3
47 107 3
47 108 3
47 109 3
48 40 3
48 42 3
48 43 3
48 44 3
48 47 3
48 49 3
49 102 3
49 103 3
49 104 3
49 105 3
50 123 3
50 124 3
51 98 3
51 99 3
51 100 3
51 101 3
52 120 3
52 121 3
53 117 3
53 118 3
54 71 3
54 72 3
54 74 3
54 75 3
54 76 3
54 79 3
55 94 3
55 95 3
55 96 3
55 97 3
56 90 3
56 91 3
56 92 3
56 93 3
57 86 3
57 87 3
57 88 3
57 89 3
58 15 3
58 16 3
58 17 3
58 18 3
59 105 3
59 108 3
59 109 3
59 110 3
59 113 3
59 114 3
59 115 3
61 146 3
61 147 3
61 149 3
61 150 3
61 0 3
62 31 3
62 32 3
62 34 3
62 36 3
62 37 3
62 39 3
63 82 3
63 83 3
63 84 3
63 85 3
64 86 3
64 89 3
64 90 3
64 91 3
64 96 3
64 98 3
64 100 3
65 72 3
65 74 3
65 75 3
65 76 3
65 82 3
65 83 3
65 84 3
66 22 3
66 23 3
66 24 3
66 27 3
66 28 3
66 30 3
69 115 3
69 116 3
70 75 3
70 77 3
70 79 3
70 80 3
71 49 3
71 66 3
71 67 3
71 70 3
71 76 3
71 83 3
71 89 3
71 90 3
71 96 3
71 98 3
73 55 3
73 62 3
73 66 3
73 67 3
73 68 3
73 70 3
73 71 3
75 72 3
75 73 3
75 74 3
75 76 3
76 96 3
76 113 3
76 12 3
76 118 3
76 127 3
76 128 3
76 135 3
76 146 3
76 147 3
76 150 3
77 123 3
77 125 3
77 127 3
77 128 3
77 132 3
77 134 3
77 135 3
77 136 3
79 68 3
79 69 3
79 70 3
79 71 3
80 64 3
80 65 3
80 66 3
80 67 3
81 54 3
81 55 3
81 56 3
82 135 3
82 136 3
82 137 3
82 142 3
82 143 3
82 146 3
82 147 3
82 150 3
82 4 3
83 113 3
83 114 3
84 110 3
84 111 3
85 60 3
85 61 3
85 62 3
85 63 3
87 89 3
87 90 3
87 96 3
87 98 3
87 108 3
87 110 3
87 113 3
87 118 3
88 96 3
88 113 3
88 12 3
88 135 3
88 13 3
88 20 3
88 21 3
88 27 3
88 42 3
88 47 3
88 49 3
88 67 3
89 16 3
89 17 3
89 18 3
89 19 3
89 20 3
89 21 3
90 108 3
90 109 3
91 96 3
91 113 3
91 17 3
91 20 3
91 21 3
91 27 3
91 30 3
91 32 3
91 42 3
91 47 3
92 61 3
92 62 3
92 66 3
92 67 3
92 68 3
92 70 3
93 106 3
93 107 3
95 104 3
95 105 3
96 142 3
96 4 3
96 7 3
96 8 3
96 9 3
96 10 3
96 11 3
97 52 3
97 54 3
97 55 3
97 57 3
98 47 3
98 48 3
98 49 3
99 48 3
99 49 3
99 50 3
99 51 3
100 101 3
100 102 3
101 40 3
101 42 3
101 43 3
101 44 3
101 47 3
101 49 3
101 52 3
102 149 3
104 42 3
104 43 3
104 44 3
105 98 3
105 99 3
106 42 3
106 43 3
106 44 3
106 47 3
107 96 3
107 97 3
108 94 3
108 95 3
109 38 3
109 39 3
109 40 3
109 41 3
110 10 3
110 11 3
110 12 3
110 13 3
110 14 3
110 15 3
111 137 3
111 142 3
111 143 3
111 144 3
111 145 3
112 11 3
112 12 3
112 13 3
112 14 3
114 34 3
114 35 3
114 36 3
114 37 3
115 39 3
115 40 3
115 41 3
116 28 3
116 30 3
116 31 3
116 32 3
117 92 3
117 93 3
118 24 3
118 25 3
118 26 3
118 27 3
119 100 3
119 103 3
120 9 3
120 11 3
120 12 3
120 13 3
120 14 3
120 15 3
120 16 3
120 17 3
120 20 3
121 90 3
121 91 3
122 96 3
122 113 3
122 12 3
122 135 3
122 13 3
122 20 3
122 27 3
122 42 3
122 83 3
122 128 3
122 49 3
122 89 3
122 127 3
122 147 3
123 2 3
123 3 3
123 4 3
123 7 3
123 8 3
123 9 3
124 88 3
124 89 3
125 20 3
125 21 3
125 22 3
125 23 3
126 86 3
126 87 3
127 21 3
127 27 3
127 30 3
127 32 3
127 39 3
127 42 3
127 44 3
127 47 3
128 84 3
128 85 3
129 82 3
129 83 3
130 16 3
130 17 3
130 18 3
130 19 3
131 79 3
131 80 3
132 96 3
132 113 3
132 12 3
132 135 3
132 13 3
132 20 3
132 27 3
132 42 3
132 83 3
132 128 3
132 49 3
132 89 3
132 21 3
132 118 3
133 76 3
133 77 3
134 136 3
134 146 3
134 147 3
134 149 3
134 150 3
134 0 3
135 36 3
135 37 3
135 38 3
136 135 3
136 137 3
136 142 3
136 143 3
136 144 3
136 145 3
137 12 3
137 13 3
137 14 3
137 15 3
138 48 3
138 50 3
138 51 3
138 52 3
138 55 3
138 60 3
139 3 3
139 8 3
139 9 3
139 10 3
140 32 3
140 34 3
140 35 3
141 50 3
141 51 3
141 52 3
142 137 3
142 143 3
142 146 3
142 147 3
142 150 3
142 2 3
142 3 3
143 8 3
143 9 3
143 10 3
143 11 3
144 74 3
144 75 3
145 96 3
145 113 3
145 4 3
145 9 3
145 11 3
145 12 3
145 13 3
145 14 3
145 15 3
145 16 3
146 96 3
146 113 3
146 12 3
146 135 3
146 76 3
146 83 3
146 89 3
146 90 3
146 108 3
146 110 3
147 128 3
147 132 3
147 134 3
147 135 3
147 136 3
149 125 3
149 126 3
149 127 3
149 128 3
149 132 3
149 134 3
150 116 3
150 117 3
150 118 3
150 121 3
150 123 3
150 124 3
