0 102 0
0 103 0
0 104 0
0 105 0
0 106 0
1 149 0
1 150 0
2 133 0
2 134 0
2 135 0
2 136 0
2 137 0
2 138 0
3 113 0
3 114 0
3 115 0
3 116 0
3 117 0
3 118 0
3 119 0
3 120 0
4 127 0
4 128 0
4 129 0
4 130 0
4 131 0
4 132 0
5 87 0
5 88 0
5 89 0
5 90 0
7 147 0
7 148 0
8 121 0
8 122 0
8 123 0
8 124 0
8 125 0
8 126 0
9 115 0
9 116 0
9 117 0
9 118 0
9 119 0
9 120 0
10 80 0
10 81 0
10 85 0
10 86 0
11 124 0
11 125 0
11 126 0
12 75 0
12 76 0
12 77 0
12 79 0
14 110 0
14 113 0
14 115 0
14 116 0
14 117 0
14 121 0
14 122 0
14 123 0
14 124 0
14 125 0
15 48 0
15 49 0
15 51 0
15 52 0
15 60 0
15 70 0
15 73 0
15 80 0
16 70 0
16 71 0
16 72 0
16 73 0
18 80 0
18 85 0
18 86 0
18 87 0
18 89 0
18 91 0
18 92 0
21 121 0
21 122 0
21 123 0
24 118 0
24 119 0
24 120 0
25 104 0
25 105 0
25 106 0
25 107 0
25 108 0
25 109 0
25 110 0
25 112 0
26 109 0
26 110 0
26 111 0
26 112 0
26 113 0
26 114 0
27 6 0
27 32 0
27 35 0
27 38 0
27 40 0
27 41 0
27 42 0
27 47 0
28 53 0
28 54 0
28 60 0
28 64 0
28 65 0
28 68 0
29 102 0
29 104 0
29 105 0
29 106 0
29 107 0
29 108 0
30 97 0
30 98 0
30 99 0
30 100 0
30 101 0
31 92 0
31 93 0
31 94 0
31 95 0
31 96 0
33 115 0
33 116 0
33 117 0
34 64 0
34 65 0
34 66 0
34 68 0
35 24 0
35 27 0
35 28 0
35 30 0
35 31 0
35 32 0
36 96 0
36 97 0
36 98 0
36 99 0
36 100 0
36 101 0
37 112 0
37 113 0
37 114 0
38 52 0
38 54 0
38 60 0
38 64 0
38 70 0
38 73 0
38 76 0
39 47 0
39 48 0
39 49 0
39 50 0
39 51 0
39 52 0
40 87 0
40 88 0
40 89 0
40 90 0
40 91 0
42 145 0
42 146 0
44 90 0
44 91 0
44 92 0
44 93 0
44 94 0
44 95 0
46 149 0
46 150 0
46 1 0
46 6 0
46 12 0
46 15 0
47 109 0
47 110 0
47 111 0
48 143 0
48 144 0
48 145 0
48 146 0
48 147 0
48 148 0
50 79 0
50 80 0
50 81 0
50 85 0
50 86 0
51 137 0
51 138 0
51 139 0
51 140 0
51 141 0
51 142 0
52 53 0
52 54 0
52 55 0
52 56 0
53 48 0
53 49 0
53 50 0
53 51 0
54 143 0
54 144 0
55 106 0
55 107 0
55 108 0
56 35 0
56 38 0
56 40 0
56 41 0
56 42 0
56 46 0
57 103 0
57 104 0
57 105 0
59 141 0
59 142 0
61 85 0
61 86 0
61 87 0
61 89 0
61 96 0
61 97 0
61 101 0
61 102 0
62 52 0
62 59 0
62 60 0
62 63 0
63 72 0
63 73 0
63 75 0
63 76 0
63 77 0
64 65 0
64 66 0
64 68 0
64 70 0
64 71 0
65 41 0
65 42 0
65 46 0
65 47 0
66 35 0
66 38 0
66 39 0
66 40 0
67 100 0
67 101 0
67 102 0
69 139 0
69 140 0
70 131 0
70 132 0
70 133 0
70 134 0
70 135 0
70 136 0
73 134 0
73 138 0
73 139 0
73 146 0
73 147 0
73 148 0
73 149 0
73 150 0
74 81 0
74 85 0
74 86 0
74 87 0
74 88 0
74 89 0
75 125 0
75 126 0
75 127 0
75 128 0
75 129 0
75 130 0
76 56 0
76 59 0
76 60 0
76 63 0
76 64 0
78 110 0
78 121 0
78 122 0
78 130 0
78 32 0
78 60 0
78 70 0
78 96 0
78 108 0
78 109 0
79 30 0
79 31 0
79 32 0
79 34 0
83 70 0
83 72 0
83 73 0
83 75 0
83 76 0
83 80 0
85 119 0
85 120 0
85 121 0
85 122 0
85 123 0
85 124 0
86 51 0
86 52 0
86 53 0
86 54 0
86 55 0
87 27 0
87 28 0
87 30 0
87 31 0
87 32 0
87 35 0
87 38 0
89 137 0
89 138 0
91 20 0
91 24 0
91 27 0
91 28 0
92 148 0
92 149 0
92 150 0
92 1 0
92 6 0
92 15 0
92 24 0
93 113 0
93 114 0
93 115 0
93 116 0
93 117 0
93 118 0
94 110 0
94 121 0
94 122 0
94 130 0
94 124 0
94 125 0
94 126 0
94 128 0
94 129 0
94 150 0
95 40 0
95 41 0
95 42 0
95 47 0
95 48 0
95 49 0
95 51 0
96 1 0
96 6 0
96 12 0
96 15 0
97 107 0
97 108 0
97 109 0
97 110 0
97 111 0
97 112 0
98 147 0
98 148 0
98 149 0
98 150 0
99 143 0
99 144 0
99 145 0
99 146 0
101 97 0
101 98 0
101 99 0
102 135 0
102 136 0
103 46 0
103 47 0
103 48 0
103 49 0
103 50 0
106 38 0
106 39 0
106 40 0
106 41 0
106 42 0
107 125 0
107 126 0
107 127 0
107 128 0
107 129 0
107 130 0
107 131 0
107 132 0
108 109 0
108 110 0
108 112 0
108 113 0
108 114 0
108 115 0
108 116 0
108 117 0
109 133 0
109 134 0
110 94 0
110 95 0
110 96 0
111 139 0
111 140 0
111 141 0
111 142 0
113 131 0
113 132 0
114 135 0
114 136 0
114 137 0
114 138 0
115 30 0
115 31 0
115 32 0
115 34 0
115 35 0
118 73 0
118 80 0
118 86 0
118 96 0
118 97 0
118 101 0
118 102 0
118 106 0
120 129 0
120 130 0
121 128 0
121 132 0
121 133 0
121 134 0
122 138 0
122 139 0
122 140 0
122 144 0
122 145 0
122 146 0
122 147 0
123 15 0
123 20 0
123 24 0
123 27 0
123 28 0
124 110 0
124 121 0
124 122 0
124 130 0
124 60 0
124 113 0
124 115 0
124 116 0
124 117 0
124 123 0
127 129 0
127 32 0
127 41 0
127 48 0
127 49 0
127 51 0
127 60 0
127 70 0
128 127 0
128 129 0
128 130 0
128 131 0
129 126 0
129 127 0
129 128 0
129 130 0
129 131 0
129 149 0
129 150 0
129 6 0
130 121 0
130 122 0
130 123 0
130 124 0
130 125 0
130 126 0
130 127 0
131 100 0
131 101 0
131 102 0
131 104 0
131 105 0
131 106 0
132 149 0
132 150 0
132 1 0
132 6 0
132 12 0
134 127 0
134 128 0
135 123 0
135 124 0
135 125 0
135 126 0
136 144 0
136 145 0
136 146 0
136 147 0
136 148 0
138 119 0
138 120 0
138 121 0
138 122 0
141 128 0
141 129 0
141 130 0
141 131 0
141 132 0
141 134 0
141 136 0
142 93 0
142 94 0
142 96 0
142 97 0
142 98 0
142 99 0
143 91 0
143 92 0
143 93 0
144 139 0
144 140 0
144 141 0
144 142 0
144 143 0
145 108 0
145 118 0
145 119 0
145 120 0
145 121 0
145 122 0
145 123 0
145 124 0
146 115 0
146 116 0
146 117 0
146 118 0
147 111 0
147 112 0
147 113 0
147 114 0
148 107 0
148 108 0
148 109 0
148 110 0
0 87 1
0 88 1
0 89 1
0 90 1
1 80 1
1 81 1
1 85 1
1 86 1
2 110 1
2 113 1
2 115 1
2 116 1
2 117 1
2 121 1
2 122 1
2 123 1
2 124 1
2 125 1
5 113 1
5 114 1
5 115 1
5 116 1
5 117 1
5 118 1
5 119 1
5 120 1
6 87 1
6 88 1
6 89 1
6 90 1
6 91 1
7 102 1
7 103 1
7 104 1
7 105 1
7 106 1
8 75 1
8 76 1
8 77 1
8 79 1
9 104 1
9 105 1
9 106 1
9 107 1
9 108 1
9 109 1
9 110 1
9 112 1
10 97 1
10 98 1
10 99 1
10 100 1
10 101 1
12 124 1
12 125 1
12 126 1
13 70 1
13 71 1
13 72 1
13 73 1
14 133 1
14 134 1
14 135 1
14 136 1
14 137 1
14 138 1
15 125 1
15 126 1
15 127 1
15 128 1
15 129 1
15 130 1
15 131 1
15 132 1
16 127 1
16 128 1
16 129 1
16 130 1
16 131 1
16 132 1
17 121 1
17 122 1
17 123 1
18 64 1
18 65 1
18 66 1
18 68 1
19 85 1
19 86 1
19 87 1
19 89 1
19 96 1
19 97 1
19 101 1
19 102 1
20 79 1
20 80 1
20 81 1
20 85 1
20 86 1
21 121 1
21 122 1
21 123 1
21 124 1
21 125 1
21 126 1
22 110 1
22 121 1
22 122 1
22 130 1
22 32 1
22 60 1
22 70 1
22 96 1
22 108 1
22 109 1
24 117 1
24 118 1
24 119 1
24 120 1
24 121 1
24 122 1
24 123 1
24 124 1
25 92 1
25 93 1
25 94 1
25 95 1
25 96 1
27 149 1
27 150 1
28 118 1
28 119 1
28 120 1
29 115 1
29 116 1
29 117 1
30 109 1
30 110 1
30 111 1
30 112 1
30 113 1
30 114 1
31 102 1
31 104 1
31 105 1
31 106 1
31 107 1
31 108 1
32 112 1
32 113 1
32 114 1
33 48 1
33 49 1
33 51 1
33 52 1
33 60 1
33 70 1
33 73 1
33 80 1
34 109 1
34 110 1
34 111 1
35 56 1
35 59 1
35 60 1
35 63 1
37 6 1
37 32 1
37 35 1
37 38 1
37 40 1
37 41 1
37 42 1
37 47 1
40 52 1
40 53 1
40 54 1
40 55 1
41 96 1
41 97 1
41 98 1
41 99 1
41 100 1
41 101 1
42 35 1
42 38 1
42 39 1
42 40 1
43 48 1
43 49 1
43 50 1
43 51 1
44 80 1
44 85 1
44 86 1
44 87 1
44 89 1
44 91 1
44 92 1
45 115 1
45 116 1
45 117 1
45 118 1
45 119 1
45 120 1
47 90 1
47 91 1
47 92 1
47 93 1
47 94 1
47 95 1
51 147 1
51 148 1
52 81 1
52 85 1
52 86 1
52 87 1
52 88 1
52 89 1
53 106 1
53 107 1
53 108 1
54 65 1
54 73 1
54 75 1
54 76 1
54 77 1
55 30 1
55 31 1
55 32 1
55 34 1
56 20 1
56 24 1
56 27 1
56 28 1
58 145 1
58 146 1
59 52 1
59 54 1
59 60 1
59 64 1
59 70 1
59 73 1
59 76 1
62 134 1
62 138 1
62 139 1
62 146 1
62 147 1
62 148 1
62 149 1
62 150 1
63 103 1
63 104 1
63 105 1
65 66 1
65 68 1
65 70 1
65 71 1
65 72 1
66 1 1
66 6 1
66 12 1
66 15 1
67 41 1
67 42 1
67 46 1
67 47 1
68 47 1
68 48 1
68 49 1
68 50 1
68 51 1
68 52 1
70 108 1
70 109 1
70 110 1
70 112 1
70 113 1
70 114 1
70 115 1
70 116 1
71 70 1
71 72 1
71 73 1
71 75 1
71 76 1
71 80 1
72 35 1
72 38 1
72 40 1
72 41 1
72 42 1
72 46 1
74 143 1
74 144 1
75 147 1
75 148 1
75 149 1
75 150 1
77 143 1
77 144 1
77 145 1
77 146 1
79 53 1
79 54 1
79 60 1
79 64 1
79 65 1
79 68 1
81 139 1
81 140 1
81 141 1
81 142 1
84 141 1
84 142 1
88 40 1
88 41 1
88 42 1
88 47 1
88 48 1
88 49 1
88 51 1
90 24 1
90 27 1
90 28 1
90 30 1
90 31 1
90 32 1
91 149 1
91 150 1
91 1 1
91 6 1
91 12 1
91 15 1
92 110 1
92 121 1
92 122 1
92 130 1
92 124 1
92 125 1
92 126 1
92 128 1
92 129 1
92 150 1
94 139 1
94 140 1
95 143 1
95 144 1
95 145 1
95 146 1
95 147 1
95 148 1
97 100 1
97 101 1
97 102 1
99 56 1
99 59 1
99 60 1
99 63 1
99 64 1
101 137 1
101 138 1
103 135 1
103 136 1
104 51 1
104 52 1
104 53 1
104 54 1
104 55 1
105 46 1
105 47 1
105 48 1
105 49 1
105 50 1
106 38 1
106 39 1
106 40 1
106 41 1
106 42 1
108 137 1
108 138 1
108 139 1
108 140 1
108 141 1
108 142 1
109 135 1
109 136 1
109 137 1
109 138 1
110 133 1
110 134 1
111 27 1
111 28 1
111 30 1
111 31 1
111 32 1
111 35 1
111 38 1
112 131 1
112 132 1
112 133 1
112 134 1
112 135 1
112 136 1
113 73 1
113 80 1
113 86 1
113 96 1
113 97 1
113 101 1
113 102 1
113 106 1
114 125 1
114 126 1
114 127 1
114 128 1
114 129 1
114 130 1
115 119 1
115 120 1
115 121 1
115 122 1
115 123 1
115 124 1
116 131 1
116 132 1
116 133 1
116 134 1
117 97 1
117 98 1
117 99 1
118 126 1
118 128 1
118 129 1
118 130 1
119 6 1
119 32 1
119 41 1
119 48 1
119 49 1
119 51 1
119 60 1
119 70 1
121 126 1
121 127 1
121 128 1
121 129 1
121 130 1
121 131 1
121 149 1
121 150 1
123 30 1
123 31 1
123 32 1
123 34 1
123 35 1
124 94 1
124 95 1
124 96 1
125 15 1
125 20 1
125 24 1
125 27 1
125 28 1
126 123 1
126 124 1
126 125 1
126 127 1
127 119 1
127 120 1
127 121 1
127 122 1
129 149 1
129 150 1
129 1 1
129 6 1
129 12 1
130 113 1
130 114 1
130 115 1
130 116 1
130 117 1
130 118 1
131 144 1
131 145 1
131 146 1
131 147 1
131 148 1
132 107 1
132 108 1
132 109 1
132 110 1
132 111 1
132 112 1
133 138 1
133 149 1
133 150 1
133 1 1
133 6 1
133 15 1
133 24 1
135 131 1
135 132 1
136 100 1
136 101 1
136 102 1
136 104 1
136 105 1
136 106 1
137 129 1
137 130 1
138 139 1
138 140 1
138 144 1
138 145 1
138 146 1
138 147 1
138 148 1
139 115 1
139 116 1
139 117 1
139 118 1
140 93 1
140 94 1
140 96 1
140 97 1
140 98 1
140 99 1
141 127 1
141 128 1
142 111 1
142 112 1
142 113 1
142 114 1
143 107 1
143 108 1
143 109 1
143 110 1
144 128 1
144 129 1
144 130 1
144 131 1
144 132 1
144 134 1
144 136 1
145 110 1
145 121 1
145 122 1
145 130 1
145 60 1
145 113 1
145 115 1
145 116 1
145 117 1
145 123 1
146 139 1
146 140 1
146 141 1
146 142 1
146 143 1
147 121 1
147 122 1
147 123 1
147 124 1
147 125 1
147 126 1
147 127 1
150 91 1
150 92 1
150 93 1
0 102 2
0 103 2
0 104 2
0 105 2
0 106 2
1 124 2
1 125 2
1 126 2
2 133 2
2 134 2
2 135 2
2 136 2
2 137 2
2 138 2
3 127 2
3 128 2
3 129 2
3 130 2
3 131 2
3 132 2
4 149 2
4 150 2
5 121 2
5 122 2
5 123 2
5 124 2
5 125 2
5 126 2
7 87 2
7 88 2
7 89 2
7 90 2
9 115 2
9 116 2
9 117 2
9 118 2
9 119 2
9 120 2
10 109 2
10 110 2
10 111 2
10 112 2
10 113 2
10 114 2
12 87 2
12 88 2
12 89 2
12 90 2
12 91 2
14 102 2
14 104 2
14 105 2
14 106 2
14 107 2
14 108 2
15 80 2
15 81 2
15 85 2
15 86 2
16 110 2
16 113 2
16 115 2
16 116 2
16 117 2
16 121 2
16 122 2
16 123 2
16 124 2
16 125 2
17 113 2
17 114 2
17 115 2
17 116 2
17 117 2
17 118 2
17 119 2
17 120 2
18 75 2
18 76 2
18 77 2
18 79 2
19 121 2
19 122 2
19 123 2
20 52 2
20 54 2
20 60 2
20 64 2
20 70 2
20 73 2
20 76 2
21 97 2
21 98 2
21 99 2
21 100 2
21 101 2
23 70 2
23 71 2
23 72 2
23 73 2
24 40 2
24 41 2
24 42 2
24 47 2
24 48 2
24 49 2
24 51 2
25 104 2
25 105 2
25 106 2
25 107 2
25 108 2
25 109 2
25 110 2
25 112 2
26 96 2
26 97 2
26 98 2
26 99 2
26 100 2
26 101 2
28 118 2
28 119 2
28 120 2
30 147 2
30 148 2
34 79 2
34 80 2
34 81 2
34 85 2
34 86 2
35 30 2
35 31 2
35 32 2
35 34 2
36 64 2
36 65 2
36 66 2
36 68 2
38 20 2
38 24 2
38 27 2
38 28 2
39 53 2
39 54 2
39 60 2
39 64 2
39 65 2
39 68 2
40 72 2
40 73 2
40 75 2
40 76 2
40 77 2
42 24 2
42 27 2
42 28 2
42 30 2
42 31 2
42 32 2
43 56 2
43 59 2
43 60 2
43 63 2
44 80 2
44 85 2
44 86 2
44 87 2
44 89 2
44 91 2
44 92 2
45 52 2
45 53 2
45 54 2
45 55 2
46 6 2
46 32 2
46 35 2
46 38 2
46 40 2
46 41 2
46 42 2
46 47 2
48 110 2
48 121 2
48 122 2
48 130 2
48 60 2
48 113 2
48 115 2
48 116 2
48 117 2
48 123 2
49 1 2
49 6 2
49 12 2
49 15 2
50 147 2
50 148 2
50 149 2
50 150 2
51 145 2
51 146 2
53 143 2
53 144 2
55 115 2
55 116 2
55 117 2
56 143 2
56 144 2
56 145 2
56 146 2
57 85 2
57 86 2
57 87 2
57 89 2
57 96 2
57 97 2
57 101 2
57 102 2
59 47 2
59 48 2
59 49 2
59 50 2
59 51 2
59 52 2
60 149 2
60 150 2
60 1 2
60 6 2
60 12 2
60 15 2
61 112 2
61 113 2
61 114 2
62 48 2
62 49 2
62 50 2
62 51 2
64 134 2
64 138 2
64 139 2
64 146 2
64 147 2
64 148 2
64 149 2
64 150 2
65 27 2
65 28 2
65 30 2
65 31 2
65 32 2
65 35 2
65 38 2
66 109 2
66 110 2
66 111 2
67 48 2
67 49 2
67 51 2
67 52 2
67 60 2
67 70 2
67 73 2
67 80 2
68 139 2
68 140 2
68 141 2
68 142 2
69 41 2
69 42 2
69 46 2
69 47 2
71 135 2
71 136 2
71 137 2
71 138 2
72 106 2
72 107 2
72 108 2
73 141 2
73 142 2
74 92 2
74 93 2
74 94 2
74 95 2
74 96 2
75 110 2
75 121 2
75 122 2
75 130 2
75 32 2
75 60 2
75 70 2
75 96 2
75 108 2
75 109 2
76 139 2
76 140 2
77 65 2
77 66 2
77 68 2
77 70 2
77 71 2
78 90 2
78 91 2
78 92 2
78 93 2
78 94 2
78 95 2
80 109 2
80 118 2
80 119 2
80 120 2
80 121 2
80 122 2
80 123 2
80 124 2
81 103 2
81 104 2
81 105 2
82 81 2
82 85 2
82 86 2
82 87 2
82 88 2
82 89 2
83 35 2
83 38 2
83 39 2
83 40 2
84 70 2
84 72 2
84 73 2
84 75 2
84 76 2
84 80 2
85 131 2
85 132 2
85 133 2
85 134 2
86 100 2
86 101 2
86 102 2
87 56 2
87 59 2
87 60 2
87 63 2
87 64 2
88 123 2
88 128 2
88 129 2
88 130 2
91 148 2
91 149 2
91 150 2
91 1 2
91 6 2
91 15 2
91 24 2
92 137 2
92 138 2
95 51 2
95 52 2
95 53 2
95 54 2
95 55 2
97 46 2
97 47 2
97 48 2
97 49 2
97 50 2
98 125 2
98 126 2
98 127 2
98 128 2
98 129 2
98 130 2
98 131 2
98 132 2
100 110 2
100 121 2
100 122 2
100 130 2
100 124 2
100 125 2
100 126 2
100 128 2
100 129 2
100 150 2
103 35 2
103 38 2
103 40 2
103 41 2
103 42 2
103 46 2
104 97 2
104 98 2
104 99 2
105 143 2
105 144 2
105 145 2
105 146 2
105 147 2
105 148 2
107 135 2
107 136 2
108 94 2
108 95 2
108 96 2
109 108 2
109 110 2
109 112 2
109 113 2
109 114 2
109 115 2
109 116 2
109 117 2
110 137 2
110 138 2
110 139 2
110 140 2
110 141 2
110 142 2
111 138 2
111 139 2
111 140 2
111 144 2
111 145 2
111 146 2
111 147 2
112 73 2
112 80 2
112 86 2
112 96 2
112 97 2
112 101 2
112 102 2
112 106 2
113 133 2
113 134 2
114 131 2
114 132 2
115 131 2
115 132 2
115 133 2
115 134 2
115 135 2
115 136 2
116 38 2
116 39 2
116 40 2
116 41 2
116 42 2
117 119 2
117 126 2
117 127 2
117 128 2
117 129 2
117 130 2
118 30 2
118 31 2
118 32 2
118 34 2
118 35 2
119 120 2
119 121 2
119 122 2
119 123 2
119 124 2
119 125 2
121 129 2
121 130 2
123 124 2
123 125 2
123 126 2
123 127 2
124 113 2
124 114 2
124 115 2
124 116 2
124 117 2
124 118 2
125 119 2
125 120 2
125 121 2
125 122 2
126 115 2
126 116 2
126 117 2
126 118 2
128 107 2
128 108 2
128 109 2
128 110 2
128 111 2
128 112 2
130 121 2
130 122 2
130 123 2
130 124 2
130 125 2
130 126 2
130 127 2
131 126 2
131 127 2
131 128 2
131 129 2
131 130 2
131 149 2
131 150 2
131 6 2
132 131 2
132 32 2
132 41 2
132 48 2
132 49 2
132 51 2
132 60 2
132 70 2
134 111 2
134 112 2
134 113 2
134 114 2
135 100 2
135 101 2
135 102 2
135 104 2
135 105 2
135 106 2
136 15 2
136 20 2
136 24 2
136 27 2
136 28 2
137 128 2
137 129 2
137 130 2
137 131 2
137 132 2
137 134 2
137 136 2
139 149 2
139 150 2
139 1 2
139 6 2
139 12 2
141 107 2
141 108 2
141 109 2
141 110 2
142 144 2
142 145 2
142 146 2
142 147 2
142 148 2
143 93 2
143 94 2
143 96 2
143 97 2
143 98 2
143 99 2
144 139 2
144 140 2
144 141 2
144 142 2
144 143 2
146 91 2
146 92 2
146 93 2
149 127 2
149 128 2
0 87 3
0 88 3
0 89 3
0 90 3
3 80 3
3 81 3
3 85 3
3 86 3
4 124 3
4 125 3
4 126 3
5 75 3
5 76 3
5 77 3
5 79 3
6 117 3
6 118 3
6 119 3
6 120 3
6 121 3
6 122 3
6 123 3
6 124 3
7 133 3
7 134 3
7 135 3
7 136 3
7 137 3
7 138 3
8 149 3
8 150 3
10 113 3
10 114 3
10 115 3
10 116 3
10 117 3
10 118 3
10 119 3
10 120 3
11 127 3
11 128 3
11 129 3
11 130 3
11 131 3
11 132 3
12 85 3
12 86 3
12 87 3
12 89 3
12 96 3
12 97 3
12 101 3
12 102 3
13 70 3
13 71 3
13 72 3
13 73 3
14 64 3
14 65 3
14 66 3
14 68 3
16 121 3
16 122 3
16 123 3
16 124 3
16 125 3
16 126 3
17 56 3
17 59 3
17 60 3
17 63 3
19 147 3
19 148 3
20 92 3
20 93 3
20 94 3
20 95 3
20 96 3
22 145 3
22 146 3
23 110 3
23 113 3
23 115 3
23 116 3
23 117 3
23 121 3
23 122 3
23 123 3
23 124 3
23 125 3
24 102 3
24 104 3
24 105 3
24 106 3
24 107 3
24 108 3
25 121 3
25 122 3
25 123 3
26 143 3
26 144 3
30 48 3
30 49 3
30 51 3
30 52 3
30 60 3
30 70 3
30 73 3
30 80 3
31 141 3
31 142 3
32 6 3
32 41 3
32 48 3
32 49 3
32 51 3
32 60 3
32 70 3
32 73 3
33 52 3
33 53 3
33 54 3
33 55 3
34 48 3
34 49 3
34 50 3
34 51 3
35 30 3
35 31 3
35 32 3
35 34 3
36 139 3
36 140 3
38 137 3
38 138 3
39 20 3
39 24 3
39 27 3
39 28 3
40 1 3
40 6 3
40 12 3
40 15 3
42 147 3
42 148 3
42 149 3
42 150 3
43 118 3
43 119 3
43 120 3
44 104 3
44 105 3
44 106 3
44 107 3
44 108 3
44 109 3
44 110 3
44 112 3
46 87 3
46 88 3
46 89 3
46 90 3
46 91 3
48 143 3
48 144 3
48 145 3
48 146 3
49 139 3
49 140 3
49 141 3
49 142 3
50 135 3
50 136 3
50 137 3
50 138 3
51 110 3
51 121 3
51 122 3
51 130 3
51 124 3
51 125 3
51 126 3
51 128 3
51 129 3
51 150 3
53 131 3
53 132 3
53 133 3
53 134 3
54 79 3
54 80 3
54 81 3
54 85 3
54 86 3
55 127 3
55 128 3
55 129 3
55 130 3
56 135 3
56 136 3
58 115 3
58 116 3
58 117 3
58 118 3
58 119 3
58 120 3
59 80 3
59 85 3
59 86 3
59 87 3
59 89 3
59 91 3
59 92 3
60 72 3
60 73 3
60 75 3
60 76 3
60 77 3
61 109 3
61 110 3
61 111 3
61 112 3
61 113 3
61 114 3
63 110 3
63 121 3
63 122 3
63 130 3
63 32 3
63 60 3
63 70 3
63 96 3
63 108 3
63 109 3
65 27 3
65 28 3
65 30 3
65 31 3
65 32 3
65 35 3
65 38 3
66 52 3
66 54 3
66 60 3
66 64 3
66 70 3
66 73 3
66 76 3
67 41 3
67 42 3
67 46 3
67 47 3
70 115 3
70 116 3
70 117 3
71 96 3
71 97 3
71 98 3
71 99 3
71 100 3
71 101 3
72 112 3
72 113 3
72 114 3
73 110 3
73 121 3
73 122 3
73 130 3
73 60 3
73 113 3
73 115 3
73 116 3
73 117 3
73 123 3
74 102 3
74 103 3
74 104 3
74 105 3
74 106 3
77 133 3
77 134 3
78 97 3
78 98 3
78 99 3
78 100 3
78 101 3
79 40 3
79 41 3
79 42 3
79 47 3
79 48 3
79 49 3
79 51 3
83 35 3
83 38 3
83 39 3
83 40 3
85 109 3
85 110 3
85 111 3
86 81 3
86 85 3
86 87 3
86 88 3
86 89 3
86 90 3
87 131 3
87 132 3
89 108 3
89 109 3
89 110 3
89 112 3
89 113 3
89 114 3
89 115 3
89 116 3
92 70 3
92 72 3
92 73 3
92 75 3
92 76 3
92 80 3
93 6 3
93 32 3
93 35 3
93 38 3
93 40 3
93 41 3
93 42 3
93 47 3
94 106 3
94 107 3
94 108 3
95 129 3
95 130 3
96 53 3
96 54 3
96 60 3
96 64 3
96 65 3
96 68 3
97 148 3
97 149 3
97 150 3
97 1 3
97 6 3
97 15 3
97 24 3
98 47 3
98 48 3
98 49 3
98 50 3
98 51 3
98 52 3
99 35 3
99 38 3
99 40 3
99 41 3
99 42 3
99 46 3
100 134 3
100 138 3
100 139 3
100 146 3
100 147 3
100 148 3
100 149 3
100 150 3
101 103 3
101 104 3
101 105 3
103 86 3
103 91 3
103 92 3
103 93 3
103 94 3
103 95 3
104 32 3
104 80 3
104 86 3
104 96 3
104 97 3
104 101 3
104 102 3
104 106 3
105 24 3
105 27 3
105 28 3
105 30 3
105 31 3
105 32 3
106 149 3
106 150 3
106 1 3
106 6 3
106 12 3
106 15 3
107 65 3
107 66 3
107 68 3
107 70 3
107 71 3
108 143 3
108 144 3
108 145 3
108 146 3
108 147 3
108 148 3
109 123 3
109 124 3
109 125 3
109 126 3
110 119 3
110 120 3
110 121 3
110 122 3
111 115 3
111 116 3
111 117 3
111 118 3
112 56 3
112 59 3
112 60 3
112 63 3
112 64 3
113 51 3
113 52 3
113 53 3
113 54 3
113 55 3
115 137 3
115 138 3
115 139 3
115 140 3
115 141 3
115 142 3
116 46 3
116 47 3
116 48 3
116 49 3
116 50 3
118 100 3
118 101 3
118 102 3
119 111 3
119 112 3
119 113 3
119 114 3
121 130 3
121 132 3
121 133 3
121 134 3
121 135 3
121 136 3
123 97 3
123 98 3
123 99 3
125 138 3
125 139 3
125 140 3
125 144 3
125 145 3
125 146 3
125 147 3
126 38 3
126 39 3
126 40 3
126 41 3
126 42 3
127 94 3
127 95 3
127 96 3
128 30 3
128 31 3
128 32 3
128 34 3
128 35 3
129 91 3
129 92 3
129 93 3
130 125 3
130 126 3
130 127 3
130 128 3
130 129 3
130 131 3
131 127 3
131 128 3
132 119 3
132 120 3
132 121 3
132 122 3
132 123 3
132 124 3
133 15 3
133 20 3
133 24 3
133 27 3
133 28 3
135 128 3
135 129 3
135 130 3
135 131 3
135 132 3
135 134 3
135 136 3
136 144 3
136 150 3
136 1 3
136 6 3
136 12 3
137 113 3
137 114 3
137 115 3
137 116 3
137 117 3
137 118 3
142 107 3
142 108 3
142 109 3
142 110 3
143 125 3
143 126 3
143 127 3
143 128 3
143 129 3
143 130 3
143 131 3
143 132 3
144 145 3
144 146 3
144 147 3
144 148 3
144 149 3
145 107 3
145 108 3
145 109 3
145 110 3
145 111 3
145 112 3
146 121 3
146 122 3
146 123 3
146 124 3
146 125 3
146 126 3
146 127 3
147 139 3
147 140 3
147 141 3
147 142 3
147 143 3
148 126 3
148 127 3
148 128 3
148 129 3
148 130 3
148 131 3
148 149 3
148 150 3
149 100 3
149 101 3
149 102 3
149 104 3
149 105 3
149 106 3
150 93 3
150 94 3
150 96 3
150 97 3
150 98 3
150 99 3
