1 4 0
1 132 0
1 136 0
1 99 0
1 113 0
1 135 0
1 12 0
1 13 0
1 33 0
1 36 0
1 42 0
1 49 0
2 140 0
2 142 0
2 143 0
2 144 0
3 4 0
3 132 0
3 136 0
3 13 0
3 33 0
3 42 0
3 49 0
3 52 0
3 55 0
3 83 0
3 89 0
3 113 0
4 80 0
4 82 0
4 83 0
4 87 0
4 88 0
5 135 0
5 136 0
5 137 0
5 138 0
6 150 0
7 32 0
7 33 0
7 35 0
7 36 0
7 40 0
7 41 0
7 42 0
7 43 0
7 48 0
7 49 0
8 93 0
8 94 0
8 95 0
9 74 0
9 75 0
9 76 0
9 77 0
9 79 0
10 127 0
10 128 0
11 90 0
11 91 0
11 92 0
12 43 0
12 48 0
12 49 0
12 51 0
12 52 0
12 55 0
12 56 0
13 72 0
13 74 0
13 75 0
13 82 0
13 83 0
13 89 0
13 91 0
13 96 0
13 98 0
14 131 0
14 132 0
14 133 0
14 134 0
15 13 0
15 14 0
15 16 0
15 17 0
15 18 0
16 127 0
16 128 0
16 129 0
16 130 0
18 11 0
18 12 0
18 13 0
18 14 0
18 15 0
18 16 0
18 17 0
18 19 0
19 125 0
19 126 0
20 7 0
20 8 0
20 10 0
20 11 0
20 12 0
21 87 0
21 88 0
21 89 0
22 52 0
22 55 0
22 66 0
22 83 0
22 89 0
22 98 0
22 99 0
22 107 0
22 113 0
22 115 0
23 123 0
23 124 0
24 84 0
24 85 0
24 86 0
25 149 0
26 150 0
26 2 0
26 3 0
26 4 0
26 6 0
28 143 0
28 144 0
28 146 0
28 147 0
28 149 0
29 81 0
29 82 0
29 83 0
30 96 0
30 98 0
30 99 0
30 100 0
30 101 0
30 102 0
30 107 0
31 77 0
31 79 0
31 80 0
32 148 0
33 147 0
34 14 0
34 15 0
34 16 0
34 17 0
34 19 0
34 21 0
34 22 0
34 24 0
34 28 0
34 31 0
35 12 0
35 13 0
35 14 0
35 17 0
35 24 0
35 33 0
35 36 0
35 42 0
35 49 0
35 51 0
37 135 0
37 136 0
37 137 0
37 140 0
37 142 0
38 120 0
38 121 0
39 74 0
39 75 0
39 76 0
40 146 0
41 99 0
41 113 0
41 115 0
41 127 0
41 132 0
41 134 0
41 135 0
41 136 0
41 143 0
41 4 0
42 71 0
42 72 0
42 73 0
43 32 0
43 33 0
43 35 0
43 36 0
43 40 0
43 41 0
43 42 0
44 68 0
44 69 0
44 70 0
45 68 0
45 70 0
45 71 0
45 72 0
45 73 0
46 63 0
46 64 0
46 65 0
46 66 0
46 67 0
47 65 0
47 66 0
47 67 0
48 121 0
48 123 0
48 125 0
48 126 0
49 47 0
49 48 0
49 51 0
50 61 0
50 63 0
50 64 0
51 4 0
51 115 0
51 132 0
51 135 0
51 136 0
51 12 0
51 13 0
51 14 0
51 17 0
51 33 0
53 116 0
53 117 0
54 72 0
54 74 0
54 75 0
54 82 0
54 83 0
54 89 0
54 91 0
55 114 0
55 115 0
55 117 0
55 120 0
56 44 0
56 45 0
56 46 0
57 145 0
58 55 0
58 56 0
58 57 0
59 1 0
59 2 0
59 3 0
59 4 0
60 114 0
60 115 0
61 41 0
61 42 0
61 43 0
62 49 0
62 52 0
62 54 0
63 112 0
63 113 0
64 110 0
64 111 0
65 128 0
65 130 0
65 132 0
65 133 0
65 134 0
66 38 0
66 39 0
66 40 0
67 121 0
67 123 0
67 125 0
67 126 0
67 127 0
69 54 0
69 55 0
69 56 0
69 57 0
69 61 0
70 112 0
70 113 0
70 114 0
70 115 0
70 120 0
71 4 0
71 132 0
71 136 0
71 12 0
71 13 0
71 33 0
71 42 0
71 49 0
71 52 0
71 55 0
71 83 0
71 89 0
72 108 0
72 109 0
73 144 0
74 4 0
74 36 0
74 42 0
74 49 0
74 52 0
74 55 0
74 66 0
74 83 0
74 89 0
74 98 0
75 143 0
77 106 0
77 107 0
78 89 0
78 91 0
78 92 0
78 95 0
78 96 0
79 106 0
79 107 0
79 108 0
79 110 0
79 111 0
80 35 0
80 36 0
80 37 0
81 43 0
81 48 0
81 49 0
81 51 0
81 52 0
82 75 0
82 76 0
82 77 0
82 79 0
82 80 0
83 32 0
83 33 0
83 34 0
84 38 0
84 39 0
84 40 0
84 41 0
84 42 0
85 125 0
85 126 0
85 127 0
85 128 0
85 132 0
85 133 0
86 99 0
86 100 0
86 101 0
86 102 0
86 107 0
86 110 0
86 113 0
86 114 0
86 115 0
87 68 0
87 70 0
87 72 0
87 73 0
87 74 0
88 29 0
88 30 0
88 31 0
89 51 0
89 52 0
89 55 0
89 61 0
89 64 0
89 65 0
89 66 0
89 67 0
89 68 0
91 110 0
91 111 0
91 112 0
91 113 0
92 127 0
92 132 0
92 134 0
92 135 0
92 136 0
92 143 0
92 4 0
92 11 0
92 12 0
92 13 0
93 142 0
94 33 0
94 34 0
94 35 0
94 36 0
94 37 0
95 140 0
96 63 0
96 64 0
96 65 0
96 66 0
96 67 0
98 51 0
98 52 0
98 55 0
98 56 0
98 61 0
99 104 0
99 105 0
100 102 0
100 103 0
101 139 0
102 110 0
102 112 0
102 113 0
102 114 0
102 115 0
102 123 0
103 100 0
103 101 0
104 26 0
104 27 0
104 28 0
105 100 0
105 101 0
105 102 0
105 103 0
105 104 0
106 144 0
106 146 0
106 147 0
106 149 0
106 2 0
106 3 0
106 4 0
106 10 0
107 23 0
107 24 0
107 25 0
108 20 0
108 21 0
108 22 0
109 28 0
109 29 0
109 30 0
109 31 0
109 32 0
110 138 0
111 41 0
111 42 0
111 43 0
111 48 0
111 49 0
113 20 0
113 21 0
113 22 0
113 23 0
113 24 0
113 28 0
113 31 0
115 4 0
115 132 0
115 136 0
115 52 0
115 55 0
115 83 0
115 89 0
115 99 0
115 113 0
115 134 0
116 17 0
116 18 0
116 19 0
117 14 0
117 15 0
117 16 0
118 137 0
119 146 0
119 147 0
119 149 0
119 150 0
120 136 0
121 36 0
121 37 0
121 38 0
121 39 0
121 40 0
122 135 0
123 134 0
124 132 0
125 29 0
125 31 0
125 32 0
125 33 0
125 35 0
126 11 0
126 12 0
126 13 0
127 23 0
127 24 0
127 25 0
127 26 0
127 28 0
128 105 0
128 106 0
128 107 0
128 108 0
129 91 0
129 96 0
129 97 0
129 98 0
129 99 0
131 82 0
131 83 0
131 87 0
131 88 0
131 89 0
132 133 0
133 18 0
133 19 0
133 20 0
133 21 0
133 22 0
134 101 0
134 102 0
134 103 0
134 104 0
135 98 0
135 99 0
136 97 0
136 98 0
136 99 0
136 100 0
137 96 0
137 97 0
138 61 0
138 64 0
138 65 0
138 66 0
138 67 0
138 68 0
138 70 0
139 23 0
139 24 0
139 25 0
139 26 0
139 27 0
140 131 0
141 134 0
141 135 0
141 136 0
141 142 0
141 143 0
141 144 0
142 8 0
142 9 0
142 10 0
143 130 0
144 129 0
145 15 0
145 19 0
145 20 0
145 21 0
145 22 0
146 123 0
146 127 0
146 132 0
146 134 0
146 135 0
146 136 0
146 142 0
146 143 0
147 13 0
147 14 0
147 15 0
147 16 0
147 17 0
148 5 0
148 6 0
148 7 0
149 146 0
149 147 0
149 2 0
149 3 0
149 4 0
150 149 0
150 8 0
150 10 0
150 11 0
150 12 0
0 150 1
1 146 1
1 147 1
1 149 1
1 150 1
2 74 1
2 75 1
2 76 1
2 77 1
2 79 1
3 43 1
3 48 1
3 49 1
3 51 1
3 52 1
3 55 1
3 56 1
4 125 1
4 126 1
4 127 1
4 128 1
4 132 1
4 133 1
5 68 1
5 70 1
5 71 1
5 72 1
5 73 1
6 4 1
6 132 1
6 136 1
6 99 1
6 113 1
6 135 1
6 12 1
6 13 1
6 33 1
6 36 1
6 42 1
6 49 1
7 63 1
7 64 1
7 65 1
7 66 1
7 67 1
8 93 1
8 94 1
8 95 1
9 54 1
9 55 1
9 56 1
9 57 1
9 61 1
10 149 1
11 140 1
11 142 1
11 143 1
11 144 1
12 148 1
13 90 1
13 91 1
13 92 1
14 127 1
14 128 1
16 87 1
16 88 1
16 89 1
17 43 1
17 48 1
17 49 1
17 51 1
17 52 1
18 147 1
19 18 1
19 20 1
19 21 1
19 22 1
19 23 1
21 84 1
21 85 1
21 86 1
22 32 1
22 33 1
22 35 1
22 36 1
22 40 1
22 41 1
22 42 1
23 81 1
23 82 1
23 83 1
24 146 1
26 110 1
26 112 1
26 113 1
26 114 1
26 115 1
26 123 1
28 125 1
28 126 1
29 123 1
29 124 1
30 13 1
30 14 1
30 15 1
30 16 1
30 17 1
31 77 1
31 79 1
31 80 1
32 74 1
32 75 1
32 76 1
33 7 1
33 8 1
33 10 1
33 11 1
33 12 1
34 120 1
34 121 1
35 150 1
35 2 1
35 3 1
35 4 1
35 6 1
36 145 1
37 12 1
37 13 1
37 14 1
37 17 1
37 24 1
37 33 1
37 36 1
37 42 1
37 49 1
37 51 1
38 144 1
39 143 1
39 144 1
39 146 1
39 147 1
39 149 1
40 4 1
40 132 1
40 136 1
40 12 1
40 13 1
40 33 1
40 42 1
40 49 1
40 52 1
40 55 1
40 83 1
40 89 1
41 71 1
41 72 1
41 73 1
42 68 1
42 69 1
42 70 1
43 65 1
43 66 1
43 67 1
44 72 1
44 74 1
44 75 1
44 82 1
44 83 1
44 89 1
44 91 1
45 14 1
45 15 1
45 16 1
45 17 1
45 19 1
45 21 1
45 22 1
45 24 1
45 28 1
45 31 1
47 38 1
47 39 1
47 40 1
47 41 1
47 42 1
48 135 1
48 136 1
48 137 1
48 138 1
49 47 1
49 48 1
49 51 1
50 89 1
50 91 1
50 92 1
50 95 1
50 96 1
51 123 1
51 127 1
51 132 1
51 134 1
51 135 1
51 136 1
51 142 1
51 143 1
52 135 1
52 136 1
52 137 1
52 140 1
52 142 1
53 61 1
53 63 1
53 64 1
54 61 1
54 64 1
54 65 1
54 66 1
54 67 1
54 68 1
54 70 1
55 128 1
55 130 1
55 132 1
55 133 1
55 134 1
56 44 1
56 45 1
56 46 1
57 143 1
59 32 1
59 33 1
59 35 1
59 36 1
59 40 1
59 41 1
59 42 1
59 43 1
59 48 1
59 49 1
60 80 1
60 82 1
60 83 1
60 87 1
60 88 1
61 121 1
61 123 1
61 125 1
61 126 1
61 127 1
62 1 1
62 2 1
62 3 1
62 4 1
63 112 1
63 113 1
63 114 1
63 115 1
63 120 1
64 116 1
64 117 1
65 51 1
65 52 1
65 55 1
65 61 1
65 64 1
65 66 1
65 67 1
65 68 1
65 72 1
66 142 1
67 114 1
67 115 1
68 131 1
68 132 1
68 133 1
68 134 1
69 140 1
71 139 1
72 4 1
72 132 1
72 136 1
72 13 1
72 33 1
72 42 1
72 49 1
72 52 1
72 55 1
72 83 1
72 89 1
72 113 1
73 99 1
73 113 1
73 115 1
73 127 1
73 132 1
73 134 1
73 135 1
73 136 1
73 143 1
73 4 1
74 41 1
74 42 1
74 43 1
75 38 1
75 39 1
75 40 1
76 106 1
76 107 1
76 108 1
76 110 1
76 111 1
77 127 1
77 128 1
77 129 1
77 130 1
78 96 1
78 98 1
78 99 1
78 100 1
78 101 1
78 102 1
78 107 1
79 100 1
79 101 1
79 102 1
79 103 1
79 104 1
80 121 1
80 123 1
80 125 1
80 126 1
81 138 1
82 83 1
82 87 1
82 88 1
82 89 1
82 91 1
83 35 1
83 36 1
83 37 1
84 112 1
84 113 1
85 33 1
85 34 1
85 35 1
85 36 1
85 37 1
86 32 1
86 33 1
86 34 1
87 110 1
87 111 1
88 75 1
88 76 1
88 77 1
88 79 1
88 80 1
89 68 1
89 70 1
89 72 1
89 73 1
89 74 1
90 108 1
90 109 1
91 63 1
91 64 1
91 65 1
91 66 1
91 67 1
92 106 1
92 107 1
93 28 1
93 29 1
93 30 1
93 31 1
93 32 1
94 114 1
94 115 1
94 117 1
94 120 1
95 137 1
96 136 1
97 135 1
98 51 1
98 52 1
98 55 1
98 56 1
98 61 1
99 29 1
99 30 1
99 31 1
100 110 1
100 111 1
100 112 1
100 113 1
101 41 1
101 42 1
101 43 1
101 48 1
101 49 1
102 134 1
103 11 1
103 12 1
103 13 1
103 14 1
103 15 1
103 16 1
103 17 1
103 19 1
105 65 1
105 74 1
105 75 1
105 82 1
105 83 1
105 89 1
105 91 1
105 96 1
105 98 1
107 26 1
107 27 1
107 28 1
108 144 1
108 146 1
108 147 1
108 149 1
108 2 1
108 3 1
108 4 1
108 10 1
109 23 1
109 24 1
109 25 1
110 104 1
110 105 1
111 36 1
111 37 1
111 38 1
111 39 1
111 40 1
112 4 1
112 36 1
112 42 1
112 49 1
112 52 1
112 55 1
112 66 1
112 83 1
112 89 1
112 98 1
113 4 1
113 132 1
113 136 1
113 52 1
113 55 1
113 83 1
113 89 1
113 99 1
113 115 1
113 134 1
114 29 1
114 31 1
114 32 1
114 33 1
114 35 1
115 20 1
115 21 1
115 22 1
116 19 1
116 24 1
116 25 1
116 26 1
116 27 1
117 82 1
117 96 1
117 97 1
117 98 1
117 99 1
118 99 1
118 100 1
118 101 1
118 102 1
118 107 1
118 110 1
118 113 1
118 114 1
118 115 1
119 55 1
119 56 1
119 57 1
120 105 1
120 106 1
120 107 1
120 108 1
121 133 1
122 132 1
123 101 1
123 102 1
123 103 1
123 104 1
124 131 1
125 17 1
125 18 1
125 19 1
126 4 1
126 113 1
126 132 1
126 135 1
126 136 1
126 12 1
126 13 1
126 14 1
126 17 1
126 33 1
127 20 1
127 21 1
127 22 1
127 23 1
127 24 1
127 28 1
127 31 1
128 97 1
128 98 1
128 99 1
128 100 1
129 14 1
129 15 1
129 16 1
130 23 1
130 24 1
130 25 1
130 26 1
130 28 1
131 11 1
131 12 1
131 13 1
132 8 1
132 9 1
132 10 1
133 130 1
134 18 1
134 19 1
134 20 1
134 21 1
134 22 1
136 129 1
137 102 1
137 103 1
138 134 1
138 135 1
138 136 1
138 142 1
138 143 1
138 144 1
139 127 1
139 132 1
139 134 1
139 135 1
139 136 1
139 143 1
139 4 1
139 11 1
139 12 1
139 13 1
140 13 1
140 14 1
140 15 1
140 16 1
140 17 1
141 49 1
141 52 1
141 54 1
143 149 1
143 8 1
143 10 1
143 11 1
143 12 1
144 100 1
144 101 1
145 52 1
145 55 1
145 66 1
145 83 1
145 89 1
145 98 1
145 99 1
145 107 1
145 113 1
145 115 1
147 98 1
147 99 1
148 5 1
148 6 1
148 7 1
149 146 1
149 147 1
149 2 1
149 3 1
149 4 1
150 96 1
150 97 1
0 1 2
0 2 2
0 3 2
0 4 2
1 80 2
1 82 2
1 83 2
1 87 2
1 88 2
2 93 2
2 94 2
2 95 2
3 90 2
3 91 2
3 92 2
4 87 2
4 88 2
4 89 2
5 72 2
5 74 2
5 75 2
5 82 2
5 83 2
5 89 2
5 91 2
7 84 2
7 85 2
7 86 2
8 150 2
9 74 2
9 75 2
9 76 2
9 77 2
9 79 2
11 43 2
11 48 2
11 49 2
11 51 2
11 52 2
11 55 2
11 56 2
12 81 2
12 82 2
12 83 2
13 149 2
14 68 2
14 70 2
14 71 2
14 72 2
14 73 2
15 32 2
15 33 2
15 35 2
15 36 2
15 40 2
15 41 2
15 42 2
16 63 2
16 64 2
16 65 2
16 66 2
16 67 2
17 127 2
17 128 2
18 54 2
18 55 2
18 56 2
18 57 2
18 61 2
20 146 2
20 147 2
20 149 2
20 150 2
21 43 2
21 48 2
21 49 2
21 51 2
21 52 2
22 148 2
23 147 2
24 146 2
25 140 2
25 142 2
25 143 2
25 144 2
26 38 2
26 39 2
26 40 2
26 41 2
26 42 2
27 145 2
28 77 2
28 79 2
28 80 2
29 74 2
29 75 2
29 76 2
30 71 2
30 72 2
30 73 2
31 23 2
31 24 2
31 25 2
31 26 2
31 27 2
32 18 2
32 19 2
32 20 2
32 21 2
32 22 2
33 68 2
33 69 2
33 70 2
34 4 2
34 132 2
34 136 2
34 12 2
34 13 2
34 33 2
34 42 2
34 49 2
34 52 2
34 55 2
34 83 2
34 89 2
36 125 2
36 126 2
36 127 2
36 128 2
36 132 2
36 133 2
37 13 2
37 14 2
37 15 2
37 16 2
37 17 2
38 125 2
38 126 2
39 123 2
39 124 2
40 7 2
40 8 2
40 10 2
40 11 2
40 12 2
42 65 2
42 66 2
42 67 2
43 144 2
44 99 2
44 100 2
44 101 2
44 102 2
44 107 2
44 110 2
44 113 2
44 114 2
44 115 2
45 14 2
45 15 2
45 16 2
45 17 2
45 19 2
45 21 2
45 22 2
45 24 2
45 28 2
45 31 2
46 143 2
47 120 2
47 121 2
48 150 2
48 2 2
48 3 2
48 4 2
48 6 2
49 143 2
49 144 2
49 146 2
49 147 2
49 149 2
50 61 2
50 63 2
50 64 2
51 135 2
51 136 2
51 137 2
51 140 2
51 142 2
52 128 2
52 130 2
52 132 2
52 133 2
52 134 2
53 116 2
53 117 2
54 144 2
54 146 2
54 147 2
54 149 2
54 2 2
54 3 2
54 4 2
54 10 2
55 51 2
55 52 2
55 54 2
56 142 2
57 135 2
57 136 2
57 137 2
57 138 2
58 32 2
58 33 2
58 35 2
58 36 2
58 40 2
58 41 2
58 42 2
58 43 2
58 48 2
58 49 2
60 140 2
61 121 2
61 123 2
61 125 2
61 126 2
61 127 2
62 55 2
62 56 2
62 57 2
63 139 2
64 47 2
64 48 2
64 49 2
65 44 2
65 45 2
65 46 2
66 112 2
66 113 2
66 114 2
66 115 2
66 120 2
67 114 2
67 115 2
68 106 2
68 107 2
68 108 2
68 110 2
68 111 2
69 33 2
69 34 2
69 35 2
69 36 2
69 37 2
70 100 2
70 101 2
70 102 2
70 103 2
70 104 2
71 131 2
71 132 2
71 133 2
71 134 2
72 127 2
72 128 2
72 129 2
72 130 2
73 12 2
73 13 2
73 14 2
73 17 2
73 24 2
73 33 2
73 36 2
73 42 2
73 49 2
73 51 2
74 91 2
74 96 2
74 97 2
74 98 2
74 99 2
75 112 2
75 113 2
76 41 2
76 42 2
76 43 2
77 138 2
78 89 2
78 91 2
78 92 2
78 95 2
78 96 2
79 4 2
79 132 2
79 136 2
79 13 2
79 33 2
79 42 2
79 49 2
79 52 2
79 55 2
79 83 2
79 89 2
79 113 2
80 137 2
81 38 2
81 39 2
81 40 2
82 75 2
82 76 2
82 77 2
82 79 2
82 80 2
83 68 2
83 70 2
83 72 2
83 73 2
83 74 2
84 11 2
84 12 2
84 13 2
84 14 2
84 15 2
84 16 2
84 17 2
84 19 2
85 4 2
85 132 2
85 136 2
85 99 2
85 113 2
85 135 2
85 12 2
85 13 2
85 33 2
85 36 2
85 42 2
85 49 2
86 121 2
86 123 2
86 125 2
86 126 2
87 63 2
87 64 2
87 65 2
87 66 2
87 67 2
88 72 2
88 74 2
88 75 2
88 82 2
88 83 2
88 89 2
88 91 2
88 96 2
88 98 2
89 110 2
89 111 2
90 108 2
90 109 2
91 4 2
91 132 2
91 136 2
91 52 2
91 55 2
91 83 2
91 89 2
91 99 2
91 113 2
91 115 2
92 35 2
92 36 2
92 37 2
93 32 2
93 33 2
93 34 2
94 29 2
94 30 2
94 31 2
95 127 2
95 132 2
95 134 2
95 135 2
95 136 2
95 143 2
95 4 2
95 11 2
95 12 2
95 13 2
96 106 2
96 107 2
97 51 2
97 52 2
97 55 2
97 56 2
97 61 2
98 41 2
98 42 2
98 43 2
98 48 2
98 49 2
99 26 2
99 27 2
99 28 2
100 136 2
101 100 2
101 102 2
102 135 2
103 99 2
103 113 2
103 115 2
103 127 2
103 132 2
103 134 2
103 135 2
103 136 2
103 143 2
103 4 2
104 134 2
105 52 2
105 55 2
105 66 2
105 83 2
105 89 2
105 98 2
105 99 2
105 107 2
105 113 2
105 115 2
106 133 2
107 36 2
107 37 2
107 38 2
107 39 2
107 40 2
108 114 2
108 115 2
108 117 2
108 120 2
109 28 2
109 29 2
109 30 2
109 31 2
109 32 2
110 132 2
111 29 2
111 31 2
111 32 2
111 33 2
111 35 2
112 23 2
112 24 2
112 25 2
113 105 2
113 106 2
113 107 2
113 108 2
115 20 2
115 21 2
115 22 2
116 61 2
116 64 2
116 65 2
116 66 2
116 67 2
116 68 2
116 70 2
117 101 2
117 102 2
117 103 2
117 104 2
118 104 2
118 105 2
119 134 2
119 135 2
119 136 2
119 142 2
119 143 2
119 144 2
121 110 2
121 112 2
121 113 2
121 114 2
121 115 2
121 123 2
122 101 2
122 103 2
123 97 2
123 98 2
123 99 2
123 100 2
124 17 2
124 18 2
124 19 2
125 4 2
125 36 2
125 42 2
125 49 2
125 52 2
125 55 2
125 66 2
125 83 2
125 89 2
125 98 2
126 23 2
126 24 2
126 25 2
126 26 2
126 28 2
127 131 2
128 4 2
128 132 2
128 134 2
128 135 2
128 136 2
128 12 2
128 13 2
128 14 2
128 17 2
128 33 2
129 82 2
129 83 2
129 87 2
129 88 2
129 89 2
130 14 2
130 15 2
130 16 2
131 11 2
131 12 2
131 13 2
133 98 2
133 99 2
134 20 2
134 21 2
134 22 2
134 23 2
134 24 2
134 28 2
134 31 2
135 18 2
135 19 2
135 20 2
135 21 2
135 22 2
136 13 2
136 14 2
136 15 2
136 16 2
136 17 2
137 4 2
137 8 2
137 10 2
137 11 2
137 12 2
138 123 2
138 127 2
138 132 2
138 134 2
138 135 2
138 136 2
138 142 2
138 143 2
139 8 2
139 9 2
139 10 2
140 146 2
140 147 2
140 149 2
140 2 2
140 3 2
141 96 2
141 98 2
141 99 2
141 100 2
141 101 2
141 102 2
141 107 2
144 130 2
145 96 2
145 97 2
146 129 2
147 51 2
147 52 2
147 55 2
147 61 2
147 64 2
147 65 2
147 66 2
147 67 2
147 68 2
148 110 2
148 111 2
148 112 2
148 113 2
150 5 2
150 6 2
150 7 2
0 150 3
1 127 3
1 128 3
2 93 3
2 94 3
2 95 3
3 68 3
3 70 3
3 71 3
3 72 3
3 73 3
4 125 3
4 126 3
5 149 3
6 63 3
6 64 3
6 65 3
6 66 3
6 67 3
7 90 3
7 91 3
7 92 3
8 123 3
8 124 3
9 120 3
9 121 3
10 52 3
10 55 3
10 66 3
10 83 3
10 89 3
10 98 3
10 99 3
10 107 3
10 113 3
10 115 3
11 87 3
11 88 3
11 89 3
12 54 3
12 55 3
12 56 3
12 57 3
12 61 3
13 146 3
13 147 3
13 149 3
13 150 3
14 43 3
14 48 3
14 49 3
14 51 3
14 52 3
15 13 3
15 14 3
15 16 3
15 17 3
15 18 3
16 84 3
16 85 3
16 86 3
17 148 3
18 81 3
18 82 3
18 83 3
19 7 3
19 8 3
19 10 3
19 11 3
19 12 3
20 140 3
20 142 3
20 143 3
20 144 3
21 99 3
21 113 3
21 115 3
21 127 3
21 132 3
21 134 3
21 135 3
21 136 3
21 143 3
21 4 3
22 125 3
22 126 3
22 127 3
22 128 3
22 132 3
22 133 3
23 116 3
23 117 3
24 147 3
25 146 3
26 61 3
26 64 3
26 65 3
26 66 3
26 67 3
26 68 3
26 70 3
28 77 3
28 79 3
28 80 3
29 32 3
29 33 3
29 35 3
29 36 3
29 40 3
29 41 3
29 42 3
29 43 3
29 48 3
29 49 3
30 74 3
30 75 3
30 76 3
32 150 3
32 2 3
32 3 3
32 4 3
32 6 3
33 145 3
34 143 3
34 144 3
34 146 3
34 147 3
34 149 3
35 135 3
35 136 3
35 137 3
35 140 3
35 142 3
36 114 3
36 115 3
37 144 3
39 128 3
39 130 3
39 132 3
39 133 3
39 134 3
40 143 3
41 32 3
41 33 3
41 35 3
41 36 3
41 40 3
41 42 3
41 43 3
42 71 3
42 72 3
42 73 3
43 68 3
43 69 3
43 70 3
45 65 3
45 66 3
45 67 3
46 38 3
46 39 3
46 40 3
46 41 3
46 42 3
47 11 3
47 12 3
47 13 3
47 14 3
47 15 3
47 16 3
47 17 3
47 19 3
48 4 3
48 36 3
48 42 3
48 49 3
48 52 3
48 55 3
48 66 3
48 83 3
48 89 3
48 98 3
50 142 3
51 4 3
51 132 3
51 136 3
51 13 3
51 33 3
51 42 3
51 49 3
51 52 3
51 55 3
51 83 3
51 89 3
51 113 3
52 112 3
52 113 3
53 1 3
53 2 3
53 3 3
53 4 3
54 135 3
54 136 3
54 137 3
54 138 3
55 20 3
55 21 3
55 22 3
55 23 3
55 24 3
55 28 3
55 31 3
56 121 3
56 123 3
56 125 3
56 126 3
56 127 3
58 110 3
58 111 3
59 89 3
59 91 3
59 92 3
59 95 3
59 96 3
60 80 3
60 82 3
60 83 3
60 87 3
60 88 3
61 55 3
61 56 3
61 57 3
62 61 3
62 63 3
62 64 3
63 140 3
64 72 3
64 74 3
64 75 3
64 82 3
64 83 3
64 89 3
64 91 3
64 96 3
64 98 3
66 112 3
66 113 3
66 114 3
66 115 3
66 120 3
67 110 3
67 112 3
67 113 3
67 114 3
67 115 3
67 123 3
68 139 3
69 51 3
69 52 3
69 54 3
70 47 3
70 48 3
70 49 3
71 131 3
71 132 3
71 133 3
71 134 3
72 108 3
72 109 3
73 127 3
73 128 3
73 129 3
73 130 3
74 106 3
74 107 3
74 108 3
74 110 3
74 111 3
75 44 3
75 45 3
75 46 3
76 75 3
76 77 3
76 79 3
76 80 3
76 82 3
77 138 3
79 68 3
79 70 3
79 72 3
79 73 3
79 74 3
80 137 3
81 33 3
81 34 3
81 35 3
81 36 3
81 37 3
82 41 3
82 42 3
82 43 3
83 136 3
84 144 3
84 146 3
84 147 3
84 149 3
84 2 3
84 3 3
84 4 3
84 10 3
85 28 3
85 29 3
85 30 3
85 31 3
85 32 3
86 23 3
86 24 3
86 25 3
86 26 3
86 27 3
87 38 3
87 39 3
87 40 3
88 41 3
88 48 3
88 49 3
88 51 3
88 52 3
88 55 3
88 56 3
91 35 3
91 36 3
91 37 3
92 100 3
92 101 3
92 102 3
92 103 3
92 104 3
93 135 3
94 15 3
94 19 3
94 20 3
94 21 3
94 22 3
95 72 3
95 74 3
95 75 3
95 82 3
95 83 3
95 89 3
95 91 3
96 32 3
96 33 3
96 34 3
97 14 3
97 15 3
97 16 3
97 17 3
97 19 3
97 21 3
97 22 3
97 24 3
97 28 3
97 31 3
98 106 3
98 107 3
99 29 3
99 30 3
99 31 3
100 121 3
100 123 3
100 125 3
100 126 3
101 63 3
101 64 3
101 65 3
101 66 3
101 67 3
102 103 3
102 104 3
103 51 3
103 52 3
103 55 3
103 56 3
103 61 3
104 41 3
104 42 3
104 43 3
104 48 3
104 49 3
105 100 3
105 101 3
106 36 3
106 37 3
106 38 3
106 39 3
106 40 3
107 26 3
107 27 3
107 28 3
108 127 3
108 132 3
108 134 3
108 135 3
108 136 3
108 143 3
108 4 3
108 11 3
108 12 3
108 13 3
109 4 3
109 132 3
109 136 3
109 99 3
109 113 3
109 135 3
109 12 3
109 13 3
109 33 3
109 36 3
109 42 3
109 49 3
110 23 3
110 24 3
110 25 3
111 20 3
111 21 3
111 22 3
113 110 3
113 111 3
113 112 3
113 114 3
114 123 3
114 127 3
114 132 3
114 134 3
114 135 3
114 136 3
114 142 3
114 143 3
115 17 3
115 18 3
115 19 3
116 4 3
116 132 3
116 136 3
116 12 3
116 13 3
116 33 3
116 42 3
116 49 3
116 52 3
116 55 3
116 83 3
116 89 3
117 91 3
117 96 3
117 97 3
117 98 3
117 99 3
119 102 3
119 105 3
120 29 3
120 31 3
120 32 3
120 33 3
120 35 3
121 23 3
121 24 3
121 25 3
121 26 3
121 28 3
122 74 3
122 75 3
122 76 3
122 77 3
122 79 3
123 4 3
123 132 3
123 134 3
123 135 3
123 136 3
123 12 3
123 13 3
123 14 3
123 17 3
123 33 3
124 134 3
125 14 3
125 15 3
125 16 3
126 18 3
126 19 3
126 20 3
126 21 3
126 22 3
127 13 3
127 14 3
127 15 3
127 16 3
127 17 3
128 4 3
128 8 3
128 10 3
128 11 3
128 12 3
129 76 3
129 83 3
129 87 3
129 88 3
129 89 3
130 98 3
130 99 3
131 133 3
132 11 3
132 12 3
132 13 3
133 12 3
133 13 3
133 14 3
133 17 3
133 24 3
133 33 3
133 36 3
133 42 3
133 49 3
133 51 3
134 105 3
134 106 3
134 107 3
134 108 3
135 8 3
135 9 3
135 10 3
136 51 3
136 52 3
136 55 3
136 61 3
136 64 3
136 65 3
136 66 3
136 67 3
136 68 3
137 5 3
137 6 3
137 7 3
138 99 3
138 100 3
138 101 3
138 102 3
138 107 3
138 110 3
138 113 3
138 114 3
138 115 3
139 113 3
139 115 3
139 117 3
139 120 3
140 132 3
141 96 3
141 98 3
141 99 3
141 100 3
141 101 3
141 102 3
141 107 3
142 131 3
143 130 3
144 101 3
144 102 3
144 103 3
144 104 3
145 134 3
145 135 3
145 136 3
145 142 3
145 143 3
145 144 3
146 4 3
146 132 3
146 136 3
146 52 3
146 55 3
146 83 3
146 89 3
146 99 3
146 113 3
146 115 3
147 97 3
147 98 3
147 99 3
147 100 3
148 129 3
149 96 3
149 97 3
150 146 3
150 147 3
150 149 3
150 2 3
150 3 3
