926 948 2
949 1103 2
949 1102 2
949 1101 2
950 951 2
967 1025 2
967 1009 2
967 968 2
968 1025 2
968 1009 2
1010 1016 2
1010 1011 2
1011 1016 2
1017 1021 2
1017 1018 2
1018 1021 2
1022 1024 2
1022 1023 2
1023 1024 2
1024 1025 2
1026 1075 2
1026 1028 2
1026 1027 2
1027 1028 2
1029 1037 2
1029 1036 2
1036 1037 2
1050 1052 2
1053 1055 2
1053 1054 2
1054 1055 2
1062 1066 2
1062 1063 2
1064 1065 2
1065 1066 2
1067 1069 2
1067 1068 2
1068 1069 2
1070 1071 2
1072 1073 2
1073 1075 2
1073 1082 2
1074 1075 2
1074 1082 2
1074 1083 2
1083 1085 2
1084 1085 2
1084 1086 2
1087 1088 2
1098 1100 2
1098 1099 2
1099 1100 2
1101 1102 2
1103 1107 2
926 948 3
949 1103 3
949 1102 3
949 1101 3
950 951 3
967 1025 3
967 1009 3
967 968 3
968 1025 3
968 1009 3
1010 1016 3
1010 1011 3
1011 1016 3
1017 1021 3
1017 1018 3
1018 1021 3
1022 1024 3
1022 1023 3
1023 1024 3
1024 1025 3
1026 1075 3
1026 1028 3
1026 1027 3
1027 1028 3
1029 1037 3
1029 1036 3
1036 1037 3
1050 1052 3
1053 1055 3
1053 1054 3
1054 1055 3
1062 1066 3
1062 1063 3
1064 1065 3
1065 1066 3
1067 1069 3
1067 1068 3
1068 1069 3
1070 1071 3
1072 1073 3
1073 1075 3
1073 1082 3
1074 1075 3
1074 1082 3
1074 1083 3
1083 1085 3
1084 1085 3
1084 1086 3
1087 1088 3
1098 1100 3
1098 1099 3
1099 1100 3
1101 1102 3
1103 1107 3
926 948 4
949 1103 4
949 1102 4
949 1101 4
950 951 4
967 1025 4
967 1009 4
967 968 4
968 1025 4
968 1009 4
1010 1016 4
1010 1011 4
1011 1016 4
1017 1021 4
1017 1018 4
1018 1021 4
1022 1024 4
1022 1023 4
1023 1024 4
1024 1025 4
1026 1075 4
1026 1028 4
1026 1027 4
1027 1028 4
1029 1037 4
1029 1036 4
1036 1037 4
1050 1052 4
1053 1055 4
1053 1054 4
1054 1055 4
1062 1066 4
1062 1063 4
1064 1065 4
1065 1066 4
1067 1069 4
1067 1068 4
1068 1069 4
1070 1071 4
1072 1073 4
1073 1075 4
1073 1082 4
1074 1075 4
1074 1082 4
1074 1083 4
1083 1085 4
1084 1085 4
1084 1086 4
1087 1088 4
1098 1100 4
1098 1099 4
1099 1100 4
1101 1102 4
1103 1107 4
926 948 5
949 1103 5
949 1102 5
949 1101 5
950 951 5
967 1025 5
967 1009 5
967 968 5
968 1025 5
968 1009 5
1010 1016 5
1010 1011 5
1011 1016 5
1017 1021 5
1017 1018 5
1018 1021 5
1022 1024 5
1022 1023 5
1023 1024 5
1024 1025 5
1026 1075 5
1026 1028 5
1026 1027 5
1027 1028 5
1029 1037 5
1029 1036 5
1036 1037 5
1050 1052 5
1053 1055 5
1053 1054 5
1054 1055 5
1062 1066 5
1062 1063 5
1064 1065 5
1065 1066 5
1067 1069 5
1067 1068 5
1068 1069 5
1070 1071 5
1072 1073 5
1073 1075 5
1073 1082 5
1074 1075 5
1074 1082 5
1074 1083 5
1083 1085 5
1084 1085 5
1084 1086 5
1087 1088 5
1098 1100 5
1098 1099 5
1099 1100 5
1101 1102 5
1103 1107 5
64 65 27
66 304 27
305 313 27
64 65 28
66 304 28
305 313 28
64 65 29
66 304 29
305 313 29
64 65 30
66 304 30
305 313 30
64 65 33
66 304 33
305 313 33
64 65 35
66 304 35
305 313 35
