926 947 2
926 948 2
947 1102 2
948 950 2
949 950 2
949 967 2
967 1007 2
968 1007 2
968 1008 2
1008 1010 2
1009 1010 2
1009 1016 2
1016 1018 2
1017 1018 2
1017 1021 2
1021 1023 2
1022 1023 2
1022 1024 2
1024 1026 2
1025 1026 2
1025 1027 2
1027 1037 2
1028 1037 2
1028 1040 2
1041 1053 2
1053 1055 2
1054 1055 2
1054 1060 2
1061 1062 2
1062 1064 2
1063 1064 2
1063 1065 2
1065 1067 2
1066 1067 2
1066 1068 2
1068 1074 2
1069 1074 2
1069 1075 2
1074 1077 2
1075 1077 2
1075 1082 2
1076 1077 2
1076 1082 2
1076 1083 2
1083 1085 2
1084 1085 2
1084 1086 2
1086 1100 2
1088 1100 2
1088 1101 2
1101 1103 2
1102 1103 2
926 947 3
926 948 3
947 1102 3
948 950 3
949 950 3
949 967 3
967 1007 3
968 1007 3
968 1008 3
1008 1010 3
1009 1010 3
1009 1016 3
1016 1018 3
1017 1018 3
1017 1021 3
1021 1023 3
1022 1023 3
1022 1024 3
1024 1026 3
1025 1026 3
1025 1027 3
1027 1037 3
1028 1037 3
1028 1040 3
1041 1053 3
1053 1055 3
1054 1055 3
1054 1060 3
1061 1062 3
1062 1064 3
1063 1064 3
1063 1065 3
1065 1067 3
1066 1067 3
1066 1068 3
1068 1074 3
1069 1074 3
1069 1075 3
1074 1077 3
1075 1077 3
1075 1082 3
1076 1077 3
1076 1082 3
1076 1083 3
1083 1085 3
1084 1085 3
1084 1086 3
1086 1100 3
1088 1100 3
1088 1101 3
1101 1103 3
1102 1103 3
926 947 4
926 948 4
947 1102 4
948 950 4
949 950 4
949 967 4
967 1007 4
968 1007 4
968 1008 4
1008 1010 4
1009 1010 4
1009 1016 4
1016 1018 4
1017 1018 4
1017 1021 4
1021 1023 4
1022 1023 4
1022 1024 4
1024 1026 4
1025 1026 4
1025 1027 4
1027 1037 4
1028 1037 4
1028 1040 4
1041 1053 4
1053 1055 4
1054 1055 4
1054 1060 4
1061 1062 4
1062 1064 4
1063 1064 4
1063 1065 4
1065 1067 4
1066 1067 4
1066 1068 4
1068 1074 4
1069 1074 4
1069 1075 4
1074 1077 4
1075 1077 4
1075 1082 4
1076 1077 4
1076 1082 4
1076 1083 4
1083 1085 4
1084 1085 4
1084 1086 4
1086 1100 4
1088 1100 4
1088 1101 4
1101 1103 4
1102 1103 4
926 947 5
926 948 5
947 1102 5
948 950 5
949 950 5
949 967 5
967 1007 5
968 1007 5
968 1008 5
1008 1010 5
1009 1010 5
1009 1016 5
1016 1018 5
1017 1018 5
1017 1021 5
1021 1023 5
1022 1023 5
1022 1024 5
1024 1026 5
1025 1026 5
1025 1027 5
1027 1037 5
1028 1037 5
1028 1040 5
1041 1053 5
1053 1055 5
1054 1055 5
1054 1060 5
1061 1062 5
1062 1064 5
1063 1064 5
1063 1065 5
1065 1067 5
1066 1067 5
1066 1068 5
1068 1074 5
1069 1074 5
1069 1075 5
1074 1077 5
1075 1077 5
1075 1082 5
1076 1077 5
1076 1082 5
1076 1083 5
1083 1085 5
1084 1085 5
1084 1086 5
1086 1100 5
1088 1100 5
1088 1101 5
1101 1103 5
1102 1103 5
540 661 45
662 663 45
663 664 45
664 677 45
665 675 45
665 666 45
666 675 45
670 676 45
676 678 45
677 678 45
540 661 46
662 663 46
663 664 46
664 677 46
665 675 46
665 666 46
666 675 46
670 676 46
676 678 46
677 678 46
540 661 47
662 663 47
663 664 47
664 677 47
665 675 47
665 666 47
666 675 47
670 676 47
676 678 47
677 678 47
540 661 52
662 663 52
663 664 52
664 677 52
665 675 52
665 666 52
666 675 52
670 676 52
676 678 52
677 678 52
