3 1894 0
4 236 0
4 237 0
5 1027 0
5 1039 0
5 1158 0
28 1893 0
42 1892 0
47 1888 0
50 1887 0
52 230 0
52 235 0
53 1879 0
59 1878 0
80 985 0
80 986 0
80 1024 0
87 228 0
87 229 0
92 1877 0
94 1873 0
95 1851 0
107 1850 0
121 1614 0
121 1615 0
121 1619 0
121 1210 0
121 1222 0
121 1542 0
121 1623 0
121 54 0
121 86 0
121 104 0
122 1849 0
134 1847 0
137 169 0
137 170 0
137 172 0
137 173 0
148 1845 0
153 1840 0
157 1839 0
162 1838 0
175 218 0
175 220 0
185 1831 0
186 1830 0
196 1829 0
211 1803 0
213 1794 0
222 1784 0
227 1780 0
232 1757 0
252 1755 0
296 1731 0
301 1723 0
312 1697 0
316 1646 0
321 1623 0
324 1619 0
327 1615 0
333 1614 0
338 337 0
346 1610 0
356 187 0
356 217 0
371 1609 0
376 1608 0
377 336 0
381 1584 0
384 1614 0
384 1615 0
384 1619 0
384 168 0
386 1581 0
409 326 0
417 1222 0
417 1277 0
437 1578 0
456 1577 0
458 1576 0
479 182 0
479 183 0
486 173 0
486 180 0
489 1569 0
494 1614 0
494 1615 0
494 1619 0
494 86 0
494 105 0
494 106 0
494 107 0
494 253 0
494 254 0
494 104 0
495 171 0
495 172 0
505 1556 0
508 1554 0
531 323 0
541 1542 0
546 1519 0
569 322 0
573 1518 0
574 1517 0
610 1490 0
612 1484 0
616 321 0
620 1468 0
624 1454 0
626 1443 0
637 1399 0
638 1397 0
639 1395 0
656 1614 0
656 1615 0
656 1619 0
656 167 0
665 1393 0
673 1392 0
686 1379 0
700 169 0
700 170 0
702 167 0
702 168 0
703 1375 0
705 315 0
706 162 0
706 165 0
708 1374 0
713 1368 0
717 159 0
717 161 0
719 1614 0
719 1615 0
719 1619 0
719 107 0
723 1356 0
728 1354 0
734 1350 0
740 1347 0
750 157 0
750 158 0
753 1346 0
763 152 0
763 153 0
770 1309 0
775 1282 0
776 1278 0
778 1277 0
785 1222 0
787 1210 0
791 1209 0
792 150 0
792 151 0
795 1172 0
801 134 0
801 135 0
814 1171 0
823 296 0
827 294 0
856 1170 0
857 1161 0
861 1159 0
872 1158 0
893 293 0
915 1209 0
915 1210 0
919 1112 0
929 1099 0
945 1097 0
954 1073 0
962 1072 0
968 282 0
978 1059 0
996 1041 0
1014 1039 0
1047 130 0
1047 133 0
1056 1030 0
1068 1027 0
1072 281 0
1076 1024 0
1093 1004 0
1099 280 0
1101 1001 0
1108 120 0
1108 122 0
1116 1000 0
1125 999 0
1128 993 0
1133 992 0
1143 986 0
1150 985 0
1162 118 0
1162 119 0
1163 984 0
1173 968 0
1177 110 0
1177 111 0
1185 923 0
1188 922 0
1192 921 0
1195 916 0
1197 915 0
1201 914 0
1207 896 0
1209 259 0
1217 893 0
1231 891 0
1234 106 0
1234 107 0
1239 890 0
1256 870 0
1263 851 0
1264 849 0
1287 842 0
1295 835 0
1306 104 0
1306 105 0
1324 96 0
1324 101 0
1336 827 0
1348 826 0
1350 256 0
1358 86 0
1358 94 0
1373 54 0
1373 74 0
1378 823 0
1379 255 0
1385 808 0
1388 806 0
1392 254 0
1396 802 0
1397 1159 0
1397 1161 0
1407 768 0
1408 743 0
1411 736 0
1413 720 0
1421 19 0
1421 20 0
1430 705 0
1440 6 0
1440 7 0
1442 704 0
1443 1614 0
1443 1615 0
1443 1619 0
1443 105 0
1445 1830 0
1445 1831 0
1459 891 0
1459 893 0
1459 984 0
1460 561 0
1460 569 0
1460 890 0
1473 699 0
1479 698 0
1480 661 0
1481 648 0
1494 647 0
1528 646 0
1529 1614 0
1529 1615 0
1529 1619 0
1529 106 0
1533 644 0
1544 294 0
1544 296 0
1544 430 0
1552 643 0
1558 1755 0
1558 1829 0
1561 616 0
1580 253 0
1580 254 0
1580 293 0
1595 611 0
1600 598 0
1601 589 0
1617 569 0
1626 563 0
1633 1619 0
1633 1623 0
1635 561 0
1643 1614 0
1643 1615 0
1647 534 0
1651 531 0
1657 494 0
1668 477 0
1678 476 0
1685 475 0
1700 1542 0
1700 1584 0
1704 1375 0
1704 1379 0
1718 1368 0
1718 1374 0
1719 461 0
1722 454 0
1725 442 0
1739 430 0
1744 417 0
1747 410 0
1749 409 0
1750 408 0
1765 392 0
1769 380 0
1782 1614 0
1782 1615 0
1782 1619 0
1782 86 0
1782 105 0
1782 106 0
1782 107 0
1782 253 0
1782 254 0
1782 1209 0
1796 378 0
1801 377 0
1802 1354 0
1802 1356 0
1810 361 0
1820 359 0
1849 253 0
1856 358 0
1863 1278 0
1863 1282 0
1867 340 0
1886 339 0
1897 338 0
5 1027 1
5 1039 1
5 1158 1
7 1894 1
15 236 1
15 237 1
20 1542 1
20 1584 1
29 1893 1
41 1892 1
42 1888 1
45 230 1
45 235 1
55 228 1
55 229 1
58 985 1
58 986 1
58 1024 1
70 1887 1
87 1879 1
105 1878 1
119 1375 1
119 1379 1
125 1877 1
128 1873 1
134 1851 1
145 1850 1
150 1849 1
157 1847 1
160 218 1
160 220 1
168 1845 1
175 1840 1
182 1839 1
190 1838 1
191 1831 1
204 1830 1
205 1829 1
206 187 1
206 217 1
213 1803 1
215 1794 1
225 1784 1
226 1780 1
228 1757 1
242 182 1
242 183 1
259 1755 1
312 1731 1
313 169 1
313 170 1
313 172 1
313 173 1
321 315 1
327 1723 1
328 1697 1
335 173 1
335 180 1
336 1614 1
336 1615 1
336 1619 1
336 105 1
340 296 1
341 171 1
341 172 1
349 1646 1
350 1623 1
351 1619 1
372 1615 1
387 1614 1
390 1610 1
391 1609 1
392 294 1
400 1608 1
405 1584 1
408 293 1
418 1581 1
421 1614 1
421 1615 1
421 1619 1
421 1210 1
421 1222 1
421 1542 1
421 1623 1
421 54 1
421 86 1
421 104 1
432 1578 1
446 1577 1
450 1576 1
456 1569 1
467 1556 1
471 169 1
471 170 1
486 1554 1
488 1542 1
494 1368 1
494 1374 1
507 1519 1
513 1518 1
514 1517 1
524 1490 1
526 1484 1
529 1614 1
529 1615 1
529 1619 1
529 86 1
529 105 1
529 106 1
529 107 1
529 253 1
529 254 1
529 1209 1
543 167 1
543 168 1
555 1468 1
556 162 1
556 165 1
569 282 1
570 1454 1
576 1443 1
586 1399 1
591 1397 1
593 1395 1
617 1393 1
618 159 1
618 161 1
622 1392 1
641 157 1
641 158 1
658 1379 1
663 1375 1
668 1374 1
682 152 1
682 153 1
695 1368 1
703 1356 1
714 1354 1
732 1350 1
739 1347 1
742 150 1
742 151 1
758 1346 1
761 1309 1
764 1282 1
779 134 1
779 135 1
784 1278 1
793 1277 1
813 1222 1
822 1210 1
826 281 1
833 1209 1
835 1354 1
835 1356 1
838 1172 1
841 891 1
841 893 1
841 984 1
853 1171 1
866 1170 1
874 130 1
874 133 1
875 1161 1
896 280 1
922 1278 1
922 1282 1
930 1159 1
933 1158 1
940 1112 1
941 120 1
941 122 1
942 1099 1
943 1097 1
949 1073 1
954 118 1
954 119 1
958 1072 1
959 1059 1
972 1041 1
979 110 1
979 111 1
993 1222 1
993 1277 1
997 1039 1
1014 1030 1
1019 1027 1
1028 1024 1
1048 1004 1
1055 106 1
1055 107 1
1057 1001 1
1066 1000 1
1069 999 1
1073 1209 1
1073 1210 1
1074 993 1
1086 992 1
1094 104 1
1094 105 1
1098 986 1
1106 985 1
1122 984 1
1130 968 1
1151 923 1
1164 922 1
1179 921 1
1182 916 1
1211 915 1
1212 914 1
1214 896 1
1217 893 1
1230 891 1
1232 890 1
1241 870 1
1248 96 1
1248 101 1
1276 851 1
1295 849 1
1305 842 1
1311 835 1
1312 561 1
1312 569 1
1312 890 1
1318 827 1
1319 826 1
1330 823 1
1337 808 1
1354 259 1
1355 806 1
1370 802 1
1380 768 1
1388 743 1
1391 294 1
1391 296 1
1391 430 1
1403 736 1
1404 720 1
1405 86 1
1405 94 1
1419 705 1
1421 704 1
1440 699 1
1445 698 1
1449 661 1
1453 1614 1
1453 1615 1
1453 1619 1
1453 168 1
1463 648 1
1471 647 1
1474 646 1
1492 644 1
1500 643 1
1505 616 1
1508 611 1
1509 598 1
1517 256 1
1527 589 1
1528 253 1
1528 254 1
1528 293 1
1536 569 1
1539 563 1
1541 561 1
1559 534 1
1571 531 1
1575 494 1
1583 477 1
1591 476 1
1597 475 1
1620 461 1
1629 454 1
1635 54 1
1635 74 1
1637 1614 1
1637 1615 1
1637 1619 1
1637 167 1
1642 442 1
1647 430 1
1651 417 1
1659 410 1
1671 409 1
1696 408 1
1709 392 1
1712 1614 1
1712 1615 1
1712 1619 1
1712 86 1
1712 105 1
1712 106 1
1712 107 1
1712 253 1
1712 254 1
1712 104 1
1718 380 1
1719 378 1
1728 377 1
1732 361 1
1750 19 1
1750 20 1
1754 359 1
1764 358 1
1765 6 1
1765 7 1
1770 340 1
1779 1830 1
1779 1831 1
1789 339 1
1790 338 1
1801 337 1
1806 1755 1
1806 1829 1
1811 336 1
1814 1614 1
1814 1615 1
1814 1619 1
1814 107 1
1815 1619 1
1815 1623 1
1818 326 1
1819 1614 1
1819 1615 1
1821 323 1
1829 1159 1
1829 1161 1
1834 322 1
1839 255 1
1851 254 1
1858 1614 1
1858 1615 1
1858 1619 1
1858 106 1
1882 321 1
1892 253 1
3 1894 2
5 1893 2
14 236 2
14 237 2
38 1892 2
46 1888 2
57 1887 2
62 1879 2
89 1878 2
100 1877 2
125 230 2
125 235 2
127 169 2
127 170 2
127 172 2
127 173 2
137 1873 2
144 1614 2
144 1615 2
144 1619 2
144 1210 2
144 1222 2
144 1542 2
144 1623 2
144 54 2
144 86 2
144 104 2
147 1851 2
152 1850 2
217 1849 2
221 1847 2
224 228 2
224 229 2
227 1845 2
236 1840 2
238 1839 2
244 1838 2
259 1614 2
259 1615 2
259 1619 2
259 105 2
276 1831 2
281 1278 2
281 1282 2
287 218 2
287 220 2
288 1830 2
292 187 2
292 217 2
294 1222 2
294 1277 2
296 1829 2
301 1803 2
303 1794 2
306 1784 2
309 1780 2
321 1757 2
323 1755 2
330 1731 2
332 1723 2
338 1697 2
349 182 2
349 183 2
350 1646 2
362 1623 2
376 1619 2
386 1615 2
412 1614 2
427 1610 2
431 1609 2
443 1608 2
444 173 2
444 180 2
461 338 2
467 1584 2
484 171 2
484 172 2
493 1581 2
494 337 2
496 1578 2
498 1577 2
505 1576 2
513 1569 2
518 1556 2
541 1554 2
543 1542 2
553 1519 2
570 1518 2
571 1517 2
572 1490 2
579 169 2
579 170 2
590 167 2
590 168 2
603 1027 2
603 1039 2
603 1158 2
605 1484 2
613 1468 2
662 1614 2
662 1615 2
662 1619 2
662 168 2
669 1454 2
678 1443 2
688 1399 2
691 1397 2
694 1395 2
697 1393 2
702 1392 2
703 1379 2
721 1375 2
722 1374 2
731 1368 2
739 1356 2
743 336 2
750 1354 2
754 1350 2
757 1347 2
758 1346 2
759 1309 2
766 1282 2
769 162 2
769 165 2
770 1278 2
793 159 2
793 161 2
799 157 2
799 158 2
800 1277 2
809 1222 2
811 1210 2
820 152 2
820 153 2
830 1209 2
833 1172 2
838 1614 2
838 1615 2
838 1619 2
838 167 2
846 1171 2
848 1170 2
854 1161 2
857 1159 2
868 985 2
868 986 2
868 1024 2
882 1158 2
884 1112 2
890 1209 2
890 1210 2
893 326 2
894 1099 2
901 1097 2
911 1073 2
916 323 2
919 1072 2
924 1059 2
931 1041 2
938 150 2
938 151 2
945 134 2
945 135 2
973 1039 2
974 1030 2
983 1027 2
1004 322 2
1009 130 2
1009 133 2
1024 321 2
1041 315 2
1052 1024 2
1055 120 2
1055 122 2
1062 1614 2
1062 1615 2
1062 1619 2
1062 107 2
1063 1004 2
1067 1001 2
1072 296 2
1078 1000 2
1079 999 2
1082 993 2
1100 992 2
1104 986 2
1130 118 2
1130 119 2
1133 985 2
1139 984 2
1143 968 2
1154 923 2
1160 922 2
1167 921 2
1180 110 2
1180 111 2
1183 106 2
1183 107 2
1196 916 2
1197 891 2
1197 893 2
1197 984 2
1203 915 2
1212 104 2
1212 105 2
1216 96 2
1216 101 2
1217 914 2
1227 896 2
1228 893 2
1230 891 2
1249 561 2
1249 569 2
1249 890 2
1252 890 2
1259 86 2
1259 94 2
1265 870 2
1286 851 2
1287 849 2
1297 842 2
1299 835 2
1302 54 2
1302 74 2
1303 827 2
1322 19 2
1322 20 2
1323 826 2
1327 823 2
1330 808 2
1334 806 2
1337 6 2
1337 7 2
1347 294 2
1370 802 2
1384 768 2
1395 293 2
1399 282 2
1422 743 2
1442 736 2
1453 1830 2
1453 1831 2
1458 1755 2
1458 1829 2
1462 720 2
1466 705 2
1469 704 2
1473 699 2
1477 698 2
1479 661 2
1488 648 2
1491 294 2
1491 296 2
1491 430 2
1492 647 2
1494 1614 2
1494 1615 2
1494 1619 2
1494 86 2
1494 105 2
1494 106 2
1494 107 2
1494 253 2
1494 254 2
1494 1209 2
1509 646 2
1522 644 2
1554 1159 2
1554 1161 2
1567 643 2
1581 281 2
1587 1619 2
1587 1623 2
1589 616 2
1590 611 2
1596 598 2
1605 1614 2
1605 1615 2
1611 589 2
1614 280 2
1627 569 2
1630 563 2
1647 561 2
1660 534 2
1668 531 2
1686 494 2
1687 1542 2
1687 1584 2
1688 477 2
1700 476 2
1701 475 2
1703 461 2
1704 454 2
1707 1375 2
1707 1379 2
1711 1368 2
1711 1374 2
1719 442 2
1720 1354 2
1720 1356 2
1725 1614 2
1725 1615 2
1725 1619 2
1725 106 2
1736 430 2
1754 253 2
1754 254 2
1754 293 2
1755 259 2
1775 417 2
1782 1614 2
1782 1615 2
1782 1619 2
1782 86 2
1782 105 2
1782 106 2
1782 107 2
1782 253 2
1782 254 2
1782 104 2
1788 410 2
1794 256 2
1798 409 2
1802 408 2
1803 255 2
1810 392 2
1817 380 2
1834 378 2
1841 377 2
1849 254 2
1862 361 2
1865 359 2
1869 358 2
1882 340 2
1890 339 2
1892 253 2
22 1894 3
26 236 3
26 237 3
27 1893 3
45 1892 3
58 1888 3
72 1887 3
73 1879 3
82 1878 3
98 1877 3
101 1873 3
104 1851 3
106 1850 3
112 230 3
112 235 3
122 1849 3
125 1847 3
138 228 3
138 229 3
147 1845 3
169 1840 3
171 1839 3
193 1838 3
221 1614 3
221 1615 3
221 1619 3
221 1210 3
221 1222 3
221 1542 3
221 1623 3
221 54 3
221 86 3
221 104 3
223 1831 3
234 1830 3
239 1829 3
247 1803 3
254 1794 3
264 1784 3
275 169 3
275 170 3
275 172 3
275 173 3
278 1780 3
288 1757 3
292 1755 3
303 1731 3
324 1723 3
326 1697 3
332 1646 3
344 1623 3
359 338 3
368 1619 3
369 218 3
369 220 3
370 1615 3
372 1614 3
380 337 3
395 1610 3
406 1609 3
413 187 3
413 217 3
418 1608 3
430 336 3
431 1614 3
431 1615 3
431 1619 3
431 168 3
445 1584 3
449 1614 3
449 1615 3
449 1619 3
449 167 3
453 1581 3
458 1578 3
481 182 3
481 183 3
490 1577 3
493 1576 3
496 1569 3
501 1556 3
515 1554 3
516 1542 3
522 1519 3
523 1518 3
526 173 3
526 180 3
530 1517 3
533 1490 3
537 1484 3
544 1468 3
557 171 3
557 172 3
562 169 3
562 170 3
563 326 3
571 1454 3
572 1443 3
582 1399 3
592 1397 3
597 1027 3
597 1039 3
597 1158 3
606 167 3
606 168 3
612 1395 3
613 1393 3
614 1392 3
619 1379 3
623 1375 3
626 1374 3
647 323 3
649 1368 3
650 1356 3
669 1354 3
671 985 3
671 986 3
671 1024 3
683 1350 3
695 1347 3
698 1209 3
698 1210 3
733 1346 3
750 1309 3
763 1282 3
769 1278 3
771 1277 3
779 1222 3
792 1210 3
807 1209 3
813 1172 3
853 1171 3
854 162 3
854 165 3
868 1170 3
877 1161 3
879 1159 3
884 1158 3
888 1112 3
904 159 3
904 161 3
910 157 3
910 158 3
941 1099 3
944 1097 3
956 1073 3
959 1072 3
961 1059 3
965 1041 3
972 1039 3
976 891 3
976 893 3
976 984 3
986 322 3
987 1030 3
989 1027 3
992 321 3
998 1024 3
1005 561 3
1005 569 3
1005 890 3
1047 152 3
1047 153 3
1051 150 3
1051 151 3
1053 1614 3
1053 1615 3
1053 1619 3
1053 107 3
1058 1004 3
1068 134 3
1068 135 3
1081 130 3
1081 133 3
1088 1001 3
1094 1000 3
1095 999 3
1096 1614 3
1096 1615 3
1096 1619 3
1096 106 3
1098 993 3
1130 992 3
1132 986 3
1153 985 3
1159 315 3
1169 984 3
1171 296 3
1172 1159 3
1172 1161 3
1174 120 3
1174 122 3
1181 968 3
1197 923 3
1208 922 3
1217 921 3
1219 118 3
1219 119 3
1227 1614 3
1227 1615 3
1227 1619 3
1227 86 3
1227 105 3
1227 106 3
1227 107 3
1227 253 3
1227 254 3
1227 1209 3
1235 110 3
1235 111 3
1240 916 3
1250 915 3
1265 914 3
1270 106 3
1270 107 3
1276 896 3
1277 294 3
1285 893 3
1286 891 3
1287 104 3
1287 105 3
1293 890 3
1299 96 3
1299 101 3
1304 86 3
1304 94 3
1308 870 3
1316 851 3
1324 849 3
1330 842 3
1342 835 3
1352 1614 3
1352 1615 3
1352 1619 3
1352 86 3
1352 105 3
1352 106 3
1352 107 3
1352 253 3
1352 254 3
1352 104 3
1356 293 3
1366 827 3
1370 54 3
1370 74 3
1374 282 3
1389 826 3
1400 19 3
1400 20 3
1403 823 3
1405 808 3
1408 806 3
1436 802 3
1441 768 3
1452 743 3
1454 281 3
1460 736 3
1475 720 3
1495 705 3
1496 704 3
1504 699 3
1507 6 3
1507 7 3
1515 1830 3
1515 1831 3
1519 280 3
1526 698 3
1531 661 3
1533 648 3
1536 647 3
1544 646 3
1551 644 3
1552 643 3
1563 616 3
1566 611 3
1567 598 3
1585 589 3
1586 569 3
1594 1755 3
1594 1829 3
1644 1619 3
1644 1623 3
1669 563 3
1684 294 3
1684 296 3
1684 430 3
1685 561 3
1693 534 3
1694 1614 3
1694 1615 3
1694 1619 3
1694 105 3
1695 531 3
1699 494 3
1709 477 3
1717 476 3
1720 475 3
1722 461 3
1723 259 3
1727 454 3
1733 442 3
1737 430 3
1740 1614 3
1740 1615 3
1743 417 3
1748 1542 3
1748 1584 3
1750 410 3
1753 409 3
1754 408 3
1758 1375 3
1758 1379 3
1759 392 3
1761 1368 3
1761 1374 3
1762 380 3
1763 378 3
1766 1354 3
1766 1356 3
1776 253 3
1776 254 3
1776 293 3
1784 256 3
1811 377 3
1828 1278 3
1828 1282 3
1840 255 3
1858 361 3
1869 359 3
1878 254 3
1884 358 3
1885 340 3
1891 1222 3
1891 1277 3
1893 253 3
1898 339 3
4 1894 4
25 1893 4
34 1892 4
39 1888 4
46 236 4
46 237 4
67 1887 4
83 1879 4
87 1878 4
89 1877 4
98 1873 4
101 1851 4
104 1850 4
108 1849 4
117 1847 4
120 1354 4
120 1356 4
128 1845 4
132 1840 4
134 1614 4
134 1615 4
134 1619 4
134 105 4
143 1839 4
151 1838 4
156 1831 4
168 294 4
168 296 4
168 430 4
195 1830 4
200 230 4
200 235 4
203 228 4
203 229 4
219 1829 4
233 1803 4
247 1794 4
252 169 4
252 170 4
252 172 4
252 173 4
255 1784 4
257 1780 4
262 218 4
262 220 4
270 1757 4
284 1755 4
290 187 4
290 217 4
293 1731 4
297 182 4
297 183 4
298 1723 4
299 1697 4
320 1646 4
326 1623 4
346 1619 4
357 1615 4
358 1278 4
358 1282 4
388 1614 4
390 1610 4
391 1609 4
401 1608 4
404 173 4
404 180 4
426 1584 4
450 1581 4
470 1578 4
474 171 4
474 172 4
476 337 4
496 1577 4
503 1576 4
514 1569 4
524 1556 4
525 1554 4
526 1614 4
526 1615 4
526 1619 4
526 168 4
527 1027 4
527 1039 4
527 1158 4
530 1542 4
535 1519 4
539 1518 4
543 1517 4
546 1490 4
559 1484 4
568 1468 4
569 336 4
573 1454 4
585 1443 4
589 326 4
593 169 4
593 170 4
604 1399 4
606 1614 4
606 1615 4
606 1619 4
606 1210 4
606 1222 4
606 1542 4
606 1623 4
606 54 4
606 86 4
606 104 4
614 167 4
614 168 4
616 323 4
637 1397 4
638 1395 4
654 162 4
654 165 4
663 1393 4
670 1392 4
671 159 4
671 161 4
676 1379 4
680 1375 4
701 1374 4
704 322 4
712 1368 4
714 1356 4
716 1354 4
726 1350 4
728 157 4
728 158 4
735 1347 4
746 1346 4
754 1309 4
762 152 4
762 153 4
770 1282 4
774 1278 4
782 985 4
782 986 4
782 1024 4
785 1277 4
789 150 4
789 151 4
793 1222 4
794 1210 4
803 1209 4
850 1172 4
872 1171 4
877 1170 4
929 134 4
929 135 4
947 130 4
947 133 4
955 1161 4
980 120 4
980 122 4
999 321 4
1000 315 4
1001 296 4
1004 294 4
1021 1159 4
1036 1158 4
1044 1112 4
1048 1099 4
1075 1097 4
1076 118 4
1076 119 4
1079 1073 4
1081 1072 4
1086 1059 4
1095 1041 4
1097 293 4
1098 110 4
1098 111 4
1103 1039 4
1121 891 4
1121 893 4
1121 984 4
1129 1030 4
1149 1027 4
1162 1024 4
1164 1004 4
1165 1001 4
1185 1000 4
1186 999 4
1190 106 4
1190 107 4
1195 1614 4
1195 1615 4
1195 1619 4
1195 167 4
1197 993 4
1203 992 4
1216 986 4
1217 985 4
1219 984 4
1222 253 4
1222 254 4
1222 293 4
1235 968 4
1250 923 4
1257 922 4
1265 921 4
1266 916 4
1269 915 4
1280 914 4
1282 282 4
1285 896 4
1287 104 4
1287 105 4
1299 893 4
1301 891 4
1311 890 4
1313 870 4
1321 96 4
1321 101 4
1322 86 4
1322 94 4
1340 851 4
1357 849 4
1358 842 4
1361 1614 4
1361 1615 4
1361 1619 4
1361 107 4
1364 54 4
1364 74 4
1390 835 4
1407 827 4
1409 826 4
1412 823 4
1417 808 4
1421 19 4
1421 20 4
1436 806 4
1437 802 4
1439 768 4
1440 743 4
1441 736 4
1447 720 4
1466 705 4
1468 281 4
1483 704 4
1490 280 4
1497 699 4
1499 698 4
1501 661 4
1502 648 4
1512 647 4
1516 1614 4
1516 1615 4
1516 1619 4
1516 86 4
1516 105 4
1516 106 4
1516 107 4
1516 253 4
1516 254 4
1516 1209 4
1524 646 4
1535 644 4
1545 6 4
1545 7 4
1549 643 4
1554 259 4
1559 561 4
1559 569 4
1559 890 4
1560 1830 4
1560 1831 4
1563 616 4
1582 611 4
1586 1755 4
1586 1829 4
1599 598 4
1604 589 4
1618 569 4
1627 1614 4
1627 1615 4
1627 1619 4
1627 86 4
1627 105 4
1627 106 4
1627 107 4
1627 253 4
1627 254 4
1627 104 4
1631 563 4
1635 561 4
1644 1614 4
1644 1615 4
1644 1619 4
1644 106 4
1650 534 4
1652 1619 4
1652 1623 4
1672 1614 4
1672 1615 4
1674 531 4
1678 494 4
1682 477 4
1693 476 4
1698 1542 4
1698 1584 4
1706 475 4
1718 461 4
1721 454 4
1731 256 4
1742 442 4
1744 430 4
1753 1375 4
1753 1379 4
1755 255 4
1760 417 4
1764 410 4
1767 409 4
1771 408 4
1774 392 4
1784 1222 4
1784 1277 4
1817 380 4
1820 1368 4
1820 1374 4
1832 378 4
1835 377 4
1837 361 4
1850 1209 4
1850 1210 4
1866 359 4
1876 358 4
1877 254 4
1878 253 4
1879 1159 4
1879 1161 4
1881 340 4
1890 339 4
1895 338 4
2 1894 5
8 1893 5
19 1892 5
23 236 5
23 237 5
36 1888 5
43 230 5
43 235 5
57 1887 5
60 1879 5
73 1878 5
82 1877 5
83 1873 5
84 1851 5
100 1850 5
102 1849 5
112 228 5
112 229 5
116 1847 5
117 1845 5
123 218 5
123 220 5
143 169 5
143 170 5
143 172 5
143 173 5
148 1840 5
161 1839 5
166 1838 5
176 1831 5
179 187 5
179 217 5
184 182 5
184 183 5
194 1830 5
200 173 5
200 180 5
202 1829 5
217 1803 5
222 171 5
222 172 5
242 1614 5
242 1615 5
242 1619 5
242 168 5
247 1794 5
255 1784 5
258 1780 5
268 1757 5
271 1755 5
274 1731 5
300 1723 5
308 1697 5
320 1646 5
342 1623 5
346 169 5
346 170 5
354 1619 5
365 1615 5
371 1027 5
371 1039 5
371 1158 5
389 1614 5
392 326 5
400 1610 5
401 1609 5
407 1608 5
413 1584 5
415 167 5
415 168 5
426 1581 5
429 1578 5
431 1577 5
432 1576 5
456 1569 5
466 1556 5
468 1554 5
475 323 5
491 1542 5
494 322 5
501 162 5
501 165 5
516 1519 5
545 1518 5
552 159 5
552 161 5
563 1278 5
563 1282 5
577 1517 5
582 1490 5
591 1484 5
595 157 5
595 158 5
620 1468 5
621 1454 5
623 1443 5
634 152 5
634 153 5
676 1399 5
677 150 5
677 151 5
682 1397 5
691 1395 5
692 134 5
692 135 5
699 321 5
705 1222 5
705 1277 5
706 1393 5
717 1392 5
721 1614 5
721 1615 5
721 1619 5
721 167 5
722 1379 5
736 315 5
747 130 5
747 133 5
756 1375 5
759 1374 5
763 1368 5
770 1356 5
780 1354 5
804 1350 5
808 296 5
823 294 5
828 1347 5
836 1346 5
853 1614 5
853 1615 5
853 1619 5
853 1210 5
853 1222 5
853 1542 5
853 1623 5
853 54 5
853 86 5
853 104 5
857 1614 5
857 1615 5
857 1619 5
857 86 5
857 105 5
857 106 5
857 107 5
857 253 5
857 254 5
857 1209 5
862 1309 5
866 1282 5
869 1278 5
873 985 5
873 986 5
873 1024 5
877 1277 5
883 1222 5
897 1210 5
901 1614 5
901 1615 5
901 1619 5
901 86 5
901 105 5
901 106 5
901 107 5
901 253 5
901 254 5
901 104 5
910 1209 5
918 1614 5
918 1615 5
918 1619 5
918 107 5
942 1172 5
949 1171 5
959 1170 5
962 120 5
962 122 5
967 118 5
967 119 5
968 293 5
978 1161 5
989 1159 5
998 1158 5
1002 1614 5
1002 1615 5
1002 1619 5
1002 106 5
1006 110 5
1006 111 5
1007 1112 5
1009 1099 5
1017 1097 5
1020 1073 5
1022 1072 5
1024 282 5
1033 1059 5
1042 106 5
1042 107 5
1044 1041 5
1046 1039 5
1053 1030 5
1074 891 5
1074 893 5
1074 984 5
1091 1027 5
1101 1024 5
1121 1004 5
1125 1001 5
1133 1614 5
1133 1615 5
1133 1619 5
1133 105 5
1151 1000 5
1153 999 5
1154 104 5
1154 105 5
1156 993 5
1169 992 5
1176 986 5
1190 985 5
1191 984 5
1197 968 5
1211 923 5
1225 922 5
1231 921 5
1245 916 5
1250 915 5
1259 914 5
1261 896 5
1274 893 5
1290 96 5
1290 101 5
1298 86 5
1298 94 5
1307 891 5
1327 890 5
1338 870 5
1340 851 5
1347 1209 5
1347 1210 5
1353 561 5
1353 569 5
1353 890 5
1360 54 5
1360 74 5
1378 849 5
1379 281 5
1383 842 5
1405 835 5
1413 19 5
1413 20 5
1425 6 5
1425 7 5
1429 827 5
1431 1830 5
1431 1831 5
1439 1755 5
1439 1829 5
1440 826 5
1458 1619 5
1458 1623 5
1464 823 5
1467 1614 5
1467 1615 5
1471 808 5
1472 806 5
1474 1542 5
1474 1584 5
1477 802 5
1486 768 5
1503 743 5
1506 736 5
1524 720 5
1526 705 5
1527 704 5
1531 699 5
1533 698 5
1547 661 5
1561 648 5
1567 647 5
1580 1375 5
1580 1379 5
1581 280 5
1584 253 5
1584 254 5
1584 293 5
1597 646 5
1598 644 5
1601 643 5
1602 616 5
1621 611 5
1622 598 5
1624 1368 5
1624 1374 5
1636 589 5
1647 569 5
1650 563 5
1651 561 5
1655 534 5
1657 531 5
1665 494 5
1674 477 5
1678 1354 5
1678 1356 5
1686 476 5
1694 475 5
1696 461 5
1699 454 5
1703 442 5
1711 430 5
1717 417 5
1718 410 5
1732 409 5
1736 408 5
1746 392 5
1755 259 5
1760 380 5
1765 378 5
1766 377 5
1768 361 5
1776 359 5
1780 256 5
1781 294 5
1781 296 5
1781 430 5
1784 255 5
1816 358 5
1825 340 5
1828 339 5
1839 1159 5
1839 1161 5
1844 338 5
1849 254 5
1857 337 5
1879 253 5
1897 336 5
5 1894 6
12 1893 6
20 1892 6
22 1888 6
26 1887 6
41 1879 6
50 1878 6
62 1877 6
72 1873 6
79 1851 6
81 1850 6
92 1849 6
94 1847 6
103 1845 6
109 1840 6
116 1839 6
120 1838 6
125 1831 6
126 1830 6
141 1829 6
142 1803 6
146 1794 6
163 1784 6
175 1780 6
177 1757 6
197 1755 6
205 236 6
205 237 6
206 1731 6
214 230 6
214 235 6
217 1723 6
220 1697 6
223 169 6
223 170 6
223 172 6
223 173 6
229 1646 6
244 1623 6
249 1614 6
249 1615 6
249 1619 6
249 168 6
253 1375 6
253 1379 6
263 1619 6
271 1615 6
272 1614 6
300 1610 6
314 1609 6
331 1608 6
336 323 6
338 322 6
345 1584 6
353 228 6
353 229 6
363 1581 6
370 218 6
370 220 6
373 187 6
373 217 6
387 1578 6
393 1577 6
397 1576 6
406 182 6
406 183 6
413 1569 6
414 1556 6
460 173 6
460 180 6
465 1554 6
471 1542 6
484 171 6
484 172 6
486 1519 6
489 1027 6
489 1039 6
489 1158 6
493 1518 6
516 1517 6
523 1490 6
543 1484 6
547 1614 6
547 1615 6
547 1619 6
547 1210 6
547 1222 6
547 1542 6
547 1623 6
547 54 6
547 86 6
547 104 6
552 1468 6
558 1454 6
575 1443 6
583 169 6
583 170 6
586 1399 6
593 1397 6
602 1395 6
612 1393 6
615 1392 6
636 167 6
636 168 6
637 162 6
637 165 6
661 321 6
667 1379 6
671 1375 6
704 1368 6
704 1374 6
714 159 6
714 161 6
719 985 6
719 986 6
719 1024 6
723 157 6
723 158 6
728 1614 6
728 1615 6
728 1619 6
728 167 6
733 1374 6
741 152 6
741 153 6
751 1368 6
753 1356 6
757 150 6
757 151 6
774 134 6
774 135 6
775 1354 6
778 1350 6
782 1347 6
786 130 6
786 133 6
792 1346 6
797 1309 6
819 1282 6
827 315 6
840 120 6
840 122 6
852 1278 6
859 1277 6
867 1222 6
874 1210 6
882 1209 6
889 1172 6
890 1354 6
890 1356 6
895 1171 6
900 1170 6
914 1278 6
914 1282 6
925 1161 6
934 1159 6
937 1158 6
945 1112 6
950 1614 6
950 1615 6
950 1619 6
950 107 6
953 891 6
953 893 6
953 984 6
962 118 6
962 119 6
972 1099 6
978 1097 6
989 1073 6
991 1072 6
998 1059 6
1006 1041 6
1009 1039 6
1021 1030 6
1029 1027 6
1033 1024 6
1040 1004 6
1041 253 6
1041 254 6
1041 293 6
1043 1001 6
1057 1614 6
1057 1615 6
1057 1619 6
1057 106 6
1072 1222 6
1072 1277 6
1074 1000 6
1075 999 6
1078 993 6
1082 992 6
1091 986 6
1095 985 6
1100 1614 6
1100 1615 6
1100 1619 6
1100 86 6
1100 105 6
1100 106 6
1100 107 6
1100 253 6
1100 254 6
1100 1209 6
1108 984 6
1110 968 6
1111 561 6
1111 569 6
1111 890 6
1117 923 6
1119 922 6
1120 110 6
1120 111 6
1126 921 6
1135 916 6
1137 915 6
1140 914 6
1157 106 6
1157 107 6
1163 896 6
1170 296 6
1174 893 6
1180 104 6
1180 105 6
1195 891 6
1196 96 6
1196 101 6
1197 890 6
1203 870 6
1206 851 6
1209 294 6
1237 86 6
1237 94 6
1245 849 6
1290 1614 6
1290 1615 6
1290 1619 6
1290 105 6
1294 842 6
1302 835 6
1307 827 6
1308 826 6
1325 823 6
1345 808 6
1352 806 6
1361 802 6
1370 768 6
1375 1159 6
1375 1161 6
1379 293 6
1383 743 6
1385 736 6
1404 54 6
1404 74 6
1415 720 6
1416 705 6
1418 704 6
1433 699 6
1438 19 6
1438 20 6
1439 294 6
1439 296 6
1439 430 6
1444 698 6
1451 661 6
1461 648 6
1464 647 6
1467 646 6
1468 282 6
1470 644 6
1486 643 6
1487 616 6
1501 611 6
1502 598 6
1508 589 6
1510 569 6
1525 6 6
1525 7 6
1533 1830 6
1533 1831 6
1539 563 6
1542 281 6
1553 561 6
1558 534 6
1560 531 6
1573 494 6
1578 280 6
1592 477 6
1601 476 6
1604 1755 6
1604 1829 6
1624 475 6
1633 461 6
1652 1619 6
1652 1623 6
1661 454 6
1668 1614 6
1668 1615 6
1670 442 6
1680 430 6
1688 417 6
1693 410 6
1697 259 6
1701 409 6
1703 408 6
1706 1542 6
1706 1584 6
1708 392 6
1709 380 6
1744 378 6
1749 377 6
1756 361 6
1759 359 6
1761 358 6
1784 256 6
1794 255 6
1831 254 6
1834 340 6
1836 339 6
1841 338 6
1846 337 6
1853 1614 6
1853 1615 6
1853 1619 6
1853 86 6
1853 105 6
1853 106 6
1853 107 6
1853 253 6
1853 254 6
1853 104 6
1873 253 6
1884 336 6
1885 326 6
1894 1209 6
1894 1210 6
