14 1890 0
49 1889 0
89 1888 0
97 1887 0
137 1886 0
143 1884 0
159 1873 0
162 1794 0
166 68 0
199 1644 0
210 1635 0
214 1618 0
288 1617 0
347 1607 0
379 1492 0
420 1484 0
423 1379 0
438 1375 0
489 1374 0
499 1107 0
514 1106 0
541 1105 0
548 12 0
560 1104 0
566 1103 0
593 1102 0
648 1101 0
711 1071 0
754 1064 0
755 1063 0
786 1062 0
834 1061 0
867 1030 0
920 1022 0
921 959 0
924 937 0
942 911 0
946 897 0
968 892 0
988 828 0
1055 822 0
1115 813 0
1160 812 0
1162 810 0
1194 788 0
1210 783 0
1217 772 0
1219 769 0
1221 767 0
1233 695 0
1234 633 0
1247 631 0
1265 609 0
1286 608 0
1299 607 0
1300 586 0
1305 548 0
1360 542 0
1413 505 0
1429 504 0
1447 487 0
1449 486 0
1474 485 0
1479 484 0
1483 481 0
1541 480 0
1562 479 0
1564 450 0
1588 449 0
1613 448 0
1618 10 0
1629 447 0
1632 393 0
1648 390 0
1664 334 0
1684 333 0
1725 233 0
1726 203 0
1773 198 0
1803 197 0
1808 193 0
1855 181 0
1874 175 0
1898 166 0
1 1890 1
8 1889 1
14 1888 1
18 1887 1
50 1886 1
64 1884 1
70 1873 1
111 1794 1
114 1644 1
123 1635 1
170 1618 1
186 1617 1
235 1607 1
289 1492 1
293 1484 1
312 1379 1
331 1375 1
337 1374 1
338 1107 1
349 1106 1
354 1105 1
355 1104 1
377 1103 1
381 1102 1
430 1101 1
440 1071 1
442 1064 1
452 1063 1
466 1062 1
471 1061 1
476 1030 1
544 1022 1
550 959 1
551 937 1
580 911 1
587 897 1
588 892 1
601 828 1
666 822 1
758 813 1
768 812 1
778 810 1
788 68 1
801 788 1
841 783 1
847 772 1
851 769 1
911 12 1
965 767 1
1032 695 1
1057 633 1
1068 631 1
1095 609 1
1112 608 1
1118 607 1
1168 586 1
1235 548 1
1250 542 1
1262 505 1
1270 504 1
1302 487 1
1333 486 1
1371 485 1
1415 484 1
1476 481 1
1491 480 1
1503 479 1
1538 450 1
1546 449 1
1570 448 1
1577 447 1
1581 393 1
1598 390 1
1667 334 1
1725 333 1
1765 233 1
1777 203 1
1784 198 1
1832 197 1
1853 193 1
1868 181 1
1874 175 1
1884 10 1
1898 166 1
37 1890 2
50 1889 2
68 1888 2
84 1887 2
105 1886 2
144 1884 2
199 1873 2
232 1794 2
235 1644 2
244 1635 2
257 1618 2
331 1617 2
357 1607 2
364 1492 2
401 1484 2
411 1379 2
423 1375 2
432 1374 2
471 1107 2
515 1106 2
600 1105 2
670 1104 2
674 1103 2
711 1102 2
714 1101 2
727 1071 2
785 1064 2
822 68 2
823 1063 2
845 1062 2
857 1061 2
881 1030 2
896 1022 2
910 959 2
939 937 2
940 911 2
955 897 2
986 892 2
996 828 2
1045 822 2
1073 813 2
1104 12 2
1106 10 2
1124 812 2
1141 810 2
1147 788 2
1174 783 2
1179 772 2
1195 769 2
1215 767 2
1226 695 2
1257 633 2
1266 631 2
1271 609 2
1321 608 2
1353 607 2
1397 586 2
1401 548 2
1402 542 2
1409 505 2
1411 504 2
1422 487 2
1434 486 2
1451 485 2
1499 484 2
1508 481 2
1593 480 2
1600 479 2
1660 450 2
1661 449 2
1670 448 2
1671 447 2
1701 393 2
1702 390 2
1732 334 2
1761 333 2
1765 233 2
1790 203 2
1829 198 2
1832 197 2
1845 193 2
1851 181 2
1867 175 2
1881 166 2
21 1890 3
22 1889 3
62 1888 3
79 1887 3
99 1886 3
109 1884 3
112 1873 3
133 1794 3
142 1644 3
145 1635 3
154 1618 3
162 1617 3
183 1607 3
217 1492 3
218 1484 3
279 1379 3
292 1375 3
300 1374 3
304 1107 3
308 1106 3
319 1105 3
432 1104 3
440 1103 3
456 1102 3
463 1101 3
464 1071 3
476 1064 3
490 1063 3
516 1062 3
529 1061 3
592 1030 3
630 1022 3
659 959 3
807 937 3
813 12 3
848 911 3
860 897 3
910 892 3
939 828 3
962 822 3
1036 813 3
1047 812 3
1079 810 3
1083 788 3
1108 783 3
1123 772 3
1142 769 3
1144 767 3
1184 695 3
1189 633 3
1193 631 3
1195 609 3
1214 608 3
1221 607 3
1232 586 3
1244 548 3
1261 542 3
1265 505 3
1335 504 3
1339 487 3
1363 486 3
1379 10 3
1382 485 3
1383 484 3
1393 481 3
1445 480 3
1469 479 3
1487 450 3
1503 449 3
1513 448 3
1524 447 3
1525 393 3
1537 390 3
1550 334 3
1556 333 3
1575 233 3
1605 203 3
1613 198 3
1629 197 3
1636 193 3
1639 181 3
1700 175 3
1796 166 3
1881 68 3
15 1890 4
36 1889 4
72 1888 4
151 1887 4
158 1886 4
191 1884 4
204 1873 4
207 1794 4
208 1644 4
222 1635 4
273 1618 4
291 1617 4
306 1607 4
335 1492 4
349 1484 4
391 1379 4
394 1375 4
396 1374 4
534 1107 4
551 1106 4
597 1105 4
605 1104 4
613 1103 4
624 1102 4
651 1101 4
652 1071 4
676 1064 4
732 1063 4
738 1062 4
739 1061 4
752 1030 4
760 1022 4
768 959 4
783 166 4
786 937 4
799 911 4
809 897 4
813 68 4
851 892 4
873 828 4
889 822 4
994 813 4
1007 812 4
1018 810 4
1071 12 4
1101 10 4
1126 788 4
1144 783 4
1158 772 4
1193 769 4
1212 767 4
1221 695 4
1289 633 4
1307 631 4
1316 609 4
1352 608 4
1376 607 4
1403 586 4
1411 548 4
1418 542 4
1429 505 4
1496 504 4
1502 487 4
1546 486 4
1565 485 4
1609 484 4
1620 481 4
1622 480 4
1623 479 4
1625 450 4
1637 449 4
1648 448 4
1652 447 4
1677 393 4
1700 390 4
1738 334 4
1743 333 4
1744 233 4
1783 203 4
1797 198 4
1798 197 4
1806 193 4
1815 181 4
1885 175 4
72 1890 5
85 1889 5
87 1888 5
116 1887 5
129 1886 5
149 1884 5
177 1873 5
204 1794 5
211 1644 5
245 1635 5
253 1618 5
266 1617 5
272 1607 5
275 1492 5
299 1484 5
310 1379 5
356 1375 5
358 1374 5
380 1107 5
384 1106 5
398 1105 5
414 1104 5
416 1103 5
423 1102 5
445 1101 5
452 1071 5
458 1064 5
471 1063 5
550 1062 5
557 1061 5
572 1030 5
619 1022 5
624 959 5
661 937 5
676 911 5
736 897 5
752 892 5
774 828 5
776 822 5
797 813 5
807 812 5
820 810 5
824 788 5
829 783 5
837 772 5
863 769 5
875 767 5
894 695 5
902 633 5
909 631 5
925 609 5
928 608 5
954 607 5
1010 586 5
1064 12 5
1122 548 5
1137 542 5
1186 505 5
1247 504 5
1292 487 5
1302 486 5
1393 485 5
1406 484 5
1422 481 5
1461 480 5
1474 479 5
1485 450 5
1557 449 5
1579 448 5
1617 10 5
1632 447 5
1638 393 5
1677 390 5
1714 334 5
1716 333 5
1725 233 5
1761 203 5
1775 198 5
1820 197 5
1823 193 5
1840 181 5
1842 175 5
1844 166 5
1875 68 5
72 1890 6
84 1889 6
92 1888 6
109 1887 6
169 1886 6
178 1884 6
227 1873 6
237 1794 6
243 1644 6
251 1635 6
265 1618 6
271 1617 6
274 1607 6
362 1492 6
411 1484 6
416 1379 6
427 1375 6
464 1374 6
482 1107 6
496 1106 6
527 1105 6
536 1104 6
585 1103 6
613 1102 6
614 1101 6
646 1071 6
651 1064 6
657 1063 6
658 1062 6
666 1061 6
673 1030 6
714 1022 6
736 959 6
759 937 6
785 911 6
826 897 6
869 892 6
875 828 6
882 822 6
920 813 6
938 812 6
946 810 6
994 788 6
1015 783 6
1025 772 6
1033 769 6
1037 767 6
1078 695 6
1085 633 6
1109 631 6
1136 609 6
1178 608 6
1224 607 6
1291 586 6
1295 548 6
1327 542 6
1334 505 6
1348 504 6
1379 12 6
1389 487 6
1475 486 6
1479 485 6
1491 484 6
1501 481 6
1524 480 6
1529 479 6
1565 450 6
1568 449 6
1624 448 6
1632 447 6
1639 393 6
1719 390 6
1799 334 6
1813 333 6
1818 233 6
1851 203 6
1853 198 6
1860 197 6
1864 193 6
1877 181 6
1879 175 6
1888 10 6
1891 166 6
1895 68 6
