40 1826 3
71 1825 3
157 1772 3
190 1767 3
191 1766 3
259 896 3
259 928 3
267 1696 3
314 1695 3
346 38 3
346 685 3
346 686 3
358 865 3
358 873 3
369 1506 3
406 1505 3
441 765 3
441 831 3
452 760 3
452 764 3
486 1494 3
501 1493 3
502 686 3
502 759 3
569 476 3
569 685 3
594 1436 3
713 448 3
713 449 3
734 373 3
734 382 3
769 357 3
769 372 3
829 1435 3
830 1416 3
847 193 3
847 205 3
882 1415 3
946 1357 3
975 1356 3
993 1353 3
1058 1352 3
1062 1248 3
1095 1247 3
1106 1191 3
1125 37 3
1125 38 3
1264 1190 3
1277 1180 3
1284 1108 3
1324 1107 3
1331 1039 3
1368 1038 3
1409 1016 3
1426 1494 3
1426 1772 3
1491 1015 3
1506 759 3
1506 760 3
1511 1248 3
1511 1493 3
1517 1191 3
1517 1247 3
1552 1180 3
1552 1190 3
1585 1007 3
1591 1006 3
1656 1003 3
1709 686 3
1709 896 3
1709 37 3
1712 1038 3
1712 1039 3
1725 1015 3
1725 1016 3
1736 896 3
1736 986 3
1801 1002 3
1805 831 3
1805 873 3
1808 986 3
1888 929 3
77 1881 5
98 1880 5
151 13 5
151 14 5
157 1838 5
158 1813 5
180 1752 5
210 1740 5
293 1715 5
343 1711 5
361 1681 5
376 1680 5
377 600 5
377 601 5
458 566 5
458 567 5
461 1656 5
486 1655 5
492 1497 5
549 307 5
549 514 5
610 1496 5
848 149 5
848 151 5
903 1384 5
913 48 5
913 49 5
919 1383 5
928 1382 5
939 1226 5
969 1225 5
1019 1088 5
1069 1087 5
1106 1006 5
1208 1005 5
1365 13 5
1365 14 5
1433 698 5
1658 1880 5
1658 1881 5
1693 1813 5
1693 1838 5
1697 1225 5
1697 1226 5
1755 1005 5
1755 1006 5
1797 697 5
1804 629 5
1817 48 5
1817 49 5
0 1898 6
2 921 6
2 922 6
3 863 6
3 870 6
11 860 6
11 862 6
17 1878 6
23 1877 6
39 415 6
39 477 6
39 478 6
46 1872 6
55 806 6
55 846 6
85 804 6
85 805 6
87 1871 6
104 402 6
104 403 6
104 412 6
109 779 6
109 803 6
119 1855 6
180 1854 6
187 912 6
187 913 6
199 1837 6
206 752 6
206 778 6
218 728 6
218 751 6
222 902 6
222 904 6
226 1836 6
243 696 6
243 727 6
262 1829 6
271 1809 6
278 1808 6
282 1807 6
290 623 6
290 624 6
306 609 6
306 614 6
322 1778 6
324 599 6
324 608 6
358 1777 6
378 1754 6
395 1700 6
401 300 6
401 301 6
401 412 6
401 415 6
401 902 6
401 904 6
401 2 6
401 132 6
407 555 6
407 598 6
418 519 6
418 544 6
422 1699 6
450 1698 6
455 516 6
455 518 6
486 510 6
486 513 6
497 1696 6
540 1661 6
541 1630 6
566 1626 6
574 477 6
574 478 6
576 454 6
576 459 6
586 435 6
586 453 6
594 432 6
594 434 6
610 1622 6
619 415 6
619 427 6
627 1601 6
631 403 6
631 412 6
634 1600 6
660 1492 6
667 1483 6
695 1479 6
711 1478 6
758 398 6
758 402 6
767 395 6
767 397 6
778 751 6
778 752 6
784 1440 6
791 1404 6
792 1403 6
797 372 6
797 373 6
805 870 6
805 871 6
808 320 6
808 321 6
830 1395 6
843 1394 6
849 1334 6
862 803 6
862 804 6
874 1333 6
877 300 6
877 301 6
897 1302 6
914 224 6
914 244 6
921 609 6
921 696 6
929 1301 6
930 1260 6
936 1259 6
978 196 6
978 222 6
979 188 6
979 195 6
993 176 6
993 187 6
1012 1248 6
1022 174 6
1022 175 6
1027 132 6
1027 133 6
1049 1246 6
1056 1243 6
1082 1242 6
1086 118 6
1086 119 6
1092 1200 6
1134 778 6
1134 779 6
1172 301 6
1172 372 6
1172 373 6
1175 79 6
1175 80 6
1182 300 6
1182 301 6
1182 412 6
1182 415 6
1182 195 6
1182 196 6
1182 222 6
1182 224 6
1183 222 6
1183 224 6
1183 300 6
1212 1199 6
1226 60 6
1226 65 6
1240 300 6
1240 301 6
1240 187 6
1240 188 6
1246 598 6
1246 599 6
1275 300 6
1275 301 6
1275 133 6
1275 174 6
1284 35 6
1284 59 6
1285 1190 6
1292 1188 6
1295 1147 6
1303 2 6
1303 33 6
1310 1872 6
1310 1898 6
1380 1146 6
1391 1137 6
1393 1837 6
1393 1871 6
1400 1135 6
1404 544 6
1404 555 6
1422 1807 6
1422 1836 6
1446 1777 6
1446 1778 6
1453 1700 6
1453 1754 6
1456 1698 6
1456 1699 6
1485 1134 6
1490 1133 6
1500 1661 6
1500 1696 6
1504 1622 6
1504 1626 6
1511 981 6
1518 980 6
1542 1600 6
1542 1601 6
1555 1440 6
1555 1483 6
1582 922 6
1598 1403 6
1598 1404 6
1609 921 6
1612 913 6
1626 510 6
1626 516 6
1647 912 6
1688 1394 6
1688 1395 6
1699 871 6
1718 904 6
1729 1333 6
1729 1334 6
1765 902 6
1772 1246 6
1772 1248 6
1830 888 6
1850 1242 6
1850 1243 6
1865 1146 6
1865 1147 6
1869 300 6
1869 301 6
1869 196 6
1874 886 6
1889 300 6
1889 301 6
1889 195 6
174 1881 10
220 1880 10
229 600 10
229 601 10
271 566 10
271 567 10
420 1838 10
476 307 10
476 514 10
509 1813 10
513 1752 10
546 1740 10
648 1715 10
716 1711 10
759 1681 10
871 1680 10
897 149 10
897 151 10
902 48 10
902 49 10
930 13 10
930 14 10
951 1656 10
1024 1880 10
1024 1881 10
1163 1813 10
1163 1838 10
1198 1655 10
1221 1497 10
1225 629 10
1279 1496 10
1286 1225 10
1286 1226 10
1298 1384 10
1312 1383 10
1328 1005 10
1328 1006 10
1394 1382 10
1609 1226 10
1655 13 10
1655 14 10
1679 48 10
1679 49 10
1750 1225 10
1761 1088 10
1775 1087 10
1811 1006 10
1870 1005 10
1877 698 10
1885 697 10
52 1898 19
161 1878 19
169 863 19
169 870 19
170 1877 19
176 778 19
176 779 19
200 860 19
200 862 19
206 806 19
206 846 19
212 1872 19
215 1871 19
219 804 19
219 805 19
247 300 19
247 301 19
247 412 19
247 415 19
247 902 19
247 904 19
247 2 19
247 132 19
253 1855 19
262 1854 19
275 1837 19
285 779 19
285 803 19
286 1836 19
299 752 19
299 778 19
301 751 19
301 752 19
302 728 19
302 751 19
305 1829 19
308 1809 19
329 1808 19
340 1807 19
351 696 19
351 727 19
360 623 19
360 624 19
370 609 19
370 614 19
386 599 19
386 608 19
395 609 19
395 696 19
414 555 19
414 598 19
457 1778 19
464 1777 19
476 415 19
476 477 19
476 478 19
479 1754 19
481 402 19
481 403 19
481 412 19
485 1700 19
496 301 19
496 372 19
496 373 19
502 1699 19
506 1698 19
520 222 19
520 224 19
520 300 19
525 1696 19
538 519 19
538 544 19
556 1661 19
576 516 19
576 518 19
581 510 19
581 513 19
597 1630 19
600 1626 19
602 477 19
602 478 19
612 454 19
612 459 19
644 435 19
644 453 19
665 1622 19
683 432 19
683 434 19
696 598 19
696 599 19
703 415 19
703 427 19
710 403 19
710 412 19
711 398 19
711 402 19
744 395 19
744 397 19
749 372 19
749 373 19
750 1601 19
759 1600 19
767 320 19
767 321 19
771 1492 19
818 1483 19
836 1479 19
843 1478 19
850 300 19
850 301 19
856 224 19
856 244 19
869 196 19
869 222 19
880 1440 19
885 188 19
885 195 19
887 1404 19
939 1403 19
945 176 19
945 187 19
957 1395 19
960 1394 19
969 1334 19
989 300 19
989 301 19
989 196 19
1008 174 19
1008 175 19
1020 132 19
1020 133 19
1024 118 19
1024 119 19
1040 1333 19
1073 1302 19
1082 79 19
1082 80 19
1085 1301 19
1099 60 19
1099 65 19
1100 1260 19
1108 35 19
1108 59 19
1116 2 19
1116 33 19
1141 1872 19
1141 1898 19
1149 1259 19
1168 1248 19
1207 1837 19
1207 1871 19
1243 544 19
1243 555 19
1266 1807 19
1266 1836 19
1281 1777 19
1281 1778 19
1283 1700 19
1283 1754 19
1288 1246 19
1313 1243 19
1315 1698 19
1315 1699 19
1319 300 19
1319 301 19
1319 187 19
1319 188 19
1322 1242 19
1323 1200 19
1334 510 19
1334 516 19
1336 1199 19
1340 1661 19
1340 1696 19
1357 300 19
1357 301 19
1357 412 19
1357 415 19
1357 195 19
1357 196 19
1357 222 19
1357 224 19
1374 1622 19
1374 1626 19
1404 902 19
1424 1600 19
1424 1601 19
1428 1440 19
1428 1483 19
1434 1190 19
1452 1188 19
1471 1403 19
1471 1404 19
1511 1394 19
1511 1395 19
1540 1147 19
1554 1146 19
1555 1333 19
1555 1334 19
1565 1137 19
1591 1135 19
1601 888 19
1618 1134 19
1626 886 19
1655 300 19
1655 301 19
1655 133 19
1655 174 19
1667 1133 19
1670 1246 19
1670 1248 19
1671 1242 19
1671 1243 19
1673 1146 19
1673 1147 19
1677 981 19
1694 980 19
1716 922 19
1719 921 19
1766 921 19
1766 922 19
1768 300 19
1768 301 19
1768 195 19
1787 912 19
1787 913 19
1805 902 19
1805 904 19
1817 870 19
1817 871 19
1840 913 19
1851 912 19
1852 803 19
1852 804 19
1857 904 19
1898 871 19
19 1826 25
28 896 25
28 928 25
58 865 25
58 873 25
103 765 25
103 831 25
159 1825 25
194 760 25
194 764 25
283 686 25
283 759 25
286 38 25
286 685 25
286 686 25
340 1772 25
454 1767 25
493 1766 25
562 1696 25
574 1695 25
575 1506 25
590 1505 25
606 476 25
606 685 25
620 448 25
620 449 25
730 373 25
730 382 25
809 1494 25
887 1493 25
900 1436 25
922 1435 25
933 1416 25
943 357 25
943 372 25
946 1415 25
963 1357 25
993 1356 25
1009 1353 25
1037 1352 25
1049 1248 25
1071 1247 25
1148 193 25
1148 205 25
1160 1191 25
1182 1190 25
1211 37 25
1211 38 25
1217 1494 25
1217 1772 25
1261 1180 25
1265 1248 25
1265 1493 25
1341 1191 25
1341 1247 25
1368 1180 25
1368 1190 25
1416 986 25
1417 1038 25
1417 1039 25
1435 929 25
1540 1108 25
1576 686 25
1576 896 25
1576 37 25
1578 1107 25
1608 1039 25
1619 1038 25
1625 1016 25
1693 1015 25
1723 1007 25
1755 1015 25
1755 1016 25
1763 1006 25
1801 896 25
1801 986 25
1838 1003 25
1859 831 25
1859 873 25
1865 1002 25
1866 759 25
1866 760 25
