0 1 0
0 10 0
0 16 0
0 2 0
0 3 0
0 9 0
0 14 0
0 8 0
0 6 0
0 5 0
0 4 0
1 29 0
1 51 0
1 46 0
1 42 0
1 40 0
1 37 0
1 36 0
1 35 0
1 32 0
1 28 0
1 26 0
2 47 0
2 33 0
2 29 0
2 18 0
2 10 0
2 16 0
2 48 0
2 46 0
2 42 0
2 40 0
2 38 0
2 37 0
2 35 0
3 47 0
3 33 0
3 29 0
3 18 0
3 10 0
3 16 0
3 17 0
3 48 0
3 46 0
3 45 0
3 43 0
3 42 0
3 40 0
4 17 0
4 19 0
4 9 0
4 14 0
4 8 0
4 6 0
4 5 0
5 8 0
5 6 0
6 8 0
8 47 0
8 33 0
8 49 0
8 41 0
8 34 0
8 29 0
8 20 0
8 18 0
8 10 0
8 16 0
8 17 0
8 19 0
8 9 0
8 14 0
9 29 0
9 18 0
9 10 0
9 16 0
9 17 0
9 19 0
9 48 0
9 46 0
9 45 0
10 47 0
10 33 0
10 29 0
10 18 0
10 51 0
10 46 0
10 42 0
10 40 0
10 37 0
11 47 0
11 33 0
11 49 0
11 41 0
11 34 0
11 29 0
11 18 0
11 25 0
11 16 0
11 17 0
11 19 0
11 23 0
11 14 0
11 22 0
11 21 0
11 15 0
11 12 0
12 47 0
12 33 0
12 49 0
12 41 0
12 29 0
12 18 0
12 25 0
12 16 0
12 17 0
12 19 0
12 23 0
12 14 0
12 22 0
12 21 0
12 15 0
14 29 0
14 18 0
14 25 0
14 16 0
14 17 0
14 19 0
14 23 0
15 47 0
15 33 0
15 49 0
15 41 0
15 34 0
15 18 0
15 25 0
15 16 0
15 17 0
15 19 0
15 23 0
15 28 0
15 22 0
15 21 0
16 34 0
16 18 0
16 25 0
17 34 0
17 18 0
17 25 0
17 36 0
18 34 0
19 47 0
19 33 0
19 34 0
19 20 0
19 25 0
19 36 0
19 31 0
20 47 0
20 33 0
20 49 0
20 41 0
20 34 0
20 29 0
20 42 0
20 37 0
20 35 0
20 32 0
20 28 0
20 26 0
20 25 0
20 24 0
20 23 0
20 22 0
21 31 0
21 32 0
21 23 0
21 28 0
21 22 0
22 47 0
22 33 0
22 49 0
22 41 0
22 25 0
22 36 0
22 31 0
22 32 0
22 23 0
22 28 0
23 47 0
23 33 0
23 49 0
23 41 0
23 34 0
23 25 0
23 36 0
23 31 0
23 32 0
24 47 0
24 33 0
24 49 0
24 41 0
24 34 0
24 25 0
24 36 0
24 31 0
24 32 0
24 38 0
24 28 0
24 37 0
24 35 0
24 30 0
24 26 0
25 47 0
25 33 0
25 41 0
26 33 0
26 36 0
26 31 0
26 32 0
26 38 0
26 28 0
26 37 0
26 35 0
26 30 0
28 47 0
28 33 0
28 49 0
28 41 0
28 34 0
28 36 0
28 31 0
28 32 0
28 38 0
29 47 0
29 33 0
29 49 0
29 41 0
29 34 0
29 32 0
29 51 0
29 46 0
30 31 0
30 32 0
30 38 0
30 43 0
30 37 0
30 35 0
32 47 0
32 33 0
32 49 0
32 41 0
32 34 0
32 36 0
32 51 0
33 47 0
33 49 0
33 41 0
33 34 0
33 46 0
33 51 0
33 42 0
34 47 0
34 49 0
34 41 0
34 46 0
35 47 0
35 36 0
35 51 0
35 38 0
35 43 0
35 37 0
37 51 0
37 38 0
37 43 0
38 51 0
40 51 0
40 43 0
40 48 0
40 46 0
40 45 0
40 42 0
41 47 0
41 49 0
41 46 0
41 51 0
42 47 0
42 49 0
42 51 0
42 43 0
42 48 0
42 46 0
42 45 0
45 48 0
45 46 0
46 47 0
46 49 0
46 51 0
46 48 0
47 49 0
47 51 0
48 51 0
49 51 0
0 1 1
0 10 1
0 16 1
0 2 1
0 3 1
0 9 1
0 14 1
0 8 1
0 6 1
0 5 1
0 4 1
1 29 1
1 51 1
1 46 1
1 42 1
1 40 1
1 37 1
1 36 1
1 35 1
1 32 1
1 28 1
1 26 1
2 47 1
2 33 1
2 29 1
2 18 1
2 10 1
2 16 1
2 48 1
2 46 1
2 42 1
2 40 1
2 38 1
2 37 1
2 35 1
3 47 1
3 33 1
3 29 1
3 18 1
3 10 1
3 16 1
3 17 1
3 48 1
3 46 1
3 45 1
3 43 1
3 42 1
3 40 1
4 17 1
4 19 1
4 9 1
4 14 1
4 8 1
4 6 1
4 5 1
5 8 1
5 6 1
6 8 1
8 47 1
8 33 1
8 49 1
8 41 1
8 34 1
8 29 1
8 20 1
8 18 1
8 10 1
8 16 1
8 17 1
8 19 1
8 9 1
8 14 1
9 29 1
9 18 1
9 10 1
9 16 1
9 17 1
9 19 1
9 48 1
9 46 1
9 45 1
10 47 1
10 33 1
10 29 1
10 18 1
10 51 1
10 46 1
10 42 1
10 40 1
10 37 1
11 47 1
11 33 1
11 49 1
11 41 1
11 34 1
11 29 1
11 18 1
11 25 1
11 16 1
11 17 1
11 19 1
11 23 1
11 14 1
11 22 1
11 21 1
11 15 1
11 12 1
12 47 1
12 33 1
12 49 1
12 41 1
12 29 1
12 18 1
12 25 1
12 16 1
12 17 1
12 19 1
12 23 1
12 14 1
12 22 1
12 21 1
12 15 1
14 29 1
14 18 1
14 25 1
14 16 1
14 17 1
14 19 1
14 23 1
15 47 1
15 33 1
15 49 1
15 41 1
15 34 1
15 18 1
15 25 1
15 16 1
15 17 1
15 19 1
15 23 1
15 28 1
15 22 1
15 21 1
16 34 1
16 18 1
16 25 1
17 34 1
17 18 1
17 25 1
17 36 1
18 34 1
19 47 1
19 33 1
19 34 1
19 20 1
19 25 1
19 36 1
19 31 1
20 47 1
20 33 1
20 49 1
20 41 1
20 34 1
20 29 1
20 42 1
20 37 1
20 35 1
20 32 1
20 28 1
20 26 1
20 25 1
20 24 1
20 23 1
20 22 1
21 31 1
21 32 1
21 23 1
21 28 1
21 22 1
22 47 1
22 33 1
22 49 1
22 41 1
22 25 1
22 36 1
22 31 1
22 32 1
22 23 1
22 28 1
23 47 1
23 33 1
23 49 1
23 41 1
23 34 1
23 25 1
23 36 1
23 31 1
23 32 1
24 47 1
24 33 1
24 49 1
24 41 1
24 34 1
24 25 1
24 36 1
24 31 1
24 32 1
24 38 1
24 28 1
24 37 1
24 35 1
24 30 1
24 26 1
25 47 1
25 33 1
25 41 1
26 33 1
26 36 1
26 31 1
26 32 1
26 38 1
26 28 1
26 37 1
26 35 1
26 30 1
28 47 1
28 33 1
28 49 1
28 41 1
28 34 1
28 36 1
28 31 1
28 32 1
28 38 1
29 47 1
29 33 1
29 49 1
29 41 1
29 34 1
29 32 1
29 51 1
29 46 1
30 31 1
30 32 1
30 38 1
30 43 1
30 37 1
30 35 1
32 47 1
32 33 1
32 49 1
32 41 1
32 34 1
32 36 1
32 51 1
33 47 1
33 49 1
33 41 1
33 34 1
33 46 1
33 51 1
33 42 1
34 47 1
34 49 1
34 41 1
34 46 1
35 47 1
35 36 1
35 51 1
35 38 1
35 43 1
35 37 1
37 51 1
37 38 1
37 43 1
38 51 1
40 51 1
40 43 1
40 48 1
40 46 1
40 45 1
40 42 1
41 47 1
41 49 1
41 46 1
41 51 1
42 47 1
42 49 1
42 51 1
42 43 1
42 48 1
42 46 1
42 45 1
45 48 1
45 46 1
46 47 1
46 49 1
46 51 1
46 48 1
47 49 1
47 51 1
48 51 1
49 51 1
