0 9 0
0 29 0
0 45 0
0 24 0
0 10 0
0 3 0
0 7 0
0 11 0
0 4 0
0 14 0
0 49 0
0 47 0
1 9 0
1 29 0
1 20 0
1 51 0
1 45 0
1 43 0
1 42 0
1 24 0
1 22 0
1 12 0
1 10 0
1 25 0
1 3 0
1 32 0
1 11 0
1 47 0
1 46 0
1 40 0
1 37 0
1 36 0
1 33 0
1 31 0
2 6 0
2 5 0
3 9 0
3 29 0
3 20 0
3 51 0
3 45 0
3 43 0
3 42 0
3 24 0
3 22 0
3 10 0
3 50 0
3 49 0
3 47 0
3 44 0
3 41 0
3 40 0
4 7 0
4 11 0
4 50 0
4 49 0
4 47 0
5 6 0
7 10 0
7 18 0
7 50 0
7 49 0
7 47 0
7 44 0
8 29 0
8 51 0
8 24 0
8 10 0
8 18 0
8 17 0
8 11 0
8 16 0
8 14 0
8 15 0
8 13 0
9 29 0
9 20 0
9 51 0
9 45 0
9 43 0
9 42 0
9 24 0
9 22 0
9 12 0
9 10 0
9 25 0
9 32 0
9 11 0
9 40 0
9 37 0
9 36 0
9 31 0
9 30 0
9 49 0
10 29 0
10 20 0
10 51 0
10 45 0
10 43 0
10 42 0
10 24 0
10 22 0
10 12 0
10 16 0
10 14 0
10 11 0
10 49 0
10 47 0
11 29 0
11 20 0
11 51 0
11 45 0
11 43 0
11 24 0
11 18 0
11 17 0
11 50 0
11 49 0
12 29 0
12 20 0
12 51 0
12 45 0
12 43 0
12 42 0
12 24 0
12 22 0
12 32 0
12 31 0
12 30 0
12 27 0
12 26 0
12 25 0
12 23 0
12 18 0
12 17 0
13 17 0
13 25 0
13 16 0
13 14 0
13 15 0
14 51 0
14 24 0
14 18 0
14 17 0
14 25 0
14 16 0
15 18 0
15 17 0
15 25 0
15 16 0
15 26 0
16 42 0
16 18 0
16 17 0
16 25 0
17 18 0
19 23 0
19 21 0
20 29 0
20 51 0
20 45 0
20 43 0
20 42 0
20 24 0
20 22 0
20 25 0
20 32 0
20 46 0
20 40 0
20 37 0
20 36 0
20 35 0
20 33 0
21 28 0
21 26 0
21 23 0
22 29 0
22 51 0
22 45 0
22 43 0
22 42 0
22 24 0
22 25 0
22 41 0
22 40 0
22 37 0
22 36 0
22 35 0
22 34 0
22 33 0
23 29 0
23 51 0
23 42 0
23 32 0
23 31 0
23 25 0
23 28 0
23 26 0
24 29 0
24 51 0
24 45 0
24 43 0
24 42 0
24 25 0
24 49 0
24 47 0
24 46 0
25 29 0
25 51 0
25 45 0
25 43 0
25 42 0
25 32 0
25 31 0
26 42 0
26 32 0
26 31 0
26 34 0
26 28 0
27 32 0
27 31 0
27 34 0
27 28 0
27 35 0
27 33 0
27 30 0
28 32 0
28 31 0
28 34 0
29 51 0
29 45 0
29 43 0
29 42 0
29 32 0
29 30 0
29 49 0
29 47 0
30 51 0
30 42 0
30 32 0
30 31 0
30 34 0
30 37 0
30 35 0
30 33 0
31 51 0
31 42 0
31 32 0
32 51 0
32 45 0
32 43 0
32 42 0
33 42 0
33 46 0
33 39 0
33 34 0
33 37 0
33 35 0
34 43 0
34 46 0
34 39 0
35 43 0
35 46 0
35 39 0
35 41 0
35 37 0
36 43 0
36 46 0
36 39 0
36 41 0
36 37 0
36 44 0
36 40 0
36 38 0
37 43 0
37 46 0
37 39 0
37 41 0
38 39 0
38 41 0
38 48 0
38 44 0
38 40 0
40 43 0
40 46 0
40 41 0
40 48 0
40 44 0
41 45 0
41 46 0
42 51 0
42 45 0
42 43 0
43 51 0
43 45 0
44 48 0
45 51 0
45 49 0
45 47 0
45 46 0
47 48 0
47 50 0
49 50 0
0 9 1
0 29 1
0 45 1
0 24 1
0 10 1
0 3 1
0 7 1
0 11 1
0 4 1
0 14 1
0 49 1
0 47 1
1 9 1
1 29 1
1 20 1
1 51 1
1 45 1
1 43 1
1 42 1
1 24 1
1 22 1
1 12 1
1 10 1
1 25 1
1 3 1
1 32 1
1 11 1
1 47 1
1 46 1
1 40 1
1 37 1
1 36 1
1 33 1
1 31 1
2 6 1
2 5 1
3 9 1
3 29 1
3 20 1
3 51 1
3 45 1
3 43 1
3 42 1
3 24 1
3 22 1
3 10 1
3 50 1
3 49 1
3 47 1
3 44 1
3 41 1
3 40 1
4 7 1
4 11 1
4 50 1
4 49 1
4 47 1
5 6 1
7 10 1
7 18 1
7 50 1
7 49 1
7 47 1
7 44 1
8 29 1
8 51 1
8 24 1
8 10 1
8 18 1
8 17 1
8 11 1
8 16 1
8 14 1
8 15 1
8 13 1
9 29 1
9 20 1
9 51 1
9 45 1
9 43 1
9 42 1
9 24 1
9 22 1
9 12 1
9 10 1
9 25 1
9 32 1
9 11 1
9 40 1
9 37 1
9 36 1
9 31 1
9 30 1
9 49 1
10 29 1
10 20 1
10 51 1
10 45 1
10 43 1
10 42 1
10 24 1
10 22 1
10 12 1
10 16 1
10 14 1
10 11 1
10 49 1
10 47 1
11 29 1
11 20 1
11 51 1
11 45 1
11 43 1
11 24 1
11 18 1
11 17 1
11 50 1
11 49 1
12 29 1
12 20 1
12 51 1
12 45 1
12 43 1
12 42 1
12 24 1
12 22 1
12 32 1
12 31 1
12 30 1
12 27 1
12 26 1
12 25 1
12 23 1
12 18 1
12 17 1
13 17 1
13 25 1
13 16 1
13 14 1
13 15 1
14 51 1
14 24 1
14 18 1
14 17 1
14 25 1
14 16 1
15 18 1
15 17 1
15 25 1
15 16 1
15 26 1
16 42 1
16 18 1
16 17 1
16 25 1
17 18 1
19 23 1
19 21 1
20 29 1
20 51 1
20 45 1
20 43 1
20 42 1
20 24 1
20 22 1
20 25 1
20 32 1
20 46 1
20 40 1
20 37 1
20 36 1
20 35 1
20 33 1
21 28 1
21 26 1
21 23 1
22 29 1
22 51 1
22 45 1
22 43 1
22 42 1
22 24 1
22 25 1
22 41 1
22 40 1
22 37 1
22 36 1
22 35 1
22 34 1
22 33 1
23 29 1
23 51 1
23 42 1
23 32 1
23 31 1
23 25 1
23 28 1
23 26 1
24 29 1
24 51 1
24 45 1
24 43 1
24 42 1
24 25 1
24 49 1
24 47 1
24 46 1
25 29 1
25 51 1
25 45 1
25 43 1
25 42 1
25 32 1
25 31 1
26 42 1
26 32 1
26 31 1
26 34 1
26 28 1
27 32 1
27 31 1
27 34 1
27 28 1
27 35 1
27 33 1
27 30 1
28 32 1
28 31 1
28 34 1
29 51 1
29 45 1
29 43 1
29 42 1
29 32 1
29 30 1
29 49 1
29 47 1
30 51 1
30 42 1
30 32 1
30 31 1
30 34 1
30 37 1
30 35 1
30 33 1
31 51 1
31 42 1
31 32 1
32 51 1
32 45 1
32 43 1
32 42 1
33 42 1
33 46 1
33 39 1
33 34 1
33 37 1
33 35 1
34 43 1
34 46 1
34 39 1
35 43 1
35 46 1
35 39 1
35 41 1
35 37 1
36 43 1
36 46 1
36 39 1
36 41 1
36 37 1
36 44 1
36 40 1
36 38 1
37 43 1
37 46 1
37 39 1
37 41 1
38 39 1
38 41 1
38 48 1
38 44 1
38 40 1
40 43 1
40 46 1
40 41 1
40 48 1
40 44 1
41 45 1
41 46 1
42 51 1
42 45 1
42 43 1
43 51 1
43 45 1
44 48 1
45 51 1
45 49 1
45 47 1
45 46 1
47 48 1
47 50 1
49 50 1
