0 124 316
4 123 316
17 122 316
28 121 316
33 120 316
34 106 316
63 104 316
98 103 316
114 102 316
134 97 316
11 6 385
14 61 385
15 53 385
44 52 385
67 51 385
69 50 385
103 48 385
111 47 385
120 11 385
132 10 385
20 61 395
27 53 395
43 52 395
50 6 395
65 51 395
75 50 395
88 48 395
96 47 395
133 11 395
138 10 395
6 133 452
11 132 452
18 131 452
52 130 452
72 110 452
90 106 452
130 103 452
132 0 452
138 105 452
148 104 452
2 124 614
14 123 614
16 122 614
31 121 614
58 120 614
76 106 614
98 104 614
102 103 614
108 102 614
120 97 614
1 133 624
20 132 624
78 131 624
99 130 624
114 110 624
116 106 624
125 105 624
134 104 624
138 103 624
141 0 624
1 144 644
6 141 644
8 135 644
9 134 644
15 133 644
22 132 644
27 131 644
28 130 644
30 128 644
35 122 644
43 121 644
45 120 644
46 16 644
47 118 644
49 15 644
56 117 644
59 114 644
62 112 644
65 14 644
68 108 644
69 105 644
72 75 644
75 13 644
84 65 644
88 64 644
90 60 644
91 52 644
104 51 644
105 11 644
106 50 644
108 10 644
112 9 644
119 49 644
121 7 644
130 5 644
133 4 644
136 48 644
137 46 644
141 3 644
150 18 644
7 61 649
26 53 649
45 52 649
53 10 649
55 51 649
61 6 649
71 50 649
81 48 649
105 47 649
146 11 649
0 144 650
1 141 650
2 135 650
8 134 650
9 133 650
13 132 650
14 13 650
19 131 650
21 130 650
34 128 650
35 122 650
38 121 650
46 11 650
47 120 650
48 10 650
52 9 650
56 118 650
57 117 650
59 114 650
66 112 650
69 108 650
70 105 650
71 75 650
88 65 650
89 64 650
90 60 650
100 52 650
110 51 650
113 50 650
115 49 650
119 48 650
121 7 650
122 5 650
124 46 650
127 18 650
132 4 650
136 16 650
137 15 650
143 14 650
144 3 650
13 133 655
54 132 655
55 131 655
62 130 655
76 110 655
79 106 655
84 105 655
92 104 655
100 103 655
150 0 655
1 144 657
4 141 657
16 9 657
19 135 657
20 134 657
22 133 657
24 132 657
25 131 657
26 130 657
28 128 657
30 122 657
34 121 657
40 120 657
45 118 657
47 117 657
48 7 657
52 5 657
54 114 657
61 112 657
66 108 657
78 105 657
79 75 657
80 65 657
81 64 657
89 60 657
90 52 657
91 51 657
93 50 657
96 49 657
97 48 657
99 46 657
104 18 657
109 16 657
115 15 657
119 14 657
120 4 657
129 13 657
132 3 657
138 11 657
143 10 657
6 10 658
26 61 658
27 53 658
46 52 658
59 51 658
81 50 658
102 48 658
118 47 658
123 11 658
131 6 658
0 133 665
28 132 665
50 131 665
90 130 665
96 110 665
99 106 665
114 105 665
115 104 665
118 103 665
132 0 665
11 133 679
32 132 679
36 131 679
42 130 679
47 110 679
49 106 679
55 105 679
85 104 679
111 103 679
124 0 679
3 124 683
21 123 683
23 122 683
31 121 683
71 120 683
96 106 683
99 104 683
114 103 683
139 102 683
147 97 683
13 61 686
29 53 686
35 52 686
68 51 686
109 50 686
110 48 686
133 47 686
135 11 686
147 10 686
148 6 686
32 124 696
35 123 696
37 122 696
54 121 696
64 120 696
67 106 696
74 104 696
78 103 696
127 102 696
150 97 696
10 144 703
11 10 703
12 141 703
13 9 703
19 135 703
20 134 703
21 133 703
27 132 703
32 131 703
36 130 703
41 128 703
42 122 703
50 7 703
51 5 703
53 121 703
54 120 703
59 118 703
65 4 703
70 117 703
72 114 703
74 112 703
76 108 703
78 105 703
79 75 703
82 65 703
88 64 703
89 60 703
91 52 703
99 51 703
100 50 703
106 49 703
107 48 703
123 46 703
124 18 703
125 16 703
136 15 703
140 14 703
141 3 703
142 13 703
148 11 703
2 144 709
8 141 709
12 135 709
18 10 709
29 134 709
31 133 709
37 132 709
39 131 709
42 130 709
44 128 709
45 122 709
48 9 709
53 121 709
58 120 709
65 7 709
66 118 709
68 117 709
71 114 709
72 112 709
73 108 709
80 105 709
93 75 709
96 65 709
101 64 709
102 60 709
103 52 709
105 5 709
109 51 709
111 50 709
119 49 709
120 4 709
123 48 709
125 46 709
126 18 709
134 3 709
138 16 709
139 15 709
146 14 709
147 13 709
150 11 709
68 124 710
76 123 710
86 122 710
88 121 710
94 120 710
105 106 710
118 104 710
120 102 710
124 97 710
137 103 710
0 61 743
1 53 743
7 52 743
17 51 743
95 50 743
100 48 743
107 47 743
113 11 743
118 10 743
147 6 743
0 61 745
30 53 745
46 52 745
57 51 745
61 6 745
63 50 745
74 48 745
102 47 745
123 11 745
148 10 745
13 133 762
15 132 762
17 131 762
28 130 762
34 110 762
58 106 762
61 105 762
72 104 762
98 103 762
99 0 762
