24 94 126
27 92 126
99 80 126
131 79 126
139 78 126
143 77 126
13 112 158
20 111 158
54 110 158
70 109 158
77 107 158
92 0 158
41 119 268
98 118 268
110 117 268
111 116 268
124 115 268
127 112 268
40 112 383
47 111 383
69 110 383
86 109 383
89 107 383
96 0 383
6 119 394
89 118 394
97 117 394
100 116 394
106 115 394
120 112 394
73 112 451
80 111 451
87 110 451
122 109 451
128 107 451
134 0 451
4 94 464
8 92 464
15 80 464
24 79 464
58 78 464
78 77 464
6 94 490
57 92 490
82 80 490
100 79 490
101 78 490
144 77 490
59 119 495
66 118 495
68 117 495
71 116 495
74 115 495
107 112 495
25 87 516
45 84 516
74 82 516
86 81 516
95 80 516
150 78 516
18 112 530
20 111 530
21 110 530
33 109 530
53 107 530
77 0 530
6 119 555
38 118 555
49 117 555
85 116 555
114 115 555
126 112 555
36 102 609
62 101 609
67 100 609
89 99 609
109 98 609
150 97 609
1 102 612
30 101 612
40 100 612
85 99 612
126 98 612
130 97 612
39 132 625
54 131 625
95 130 625
101 129 625
108 128 625
149 110 625
13 119 637
28 118 637
61 117 637
127 116 637
138 115 637
140 112 637
11 87 641
76 84 641
78 80 641
86 82 641
97 81 641
140 78 641
5 112 651
24 111 651
33 110 651
46 109 651
57 107 651
81 0 651
47 87 657
83 84 657
85 82 657
105 81 657
107 80 657
143 78 657
0 94 662
2 92 662
4 80 662
111 79 662
130 78 662
142 77 662
39 94 663
43 92 663
80 77 663
103 80 663
142 79 663
149 78 663
57 94 665
61 92 665
62 80 665
124 79 665
131 78 665
136 77 665
6 94 670
7 92 670
20 80 670
82 79 670
141 78 670
146 77 670
28 132 671
44 131 671
91 130 671
92 129 671
97 128 671
150 110 671
61 87 676
76 84 676
105 82 676
124 81 676
129 80 676
139 78 676
25 132 677
34 131 677
92 130 677
118 129 677
129 110 677
141 128 677
3 132 678
20 131 678
24 130 678
96 129 678
128 110 678
134 128 678
18 102 679
44 101 679
50 100 679
79 99 679
89 98 679
150 97 679
16 132 682
25 131 682
54 130 682
60 129 682
74 128 682
93 110 682
7 87 691
37 84 691
51 82 691
57 81 691
68 80 691
128 78 691
23 94 693
63 92 693
83 80 693
95 79 693
97 78 693
143 77 693
2 112 696
55 111 696
95 110 696
118 109 696
132 107 696
134 0 696
32 102 702
57 101 702
74 100 702
83 99 702
101 97 702
126 98 702
6 102 703
14 101 703
22 100 703
39 99 703
79 98 703
123 97 703
2 112 706
32 111 706
65 110 706
78 109 706
111 0 706
139 107 706
1 87 710
21 84 710
70 82 710
79 81 710
137 80 710
140 78 710
54 132 715
72 131 715
85 130 715
87 129 715
95 128 715
112 110 715
20 102 718
47 101 718
67 100 718
68 99 718
110 98 718
130 97 718
3 94 719
5 92 719
9 80 719
50 79 719
63 78 719
140 77 719
21 132 726
23 131 726
25 130 726
32 129 726
132 110 726
134 128 726
21 119 761
23 118 761
41 117 761
78 116 761
82 115 761
143 112 761
15 102 776
44 101 776
50 100 776
57 99 776
70 98 776
76 97 776
