21 146 127
24 145 127
91 144 127
111 143 127
56 111 136
69 95 136
96 94 136
140 92 136
107 129 181
135 128 181
148 127 181
150 126 181
40 107 189
42 106 189
81 105 189
121 103 189
48 111 221
53 95 221
66 94 221
132 92 221
30 120 222
74 119 222
110 118 222
136 117 222
9 111 226
51 95 226
85 94 226
115 92 226
20 107 236
74 106 236
87 105 236
111 103 236
12 107 258
19 106 258
86 105 258
121 103 258
10 24 268
113 23 268
120 22 268
122 9 268
25 145 304
85 144 304
107 143 304
123 141 304
18 96 306
42 95 306
121 94 306
136 77 306
39 96 328
58 95 328
91 94 328
110 77 328
0 108 329
44 107 329
79 106 329
117 104 329
50 149 347
63 80 347
122 78 347
125 76 347
23 127 350
39 126 350
75 125 350
86 124 350
92 111 350
98 110 350
107 109 350
130 105 350
51 19 351
53 8 351
117 6 351
132 5 351
13 148 354
47 147 354
71 146 354
73 142 354
12 149 358
42 80 358
109 78 358
139 76 358
48 85 360
61 84 360
97 82 360
121 81 360
9 22 366
31 24 366
80 23 366
114 9 366
34 108 367
61 107 367
77 106 367
78 104 367
24 81 371
68 80 371
113 79 371
132 78 371
17 145 385
89 144 385
107 141 385
141 143 385
9 148 389
88 147 389
136 146 389
147 142 389
79 57 394
80 56 394
129 55 394
142 41 394
21 96 429
123 95 429
127 94 429
130 77 429
67 108 452
69 107 452
105 106 452
132 104 452
45 124 464
62 123 464
76 122 464
83 119 464
6 129 468
51 128 468
86 127 468
112 126 468
11 111 470
44 95 470
68 94 470
115 92 470
1 81 477
39 80 477
50 79 477
88 78 477
22 127 492
24 126 492
52 125 492
67 124 492
74 111 492
79 110 492
133 109 492
149 105 492
17 81 496
82 80 496
87 79 496
106 78 496
8 129 503
16 128 503
142 127 503
148 126 503
32 145 505
42 144 505
94 143 505
138 141 505
63 79 511
68 78 511
75 77 511
86 76 511
11 146 527
13 145 527
52 144 527
134 143 527
24 149 539
25 80 539
35 78 539
113 76 539
21 79 540
59 78 540
115 77 540
121 76 540
53 145 542
115 144 542
122 143 542
142 141 542
44 129 547
84 128 547
108 127 547
125 126 547
12 85 555
27 84 555
86 82 555
94 81 555
24 145 571
33 144 571
79 143 571
137 141 571
50 85 577
88 84 577
125 82 577
145 81 577
5 57 591
22 56 591
122 55 591
128 41 591
4 79 595
58 78 595
69 77 595
134 76 595
49 149 602
75 80 602
98 78 602
137 76 602
29 145 603
47 144 603
59 143 603
119 141 603
3 24 604
94 23 604
110 22 604
148 9 604
14 120 608
20 119 608
62 118 608
67 117 608
19 120 609
31 119 609
82 118 609
132 117 609
26 120 610
50 119 610
92 118 610
140 117 610
1 107 624
15 106 624
91 105 624
126 103 624
68 120 625
95 119 625
99 118 625
127 117 625
44 124 628
67 123 628
82 122 628
125 119 628
55 124 629
71 123 629
106 122 629
150 119 629
37 81 631
64 80 631
121 79 631
144 78 631
6 120 641
105 119 641
122 118 641
136 117 641
13 79 643
16 78 643
59 77 643
136 76 643
7 120 644
15 119 644
47 118 644
149 117 644
13 120 645
59 119 645
95 118 645
104 117 645
86 85 649
101 84 649
127 82 649
130 81 649
0 120 650
60 119 650
102 118 650
129 117 650
0 108 651
4 107 651
131 106 651
138 104 651
54 57 654
72 56 654
111 55 654
113 41 654
25 85 655
79 84 655
91 82 655
108 81 655
14 57 656
17 56 656
67 55 656
95 41 656
20 19 657
50 8 657
85 6 657
117 5 657
4 129 658
76 128 658
79 127 658
132 126 658
32 79 663
76 77 663
115 78 663
117 76 663
16 149 664
17 80 664
39 78 664
108 76 664
3 79 665
44 78 665
82 77 665
88 76 665
7 19 668
104 8 668
108 6 668
129 5 668
14 127 669
43 126 669
45 125 669
80 124 669
94 111 669
104 110 669
123 109 669
150 105 669
7 127 670
19 126 670
30 125 670
70 124 670
71 111 670
114 110 670
130 109 670
142 105 670
48 111 671
58 95 671
105 94 671
112 92 671
31 19 672
39 8 672
78 6 672
115 5 672
18 85 676
79 84 676
116 82 676
131 81 676
22 146 677
33 145 677
78 144 677
119 143 677
15 120 682
82 119 682
128 118 682
137 117 682
42 146 683
109 145 683
121 144 683
128 143 683
4 148 685
9 147 685
74 146 685
76 142 685
89 19 686
104 8 686
128 6 686
149 5 686
42 149 689
65 80 689
110 78 689
149 76 689
38 111 691
42 95 691
109 94 691
136 92 691
42 120 696
75 119 696
81 118 696
110 117 696
6 146 697
19 145 697
83 144 697
86 143 697
13 148 698
18 147 698
19 146 698
23 142 698
27 57 699
35 56 699
42 55 699
58 41 699
1 145 703
33 144 703
81 143 703
100 141 703
19 107 705
64 106 705
125 105 705
126 103 705
47 120 709
68 119 709
74 118 709
91 117 709
5 120 710
35 119 710
106 118 710
111 117 710
80 78 711
109 81 711
124 80 711
137 79 711
61 57 715
82 56 715
117 55 715
125 41 715
15 146 716
82 145 716
130 144 716
136 143 716
23 120 718
42 119 718
68 118 718
136 117 718
0 111 723
15 95 723
85 94 723
142 92 723
5 96 726
49 95 726
97 94 726
103 77 726
43 81 730
73 80 730
96 79 730
148 78 730
55 124 743
71 123 743
86 122 743
116 119 743
5 146 745
10 145 745
73 144 745
80 143 745
32 81 752
106 80 752
107 79 752
126 78 752
14 129 753
40 128 753
108 127 753
137 126 753
89 146 767
103 145 767
122 144 767
148 143 767
21 146 773
27 145 773
34 144 773
105 143 773
75 57 774
101 56 774
127 55 774
130 41 774
80 146 775
89 145 775
123 144 775
144 143 775
31 149 776
38 80 776
90 78 776
92 76 776
13 24 777
61 23 777
110 22 777
112 9 777
24 85 780
35 84 780
114 82 780
137 81 780
