72 148 10
108 147 10
54 136 21
132 135 21
76 131 34
134 129 34
46 64 35
122 58 35
18 90 44
101 89 44
73 122 46
105 121 46
38 140 48
130 139 48
19 110 50
24 109 50
99 94 50
136 92 50
25 19 52
126 18 52
21 150 53
69 5 53
22 131 54
45 129 54
91 110 54
137 109 54
5 71 102
10 70 102
105 136 103
146 135 103
50 4 109
140 3 109
125 90 111
135 89 111
64 112 115
133 76 115
16 90 121
124 89 121
12 93 127
94 91 127
48 134 130
83 114 130
0 144 137
48 143 137
91 104 137
94 103 137
114 42 137
145 36 137
98 8 140
118 6 140
56 93 146
73 91 146
48 90 149
52 89 149
107 19 151
123 18 151
90 112 158
106 76 158
12 13 161
16 12 161
82 71 167
145 70 167
39 26 168
149 25 168
23 86 170
71 85 170
57 148 173
135 147 173
21 80 179
34 79 179
17 131 181
26 129 181
4 8 182
60 6 182
55 88 184
83 87 184
16 118 185
70 117 185
39 24 187
150 23 187
28 94 188
45 92 188
51 131 197
125 129 197
37 110 198
77 109 198
105 94 198
146 92 198
30 71 203
112 70 203
77 150 204
124 37 204
73 122 205
141 121 205
133 102 206
138 101 206
80 50 207
127 49 207
0 142 209
2 18 209
2 19 209
5 141 209
11 60 209
75 39 209
90 35 209
111 39 209
111 60 209
141 34 209
48 112 210
141 76 210
103 80 211
125 79 211
32 122 212
52 121 212
12 122 213
77 121 213
51 9 214
105 8 214
50 45 215
51 44 215
41 124 218
56 123 218
110 140 219
138 139 219
49 112 220
129 76 220
7 148 221
89 147 221
26 84 223
50 83 223
61 35 223
69 34 223
94 22 223
107 21 223
52 80 227
90 79 227
31 124 232
105 123 232
39 45 234
40 44 234
24 45 235
27 44 235
43 90 236
57 89 236
120 64 238
133 58 238
36 80 239
140 79 239
78 140 241
131 139 241
48 45 242
97 44 242
6 117 243
51 116 243
100 27 243
148 25 243
28 99 244
67 98 244
53 148 246
96 147 246
39 125 248
68 124 248
119 94 249
138 93 249
21 140 250
43 139 250
44 131 251
98 129 251
13 71 253
65 70 253
45 90 255
125 89 255
11 12 256
11 95 256
17 3 256
17 9 256
19 111 256
20 95 256
22 11 256
22 111 256
28 11 256
28 12 256
78 23 256
83 22 256
94 17 256
146 16 256
16 138 257
112 137 257
31 99 259
70 98 259
64 118 260
141 117 260
60 9 261
98 8 261
116 102 262
119 101 262
3 136 263
9 135 263
122 19 264
142 18 264
20 138 266
21 137 266
35 21 268
107 20 268
4 71 277
91 70 277
55 84 278
149 83 278
10 26 282
33 25 282
124 148 283
126 147 283
5 13 285
86 12 285
36 123 287
84 122 287
42 32 290
89 31 290
0 67 291
0 68 291
25 137 291
37 136 291
56 65 291
56 66 291
73 131 291
74 69 291
92 95 291
111 94 291
126 74 291
137 74 291
137 94 291
146 70 291
148 95 291
148 131 291
54 102 293
124 101 293
56 102 294
137 101 294
12 90 297
22 89 297
47 140 298
141 139 298
61 70 302
98 69 302
25 122 304
106 121 304
42 102 308
119 101 308
12 3 309
12 6 309
46 123 309
48 122 309
54 109 309
65 108 309
80 67 309
98 59 309
123 40 309
134 41 309
142 108 309
142 109 309
37 73 310
138 19 310
98 137 311
112 136 311
69 94 312
145 92 312
74 136 313
95 135 313
37 24 314
64 23 314
106 58 317
125 39 317
92 125 319
141 124 319
13 123 321
51 122 321
23 141 323
39 140 323
49 135 323
72 134 323
104 109 323
111 108 323
133 44 323
135 39 323
18 15 325
21 138 325
41 137 325
107 18 325
133 85 326
141 84 326
59 123 328
89 122 328
42 88 331
90 87 331
38 6 332
90 5 332
26 125 334
75 124 334
125 73 337
146 19 337
80 102 338
121 101 338
53 86 340
136 85 340
16 99 342
129 98 342
34 136 344
89 135 344
21 118 345
136 117 345
67 148 350
122 147 350
15 144 351
29 143 351
34 104 351
59 103 351
67 42 351
120 36 351
30 140 352
55 139 352
4 80 353
14 79 353
15 8 354
121 6 354
39 79 358
53 77 358
56 58 358
114 52 358
132 32 358
146 26 358
60 4 359
90 3 359
51 87 361
92 86 361
12 148 364
120 147 364
5 87 365
20 86 365
36 57 365
37 3 365
37 4 365
44 86 365
44 87 365
75 52 365
116 30 365
134 29 365
86 140 366
95 139 366
43 145 367
47 144 367
84 136 368
117 135 368
43 31 370
143 30 370
85 71 371
136 70 371
40 138 372
78 137 372
15 60 373
19 59 373
47 136 374
109 135 374
2 26 376
124 25 376
57 4 377
108 3 377
13 125 381
31 124 381
64 93 382
113 91 382
43 80 383
94 79 383
14 26 384
16 25 384
18 13 384
71 12 384
14 140 385
33 134 385
74 101 385
106 100 385
122 97 385
132 75 385
41 124 387
78 123 387
133 80 388
135 79 388
38 64 389
91 58 389
24 140 390
122 139 390
5 125 391
36 124 391
45 114 391
115 113 391
55 102 393
145 101 393
14 121 394
32 120 394
59 117 394
60 2 394
61 116 394
77 100 394
105 99 394
106 94 394
113 60 394
125 50 394
133 38 394
139 37 394
1 99 395
45 98 395
8 148 396
96 147 396
136 81 397
138 80 397
20 4 400
29 110 400
34 109 400
37 1 400
37 2 400
40 81 400
43 80 400
50 70 400
117 46 400
132 36 400
140 35 400
141 20 400
149 35 400
149 36 400
89 26 401
110 25 401
36 107 403
74 91 403
85 90 403
93 66 403
101 57 403
130 56 403
135 49 403
139 2 403
27 87 405
57 86 405
21 102 413
138 101 413
20 50 416
139 49 416
5 125 418
79 124 418
124 113 418
143 114 418
20 19 419
93 18 419
39 26 420
64 25 420
80 13 420
82 12 420
106 137 422
107 136 422
44 125 424
83 124 424
16 80 426
135 79 426
23 13 428
77 12 428
102 81 429
110 80 429
6 79 430
11 77 430
33 58 430
41 52 430
60 32 430
118 26 430
20 86 432
87 85 432
2 31 435
82 30 435
52 118 439
119 117 439
40 148 443
77 147 443
34 99 445
65 98 445
34 140 446
64 134 446
91 101 446
97 75 446
108 100 446
112 97 446
19 90 448
29 89 448
17 145 449
25 144 449
7 33 451
95 32 451
63 94 452
90 93 452
70 122 453
150 121 453
70 137 456
89 136 456
51 99 457
110 98 457
75 131 458
78 129 458
87 110 458
138 109 458
23 125 459
74 124 459
22 148 461
111 147 461
69 18 462
81 7 462
0 26 463
25 12 463
54 25 463
91 13 463
62 112 464
131 76 464
27 32 465
66 31 465
32 26 468
52 25 468
20 99 469
47 98 469
26 136 470
76 135 470
57 136 471
144 135 471
13 124 472
42 123 472
18 150 475
81 37 475
95 148 476
116 147 476
16 117 477
40 116 477
65 27 477
130 25 477
101 90 478
110 89 478
4 19 481
73 18 481
5 26 482
114 25 482
45 148 484
58 147 484
21 99 485
33 32 485
35 98 485
56 16 485
56 17 485
106 66 485
116 49 485
142 33 485
149 98 485
149 99 485
32 140 488
137 139 488
8 107 489
14 91 489
20 90 489
24 66 489
60 57 489
66 2 489
80 56 489
120 49 489
142 148 490
144 147 490
11 23 491
125 22 491
109 140 492
127 139 492
48 32 494
70 31 494
0 90 495
93 89 495
48 127 497
80 126 497
111 98 497
148 97 497
46 122 501
59 121 501
89 150 502
133 5 502
68 131 503
115 129 503
39 71 505
41 70 505
32 80 508
89 79 508
76 8 509
78 6 509
13 123 510
40 122 510
55 3 510
55 6 510
92 109 510
109 40 510
117 108 510
121 108 510
121 109 510
137 67 510
141 59 510
150 41 510
2 148 511
46 147 511
46 148 512
106 147 512
96 148 515
104 147 515
69 60 516
104 59 516
21 112 517
138 76 517
1 144 518
29 143 518
40 104 518
49 103 518
102 42 518
109 36 518
15 136 519
68 135 519
83 21 522
114 20 522
18 118 523
119 117 523
16 84 524
70 83 524
74 35 524
118 34 524
129 22 524
139 21 524
44 127 525
60 126 525
66 98 525
99 97 525
76 58 526
143 39 526
43 137 529
103 136 529
110 80 531
140 79 531
28 148 533
36 147 533
0 118 534
27 117 534
5 89 535
46 88 535
134 67 535
143 66 535
104 90 536
129 89 536
13 145 537
60 144 537
31 136 539
149 135 539
16 142 540
17 132 540
20 126 540
28 125 540
39 101 540
43 95 540
58 87 540
61 86 540
67 85 540
91 84 540
92 69 540
93 57 540
117 55 540
128 54 540
131 12 540
139 10 540
63 84 541
77 83 541
3 86 542
123 85 542
40 80 543
43 79 543
74 148 545
76 147 545
55 136 546
58 135 546
5 142 547
14 132 547
22 126 547
33 125 547
38 101 547
45 95 547
48 87 547
54 12 547
57 10 547
77 86 547
81 85 547
88 84 547
90 69 547
115 57 547
119 55 547
147 54 547
52 123 548
125 122 548
102 81 551
140 80 551
5 127 552
78 126 552
112 98 552
122 97 552
46 140 553
56 139 553
146 150 554
150 5 554
26 110 555
32 109 555
45 94 555
148 92 555
6 21 561
13 20 561
122 104 564
145 102 564
55 80 566
94 79 566
0 31 571
100 30 571
112 32 572
120 31 572
86 24 575
148 23 575
59 58 583
119 39 583
24 31 586
136 30 586
0 147 587
10 146 587
34 33 587
120 34 587
17 131 590
65 129 590
54 8 591
63 6 591
27 21 592
92 20 592
31 99 595
116 98 595
65 84 596
113 83 596
2 99 597
7 16 597
7 17 597
44 98 597
60 66 597
83 49 597
119 98 597
119 99 597
139 33 597
140 32 597
21 146 598
29 145 598
41 108 598
47 106 598
56 105 598
58 94 598
67 8 598
72 92 598
78 91 598
95 75 598
96 67 598
99 66 598
100 60 598
110 50 598
116 46 598
122 31 598
130 30 598
131 9 598
65 23 601
106 22 601
10 150 602
111 5 602
46 136 603
82 135 603
37 140 604
125 139 604
140 99 605
143 98 605
29 136 606
41 135 606
31 150 607
134 37 607
100 112 608
125 76 608
72 24 609
106 23 609
6 148 610
20 121 610
24 113 610
59 58 610
83 100 610
84 99 610
98 69 610
99 61 610
99 62 610
107 62 610
126 61 610
129 11 610
129 41 610
145 59 610
23 21 611
112 20 611
43 140 612
107 139 612
22 90 613
23 89 613
49 85 614
64 84 614
5 142 615
19 141 615
54 60 615
70 39 615
84 18 615
84 19 615
95 35 615
128 34 615
134 39 615
134 60 615
46 24 617
68 23 617
98 122 621
104 121 621
49 122 622
122 121 622
15 121 623
20 120 623
34 117 623
57 116 623
63 100 623
81 99 623
96 94 623
105 60 623
108 50 623
111 38 623
126 37 623
145 2 623
46 19 624
112 18 624
100 125 625
102 124 625
15 89 627
31 88 627
48 67 627
127 66 627
56 148 628
141 147 628
30 107 629
43 91 629
64 90 629
80 66 629
109 57 629
112 56 629
131 49 629
145 2 629
23 98 630
54 97 630
82 89 630
124 88 630
27 136 632
150 135 632
61 104 634
74 102 634
16 60 635
131 59 635
69 140 636
142 139 636
3 140 637
11 139 637
41 19 638
142 18 638
46 86 640
89 85 640
4 117 641
17 116 641
69 27 641
83 25 641
48 136 642
147 135 642
86 148 643
142 147 643
12 148 644
35 147 644
18 136 645
120 135 645
10 18 646
19 7 646
10 148 648
38 128 648
42 127 648
45 126 648
47 120 648
51 119 648
63 116 648
64 7 648
75 115 648
81 64 648
106 58 648
112 50 648
122 46 648
133 11 648
65 90 649
138 89 649
26 90 650
149 89 650
19 125 651
39 124 651
47 114 651
62 113 651
92 71 652
150 70 652
27 26 654
83 25 654
105 13 654
147 12 654
1 124 655
2 123 655
30 122 655
33 46 655
33 55 655
34 121 655
35 120 655
41 25 655
41 44 655
72 95 655
111 63 655
116 62 655
120 60 655
129 120 655
129 122 655
141 44 655
141 46 655
147 61 655
15 117 656
27 25 656
57 116 656
79 27 656
0 136 657
15 135 657
21 128 657
54 126 657
62 117 657
73 116 657
82 60 657
82 72 657
90 115 657
108 114 657
113 29 657
113 51 657
114 76 657
117 73 657
123 126 657
123 128 657
130 76 657
130 77 657
143 85 657
149 77 657
68 136 658
119 135 658
84 70 659
132 69 659
53 64 661
92 58 661
36 84 662
63 83 662
68 35 662
70 34 662
93 22 662
146 21 662
39 144 663
41 143 663
77 104 663
114 103 663
136 42 663
137 36 663
3 94 664
86 92 664
2 150 665
11 149 665
15 147 665
16 109 665
16 110 665
19 65 665
19 66 665
31 144 665
33 143 665
35 61 665
35 63 665
41 142 665
43 141 665
46 137 665
48 47 665
48 60 665
49 42 665
49 44 665
51 131 665
56 125 665
60 124 665
66 61 665
66 73 665
69 123 665
70 117 665
73 116 665
82 39 665
82 41 665
85 110 665
87 42 665
87 60 665
88 109 665
89 94 665
94 39 665
94 41 665
97 16 665
97 33 665
98 93 665
99 12 665
99 13 665
106 92 665
110 81 665
111 3 665
111 6 665
115 91 665
120 147 665
120 149 665
125 73 665
127 87 665
135 125 665
135 131 665
143 12 665
143 13 665
144 3 665
144 6 665
145 86 665
6 45 668
6 51 668
23 41 668
23 44 668
40 139 668
50 138 668
63 128 668
71 15 668
71 17 668
83 2 668
83 3 668
100 98 668
100 99 668
108 117 668
108 128 668
109 117 668
110 101 668
113 100 668
120 99 668
128 15 668
128 17 668
143 100 668
143 101 668
145 98 668
59 26 669
104 25 669
45 107 670
71 91 670
99 90 670
105 66 670
109 57 670
126 56 670
133 49 670
149 2 670
29 99 671
146 98 671
19 3 672
19 6 672
31 123 672
33 122 672
36 109 672
66 108 672
70 67 672
97 59 672
100 41 672
102 108 672
102 109 672
119 40 672
6 147 675
12 146 675
15 26 675
34 145 675
44 137 675
49 127 675
62 14 675
76 103 675
86 102 675
88 83 675
90 82 675
92 80 675
95 63 675
111 62 675
143 46 675
150 15 675
18 111 676
19 95 676
31 11 676
31 12 676
44 3 676
44 9 676
71 23 676
75 95 676
75 111 676
78 22 676
79 17 676
82 11 676
82 12 676
106 16 676
62 105 677
87 56 677
87 58 677
144 56 677
144 58 677
147 104 677
65 90 678
129 89 678
3 79 679
113 77 679
118 58 679
123 52 679
124 32 679
149 26 679
134 70 680
142 69 680
2 148 682
14 143 682
15 71 682
15 72 682
16 64 682
16 70 682
19 53 682
19 62 682
29 142 682
31 141 682
34 48 682
34 49 682
41 37 682
41 47 682
49 140 682
55 108 682
55 115 682
58 115 682
77 85 682
77 88 682
91 71 682
91 72 682
95 37 682
95 53 682
98 108 682
103 62 682
103 70 682
132 106 682
135 96 682
136 95 682
137 88 682
138 85 682
143 84 682
148 82 682
9 135 683
25 134 683
127 12 683
146 11 683
9 88 684
25 35 684
25 41 684
28 87 684
42 67 684
120 87 684
120 88 684
131 48 684
12 146 685
16 145 685
20 108 685
32 106 685
39 105 685
59 94 685
69 92 685
72 91 685
75 9 685
82 75 685
86 67 685
87 66 685
92 8 685
102 60 685
116 50 685
122 46 685
125 31 685
133 30 685
2 48 686
2 49 686
22 23 686
22 24 686
32 146 686
34 135 686
39 134 686
81 10 686
81 11 686
87 127 686
98 134 686
98 135 686
110 126 686
123 91 686
123 92 686
124 96 686
139 92 686
143 91 686
149 10 686
149 11 686
35 122 687
149 121 687
28 82 689
38 81 689
68 71 689
71 28 689
71 30 689
76 70 689
81 42 689
81 52 689
91 52 689
133 42 689
11 147 690
57 146 690
77 34 690
117 33 690
37 130 691
46 45 691
46 71 691
56 39 691
56 41 691
59 125 691
71 22 691
71 41 691
77 22 691
77 38 691
100 73 691
100 130 691
115 123 691
127 73 691
139 45 691
139 71 691
83 125 692
126 124 692
6 150 693
12 149 693
13 147 693
15 144 693
17 143 693
18 142 693
21 141 693
24 137 693
25 131 693
31 65 693
31 66 693
34 61 693
34 63 693
37 47 693
37 60 693
38 42 693
38 44 693
39 12 693
39 13 693
41 125 693
44 124 693
54 39 693
54 41 693
57 16 693
57 33 693
61 123 693
62 117 693
67 12 693
67 13 693
70 3 693
70 6 693
92 93 693
101 147 693
101 149 693
102 116 693
106 125 693
106 131 693
108 110 693
113 109 693
113 110 693
115 61 693
115 73 693
117 91 693
120 109 693
121 42 693
121 60 693
129 94 693
131 87 693
132 92 693
133 39 693
133 41 693
141 86 693
144 81 693
149 3 693
149 6 693
150 73 693
104 134 694
146 114 694
110 94 695
119 93 695
2 56 696
2 58 696
50 105 696
85 104 696
141 56 696
141 58 696
70 45 697
145 44 697
4 139 698
20 92 698
20 94 698
21 138 698
29 82 698
29 84 698
47 52 698
47 59 698
48 49 698
48 50 698
57 27 698
57 28 698
63 114 698
67 113 698
78 105 698
80 12 698
80 13 698
89 138 698
89 139 698
90 103 698
90 105 698
96 52 698
96 59 698
97 103 698
113 12 698
113 13 698
119 49 698
119 50 698
146 27 698
146 28 698
39 140 699
129 139 699
33 58 700
126 39 700
9 146 702
16 145 702
22 108 702
48 106 702
65 105 702
71 94 702
76 92 702
78 91 702
80 75 702
85 67 702
90 66 702
91 30 702
94 9 702
114 60 702
120 50 702
122 46 702
129 31 702
146 8 702
10 99 703
34 98 703
58 66 703
80 16 703
80 17 703
98 32 703
100 49 703
124 98 703
124 99 703
135 33 703
11 67 704
11 68 704
66 137 704
67 74 704
67 94 704
76 65 704
76 66 704
81 136 704
106 131 704
117 95 704
118 94 704
119 95 704
119 131 704
122 74 704
128 70 704
150 69 704
4 137 705
23 67 705
23 68 705
27 136 705
84 131 705
91 95 705
105 94 705
108 74 705
115 70 705
117 65 705
117 66 705
119 95 705
119 131 705
129 69 705
138 74 705
138 94 705
5 141 706
45 140 706
60 135 706
68 134 706
73 109 706
95 108 706
130 44 706
142 39 706
2 35 709
2 36 709
10 110 709
33 109 709
47 81 709
52 80 709
80 4 709
105 70 709
106 1 709
106 2 709
123 46 709
131 36 709
133 35 709
137 20 709
9 62 710
9 63 710
25 51 710
25 52 710
35 14 710
35 42 710
40 108 710
54 92 710
73 90 710
90 12 710
90 14 710
94 80 710
95 2 710
95 12 710
111 79 710
112 78 710
112 80 710
117 78 710
126 62 710
126 63 710
134 51 710
134 52 710
2 99 711
5 98 711
19 66 711
41 16 711
41 17 711
57 98 711
57 99 711
108 49 711
119 33 711
122 32 711
85 98 712
126 97 712
140 89 712
143 88 712
101 60 713
144 59 713
8 127 715
9 125 715
11 15 715
11 16 715
30 99 715
43 96 715
44 95 715
90 93 715
92 77 715
100 125 715
100 127 715
120 71 715
133 33 715
147 32 715
26 131 716
32 129 716
84 110 716
111 109 716
12 102 717
55 101 717
15 90 718
135 89 718
6 48 719
6 49 719
37 146 719
40 135 719
42 23 719
42 24 719
58 10 719
58 11 719
59 134 719
70 134 719
70 135 719
86 91 719
86 92 719
87 127 719
88 10 719
88 11 719
110 126 719
123 96 719
138 92 719
142 91 719
62 88 721
79 87 721
28 93 722
131 91 722
34 144 723
91 143 723
111 104 723
114 103 723
116 42 723
150 36 723
5 130 724
20 45 724
20 71 724
43 125 724
50 123 724
69 39 724
69 41 724
93 22 724
93 38 724
101 73 724
112 73 724
112 130 724
136 45 724
136 71 724
149 22 724
149 41 724
20 71 725
20 72 725
31 148 725
36 143 725
47 62 725
47 70 725
48 142 725
51 141 725
57 140 725
60 115 725
62 37 725
62 53 725
67 108 725
87 64 725
87 70 725
92 53 725
92 62 725
93 106 725
94 48 725
94 49 725
98 96 725
100 37 725
100 47 725
104 95 725
105 108 725
105 115 725
107 88 725
141 82 725
144 85 725
145 85 725
145 88 725
146 84 725
150 71 725
150 72 725
39 80 726
117 79 726
86 102 728
104 101 728
34 62 729
34 63 729
39 51 729
39 52 729
46 14 729
46 42 729
51 12 729
51 14 729
57 108 729
59 2 729
59 12 729
60 92 729
62 90 729
73 80 729
106 79 729
109 78 729
109 80 729
114 62 729
114 63 729
120 78 729
140 51 729
140 52 729
8 136 730
35 135 730
49 60 730
49 72 730
53 29 730
53 51 730
61 128 730
65 126 730
65 128 730
69 126 730
79 117 730
88 116 730
90 115 730
91 76 730
91 77 730
93 114 730
123 85 730
127 77 730
129 76 730
150 73 730
10 136 731
41 135 731
52 129 731
82 128 731
85 34 731
89 32 731
134 11 731
149 9 731
33 90 734
147 89 734
1 56 735
1 58 735
26 105 735
61 104 735
129 56 735
129 58 735
87 11 738
126 9 738
25 135 741
74 134 741
87 12 741
121 11 741
126 147 742
147 148 742
120 145 743
146 144 743
82 6 747
149 5 747
10 124 748
12 123 748
14 46 748
14 55 748
31 122 748
44 121 748
53 120 748
62 60 748
71 95 748
73 25 748
73 44 748
75 63 748
98 62 748
99 120 748
99 122 748
118 44 748
118 46 748
128 61 748
72 71 749
82 70 749
4 148 752
12 128 752
20 127 752
45 126 752
48 120 752
56 119 752
71 116 752
75 115 752
80 64 752
83 58 752
84 50 752
114 46 752
133 11 752
137 7 752
115 80 753
117 79 753
2 24 754
136 23 754
103 84 755
148 83 755
2 141 756
3 140 756
30 135 756
64 134 756
71 109 756
83 108 756
91 44 756
116 39 756
37 21 759
121 20 759
7 31 760
23 30 760
37 64 761
112 58 761
11 147 762
16 146 762
29 145 762
36 137 762
38 127 762
40 103 762
47 102 762
48 83 762
49 82 762
58 80 762
70 63 762
71 62 762
88 46 762
108 26 762
114 15 762
139 14 762
35 9 763
54 8 763
113 33 764
146 32 764
18 3 766
18 4 766
34 87 766
36 86 766
78 57 766
101 52 766
137 30 766
144 86 766
144 87 766
147 29 766
121 71 767
138 70 767
12 138 768
110 137 768
65 64 769
139 58 769
7 88 770
50 35 770
50 41 770
56 87 770
109 67 770
128 48 770
150 87 770
150 88 770
85 136 773
134 135 773
65 127 774
72 126 774
106 98 774
119 97 774
4 148 775
19 121 775
26 113 775
28 100 775
62 58 775
68 99 775
85 69 775
103 62 775
106 11 775
106 41 775
109 61 775
115 61 775
115 62 775
118 59 775
28 110 776
40 109 776
124 94 776
150 92 776
8 148 777
150 147 777
13 31 779
41 30 779
21 138 780
45 137 780
59 18 780
145 15 780
41 110 781
74 109 781
105 94 781
123 92 781
4 137 782
8 136 782
17 67 782
17 68 782
19 65 782
19 66 782
34 131 782
80 95 782
80 131 782
91 95 782
106 94 782
124 74 782
129 70 782
139 74 782
139 94 782
150 69 782
9 45 783
9 51 783
14 139 783
16 138 783
18 41 783
18 44 783
38 128 783
40 15 783
40 17 783
50 117 783
57 101 783
70 2 783
70 3 783
76 117 783
76 128 783
87 100 783
87 101 783
110 98 783
110 99 783
120 100 783
121 99 783
133 98 783
140 15 783
140 17 783
102 64 785
103 58 785
88 19 786
120 18 786
25 19 787
48 18 787
64 6 788
141 5 788
12 87 789
74 86 789
94 64 790
114 58 790
68 24 793
87 23 793
3 136 794
21 135 794
39 129 794
63 128 794
99 34 794
113 32 794
143 11 794
146 9 794
88 124 795
129 123 795
0 4 798
128 3 798
4 127 799
12 125 799
15 99 799
53 96 799
56 95 799
62 93 799
66 15 799
66 16 799
72 77 799
80 125 799
80 127 799
91 71 799
97 33 799
135 32 799
82 11 800
146 9 800
2 139 803
5 138 803
7 92 803
7 94 803
9 82 803
9 84 803
35 52 803
35 59 803
42 49 803
42 50 803
45 27 803
45 28 803
60 12 803
60 13 803
61 114 803
75 138 803
75 139 803
78 103 803
78 105 803
84 27 803
84 28 803
112 113 803
115 52 803
115 59 803
124 105 803
131 49 803
131 50 803
138 12 803
138 13 803
146 103 803
44 85 806
111 84 806
9 147 808
19 146 808
31 34 808
66 33 808
11 82 809
42 81 809
54 71 809
61 28 809
61 30 809
65 42 809
65 52 809
82 42 809
89 70 809
137 52 809
20 123 812
137 122 812
36 118 814
58 117 814
60 138 815
125 137 815
54 6 816
134 5 816
73 50 818
118 49 818
7 84 821
59 83 821
0 71 841
115 70 841
116 26 845
132 25 845
92 145 847
148 144 847
74 6 848
97 5 848
81 32 866
87 31 866
