1 2 111
67 10 111
75 5 111
137 1 111
36 142 115
57 141 115
70 140 115
85 37 115
99 35 115
122 23 115
5 142 126
12 141 126
21 140 126
71 74 126
74 33 126
99 34 126
1 142 137
19 141 137
34 140 137
104 100 137
132 99 137
133 98 137
4 149 160
29 131 160
45 129 160
67 70 160
74 69 160
77 68 160
31 133 165
38 132 165
45 113 165
68 59 165
79 40 165
109 36 165
14 142 167
74 141 167
76 140 167
102 80 167
106 79 167
126 78 167
38 109 178
57 108 178
62 107 178
75 89 178
134 88 178
137 87 178
10 97 179
38 96 179
59 58 179
80 56 179
90 54 179
106 0 179
11 93 219
52 91 219
84 85 219
102 90 219
113 86 219
136 84 219
9 125 292
25 124 292
27 123 292
52 41 292
132 20 292
148 12 292
10 148 293
18 147 293
35 146 293
58 145 293
67 144 293
74 143 293
91 142 293
95 133 293
110 132 293
117 126 293
134 125 293
136 124 293
60 123 296
78 122 296
91 121 296
107 30 296
109 29 296
132 28 296
50 105 300
56 96 300
73 95 300
86 31 300
123 30 300
132 29 300
28 131 304
49 126 304
63 125 304
65 124 304
66 115 304
75 114 304
7 138 315
10 137 315
23 136 315
53 55 315
86 46 315
148 45 315
15 99 320
29 98 320
69 83 320
88 77 320
115 75 320
131 61 320
24 135 321
62 130 321
64 129 321
87 115 321
102 114 321
119 113 321
35 138 331
42 137 331
51 136 331
54 55 331
56 46 331
98 45 331
24 104 339
56 95 339
73 94 339
79 91 339
111 90 339
129 89 339
16 110 348
16 111 348
29 111 348
29 109 348
118 109 348
118 110 348
18 125 358
46 124 358
74 123 358
85 41 358
112 20 358
134 12 358
0 140 370
58 139 370
74 134 370
76 82 370
77 81 370
143 80 370
1 130 372
14 129 372
72 114 372
74 85 372
85 86 372
129 83 372
63 144 389
64 143 389
74 141 389
86 11 389
98 7 389
111 3 389
0 123 391
50 122 391
103 121 391
122 2 391
133 5 391
144 4 391
1 138 393
21 137 393
53 136 393
63 55 393
132 46 393
139 45 393
1 143 394
18 137 394
21 126 394
24 124 394
29 123 394
43 111 394
47 104 394
60 103 394
66 102 394
67 101 394
79 16 394
80 12 394
82 99 394
90 98 394
94 97 394
99 11 394
106 96 394
112 81 394
133 80 394
138 79 394
142 58 394
143 10 394
145 57 394
150 17 394
9 148 395
12 147 395
13 143 395
21 140 395
24 139 395
26 112 395
43 111 395
54 110 395
57 107 395
63 101 395
87 100 395
91 99 395
100 52 395
104 84 395
130 83 395
142 82 395
147 46 395
149 65 395
7 105 396
10 96 396
63 95 396
68 75 396
138 73 396
141 71 396
3 109 411
36 108 411
59 106 411
85 13 411
139 11 411
148 10 411
2 129 431
13 128 431
15 127 431
19 79 431
34 78 431
107 77 431
31 130 436
33 129 436
64 114 436
96 86 436
117 85 436
118 83 436
98 109 438
99 108 438
107 87 438
120 107 438
128 89 438
131 88 438
11 104 449
32 99 449
94 98 449
111 97 449
131 84 449
150 65 449
7 105 452
8 96 452
50 95 452
81 31 452
87 30 452
111 29 452
45 109 459
62 108 459
116 107 459
117 89 459
128 88 459
145 87 459
2 138 464
13 137 464
40 136 464
44 55 464
61 46 464
126 45 464
33 145 475
58 137 475
61 136 475
80 135 475
81 74 475
149 3 475
12 138 477
16 137 477
19 136 477
38 55 477
41 46 477
96 45 477
8 125 479
20 41 479
48 124 479
62 123 479
87 20 479
124 12 479
0 143 481
5 137 481
6 126 481
26 124 481
33 123 481
37 111 481
44 104 481
49 103 481
59 102 481
61 101 481
73 99 481
75 98 481
77 97 481
83 96 481
88 81 481
94 80 481
95 79 481
96 11 481
100 58 481
104 10 481
106 57 481
118 17 481
144 16 481
148 12 481
55 10 484
74 5 484
103 2 484
147 1 484
19 123 485
21 122 485
23 121 485
52 30 485
99 29 485
123 28 485
11 98 489
32 97 489
42 90 489
44 89 489
47 88 489
86 75 489
93 73 489
96 38 489
108 35 489
111 26 489
140 10 489
143 9 489
30 105 494
45 96 494
65 95 494
123 75 494
143 73 494
150 71 494
77 109 502
107 87 502
116 108 502
118 107 502
133 89 502
144 88 502
21 135 505
41 130 505
51 129 505
70 115 505
89 114 505
96 113 505
12 128 508
20 127 508
27 126 508
37 81 508
42 80 508
59 79 508
75 67 508
88 36 508
100 32 508
113 24 508
143 23 508
148 21 508
12 123 509
54 122 509
58 121 509
65 5 509
81 4 509
136 2 509
67 144 510
81 143 510
95 141 510
106 11 510
108 7 510
132 3 510
18 123 511
32 122 511
47 121 511
120 30 511
121 28 511
128 29 511
2 144 512
5 143 512
48 141 512
64 11 512
110 7 512
135 3 512
45 105 515
51 96 515
112 95 515
121 31 515
125 30 515
133 29 515
8 105 517
79 96 517
88 95 517
90 31 517
113 30 517
127 29 517
42 117 518
87 116 518
90 115 518
106 52 518
118 51 518
131 49 518
15 110 519
15 111 519
32 111 519
32 109 519
117 109 519
117 110 519
4 109 522
13 108 522
33 107 522
43 89 522
97 88 522
112 87 522
11 142 524
43 141 524
62 140 524
83 100 524
90 99 524
112 98 524
31 131 537
66 126 537
125 114 537
127 125 537
130 124 537
134 115 537
12 123 539
15 122 539
20 121 539
21 30 539
116 29 539
146 28 539
4 128 540
14 127 540
37 126 540
42 81 540
50 80 540
55 79 540
74 67 540
77 36 540
88 32 540
110 24 540
111 23 540
140 21 540
10 104 543
33 99 543
57 98 543
99 65 543
128 97 543
130 84 543
13 144 547
45 143 547
55 141 547
83 11 547
84 7 547
150 3 547
51 104 551
69 99 551
73 98 551
86 97 551
103 84 551
127 65 551
31 93 558
49 91 558
65 90 558
75 86 558
89 85 558
143 84 558
28 138 571
49 137 571
52 136 571
73 55 571
99 46 571
124 45 571
20 97 574
30 96 574
45 69 574
47 68 574
93 55 574
94 0 574
30 117 587
85 116 587
96 115 587
110 52 587
139 51 587
143 49 587
17 128 589
50 127 589
65 126 589
70 81 589
72 80 589
85 79 589
87 67 589
100 36 589
102 32 589
106 24 589
109 23 589
120 21 589
8 148 590
15 147 590
16 143 590
17 140 590
22 139 590
40 112 590
42 111 590
48 110 590
51 107 590
53 101 590
71 100 590
86 99 590
92 84 590
126 83 590
131 82 590
132 65 590
134 52 590
150 46 590
1 140 602
13 139 602
43 134 602
51 82 602
122 81 602
140 80 602
3 89 603
5 88 603
8 81 603
25 9 603
34 75 603
38 8 603
48 69 603
52 68 603
59 38 603
81 7 603
83 36 603
104 35 603
105 33 603
108 25 603
111 24 603
112 23 603
114 18 603
143 16 603
20 142 604
66 141 604
77 140 604
93 74 604
134 34 604
136 33 604
32 123 605
51 122 605
98 121 605
112 5 605
113 4 605
140 2 605
23 142 612
24 141 612
30 140 612
49 100 612
119 99 612
132 98 612
24 133 615
29 132 615
53 113 615
106 59 615
122 40 615
129 36 615
15 135 621
35 130 621
110 129 621
118 115 621
125 114 621
147 113 621
5 89 624
24 16 624
33 9 624
43 88 624
56 81 624
69 8 624
75 7 624
99 75 624
109 69 624
115 68 624
119 38 624
121 36 624
123 35 624
128 33 624
133 25 624
139 24 624
145 23 624
150 18 624
14 97 628
48 96 628
51 58 628
112 56 628
124 54 628
149 0 628
16 97 631
70 96 631
85 58 631
100 56 631
125 54 631
130 0 631
7 104 637
29 99 637
32 98 637
35 97 637
95 84 637
110 65 637
24 142 641
85 141 641
88 140 641
104 37 641
118 35 641
149 23 641
19 142 644
33 141 644
64 140 644
81 74 644
133 34 644
140 33 644
18 99 648
58 98 648
98 61 648
122 83 648
124 77 648
133 75 648
31 29 649
32 105 649
44 96 649
62 95 649
87 31 649
135 30 649
2 4 650
40 123 650
48 122 650
62 121 650
76 5 650
140 2 650
46 109 651
65 108 651
122 106 651
136 13 651
144 11 651
149 10 651
19 117 652
76 116 652
80 115 652
107 52 652
115 49 652
130 51 652
14 93 654
20 91 654
50 90 654
87 86 654
101 85 654
149 84 654
6 142 655
48 141 655
52 140 655
60 80 655
73 79 655
142 78 655
17 138 656
30 137 656
53 136 656
62 55 656
63 46 656
75 45 656
57 142 657
73 141 657
94 140 657
103 74 657
107 34 657
112 33 657
11 128 661
26 127 661
43 126 661
49 81 661
52 80 661
63 79 661
67 21 661
99 67 661
100 36 661
110 32 661
115 24 661
140 23 661
0 98 662
6 97 662
32 90 662
38 10 662
39 89 662
47 88 662
66 75 662
77 73 662
90 9 662
106 38 662
112 35 662
115 26 662
41 142 663
67 141 663
75 140 663
82 37 663
98 35 663
107 23 663
16 93 664
25 91 664
111 90 664
125 86 664
135 85 664
136 84 664
41 142 668
44 141 668
53 140 668
61 37 668
123 35 668
134 23 668
14 128 670
19 127 670
26 126 670
70 81 670
77 80 670
78 79 670
83 67 670
84 36 670
101 32 670
107 24 670
113 23 670
124 21 670
53 142 671
55 141 671
76 140 671
124 74 671
130 34 671
140 33 671
5 149 672
73 131 672
85 129 672
88 70 672
97 69 672
148 68 672
31 98 675
34 97 675
40 90 675
50 89 675
58 88 675
63 75 675
67 73 675
81 38 675
90 10 675
97 9 675
121 35 675
134 26 675
37 142 676
76 141 676
119 140 676
127 74 676
128 34 676
140 33 676
14 104 677
49 95 677
75 94 677
92 91 677
100 90 677
148 89 677
12 104 678
25 95 678
61 94 678
69 91 678
73 90 678
97 89 678
47 105 679
58 96 679
72 95 679
102 75 679
112 73 679
114 71 679
3 148 682
5 147 682
10 143 682
20 140 682
36 139 682
38 112 682
39 111 682
44 110 682
54 107 682
65 46 682
76 101 682
79 100 682
91 99 682
108 84 682
122 83 682
124 82 682
125 65 682
130 52 682
37 149 683
46 131 683
69 68 683
71 129 683
99 70 683
132 69 683
1 128 684
16 127 684
26 126 684
36 21 684
44 81 684
52 80 684
69 79 684
77 67 684
84 36 684
118 32 684
141 24 684
142 23 684
39 129 685
77 78 685
105 128 685
106 127 685
120 79 685
135 77 685
5 148 686
7 147 686
18 146 686
37 145 686
42 144 686
54 143 686
63 142 686
85 133 686
98 132 686
115 126 686
121 125 686
149 124 686
23 9 689
38 8 689
41 89 689
47 88 689
49 81 689
63 75 689
70 69 689
81 7 689
87 68 689
107 38 689
112 36 689
117 35 689
119 33 689
120 25 689
132 24 689
134 23 689
136 18 689
137 16 689
34 104 690
50 95 690
81 94 690
83 91 690
114 90 690
136 89 690
15 99 691
65 98 691
73 83 691
81 77 691
130 75 691
139 61 691
9 149 692
23 131 692
81 129 692
86 70 692
108 69 692
150 68 692
5 142 693
25 141 693
102 140 693
119 100 693
125 99 693
128 98 693
63 109 698
66 108 698
75 107 698
108 87 698
133 89 698
143 88 698
26 149 699
35 131 699
41 129 699
65 70 699
82 69 699
126 68 699
1 98 702
12 97 702
29 90 702
36 89 702
37 88 702
73 9 702
103 75 702
117 73 702
118 38 702
126 35 702
137 26 702
143 10 702
1 143 703
2 137 703
11 126 703
16 12 703
19 124 703
21 123 703
27 111 703
39 104 703
48 103 703
53 102 703
59 101 703
63 99 703
68 98 703
75 97 703
95 96 703
105 81 703
112 80 703
117 79 703
118 58 703
124 11 703
133 57 703
136 17 703
137 10 703
149 16 703
27 135 704
37 130 704
88 129 704
100 115 704
136 114 704
150 113 704
7 148 705
16 147 705
17 143 705
24 140 705
32 139 705
55 112 705
71 111 705
74 110 705
94 107 705
102 101 705
105 100 705
106 99 705
107 65 705
110 52 705
114 84 705
121 83 705
125 82 705
148 46 705
37 110 706
37 111 706
101 111 706
101 109 706
146 109 706
146 110 706
30 148 709
33 147 709
55 146 709
87 145 709
92 144 709
106 143 709
107 142 709
120 133 709
123 132 709
129 126 709
135 125 709
137 124 709
16 142 710
18 141 710
20 140 710
37 23 710
42 37 710
147 35 710
21 129 711
38 128 711
95 127 711
131 79 711
144 78 711
149 77 711
2 142 715
36 141 715
47 140 715
55 80 715
96 79 715
119 78 715
30 97 717
54 0 717
71 96 717
123 58 717
130 56 717
139 54 717
16 130 718
23 129 718
66 114 718
100 86 718
122 85 718
134 83 718
8 145 719
12 137 719
30 136 719
92 135 719
96 74 719
142 3 719
55 0 723
60 97 723
99 96 723
125 69 723
126 68 723
144 55 723
3 142 724
12 141 724
49 140 724
105 80 724
119 79 724
144 78 724
5 148 725
14 147 725
21 146 725
28 145 725
36 144 725
38 143 725
46 142 725
54 133 725
70 132 725
92 126 725
96 125 725
112 124 725
37 135 731
66 134 731
68 111 731
132 98 731
139 97 731
149 96 731
2 142 732
17 141 732
87 140 732
91 80 732
116 79 732
121 78 732
20 97 736
23 96 736
85 69 736
97 0 736
114 68 736
129 55 736
7 145 738
93 137 738
125 136 738
127 135 738
128 74 738
130 3 738
7 140 742
47 139 742
67 134 742
89 82 742
113 81 742
144 80 742
14 104 747
52 95 747
70 94 747
91 90 747
92 91 747
94 89 747
12 110 749
12 111 749
45 111 749
45 109 749
73 109 749
73 110 749
70 135 753
86 130 753
87 129 753
101 115 753
109 114 753
124 113 753
20 110 755
20 111 755
110 109 755
110 111 755
126 110 755
126 109 755
8 133 756
10 132 756
19 113 756
77 59 756
100 40 756
146 36 756
2 135 763
36 134 763
38 111 763
82 98 763
97 96 763
116 97 763
45 93 767
49 91 767
51 90 767
61 86 767
70 85 767
119 84 767
48 135 768
64 134 768
98 96 768
114 111 768
124 98 768
129 97 768
24 109 773
57 108 773
80 106 773
116 13 773
119 11 773
124 10 773
34 142 774
48 141 774
65 140 774
70 37 774
79 35 774
116 23 774
26 10 775
86 5 775
108 2 775
149 1 775
7 97 776
30 96 776
33 58 776
49 56 776
64 54 776
150 0 776
8 131 780
16 126 780
18 125 780
101 124 780
115 114 780
140 115 780
5 142 781
9 141 781
36 140 781
65 80 781
133 79 781
136 78 781
0 148 782
28 147 782
36 146 782
52 145 782
69 144 782
90 143 782
115 142 782
124 133 782
135 132 782
137 126 782
141 125 782
145 124 782
22 140 802
29 139 802
47 134 802
89 82 802
91 81 802
95 80 802
