63 51 61
121 50 61
4 17 112
57 1 112
57 110 252
79 109 252
2 124 333
10 123 333
62 124 427
96 123 427
12 106 548
18 105 548
90 15 608
111 14 608
48 51 615
111 50 615
100 15 621
126 14 621
7 82 644
94 81 644
32 65 647
150 64 647
73 69 660
85 68 660
87 34 667
98 33 667
93 110 688
95 109 688
57 94 711
119 92 711
14 58 721
138 57 721
84 93 723
107 91 723
8 57 725
135 55 725
3 138 751
136 137 751
21 120 808
117 119 808
44 32 816
117 31 816
102 94 862
136 92 862
37 106 891
45 105 891
113 126 905
129 125 905
17 148 929
57 133 929
4 68 933
12 67 933
37 130 938
135 115 938
59 34 943
117 33 943
6 126 946
66 125 946
13 112 954
48 76 954
80 56 994
99 55 994
40 56 996
52 47 996
1 100 1001
61 99 1001
68 110 1003
70 109 1003
43 104 1014
50 103 1014
31 124 1033
66 123 1033
36 144 1061
96 143 1061
112 76 1066
148 112 1066
42 34 1087
140 33 1087
19 120 1095
118 119 1095
56 126 1106
126 125 1106
103 140 1138
143 139 1138
36 58 1143
92 57 1143
10 61 1168
127 60 1168
37 46 1181
41 45 1181
8 140 1211
13 139 1211
93 98 1238
138 97 1238
7 117 1241
26 116 1241
21 63 1243
101 62 1243
77 106 1245
149 105 1245
12 62 1281
14 61 1281
59 102 1285
105 101 1285
17 16 1319
18 15 1319
51 19 1347
112 18 1347
55 62 1368
102 61 1368
44 23 1402
79 22 1402
134 110 1414
150 104 1414
16 143 1420
125 142 1420
13 80 1422
149 79 1422
8 55 1431
71 44 1431
12 110 1434
29 109 1434
28 5 1448
110 4 1448
76 95 1451
105 93 1451
79 144 1576
96 143 1576
80 100 1585
110 99 1585
43 27 1588
97 26 1588
6 117 1621
83 116 1621
39 90 1672
41 89 1672
58 122 1688
135 121 1688
42 88 1728
136 87 1728
108 110 1749
148 104 1749
44 137 1754
102 136 1754
24 27 1758
44 26 1758
22 17 1759
84 1 1759
85 121 1783
137 120 1783
93 100 1801
114 99 1801
50 87 1802
91 86 1802
133 42 1810
141 41 1810
1 129 1826
123 128 1826
41 93 1829
124 91 1829
29 126 1830
51 125 1830
74 17 1840
139 16 1840
95 127 1849
123 126 1849
84 53 1852
144 52 1852
13 61 1853
105 60 1853
61 105 1854
111 103 1854
71 57 1859
144 55 1859
27 5 1862
59 4 1862
47 40 1886
141 36 1886
24 121 1889
83 120 1889
57 80 1903
117 79 1903
35 129 1912
43 128 1912
74 146 1921
89 145 1921
126 95 1925
130 93 1925
26 80 1943
57 79 1943
18 55 1947
64 47 1947
70 95 1956
138 94 1956
41 104 1959
93 102 1959
55 15 1968
114 14 1968
80 38 1979
128 37 1979
58 79 1985
88 78 1985
30 80 1993
101 79 1993
78 127 2016
97 126 2016
9 5 2018
33 4 2018
8 16 2019
122 15 2019
26 100 2020
137 99 2020
20 143 2031
56 142 2031
19 27 2033
97 26 2033
66 17 2056
118 1 2056
6 114 2062
148 113 2062
62 49 2065
96 48 2065
2 49 2066
31 48 2066
85 17 2067
110 1 2067
22 26 2076
118 25 2076
126 112 2092
142 76 2092
22 127 2102
71 126 2102
79 95 2118
149 94 2118
6 25 2127
138 24 2127
10 17 2134
36 16 2134
74 79 2139
146 78 2139
12 102 2141
55 96 2141
62 43 2147
99 42 2147
85 25 2151
135 24 2151
4 61 2173
81 60 2173
57 138 2174
60 137 2174
123 62 2175
133 61 2175
92 115 2177
101 113 2177
57 117 2180
134 116 2180
4 126 2185
126 127 2185
15 87 2186
108 86 2186
88 4 2187
113 3 2187
73 32 2189
128 31 2189
10 63 2191
131 62 2191
14 119 2203
54 118 2203
58 6 2216
117 5 2216
24 69 2232
66 68 2232
82 69 2235
91 68 2235
24 65 2236
55 63 2236
8 79 2246
40 78 2246
71 115 2290
129 113 2290
41 2 2308
120 1 2308
47 36 2339
113 35 2339
60 5 2381
126 4 2381
25 75 2415
146 72 2415
13 63 2491
129 62 2491
27 112 2520
94 111 2520
53 17 2547
150 16 2547
1 49 2594
120 48 2594
3 99 2596
119 98 2596
12 26 2612
56 25 2612
62 105 2614
66 103 2614
92 55 2615
139 47 2615
13 91 2635
143 90 2635
1 130 2637
111 115 2637
82 7 2652
96 6 2652
3 40 2653
47 36 2653
7 68 2677
39 67 2677
10 105 2686
29 103 2686
103 102 2687
129 101 2687
108 35 2701
128 34 2701
134 51 2717
144 50 2717
53 38 2720
72 37 2720
106 127 2726
132 126 2726
94 137 2751
102 136 2751
76 130 2764
85 115 2764
17 146 2782
105 145 2782
7 112 2792
117 76 2792
24 68 2810
51 67 2810
115 47 2810
138 46 2810
18 53 2813
129 52 2813
120 137 2816
127 136 2816
8 81 2817
101 80 2817
87 92 2840
129 77 2840
89 88 2878
110 87 2878
23 15 2899
90 14 2899
13 55 2915
79 44 2915
62 127 2917
84 126 2917
17 93 2920
105 91 2920
0 64 2943
147 63 2943
32 25 2947
75 24 2947
75 114 2948
122 113 2948
49 104 2978
73 103 2978
15 24 2981
122 23 2981
16 141 3004
82 140 3004
73 28 3022
74 27 3022
7 48 3023
89 47 3023
28 38 3030
127 36 3030
35 56 3037
130 47 3037
45 100 3046
52 99 3046
13 126 3056
41 125 3056
6 149 3091
11 132 3091
83 112 3113
123 76 3113
76 134 3118
108 114 3118
106 82 3148
132 81 3148
22 143 3153
58 142 3153
11 46 3182
88 45 3182
85 92 3185
124 77 3185
21 43 3188
30 42 3188
50 35 3196
135 34 3196
77 102 3200
140 96 3200
39 86 3211
124 85 3211
8 68 3213
78 67 3213
109 47 3213
127 46 3213
38 16 3224
135 1 3224
73 14 3228
120 13 3228
93 64 3241
121 63 3241
14 125 3242
141 124 3242
46 110 3250
126 104 3250
78 102 3252
88 96 3252
42 79 3253
130 78 3253
30 130 3254
53 115 3254
66 36 3255
135 35 3255
124 126 3270
139 125 3270
77 105 3285
86 103 3285
29 24 3288
53 23 3288
65 126 3303
140 125 3303
0 141 3320
70 140 3320
78 143 3337
143 142 3337
39 148 3345
65 133 3345
57 104 3351
72 103 3351
82 108 3352
103 107 3352
54 117 3365
139 116 3365
57 97 3369
100 0 3369
42 24 3385
130 23 3385
0 148 3397
48 147 3397
23 138 3443
64 137 3443
50 87 3449
146 86 3449
64 116 3450
136 115 3450
89 38 3451
141 36 3451
47 56 3527
86 55 3527
26 78 3529
57 77 3529
27 100 3542
33 99 3542
24 88 3548
124 87 3548
49 56 3550
73 37 3550
31 118 3559
46 117 3559
39 9 3578
112 8 3578
26 104 3583
87 103 3583
70 52 3595
77 51 3595
12 127 3596
70 126 3596
25 87 3598
90 86 3598
27 148 3611
96 133 3611
104 91 3620
108 90 3620
5 84 3625
140 83 3625
29 119 3631
125 118 3631
50 112 3655
102 76 3655
5 142 3661
142 143 3661
126 138 3680
141 137 3680
82 26 3690
131 25 3690
43 146 3692
146 145 3692
20 107 3731
92 106 3731
81 145 3732
107 144 3732
115 105 3736
146 104 3736
61 141 3738
120 140 3738
37 93 3754
50 91 3754
92 88 3755
100 87 3755
77 98 3760
119 97 3760
99 112 3780
134 111 3780
84 68 3787
93 67 3787
95 7 3790
131 6 3790
50 104 3798
118 103 3798
100 107 3807
139 106 3807
23 38 3809
56 36 3809
84 40 3810
89 36 3810
100 122 3811
148 121 3811
69 90 3846
97 89 3846
128 92 3857
134 77 3857
67 114 3870
88 113 3870
92 112 3952
134 76 3952
46 53 3964
136 52 3964
65 91 3983
134 90 3983
129 55 4017
138 44 4017
0 124 4024
15 123 4024
51 6 4037
104 5 4037
93 108 4052
129 107 4052
19 119 4061
62 118 4061
18 26 4098
135 25 4098
117 84 4122
123 83 4122
71 94 4123
118 92 4123
82 119 4131
130 118 4131
56 69 4137
74 68 4137
21 124 4185
62 123 4185
10 149 4188
33 111 4188
26 134 4194
79 114 4194
98 122 4201
126 121 4201
17 7 4203
114 6 4203
59 51 4205
128 50 4205
70 136 4218
100 135 4218
112 140 4235
133 139 4235
50 146 4244
144 145 4244
11 88 4245
28 87 4245
16 86 4258
120 85 4258
62 118 4263
79 117 4263
5 136 4264
27 135 4264
9 104 4269
104 102 4269
110 15 4271
115 14 4271
45 24 4280
95 23 4280
24 6 4293
103 5 4293
7 11 4295
111 8 4295
9 99 4316
68 98 4316
6 87 4323
110 86 4323
43 93 4339
129 92 4339
28 86 4348
107 85 4348
51 146 4350
108 145 4350
88 121 4356
127 120 4356
40 23 4396
90 22 4396
99 28 4410
145 27 4410
18 97 4438
149 0 4438
16 142 4455
76 141 4455
12 81 4463
77 80 4463
9 88 4471
19 87 4471
5 146 4478
125 145 4478
45 115 4481
96 113 4481
19 99 4487
83 98 4487
120 15 4491
141 14 4491
71 121 4502
147 120 4502
45 82 4528
77 81 4528
75 63 4530
127 62 4530
35 51 4535
145 50 4535
21 6 4539
130 5 4539
74 65 4563
145 64 4563
60 104 4579
108 102 4579
68 120 4594
137 119 4594
68 144 4597
81 143 4597
60 68 4602
132 67 4602
12 140 4629
84 139 4629
27 146 4632
84 145 4632
1 106 4644
23 105 4644
25 126 4665
37 125 4665
77 16 4679
82 1 4679
29 137 4680
130 136 4680
138 78 4684
140 77 4684
14 15 4696
54 14 4696
21 143 4699
130 142 4699
52 136 4707
130 135 4707
42 58 4710
44 57 4710
32 117 4725
119 116 4725
57 42 4729
135 40 4729
35 141 4737
141 142 4737
34 26 4738
49 25 4738
37 49 4740
92 48 4740
96 6 4755
117 5 4755
122 56 4763
137 37 4763
9 12 4764
108 11 4764
19 97 4765
125 96 4765
5 78 4767
36 77 4767
32 84 4775
141 83 4775
0 98 4782
121 97 4782
65 117 4795
134 116 4795
88 134 4796
105 114 4796
138 139 4798
150 138 4798
35 129 4804
70 128 4804
69 121 4805
82 120 4805
10 97 4807
101 96 4807
10 16 4818
78 15 4818
49 143 4819
121 142 4819
78 103 4823
112 101 4823
15 103 4824
30 101 4824
0 12 4831
63 11 4831
105 63 4834
145 62 4834
9 38 4836
78 20 4836
2 121 4840
128 120 4840
29 86 4852
74 85 4852
97 112 4853
102 111 4853
104 84 4854
120 83 4854
64 5 4859
138 4 4859
43 105 4869
50 104 4869
80 15 4871
99 14 4871
17 65 4874
56 63 4874
61 106 4877
111 105 4877
6 111 4889
51 110 4889
73 61 4890
82 60 4890
65 43 4902
118 42 4902
52 35 4906
103 34 4906
46 58 4914
81 57 4914
82 15 4917
131 14 4917
51 86 4931
133 85 4931
39 81 4933
81 82 4933
76 42 4934
100 41 4934
17 27 4949
32 26 4949
21 118 4952
22 117 4952
39 143 4953
133 142 4953
95 82 4956
121 81 4956
50 9 4962
128 8 4962
98 51 4966
104 50 4966
43 68 4967
124 67 4967
50 117 4985
83 116 4985
66 127 4989
103 126 4989
87 145 4991
112 144 4991
17 105 4995
92 103 4995
16 32 5005
24 31 5005
12 125 5006
34 124 5006
3 12 5011
114 10 5011
118 112 5025
139 111 5025
28 142 5027
121 141 5027
23 121 5028
26 120 5028
32 35 5034
74 34 5034
28 142 5039
84 141 5039
16 84 5042
37 83 5042
55 17 5048
83 16 5048
13 140 5056
115 139 5056
76 85 5064
133 84 5064
54 36 5068
141 35 5068
0 139 5069
66 138 5069
44 9 5085
83 8 5085
116 65 5088
140 63 5088
101 27 5089
125 26 5089
9 56 5092
81 47 5092
45 53 5093
146 52 5093
84 5 5095
91 4 5095
22 125 5097
140 124 5097
68 63 5104
142 62 5104
112 148 5106
150 147 5106
7 130 5111
13 115 5111
4 38 5117
89 36 5117
52 122 5126
63 121 5126
51 142 5132
134 141 5132
46 121 5133
104 120 5133
54 32 5134
74 31 5134
96 105 5138
115 104 5138
67 46 5139
141 45 5139
4 117 5140
22 116 5140
51 93 5141
116 92 5141
16 28 5150
148 27 5150
4 16 5151
8 15 5151
136 27 5154
140 25 5154
55 134 5155
119 114 5155
44 102 5176
70 101 5176
107 52 5179
150 51 5179
7 98 5180
39 97 5180
26 117 5181
135 116 5181
42 46 5182
134 45 5182
15 49 5186
84 48 5186
71 120 5188
77 119 5188
27 42 5192
54 40 5192
15 139 5195
62 138 5195
92 149 5196
130 90 5196
37 15 5197
101 14 5197
12 81 5199
117 80 5199
2 103 5205
94 101 5205
1 125 5208
13 124 5208
101 38 5223
129 20 5223
96 147 5226
126 146 5226
0 63 5230
43 62 5230
19 36 5235
149 35 5235
53 90 5236
126 89 5236
5 26 5258
101 25 5258
51 145 5259
64 144 5259
106 53 5263
110 52 5263
138 4 5267
142 3 5267
34 84 5273
133 83 5273
9 103 5274
47 101 5274
49 14 5277
84 13 5277
78 52 5279
96 51 5279
17 115 5280
72 114 5280
137 35 5281
140 34 5281
6 144 5286
17 143 5286
16 87 5287
22 86 5287
94 13 5292
102 12 5292
99 117 5294
134 116 5294
40 88 5296
84 87 5296
72 14 5306
120 13 5306
11 106 5307
71 105 5307
4 61 5309
120 60 5309
104 106 5311
145 105 5311
65 104 5332
140 103 5332
79 94 5333
101 92 5333
40 15 5335
131 14 5335
80 2 5342
123 1 5342
17 140 5345
58 139 5345
55 48 5347
72 47 5347
56 80 5348
116 79 5348
82 147 5351
135 146 5351
20 12 5355
77 11 5355
39 38 5358
119 36 5358
72 27 5361
76 25 5361
131 68 5362
135 67 5362
89 68 5363
137 67 5363
1 99 5373
67 98 5373
0 112 5374
67 111 5374
12 32 5375
95 31 5375
69 58 5376
80 57 5376
76 12 5387
100 11 5387
108 88 5391
144 87 5391
43 79 5393
47 78 5393
52 15 5393
122 14 5393
1 69 5394
37 68 5394
55 145 5407
123 144 5407
20 15 5410
105 14 5410
39 98 5414
140 97 5414
59 14 5415
102 13 5415
19 148 5417
37 147 5417
26 6 5421
147 5 5421
56 87 5424
119 86 5424
106 120 5425
150 119 5425
50 104 5426
106 103 5426
43 138 5432
82 137 5432
42 21 5439
118 20 5439
59 98 5440
76 97 5440
90 63 5442
100 62 5442
83 145 5447
99 144 5447
11 78 5452
116 77 5452
6 111 5469
66 110 5469
1 126 5470
121 125 5470
50 147 5472
121 146 5472
26 145 5477
40 144 5477
104 23 5478
142 22 5478
83 19 5484
132 18 5484
26 78 5486
150 77 5486
112 116 5489
116 115 5489
81 56 5493
105 55 5493
41 91 5500
47 90 5500
68 91 5510
70 90 5510
81 75 5561
108 72 5561
2 1 5570
5 2 5570
31 116 5581
61 115 5581
47 82 5587
90 81 5587
61 105 5588
96 103 5588
11 112 5596
44 76 5596
47 147 5616
115 146 5616
16 23 5618
105 22 5618
11 9 5636
87 8 5636
15 98 5640
39 97 5640
112 63 5641
115 62 5641
113 52 5651
132 51 5651
104 11 5663
144 8 5663
85 16 5678
89 1 5678
3 25 5685
137 24 5685
91 121 5718
104 120 5718
85 147 5719
98 146 5719
24 100 5731
66 99 5731
22 2 5736
34 1 5736
27 24 5737
103 23 5737
37 136 5746
106 135 5746
30 61 5748
35 60 5748
17 79 5755
150 78 5755
27 127 5760
123 126 5760
14 148 5763
86 147 5763
5 149 5768
68 132 5768
53 85 5772
141 84 5772
41 147 5774
135 146 5774
55 139 5776
139 138 5776
99 5 5782
126 4 5782
6 124 5805
91 123 5805
95 12 5818
100 11 5818
3 118 5825
118 119 5825
0 97 5827
18 96 5827
78 104 5831
99 103 5831
67 115 5838
137 114 5838
4 57 5839
32 55 5839
18 110 5854
82 109 5854
82 80 5857
102 79 5857
11 80 5862
141 79 5862
96 136 5881
102 135 5881
33 19 5882
150 18 5882
5 136 5884
86 135 5884
26 110 5908
126 109 5908
14 23 5910
18 22 5910
87 149 5932
136 111 5932
118 37 5937
140 34 5937
44 94 5949
117 93 5949
9 46 5950
35 45 5950
14 81 5964
54 80 5964
43 63 5974
99 62 5974
11 94 5978
134 93 5978
114 15 5979
149 14 5979
90 17 5994
113 16 5994
15 104 6003
56 103 6003
15 37 6005
80 34 6005
19 103 6006
67 101 6006
26 126 6007
120 125 6007
20 58 6008
127 57 6008
54 119 6013
150 118 6013
72 46 6015
96 45 6015
3 24 6021
145 23 6021
17 98 6029
76 97 6029
47 52 6030
85 51 6030
27 87 6034
88 86 6034
39 26 6045
67 25 6045
7 12 6052
12 10 6052
42 14 6058
112 13 6058
17 138 6062
94 137 6062
69 13 6066
137 12 6066
23 149 6070
81 90 6070
3 63 6071
7 62 6071
26 124 6072
55 123 6072
44 100 6079
68 99 6079
70 42 6080
130 41 6080
12 84 6083
92 83 6083
18 61 6084
52 60 6084
24 36 6085
74 35 6085
52 106 6086
107 105 6086
72 42 6087
130 41 6087
28 106 6093
69 105 6093
15 14 6105
96 13 6105
34 25 6116
131 24 6116
14 139 6142
56 138 6142
56 137 6165
134 136 6165
17 84 6168
39 83 6168
41 21 6175
114 20 6175
6 144 6204
48 143 6204
14 4 6205
54 3 6205
43 147 6231
90 146 6231
51 138 6280
83 137 6280
77 79 6298
106 78 6298
119 15 6298
142 14 6298
29 58 6312
142 57 6312
11 86 6321
118 85 6321
9 129 6325
148 128 6325
51 15 6340
118 14 6340
1 125 6406
102 124 6406
