0 81 19
0 82 19
1 150 19
3 79 19
3 80 19
4 149 19
5 77 19
5 78 19
7 143 19
11 75 19
11 76 19
12 73 19
12 74 19
13 71 19
13 72 19
14 69 19
14 70 19
16 142 19
17 67 19
17 68 19
18 65 19
18 66 19
19 63 19
19 64 19
20 140 19
21 61 19
21 62 19
22 59 19
22 60 19
23 139 19
25 57 19
25 58 19
26 55 19
26 56 19
27 53 19
27 54 19
28 51 19
28 52 19
29 49 19
29 50 19
30 138 19
31 137 19
32 26 19
32 28 19
32 29 19
32 30 19
33 47 19
33 48 19
34 29 19
34 30 19
35 27 19
35 28 19
36 136 19
37 25 19
37 26 19
38 23 19
38 24 19
39 45 19
39 46 19
40 21 19
40 22 19
42 135 19
43 19 19
43 20 19
44 134 19
45 17 19
45 18 19
46 15 19
46 16 19
47 133 19
48 13 19
48 14 19
49 132 19
50 131 19
51 11 19
51 12 19
52 9 19
52 10 19
54 6 19
54 7 19
55 130 19
56 4 19
56 5 19
57 129 19
58 0 19
58 1 19
59 143 19
59 150 19
60 128 19
61 127 19
62 139 19
62 140 19
63 126 19
64 125 19
65 135 19
65 136 19
67 124 19
69 133 19
69 134 19
70 131 19
70 132 19
71 123 19
72 122 19
73 42 19
73 43 19
73 78 19
73 101 19
74 129 19
74 130 19
75 121 19
76 120 19
77 119 19
78 117 19
79 116 19
80 115 19
81 79 19
81 84 19
82 127 19
82 128 19
83 125 19
83 126 19
84 114 19
85 119 19
85 124 19
86 74 19
86 78 19
87 115 19
87 116 19
88 113 19
89 112 19
90 113 19
90 114 19
91 111 19
92 111 19
92 112 19
93 110 19
94 71 19
94 73 19
95 108 19
96 64 19
96 70 19
97 43 19
97 44 19
98 7 19
98 15 19
98 23 19
98 25 19
99 100 19
101 98 19
103 96 19
105 106 19
106 95 19
107 41 19
107 42 19
108 103 19
108 110 19
109 38 19
109 40 19
110 94 19
111 92 19
112 62 19
112 63 19
113 91 19
114 56 19
114 57 19
115 78 19
115 101 19
115 38 19
115 41 19
116 54 19
116 55 19
117 0 19
117 1 19
117 4 19
117 5 19
119 52 19
119 53 19
120 96 19
120 101 19
121 94 19
121 95 19
122 90 19
123 89 19
124 50 19
124 51 19
126 48 19
126 49 19
127 46 19
127 47 19
129 44 19
129 45 19
130 42 19
130 43 19
131 40 19
131 41 19
132 38 19
132 41 19
132 42 19
132 43 19
135 88 19
136 87 19
137 88 19
137 91 19
138 86 19
139 85 19
140 36 19
140 38 19
141 103 19
142 84 19
143 31 19
143 35 19
144 36 19
144 37 19
145 101 19
146 34 19
146 35 19
147 99 19
148 31 19
148 32 19
149 81 19
149 86 19
150 83 19
0 81 21
0 82 21
1 79 21
1 80 21
2 77 21
2 78 21
3 75 21
3 76 21
4 73 21
4 74 21
6 150 21
7 71 21
7 72 21
8 69 21
8 70 21
9 67 21
9 68 21
10 65 21
10 66 21
12 149 21
14 143 21
15 63 21
15 64 21
16 142 21
17 61 21
17 62 21
18 140 21
19 59 21
19 60 21
20 57 21
20 58 21
21 139 21
22 138 21
23 55 21
23 56 21
24 137 21
25 53 21
25 54 21
26 136 21
27 135 21
28 51 21
28 52 21
29 134 21
30 27 21
30 28 21
31 133 21
32 7 21
32 15 21
32 23 21
32 25 21
33 26 21
33 28 21
33 29 21
33 30 21
35 25 21
35 26 21
36 23 21
36 24 21
37 21 21
37 22 21
38 132 21
39 131 21
40 130 21
41 129 21
42 128 21
43 127 21
44 19 21
44 20 21
45 17 21
45 18 21
46 126 21
48 125 21
49 15 21
49 16 21
50 124 21
51 42 21
51 43 21
51 78 21
51 101 21
53 13 21
53 14 21
55 123 21
56 122 21
57 11 21
57 12 21
58 121 21
59 120 21
60 119 21
61 9 21
61 10 21
62 6 21
62 7 21
64 78 21
64 101 21
64 38 21
64 41 21
65 4 21
65 5 21
66 0 21
66 1 21
69 117 21
70 143 21
70 150 21
71 116 21
72 139 21
72 140 21
73 135 21
73 136 21
74 115 21
75 114 21
77 113 21
78 133 21
78 134 21
79 112 21
80 111 21
82 131 21
82 132 21
83 110 21
84 108 21
85 106 21
87 129 21
87 130 21
88 127 21
88 128 21
89 103 21
90 101 21
91 100 21
92 125 21
92 126 21
93 49 21
93 50 21
94 88 21
94 91 21
95 84 21
95 86 21
96 79 21
96 81 21
97 47 21
97 48 21
98 119 21
98 124 21
99 115 21
99 116 21
100 95 21
101 94 21
102 45 21
102 46 21
103 74 21
103 78 21
104 99 21
105 43 21
105 44 21
106 113 21
106 114 21
107 98 21
108 92 21
112 71 21
112 73 21
113 64 21
113 70 21
114 62 21
114 63 21
115 56 21
115 57 21
116 54 21
116 55 21
118 41 21
118 42 21
119 91 21
120 90 21
121 89 21
122 0 21
122 1 21
122 4 21
122 5 21
123 111 21
123 112 21
124 38 21
124 41 21
124 42 21
124 43 21
125 52 21
125 53 21
126 50 21
126 51 21
127 48 21
127 49 21
129 88 21
130 46 21
130 47 21
131 87 21
132 44 21
132 45 21
133 42 21
133 43 21
134 86 21
136 40 21
136 41 21
137 103 21
137 110 21
138 85 21
139 36 21
139 38 21
140 31 21
140 35 21
141 96 21
142 96 21
142 101 21
143 84 21
144 38 21
144 40 21
145 36 21
145 37 21
146 34 21
146 35 21
147 31 21
147 32 21
148 29 21
148 30 21
149 94 21
149 95 21
150 83 21
0 150 22
1 149 22
2 143 22
3 142 22
4 81 22
4 82 22
5 0 22
5 1 22
5 4 22
5 7 22
6 79 22
6 80 22
8 140 22
9 77 22
9 78 22
10 139 22
11 138 22
12 75 22
12 76 22
13 73 22
13 74 22
14 71 22
14 72 22
15 69 22
15 70 22
16 67 22
16 68 22
17 137 22
18 65 22
18 66 22
19 63 22
19 64 22
21 61 22
21 62 22
22 59 22
22 60 22
23 57 22
23 58 22
24 26 22
24 28 22
24 29 22
24 30 22
25 55 22
25 56 22
26 53 22
26 54 22
28 136 22
29 135 22
30 51 22
30 52 22
31 49 22
31 50 22
32 134 22
33 47 22
33 48 22
35 31 22
35 32 22
36 133 22
37 29 22
37 30 22
38 27 22
38 28 22
39 45 22
39 46 22
40 132 22
41 131 22
42 25 22
42 26 22
43 130 22
44 129 22
46 128 22
47 127 22
48 126 22
50 125 22
52 23 22
52 24 22
53 124 22
54 123 22
55 122 22
56 121 22
57 21 22
57 22 22
58 19 22
58 20 22
60 17 22
60 18 22
61 120 22
62 15 22
62 16 22
63 119 22
64 13 22
64 14 22
65 11 22
65 12 22
66 9 22
66 10 22
67 6 22
67 7 22
68 4 22
68 5 22
69 0 22
69 1 22
70 143 22
70 150 22
71 117 22
72 116 22
73 115 22
74 42 22
74 43 22
74 78 22
74 101 22
75 114 22
76 139 22
76 140 22
77 135 22
77 136 22
78 133 22
78 134 22
79 78 22
79 101 22
79 38 22
79 41 22
81 74 22
81 78 22
82 113 22
83 131 22
83 132 22
84 71 22
84 73 22
85 129 22
85 130 22
86 112 22
87 5 22
87 15 22
87 23 22
87 25 22
88 64 22
88 70 22
90 127 22
90 128 22
91 38 22
91 41 22
91 42 22
91 43 22
92 125 22
92 126 22
93 43 22
93 44 22
94 111 22
95 62 22
95 63 22
96 56 22
96 57 22
97 41 22
97 42 22
98 119 22
98 124 22
99 98 22
100 115 22
100 116 22
101 54 22
101 55 22
103 52 22
103 53 22
104 110 22
106 113 22
106 114 22
107 108 22
108 111 22
108 112 22
109 106 22
111 96 22
114 50 22
114 51 22
115 48 22
115 49 22
116 95 22
117 103 22
117 110 22
118 38 22
118 40 22
119 94 22
120 92 22
121 96 22
121 101 22
122 94 22
122 95 22
123 88 22
123 91 22
124 91 22
125 90 22
126 46 22
126 47 22
127 44 22
127 45 22
128 89 22
130 42 22
130 43 22
131 40 22
131 41 22
134 88 22
135 87 22
136 86 22
137 84 22
137 86 22
138 85 22
139 84 22
140 36 22
140 38 22
141 103 22
142 79 22
142 81 22
143 83 22
144 101 22
145 100 22
146 99 22
147 36 22
147 37 22
148 34 22
148 35 22
150 31 22
150 35 22
0 81 23
0 82 23
1 79 23
1 80 23
2 150 23
3 149 23
4 77 23
4 78 23
5 75 23
5 76 23
6 73 23
6 74 23
7 71 23
7 72 23
8 143 23
9 69 23
9 70 23
11 142 23
12 67 23
12 68 23
13 140 23
14 65 23
14 66 23
15 139 23
16 63 23
16 64 23
17 61 23
17 62 23
18 138 23
20 59 23
20 60 23
21 137 23
22 57 23
22 58 23
24 136 23
25 135 23
26 55 23
26 56 23
27 53 23
27 54 23
28 51 23
28 52 23
29 30 23
29 31 23
30 42 23
30 43 23
30 78 23
30 101 23
31 27 23
31 28 23
32 134 23
33 26 23
33 28 23
33 29 23
33 30 23
34 25 23
34 26 23
35 23 23
35 24 23
36 78 23
36 101 23
36 38 23
36 41 23
37 133 23
39 49 23
39 50 23
40 21 23
40 22 23
41 132 23
42 131 23
43 19 23
43 20 23
44 38 23
44 41 23
44 42 23
44 43 23
45 17 23
45 18 23
46 130 23
47 15 23
47 16 23
48 13 23
48 14 23
49 129 23
50 128 23
51 11 23
51 12 23
53 127 23
56 126 23
57 9 23
57 10 23
58 125 23
59 124 23
60 123 23
62 6 23
62 7 23
63 122 23
64 121 23
65 4 23
65 5 23
66 0 23
66 1 23
67 0 23
67 1 23
67 4 23
67 5 23
68 120 23
69 143 23
69 150 23
70 139 23
70 140 23
71 119 23
72 135 23
72 136 23
73 133 23
73 134 23
74 131 23
74 132 23
75 117 23
76 129 23
76 130 23
77 127 23
77 128 23
78 116 23
79 74 23
79 78 23
80 115 23
81 71 23
81 73 23
82 114 23
83 113 23
84 64 23
84 70 23
85 125 23
85 126 23
86 112 23
87 119 23
87 124 23
88 111 23
89 115 23
89 116 23
91 62 23
91 63 23
92 113 23
92 114 23
93 47 23
93 48 23
96 110 23
97 108 23
98 106 23
99 111 23
99 112 23
100 99 23
101 98 23
102 45 23
102 46 23
104 43 23
104 44 23
105 41 23
105 42 23
108 103 23
108 110 23
109 38 23
109 40 23
110 56 23
110 57 23
111 54 23
111 55 23
112 96 23
113 52 23
113 53 23
114 50 23
114 51 23
115 48 23
115 49 23
117 96 23
117 101 23
118 103 23
119 46 23
119 47 23
120 94 23
120 95 23
121 95 23
122 88 23
122 91 23
123 84 23
123 86 23
124 44 23
124 45 23
125 42 23
125 43 23
127 94 23
128 92 23
129 91 23
130 90 23
131 89 23
132 88 23
133 40 23
133 41 23
134 87 23
135 36 23
135 38 23
136 86 23
138 85 23
141 36 23
141 37 23
142 84 23
143 31 23
143 35 23
144 34 23
144 35 23
145 101 23
146 100 23
147 7 23
147 15 23
147 23 23
147 25 23
148 29 23
148 32 23
149 79 23
149 81 23
150 83 23
0 81 24
0 82 24
1 79 24
1 80 24
2 150 24
3 77 24
3 78 24
4 75 24
4 76 24
5 149 24
6 143 24
7 73 24
7 74 24
8 142 24
9 71 24
9 72 24
10 26 24
10 28 24
10 29 24
10 30 24
11 69 24
11 70 24
12 140 24
13 67 24
13 68 24
14 65 24
14 66 24
15 63 24
15 64 24
17 61 24
17 62 24
18 59 24
18 60 24
19 57 24
19 58 24
21 139 24
22 138 24
23 137 24
24 55 24
24 56 24
25 136 24
27 53 24
27 54 24
28 135 24
29 134 24
30 133 24
31 132 24
32 131 24
34 130 24
35 129 24
36 128 24
37 127 24
38 36 24
38 37 24
39 126 24
40 125 24
41 34 24
41 35 24
43 31 24
43 32 24
46 29 24
46 30 24
47 27 24
47 28 24
48 25 24
48 26 24
49 124 24
50 23 24
50 24 24
51 0 24
51 1 24
51 4 24
51 5 24
52 123 24
53 122 24
54 21 24
54 22 24
55 19 24
55 20 24
56 17 24
56 18 24
57 15 24
57 16 24
58 121 24
59 120 24
60 13 24
60 14 24
61 11 24
61 12 24
62 119 24
63 9 24
63 10 24
65 117 24
67 6 24
67 7 24
68 4 24
68 5 24
69 116 24
70 0 24
70 1 24
71 143 24
71 150 24
72 139 24
72 140 24
73 115 24
75 7 24
75 15 24
75 23 24
75 25 24
76 135 24
76 136 24
77 114 24
78 113 24
79 133 24
79 134 24
80 131 24
80 132 24
82 129 24
82 130 24
83 112 24
84 42 24
84 43 24
84 78 24
84 101 24
85 127 24
85 128 24
86 84 24
86 88 24
87 125 24
87 126 24
88 79 24
88 81 24
90 119 24
90 124 24
91 74 24
91 78 24
92 111 24
93 110 24
94 71 24
94 73 24
95 64 24
95 70 24
97 108 24
98 106 24
99 98 24
100 115 24
100 116 24
101 62 24
101 63 24
102 103 24
103 56 24
103 57 24
104 101 24
105 51 24
105 52 24
106 113 24
106 114 24
107 100 24
108 96 24
109 49 24
109 50 24
110 95 24
111 54 24
111 55 24
112 94 24
113 52 24
113 53 24
114 92 24
115 91 24
116 50 24
116 51 24
119 48 24
119 49 24
120 90 24
121 111 24
121 112 24
122 103 24
122 110 24
124 46 24
124 47 24
126 44 24
126 45 24
127 78 24
127 101 24
127 38 24
127 41 24
128 89 24
129 88 24
130 38 24
130 41 24
130 42 24
130 43 24
132 42 24
132 43 24
133 87 24
135 40 24
135 41 24
136 86 24
137 96 24
137 101 24
138 85 24
139 36 24
139 38 24
140 84 24
141 47 24
141 48 24
142 94 24
142 95 24
143 83 24
144 45 24
144 46 24
145 43 24
145 44 24
146 41 24
146 42 24
147 99 24
148 38 24
148 40 24
149 86 24
149 91 24
150 31 24
150 35 24
0 81 25
0 82 25
1 150 25
2 79 25
2 80 25
3 77 25
3 78 25
4 75 25
4 76 25
7 149 25
8 143 25
9 73 25
9 74 25
10 71 25
10 72 25
11 142 25
12 69 25
12 70 25
13 67 25
13 68 25
15 140 25
16 65 25
16 66 25
17 139 25
18 138 25
19 137 25
20 63 25
20 64 25
21 61 25
21 62 25
22 59 25
22 60 25
23 136 25
24 57 25
24 58 25
25 55 25
25 56 25
26 53 25
26 54 25
27 51 25
27 52 25
28 49 25
28 50 25
29 135 25
30 27 25
30 28 25
31 134 25
32 25 25
32 26 25
33 47 25
33 48 25
34 133 25
35 132 25
36 131 25
37 130 25
38 23 25
38 24 25
39 45 25
39 46 25
40 129 25
41 128 25
42 21 25
42 22 25
43 127 25
44 19 25
44 20 25
45 126 25
46 17 25
46 18 25
47 15 25
47 16 25
48 13 25
48 14 25
49 125 25
50 26 25
50 28 25
50 29 25
50 30 25
51 7 25
51 15 25
51 23 25
51 25 25
53 11 25
53 12 25
54 9 25
54 10 25
55 6 25
55 7 25
56 124 25
57 123 25
58 122 25
59 121 25
60 120 25
61 4 25
61 5 25
62 119 25
63 117 25
67 0 25
67 1 25
68 143 25
68 150 25
69 116 25
70 139 25
70 140 25
71 135 25
71 136 25
72 133 25
72 134 25
73 131 25
73 132 25
74 115 25
75 129 25
75 130 25
76 127 25
76 128 25
77 125 25
77 126 25
78 114 25
80 113 25
81 112 25
82 119 25
82 124 25
83 111 25
86 110 25
88 74 25
88 78 25
89 108 25
90 106 25
91 71 25
91 73 25
92 115 25
92 116 25
93 43 25
93 44 25
94 64 25
94 70 25
95 103 25
96 62 25
96 63 25
97 41 25
97 42 25
98 113 25
98 114 25
99 98 25
100 96 25
101 95 25
103 56 25
103 57 25
104 38 25
104 40 25
105 36 25
105 37 25
106 94 25
107 101 25
108 111 25
108 112 25
110 0 25
110 1 25
110 4 25
110 5 25
111 92 25
113 54 25
113 55 25
114 42 25
114 43 25
114 78 25
114 101 25
115 91 25
118 100 25
119 52 25
119 53 25
120 103 25
120 110 25
121 96 25
121 101 25
122 94 25
122 95 25
123 88 25
123 91 25
124 50 25
124 51 25
125 48 25
125 49 25
126 90 25
128 89 25
129 46 25
129 47 25
130 88 25
131 44 25
131 45 25
132 87 25
133 78 25
133 101 25
133 38 25
133 41 25
134 42 25
134 43 25
135 40 25
135 41 25
136 36 25
136 38 25
137 84 25
137 86 25
138 86 25
139 85 25
140 31 25
140 35 25
141 34 25
141 35 25
142 79 25
142 81 25
143 84 25
144 31 25
144 32 25
146 29 25
146 30 25
147 99 25
149 83 25
150 38 25
150 41 25
150 42 25
150 43 25
0 81 26
0 82 26
1 79 26
1 80 26
2 77 26
2 78 26
3 150 26
5 75 26
5 76 26
6 73 26
6 74 26
7 71 26
7 72 26
8 26 26
8 28 26
8 29 26
8 30 26
9 69 26
9 70 26
11 67 26
11 68 26
12 65 26
12 66 26
13 63 26
13 64 26
14 61 26
14 62 26
15 149 26
16 143 26
18 142 26
19 59 26
19 60 26
20 140 26
21 139 26
22 57 26
22 58 26
23 138 26
24 137 26
25 55 26
25 56 26
26 42 26
26 43 26
26 78 26
26 101 26
27 53 26
27 54 26
28 136 26
29 51 26
29 52 26
30 135 26
31 134 26
33 133 26
34 132 26
35 131 26
36 130 26
37 129 26
38 34 26
38 35 26
40 128 26
42 31 26
42 32 26
43 29 26
43 30 26
45 27 26
45 28 26
46 25 26
46 26 26
47 23 26
47 24 26
48 127 26
49 21 26
49 22 26
50 126 26
51 19 26
51 20 26
52 125 26
53 124 26
54 17 26
54 18 26
55 123 26
56 15 26
56 16 26
57 13 26
57 14 26
58 11 26
58 12 26
59 9 26
59 10 26
60 6 26
60 7 26
61 7 26
61 15 26
61 23 26
61 25 26
63 122 26
64 4 26
64 5 26
65 121 26
66 120 26
67 0 26
67 1 26
68 143 26
68 150 26
70 119 26
71 139 26
71 140 26
73 135 26
73 136 26
74 117 26
75 116 26
78 133 26
78 134 26
79 131 26
79 132 26
80 115 26
81 129 26
81 130 26
82 127 26
82 128 26
83 114 26
84 86 26
84 88 26
85 125 26
85 126 26
86 113 26
88 112 26
90 111 26
91 79 26
91 81 26
92 119 26
92 124 26
93 110 26
94 108 26
95 74 26
95 78 26
96 71 26
96 73 26
97 49 26
97 50 26
98 115 26
98 116 26
99 98 26
100 113 26
100 114 26
101 64 26
101 70 26
102 47 26
102 48 26
103 96 26
104 106 26
106 95 26
107 103 26
108 111 26
108 112 26
109 45 26
109 46 26
110 62 26
110 63 26
111 78 26
111 101 26
111 38 26
111 41 26
112 56 26
112 57 26
113 54 26
113 55 26
114 52 26
114 53 26
115 50 26
115 51 26
116 48 26
116 49 26
117 94 26
118 101 26
119 92 26
120 0 26
120 1 26
120 4 26
120 5 26
121 103 26
121 110 26
122 96 26
122 101 26
124 91 26
125 46 26
125 47 26
126 38 26
126 41 26
126 42 26
126 43 26
127 90 26
128 89 26
129 44 26
129 45 26
130 88 26
131 42 26
131 43 26
133 87 26
134 40 26
134 41 26
135 36 26
135 38 26
136 86 26
137 94 26
137 95 26
138 85 26
139 84 26
140 31 26
140 35 26
141 43 26
141 44 26
144 100 26
145 99 26
146 41 26
146 42 26
147 38 26
147 40 26
148 36 26
148 37 26
149 84 26
149 91 26
150 83 26
0 81 27
0 82 27
1 79 27
1 80 27
2 77 27
2 78 27
3 150 27
4 149 27
5 75 27
5 76 27
6 143 27
7 142 27
8 73 27
8 74 27
9 71 27
9 72 27
10 69 27
10 70 27
11 67 27
11 68 27
12 65 27
12 66 27
13 140 27
14 139 27
15 63 27
15 64 27
17 61 27
17 62 27
18 59 27
18 60 27
19 57 27
19 58 27
20 138 27
21 55 27
21 56 27
22 53 27
22 54 27
23 51 27
23 52 27
24 49 27
24 50 27
25 137 27
26 0 27
26 1 27
26 4 27
26 5 27
27 47 27
27 48 27
28 45 27
28 46 27
29 30 27
29 31 27
31 27 27
31 28 27
32 25 27
32 26 27
33 136 27
34 135 27
35 134 27
36 133 27
37 23 27
37 24 27
38 21 27
38 22 27
39 43 27
39 44 27
41 132 27
42 38 27
42 41 27
42 43 27
42 78 27
43 19 27
43 20 27
44 17 27
44 18 27
45 131 27
46 130 27
47 42 27
47 43 27
47 78 27
47 101 27
48 15 27
48 16 27
49 129 27
51 13 27
51 14 27
52 11 27
52 12 27
53 9 27
53 10 27
54 6 27
54 7 27
56 4 27
56 5 27
57 0 27
57 1 27
58 143 27
58 150 27
59 128 27
62 127 27
63 139 27
63 140 27
65 126 27
66 125 27
68 124 27
69 135 27
69 136 27
70 123 27
71 133 27
71 134 27
73 122 27
74 131 27
74 132 27
75 121 27
76 120 27
77 7 27
77 15 27
77 23 27
77 25 27
78 129 27
78 130 27
79 81 27
79 84 27
80 127 27
80 128 27
82 125 27
82 126 27
83 119 27
83 124 27
84 119 27
85 115 27
85 116 27
86 117 27
87 116 27
88 74 27
88 78 27
89 113 27
89 114 27
90 111 27
90 112 27
91 71 27
91 73 27
92 115 27
94 64 27
94 70 27
96 114 27
97 113 27
98 112 27
99 103 27
99 110 27
100 96 27
100 101 27
101 111 27
102 110 27
103 101 27
104 26 27
104 28 27
104 29 27
104 30 27
105 108 27
106 100 27
107 41 27
107 42 27
108 94 27
108 95 27
109 38 27
109 40 27
110 62 27
110 63 27
111 56 27
111 57 27
112 54 27
112 55 27
113 99 27
114 98 27
115 42 27
115 101 27
115 38 27
115 41 27
116 52 27
116 53 27
117 88 27
117 91 27
118 36 27
118 37 27
119 96 27
120 79 27
120 86 27
121 95 27
122 94 27
123 92 27
124 50 27
124 51 27
125 48 27
125 49 27
126 46 27
126 47 27
127 91 27
128 90 27
129 44 27
129 45 27
130 89 27
131 42 27
131 43 27
132 88 27
133 87 27
134 86 27
135 40 27
135 41 27
137 85 27
138 84 27
140 36 27
140 38 27
142 83 27
144 34 27
144 35 27
145 29 27
145 32 27
146 106 27
147 103 27
150 31 27
150 35 27
0 42 28
0 43 28
0 78 28
0 101 28
1 78 28
1 101 28
1 38 28
1 41 28
2 81 28
2 82 28
3 79 28
3 80 28
4 150 28
6 149 28
7 77 28
7 78 28
11 75 28
11 76 28
12 73 28
12 74 28
13 71 28
13 72 28
14 143 28
15 142 28
16 69 28
16 70 28
17 67 28
17 68 28
18 140 28
19 65 28
19 66 28
20 63 28
20 64 28
21 61 28
21 62 28
22 139 28
24 138 28
26 59 28
26 60 28
27 137 28
28 136 28
29 57 28
29 58 28
30 135 28
31 134 28
32 55 28
32 56 28
33 53 28
33 54 28
34 51 28
34 52 28
35 49 28
35 50 28
36 133 28
37 36 28
37 38 28
38 132 28
39 47 28
39 48 28
40 131 28
41 130 28
42 129 28
44 128 28
45 34 28
45 35 28
46 127 28
48 31 28
48 32 28
49 29 28
49 30 28
50 126 28
52 27 28
52 28 28
53 25 28
53 26 28
54 23 28
54 24 28
55 21 28
55 22 28
58 19 28
58 20 28
59 17 28
59 18 28
60 15 28
60 16 28
61 13 28
61 14 28
62 11 28
62 12 28
63 9 28
63 10 28
64 125 28
65 6 28
65 7 28
66 124 28
67 123 28
68 122 28
69 121 28
70 4 28
70 5 28
71 0 28
71 1 28
72 143 28
72 150 28
73 120 28
74 119 28
76 139 28
76 140 28
77 135 28
77 136 28
78 117 28
79 133 28
79 134 28
80 131 28
80 132 28
81 129 28
81 130 28
82 116 28
83 127 28
83 128 28
84 79 28
84 81 28
85 125 28
85 126 28
86 74 28
86 78 28
87 119 28
87 124 28
88 71 28
88 73 28
89 115 28
89 116 28
90 115 28
91 114 28
92 113 28
92 114 28
93 113 28
94 64 28
94 70 28
95 112 28
96 62 28
96 63 28
97 111 28
99 111 28
99 112 28
100 103 28
100 110 28
101 56 28
101 57 28
102 110 28
103 100 28
104 108 28
105 45 28
105 46 28
106 99 28
107 26 28
107 28 28
107 29 28
107 30 28
108 98 28
109 7 28
109 15 28
109 23 28
109 25 28
110 54 28
110 55 28
111 96 28
112 52 28
112 53 28
113 50 28
113 51 28
115 95 28
116 94 28
117 96 28
117 101 28
118 106 28
119 48 28
119 49 28
120 94 28
120 95 28
121 88 28
121 91 28
122 92 28
123 91 28
124 90 28
125 89 28
126 38 28
126 41 28
126 42 28
126 43 28
127 46 28
127 47 28
128 88 28
129 44 28
129 45 28
130 87 28
131 86 28
135 42 28
135 43 28
136 40 28
136 41 28
137 84 28
137 86 28
138 85 28
139 36 28
139 38 28
141 43 28
141 44 28
142 84 28
143 31 28
143 35 28
144 103 28
145 101 28
146 0 28
146 1 28
146 4 28
146 5 28
147 41 28
147 42 28
148 37 28
148 40 28
149 83 28
0 81 29
0 82 29
1 79 29
1 80 29
2 150 29
4 149 29
5 77 29
5 78 29
6 75 29
6 76 29
7 73 29
7 74 29
8 143 29
10 71 29
10 72 29
11 142 29
12 140 29
13 139 29
14 69 29
14 70 29
15 138 29
16 137 29
17 67 29
17 68 29
18 65 29
18 66 29
20 63 29
20 64 29
21 61 29
21 62 29
22 59 29
22 60 29
23 136 29
24 57 29
24 58 29
25 135 29
26 134 29
27 55 29
27 56 29
29 53 29
29 54 29
30 51 29
30 52 29
31 133 29
32 49 29
32 50 29
34 132 29
36 131 29
37 31 29
37 32 29
39 26 29
39 28 29
39 29 29
39 30 29
40 29 29
40 30 29
41 38 29
41 42 29
41 43 29
41 78 29
42 27 29
42 28 29
43 130 29
44 129 29
45 128 29
46 25 29
46 26 29
47 127 29
48 23 29
48 24 29
49 21 29
49 22 29
50 41 29
50 101 29
50 38 29
50 42 29
51 19 29
51 20 29
52 17 29
52 18 29
53 15 29
53 16 29
54 13 29
54 14 29
55 11 29
55 12 29
56 126 29
57 125 29
59 124 29
60 123 29
61 9 29
61 10 29
62 122 29
63 121 29
64 6 29
64 7 29
65 4 29
65 5 29
66 0 29
66 1 29
67 120 29
68 143 29
68 150 29
69 139 29
69 140 29
70 119 29
71 135 29
71 136 29
72 117 29
74 116 29
75 115 29
76 114 29
77 133 29
77 134 29
78 131 29
78 132 29
79 129 29
79 130 29
81 113 29
82 127 29
82 128 29
83 125 29
83 126 29
84 86 29
84 88 29
85 119 29
85 124 29
87 115 29
87 116 29
88 79 29
88 81 29
89 112 29
91 74 29
91 78 29
92 113 29
92 114 29
93 7 29
93 15 29
93 23 29
93 25 29
94 111 29
95 110 29
96 71 29
96 73 29
97 47 29
97 48 29
98 108 29
99 111 29
99 112 29
100 103 29
100 110 29
101 98 29
102 45 29
102 46 29
103 96 29
104 43 29
104 44 29
105 106 29
106 96 29
106 101 29
107 0 29
107 1 29
107 4 29
107 5 29
108 41 29
108 43 29
108 78 29
108 101 29
109 103 29
110 64 29
110 70 29
112 95 29
113 62 29
113 63 29
114 56 29
114 57 29
115 54 29
115 55 29
117 94 29
118 41 29
118 42 29
119 92 29
120 91 29
121 94 29
121 95 29
125 52 29
125 53 29
126 50 29
126 51 29
127 90 29
128 48 29
128 49 29
129 89 29
130 88 29
131 87 29
132 86 29
133 85 29
134 84 29
135 46 29
135 47 29
136 44 29
136 45 29
137 83 29
139 42 29
139 43 29
140 40 29
140 41 29
141 101 29
143 36 29
143 38 29
144 38 29
144 40 29
145 36 29
145 37 29
146 100 29
147 99 29
148 34 29
148 35 29
149 84 29
149 91 29
150 31 29
150 35 29
1 150 30
2 149 30
3 143 30
4 142 30
5 140 30
6 81 30
6 82 30
7 79 30
7 80 30
8 77 30
8 78 30
11 139 30
12 75 30
12 76 30
14 73 30
14 74 30
16 138 30
17 137 30
18 71 30
18 72 30
19 136 30
20 135 30
21 134 30
22 133 30
23 0 30
23 1 30
23 4 30
23 5 30
24 69 30
24 70 30
25 67 30
25 68 30
26 132 30
27 131 30
28 65 30
28 66 30
29 130 30
30 129 30
31 128 30
33 63 30
33 64 30
34 127 30
35 61 30
35 62 30
36 59 30
36 60 30
37 36 30
37 38 30
38 126 30
39 57 30
39 58 30
40 34 30
40 35 30
41 125 30
42 31 30
42 32 30
43 124 30
44 123 30
46 122 30
47 29 30
47 30 30
48 42 30
48 43 30
48 78 30
48 101 30
49 27 30
49 28 30
50 25 30
50 26 30
51 23 30
51 24 30
52 121 30
53 120 30
54 119 30
55 21 30
55 22 30
56 19 30
56 20 30
57 17 30
57 18 30
58 117 30
59 15 30
59 16 30
60 13 30
60 14 30
62 11 30
62 12 30
63 116 30
64 9 30
64 10 30
65 6 30
65 7 30
67 4 30
67 5 30
68 0 30
68 1 30
69 143 30
69 150 30
70 115 30
71 114 30
72 139 30
72 140 30
73 113 30
74 112 30
75 111 30
76 110 30
77 108 30
78 135 30
78 136 30
79 81 30
79 84 30
80 133 30
80 134 30
81 106 30
83 131 30
83 132 30
85 7 30
85 15 30
85 23 30
85 25 30
86 74 30
86 78 30
87 103 30
89 129 30
89 130 30
90 127 30
90 128 30
91 101 30
92 125 30
92 126 30
94 71 30
94 73 30
95 64 30
95 70 30
97 55 30
97 56 30
98 119 30
98 124 30
99 115 30
99 116 30
100 113 30
100 114 30
101 96 30
102 53 30
102 54 30
103 62 30
103 63 30
104 51 30
104 52 30
105 49 30
105 50 30
106 111 30
106 112 30
107 47 30
107 48 30
108 103 30
108 110 30
109 45 30
109 46 30
110 95 30
112 94 30
113 56 30
113 57 30
114 92 30
115 78 30
115 101 30
115 38 30
115 41 30
116 54 30
116 55 30
118 100 30
119 52 30
119 53 30
120 96 30
120 101 30
122 94 30
122 95 30
123 88 30
123 91 30
124 38 30
124 41 30
124 42 30
124 43 30
125 50 30
125 51 30
126 48 30
126 49 30
127 46 30
127 47 30
128 44 30
128 45 30
129 91 30
130 90 30
131 89 30
133 42 30
133 43 30
134 88 30
135 40 30
135 41 30
136 87 30
137 79 30
137 86 30
138 86 30
139 36 30
139 38 30
140 85 30
141 26 30
141 28 30
141 29 30
141 30 30
143 84 30
144 99 30
145 43 30
145 44 30
146 98 30
147 41 30
147 42 30
148 37 30
148 40 30
149 83 30
150 31 30
150 35 30
0 81 31
0 82 31
1 79 31
1 80 31
2 77 31
2 78 31
3 75 31
3 76 31
4 73 31
4 74 31
5 71 31
5 72 31
6 150 31
8 149 31
10 143 31
11 142 31
13 140 31
14 69 31
14 70 31
16 139 31
17 138 31
19 137 31
20 136 31
21 67 31
21 68 31
22 65 31
22 66 31
24 63 31
24 64 31
25 61 31
25 62 31
26 59 31
26 60 31
27 135 31
28 134 31
29 133 31
30 132 31
32 57 31
32 58 31
33 55 31
33 56 31
34 53 31
34 54 31
35 51 31
35 52 31
36 131 31
37 34 31
37 35 31
39 130 31
40 31 31
40 32 31
41 29 31
41 30 31
42 27 31
42 28 31
43 129 31
44 128 31
45 25 31
45 26 31
46 127 31
47 126 31
48 125 31
49 124 31
50 78 31
50 101 31
50 38 31
50 41 31
51 23 31
51 24 31
53 123 31
54 122 31
55 21 31
55 22 31
56 19 31
56 20 31
57 121 31
58 120 31
59 7 31
59 15 31
59 23 31
59 25 31
60 17 31
60 18 31
61 119 31
62 15 31
62 16 31
64 38 31
64 41 31
64 42 31
64 43 31
65 13 31
65 14 31
66 11 31
66 12 31
67 9 31
67 10 31
68 117 31
69 6 31
69 7 31
70 4 31
70 5 31
71 116 31
72 115 31
73 114 31
74 0 31
74 1 31
76 0 31
76 1 31
76 4 31
76 5 31
77 143 31
77 150 31
79 139 31
79 140 31
80 135 31
80 136 31
81 133 31
81 134 31
82 113 31
83 42 31
83 43 31
83 78 31
83 101 31
84 86 31
84 88 31
85 131 31
85 132 31
87 112 31
88 111 31
89 110 31
90 129 31
90 130 31
91 79 31
91 81 31
92 127 31
92 128 31
93 26 31
93 28 31
93 29 31
93 30 31
94 74 31
94 78 31
95 71 31
95 73 31
96 64 31
96 70 31
97 49 31
97 50 31
98 125 31
98 126 31
99 119 31
99 124 31
100 115 31
100 116 31
101 98 31
102 108 31
103 62 31
103 63 31
104 106 31
105 47 31
105 48 31
106 113 31
106 114 31
107 45 31
107 46 31
108 111 31
108 112 31
109 43 31
109 44 31
111 56 31
111 57 31
112 54 31
112 55 31
113 96 31
114 95 31
115 52 31
115 53 31
116 94 31
117 92 31
118 41 31
118 42 31
120 91 31
121 103 31
121 110 31
122 90 31
123 89 31
124 50 31
124 51 31
125 48 31
125 49 31
126 88 31
127 46 31
127 47 31
129 44 31
129 45 31
130 42 31
130 43 31
131 40 31
131 41 31
132 87 31
133 86 31
137 96 31
137 101 31
138 85 31
139 84 31
140 83 31
141 103 31
142 94 31
142 95 31
143 36 31
143 38 31
144 101 31
145 38 31
145 40 31
146 36 31
146 37 31
147 100 31
148 99 31
149 84 31
149 91 31
150 31 31
150 35 31
0 81 32
0 82 32
2 150 32
3 79 32
3 80 32
4 77 32
4 78 32
5 75 32
5 76 32
6 149 32
7 143 32
8 142 32
9 73 32
9 74 32
10 71 32
10 72 32
11 140 32
12 69 32
12 70 32
13 67 32
13 68 32
14 65 32
14 66 32
15 139 32
16 138 32
17 137 32
18 63 32
18 64 32
19 61 32
19 62 32
20 59 32
20 60 32
21 57 32
21 58 32
22 26 32
22 28 32
22 29 32
22 30 32
24 136 32
25 55 32
25 56 32
26 53 32
26 54 32
27 7 32
27 15 32
27 23 32
27 25 32
28 51 32
28 52 32
29 30 32
29 31 32
30 27 32
30 28 32
32 135 32
33 49 32
33 50 32
34 134 32
36 133 32
37 25 32
37 26 32
38 23 32
38 24 32
39 132 32
40 21 32
40 22 32
41 19 32
41 20 32
42 131 32
43 17 32
43 18 32
44 130 32
45 15 32
45 16 32
46 129 32
47 13 32
47 14 32
49 11 32
49 12 32
50 128 32
51 9 32
51 10 32
53 6 32
53 7 32
54 127 32
55 126 32
56 4 32
56 5 32
57 125 32
58 0 32
58 1 32
59 143 32
59 150 32
60 139 32
60 140 32
61 135 32
61 136 32
62 133 32
62 134 32
63 124 32
64 123 32
65 131 32
65 132 32
66 129 32
66 130 32
67 122 32
68 127 32
68 128 32
70 125 32
70 126 32
72 121 32
74 120 32
75 119 32
76 119 32
76 124 32
77 115 32
77 116 32
78 117 32
79 71 32
79 73 32
80 116 32
81 64 32
81 70 32
82 115 32
84 62 32
84 63 32
85 114 32
86 56 32
86 57 32
88 0 32
88 1 32
88 4 32
88 5 32
89 113 32
90 113 32
90 114 32
91 54 32
91 55 32
92 111 32
92 112 32
93 47 32
93 48 32
94 52 32
94 53 32
95 112 32
96 111 32
98 103 32
98 110 32
99 96 32
99 101 32
100 110 32
101 108 32
103 101 32
104 45 32
104 46 32
105 43 32
105 44 32
106 94 32
106 95 32
107 106 32
109 41 32
109 42 32
110 50 32
110 51 32
111 100 32
112 48 32
112 49 32
113 99 32
114 98 32
115 96 32
116 95 32
117 88 32
117 91 32
118 38 32
118 40 32
119 94 32
120 84 32
120 86 32
121 79 32
121 81 32
123 92 32
124 91 32
126 46 32
126 47 32
127 42 32
127 43 32
127 78 32
127 101 32
128 78 32
128 101 32
128 38 32
128 41 32
129 90 32
130 89 32
131 44 32
131 45 32
132 88 32
133 87 32
134 86 32
135 42 32
135 43 32
136 85 32
137 74 32
137 78 32
138 84 32
139 38 32
139 41 32
139 42 32
139 43 32
140 40 32
140 41 32
141 36 32
141 37 32
143 36 32
143 38 32
145 103 32
146 34 32
146 35 32
147 29 32
147 32 32
149 83 32
150 31 32
150 35 32
1 81 33
1 82 33
2 150 33
3 149 33
4 143 33
5 142 33
6 140 33
7 79 33
7 80 33
8 77 33
8 78 33
9 75 33
9 76 33
10 73 33
10 74 33
11 71 33
11 72 33
12 7 33
12 15 33
12 23 33
12 25 33
13 139 33
14 69 33
14 70 33
16 138 33
18 67 33
18 68 33
19 137 33
20 136 33
21 135 33
22 65 33
22 66 33
23 63 33
23 64 33
24 61 33
24 62 33
25 134 33
26 133 33
27 132 33
29 131 33
30 130 33
31 59 33
31 60 33
32 129 33
33 26 33
33 28 33
33 29 33
33 30 33
34 57 33
34 58 33
35 34 33
35 36 33
36 128 33
37 127 33
38 31 33
38 32 33
39 126 33
40 29 33
40 30 33
41 125 33
42 27 33
42 28 33
43 25 33
43 26 33
44 23 33
44 24 33
46 21 33
46 22 33
48 19 33
48 20 33
49 124 33
50 123 33
51 122 33
52 121 33
53 120 33
55 0 33
55 1 33
55 4 33
55 5 33
56 17 33
56 18 33
57 15 33
57 16 33
58 13 33
58 14 33
59 119 33
60 117 33
61 11 33
61 12 33
62 9 33
62 10 33
63 6 33
63 7 33
65 116 33
66 115 33
67 4 33
67 5 33
69 114 33
70 0 33
70 1 33
71 143 33
71 150 33
72 139 33
72 140 33
73 113 33
75 112 33
76 135 33
76 136 33
77 133 33
77 134 33
78 131 33
78 132 33
79 129 33
79 130 33
80 111 33
81 110 33
82 127 33
82 128 33
83 125 33
83 126 33
85 119 33
85 124 33
86 84 33
86 88 33
88 79 33
88 81 33
89 115 33
89 116 33
90 113 33
90 114 33
91 74 33
91 78 33
92 111 33
92 112 33
93 108 33
94 71 33
94 73 33
95 64 33
95 70 33
96 62 33
96 63 33
97 55 33
97 56 33
98 103 33
98 110 33
99 106 33
100 96 33
100 101 33
101 100 33
102 53 33
102 54 33
103 99 33
104 51 33
104 52 33
106 98 33
107 49 33
107 50 33
108 96 33
109 47 33
109 48 33
110 56 33
110 57 33
111 54 33
111 55 33
112 95 33
113 94 33
114 52 33
114 53 33
115 50 33
115 51 33
116 48 33
116 49 33
117 94 33
117 95 33
118 45 33
118 46 33
119 92 33
120 91 33
122 90 33
123 89 33
124 46 33
124 47 33
125 44 33
125 45 33
126 88 33
127 87 33
129 42 33
129 43 33
130 86 33
131 85 33
132 40 33
132 41 33
133 42 33
133 43 33
133 78 33
133 101 33
134 78 33
134 101 33
134 38 33
134 41 33
135 84 33
139 38 33
139 41 33
139 42 33
139 43 33
140 83 33
141 103 33
142 86 33
142 91 33
143 36 33
143 38 33
144 43 33
144 44 33
145 41 33
145 42 33
146 38 33
146 40 33
147 101 33
148 35 33
148 37 33
150 31 33
150 35 33
