0 134 22
0 135 22
0 136 22
1 150 22
2 129 22
2 131 22
2 133 22
3 103 22
3 104 22
4 126 22
4 127 22
4 128 22
5 101 22
5 102 22
6 99 22
6 100 22
7 104 22
7 105 22
7 110 22
7 111 22
8 14 22
8 15 22
8 16 22
8 17 22
9 93 22
9 94 22
9 101 22
9 102 22
10 149 22
11 148 22
12 147 22
13 146 22
14 97 22
14 98 22
15 95 22
15 96 22
16 123 22
16 124 22
16 125 22
17 120 22
17 121 22
17 122 22
18 116 22
18 118 22
18 119 22
19 78 22
19 79 22
19 80 22
19 90 22
20 93 22
20 94 22
21 144 22
21 0 22
21 7 22
21 12 22
22 145 22
23 116 22
23 123 22
23 124 22
23 131 22
24 111 22
24 113 22
24 114 22
25 91 22
25 92 22
26 89 22
26 90 22
27 87 22
27 88 22
28 144 22
29 7 22
29 9 22
29 11 22
29 12 22
30 106 22
30 107 22
30 110 22
31 85 22
31 86 22
32 103 22
32 104 22
32 105 22
33 96 22
33 101 22
33 102 22
34 143 22
35 83 22
35 84 22
36 142 22
37 81 22
37 82 22
38 70 22
38 74 22
38 75 22
38 76 22
39 79 22
39 80 22
40 141 22
41 140 22
42 77 22
42 78 22
43 93 22
43 94 22
43 95 22
44 139 22
45 80 22
45 93 22
45 94 22
45 110 22
46 53 22
46 58 22
46 59 22
46 60 22
47 3 22
47 4 22
47 5 22
47 6 22
48 89 22
48 90 22
48 91 22
49 75 22
49 76 22
50 138 22
51 137 22
52 86 22
52 87 22
52 88 22
53 73 22
53 74 22
54 136 22
55 50 22
55 51 22
55 52 22
56 79 22
56 80 22
56 85 22
57 71 22
57 72 22
58 70 22
58 74 22
58 76 22
58 78 22
59 135 22
60 134 22
61 45 22
61 48 22
61 49 22
61 50 22
62 133 22
63 144 22
63 150 22
63 0 22
63 2 22
64 67 22
64 70 22
65 123 22
65 124 22
65 127 22
65 131 22
66 76 22
66 77 22
66 78 22
67 68 22
67 69 22
68 132 22
69 131 22
70 130 22
71 65 22
71 66 22
72 31 22
72 32 22
72 36 22
72 41 22
73 129 22
74 63 22
74 64 22
75 128 22
76 7 22
76 12 22
76 17 22
76 21 22
77 61 22
77 62 22
78 59 22
78 60 22
79 31 22
79 49 22
79 53 22
79 60 22
80 57 22
80 58 22
81 55 22
81 56 22
82 127 22
83 53 22
83 54 22
84 116 22
84 118 22
84 119 22
84 122 22
85 46 22
85 48 22
85 49 22
86 126 22
87 51 22
87 52 22
88 125 22
89 49 22
89 50 22
90 47 22
90 48 22
91 45 22
91 46 22
92 124 22
93 43 22
93 44 22
93 45 22
94 123 22
95 18 22
95 21 22
95 23 22
95 28 22
96 38 22
96 40 22
96 41 22
97 72 22
97 74 22
97 75 22
98 122 22
99 69 22
99 70 22
99 71 22
100 43 22
100 44 22
101 41 22
101 42 22
102 39 22
102 40 22
103 121 22
104 33 22
104 35 22
104 36 22
105 37 22
105 38 22
106 120 22
107 35 22
107 36 22
108 119 22
109 33 22
109 34 22
110 31 22
110 32 22
111 118 22
112 29 22
112 30 22
113 117 22
114 27 22
114 28 22
115 116 22
116 30 22
116 31 22
116 32 22
117 61 22
117 62 22
117 67 22
118 23 22
118 26 22
118 28 22
119 115 22
120 25 22
120 26 22
121 23 22
121 24 22
122 114 22
123 21 22
123 22 22
124 18 22
124 19 22
124 21 22
125 19 22
125 20 22
126 17 22
126 18 22
127 15 22
127 16 22
128 13 22
128 14 22
129 113 22
130 11 22
130 12 22
131 9 22
131 10 22
132 112 22
133 7 22
133 8 22
134 14 22
134 15 22
134 16 22
134 17 22
135 111 22
136 110 22
137 109 22
138 5 22
138 6 22
139 3 22
139 4 22
140 108 22
141 1 22
141 2 22
142 107 22
143 150 22
143 0 22
144 146 22
144 148 22
145 58 22
145 59 22
145 60 22
146 144 22
146 147 22
147 106 22
148 105 22
149 53 22
149 54 22
149 55 22
150 141 22
150 143 22
0 134 23
0 135 23
0 136 23
1 103 23
1 104 23
2 150 23
3 129 23
3 131 23
3 133 23
4 126 23
4 127 23
4 128 23
5 149 23
6 148 23
7 123 23
7 124 23
7 125 23
8 14 23
8 15 23
8 16 23
8 17 23
9 147 23
10 146 23
11 120 23
11 121 23
11 122 23
12 101 23
12 102 23
13 99 23
13 100 23
14 104 23
14 105 23
14 110 23
14 111 23
15 93 23
15 94 23
15 101 23
15 102 23
16 97 23
16 98 23
17 145 23
18 144 23
19 95 23
19 96 23
20 143 23
21 93 23
21 94 23
22 7 23
22 9 23
22 11 23
22 12 23
23 142 23
24 91 23
24 92 23
25 89 23
25 90 23
26 141 23
27 140 23
28 78 23
28 79 23
28 80 23
28 90 23
29 87 23
29 88 23
30 85 23
30 86 23
31 116 23
31 118 23
31 119 23
32 83 23
32 84 23
33 111 23
33 113 23
33 114 23
34 81 23
34 82 23
35 79 23
35 80 23
36 139 23
37 3 23
37 4 23
37 5 23
37 6 23
38 138 23
39 137 23
40 106 23
40 107 23
40 110 23
41 77 23
41 78 23
42 75 23
42 76 23
43 136 23
44 73 23
44 74 23
45 103 23
45 104 23
45 105 23
46 70 23
46 74 23
46 75 23
46 76 23
47 71 23
47 72 23
48 135 23
49 134 23
50 133 23
51 69 23
51 70 23
52 96 23
52 101 23
52 102 23
53 67 23
53 68 23
54 65 23
54 66 23
55 93 23
55 94 23
55 95 23
56 89 23
56 90 23
56 91 23
57 86 23
57 87 23
57 88 23
58 63 23
58 64 23
59 58 23
59 60 23
59 61 23
60 132 23
61 53 23
61 54 23
61 55 23
62 131 23
63 144 23
63 150 23
63 0 23
63 2 23
64 61 23
64 62 23
65 59 23
65 60 23
66 57 23
66 58 23
67 130 23
68 123 23
68 124 23
68 127 23
68 131 23
69 53 23
69 58 23
69 59 23
69 60 23
70 31 23
70 32 23
70 36 23
70 41 23
71 55 23
71 56 23
72 53 23
72 54 23
73 51 23
73 52 23
74 18 23
74 21 23
74 23 23
74 28 23
75 14 23
75 15 23
75 16 23
75 17 23
76 129 23
77 50 23
77 51 23
77 52 23
78 144 23
78 0 23
78 7 23
78 12 23
79 46 23
79 48 23
79 49 23
80 49 23
80 50 23
81 47 23
81 48 23
82 45 23
82 46 23
83 43 23
83 44 23
84 128 23
85 127 23
86 41 23
86 42 23
87 126 23
88 39 23
88 40 23
89 125 23
90 37 23
90 38 23
91 124 23
92 123 23
93 70 23
93 74 23
93 76 23
93 78 23
94 35 23
94 36 23
95 33 23
95 34 23
96 31 23
96 32 23
97 79 23
97 80 23
97 85 23
98 76 23
98 77 23
98 78 23
99 29 23
99 30 23
100 27 23
100 28 23
101 116 23
101 123 23
101 124 23
101 131 23
102 80 23
102 93 23
102 94 23
102 110 23
103 122 23
104 121 23
105 25 23
105 26 23
106 120 23
107 23 23
107 24 23
108 72 23
108 74 23
108 75 23
109 21 23
109 22 23
110 19 23
110 20 23
111 17 23
111 18 23
112 15 23
112 16 23
113 119 23
114 118 23
115 117 23
116 31 23
116 49 23
116 53 23
116 60 23
117 69 23
117 70 23
117 71 23
118 116 23
119 43 23
119 44 23
119 45 23
120 38 23
120 40 23
120 41 23
121 45 23
121 48 23
121 49 23
121 50 23
122 115 23
123 114 23
124 7 23
124 12 23
124 17 23
124 21 23
125 33 23
125 35 23
125 36 23
126 13 23
126 14 23
127 11 23
127 12 23
128 9 23
128 10 23
129 30 23
129 31 23
129 32 23
130 7 23
130 8 23
131 113 23
132 112 23
133 111 23
134 5 23
134 6 23
135 23 23
135 26 23
135 28 23
136 110 23
137 3 23
137 4 23
138 59 23
138 62 23
138 67 23
139 109 23
140 108 23
141 1 23
141 2 23
142 150 23
142 0 23
143 147 23
143 148 23
144 107 23
145 144 23
145 146 23
146 141 23
146 143 23
147 18 23
147 19 23
147 21 23
148 106 23
149 116 23
149 118 23
149 119 23
149 122 23
150 105 23
0 134 24
0 135 24
0 136 24
1 14 24
1 15 24
1 16 24
1 17 24
2 103 24
2 104 24
3 101 24
3 102 24
4 99 24
4 100 24
5 116 24
5 118 24
5 119 24
5 122 24
6 129 24
6 131 24
6 133 24
7 150 24
8 97 24
8 98 24
9 95 24
9 96 24
10 93 24
10 94 24
11 91 24
11 92 24
12 149 24
13 7 24
13 9 24
13 11 24
13 12 24
14 148 24
15 147 24
16 126 24
16 127 24
16 128 24
17 104 24
17 105 24
17 110 24
17 111 24
18 146 24
19 89 24
19 90 24
20 123 24
20 124 24
20 125 24
21 120 24
21 121 24
21 122 24
22 145 24
23 87 24
23 88 24
24 85 24
24 86 24
25 83 24
25 84 24
26 81 24
26 82 24
27 144 24
28 79 24
28 80 24
29 143 24
30 93 24
30 94 24
30 101 24
30 102 24
31 116 24
31 118 24
31 119 24
32 31 24
32 36 24
32 41 24
32 45 24
33 77 24
33 78 24
34 142 24
35 141 24
36 140 24
37 111 24
37 113 24
37 114 24
38 75 24
38 76 24
39 3 24
39 4 24
39 5 24
39 6 24
40 106 24
40 107 24
40 110 24
41 73 24
41 74 24
42 71 24
42 72 24
43 69 24
43 70 24
44 67 24
44 68 24
45 18 24
45 21 24
45 23 24
45 28 24
46 65 24
46 66 24
47 103 24
47 104 24
47 105 24
48 63 24
48 64 24
49 61 24
49 62 24
50 14 24
50 15 24
50 16 24
50 17 24
51 57 24
51 60 24
52 96 24
52 101 24
52 102 24
53 139 24
54 50 24
54 51 24
54 52 24
55 46 24
55 48 24
55 49 24
56 93 24
56 94 24
56 95 24
57 58 24
57 59 24
58 55 24
58 56 24
59 53 24
59 54 24
60 138 24
61 51 24
61 52 24
62 137 24
63 89 24
63 90 24
63 91 24
64 144 24
64 150 24
64 0 24
64 2 24
65 86 24
65 87 24
65 88 24
66 123 24
66 124 24
66 127 24
66 131 24
67 43 24
67 44 24
67 45 24
68 49 24
68 50 24
69 47 24
69 48 24
70 45 24
70 46 24
71 136 24
72 43 24
72 44 24
73 135 24
74 134 24
75 144 24
75 0 24
75 7 24
75 12 24
76 41 24
76 42 24
77 39 24
77 40 24
78 70 24
78 74 24
78 76 24
78 80 24
79 37 24
79 38 24
80 35 24
80 36 24
81 33 24
81 34 24
82 133 24
83 132 24
84 31 24
84 32 24
85 38 24
85 40 24
85 41 24
86 131 24
87 130 24
88 78 24
88 79 24
88 80 24
88 90 24
89 29 24
89 30 24
90 116 24
90 123 24
90 124 24
90 131 24
91 70 24
91 74 24
91 75 24
91 76 24
92 129 24
93 31 24
93 49 24
93 53 24
93 60 24
94 7 24
94 12 24
94 17 24
94 21 24
95 128 24
96 127 24
97 126 24
98 27 24
98 28 24
99 79 24
99 80 24
99 85 24
100 125 24
101 124 24
102 33 24
102 35 24
102 36 24
103 25 24
103 26 24
104 123 24
105 122 24
106 23 24
106 24 24
107 21 24
107 22 24
108 19 24
108 20 24
109 17 24
109 18 24
110 15 24
110 16 24
111 13 24
111 14 24
112 11 24
112 12 24
113 121 24
114 120 24
115 119 24
116 117 24
117 118 24
118 78 24
118 93 24
118 94 24
118 110 24
119 9 24
119 10 24
120 7 24
120 8 24
121 116 24
122 115 24
123 5 24
123 6 24
124 114 24
125 113 24
126 3 24
126 4 24
127 1 24
127 2 24
128 112 24
129 53 24
129 58 24
129 59 24
129 60 24
130 111 24
131 30 24
131 31 24
131 32 24
132 76 24
132 77 24
132 78 24
133 150 24
133 0 24
134 110 24
135 109 24
136 108 24
137 72 24
137 74 24
137 75 24
138 69 24
138 70 24
138 71 24
139 61 24
139 62 24
139 67 24
140 58 24
140 59 24
140 60 24
141 143 24
141 144 24
142 147 24
142 148 24
143 23 24
143 26 24
143 28 24
144 18 24
144 19 24
144 21 24
145 141 24
145 146 24
146 107 24
147 106 24
148 32 24
148 48 24
148 49 24
148 50 24
149 53 24
149 54 24
149 55 24
150 105 24
0 103 26
0 104 26
1 14 26
1 15 26
1 16 26
1 17 26
2 150 26
3 101 26
3 102 26
4 99 26
4 100 26
5 149 26
6 134 26
6 135 26
6 136 26
7 97 26
7 98 26
8 129 26
8 131 26
8 133 26
9 148 26
10 95 26
10 96 26
11 78 26
11 79 26
11 80 26
11 90 26
12 147 26
13 93 26
13 94 26
14 91 26
14 92 26
15 89 26
15 90 26
16 87 26
16 88 26
17 146 26
18 85 26
18 86 26
19 145 26
20 126 26
20 127 26
20 128 26
21 83 26
21 84 26
22 7 26
22 9 26
22 11 26
22 12 26
23 144 26
24 3 26
24 4 26
24 5 26
24 6 26
25 81 26
25 82 26
26 79 26
26 80 26
27 77 26
27 78 26
28 143 26
29 75 26
29 76 26
30 142 26
31 141 26
32 123 26
32 124 26
32 125 26
33 140 26
34 144 26
34 150 26
34 0 26
34 2 26
35 70 26
35 74 26
35 75 26
35 76 26
36 80 26
36 93 26
36 94 26
36 110 26
37 73 26
37 74 26
38 120 26
38 121 26
38 122 26
39 71 26
39 72 26
40 139 26
41 138 26
42 69 26
42 70 26
43 116 26
43 118 26
43 119 26
44 67 26
44 68 26
45 65 26
45 66 26
46 63 26
46 64 26
47 61 26
47 62 26
48 137 26
49 136 26
50 111 26
50 113 26
50 114 26
51 106 26
51 107 26
51 110 26
52 59 26
52 60 26
53 55 26
53 58 26
54 135 26
55 56 26
55 57 26
56 134 26
57 123 26
57 124 26
57 127 26
57 131 26
58 53 26
58 54 26
59 133 26
60 7 26
60 12 26
60 17 26
60 21 26
61 51 26
61 52 26
62 103 26
62 104 26
62 105 26
63 49 26
63 50 26
64 132 26
65 47 26
65 48 26
66 96 26
66 101 26
66 102 26
67 131 26
68 45 26
68 46 26
69 53 26
69 58 26
69 59 26
69 60 26
70 43 26
70 44 26
71 130 26
72 45 26
72 48 26
72 49 26
72 50 26
73 41 26
73 42 26
74 93 26
74 94 26
74 95 26
75 39 26
75 40 26
76 129 26
77 128 26
78 37 26
78 38 26
79 127 26
80 35 26
80 36 26
81 89 26
81 90 26
81 91 26
82 116 26
82 118 26
82 119 26
82 122 26
83 126 26
84 125 26
85 124 26
86 33 26
86 34 26
87 72 26
87 74 26
87 75 26
88 69 26
88 70 26
88 71 26
89 123 26
90 122 26
91 61 26
91 62 26
91 67 26
92 121 26
93 31 26
93 32 26
94 120 26
95 31 26
95 32 26
95 36 26
95 41 26
96 29 26
96 30 26
97 104 26
97 105 26
97 110 26
97 111 26
98 119 26
99 27 26
99 28 26
100 25 26
100 26 26
101 58 26
101 59 26
101 60 26
102 70 26
102 74 26
102 76 26
102 78 26
103 23 26
103 24 26
104 53 26
104 54 26
104 55 26
105 50 26
105 51 26
105 52 26
106 18 26
106 21 26
106 23 26
106 28 26
107 46 26
107 48 26
107 49 26
108 21 26
108 22 26
109 19 26
109 20 26
110 118 26
111 117 26
112 17 26
112 18 26
113 116 26
114 43 26
114 44 26
114 45 26
115 86 26
115 87 26
115 88 26
116 115 26
117 15 26
117 16 26
118 114 26
119 31 26
119 49 26
119 53 26
119 60 26
120 14 26
120 15 26
120 16 26
120 17 26
121 113 26
122 112 26
123 13 26
123 14 26
124 111 26
125 11 26
125 12 26
126 144 26
126 0 26
126 7 26
126 12 26
127 38 26
127 40 26
127 41 26
128 116 26
128 123 26
128 124 26
128 131 26
129 9 26
129 10 26
130 110 26
131 33 26
131 35 26
131 36 26
132 93 26
132 94 26
132 101 26
132 102 26
133 30 26
133 31 26
133 32 26
134 7 26
134 8 26
135 109 26
136 5 26
136 6 26
137 79 26
137 80 26
137 85 26
138 3 26
138 4 26
139 1 26
139 2 26
140 108 26
141 107 26
142 76 26
142 77 26
142 78 26
143 23 26
143 26 26
143 28 26
144 106 26
145 105 26
146 150 26
146 0 26
147 144 26
147 146 26
148 141 26
148 143 26
149 147 26
149 148 26
150 18 26
150 19 26
150 21 26
0 150 27
1 149 27
2 103 27
2 104 27
3 101 27
3 102 27
4 148 27
5 99 27
5 100 27
6 45 27
6 48 27
6 49 27
6 50 27
7 97 27
7 98 27
8 134 27
8 135 27
8 136 27
9 95 27
9 96 27
10 93 27
10 94 27
11 147 27
12 146 27
13 91 27
13 92 27
14 145 27
15 89 27
15 90 27
16 87 27
16 88 27
17 85 27
17 86 27
18 83 27
18 84 27
19 129 27
19 131 27
19 133 27
20 126 27
20 127 27
20 128 27
21 144 27
22 81 27
22 82 27
23 143 27
24 142 27
25 79 27
25 80 27
26 77 27
26 78 27
27 141 27
28 75 27
28 76 27
29 73 27
29 74 27
30 123 27
30 124 27
30 125 27
31 71 27
31 72 27
32 140 27
33 120 27
33 121 27
33 122 27
34 69 27
34 70 27
35 31 27
35 32 27
35 36 27
35 41 27
36 139 27
37 138 27
38 18 27
38 21 27
38 23 27
38 28 27
39 14 27
39 15 27
39 16 27
39 17 27
40 67 27
40 68 27
41 137 27
42 65 27
42 66 27
43 63 27
43 64 27
44 61 27
44 62 27
45 59 27
45 60 27
46 57 27
46 58 27
47 55 27
47 56 27
48 136 27
49 116 27
49 118 27
49 119 27
50 135 27
51 134 27
52 14 27
52 15 27
52 16 27
52 17 27
53 133 27
54 132 27
55 53 27
55 54 27
56 111 27
56 113 27
56 114 27
57 7 27
57 9 27
57 11 27
57 12 27
58 106 27
58 107 27
58 110 27
59 80 27
59 93 27
59 94 27
59 110 27
60 131 27
61 103 27
61 104 27
61 105 27
62 130 27
63 3 27
63 4 27
63 5 27
63 6 27
64 144 27
64 150 27
64 0 27
64 2 27
65 129 27
66 96 27
66 101 27
66 102 27
67 51 27
67 52 27
68 123 27
68 124 27
68 127 27
68 131 27
69 128 27
70 127 27
71 126 27
72 144 27
72 0 27
72 7 27
72 12 27
73 93 27
73 94 27
73 95 27
74 89 27
74 90 27
74 91 27
75 125 27
76 72 27
76 74 27
76 75 27
77 69 27
77 70 27
77 71 27
78 124 27
79 123 27
80 49 27
80 50 27
81 122 27
82 86 27
82 87 27
82 88 27
83 116 27
83 118 27
83 119 27
83 122 27
84 47 27
84 48 27
85 121 27
86 45 27
86 46 27
87 43 27
87 44 27
88 41 27
88 42 27
89 120 27
90 119 27
91 39 27
91 40 27
92 118 27
93 117 27
94 37 27
94 38 27
95 35 27
95 36 27
96 33 27
96 34 27
97 116 27
98 31 27
98 32 27
99 29 27
99 30 27
100 104 27
100 105 27
100 110 27
100 111 27
101 115 27
102 61 27
102 62 27
102 67 27
103 27 27
103 28 27
104 70 27
104 74 27
104 76 27
104 78 27
105 31 27
105 49 27
105 53 27
105 60 27
106 114 27
107 113 27
108 112 27
109 93 27
109 94 27
109 101 27
109 102 27
110 111 27
111 25 27
111 26 27
112 110 27
113 58 27
113 59 27
113 60 27
114 53 27
114 54 27
114 55 27
115 78 27
115 79 27
115 80 27
115 90 27
116 23 27
116 24 27
117 21 27
117 22 27
118 50 27
118 51 27
118 52 27
119 19 27
119 20 27
120 17 27
120 18 27
121 46 27
121 48 27
121 49 27
122 15 27
122 16 27
123 7 27
123 12 27
123 17 27
123 21 27
124 13 27
124 14 27
125 11 27
125 12 27
126 43 27
126 44 27
126 45 27
127 9 27
127 10 27
128 109 27
129 38 27
129 40 27
129 41 27
130 108 27
131 7 27
131 8 27
132 79 27
132 80 27
132 85 27
133 107 27
134 116 27
134 123 27
134 124 27
134 131 27
135 33 27
135 35 27
135 36 27
136 30 27
136 31 27
136 32 27
137 76 27
137 77 27
137 78 27
138 5 27
138 6 27
139 3 27
139 4 27
140 70 27
140 74 27
140 75 27
140 76 27
141 23 27
141 26 27
141 28 27
142 106 27
143 1 27
143 2 27
144 105 27
145 53 27
145 58 27
145 59 27
145 60 27
146 150 27
146 0 27
147 18 27
147 19 27
147 21 27
148 144 27
148 146 27
149 147 27
149 148 27
150 141 27
150 143 27
0 103 28
0 104 28
1 150 28
2 134 28
2 135 28
2 136 28
3 101 28
3 102 28
4 149 28
5 99 28
5 100 28
6 129 28
6 131 28
6 133 28
7 104 28
7 105 28
7 110 28
7 111 28
8 126 28
8 127 28
8 128 28
9 97 28
9 98 28
10 95 28
10 96 28
11 123 28
11 124 28
11 125 28
12 93 28
12 94 28
13 120 28
13 121 28
13 122 28
14 148 28
15 91 28
15 92 28
16 116 28
16 118 28
16 119 28
17 147 28
18 89 28
18 90 28
19 111 28
19 113 28
19 114 28
20 106 28
20 107 28
20 110 28
21 87 28
21 88 28
22 103 28
22 104 28
22 105 28
23 85 28
23 86 28
24 83 28
24 84 28
25 81 28
25 82 28
26 93 28
26 94 28
26 101 28
26 102 28
27 79 28
27 80 28
28 14 28
28 15 28
28 16 28
28 17 28
29 77 28
29 78 28
30 146 28
31 96 28
31 101 28
31 102 28
32 144 28
32 0 28
32 7 28
32 12 28
33 75 28
33 76 28
34 73 28
34 74 28
35 93 28
35 94 28
35 95 28
36 89 28
36 90 28
36 91 28
37 71 28
37 72 28
38 86 28
38 87 28
38 88 28
39 79 28
39 80 28
39 85 28
40 69 28
40 70 28
41 67 28
41 68 28
42 65 28
42 66 28
43 145 28
44 144 28
45 143 28
46 63 28
46 64 28
47 142 28
48 61 28
48 62 28
49 141 28
50 76 28
50 77 28
50 78 28
51 59 28
51 60 28
52 78 28
52 79 28
52 80 28
52 90 28
53 140 28
54 139 28
55 138 28
56 72 28
56 74 28
56 75 28
57 137 28
58 116 28
58 123 28
58 124 28
58 131 28
59 80 28
59 93 28
59 94 28
59 110 28
60 50 28
60 51 28
60 52 28
61 136 28
62 57 28
62 58 28
63 14 28
63 15 28
63 16 28
63 17 28
64 135 28
65 134 28
66 55 28
66 56 28
67 133 28
68 53 28
68 54 28
69 51 28
69 52 28
70 49 28
70 50 28
71 132 28
72 131 28
73 130 28
74 47 28
74 48 28
75 129 28
76 128 28
77 45 28
77 46 28
78 7 28
78 12 28
78 17 28
78 21 28
79 127 28
80 126 28
81 125 28
82 69 28
82 70 28
82 71 28
83 43 28
83 44 28
84 61 28
84 62 28
84 67 28
85 41 28
85 42 28
86 70 28
86 74 28
86 75 28
86 76 28
87 46 28
87 48 28
87 49 28
88 124 28
89 43 28
89 44 28
89 45 28
90 39 28
90 40 28
91 37 28
91 38 28
92 123 28
93 122 28
94 35 28
94 36 28
95 121 28
96 33 28
96 34 28
97 7 28
97 9 28
97 11 28
97 12 28
98 120 28
99 31 28
99 32 28
100 119 28
101 38 28
101 40 28
101 41 28
102 29 28
102 30 28
103 53 28
103 58 28
103 59 28
103 60 28
104 70 28
104 74 28
104 76 28
104 78 28
105 118 28
106 27 28
106 28 28
107 25 28
107 26 28
108 23 28
108 24 28
109 58 28
109 59 28
109 60 28
110 21 28
110 22 28
111 19 28
111 20 28
112 117 28
113 33 28
113 35 28
113 36 28
114 17 28
114 18 28
115 3 28
115 4 28
115 5 28
115 6 28
116 15 28
116 16 28
117 13 28
117 14 28
118 31 28
118 49 28
118 53 28
118 60 28
119 30 28
119 31 28
119 32 28
120 11 28
120 12 28
121 45 28
121 48 28
121 49 28
121 50 28
122 116 28
123 9 28
123 10 28
124 115 28
125 31 28
125 32 28
125 36 28
125 41 28
126 114 28
127 7 28
127 8 28
128 113 28
129 5 28
129 6 28
130 112 28
131 3 28
131 4 28
132 111 28
133 1 28
133 2 28
134 23 28
134 26 28
134 28 28
135 110 28
136 18 28
136 21 28
136 23 28
136 28 28
137 150 28
137 0 28
138 109 28
139 144 28
139 150 28
139 0 28
139 2 28
140 108 28
141 144 28
141 148 28
142 123 28
142 124 28
142 127 28
142 131 28
143 18 28
143 19 28
143 21 28
144 146 28
144 147 28
145 116 28
145 118 28
145 119 28
145 122 28
146 107 28
147 106 28
148 105 28
149 53 28
149 54 28
149 55 28
150 141 28
150 143 28
0 150 29
1 14 29
1 15 29
1 16 29
1 17 29
2 149 29
3 103 29
3 104 29
4 148 29
5 101 29
5 102 29
6 93 29
6 94 29
6 101 29
6 102 29
7 134 29
7 135 29
7 136 29
8 99 29
8 100 29
9 147 29
10 97 29
10 98 29
11 95 29
11 96 29
12 146 29
13 145 29
14 129 29
14 131 29
14 133 29
15 93 29
15 94 29
16 144 29
17 143 29
18 142 29
19 91 29
19 92 29
20 89 29
20 90 29
21 87 29
21 88 29
22 141 29
23 126 29
23 127 29
23 128 29
24 123 29
24 124 29
24 125 29
25 140 29
26 139 29
27 138 29
28 137 29
29 120 29
29 121 29
29 122 29
30 116 29
30 118 29
30 119 29
31 144 29
31 0 29
31 7 29
31 12 29
32 85 29
32 86 29
33 83 29
33 84 29
34 81 29
34 82 29
35 136 29
36 79 29
36 80 29
37 77 29
37 78 29
38 135 29
39 75 29
39 76 29
40 73 29
40 74 29
41 71 29
41 72 29
42 7 29
42 9 29
42 11 29
42 12 29
43 134 29
44 78 29
44 79 29
44 80 29
44 90 29
45 116 29
45 123 29
45 124 29
45 131 29
46 111 29
46 113 29
46 114 29
47 69 29
47 70 29
48 67 29
48 68 29
49 133 29
50 65 29
50 66 29
51 106 29
51 107 29
51 110 29
52 63 29
52 64 29
53 103 29
53 104 29
53 105 29
54 132 29
55 59 29
55 62 29
56 131 29
57 3 29
57 4 29
57 5 29
57 6 29
58 96 29
58 101 29
58 102 29
59 60 29
59 61 29
60 57 29
60 58 29
61 130 29
62 61 29
62 67 29
62 69 29
63 55 29
63 56 29
64 53 29
64 54 29
65 51 29
65 52 29
66 93 29
66 94 29
66 95 29
67 49 29
67 50 29
68 144 29
68 150 29
68 0 29
68 2 29
69 129 29
70 47 29
70 48 29
71 128 29
72 70 29
72 74 29
72 75 29
72 76 29
73 127 29
74 70 29
74 76 29
74 78 29
74 80 29
75 126 29
76 125 29
77 45 29
77 46 29
78 43 29
78 44 29
79 124 29
80 41 29
80 42 29
81 89 29
81 90 29
81 91 29
82 123 29
83 86 29
83 87 29
83 88 29
84 39 29
84 40 29
85 37 29
85 38 29
86 122 29
87 58 29
87 59 29
87 60 29
88 121 29
89 53 29
89 58 29
89 59 29
89 60 29
90 35 29
90 36 29
91 33 29
91 34 29
92 120 29
93 53 29
93 54 29
93 55 29
94 31 29
94 32 29
95 119 29
96 118 29
97 29 29
97 30 29
98 79 29
98 80 29
98 85 29
99 76 29
99 77 29
99 78 29
100 123 29
100 124 29
100 127 29
100 131 29
101 27 29
101 28 29
102 25 29
102 26 29
103 117 29
104 23 29
104 24 29
105 116 29
106 45 29
106 48 29
106 49 29
106 50 29
107 21 29
107 22 29
108 19 29
108 20 29
109 17 29
109 18 29
110 15 29
110 16 29
111 13 29
111 14 29
112 72 29
112 74 29
112 75 29
113 11 29
113 12 29
114 115 29
115 114 29
116 50 29
116 51 29
116 52 29
117 113 29
118 46 29
118 48 29
118 49 29
119 74 29
119 93 29
119 94 29
119 110 29
120 43 29
120 44 29
120 45 29
121 38 29
121 40 29
121 41 29
122 9 29
122 10 29
123 31 29
123 49 29
123 53 29
123 60 29
124 33 29
124 35 29
124 36 29
125 112 29
126 30 29
126 31 29
126 32 29
127 111 29
128 7 29
128 8 29
129 110 29
130 109 29
131 23 29
131 26 29
131 28 29
132 5 29
132 6 29
133 3 29
133 4 29
134 1 29
134 2 29
135 108 29
136 150 29
136 0 29
137 116 29
137 118 29
137 119 29
137 122 29
138 104 29
138 105 29
138 110 29
138 111 29
139 147 29
139 148 29
140 107 29
141 31 29
141 32 29
141 36 29
141 41 29
142 62 29
142 70 29
142 71 29
143 18 29
143 21 29
143 23 29
143 28 29
144 7 29
144 12 29
144 17 29
144 21 29
145 106 29
146 14 29
146 15 29
146 16 29
146 17 29
147 141 29
147 143 29
148 105 29
149 144 29
149 146 29
150 18 29
150 19 29
150 21 29
0 103 30
0 104 30
1 150 30
2 149 30
3 101 30
3 102 30
4 134 30
4 135 30
4 136 30
5 116 30
5 118 30
5 119 30
5 122 30
6 148 30
7 129 30
7 131 30
7 133 30
8 147 30
9 126 30
9 127 30
9 128 30
10 146 30
11 99 30
11 100 30
12 104 30
12 105 30
12 110 30
12 111 30
13 97 30
13 98 30
14 123 30
14 124 30
14 125 30
15 120 30
15 121 30
15 122 30
16 145 30
17 144 30
18 143 30
19 142 30
20 141 30
21 95 30
21 96 30
22 140 30
23 139 30
24 93 30
24 94 30
25 91 30
25 92 30
26 138 30
27 116 30
27 118 30
27 119 30
28 14 30
28 15 30
28 16 30
28 17 30
29 89 30
29 90 30
30 137 30
31 87 30
31 88 30
32 85 30
32 86 30
33 111 30
33 113 30
33 114 30
34 106 30
34 107 30
34 110 30
35 83 30
35 84 30
36 103 30
36 104 30
36 105 30
37 96 30
37 101 30
37 102 30
38 81 30
38 82 30
39 79 30
39 80 30
40 93 30
40 94 30
40 95 30
41 136 30
42 77 30
42 78 30
43 135 30
44 93 30
44 94 30
44 101 30
44 102 30
45 134 30
46 89 30
46 90 30
46 91 30
47 133 30
48 75 30
48 76 30
49 73 30
49 74 30
50 132 30
51 131 30
52 71 30
52 72 30
53 54 30
53 55 30
53 58 30
54 78 30
54 79 30
54 80 30
54 90 30
55 70 30
55 74 30
55 75 30
55 76 30
56 130 30
57 14 30
57 15 30
57 16 30
57 17 30
58 129 30
59 69 30
59 70 30
60 128 30
61 67 30
61 68 30
62 127 30
63 65 30
63 66 30
64 126 30
65 125 30
66 86 30
66 87 30
66 88 30
67 63 30
67 64 30
68 79 30
68 80 30
68 85 30
69 61 30
69 62 30
70 59 30
70 60 30
71 124 30
72 50 30
72 51 30
72 52 30
73 123 30
74 144 30
74 0 30
74 7 30
74 12 30
75 57 30
75 58 30
76 55 30
76 56 30
77 122 30
78 121 30
79 120 30
80 119 30
81 7 30
81 9 30
81 11 30
81 12 30
82 76 30
82 77 30
82 78 30
83 53 30
83 54 30
84 51 30
84 52 30
85 49 30
85 50 30
86 46 30
86 48 30
86 49 30
87 47 30
87 48 30
88 53 30
88 58 30
88 59 30
88 60 30
89 45 30
89 46 30
90 43 30
90 44 30
90 45 30
91 43 30
91 44 30
92 41 30
92 42 30
93 39 30
93 40 30
94 80 30
94 93 30
94 110 30
94 116 30
95 37 30
95 38 30
96 35 30
96 36 30
97 3 30
97 4 30
97 5 30
97 6 30
98 144 30
98 150 30
98 0 30
98 2 30
99 33 30
99 34 30
100 31 30
100 32 30
101 118 30
102 29 30
102 30 30
103 38 30
103 40 30
103 41 30
104 94 30
104 123 30
104 124 30
104 131 30
105 117 30
106 116 30
107 114 30
108 72 30
108 74 30
108 75 30
109 69 30
109 70 30
109 71 30
110 27 30
110 28 30
111 25 30
111 26 30
112 23 30
112 24 30
113 33 30
113 35 30
113 36 30
114 115 30
115 61 30
115 62 30
115 67 30
116 30 30
116 31 30
116 32 30
117 53 30
117 59 30
117 60 30
118 113 30
119 21 30
119 22 30
120 45 30
120 48 30
120 49 30
120 50 30
121 19 30
121 20 30
122 17 30
122 18 30
123 70 30
123 74 30
123 76 30
123 78 30
124 31 30
124 49 30
124 53 30
124 60 30
125 31 30
125 32 30
125 36 30
125 41 30
126 15 30
126 16 30
127 112 30
128 13 30
128 14 30
129 111 30
130 123 30
130 124 30
130 127 30
130 131 30
131 11 30
131 12 30
132 110 30
133 109 30
134 9 30
134 10 30
135 23 30
135 26 30
135 28 30
136 18 30
136 19 30
136 21 30
137 7 30
137 8 30
138 108 30
139 5 30
139 6 30
140 3 30
140 4 30
141 107 30
142 1 30
142 2 30
143 150 30
143 0 30
144 7 30
144 12 30
144 17 30
144 21 30
145 106 30
146 105 30
147 18 30
147 21 30
147 23 30
147 28 30
148 144 30
148 146 30
149 147 30
149 148 30
150 141 30
150 143 30
0 134 31
0 135 31
0 136 31
1 150 31
2 103 31
2 104 31
3 101 31
3 102 31
4 116 31
4 118 31
4 119 31
4 122 31
5 99 31
5 100 31
6 97 31
6 98 31
7 129 31
7 131 31
7 133 31
8 149 31
9 126 31
9 127 31
9 128 31
10 123 31
10 124 31
10 125 31
11 95 31
11 96 31
12 120 31
12 121 31
12 122 31
13 93 31
13 94 31
14 15 31
14 16 31
14 17 31
14 18 31
15 116 31
15 118 31
15 119 31
16 91 31
16 92 31
17 111 31
17 113 31
17 114 31
18 89 31
18 90 31
19 148 31
20 147 31
21 87 31
21 88 31
22 85 31
22 86 31
23 146 31
24 83 31
24 84 31
25 145 31
26 104 31
26 105 31
26 110 31
26 111 31
27 81 31
27 82 31
28 144 31
28 0 31
28 7 31
28 12 31
29 79 31
29 80 31
30 77 31
30 78 31
31 106 31
31 107 31
31 110 31
32 144 31
33 103 31
33 104 31
33 105 31
34 75 31
34 76 31
35 73 31
35 74 31
36 71 31
36 72 31
37 69 31
37 70 31
38 67 31
38 68 31
39 143 31
40 65 31
40 66 31
41 142 31
42 63 31
42 64 31
43 96 31
43 101 31
43 102 31
44 61 31
44 62 31
45 141 31
46 140 31
47 139 31
48 138 31
49 93 31
49 94 31
49 95 31
50 137 31
51 89 31
51 90 31
51 91 31
52 59 31
52 60 31
53 86 31
53 87 31
53 88 31
54 56 31
54 58 31
55 136 31
56 55 31
56 57 31
57 14 31
57 15 31
57 16 31
57 17 31
58 135 31
59 134 31
60 116 31
60 123 31
60 124 31
60 131 31
61 53 31
61 54 31
62 93 31
62 94 31
62 101 31
62 102 31
63 51 31
63 52 31
64 133 31
65 49 31
65 50 31
66 7 31
66 9 31
66 11 31
66 12 31
67 78 31
67 79 31
67 80 31
67 90 31
68 47 31
68 48 31
69 132 31
70 131 31
71 130 31
72 129 31
73 3 31
73 4 31
73 5 31
73 6 31
74 69 31
74 70 31
74 71 31
75 45 31
75 46 31
76 128 31
77 127 31
78 61 31
78 62 31
78 67 31
79 126 31
80 70 31
80 74 31
80 76 31
80 78 31
81 43 31
81 44 31
82 125 31
83 41 31
83 42 31
84 144 31
84 150 31
84 0 31
84 2 31
85 70 31
85 74 31
85 75 31
85 76 31
86 124 31
87 58 31
87 59 31
87 60 31
88 53 31
88 58 31
88 59 31
88 60 31
89 53 31
89 54 31
89 55 31
90 123 31
91 50 31
91 51 31
91 52 31
92 79 31
92 80 31
92 85 31
93 39 31
93 40 31
94 31 31
94 49 31
94 53 31
94 60 31
95 122 31
96 121 31
97 37 31
97 38 31
98 35 31
98 36 31
99 33 31
99 34 31
100 31 31
100 32 31
101 46 31
101 48 31
101 49 31
102 80 31
102 93 31
102 94 31
102 110 31
103 29 31
103 30 31
104 43 31
104 44 31
104 45 31
105 27 31
105 28 31
106 120 31
107 45 31
107 48 31
107 49 31
107 50 31
108 25 31
108 26 31
109 119 31
110 38 31
110 40 31
110 41 31
111 23 31
111 24 31
112 21 31
112 22 31
113 33 31
113 35 31
113 36 31
114 19 31
114 20 31
115 17 31
115 18 31
116 15 31
116 16 31
117 118 31
118 117 31
119 116 31
120 13 31
120 14 31
121 30 31
121 31 31
121 32 31
122 115 31
123 11 31
123 12 31
124 9 31
124 10 31
125 114 31
126 113 31
127 23 31
127 26 31
127 28 31
128 7 31
128 8 31
129 18 31
129 19 31
129 21 31
130 5 31
130 6 31
131 7 31
131 12 31
131 17 31
131 21 31
132 112 31
133 31 31
133 32 31
133 36 31
133 41 31
134 111 31
135 3 31
135 4 31
136 110 31
137 1 31
137 2 31
138 109 31
139 123 31
139 124 31
139 127 31
139 131 31
140 76 31
140 77 31
140 78 31
141 150 31
141 0 31
142 72 31
142 74 31
142 75 31
143 146 31
143 148 31
144 108 31
145 107 31
146 144 31
146 147 31
147 14 31
147 21 31
147 23 31
147 28 31
148 106 31
149 105 31
150 141 31
150 143 31
0 150 32
1 103 32
1 104 32
2 149 32
3 148 32
4 147 32
5 146 32
6 134 32
6 135 32
6 136 32
7 70 32
7 74 32
7 75 32
7 76 32
8 145 32
9 129 32
9 131 32
9 133 32
10 14 32
10 15 32
10 16 32
10 17 32
11 101 32
11 102 32
12 99 32
12 100 32
13 144 32
14 97 32
14 98 32
15 143 32
16 142 32
17 141 32
18 95 32
18 96 32
19 93 32
19 94 32
20 91 32
20 92 32
21 126 32
21 127 32
21 128 32
22 89 32
22 90 32
23 144 32
23 0 32
23 7 32
23 12 32
24 123 32
24 124 32
24 125 32
25 87 32
25 88 32
26 120 32
26 121 32
26 122 32
27 85 32
27 86 32
28 140 32
29 83 32
29 84 32
30 81 32
30 82 32
31 116 32
31 118 32
31 119 32
32 79 32
32 80 32
33 139 32
34 77 32
34 78 32
35 111 32
35 113 32
35 114 32
36 138 32
37 137 32
38 53 32
38 58 32
38 59 32
38 60 32
39 7 32
39 9 32
39 11 32
39 12 32
40 75 32
40 76 32
41 136 32
42 106 32
42 107 32
42 110 32
43 135 32
44 134 32
45 103 32
45 104 32
45 105 32
46 96 32
46 101 32
46 102 32
47 133 32
48 73 32
48 74 32
49 132 32
50 71 32
50 72 32
51 131 32
52 69 32
52 70 32
53 130 32
54 129 32
55 67 32
55 68 32
56 65 32
56 66 32
57 63 32
57 64 32
58 116 32
58 123 32
58 124 32
58 131 32
59 60 32
59 62 32
60 59 32
60 61 32
61 93 32
61 94 32
61 95 32
62 128 32
63 57 32
63 58 32
64 89 32
64 90 32
64 91 32
65 86 32
65 87 32
65 88 32
66 127 32
67 55 32
67 56 32
68 53 32
68 54 32
69 126 32
70 125 32
71 124 32
72 51 32
72 52 32
73 49 32
73 50 32
74 72 32
74 75 32
74 76 32
75 123 32
76 47 32
76 48 32
77 45 32
77 46 32
78 43 32
78 44 32
79 80 32
79 93 32
79 94 32
79 110 32
80 41 32
80 42 32
81 3 32
81 4 32
81 5 32
81 6 32
82 144 32
82 150 32
82 0 32
82 2 32
83 39 32
83 40 32
84 37 32
84 38 32
85 35 32
85 36 32
86 122 32
87 69 32
87 70 32
87 71 32
88 61 32
88 62 32
88 67 32
89 33 32
89 34 32
90 70 32
90 74 32
90 76 32
90 78 32
91 31 32
91 32 32
92 29 32
92 30 32
93 7 32
93 12 32
93 17 32
93 21 32
94 58 32
94 59 32
94 60 32
95 121 32
96 120 32
97 119 32
98 123 32
98 124 32
98 127 32
98 131 32
99 118 32
100 116 32
100 118 32
100 119 32
100 122 32
101 27 32
101 28 32
102 25 32
102 26 32
103 23 32
103 24 32
104 117 32
105 116 32
106 21 32
106 22 32
107 115 32
108 79 32
108 80 32
108 85 32
109 104 32
109 105 32
109 110 32
109 111 32
110 19 32
110 20 32
111 53 32
111 54 32
111 55 32
112 17 32
112 18 32
113 114 32
114 50 32
114 51 32
114 52 32
115 113 32
116 15 32
116 16 32
117 13 32
117 14 32
118 112 32
119 46 32
119 48 32
119 49 32
120 111 32
121 43 32
121 44 32
121 45 32
122 38 32
122 40 32
122 41 32
123 110 32
124 11 32
124 12 32
125 9 32
125 10 32
126 109 32
127 33 32
127 35 32
127 36 32
128 7 32
128 8 32
129 30 32
129 31 32
129 32 32
130 108 32
131 5 32
131 6 32
132 3 32
132 4 32
133 1 32
133 2 32
134 45 32
134 48 32
134 49 32
134 50 32
135 107 32
136 23 32
136 26 32
136 28 32
137 150 32
137 0 32
138 74 32
138 77 32
138 78 32
139 147 32
139 148 32
140 144 32
140 146 32
141 31 32
141 32 32
141 36 32
141 41 32
142 93 32
142 94 32
142 101 32
142 102 32
143 18 32
143 21 32
143 23 32
143 28 32
144 106 32
145 78 32
145 79 32
145 80 32
145 90 32
146 141 32
146 143 32
147 14 32
147 15 32
147 16 32
147 17 32
148 18 32
148 19 32
148 21 32
149 105 32
150 31 32
150 49 32
150 53 32
150 60 32
0 134 33
0 135 33
0 136 33
1 14 33
1 15 33
1 16 33
1 17 33
2 103 33
2 104 33
3 101 33
3 102 33
4 99 33
4 100 33
5 129 33
5 131 33
5 133 33
6 150 33
7 149 33
8 126 33
8 127 33
8 128 33
9 97 33
9 98 33
10 148 33
11 95 33
11 96 33
12 93 33
12 94 33
13 91 33
13 92 33
14 123 33
14 124 33
14 125 33
15 120 33
15 121 33
15 122 33
16 147 33
17 146 33
18 116 33
18 118 33
18 119 33
19 89 33
19 90 33
20 111 33
20 113 33
20 114 33
21 14 33
21 15 33
21 16 33
21 17 33
22 7 33
22 9 33
22 11 33
22 12 33
23 145 33
24 87 33
24 88 33
25 85 33
25 86 33
26 106 33
26 107 33
26 110 33
27 83 33
27 84 33
28 81 33
28 82 33
29 79 33
29 80 33
30 103 33
30 104 33
30 105 33
31 144 33
31 0 33
31 7 33
31 12 33
32 116 33
32 123 33
32 124 33
32 131 33
33 144 33
34 77 33
34 78 33
35 75 33
35 76 33
36 73 33
36 74 33
37 71 33
37 72 33
38 96 33
38 101 33
38 102 33
39 69 33
39 70 33
40 93 33
40 94 33
40 101 33
40 102 33
41 143 33
42 142 33
43 93 33
43 94 33
43 95 33
44 78 33
44 79 33
44 80 33
44 90 33
45 89 33
45 90 33
45 91 33
46 86 33
46 87 33
46 88 33
47 79 33
47 80 33
47 85 33
48 67 33
48 68 33
49 46 33
49 48 33
49 50 33
50 141 33
51 43 33
51 44 33
51 45 33
52 65 33
52 66 33
53 63 33
53 64 33
54 140 33
55 38 33
55 40 33
55 41 33
56 3 33
56 4 33
56 5 33
56 6 33
57 144 33
57 150 33
57 0 33
57 2 33
58 59 33
58 62 33
59 60 33
59 61 33
60 80 33
60 93 33
60 94 33
60 110 33
61 57 33
61 58 33
62 55 33
62 56 33
63 123 33
63 124 33
63 127 33
63 131 33
64 139 33
65 138 33
66 76 33
66 77 33
66 78 33
67 137 33
68 136 33
69 70 33
69 74 33
69 75 33
69 76 33
70 53 33
70 54 33
71 135 33
72 51 33
72 52 33
73 72 33
73 74 33
73 75 33
74 31 33
74 49 33
74 53 33
74 60 33
75 49 33
75 50 33
76 134 33
77 47 33
77 48 33
78 133 33
79 132 33
80 131 33
81 130 33
82 129 33
83 69 33
83 70 33
83 71 33
84 128 33
85 45 33
85 46 33
86 43 33
86 44 33
87 127 33
88 53 33
88 58 33
88 59 33
88 60 33
89 41 33
89 42 33
90 39 33
90 40 33
91 37 33
91 38 33
92 61 33
92 62 33
92 67 33
93 126 33
94 33 33
94 35 33
94 36 33
95 125 33
96 35 33
96 36 33
97 58 33
97 59 33
97 60 33
98 33 33
98 34 33
99 124 33
100 123 33
101 31 33
101 32 33
102 30 33
102 31 33
102 32 33
103 45 33
103 48 33
103 49 33
103 50 33
104 29 33
104 30 33
105 122 33
106 121 33
107 27 33
107 28 33
108 120 33
109 116 33
109 118 33
109 119 33
109 122 33
110 23 33
110 26 33
110 28 33
111 25 33
111 26 33
112 119 33
113 117 33
114 23 33
114 24 33
115 21 33
115 22 33
116 19 33
116 20 33
117 118 33
118 17 33
118 18 33
119 70 33
119 74 33
119 76 33
119 78 33
120 31 33
120 32 33
120 36 33
120 41 33
121 116 33
122 115 33
123 7 33
123 12 33
123 17 33
123 21 33
124 15 33
124 16 33
125 114 33
126 13 33
126 14 33
127 113 33
128 18 33
128 19 33
128 21 33
129 11 33
129 12 33
130 104 33
130 105 33
130 110 33
130 111 33
131 9 33
131 10 33
132 7 33
132 8 33
133 5 33
133 6 33
134 3 33
134 4 33
135 112 33
136 1 33
136 2 33
137 53 33
137 54 33
137 55 33
138 49 33
138 51 33
138 52 33
139 150 33
139 0 33
140 111 33
141 110 33
142 147 33
142 148 33
143 144 33
143 146 33
144 109 33
145 108 33
146 18 33
146 21 33
146 23 33
146 28 33
147 107 33
148 141 33
148 143 33
149 106 33
150 105 33
