0 150 15
3 69 15
3 71 15
6 148 15
7 150 15
7 0 15
8 147 15
9 147 15
9 148 15
10 145 15
10 146 15
13 135 15
13 143 15
16 146 15
17 106 15
17 107 15
20 104 15
20 105 15
21 145 15
22 65 15
22 66 15
23 62 15
23 64 15
24 60 15
24 61 15
26 144 15
27 57 15
27 58 15
30 52 15
30 55 15
31 143 15
33 142 15
34 49 15
34 51 15
35 91 15
35 95 15
36 136 15
37 88 15
37 90 15
38 47 15
38 55 15
38 78 15
38 0 15
39 80 15
39 83 15
41 135 15
44 134 15
45 46 15
45 47 15
48 13 15
48 14 15
48 16 15
48 17 15
50 43 15
50 44 15
51 125 15
54 39 15
54 42 15
55 124 15
57 75 15
57 78 15
60 123 15
61 64 15
61 66 15
64 37 15
64 38 15
65 107 15
67 37 15
67 38 15
68 35 15
68 36 15
69 106 15
71 105 15
72 32 15
72 33 15
76 104 15
77 99 15
79 98 15
80 35 15
80 36 15
81 29 15
81 31 15
82 97 15
86 96 15
87 58 15
87 62 15
88 87 15
90 83 15
91 80 15
98 51 15
98 55 15
100 95 15
101 91 15
105 29 15
105 31 15
107 26 15
107 28 15
111 26 15
111 28 15
112 90 15
117 38 15
117 7 15
117 10 15
117 11 15
120 20 15
120 21 15
122 18 15
122 19 15
123 79 15
124 78 15
125 47 15
125 49 15
127 16 15
127 17 15
128 13 15
128 14 15
130 11 15
130 12 15
132 9 15
132 10 15
139 88 15
141 6 15
141 7 15
143 18 15
143 21 15
144 42 15
144 46 15
146 38 15
146 47 15
146 55 15
146 78 15
149 1 15
149 4 15
150 75 15
1 150 18
2 148 18
4 1 18
4 6 18
7 150 18
7 0 18
8 147 18
9 146 18
11 147 18
11 148 18
19 145 18
22 144 18
24 143 18
25 69 18
25 71 18
28 142 18
30 65 18
30 66 18
31 145 18
31 146 18
32 135 18
32 143 18
34 136 18
37 106 18
37 107 18
38 104 18
38 105 18
41 13 18
41 14 18
41 16 18
41 17 18
42 135 18
43 91 18
43 95 18
45 62 18
45 64 18
46 88 18
46 90 18
49 134 18
50 60 18
50 61 18
51 125 18
52 80 18
52 83 18
54 124 18
55 123 18
57 38 18
57 47 18
57 55 18
57 78 18
58 107 18
61 106 18
62 47 18
62 49 18
65 75 18
65 78 18
66 42 18
66 46 18
69 105 18
70 57 18
70 58 18
72 104 18
73 99 18
74 98 18
77 97 18
81 52 18
81 55 18
83 37 18
83 38 18
84 96 18
90 35 18
90 36 18
92 95 18
96 64 18
96 66 18
97 58 18
97 62 18
98 51 18
98 55 18
100 91 18
101 49 18
101 51 18
103 46 18
103 47 18
105 38 18
105 47 18
105 55 18
105 78 18
106 29 18
106 31 18
107 26 18
107 28 18
108 90 18
109 43 18
109 44 18
111 88 18
113 39 18
113 42 18
114 37 18
114 38 18
115 87 18
116 35 18
116 36 18
117 32 18
117 33 18
118 29 18
118 31 18
122 83 18
124 79 18
126 26 18
126 28 18
127 20 18
127 21 18
128 18 18
128 19 18
131 16 18
131 17 18
133 13 18
133 14 18
137 11 18
137 12 18
138 0 18
138 7 18
138 10 18
138 11 18
140 9 18
140 10 18
141 4 18
141 7 18
142 78 18
144 75 18
147 18 18
147 21 18
149 80 18
0 150 19
6 7 19
6 9 19
9 148 19
10 1 19
10 4 19
11 38 19
11 47 19
11 55 19
11 78 19
12 150 19
12 0 19
14 147 19
14 148 19
15 147 19
17 145 19
17 146 19
21 135 19
21 143 19
24 69 19
24 71 19
26 146 19
28 106 19
28 107 19
29 145 19
31 104 19
31 105 19
33 91 19
33 95 19
34 65 19
34 66 19
37 144 19
42 88 19
42 90 19
43 143 19
44 80 19
44 83 19
46 75 19
46 78 19
48 62 19
48 64 19
50 60 19
50 61 19
51 142 19
54 57 19
54 58 19
55 136 19
56 52 19
56 55 19
58 135 19
59 49 19
59 51 19
61 134 19
64 42 19
64 46 19
69 125 19
71 64 19
71 66 19
72 124 19
73 46 19
73 47 19
74 43 19
74 44 19
76 123 19
78 37 19
78 38 19
79 107 19
80 106 19
81 105 19
84 104 19
86 39 19
86 42 19
87 58 19
87 62 19
88 87 19
89 99 19
91 83 19
95 80 19
96 51 19
96 55 19
97 79 19
102 98 19
106 35 19
106 36 19
108 37 19
108 38 19
109 97 19
110 35 19
110 36 19
111 32 19
111 33 19
112 13 19
112 14 19
112 16 19
112 17 19
114 0 19
114 7 19
114 10 19
114 11 19
117 29 19
117 31 19
118 26 19
118 28 19
119 20 19
119 21 19
120 96 19
122 18 19
122 19 19
124 78 19
126 16 19
126 17 19
129 13 19
129 14 19
130 95 19
132 11 19
132 12 19
134 47 19
134 49 19
135 29 19
135 31 19
137 6 19
137 10 19
138 91 19
139 90 19
141 38 19
141 47 19
141 55 19
141 78 19
142 75 19
146 26 19
146 28 19
147 18 19
147 21 19
149 88 19
0 150 21
2 13 21
2 14 21
2 16 21
2 17 21
4 1 21
4 6 21
5 69 21
5 71 21
7 148 21
9 147 21
10 146 21
11 150 21
11 0 21
12 147 21
12 148 21
13 145 21
14 145 21
14 146 21
15 144 21
16 143 21
18 142 21
20 135 21
20 143 21
21 136 21
22 65 21
22 66 21
23 135 21
26 134 21
27 62 21
27 64 21
28 125 21
29 106 21
29 107 21
30 60 21
30 61 21
31 124 21
33 104 21
33 105 21
35 91 21
35 95 21
36 88 21
36 90 21
37 38 21
37 42 21
41 57 21
41 58 21
43 80 21
43 83 21
48 123 21
49 35 21
49 36 21
59 52 21
59 55 21
61 107 21
63 106 21
65 75 21
65 78 21
66 105 21
67 0 21
67 7 21
67 10 21
67 11 21
68 49 21
68 51 21
70 46 21
70 47 21
72 43 21
72 44 21
73 38 21
73 47 21
73 55 21
73 78 21
74 104 21
76 39 21
76 42 21
83 99 21
84 37 21
84 38 21
85 98 21
86 35 21
86 36 21
87 64 21
87 66 21
89 97 21
91 88 21
95 29 21
95 31 21
97 58 21
97 62 21
98 51 21
98 55 21
102 96 21
104 26 21
104 28 21
105 87 21
109 32 21
109 33 21
112 29 21
112 31 21
113 26 21
113 28 21
114 38 21
114 47 21
114 55 21
114 78 21
115 95 21
118 91 21
119 20 21
119 21 21
121 18 21
121 19 21
124 47 21
124 49 21
125 83 21
126 16 21
126 17 21
131 13 21
131 14 21
132 11 21
132 12 21
133 9 21
133 10 21
134 80 21
138 4 21
138 7 21
139 90 21
142 37 21
142 46 21
145 79 21
146 78 21
147 18 21
147 21 21
148 75 21
0 10 23
0 11 23
0 12 23
0 13 23
1 150 23
2 126 23
2 127 23
3 124 23
3 125 23
4 122 23
4 123 23
5 120 23
5 121 23
6 139 23
6 140 23
6 147 23
6 148 23
7 118 23
7 119 23
9 116 23
9 117 23
10 129 23
10 131 23
10 134 23
10 138 23
11 98 23
11 99 23
11 100 23
12 114 23
12 115 23
13 112 23
13 113 23
15 110 23
15 111 23
16 108 23
16 109 23
17 106 23
17 107 23
18 95 23
18 96 23
18 97 23
19 148 23
20 104 23
20 105 23
21 105 23
21 106 23
21 110 23
22 102 23
22 103 23
23 90 23
23 91 23
23 94 23
24 100 23
24 101 23
25 98 23
25 99 23
26 96 23
26 97 23
27 86 23
27 87 23
27 88 23
28 94 23
28 95 23
29 90 23
29 91 23
30 88 23
30 89 23
31 147 23
32 86 23
32 87 23
33 146 23
34 84 23
34 85 23
35 82 23
35 83 23
35 84 23
36 82 23
36 83 23
37 80 23
37 81 23
38 77 23
38 79 23
39 145 23
40 75 23
40 76 23
41 73 23
41 74 23
42 144 23
43 143 23
44 71 23
44 72 23
45 115 23
45 123 23
45 125 23
45 127 23
45 129 23
45 134 23
46 14 23
46 17 23
46 56 23
46 59 23
46 60 23
46 113 23
47 24 23
47 25 23
47 26 23
47 27 23
49 69 23
49 70 23
50 67 23
50 68 23
51 50 23
51 52 23
52 48 23
52 49 23
53 19 23
53 20 23
53 22 23
53 23 23
54 45 23
54 46 23
55 142 23
56 141 23
57 63 23
57 65 23
58 79 23
58 80 23
58 81 23
59 124 23
59 125 23
59 127 23
59 128 23
60 43 23
60 44 23
61 41 23
61 42 23
63 38 23
63 39 23
64 60 23
64 61 23
66 102 23
66 103 23
66 104 23
67 36 23
67 37 23
68 70 23
68 73 23
68 74 23
69 34 23
69 35 23
70 63 23
70 65 23
70 67 23
71 140 23
72 32 23
72 33 23
73 30 23
73 31 23
74 59 23
74 60 23
74 61 23
76 28 23
76 29 23
77 26 23
77 27 23
78 58 23
78 59 23
79 24 23
79 25 23
80 14 23
80 17 23
80 123 23
80 134 23
80 41 23
80 44 23
81 22 23
81 23 23
82 19 23
82 20 23
83 55 23
83 56 23
83 58 23
84 139 23
87 50 23
87 51 23
87 52 23
88 138 23
89 17 23
89 18 23
90 14 23
90 17 23
90 123 23
90 134 23
90 30 23
90 38 23
91 44 23
91 45 23
91 46 23
93 55 23
93 56 23
94 15 23
94 16 23
95 13 23
95 14 23
96 65 23
96 68 23
96 75 23
96 79 23
97 11 23
97 12 23
98 137 23
99 8 23
99 10 23
100 134 23
101 68 23
101 75 23
101 77 23
102 133 23
103 110 23
103 113 23
103 115 23
103 123 23
104 56 23
104 59 23
104 60 23
104 63 23
105 132 23
107 6 23
107 7 23
108 3 23
108 5 23
109 1 23
109 2 23
110 131 23
111 150 23
111 0 23
112 147 23
112 148 23
113 44 23
113 50 23
113 51 23
113 55 23
114 145 23
114 146 23
116 143 23
116 144 23
117 141 23
117 142 23
119 139 23
119 140 23
120 1 23
120 2 23
120 6 23
120 7 23
121 41 23
121 42 23
121 43 23
122 37 23
122 38 23
122 39 23
123 130 23
124 33 23
124 38 23
124 39 23
124 41 23
125 140 23
125 17 23
125 25 23
125 30 23
126 129 23
127 137 23
127 138 23
128 133 23
128 134 23
129 130 23
129 132 23
130 129 23
130 131 23
131 127 23
131 128 23
132 34 23
132 35 23
132 36 23
133 125 23
133 126 23
135 14 23
135 15 23
135 16 23
135 17 23
137 96 23
137 100 23
137 102 23
137 104 23
138 123 23
138 124 23
139 128 23
140 138 23
140 139 23
140 148 23
140 14 23
141 121 23
141 122 23
142 117 23
142 119 23
143 115 23
143 116 23
144 113 23
144 114 23
145 111 23
145 112 23
147 31 23
147 32 23
147 33 23
148 28 23
148 29 23
148 30 23
149 51 23
149 54 23
0 150 24
1 148 24
2 126 24
2 127 24
3 124 24
3 125 24
4 122 24
4 123 24
5 147 24
6 14 24
6 15 24
6 16 24
6 17 24
7 146 24
8 120 24
8 121 24
9 145 24
10 102 24
10 103 24
10 104 24
11 118 24
11 119 24
12 116 24
12 117 24
13 114 24
13 115 24
14 112 24
14 113 24
15 110 24
15 111 24
16 108 24
16 109 24
17 106 24
17 107 24
18 104 24
18 105 24
19 98 24
19 99 24
19 100 24
20 102 24
20 103 24
21 100 24
21 101 24
22 1 24
22 2 24
22 6 24
22 7 24
23 95 24
23 96 24
23 97 24
24 90 24
24 91 24
24 94 24
25 98 24
25 99 24
26 96 24
26 97 24
29 14 24
29 17 24
29 123 24
29 134 24
29 30 24
29 38 24
30 139 24
30 140 24
30 147 24
30 148 24
31 144 24
32 94 24
32 95 24
33 90 24
33 91 24
34 143 24
35 86 24
35 87 24
35 88 24
36 82 24
36 83 24
36 84 24
37 142 24
38 88 24
38 89 24
39 86 24
39 87 24
40 84 24
40 85 24
41 82 24
41 83 24
42 80 24
42 81 24
43 129 24
43 131 24
43 134 24
43 138 24
44 124 24
44 125 24
44 127 24
44 128 24
45 79 24
45 80 24
45 81 24
46 77 24
46 79 24
47 75 24
47 76 24
48 14 24
48 17 24
48 56 24
48 59 24
48 60 24
48 113 24
49 74 24
49 75 24
49 77 24
50 73 24
50 74 24
51 71 24
51 72 24
52 110 24
52 113 24
52 115 24
52 123 24
53 69 24
53 70 24
54 67 24
54 68 24
55 141 24
56 52 24
56 54 24
57 24 24
57 25 24
57 26 24
57 27 24
59 60 24
59 61 24
59 63 24
60 50 24
60 51 24
61 96 24
61 100 24
61 102 24
61 104 24
62 63 24
62 65 24
64 19 24
64 20 24
64 22 24
64 23 24
65 48 24
65 49 24
66 60 24
66 61 24
68 44 24
68 50 24
68 51 24
68 55 24
69 45 24
69 46 24
70 140 24
71 43 24
71 44 24
72 10 24
72 11 24
72 12 24
72 13 24
73 41 24
73 42 24
74 38 24
74 39 24
75 36 24
75 37 24
76 34 24
76 35 24
77 32 24
77 33 24
79 55 24
79 56 24
79 58 24
80 65 24
80 68 24
80 75 24
80 79 24
81 30 24
81 31 24
82 28 24
82 29 24
84 26 24
84 27 24
85 14 24
85 17 24
85 123 24
85 134 24
85 41 24
85 44 24
86 24 24
86 25 24
87 139 24
89 138 24
91 137 24
92 58 24
92 59 24
93 105 24
93 106 24
93 110 24
94 134 24
95 22 24
95 23 24
97 50 24
97 51 24
97 52 24
98 19 24
98 20 24
99 17 24
99 18 24
100 15 24
100 16 24
101 13 24
101 14 24
102 11 24
102 12 24
103 133 24
104 8 24
104 10 24
105 44 24
105 45 24
105 46 24
106 6 24
106 7 24
107 68 24
107 70 24
107 73 24
108 59 24
108 65 24
108 67 24
109 132 24
110 3 24
110 5 24
111 1 24
111 2 24
112 150 24
112 0 24
113 147 24
113 148 24
114 41 24
114 42 24
114 43 24
115 145 24
115 146 24
116 143 24
116 144 24
117 141 24
117 142 24
118 139 24
118 140 24
119 37 24
119 38 24
119 39 24
120 131 24
121 137 24
121 138 24
122 133 24
122 134 24
123 33 24
123 38 24
123 39 24
123 41 24
124 130 24
126 34 24
126 35 24
126 36 24
127 14 24
127 17 24
127 25 24
127 30 24
128 129 24
130 131 24
130 132 24
132 128 24
133 31 24
133 32 24
133 33 24
134 129 24
134 130 24
136 55 24
136 56 24
137 28 24
137 29 24
137 30 24
138 127 24
138 128 24
139 125 24
139 126 24
141 123 24
141 124 24
142 121 24
142 122 24
143 117 24
143 119 24
144 115 24
144 116 24
145 113 24
145 114 24
146 56 24
146 59 24
146 60 24
146 63 24
147 138 24
147 139 24
147 140 24
147 148 24
148 111 24
148 112 24
149 115 24
149 123 24
149 125 24
149 127 24
149 129 24
149 134 24
0 126 25
0 127 25
1 150 25
2 148 25
3 124 25
3 125 25
4 147 25
5 98 25
5 99 25
5 100 25
7 122 25
7 123 25
8 95 25
8 96 25
8 97 25
9 120 25
9 121 25
10 90 25
10 91 25
10 94 25
11 118 25
11 119 25
12 14 25
12 17 25
12 56 25
12 59 25
12 60 25
12 113 25
13 86 25
13 87 25
13 88 25
15 116 25
15 117 25
16 114 25
16 115 25
17 1 25
17 2 25
17 6 25
17 7 25
18 82 25
18 83 25
18 84 25
19 146 25
20 112 25
20 113 25
21 24 25
21 25 25
21 26 25
21 27 25
22 110 25
22 111 25
23 108 25
23 109 25
24 145 25
25 106 25
25 107 25
26 139 25
26 140 25
26 147 25
26 148 25
27 104 25
27 105 25
28 102 25
28 103 25
29 79 25
29 80 25
29 81 25
32 100 25
32 101 25
33 98 25
33 99 25
34 96 25
34 97 25
35 94 25
35 95 25
36 74 25
36 75 25
36 77 25
38 129 25
38 131 25
38 134 25
38 138 25
40 105 25
40 106 25
40 110 25
41 124 25
41 125 25
41 127 25
41 128 25
42 90 25
42 91 25
43 88 25
43 89 25
44 86 25
44 87 25
46 84 25
46 85 25
47 102 25
47 103 25
47 104 25
48 82 25
48 83 25
49 144 25
50 80 25
50 81 25
51 68 25
51 70 25
51 73 25
52 77 25
52 79 25
53 75 25
53 76 25
55 73 25
55 74 25
56 71 25
56 72 25
57 69 25
57 70 25
58 55 25
58 56 25
59 52 25
59 54 25
60 55 25
60 56 25
60 58 25
61 50 25
61 51 25
62 67 25
62 68 25
64 19 25
64 20 25
64 22 25
64 23 25
65 50 25
65 51 25
65 52 25
66 143 25
67 48 25
67 49 25
68 56 25
68 59 25
68 60 25
68 63 25
69 63 25
69 65 25
69 67 25
70 45 25
70 46 25
71 43 25
71 44 25
72 41 25
72 42 25
73 38 25
73 39 25
74 142 25
75 36 25
75 37 25
76 34 25
76 35 25
77 32 25
77 33 25
78 14 25
78 15 25
78 16 25
78 17 25
79 44 25
79 50 25
79 51 25
79 55 25
80 44 25
80 45 25
80 46 25
82 30 25
82 31 25
83 41 25
83 42 25
83 43 25
84 28 25
84 29 25
85 141 25
86 110 25
86 113 25
86 115 25
86 123 25
87 26 25
87 27 25
89 24 25
89 25 25
90 22 25
90 23 25
91 19 25
91 20 25
92 140 25
94 17 25
94 18 25
95 15 25
95 16 25
96 33 25
96 38 25
96 39 25
96 41 25
97 37 25
97 38 25
97 39 25
98 13 25
98 14 25
99 11 25
99 12 25
100 139 25
101 8 25
101 10 25
102 138 25
103 96 25
103 100 25
103 102 25
103 104 25
104 6 25
104 7 25
106 137 25
107 115 25
107 123 25
107 125 25
107 127 25
107 129 25
107 134 25
108 3 25
108 5 25
109 10 25
109 11 25
109 12 25
109 13 25
110 139 25
110 17 25
110 25 25
110 30 25
111 1 25
111 2 25
112 150 25
112 0 25
113 34 25
113 35 25
113 36 25
114 147 25
114 148 25
115 31 25
115 32 25
115 33 25
116 145 25
116 146 25
117 143 25
117 144 25
118 59 25
118 60 25
118 61 25
119 134 25
120 141 25
120 142 25
121 14 25
121 17 25
121 123 25
121 134 25
121 41 25
121 44 25
122 139 25
122 140 25
123 137 25
123 138 25
125 133 25
125 134 25
126 131 25
126 132 25
127 14 25
127 17 25
127 123 25
127 134 25
127 30 25
127 38 25
128 129 25
128 130 25
129 133 25
130 132 25
132 127 25
132 128 25
133 125 25
133 126 25
134 123 25
134 124 25
135 63 25
135 65 25
136 60 25
136 61 25
137 28 25
137 29 25
137 30 25
138 121 25
138 122 25
139 138 25
139 140 25
139 148 25
139 14 25
140 131 25
141 130 25
142 129 25
143 117 25
143 119 25
144 128 25
145 65 25
145 68 25
145 75 25
145 79 25
146 115 25
146 116 25
147 113 25
147 114 25
148 111 25
148 112 25
149 58 25
149 59 25
0 126 26
0 127 26
1 98 26
1 99 26
1 100 26
2 95 26
2 96 26
2 97 26
3 124 26
3 125 26
4 122 26
4 123 26
5 120 26
5 121 26
7 118 26
7 119 26
8 90 26
8 91 26
8 94 26
9 150 26
10 139 26
10 140 26
10 147 26
10 148 26
13 116 26
13 117 26
14 114 26
14 115 26
15 112 26
15 113 26
16 129 26
16 131 26
16 134 26
16 138 26
17 148 26
18 86 26
18 87 26
18 88 26
19 110 26
19 111 26
20 82 26
20 83 26
20 84 26
21 24 26
21 25 26
21 26 26
21 27 26
23 108 26
23 109 26
24 106 26
24 107 26
25 147 26
26 104 26
26 105 26
27 146 26
28 102 26
28 103 26
29 100 26
29 101 26
30 98 26
30 99 26
31 79 26
31 80 26
31 81 26
32 96 26
32 97 26
33 94 26
33 95 26
34 90 26
34 91 26
35 74 26
35 75 26
35 77 26
36 68 26
36 70 26
36 73 26
37 63 26
37 65 26
37 67 26
38 88 26
38 89 26
39 86 26
39 87 26
40 145 26
41 144 26
42 124 26
42 125 26
42 127 26
42 128 26
44 14 26
44 17 26
44 25 26
44 30 26
45 84 26
45 85 26
47 82 26
47 83 26
48 14 26
48 15 26
48 16 26
48 17 26
49 80 26
49 81 26
50 77 26
50 79 26
51 75 26
51 76 26
52 73 26
52 74 26
53 71 26
53 72 26
54 143 26
55 59 26
55 60 26
55 61 26
56 55 26
56 58 26
57 69 26
57 70 26
58 52 26
58 54 26
59 55 26
59 56 26
59 58 26
60 50 26
60 51 26
61 48 26
61 49 26
62 67 26
62 68 26
63 45 26
63 46 26
64 142 26
65 43 26
65 44 26
66 63 26
66 65 26
67 41 26
67 42 26
68 141 26
69 10 26
69 11 26
69 12 26
69 13 26
70 38 26
70 39 26
71 36 26
71 37 26
72 34 26
72 35 26
73 32 26
73 33 26
74 30 26
74 31 26
75 28 26
75 29 26
76 26 26
76 27 26
77 24 26
77 25 26
78 105 26
78 106 26
78 110 26
79 22 26
79 23 26
80 110 26
80 113 26
80 115 26
80 123 26
81 19 26
81 20 26
82 140 26
83 96 26
83 100 26
83 102 26
83 104 26
84 65 26
84 68 26
84 75 26
84 79 26
85 14 26
85 17 26
85 56 26
85 59 26
85 60 26
85 113 26
87 17 26
87 18 26
88 15 26
88 16 26
91 13 26
91 14 26
92 19 26
92 20 26
92 22 26
92 23 26
93 60 26
93 61 26
94 139 26
95 11 26
95 12 26
97 50 26
97 51 26
97 52 26
98 138 26
99 8 26
99 10 26
100 6 26
100 7 26
101 3 26
101 5 26
102 44 26
102 45 26
102 46 26
103 1 26
103 2 26
104 137 26
105 134 26
106 150 26
106 0 26
109 133 26
110 147 26
110 148 26
111 145 26
111 146 26
112 143 26
112 144 26
115 141 26
115 142 26
116 14 26
116 17 26
116 123 26
116 134 26
116 41 26
116 44 26
117 139 26
117 140 26
118 137 26
118 138 26
119 133 26
119 134 26
120 1 26
120 2 26
120 6 26
120 7 26
121 131 26
121 132 26
122 129 26
122 130 26
123 125 26
123 128 26
124 138 26
124 139 26
124 140 26
124 148 26
125 126 26
125 127 26
126 56 26
126 59 26
126 60 26
126 63 26
127 132 26
128 131 26
129 130 26
130 41 26
130 42 26
130 43 26
131 123 26
131 124 26
132 121 26
132 122 26
133 37 26
133 38 26
133 39 26
134 129 26
135 56 26
135 59 26
136 115 26
136 123 26
136 125 26
136 127 26
136 129 26
136 134 26
137 117 26
137 119 26
138 34 26
138 35 26
138 36 26
139 115 26
139 116 26
141 31 26
141 32 26
141 33 26
143 44 26
143 50 26
143 51 26
143 55 26
144 28 26
144 29 26
144 30 26
145 33 26
145 38 26
145 39 26
145 41 26
146 128 26
147 14 26
147 17 26
147 123 26
147 134 26
147 30 26
147 38 26
148 113 26
148 114 26
149 102 26
149 103 26
149 104 26
150 111 26
150 112 26
0 126 27
0 127 27
1 124 27
1 125 27
2 122 27
2 123 27
3 14 27
3 15 27
3 16 27
3 17 27
4 120 27
4 121 27
5 102 27
5 103 27
5 104 27
6 118 27
6 119 27
7 116 27
7 117 27
8 115 27
8 123 27
8 125 27
8 127 27
8 129 27
8 134 27
10 98 27
10 99 27
10 100 27
12 114 27
12 115 27
13 150 27
14 139 27
14 140 27
14 147 27
14 148 27
15 129 27
15 131 27
15 134 27
15 138 27
16 112 27
16 113 27
17 148 27
18 110 27
18 111 27
19 108 27
19 109 27
20 106 27
20 107 27
21 104 27
21 105 27
22 95 27
22 96 27
22 97 27
23 90 27
23 91 27
23 94 27
24 124 27
24 125 27
24 127 27
24 128 27
25 110 27
25 113 27
25 115 27
25 123 27
26 147 27
27 102 27
27 103 27
28 96 27
28 100 27
28 102 27
28 104 27
29 146 27
30 100 27
30 101 27
31 98 27
31 99 27
32 86 27
32 87 27
32 88 27
33 96 27
33 97 27
34 94 27
34 95 27
35 82 27
35 83 27
35 84 27
36 90 27
36 91 27
37 88 27
37 89 27
38 86 27
38 87 27
39 79 27
39 80 27
39 81 27
40 24 27
40 25 27
40 26 27
40 27 27
42 74 27
42 75 27
42 77 27
44 84 27
44 85 27
45 82 27
45 83 27
46 80 27
46 81 27
47 145 27
48 10 27
48 11 27
48 12 27
48 13 27
51 144 27
52 143 27
53 142 27
54 77 27
54 79 27
55 68 27
55 70 27
55 73 27
57 105 27
57 106 27
57 110 27
59 75 27
59 76 27
60 14 27
60 17 27
60 25 27
60 30 27
61 14 27
61 17 27
61 56 27
61 59 27
61 60 27
61 113 27
62 73 27
62 74 27
64 71 27
64 72 27
65 141 27
66 140 27
67 58 27
67 59 27
68 55 27
68 56 27
69 52 27
69 54 27
70 139 27
71 1 27
71 2 27
71 6 27
71 7 27
72 50 27
72 51 27
74 48 27
74 49 27
75 45 27
75 46 27
77 65 27
77 68 27
77 75 27
77 79 27
78 69 27
78 70 27
79 138 27
80 137 27
81 43 27
81 44 27
82 134 27
83 41 27
83 42 27
84 38 27
84 39 27
85 36 27
85 37 27
86 34 27
86 35 27
87 32 27
87 33 27
88 56 27
88 59 27
88 60 27
88 63 27
89 30 27
89 31 27
90 133 27
91 132 27
92 131 27
93 67 27
93 68 27
94 28 27
94 29 27
95 26 27
95 27 27
96 24 27
96 25 27
97 22 27
97 23 27
98 63 27
98 65 27
98 67 27
99 59 27
99 60 27
99 61 27
100 138 27
100 139 27
100 140 27
100 148 27
101 19 27
101 20 27
102 17 27
102 18 27
103 44 27
103 50 27
103 51 27
103 55 27
104 55 27
104 56 27
104 58 27
105 50 27
105 51 27
105 52 27
106 15 27
106 16 27
107 13 27
107 14 27
109 130 27
110 11 27
110 12 27
111 44 27
111 45 27
111 46 27
112 8 27
112 10 27
113 6 27
113 7 27
114 3 27
114 5 27
115 1 27
115 2 27
116 150 27
116 0 27
117 129 27
119 33 27
119 38 27
119 39 27
119 41 27
120 147 27
120 148 27
122 145 27
122 146 27
123 143 27
123 144 27
124 141 27
124 142 27
126 14 27
126 17 27
126 123 27
126 134 27
126 41 27
126 44 27
127 14 27
127 17 27
127 123 27
127 134 27
127 30 27
127 38 27
128 139 27
128 140 27
129 137 27
129 138 27
130 41 27
130 42 27
130 43 27
131 132 27
131 134 27
132 131 27
132 133 27
133 129 27
133 130 27
134 128 27
135 63 27
135 65 27
136 19 27
136 20 27
136 22 27
136 23 27
137 127 27
137 128 27
138 37 27
138 38 27
138 39 27
139 125 27
139 126 27
141 123 27
141 124 27
142 121 27
142 122 27
143 34 27
143 35 27
143 36 27
144 117 27
144 119 27
145 31 27
145 32 27
145 33 27
146 28 27
146 29 27
146 30 27
147 115 27
147 116 27
148 113 27
148 114 27
149 60 27
149 61 27
150 111 27
150 112 27
0 150 28
1 102 28
1 103 28
1 104 28
2 126 28
2 127 28
3 19 28
3 20 28
3 22 28
3 23 28
5 115 28
5 123 28
5 125 28
5 127 28
5 129 28
5 134 28
6 124 28
6 125 28
7 14 28
7 15 28
7 16 28
7 17 28
8 122 28
8 123 28
9 120 28
9 121 28
10 118 28
10 119 28
11 116 28
11 117 28
12 14 28
12 17 28
12 56 28
12 59 28
12 60 28
12 113 28
13 1 28
13 2 28
13 6 28
13 7 28
14 114 28
14 115 28
15 112 28
15 113 28
16 110 28
16 111 28
17 139 28
17 140 28
17 147 28
17 148 28
18 98 28
18 99 28
18 100 28
19 108 28
19 109 28
21 106 28
21 107 28
22 104 28
22 105 28
24 102 28
24 103 28
25 129 28
25 131 28
25 134 28
25 138 28
26 14 28
26 17 28
26 123 28
26 134 28
26 41 28
26 44 28
27 95 28
27 96 28
27 97 28
28 124 28
28 125 28
28 127 28
28 128 28
30 100 28
30 101 28
31 98 28
31 99 28
32 90 28
32 91 28
32 94 28
33 86 28
33 87 28
33 88 28
34 82 28
34 83 28
34 84 28
35 79 28
35 80 28
35 81 28
36 96 28
36 97 28
37 110 28
37 113 28
37 115 28
37 123 28
38 74 28
38 75 28
38 77 28
39 68 28
39 70 28
39 73 28
41 148 28
42 96 28
42 100 28
42 102 28
42 104 28
43 94 28
43 95 28
44 90 28
44 91 28
45 88 28
45 89 28
46 86 28
46 87 28
47 84 28
47 85 28
48 63 28
48 65 28
48 67 28
49 82 28
49 83 28
50 147 28
51 146 28
52 145 28
53 105 28
53 106 28
53 110 28
54 80 28
54 81 28
55 59 28
55 60 28
55 61 28
56 77 28
56 79 28
57 75 28
57 76 28
60 144 28
61 58 28
61 59 28
62 73 28
62 74 28
63 55 28
63 56 28
64 71 28
64 72 28
66 69 28
66 70 28
67 52 28
67 54 28
68 55 28
68 56 28
68 58 28
69 50 28
69 51 28
70 65 28
70 68 28
70 75 28
70 79 28
71 143 28
72 48 28
72 49 28
73 50 28
73 51 28
73 52 28
74 45 28
74 46 28
76 43 28
76 44 28
77 41 28
77 42 28
78 67 28
78 68 28
79 44 28
79 50 28
79 51 28
79 55 28
80 38 28
80 39 28
81 36 28
81 37 28
82 142 28
83 34 28
83 35 28
84 141 28
85 32 28
85 33 28
86 140 28
87 30 28
87 31 28
88 139 28
89 138 28
90 28 28
90 29 28
91 26 28
91 27 28
92 63 28
92 65 28
93 137 28
94 56 28
94 59 28
94 60 28
94 63 28
95 24 28
95 25 28
96 33 28
96 38 28
96 39 28
96 41 28
98 22 28
98 23 28
99 134 28
100 44 28
100 45 28
100 46 28
101 19 28
101 20 28
102 17 28
102 18 28
103 133 28
104 132 28
105 15 28
105 16 28
107 13 28
107 14 28
108 11 28
108 12 28
109 8 28
109 10 28
110 41 28
110 42 28
110 43 28
111 37 28
111 38 28
111 39 28
112 6 28
112 7 28
113 131 28
114 14 28
114 17 28
114 123 28
114 134 28
114 30 28
114 38 28
116 3 28
116 5 28
117 1 28
117 2 28
118 150 28
118 0 28
119 147 28
119 148 28
120 10 28
120 11 28
120 12 28
120 13 28
121 145 28
121 146 28
122 143 28
122 144 28
123 14 28
123 17 28
123 25 28
123 30 28
124 34 28
124 35 28
124 36 28
126 141 28
126 142 28
127 139 28
127 140 28
128 137 28
128 138 28
129 138 28
129 139 28
129 140 28
129 148 28
131 132 28
131 134 28
132 131 28
132 133 28
133 129 28
133 130 28
134 31 28
134 32 28
134 33 28
135 24 28
135 25 28
135 26 28
135 27 28
136 130 28
137 129 28
138 128 28
139 127 28
139 128 28
140 125 28
140 126 28
141 123 28
141 124 28
143 28 28
143 29 28
143 30 28
144 121 28
144 122 28
146 117 28
146 119 28
147 115 28
147 116 28
148 113 28
148 114 28
149 60 28
149 61 28
150 111 28
150 112 28
0 126 29
0 127 29
1 150 29
2 124 29
2 125 29
4 122 29
4 123 29
5 148 29
7 120 29
7 121 29
8 118 29
8 119 29
9 116 29
9 117 29
10 114 29
10 115 29
11 112 29
11 113 29
12 147 29
13 10 29
13 11 29
13 12 29
13 14 29
14 110 29
14 111 29
15 108 29
15 109 29
16 146 29
17 106 29
17 107 29
18 104 29
18 105 29
19 102 29
19 103 29
20 98 29
20 99 29
20 100 29
21 115 29
21 123 29
21 125 29
21 127 29
21 129 29
21 134 29
22 95 29
22 96 29
22 97 29
23 100 29
23 101 29
25 98 29
25 99 29
26 96 29
26 97 29
28 94 29
28 95 29
29 90 29
29 91 29
30 1 29
30 2 29
30 6 29
30 7 29
31 139 29
31 140 29
31 147 29
31 148 29
32 88 29
32 89 29
34 90 29
34 91 29
34 94 29
35 86 29
35 87 29
36 84 29
36 85 29
37 86 29
37 87 29
37 88 29
38 145 29
39 82 29
39 83 29
39 84 29
40 144 29
41 82 29
41 83 29
42 129 29
42 131 29
42 134 29
42 138 29
43 80 29
43 81 29
44 143 29
45 124 29
45 125 29
45 127 29
45 128 29
47 77 29
47 79 29
48 75 29
48 76 29
49 142 29
50 79 29
50 80 29
50 81 29
51 73 29
51 74 29
52 71 29
52 72 29
54 141 29
55 69 29
55 70 29
56 67 29
56 68 29
57 63 29
57 65 29
58 55 29
58 56 29
59 33 29
59 38 29
59 39 29
59 41 29
60 52 29
60 54 29
61 50 29
61 51 29
62 140 29
63 48 29
63 49 29
64 105 29
64 106 29
64 110 29
65 139 29
67 138 29
68 45 29
68 46 29
70 137 29
71 19 29
71 20 29
71 22 29
71 23 29
72 43 29
72 44 29
73 41 29
73 42 29
74 38 29
74 39 29
75 55 29
75 56 29
75 58 29
76 36 29
76 37 29
77 134 29
78 60 29
78 61 29
79 50 29
79 51 29
79 52 29
80 34 29
80 35 29
81 32 29
81 33 29
82 30 29
82 31 29
83 28 29
83 29 29
85 26 29
85 27 29
86 24 29
86 25 29
88 110 29
88 113 29
88 115 29
88 123 29
89 74 29
89 75 29
89 77 29
90 22 29
90 23 29
91 19 29
91 20 29
92 133 29
93 132 29
94 17 29
94 18 29
95 96 29
95 100 29
95 102 29
95 104 29
96 131 29
97 15 29
97 16 29
98 13 29
98 14 29
99 11 29
99 12 29
100 44 29
100 45 29
100 46 29
101 8 29
101 10 29
102 14 29
102 17 29
102 25 29
102 30 29
103 65 29
103 68 29
103 75 29
103 79 29
104 6 29
104 7 29
105 3 29
105 5 29
107 68 29
107 70 29
107 73 29
109 13 29
109 15 29
109 16 29
109 17 29
110 41 29
110 42 29
110 43 29
111 1 29
111 2 29
112 150 29
112 0 29
113 147 29
113 148 29
114 145 29
114 146 29
115 143 29
115 144 29
116 141 29
116 142 29
117 56 29
117 59 29
117 60 29
117 63 29
118 63 29
118 65 29
118 67 29
119 139 29
119 140 29
120 59 29
120 60 29
120 61 29
121 130 29
122 129 29
123 137 29
123 138 29
124 133 29
124 134 29
125 131 29
125 132 29
126 44 29
126 50 29
126 51 29
126 55 29
127 37 29
127 38 29
127 39 29
128 129 29
128 130 29
129 127 29
129 128 29
130 14 29
130 17 29
130 56 29
130 59 29
130 60 29
130 113 29
132 125 29
132 126 29
133 128 29
134 123 29
134 124 29
135 58 29
135 59 29
136 102 29
136 103 29
136 104 29
137 121 29
137 122 29
138 34 29
138 35 29
138 36 29
139 31 29
139 32 29
139 33 29
140 28 29
140 29 29
140 30 29
142 14 29
142 17 29
142 123 29
142 134 29
142 41 29
142 44 29
143 117 29
143 119 29
144 115 29
144 116 29
145 113 29
145 114 29
146 111 29
146 112 29
147 138 29
147 139 29
147 140 29
147 148 29
148 14 29
148 17 29
148 123 29
148 134 29
148 30 29
148 38 29
149 24 29
149 25 29
149 26 29
149 27 29
0 126 30
0 127 30
1 98 30
1 99 30
1 100 30
2 1 30
2 6 30
2 7 30
2 10 30
3 124 30
3 125 30
4 122 30
4 123 30
5 115 30
5 123 30
5 125 30
5 127 30
5 129 30
5 134 30
7 120 30
7 121 30
8 118 30
8 119 30
10 116 30
10 117 30
11 114 30
11 115 30
12 112 30
12 113 30
13 110 30
13 111 30
14 139 30
14 140 30
14 147 30
14 148 30
15 129 30
15 131 30
15 134 30
15 138 30
16 108 30
16 109 30
17 106 30
17 107 30
18 104 30
18 105 30
19 102 30
19 103 30
20 95 30
20 96 30
20 97 30
21 105 30
21 106 30
21 110 30
22 100 30
22 101 30
23 98 30
23 99 30
24 150 30
25 96 30
25 97 30
26 94 30
26 95 30
27 90 30
27 91 30
28 88 30
28 89 30
29 148 30
30 147 30
31 86 30
31 87 30
32 146 30
33 84 30
33 85 30
34 82 30
34 83 30
35 80 30
35 81 30
36 77 30
36 79 30
37 75 30
37 76 30
38 73 30
38 74 30
39 71 30
39 72 30
40 24 30
40 25 30
40 26 30
40 27 30
42 69 30
42 70 30
43 67 30
43 68 30
44 90 30
44 91 30
44 94 30
47 63 30
47 65 30
48 49 30
48 50 30
49 86 30
49 87 30
49 88 30
51 45 30
51 46 30
52 43 30
52 44 30
53 102 30
53 103 30
53 104 30
54 82 30
54 83 30
54 84 30
55 41 30
55 42 30
56 33 30
56 38 30
56 39 30
56 41 30
57 60 30
57 61 30
58 38 30
58 39 30
59 79 30
59 80 30
59 81 30
60 36 30
60 37 30
61 34 30
61 35 30
63 14 30
63 17 30
63 25 30
63 30 30
64 19 30
64 20 30
64 22 30
64 23 30
66 58 30
66 59 30
67 124 30
67 125 30
67 127 30
67 128 30
68 32 30
68 33 30
69 30 30
69 31 30
70 145 30
71 28 30
71 29 30
72 74 30
72 75 30
72 77 30
74 26 30
74 27 30
75 138 30
75 139 30
75 140 30
75 148 30
76 24 30
76 25 30
77 22 30
77 23 30
78 144 30
79 63 30
79 65 30
79 67 30
80 110 30
80 113 30
80 115 30
80 123 30
81 14 30
81 17 30
81 56 30
81 59 30
81 60 30
81 113 30
82 143 30
83 142 30
84 141 30
87 96 30
87 100 30
87 102 30
87 104 30
88 14 30
88 17 30
88 123 30
88 134 30
88 41 30
88 44 30
89 140 30
90 139 30
91 59 30
91 60 30
91 61 30
92 138 30
93 55 30
93 56 30
94 19 30
94 20 30
95 137 30
96 17 30
96 18 30
97 65 30
97 68 30
97 75 30
97 79 30
98 15 30
98 16 30
99 13 30
99 14 30
100 11 30
100 12 30
101 2 30
101 11 30
101 12 30
101 13 30
102 8 30
102 10 30
103 134 30
104 133 30
105 55 30
105 56 30
105 58 30
106 50 30
106 51 30
106 52 30
107 6 30
107 7 30
108 3 30
108 5 30
109 68 30
109 70 30
109 73 30
110 1 30
110 2 30
111 150 30
111 0 30
112 132 30
113 147 30
113 148 30
115 44 30
115 45 30
115 46 30
117 145 30
117 146 30
118 143 30
118 144 30
119 141 30
119 142 30
121 139 30
121 140 30
122 137 30
122 138 30
123 133 30
123 134 30
124 41 30
124 42 30
124 43 30
125 131 30
126 56 30
126 59 30
126 60 30
126 63 30
127 130 30
128 37 30
128 38 30
128 39 30
129 130 30
129 132 30
130 129 30
130 131 30
131 127 30
131 128 30
132 34 30
132 35 30
132 36 30
134 125 30
134 126 30
135 52 30
135 54 30
136 48 30
136 51 30
137 31 30
137 32 30
137 33 30
138 28 30
138 29 30
138 30 30
139 123 30
139 124 30
140 121 30
140 122 30
141 129 30
142 117 30
142 119 30
143 14 30
143 17 30
143 123 30
143 134 30
143 30 30
143 38 30
144 128 30
145 115 30
145 116 30
147 113 30
147 114 30
148 111 30
148 112 30
149 14 30
149 15 30
149 16 30
149 17 30
150 44 30
150 50 30
150 51 30
150 55 30
0 98 31
0 99 31
0 100 31
1 126 31
1 127 31
2 124 31
2 125 31
3 122 31
3 123 31
4 120 31
4 121 31
5 19 31
5 20 31
5 22 31
5 23 31
6 95 31
6 96 31
6 97 31
7 118 31
7 119 31
8 116 31
8 117 31
9 114 31
9 115 31
10 115 31
10 123 31
10 125 31
10 127 31
10 129 31
10 134 31
11 112 31
11 113 31
12 90 31
12 91 31
12 94 31
13 110 31
13 111 31
14 86 31
14 87 31
14 88 31
15 108 31
15 109 31
16 10 31
16 11 31
16 12 31
16 13 31
17 150 31
19 148 31
21 24 31
21 25 31
21 26 31
21 27 31
22 106 31
22 107 31
23 104 31
23 105 31
24 82 31
24 83 31
24 84 31
25 147 31
26 102 31
26 103 31
27 79 31
27 80 31
27 81 31
28 100 31
28 101 31
29 98 31
29 99 31
30 1 31
30 2 31
30 6 31
30 7 31
31 96 31
31 97 31
32 94 31
32 95 31
33 90 31
33 91 31
34 74 31
34 75 31
34 77 31
35 88 31
35 89 31
36 68 31
36 70 31
36 73 31
37 86 31
37 87 31
38 84 31
38 85 31
40 146 31
41 82 31
41 83 31
42 139 31
42 140 31
42 147 31
42 148 31
43 80 31
43 81 31
44 145 31
46 129 31
46 131 31
46 134 31
46 138 31
47 77 31
47 79 31
49 75 31
49 76 31
50 63 31
50 65 31
50 67 31
51 144 31
52 73 31
52 74 31
53 143 31
54 14 31
54 15 31
54 16 31
54 17 31
55 124 31
55 125 31
55 127 31
55 128 31
56 59 31
56 60 31
56 61 31
57 105 31
57 106 31
57 110 31
58 142 31
59 55 31
59 56 31
59 58 31
60 56 31
60 59 31
60 63 31
60 65 31
61 110 31
61 113 31
61 115 31
61 123 31
62 71 31
62 72 31
63 44 31
63 50 31
63 51 31
63 55 31
64 69 31
64 70 31
65 55 31
65 56 31
66 67 31
66 68 31
67 52 31
67 54 31
68 50 31
68 51 31
69 48 31
69 49 31
70 50 31
70 51 31
70 52 31
71 45 31
71 46 31
72 43 31
72 44 31
73 14 31
73 17 31
73 56 31
73 59 31
73 60 31
73 113 31
74 41 31
74 42 31
75 38 31
75 39 31
76 141 31
77 96 31
77 100 31
77 102 31
77 104 31
80 36 31
80 37 31
81 34 31
81 35 31
82 32 31
82 33 31
83 30 31
83 31 31
84 28 31
84 29 31
86 140 31
88 26 31
88 27 31
89 24 31
89 25 31
90 22 31
90 23 31
91 44 31
91 45 31
91 46 31
92 102 31
92 103 31
92 104 31
93 63 31
93 65 31
94 19 31
94 20 31
95 17 31
95 18 31
96 139 31
98 138 31
99 15 31
99 16 31
100 13 31
100 14 31
101 137 31
102 134 31
103 41 31
103 42 31
103 43 31
104 133 31
105 132 31
106 60 31
106 68 31
106 75 31
106 79 31
107 11 31
107 12 31
108 8 31
108 10 31
109 6 31
109 7 31
110 3 31
110 5 31
111 1 31
111 2 31
112 150 31
112 0 31
113 147 31
113 148 31
114 37 31
114 38 31
114 39 31
115 33 31
115 38 31
115 39 31
115 41 31
116 145 31
116 146 31
117 131 31
119 143 31
119 144 31
121 141 31
121 142 31
122 139 31
122 140 31
123 139 31
123 17 31
123 25 31
123 30 31
124 34 31
124 35 31
124 36 31
125 31 31
125 32 31
125 33 31
127 130 31
128 137 31
128 138 31
130 14 31
130 17 31
130 123 31
130 134 31
130 41 31
130 44 31
131 129 31
132 133 31
132 134 31
133 131 31
133 132 31
135 60 31
135 61 31
137 129 31
137 130 31
138 14 31
138 17 31
138 123 31
138 134 31
138 30 31
138 38 31
139 138 31
139 140 31
139 148 31
139 14 31
140 127 31
140 128 31
141 125 31
141 126 31
142 123 31
142 124 31
143 121 31
143 122 31
144 117 31
144 119 31
145 128 31
146 115 31
146 116 31
147 28 31
147 29 31
147 30 31
148 113 31
148 114 31
149 58 31
149 59 31
150 111 31
150 112 31
0 126 32
0 127 32
1 150 32
2 86 32
2 87 32
2 88 32
3 124 32
3 125 32
4 122 32
4 123 32
5 120 32
5 121 32
6 118 32
6 119 32
7 24 32
7 25 32
7 26 32
7 27 32
8 116 32
8 117 32
9 114 32
9 115 32
10 148 32
11 112 32
11 113 32
13 82 32
13 83 32
13 84 32
14 17 32
14 123 32
14 134 32
14 30 32
14 38 32
14 41 32
15 110 32
15 111 32
16 14 32
16 15 32
16 17 32
16 19 32
17 79 32
17 80 32
17 81 32
18 74 32
18 75 32
18 77 32
19 108 32
19 109 32
20 147 32
21 106 32
21 107 32
24 146 32
25 104 32
25 105 32
26 102 32
26 103 32
27 100 32
27 101 32
28 10 32
28 11 32
28 12 32
28 13 32
29 68 32
29 70 32
29 73 32
30 98 32
30 99 32
32 96 32
32 97 32
33 63 32
33 65 32
33 67 32
34 94 32
34 95 32
35 90 32
35 91 32
36 1 32
36 2 32
36 6 32
36 7 32
37 145 32
38 139 32
38 140 32
38 147 32
38 148 32
39 88 32
39 89 32
40 105 32
40 106 32
40 110 32
41 86 32
41 87 32
42 84 32
42 85 32
43 82 32
43 83 32
44 80 32
44 81 32
45 77 32
45 79 32
47 75 32
47 76 32
48 16 32
48 20 32
48 22 32
48 23 32
49 73 32
49 74 32
51 71 32
51 72 32
52 54 32
52 55 32
53 102 32
53 103 32
53 104 32
54 50 32
54 51 32
55 56 32
55 58 32
55 59 32
56 50 32
56 51 32
56 52 32
57 144 32
58 129 32
58 131 32
58 134 32
58 138 32
60 48 32
60 49 32
61 45 32
61 46 32
62 69 32
62 70 32
63 43 32
63 44 32
64 98 32
64 99 32
64 100 32
65 41 32
65 42 32
66 67 32
66 68 32
67 38 32
67 39 32
68 44 32
68 45 32
68 46 32
69 143 32
70 36 32
70 37 32
74 124 32
74 125 32
74 127 32
74 128 32
75 34 32
75 35 32
76 55 32
76 60 32
76 61 32
77 142 32
78 95 32
78 96 32
78 97 32
80 110 32
80 113 32
80 115 32
80 123 32
81 32 32
81 33 32
83 30 32
83 31 32
84 28 32
84 29 32
85 26 32
85 27 32
86 141 32
88 140 32
89 24 32
89 25 32
90 22 32
90 23 32
91 19 32
91 20 32
92 63 32
92 65 32
93 60 32
93 61 32
94 139 32
96 17 32
96 18 32
97 15 32
97 16 32
98 138 32
99 137 32
100 13 32
100 14 32
101 11 32
101 12 32
102 14 32
102 17 32
102 123 32
102 134 32
102 44 32
102 56 32
103 134 32
105 8 32
105 10 32
106 41 32
106 42 32
106 43 32
107 6 32
107 7 32
108 3 32
108 5 32
109 1 32
109 2 32
110 37 32
110 38 32
110 39 32
111 34 32
111 35 32
111 36 32
112 150 32
112 0 32
113 147 32
113 148 32
114 96 32
114 100 32
114 102 32
114 104 32
115 145 32
115 146 32
116 143 32
116 144 32
117 141 32
117 142 32
118 139 32
118 140 32
119 133 32
120 137 32
120 138 32
121 31 32
121 32 32
121 33 32
122 133 32
122 134 32
123 131 32
123 132 32
124 129 32
124 130 32
125 44 32
125 50 32
125 51 32
125 55 32
126 127 32
126 128 32
127 28 32
127 29 32
127 30 32
128 125 32
128 126 32
129 123 32
129 124 32
130 14 32
130 123 32
130 125 32
130 127 32
130 129 32
130 134 32
131 33 32
131 38 32
131 39 32
131 41 32
132 65 32
132 68 32
132 75 32
132 79 32
133 132 32
134 140 32
134 17 32
134 25 32
134 30 32
135 58 32
135 59 32
136 52 32
136 56 32
138 131 32
139 121 32
139 122 32
140 138 32
140 139 32
140 148 32
140 14 32
141 130 32
142 129 32
143 56 32
143 59 32
143 60 32
143 63 32
144 117 32
144 119 32
145 14 32
145 17 32
145 59 32
145 60 32
145 113 32
145 115 32
146 115 32
146 116 32
147 113 32
147 114 32
148 111 32
148 112 32
149 90 32
149 91 32
149 94 32
150 128 32
2 14 33
2 15 33
2 16 33
2 17 33
3 150 33
4 126 33
4 127 33
5 124 33
5 125 33
6 148 33
8 122 33
8 123 33
10 120 33
10 121 33
11 118 33
11 119 33
12 116 33
12 117 33
13 114 33
13 115 33
14 147 33
15 112 33
15 113 33
16 110 33
16 111 33
17 146 33
19 108 33
19 109 33
20 106 33
20 107 33
21 104 33
21 105 33
22 14 33
22 17 33
22 56 33
22 59 33
22 60 33
22 113 33
23 98 33
23 99 33
23 100 33
24 1 33
24 2 33
24 6 33
24 7 33
25 102 33
25 103 33
26 100 33
26 101 33
27 98 33
27 99 33
28 145 33
30 144 33
31 96 33
31 97 33
32 94 33
32 95 33
33 139 33
33 140 33
33 147 33
33 148 33
34 90 33
34 91 33
35 88 33
35 89 33
36 86 33
36 87 33
37 84 33
37 85 33
38 143 33
39 82 33
39 83 33
40 80 33
40 81 33
42 77 33
42 79 33
44 75 33
44 76 33
45 73 33
45 74 33
46 129 33
46 131 33
46 134 33
46 138 33
47 71 33
47 72 33
48 69 33
48 70 33
50 95 33
50 96 33
50 97 33
51 142 33
52 67 33
52 68 33
53 24 33
53 25 33
53 26 33
53 27 33
54 90 33
54 91 33
54 94 33
55 56 33
55 58 33
56 52 33
56 54 33
57 19 33
57 20 33
57 22 33
57 23 33
58 124 33
58 125 33
58 127 33
58 128 33
59 14 33
59 17 33
59 123 33
59 134 33
59 30 33
59 38 33
60 56 33
60 59 33
60 63 33
60 65 33
61 86 33
61 87 33
61 88 33
62 141 33
63 50 33
63 51 33
64 63 33
64 65 33
65 48 33
65 49 33
66 105 33
66 106 33
66 110 33
67 45 33
67 46 33
68 59 33
68 60 33
68 61 33
69 43 33
69 44 33
70 41 33
70 42 33
71 82 33
71 83 33
71 84 33
72 79 33
72 80 33
72 81 33
74 14 33
74 17 33
74 123 33
74 134 33
74 41 33
74 44 33
75 140 33
76 10 33
76 11 33
76 12 33
76 13 33
77 38 33
77 39 33
78 115 33
78 123 33
78 125 33
78 127 33
78 129 33
78 134 33
79 36 33
79 37 33
80 34 33
80 35 33
81 32 33
81 33 33
82 55 33
82 56 33
82 58 33
83 30 33
83 31 33
84 110 33
84 113 33
84 115 33
84 123 33
85 28 33
85 29 33
87 26 33
87 27 33
88 24 33
88 25 33
89 22 33
89 23 33
91 96 33
91 100 33
91 102 33
91 104 33
92 102 33
92 103 33
92 104 33
93 60 33
93 61 33
94 19 33
94 20 33
95 139 33
96 50 33
96 51 33
96 52 33
97 17 33
97 18 33
98 60 33
98 68 33
98 75 33
98 79 33
99 15 33
99 16 33
100 44 33
100 50 33
100 51 33
100 55 33
101 74 33
101 75 33
101 77 33
102 33 33
102 38 33
102 39 33
102 41 33
103 13 33
103 14 33
104 138 33
105 11 33
105 12 33
106 137 33
107 68 33
107 70 33
107 73 33
108 134 33
109 8 33
109 10 33
110 14 33
110 17 33
110 25 33
110 30 33
111 133 33
112 6 33
112 7 33
113 3 33
113 5 33
114 1 33
114 2 33
116 132 33
117 150 33
117 0 33
118 63 33
118 65 33
118 67 33
119 44 33
119 45 33
119 46 33
120 147 33
120 148 33
121 145 33
121 146 33
122 143 33
122 144 33
123 141 33
123 142 33
124 139 33
124 140 33
125 137 33
125 138 33
126 41 33
126 42 33
126 43 33
127 133 33
127 134 33
128 130 33
128 132 33
130 129 33
130 131 33
131 37 33
131 38 33
131 39 33
132 129 33
133 34 33
133 35 33
133 36 33
134 138 33
134 139 33
134 140 33
134 148 33
135 55 33
135 59 33
136 131 33
137 127 33
137 128 33
138 125 33
138 126 33
139 123 33
139 124 33
140 121 33
140 122 33
141 117 33
141 119 33
142 115 33
142 116 33
143 31 33
143 32 33
143 33 33
145 113 33
145 114 33
146 128 33
148 28 33
148 29 33
148 30 33
149 130 33
150 111 33
150 112 33
