34 130 36
39 116 36
62 115 36
101 48 36
104 46 36
146 33 36
35 130 41
82 116 41
104 115 41
105 48 41
122 46 41
132 33 41
15 103 42
55 102 42
62 101 42
68 69 42
74 58 42
107 11 42
10 129 56
12 128 56
17 127 56
54 110 56
56 109 56
71 108 56
79 19 56
79 20 56
95 110 56
95 18 56
146 108 56
146 109 56
13 129 58
23 19 58
23 20 58
76 110 58
76 18 58
107 108 58
107 109 58
113 128 58
118 127 58
131 110 58
133 109 58
146 108 58
14 140 59
26 139 59
32 134 59
52 132 59
81 131 59
89 116 59
93 104 59
108 103 59
113 97 59
116 66 59
124 68 59
141 67 59
0 145 73
1 144 73
6 143 73
12 142 73
14 136 73
16 135 73
20 133 73
23 131 73
24 130 73
36 23 73
36 24 73
39 129 73
43 95 73
43 10 73
59 128 73
65 118 73
66 117 73
83 80 73
84 64 73
88 116 73
90 115 73
92 95 73
93 25 73
106 93 73
107 84 73
110 83 73
118 80 73
118 81 73
138 82 73
149 81 73
17 129 75
20 128 75
44 127 75
45 19 75
45 20 75
59 110 75
68 110 75
68 18 75
70 109 75
80 108 75
113 108 75
113 109 75
9 140 76
14 139 76
15 134 76
43 132 76
54 131 76
57 116 76
83 104 76
89 103 76
121 97 76
126 68 76
131 66 76
146 67 76
3 140 77
9 139 77
48 134 77
69 132 77
73 131 77
80 116 77
92 104 77
93 103 77
99 97 77
105 68 77
136 67 77
147 66 77
6 149 80
8 143 80
10 141 80
13 140 80
21 139 80
36 138 80
41 137 80
42 136 80
44 21 80
49 135 80
52 6 80
52 7 80
54 134 80
57 91 80
66 90 80
73 85 80
91 10 80
93 78 80
94 76 80
100 69 80
108 51 80
111 44 80
113 32 80
114 149 80
114 0 80
131 76 80
131 78 80
140 8 80
145 27 80
146 25 80
18 145 82
20 144 82
31 143 82
41 142 82
42 136 82
58 135 82
64 133 82
73 23 82
73 24 82
75 95 82
75 10 82
76 131 82
89 130 82
94 80 82
94 81 82
99 129 82
100 128 82
101 118 82
102 117 82
108 116 82
110 115 82
112 95 82
120 93 82
123 84 82
128 64 82
130 25 82
132 83 82
141 82 82
147 81 82
150 80 82
4 149 86
12 143 86
13 141 86
25 140 86
33 6 86
33 7 86
36 139 86
39 138 86
49 137 86
52 136 86
53 135 86
55 134 86
61 91 86
65 90 86
69 25 86
71 85 86
73 78 86
76 21 86
82 76 86
84 69 86
88 51 86
94 149 86
94 0 86
113 44 86
125 32 86
128 76 86
128 78 86
138 10 86
141 8 86
147 27 86
5 130 89
7 116 89
50 115 89
54 48 89
133 46 89
145 33 89
8 131 90
10 130 90
11 129 90
14 114 90
15 106 90
21 102 90
49 98 90
53 96 90
57 95 90
62 88 90
68 82 90
70 81 90
73 80 90
79 78 90
86 77 90
91 76 90
96 2 90
100 50 90
104 40 90
106 1 90
121 29 90
122 20 90
135 16 90
149 13 90
7 130 91
14 116 91
37 115 91
44 48 91
68 46 91
143 33 91
6 149 92
9 143 92
10 141 92
13 140 92
33 6 92
33 7 92
47 139 92
49 138 92
59 137 92
66 136 92
73 135 92
76 25 92
78 76 92
78 149 92
85 21 92
91 10 92
98 134 92
99 91 92
102 90 92
103 85 92
105 78 92
106 76 92
114 69 92
117 51 92
119 44 92
120 32 92
126 78 92
126 0 92
132 27 92
137 8 92
0 16 94
0 17 94
127 17 94
127 15 94
145 15 94
145 16 94
13 129 96
24 128 96
49 127 96
61 19 96
61 20 96
65 110 96
65 18 96
82 110 96
83 109 96
118 108 96
118 109 96
123 108 96
11 140 97
36 139 97
44 134 97
57 132 97
60 131 97
67 68 97
99 116 97
100 104 97
103 66 97
113 103 97
147 97 97
150 67 97
1 131 98
2 130 98
8 129 98
11 114 98
12 106 98
15 102 98
17 98 98
30 96 98
38 95 98
52 88 98
55 82 98
68 81 98
71 80 98
81 13 98
85 78 98
103 77 98
105 76 98
110 50 98
113 40 98
119 29 98
130 2 98
131 1 98
141 20 98
149 16 98
35 130 100
53 116 100
72 115 100
81 48 100
120 46 100
146 33 100
2 149 102
9 143 102
18 141 102
19 140 102
20 139 102
34 138 102
35 137 102
42 136 102
49 135 102
60 134 102
66 91 102
67 90 102
74 85 102
76 78 102
76 149 102
77 78 102
79 76 102
101 69 102
104 51 102
115 44 102
122 32 102
125 27 102
129 25 102
132 6 102
132 7 102
133 21 102
137 10 102
139 76 102
139 0 102
140 8 102
0 150 105
2 144 105
5 143 105
6 140 105
7 136 105
8 135 105
9 133 105
10 132 105
11 131 105
12 127 105
15 126 105
16 125 105
18 124 105
19 123 105
22 122 105
23 121 105
24 120 105
25 119 105
26 117 105
28 116 105
29 115 105
30 114 105
31 113 105
33 112 105
34 111 105
37 110 105
38 104 105
39 102 105
40 101 105
42 100 105
43 99 105
51 98 105
52 6 105
52 7 105
56 97 105
57 96 105
60 95 105
61 75 105
62 94 105
65 93 105
69 92 105
71 91 105
72 89 105
80 0 105
80 4 105
82 60 105
83 88 105
85 56 105
86 55 105
87 54 105
91 52 105
92 51 105
94 49 105
97 48 105
98 47 105
99 46 105
100 44 105
102 43 105
103 87 105
104 41 105
106 86 105
112 40 105
113 36 105
114 35 105
115 30 105
117 29 105
118 85 105
120 26 105
121 89 105
121 113 105
122 24 105
123 22 105
125 20 105
126 17 105
127 16 105
128 84 105
129 82 105
132 15 105
133 87 105
133 88 105
136 14 105
138 81 105
140 13 105
143 9 105
143 56 105
144 12 105
145 9 105
145 11 105
148 80 105
149 61 105
0 131 106
10 130 106
16 129 106
24 127 106
26 124 106
27 119 106
28 118 106
34 117 106
35 2 106
35 9 106
39 116 106
41 115 106
43 114 106
50 111 106
51 109 106
52 102 106
59 96 106
63 53 106
66 95 106
68 89 106
69 45 106
72 42 106
76 95 106
76 1 106
81 41 106
91 88 106
92 87 106
93 84 106
98 82 106
99 81 106
102 34 106
106 80 106
107 78 106
109 27 106
110 77 106
111 26 106
116 25 106
117 23 106
127 16 106
132 72 106
137 71 106
138 69 106
141 67 106
145 64 106
146 53 106
146 77 106
149 63 106
150 56 106
1 131 107
24 130 107
25 129 107
30 114 107
38 106 107
45 102 107
54 98 107
59 96 107
62 95 107
72 88 107
81 13 107
84 82 107
91 81 107
103 80 107
111 78 107
114 2 107
119 77 107
122 76 107
124 50 107
131 1 107
137 40 107
139 29 107
146 20 107
147 16 107
1 131 108
15 130 108
20 13 108
22 129 108
24 114 108
31 106 108
38 102 108
49 98 108
51 96 108
56 95 108
60 88 108
63 82 108
70 81 108
72 80 108
81 2 108
83 78 108
100 77 108
120 76 108
126 50 108
127 40 108
131 1 108
133 29 108
139 20 108
141 16 108
3 131 109
6 2 109
6 9 109
7 130 109
10 129 109
11 127 109
14 124 109
15 119 109
24 118 109
25 117 109
29 116 109
33 115 109
34 114 109
40 111 109
49 109 109
54 102 109
55 96 109
58 95 109
59 89 109
61 88 109
62 87 109
63 34 109
64 27 109
65 84 109
68 82 109
80 26 109
86 81 109
88 95 109
88 1 109
90 80 109
93 78 109
100 77 109
116 25 109
119 23 109
120 72 109
125 71 109
126 69 109
128 67 109
129 16 109
130 53 109
130 77 109
132 64 109
134 63 109
143 56 109
144 53 109
147 45 109
149 42 109
150 41 109
12 16 113
12 17 113
26 17 113
26 15 113
127 15 113
127 16 113
0 103 114
25 102 114
67 101 114
97 69 114
146 58 114
150 11 114
4 113 115
4 127 115
5 150 115
8 148 115
12 147 115
16 107 115
16 108 115
18 146 115
19 9 115
19 18 115
21 145 115
22 4 115
22 6 115
24 22 115
24 23 115
25 143 115
26 18 115
26 19 115
29 142 115
31 139 115
33 138 115
34 136 115
37 16 115
37 17 115
38 135 115
41 133 115
42 132 115
43 10 115
43 15 115
45 131 115
46 129 115
47 128 115
51 127 115
52 126 115
53 8 115
53 9 115
54 6 115
54 7 115
55 125 115
56 122 115
57 121 115
58 4 115
58 5 115
59 120 115
60 119 115
61 118 115
65 2 115
65 3 115
66 117 115
69 66 115
71 62 115
72 56 115
72 91 115
73 115 115
74 61 115
76 113 115
78 110 115
80 60 115
81 108 115
83 0 115
83 1 115
84 107 115
86 106 115
88 105 115
89 56 115
91 55 115
94 102 115
95 52 115
96 99 115
98 95 115
101 91 115
105 51 115
107 1 115
107 2 115
110 50 115
111 90 115
112 89 115
115 41 115
115 55 115
118 47 115
119 46 115
123 80 115
124 79 115
125 45 115
127 42 115
129 23 115
129 39 115
132 41 115
133 40 115
134 74 115
137 72 115
138 39 115
139 38 115
140 71 115
141 70 115
142 36 115
143 30 115
146 27 115
148 25 115
149 69 115
150 19 115
150 22 115
3 150 116
4 144 116
7 143 116
8 140 116
9 136 116
10 135 116
11 0 116
11 4 116
12 133 116
13 132 116
14 131 116
19 127 116
20 126 116
21 9 116
21 11 116
22 125 116
24 124 116
25 123 116
26 122 116
27 121 116
28 120 116
31 119 116
32 117 116
34 116 116
35 115 116
37 114 116
39 113 116
40 112 116
42 111 116
43 110 116
44 104 116
45 102 116
49 101 116
50 100 116
55 56 116
56 54 116
59 99 116
60 52 116
61 51 116
62 98 116
63 97 116
64 96 116
65 95 116
66 94 116
67 93 116
68 92 116
69 91 116
71 89 116
72 88 116
79 87 116
80 49 116
81 48 116
85 47 116
89 46 116
91 44 116
95 89 116
95 113 116
100 43 116
101 41 116
102 40 116
104 87 116
104 88 116
105 86 116
106 6 116
106 7 116
108 85 116
112 36 116
115 35 116
119 9 116
119 56 116
120 30 116
122 29 116
123 26 116
124 24 116
126 22 116
127 20 116
128 84 116
129 82 116
130 81 116
134 80 116
135 17 116
136 16 116
139 75 116
140 15 116
141 61 116
143 14 116
144 13 116
147 60 116
148 55 116
150 12 116
1 150 117
3 113 117
3 127 117
5 148 117
6 147 117
9 146 117
11 22 117
11 23 117
12 145 117
14 143 117
15 142 117
17 107 117
17 108 117
18 139 117
19 138 117
20 18 117
20 19 117
22 136 117
24 16 117
24 17 117
25 135 117
26 133 117
29 132 117
33 131 117
34 10 117
34 15 117
35 129 117
38 128 117
39 9 117
39 18 117
42 127 117
44 126 117
45 125 117
47 56 117
47 91 117
49 122 117
50 121 117
52 120 117
53 119 117
54 118 117
56 117 117
57 8 117
57 9 117
59 115 117
60 41 117
60 55 117
63 113 117
65 110 117
66 69 117
67 108 117
72 62 117
74 61 117
81 107 117
84 106 117
85 105 117
87 102 117
90 60 117
92 99 117
93 95 117
94 91 117
96 90 117
97 89 117
99 23 117
99 39 117
102 56 117
103 80 117
106 55 117
107 4 117
107 6 117
108 1 117
108 2 117
109 6 117
109 7 117
110 52 117
112 79 117
114 4 117
114 5 117
116 2 117
116 3 117
118 19 117
118 22 117
122 51 117
123 74 117
125 50 117
126 47 117
130 72 117
131 46 117
132 45 117
133 42 117
134 71 117
136 41 117
137 0 117
137 1 117
138 40 117
139 39 117
140 70 117
143 38 117
144 66 117
145 36 117
147 30 117
148 27 117
150 25 117
0 150 118
2 144 118
3 143 118
5 140 118
6 136 118
10 135 118
12 133 118
14 132 118
15 89 118
15 113 118
16 131 118
18 127 118
19 126 118
21 125 118
26 124 118
28 123 118
29 122 118
31 121 118
32 120 118
33 119 118
34 9 118
34 11 118
35 117 118
36 116 118
38 115 118
40 114 118
49 113 118
50 112 118
52 111 118
54 110 118
55 104 118
56 102 118
58 101 118
61 75 118
63 6 118
63 7 118
64 100 118
65 99 118
68 98 118
70 97 118
71 96 118
75 60 118
77 0 118
77 4 118
78 95 118
79 94 118
80 56 118
81 55 118
83 93 118
84 54 118
85 52 118
88 51 118
89 49 118
94 48 118
95 47 118
96 46 118
97 44 118
101 43 118
103 92 118
104 41 118
105 91 118
107 89 118
108 88 118
109 87 118
110 40 118
112 36 118
114 35 118
115 30 118
116 29 118
117 87 118
117 88 118
119 26 118
120 24 118
121 22 118
122 20 118
123 17 118
126 16 118
127 15 118
130 86 118
131 14 118
133 13 118
134 85 118
136 9 118
136 56 118
139 84 118
141 82 118
142 81 118
148 80 118
149 61 118
150 12 118
56 130 119
59 116 119
68 115 119
72 48 119
84 46 119
102 33 119
40 16 120
40 17 120
74 17 120
74 15 120
112 15 120
112 16 120
0 150 121
3 144 121
6 143 121
7 140 121
10 136 121
12 6 121
12 7 121
17 0 121
17 4 121
18 135 121
19 133 121
20 132 121
23 131 121
24 127 121
25 126 121
27 125 121
29 89 121
29 113 121
30 124 121
31 123 121
32 122 121
33 121 121
34 120 121
36 119 121
38 117 121
39 116 121
41 115 121
43 114 121
44 113 121
45 112 121
48 111 121
49 110 121
51 104 121
52 54 121
53 102 121
55 51 121
57 101 121
58 100 121
59 99 121
60 49 121
61 48 121
63 98 121
64 97 121
66 96 121
67 95 121
68 94 121
70 93 121
71 92 121
72 91 121
76 9 121
76 11 121
77 89 121
79 88 121
80 47 121
81 87 121
81 88 121
82 46 121
83 87 121
88 9 121
88 56 121
90 86 121
91 44 121
93 43 121
99 41 121
103 85 121
105 84 121
107 82 121
108 81 121
111 40 121
112 36 121
115 35 121
116 30 121
117 29 121
118 80 121
119 26 121
120 24 121
121 22 121
123 20 121
126 17 121
127 16 121
131 15 121
132 14 121
134 75 121
135 13 121
138 61 121
143 12 121
145 60 121
146 56 121
148 55 121
149 52 121
1 150 122
2 144 122
4 143 122
6 140 122
8 136 122
9 135 122
10 133 122
11 132 122
14 6 122
14 7 122
20 131 122
21 127 122
22 126 122
23 125 122
25 124 122
26 123 122
27 122 122
29 121 122
32 120 122
36 119 122
40 117 122
41 116 122
43 115 122
44 114 122
45 113 122
47 112 122
49 111 122
50 110 122
51 104 122
52 102 122
59 101 122
60 100 122
61 60 122
62 99 122
63 98 122
64 97 122
66 96 122
68 95 122
69 94 122
70 93 122
71 92 122
72 91 122
75 56 122
82 55 122
83 89 122
84 54 122
85 52 122
86 51 122
87 49 122
91 48 122
93 47 122
94 46 122
95 44 122
96 43 122
97 0 122
97 4 122
100 41 122
103 88 122
104 40 122
105 87 122
107 86 122
108 85 122
111 36 122
113 9 122
113 56 122
114 35 122
115 30 122
117 29 122
120 26 122
121 24 122
122 22 122
123 20 122
124 17 122
126 89 122
126 113 122
127 16 122
132 15 122
133 14 122
136 13 122
138 84 122
139 82 122
140 87 122
140 88 122
141 9 122
141 11 122
142 81 122
145 80 122
146 75 122
149 61 122
150 12 122
0 149 123
3 143 123
7 76 123
7 78 123
26 141 123
28 140 123
30 139 123
31 138 123
37 137 123
43 136 123
50 135 123
52 134 123
60 91 123
61 6 123
61 7 123
69 10 123
71 90 123
88 149 123
88 0 123
96 85 123
115 78 123
117 76 123
121 69 123
122 51 123
125 44 123
130 32 123
131 27 123
132 25 123
142 21 123
149 8 123
1 150 124
4 148 124
5 147 124
7 146 124
10 145 124
11 22 124
11 23 124
12 143 124
13 142 124
15 139 124
17 138 124
18 136 124
23 135 124
25 133 124
26 132 124
27 131 124
28 129 124
29 128 124
30 127 124
31 126 124
35 125 124
37 122 124
38 6 124
38 7 124
39 121 124
41 9 124
41 18 124
42 4 124
42 5 124
44 120 124
45 2 124
45 3 124
46 119 124
47 118 124
51 117 124
54 115 124
55 4 124
55 6 124
60 113 124
61 0 124
61 1 124
62 110 124
64 18 124
64 19 124
67 108 124
69 62 124
70 61 124
71 60 124
72 56 124
73 107 124
74 113 124
74 127 124
75 106 124
76 105 124
78 102 124
79 107 124
79 108 124
81 99 124
82 95 124
83 16 124
83 17 124
89 55 124
90 52 124
91 51 124
93 91 124
96 10 124
96 15 124
97 8 124
97 9 124
98 90 124
99 56 124
99 91 124
103 89 124
104 80 124
105 50 124
107 47 124
109 79 124
110 46 124
116 74 124
117 45 124
119 42 124
120 41 124
121 40 124
122 39 124
125 38 124
127 1 124
127 2 124
129 41 124
129 55 124
130 72 124
132 23 124
132 39 124
134 71 124
135 36 124
136 30 124
139 19 124
139 22 124
141 70 124
144 69 124
145 27 124
149 66 124
150 25 124
3 150 125
4 144 125
6 7 125
6 9 125
8 143 125
9 140 125
12 136 125
13 135 125
15 133 125
16 132 125
17 131 125
19 127 125
20 126 125
22 125 125
23 124 125
26 123 125
27 122 125
30 121 125
31 120 125
32 119 125
33 117 125
34 116 125
35 115 125
36 114 125
38 113 125
39 112 125
40 111 125
43 0 125
43 4 125
47 110 125
50 104 125
55 102 125
60 56 125
62 101 125
63 100 125
65 99 125
66 98 125
67 97 125
68 96 125
70 6 125
70 11 125
71 95 125
72 94 125
73 93 125
74 92 125
75 89 125
75 113 125
76 91 125
77 89 125
78 88 125
79 87 125
80 55 125
81 54 125
84 52 125
85 51 125
86 49 125
87 48 125
88 47 125
89 46 125
90 86 125
94 44 125
95 87 125
95 88 125
97 43 125
98 41 125
104 40 125
105 85 125
109 84 125
110 36 125
112 35 125
114 30 125
115 29 125
117 26 125
118 82 125
120 24 125
125 22 125
127 20 125
129 81 125
132 9 125
132 56 125
133 17 125
135 16 125
138 80 125
140 15 125
142 75 125
143 14 125
144 13 125
148 61 125
149 60 125
150 12 125
1 150 126
3 9 126
3 11 126
5 144 126
6 143 126
8 140 126
11 136 126
13 135 126
15 133 126
16 132 126
17 131 126
19 6 126
19 7 126
21 127 126
23 126 126
26 125 126
28 124 126
29 123 126
32 122 126
34 121 126
36 120 126
37 119 126
42 117 126
43 116 126
44 115 126
45 114 126
46 113 126
47 87 126
47 88 126
48 112 126
50 111 126
52 110 126
53 104 126
55 102 126
56 101 126
60 61 126
61 56 126
63 100 126
67 99 126
68 0 126
68 4 126
69 98 126
70 97 126
71 96 126
73 95 126
75 55 126
78 94 126
79 93 126
81 54 126
83 92 126
84 52 126
85 51 126
87 49 126
89 48 126
91 47 126
93 46 126
96 44 126
98 43 126
103 91 126
105 89 126
107 88 126
110 9 126
110 56 126
111 41 126
112 40 126
113 36 126
114 35 126
115 30 126
116 29 126
117 26 126
119 24 126
120 22 126
122 20 126
126 17 126
128 87 126
129 86 126
130 85 126
133 16 126
134 84 126
136 15 126
137 82 126
140 14 126
141 81 126
142 80 126
144 13 126
145 75 126
146 89 126
146 113 126
147 60 126
150 12 126
0 150 127
3 148 127
4 147 127
10 146 127
11 145 127
12 143 127
14 142 127
15 107 127
15 108 127
17 139 127
19 138 127
20 22 127
20 23 127
21 136 127
22 135 127
27 133 127
28 132 127
31 131 127
34 129 127
35 18 127
35 19 127
37 128 127
39 127 127
40 126 127
41 125 127
42 122 127
45 121 127
46 120 127
47 119 127
48 118 127
49 117 127
50 115 127
52 113 127
53 110 127
55 4 127
55 6 127
56 1 127
56 2 127
58 16 127
58 17 127
61 108 127
63 107 127
67 106 127
68 105 127
71 70 127
73 102 127
74 69 127
76 99 127
79 66 127
83 10 127
83 15 127
86 95 127
94 8 127
94 9 127
95 62 127
98 91 127
100 6 127
100 7 127
101 4 127
101 5 127
102 61 127
105 56 127
105 91 127
106 60 127
108 56 127
110 41 127
110 55 127
112 90 127
113 55 127
114 89 127
115 52 127
118 51 127
120 50 127
121 47 127
124 80 127
125 46 127
126 45 127
127 42 127
129 41 127
130 79 127
132 40 127
133 39 127
134 2 127
134 3 127
135 23 127
135 39 127
136 19 127
136 22 127
137 74 127
138 38 127
139 36 127
140 0 127
140 1 127
141 72 127
142 30 127
144 113 127
144 127 127
145 27 127
147 25 127
148 9 127
148 18 127
149 71 127
0 150 128
2 148 128
10 147 128
14 146 128
16 145 128
18 9 128
18 19 128
19 143 128
20 22 128
20 23 128
21 142 128
22 139 128
27 138 128
29 136 128
30 135 128
31 133 128
34 18 128
34 19 128
35 132 128
38 131 128
39 4 128
39 6 128
40 129 128
43 128 128
46 127 128
47 126 128
50 113 128
50 127 128
54 125 128
55 1 128
55 2 128
57 122 128
60 121 128
61 120 128
64 16 128
64 17 128
65 119 128
66 118 128
67 10 128
67 15 128
72 74 128
73 117 128
75 115 128
79 71 128
80 70 128
83 8 128
83 9 128
84 113 128
85 110 128
86 108 128
90 69 128
91 66 128
92 107 128
93 6 128
93 7 128
96 106 128
97 105 128
99 107 128
99 108 128
102 62 128
103 102 128
104 99 128
105 61 128
106 56 128
106 91 128
107 60 128
108 56 128
109 95 128
110 55 128
111 91 128
113 52 128
114 4 128
114 5 128
115 51 128
116 90 128
117 50 128
118 47 128
119 46 128
120 45 128
121 42 128
123 89 128
126 41 128
126 55 128
127 41 128
131 40 128
132 39 128
133 23 128
133 39 128
134 2 128
134 3 128
135 38 128
136 36 128
137 0 128
137 1 128
141 80 128
142 30 128
143 27 128
144 79 128
147 18 128
147 22 128
148 25 128
149 72 128
1 150 129
5 144 129
6 0 129
6 4 129
7 143 129
8 140 129
9 136 129
10 135 129
11 133 129
14 132 129
15 131 129
16 127 129
18 126 129
19 125 129
20 124 129
21 123 129
22 122 129
26 121 129
27 120 129
29 119 129
31 117 129
38 116 129
41 115 129
45 114 129
46 113 129
47 112 129
48 111 129
53 110 129
54 104 129
55 56 129
57 102 129
59 101 129
62 100 129
64 99 129
65 98 129
66 97 129
68 96 129
69 95 129
71 94 129
72 93 129
75 54 129
76 92 129
78 91 129
83 89 129
84 52 129
85 51 129
86 49 129
87 48 129
89 47 129
91 46 129
93 44 129
94 43 129
95 41 129
98 40 129
99 36 129
100 35 129
101 30 129
102 29 129
103 88 129
105 87 129
106 86 129
109 85 129
110 26 129
111 24 129
112 89 129
112 113 129
113 22 129
116 20 129
120 17 129
121 16 129
123 15 129
127 87 129
127 88 129
128 84 129
129 82 129
132 14 129
133 13 129
134 81 129
135 9 129
135 56 129
137 80 129
138 75 129
141 9 129
141 11 129
142 61 129
145 60 129
146 55 129
148 6 129
148 7 129
150 12 129
0 150 130
2 144 130
3 143 130
5 140 130
7 136 130
8 135 130
11 133 130
12 132 130
13 131 130
14 127 130
15 126 130
18 125 130
19 124 130
20 123 130
21 122 130
22 121 130
23 120 130
24 119 130
25 117 130
27 9 130
27 11 130
28 116 130
31 115 130
33 114 130
35 113 130
39 112 130
40 111 130
43 110 130
46 104 130
47 102 130
49 101 130
51 100 130
52 99 130
54 98 130
56 60 130
59 97 130
62 96 130
64 95 130
66 94 130
67 93 130
68 92 130
71 91 130
73 89 130
75 55 130
76 6 130
76 7 130
77 88 130
81 54 130
85 52 130
86 51 130
87 49 130
89 48 130
90 87 130
91 47 130
93 46 130
95 44 130
96 43 130
98 89 130
98 113 130
99 41 130
101 40 130
102 87 130
102 88 130
104 36 130
105 86 130
107 85 130
108 84 130
109 82 130
111 35 130
117 30 130
119 29 130
120 26 130
121 9 130
121 56 130
123 24 130
127 22 130
130 81 130
131 20 130
132 17 130
134 80 130
135 16 130
136 15 130
139 75 130
140 14 130
141 0 130
141 4 130
142 61 130
143 13 130
145 56 130
150 12 130
1 22 131
1 23 131
2 150 131
3 18 131
3 19 131
4 2 131
4 3 131
7 148 131
8 0 131
8 1 131
10 113 131
10 127 131
12 147 131
16 146 131
30 145 131
32 143 131
33 142 131
38 139 131
39 9 131
39 18 131
40 138 131
41 136 131
42 135 131
43 133 131
44 16 131
44 17 131
47 132 131
49 131 131
51 107 131
51 108 131
52 56 131
52 91 131
53 129 131
54 10 131
54 15 131
55 4 131
55 6 131
58 128 131
59 127 131
61 126 131
62 125 131
66 41 131
66 55 131
67 122 131
68 121 131
69 120 131
70 119 131
72 23 131
72 39 131
74 70 131
75 118 131
76 117 131
79 69 131
80 66 131
81 8 131
81 9 131
82 115 131
83 113 131
84 110 131
85 6 131
85 7 131
87 108 131
89 62 131
90 19 131
90 22 131
91 61 131
92 107 131
93 106 131
94 105 131
95 60 131
96 102 131
97 99 131
100 95 131
102 56 131
103 91 131
106 55 131
108 52 131
112 4 131
112 5 131
113 1 131
113 2 131
114 90 131
117 51 131
121 50 131
122 47 131
123 89 131
124 80 131
125 46 131
126 45 131
129 42 131
130 79 131
131 41 131
132 40 131
134 74 131
136 39 131
141 72 131
142 38 131
143 36 131
144 71 131
145 30 131
147 27 131
148 25 131
0 131 132
1 130 132
3 129 132
8 114 132
26 106 132
35 102 132
37 98 132
46 96 132
51 95 132
54 88 132
57 82 132
66 81 132
71 80 132
82 2 132
85 78 132
88 1 132
103 77 132
104 76 132
108 50 132
112 40 132
122 29 132
123 20 132
136 16 132
137 13 132
27 129 133
77 128 133
78 127 133
90 19 133
90 20 133
113 110 133
113 18 133
129 108 133
129 109 133
131 110 133
136 109 133
140 108 133
0 150 134
1 148 134
3 113 134
3 127 134
4 147 134
5 146 134
6 145 134
7 143 134
10 142 134
13 139 134
14 138 134
15 107 134
15 108 134
16 136 134
20 22 134
20 23 134
21 135 134
25 133 134
28 132 134
29 131 134
30 129 134
31 128 134
32 127 134
33 126 134
34 125 134
35 122 134
38 56 134
38 91 134
44 121 134
47 41 134
47 55 134
48 120 134
49 119 134
50 118 134
51 117 134
52 115 134
55 113 134
56 1 134
56 2 134
57 110 134
61 108 134
63 107 134
65 106 134
66 61 134
70 23 134
70 39 134
72 60 134
73 105 134
75 102 134
76 99 134
78 18 134
78 19 134
81 16 134
81 17 134
82 95 134
84 10 134
84 15 134
86 8 134
86 9 134
90 56 134
92 91 134
94 90 134
96 89 134
97 80 134
98 79 134
99 55 134
100 6 134
100 7 134
103 74 134
104 4 134
104 5 134
107 52 134
109 72 134
110 51 134
113 50 134
117 47 134
120 46 134
121 19 134
121 22 134
122 45 134
123 71 134
126 9 134
126 18 134
127 42 134
128 41 134
130 70 134
134 69 134
135 4 134
135 6 134
136 40 134
138 39 134
140 66 134
141 62 134
144 2 134
144 3 134
145 38 134
146 36 134
147 30 134
148 27 134
149 0 134
149 1 134
150 25 134
5 103 136
98 102 136
114 101 136
125 69 136
142 58 136
144 11 136
0 131 138
5 130 138
7 129 138
31 114 138
36 106 138
37 102 138
50 13 138
61 98 138
62 96 138
64 95 138
73 88 138
74 82 138
84 81 138
93 80 138
100 78 138
111 77 138
114 2 138
115 76 138
118 50 138
127 40 138
129 1 138
140 29 138
145 20 138
146 16 138
0 131 139
6 130 139
8 129 139
12 127 139
18 124 139
20 119 139
21 118 139
24 117 139
25 116 139
29 115 139
31 114 139
33 111 139
35 109 139
41 102 139
44 96 139
47 95 139
51 89 139
52 88 139
58 87 139
64 42 139
68 2 139
68 9 139
69 41 139
71 34 139
80 27 139
85 84 139
86 82 139
90 81 139
94 80 139
95 26 139
97 78 139
100 77 139
101 95 139
101 1 139
103 72 139
104 71 139
107 69 139
109 25 139
113 67 139
116 23 139
120 64 139
124 16 139
136 63 139
138 56 139
143 53 139
146 53 139
146 77 139
148 45 139
31 16 140
31 17 140
114 17 140
114 15 140
142 15 140
142 16 140
7 23 141
7 24 141
13 145 141
19 144 141
20 143 141
21 142 141
32 136 141
35 135 141
46 133 141
53 131 141
54 130 141
57 129 141
58 128 141
61 95 141
61 10 141
86 118 141
90 117 141
92 116 141
109 115 141
110 95 141
115 81 141
119 80 141
119 81 141
124 93 141
128 80 141
132 84 141
133 64 141
135 25 141
138 83 141
139 82 141
0 150 142
3 144 142
6 143 142
9 140 142
11 136 142
12 135 142
13 133 142
15 132 142
17 131 142
20 127 142
21 126 142
23 125 142
24 124 142
25 123 142
26 122 142
30 0 142
30 4 142
31 121 142
32 120 142
33 119 142
34 117 142
35 116 142
37 115 142
39 114 142
40 113 142
42 112 142
44 111 142
45 110 142
46 104 142
47 102 142
49 89 142
49 113 142
51 87 142
51 88 142
53 101 142
55 56 142
57 100 142
59 99 142
61 54 142
62 98 142
65 97 142
66 96 142
67 95 142
68 94 142
71 93 142
75 52 142
76 92 142
77 91 142
78 9 142
78 11 142
80 51 142
81 49 142
83 89 142
84 48 142
85 47 142
90 88 142
93 46 142
97 44 142
98 43 142
103 87 142
105 86 142
106 85 142
108 6 142
108 7 142
110 41 142
111 40 142
112 36 142
113 35 142
115 30 142
118 84 142
119 29 142
120 9 142
120 56 142
122 26 142
123 24 142
127 22 142
130 82 142
131 20 142
133 17 142
134 81 142
135 16 142
136 15 142
137 80 142
140 14 142
141 75 142
142 61 142
144 13 142
145 60 142
149 55 142
150 12 142
87 16 155
87 17 155
106 17 155
106 15 155
121 15 155
121 16 155
